1.951292E+2	0.000000E+0
1.953960E+2	0.000000E+0
1.956629E+2	0.000000E+0
1.959298E+2	0.000000E+0
1.961966E+2	0.000000E+0
1.964635E+2	0.000000E+0
1.967303E+2	0.000000E+0
1.969972E+2	0.000000E+0
1.972640E+2	0.000000E+0
1.975308E+2	0.000000E+0
1.977977E+2	0.000000E+0
1.980645E+2	0.000000E+0
1.983313E+2	0.000000E+0
1.985981E+2	0.000000E+0
1.988649E+2	0.000000E+0
1.991316E+2	0.000000E+0
1.993984E+2	0.000000E+0
1.996652E+2	0.000000E+0
1.999320E+2	0.000000E+0
2.001987E+2	0.000000E+0
2.004655E+2	0.000000E+0
2.007322E+2	0.000000E+0
2.009989E+2	0.000000E+0
2.012657E+2	0.000000E+0
2.015324E+2	0.000000E+0
2.017991E+2	0.000000E+0
2.020658E+2	0.000000E+0
2.023325E+2	0.000000E+0
2.025992E+2	0.000000E+0
2.028659E+2	0.000000E+0
2.031326E+2	0.000000E+0
2.033992E+2	0.000000E+0
2.036659E+2	0.000000E+0
2.039325E+2	0.000000E+0
2.041992E+2	0.000000E+0
2.044658E+2	0.000000E+0
2.047325E+2	0.000000E+0
2.049991E+2	0.000000E+0
2.052657E+2	0.000000E+0
2.055323E+2	0.000000E+0
2.057989E+2	0.000000E+0
2.060655E+2	0.000000E+0
2.063321E+2	0.000000E+0
2.065987E+2	0.000000E+0
2.068653E+2	0.000000E+0
2.071319E+2	0.000000E+0
2.073984E+2	0.000000E+0
2.076650E+2	0.000000E+0
2.079315E+2	0.000000E+0
2.081981E+2	0.000000E+0
2.084646E+2	0.000000E+0
2.087311E+2	0.000000E+0
2.089977E+2	0.000000E+0
2.092642E+2	0.000000E+0
2.095307E+2	0.000000E+0
2.097972E+2	0.000000E+0
2.100637E+2	0.000000E+0
2.103302E+2	0.000000E+0
2.105966E+2	0.000000E+0
2.108631E+2	0.000000E+0
2.111296E+2	0.000000E+0
2.113960E+2	0.000000E+0
2.116625E+2	0.000000E+0
2.119289E+2	0.000000E+0
2.121954E+2	0.000000E+0
2.124618E+2	0.000000E+0
2.127282E+2	0.000000E+0
2.129946E+2	0.000000E+0
2.132610E+2	0.000000E+0
2.135274E+2	0.000000E+0
2.137938E+2	0.000000E+0
2.140602E+2	0.000000E+0
2.143266E+2	0.000000E+0
2.145930E+2	0.000000E+0
2.148593E+2	0.000000E+0
2.151257E+2	0.000000E+0
2.153920E+2	0.000000E+0
2.156584E+2	0.000000E+0
2.159247E+2	0.000000E+0
2.161910E+2	0.000000E+0
2.164574E+2	0.000000E+0
2.167237E+2	0.000000E+0
2.169900E+2	0.000000E+0
2.172563E+2	0.000000E+0
2.175226E+2	0.000000E+0
2.177889E+2	0.000000E+0
2.180551E+2	0.000000E+0
2.183214E+2	0.000000E+0
2.185877E+2	0.000000E+0
2.188539E+2	0.000000E+0
2.191202E+2	0.000000E+0
2.193864E+2	0.000000E+0
2.196527E+2	0.000000E+0
2.199189E+2	0.000000E+0
2.201851E+2	0.000000E+0
2.204513E+2	0.000000E+0
2.207175E+2	0.000000E+0
2.209837E+2	0.000000E+0
2.212499E+2	0.000000E+0
2.215161E+2	0.000000E+0
2.217823E+2	0.000000E+0
2.220485E+2	0.000000E+0
2.223146E+2	0.000000E+0
2.225808E+2	0.000000E+0
2.228469E+2	0.000000E+0
2.231131E+2	0.000000E+0
2.233792E+2	0.000000E+0
2.236453E+2	0.000000E+0
2.239115E+2	0.000000E+0
2.241776E+2	0.000000E+0
2.244437E+2	0.000000E+0
2.247098E+2	0.000000E+0
2.249759E+2	0.000000E+0
2.252420E+2	0.000000E+0
2.255080E+2	0.000000E+0
2.257741E+2	0.000000E+0
2.260402E+2	0.000000E+0
2.263062E+2	0.000000E+0
2.265723E+2	0.000000E+0
2.268383E+2	0.000000E+0
2.271044E+2	0.000000E+0
2.273704E+2	0.000000E+0
2.276364E+2	0.000000E+0
2.279024E+2	0.000000E+0
2.281684E+2	0.000000E+0
2.284344E+2	0.000000E+0
2.287004E+2	0.000000E+0
2.289664E+2	0.000000E+0
2.292324E+2	0.000000E+0
2.294984E+2	0.000000E+0
2.297643E+2	0.000000E+0
2.300303E+2	0.000000E+0
2.302962E+2	0.000000E+0
2.305622E+2	0.000000E+0
2.308281E+2	0.000000E+0
2.310940E+2	0.000000E+0
2.313599E+2	0.000000E+0
2.316259E+2	0.000000E+0
2.318918E+2	0.000000E+0
2.321577E+2	0.000000E+0
2.324236E+2	0.000000E+0
2.326894E+2	0.000000E+0
2.329553E+2	0.000000E+0
2.332212E+2	0.000000E+0
2.334871E+2	0.000000E+0
2.337529E+2	0.000000E+0
2.340188E+2	0.000000E+0
2.342846E+2	0.000000E+0
2.345504E+2	0.000000E+0
2.348163E+2	0.000000E+0
2.350821E+2	0.000000E+0
2.353479E+2	0.000000E+0
2.356137E+2	0.000000E+0
2.358795E+2	0.000000E+0
2.361453E+2	0.000000E+0
2.364111E+2	0.000000E+0
2.366769E+2	0.000000E+0
2.369426E+2	0.000000E+0
2.372084E+2	0.000000E+0
2.374741E+2	0.000000E+0
2.377399E+2	0.000000E+0
2.380056E+2	0.000000E+0
2.382714E+2	0.000000E+0
2.385371E+2	0.000000E+0
2.388028E+2	0.000000E+0
2.390685E+2	0.000000E+0
2.393342E+2	0.000000E+0
2.395999E+2	0.000000E+0
2.398656E+2	0.000000E+0
2.401313E+2	0.000000E+0
2.403970E+2	0.000000E+0
2.406626E+2	0.000000E+0
2.409283E+2	0.000000E+0
2.411940E+2	0.000000E+0
2.414596E+2	0.000000E+0
2.417252E+2	0.000000E+0
2.419909E+2	0.000000E+0
2.422565E+2	0.000000E+0
2.425221E+2	0.000000E+0
2.427877E+2	0.000000E+0
2.430533E+2	0.000000E+0
2.433189E+2	0.000000E+0
2.435845E+2	0.000000E+0
2.438501E+2	0.000000E+0
2.441157E+2	0.000000E+0
2.443812E+2	0.000000E+0
2.446468E+2	0.000000E+0
2.449124E+2	0.000000E+0
2.451779E+2	0.000000E+0
2.454434E+2	0.000000E+0
2.457090E+2	0.000000E+0
2.459745E+2	0.000000E+0
2.462400E+2	0.000000E+0
2.465055E+2	0.000000E+0
2.467710E+2	0.000000E+0
2.470365E+2	0.000000E+0
2.473020E+2	0.000000E+0
2.475675E+2	0.000000E+0
2.478330E+2	0.000000E+0
2.480984E+2	0.000000E+0
2.483639E+2	0.000000E+0
2.486294E+2	0.000000E+0
2.488948E+2	0.000000E+0
2.491602E+2	0.000000E+0
2.494257E+2	0.000000E+0
2.496911E+2	0.000000E+0
2.499565E+2	0.000000E+0
2.502219E+2	1.770388E+1
2.504873E+2	1.726672E+1
2.507527E+2	1.640880E+1
2.510181E+2	1.678038E+1
2.512835E+2	1.734869E+1
2.515489E+2	1.747984E+1
2.518142E+2	1.707000E+1
2.520796E+2	1.762738E+1
2.523449E+2	1.838694E+1
2.526103E+2	1.784596E+1
2.528756E+2	1.713558E+1
2.531409E+2	1.637055E+1
2.534063E+2	1.637055E+1
2.536716E+2	1.773120E+1
2.539369E+2	1.769295E+1
2.542022E+2	1.836508E+1
2.544675E+2	1.768202E+1
2.547328E+2	1.802082E+1
2.549980E+2	1.822301E+1
2.552633E+2	1.777492E+1
2.555286E+2	1.722301E+1
2.557938E+2	1.725033E+1
2.560591E+2	1.835415E+1
2.563243E+2	1.867109E+1
2.565896E+2	1.887874E+1
2.568548E+2	1.927219E+1
2.571200E+2	1.930497E+1
2.573852E+2	1.949077E+1
2.576504E+2	1.986782E+1
2.579156E+2	2.004268E+1
2.581808E+2	2.049623E+1
2.584460E+2	2.072027E+1
2.587112E+2	2.044159E+1
2.589763E+2	2.017929E+1
2.592415E+2	1.980224E+1
2.595067E+2	1.999896E+1
2.597718E+2	1.972574E+1
2.600369E+2	2.025033E+1
2.603021E+2	2.018476E+1
2.605672E+2	2.060006E+1
2.608323E+2	2.090607E+1
2.610974E+2	2.052355E+1
2.613625E+2	2.001536E+1
2.616276E+2	1.982410E+1
2.618927E+2	1.974760E+1
2.621578E+2	1.934323E+1
2.624229E+2	1.898257E+1
2.626880E+2	2.000989E+1
2.629530E+2	2.082956E+1
2.632181E+2	2.022301E+1
2.634831E+2	1.952355E+1
2.637482E+2	1.960552E+1
2.640132E+2	2.052902E+1
2.642782E+2	2.070935E+1
2.645432E+2	2.006454E+1
2.648082E+2	2.072027E+1
2.650732E+2	2.031590E+1
2.653382E+2	2.008093E+1
2.656032E+2	1.963831E+1
2.658682E+2	1.975306E+1
2.661332E+2	1.998257E+1
2.663981E+2	1.983503E+1
2.666631E+2	1.996071E+1
2.669281E+2	2.052902E+1
2.671930E+2	1.975853E+1
2.674579E+2	1.888421E+1
2.677229E+2	1.921754E+1
2.679878E+2	1.956180E+1
2.682527E+2	1.894432E+1
2.685176E+2	1.770388E+1
2.687825E+2	1.759459E+1
2.690474E+2	1.820115E+1
2.693123E+2	1.802629E+1
2.695772E+2	1.755088E+1
2.698420E+2	1.662191E+1
2.701069E+2	1.660552E+1
2.703718E+2	1.672574E+1
2.706366E+2	1.714104E+1
2.709014E+2	1.710279E+1
2.711663E+2	1.671481E+1
2.714311E+2	1.676399E+1
2.716959E+2	1.693885E+1
2.719607E+2	1.678038E+1
2.722255E+2	1.604268E+1
2.724903E+2	1.571481E+1
2.727551E+2	1.572027E+1
2.730199E+2	1.583503E+1
2.732847E+2	1.617383E+1
2.735495E+2	1.614104E+1
2.738142E+2	1.586235E+1
2.740790E+2	1.636508E+1
2.743437E+2	1.612465E+1
2.746085E+2	1.620661E+1
2.748732E+2	1.647984E+1
2.751379E+2	1.647984E+1
2.754026E+2	1.703721E+1
2.756674E+2	1.669295E+1
2.759321E+2	1.672574E+1
2.761968E+2	1.606454E+1
2.764614E+2	1.591700E+1
2.767261E+2	1.612465E+1
2.769908E+2	1.603721E+1
2.772555E+2	1.596071E+1
2.775201E+2	1.581317E+1
2.777848E+2	1.627219E+1
2.780494E+2	1.672574E+1
2.783141E+2	1.728858E+1
2.785787E+2	1.770388E+1
2.788433E+2	1.714104E+1
2.791079E+2	1.640880E+1
2.793725E+2	1.596071E+1
2.796371E+2	1.607000E+1
2.799017E+2	1.531590E+1
2.801663E+2	1.428858E+1
2.804309E+2	1.393885E+1
2.806955E+2	1.404814E+1
2.809600E+2	1.343612E+1
2.812246E+2	1.410279E+1
2.814891E+2	1.426672E+1
2.817537E+2	1.455088E+1
2.820182E+2	1.455634E+1
2.822827E+2	1.434869E+1
2.825473E+2	1.453995E+1
2.828118E+2	1.407547E+1
2.830763E+2	1.374213E+1
2.833408E+2	1.367109E+1
2.836053E+2	1.402082E+1
2.838697E+2	1.377492E+1
2.841342E+2	1.310279E+1
2.843987E+2	1.300989E+1
2.846632E+2	1.384049E+1
2.849276E+2	1.450716E+1
2.851921E+2	1.458366E+1
2.854565E+2	1.468749E+1
2.857209E+2	1.478585E+1
2.859853E+2	1.457273E+1
2.862498E+2	1.421754E+1
2.865142E+2	1.362191E+1
2.867786E+2	1.378038E+1
2.870430E+2	1.327219E+1
2.873074E+2	1.301536E+1
2.875717E+2	1.278038E+1
2.878361E+2	1.277492E+1
2.881005E+2	1.251809E+1
2.883648E+2	1.240333E+1
2.886292E+2	1.204814E+1
2.888935E+2	1.282410E+1
2.891579E+2	1.275306E+1
2.894222E+2	1.274213E+1
2.896865E+2	1.335962E+1
2.899508E+2	1.344159E+1
2.902151E+2	1.315197E+1
2.904794E+2	1.310825E+1
2.907437E+2	1.350716E+1
2.910080E+2	1.329951E+1
2.912723E+2	1.363831E+1
2.915366E+2	1.349623E+1
2.918008E+2	1.388421E+1
2.920651E+2	1.410825E+1
2.923293E+2	1.428858E+1
2.925936E+2	1.431590E+1
2.928578E+2	1.366563E+1
2.931220E+2	1.336508E+1
2.933863E+2	1.309186E+1
2.936505E+2	1.353995E+1
2.939147E+2	1.362738E+1
2.941789E+2	1.304268E+1
2.944431E+2	1.259459E+1
2.947072E+2	1.296618E+1
2.949714E+2	1.260006E+1
2.952356E+2	1.261645E+1
2.954997E+2	1.325033E+1
2.957639E+2	1.326126E+1
2.960280E+2	1.425033E+1
2.962922E+2	1.471481E+1
2.965563E+2	1.452355E+1
2.968204E+2	1.378585E+1
2.970845E+2	1.326126E+1
2.973486E+2	1.250170E+1
2.976127E+2	1.238694E+1
2.978768E+2	1.257820E+1
2.981409E+2	1.256727E+1
2.984050E+2	1.179131E+1
2.986691E+2	1.195525E+1
2.989331E+2	1.222301E+1
2.991972E+2	1.257820E+1
2.994612E+2	1.280224E+1
2.997253E+2	1.264924E+1
2.999893E+2	1.288967E+1
3.002534E+2	1.331044E+1
3.005174E+2	1.319568E+1
3.007814E+2	1.262191E+1
3.010454E+2	1.258913E+1
3.013094E+2	1.243066E+1
3.015734E+2	1.245798E+1
3.018374E+2	1.282956E+1
3.021013E+2	1.328312E+1
3.023653E+2	1.367109E+1
3.026293E+2	1.350170E+1
3.028932E+2	1.346344E+1
3.031572E+2	1.430497E+1
3.034211E+2	1.476399E+1
3.036850E+2	1.528858E+1
3.039489E+2	1.541426E+1
3.042129E+2	1.600443E+1
3.044768E+2	1.662738E+1
3.047407E+2	1.692246E+1
3.050046E+2	1.646891E+1
3.052685E+2	1.648530E+1
3.055323E+2	1.663284E+1
3.057962E+2	1.582410E+1
3.060601E+2	1.609186E+1
3.063239E+2	1.606454E+1
3.065878E+2	1.632137E+1
3.068516E+2	1.587874E+1
3.071155E+2	1.607000E+1
3.073793E+2	1.621208E+1
3.076431E+2	1.597711E+1
3.079069E+2	1.574213E+1
3.081707E+2	1.631590E+1
3.084345E+2	1.681317E+1
3.086983E+2	1.680224E+1
3.089621E+2	1.736508E+1
3.092259E+2	1.710279E+1
3.094896E+2	1.764377E+1
3.097534E+2	1.741426E+1
3.100171E+2	1.731044E+1
3.102809E+2	1.716836E+1
3.105446E+2	1.760552E+1
3.108084E+2	1.749623E+1
3.110721E+2	1.825579E+1
3.113358E+2	1.848530E+1
3.115995E+2	1.860006E+1
3.118632E+2	1.837055E+1
3.121269E+2	1.824486E+1
3.123906E+2	1.792246E+1
3.126543E+2	1.810279E+1
3.129179E+2	1.828312E+1
3.131816E+2	1.857820E+1
3.134453E+2	1.867109E+1
3.137089E+2	1.863831E+1
3.139725E+2	1.855634E+1
3.142362E+2	1.855634E+1
3.144998E+2	1.866563E+1
3.147634E+2	1.834869E+1
3.150270E+2	1.876399E+1
3.152906E+2	1.870935E+1
3.155542E+2	1.940333E+1
3.158178E+2	1.979678E+1
3.160814E+2	1.952355E+1
3.163450E+2	1.958913E+1
3.166086E+2	2.035962E+1
3.168721E+2	2.086782E+1
3.171357E+2	2.057820E+1
3.173992E+2	2.040880E+1
3.176627E+2	2.028858E+1
3.179263E+2	2.016836E+1
3.181898E+2	1.999896E+1
3.184533E+2	1.968202E+1
3.187168E+2	2.053995E+1
3.189803E+2	2.016290E+1
3.192438E+2	1.940333E+1
3.195073E+2	1.960552E+1
3.197708E+2	2.038694E+1
3.200342E+2	2.059459E+1
3.202977E+2	2.080224E+1
3.205612E+2	2.061645E+1
3.208246E+2	2.141426E+1
3.210881E+2	2.175853E+1
3.213515E+2	2.225033E+1
3.216149E+2	2.231590E+1
3.218783E+2	2.272027E+1
3.221417E+2	2.279131E+1
3.224051E+2	2.257273E+1
3.226685E+2	2.202082E+1
3.229319E+2	2.190607E+1
3.231953E+2	2.168749E+1
3.234587E+2	2.109732E+1
3.237221E+2	2.082410E+1
3.239854E+2	2.140880E+1
3.242488E+2	2.107000E+1
3.245121E+2	2.025579E+1
3.247754E+2	2.011918E+1
3.250388E+2	2.025579E+1
3.253021E+2	2.103721E+1
3.255654E+2	2.098257E+1
3.258287E+2	2.186235E+1
3.260920E+2	2.170388E+1
3.263553E+2	2.209732E+1
3.266186E+2	2.182410E+1
3.268819E+2	2.211372E+1
3.271451E+2	2.183503E+1
3.274084E+2	2.211372E+1
3.276717E+2	2.290060E+1
3.279349E+2	2.384596E+1
3.281981E+2	2.358913E+1
3.284614E+2	2.415197E+1
3.287246E+2	2.479678E+1
3.289878E+2	2.528858E+1
3.292510E+2	2.553995E+1
3.295142E+2	2.673667E+1
3.297774E+2	2.716290E+1
3.300406E+2	2.767109E+1
3.303038E+2	2.803721E+1
3.305670E+2	2.913011E+1
3.308301E+2	2.998257E+1
3.310933E+2	3.028312E+1
3.313564E+2	3.027219E+1
3.316196E+2	3.019568E+1
3.318827E+2	3.041426E+1
3.321458E+2	3.092246E+1
3.324089E+2	3.179131E+1
3.326721E+2	3.213011E+1
3.329352E+2	3.231590E+1
3.331983E+2	3.235962E+1
3.334614E+2	3.356727E+1
3.337244E+2	3.424486E+1
3.339875E+2	3.440333E+1
3.342506E+2	3.469842E+1
3.345136E+2	3.575853E+1
3.347767E+2	3.549623E+1
3.350397E+2	3.566017E+1
3.353028E+2	3.656180E+1
3.355658E+2	3.679131E+1
3.358288E+2	3.698803E+1
3.360918E+2	3.698803E+1
3.363548E+2	3.716290E+1
3.366178E+2	3.733230E+1
3.368808E+2	3.709732E+1
3.371438E+2	3.707547E+1
3.374068E+2	3.685689E+1
3.376698E+2	3.752355E+1
3.379327E+2	3.840880E+1
3.381957E+2	3.867109E+1
3.384586E+2	3.894978E+1
3.387216E+2	4.021208E+1
3.389845E+2	4.111918E+1
3.392474E+2	4.197711E+1
3.395103E+2	4.276399E+1
3.397733E+2	4.355634E+1
3.400362E+2	4.335415E+1
3.402990E+2	4.347984E+1
3.405619E+2	4.491700E+1
3.408248E+2	4.548530E+1
3.410877E+2	4.575306E+1
3.413506E+2	4.635415E+1
3.416134E+2	4.634869E+1
3.418763E+2	4.633230E+1
3.421391E+2	4.717383E+1
3.424019E+2	4.776945E+1
3.426648E+2	4.855634E+1
3.429276E+2	4.945798E+1
3.431904E+2	5.087328E+1
3.434532E+2	5.152355E+1
3.437160E+2	5.152355E+1
3.439788E+2	5.187874E+1
3.442416E+2	5.258366E+1
3.445043E+2	5.332137E+1
3.447671E+2	5.337055E+1
3.450299E+2	5.446344E+1
3.452926E+2	5.517929E+1
3.455554E+2	5.534323E+1
3.458181E+2	5.605361E+1
3.460808E+2	5.623394E+1
3.463436E+2	5.803175E+1
3.466063E+2	5.828858E+1
3.468690E+2	5.833230E+1
3.471317E+2	5.852902E+1
3.473944E+2	5.979678E+1
3.476570E+2	6.082410E+1
3.479197E+2	6.178585E+1
3.481824E+2	6.236508E+1
3.484451E+2	6.271481E+1
3.487077E+2	6.302082E+1
3.489704E+2	6.350716E+1
3.492330E+2	6.488421E+1
3.494956E+2	6.565470E+1
3.497582E+2	6.682956E+1
3.500209E+2	6.766017E+1
3.502835E+2	6.887874E+1
3.505461E+2	6.944159E+1
3.508087E+2	7.073120E+1
3.510713E+2	7.210279E+1
3.513338E+2	7.269295E+1
3.515964E+2	7.345252E+1
3.518590E+2	7.373667E+1
3.521215E+2	7.475306E+1
3.523841E+2	7.520661E+1
3.526466E+2	7.656180E+1
3.529091E+2	7.824486E+1
3.531717E+2	7.922847E+1
3.534342E+2	8.153448E+1
3.536967E+2	8.265470E+1
3.539592E+2	8.314650E+1
3.542217E+2	8.422301E+1
3.544842E+2	8.581864E+1
3.547467E+2	8.651262E+1
3.550091E+2	8.793339E+1
3.552716E+2	8.945798E+1
3.555341E+2	9.149077E+1
3.557965E+2	9.258913E+1
3.560590E+2	9.497711E+1
3.563214E+2	9.746344E+1
3.565838E+2	9.817929E+1
3.568462E+2	9.983503E+1
3.571086E+2	1.013268E+2
3.573711E+2	1.025345E+2
3.576335E+2	1.049498E+2
3.578958E+2	1.062121E+2
3.581582E+2	1.074580E+2
3.584206E+2	1.083869E+2
3.586830E+2	1.097640E+2
3.589453E+2	1.104908E+2
3.592077E+2	1.111083E+2
3.594700E+2	1.129389E+2
3.597324E+2	1.150481E+2
3.599947E+2	1.164580E+2
3.602570E+2	1.186328E+2
3.605193E+2	1.197531E+2
3.607816E+2	1.219552E+2
3.610439E+2	1.243214E+2
3.613062E+2	1.263104E+2
3.615685E+2	1.274853E+2
3.618308E+2	1.291738E+2
3.620930E+2	1.315126E+2
3.623553E+2	1.324744E+2
3.626176E+2	1.344197E+2
3.628798E+2	1.369061E+2
3.631420E+2	1.386492E+2
3.634043E+2	1.402558E+2
3.636665E+2	1.424197E+2
3.639287E+2	1.442503E+2
3.641909E+2	1.460645E+2
3.644531E+2	1.483159E+2
3.647153E+2	1.504088E+2
3.649775E+2	1.524580E+2
3.652397E+2	1.550700E+2
3.655018E+2	1.562886E+2
3.657640E+2	1.578897E+2
3.660262E+2	1.601083E+2
3.662883E+2	1.618624E+2
3.665505E+2	1.639061E+2
3.668126E+2	1.652503E+2
3.670747E+2	1.670481E+2
3.673368E+2	1.689607E+2
3.675989E+2	1.708787E+2
3.678610E+2	1.732121E+2
3.681231E+2	1.755345E+2
3.683852E+2	1.785181E+2
3.686473E+2	1.806164E+2
3.689094E+2	1.824252E+2
3.691714E+2	1.842558E+2
3.694335E+2	1.853651E+2
3.696955E+2	1.873050E+2
3.699576E+2	1.900099E+2
3.702196E+2	1.920755E+2
3.704816E+2	1.946984E+2
3.707437E+2	1.967968E+2
3.710057E+2	1.990208E+2
3.712677E+2	2.010372E+2
3.715297E+2	2.021137E+2
3.717917E+2	2.045017E+2
3.720536E+2	2.062449E+2
3.723156E+2	2.081083E+2
3.725776E+2	2.111902E+2
3.728395E+2	2.140973E+2
3.731015E+2	2.163268E+2
3.733634E+2	2.189061E+2
3.736254E+2	2.205126E+2
3.738873E+2	2.230809E+2
3.741492E+2	2.260372E+2
3.744111E+2	2.293487E+2
3.746730E+2	2.322285E+2
3.749349E+2	2.356164E+2
3.751968E+2	2.384252E+2
3.754587E+2	2.405509E+2
3.757206E+2	2.426001E+2
3.759824E+2	2.448951E+2
3.762443E+2	2.471848E+2
3.765061E+2	2.503760E+2
3.767680E+2	2.530372E+2
3.770298E+2	2.548241E+2
3.772916E+2	2.573542E+2
3.775535E+2	2.600864E+2
3.778153E+2	2.623596E+2
3.780771E+2	2.648350E+2
3.783389E+2	2.676875E+2
3.786007E+2	2.700645E+2
3.788624E+2	2.722394E+2
3.791242E+2	2.756984E+2
3.793860E+2	2.789607E+2
3.796477E+2	2.815399E+2
3.799095E+2	2.844143E+2
3.801712E+2	2.878022E+2
3.804330E+2	2.911410E+2
3.806947E+2	2.945618E+2
3.809564E+2	2.984033E+2
3.812181E+2	3.008022E+2
3.814798E+2	3.041137E+2
3.817415E+2	3.079443E+2
3.820032E+2	3.116984E+2
3.822649E+2	3.144416E+2
3.825266E+2	3.173596E+2
3.827883E+2	3.208241E+2
3.830499E+2	3.241301E+2
3.833116E+2	3.272777E+2
3.835732E+2	3.311083E+2
3.838348E+2	3.346930E+2
3.840965E+2	3.380318E+2
3.843581E+2	3.414580E+2
3.846197E+2	3.452339E+2
3.848813E+2	3.491246E+2
3.851429E+2	3.527257E+2
3.854045E+2	3.562667E+2
3.856661E+2	3.599061E+2
3.859277E+2	3.638842E+2
3.861892E+2	3.675509E+2
3.864508E+2	3.704580E+2
3.867124E+2	3.743815E+2
3.869739E+2	3.777203E+2
3.872354E+2	3.821192E+2
3.874970E+2	3.871301E+2
3.877585E+2	3.913542E+2
3.880200E+2	3.951957E+2
3.882815E+2	3.992558E+2
3.885430E+2	4.024689E+2
3.888045E+2	4.056438E+2
3.890660E+2	4.095782E+2
3.893275E+2	4.128460E+2
3.895889E+2	4.175181E+2
3.898504E+2	4.213268E+2
3.901118E+2	4.250536E+2
3.903733E+2	4.293869E+2
3.906347E+2	4.329334E+2
3.908962E+2	4.361520E+2
3.911576E+2	4.402886E+2
3.914190E+2	4.443323E+2
3.916804E+2	4.484307E+2
3.919418E+2	4.525782E+2
3.922032E+2	4.566001E+2
3.924646E+2	4.600645E+2
3.927260E+2	4.635727E+2
3.929873E+2	4.673979E+2
3.932487E+2	4.712449E+2
3.935100E+2	4.755563E+2
3.937714E+2	4.802175E+2
3.940327E+2	4.842230E+2
3.942941E+2	4.878624E+2
3.945554E+2	4.924197E+2
3.948167E+2	4.967695E+2
3.950780E+2	5.012940E+2
3.953393E+2	5.049443E+2
3.956006E+2	5.091246E+2
3.958619E+2	5.131028E+2
3.961232E+2	5.169006E+2
3.963844E+2	5.208132E+2
3.966457E+2	5.249389E+2
3.969069E+2	5.285782E+2
3.971682E+2	5.329771E+2
3.974294E+2	5.373487E+2
3.976907E+2	5.415181E+2
3.979519E+2	5.452339E+2
3.982131E+2	5.503760E+2
3.984743E+2	5.552667E+2
3.987355E+2	5.599771E+2
3.989967E+2	5.647093E+2
3.992579E+2	5.690372E+2
3.995191E+2	5.732230E+2
3.997802E+2	5.772940E+2
4.000414E+2	5.822722E+2
4.003025E+2	5.866766E+2
4.005637E+2	5.905236E+2
4.008248E+2	5.949716E+2
4.010860E+2	6.007476E+2
4.013471E+2	6.061192E+2
4.016082E+2	6.107039E+2
4.018693E+2	6.148460E+2
4.021304E+2	6.200536E+2
4.023915E+2	6.256383E+2
4.026526E+2	6.309006E+2
4.029137E+2	6.356766E+2
4.031747E+2	6.400154E+2
4.034358E+2	6.444143E+2
4.036968E+2	6.496766E+2
4.039579E+2	6.548350E+2
4.042189E+2	6.596492E+2
4.044800E+2	6.653050E+2
4.047410E+2	6.708241E+2
4.050020E+2	6.767913E+2
4.052630E+2	6.821137E+2
4.055240E+2	6.868787E+2
4.057850E+2	6.925290E+2
4.060460E+2	6.980919E+2
4.063070E+2	7.027476E+2
4.065679E+2	7.081356E+2
4.068289E+2	7.131083E+2
4.070898E+2	7.179935E+2
4.073508E+2	7.229607E+2
4.076117E+2	7.279334E+2
4.078727E+2	7.333542E+2
4.081336E+2	7.391793E+2
4.083945E+2	7.449826E+2
4.086554E+2	7.509990E+2
4.089163E+2	7.568842E+2
4.091772E+2	7.628787E+2
4.094381E+2	7.687367E+2
4.096990E+2	7.748787E+2
4.099598E+2	7.812777E+2
4.102207E+2	7.872449E+2
4.104815E+2	7.933979E+2
4.107424E+2	7.991083E+2
4.110032E+2	8.041410E+2
4.112640E+2	8.096875E+2
4.115249E+2	8.155290E+2
4.117857E+2	8.220536E+2
4.120465E+2	8.280372E+2
4.123073E+2	8.334853E+2
4.125681E+2	8.400755E+2
4.128289E+2	8.461629E+2
4.130896E+2	8.522394E+2
4.133504E+2	8.577039E+2
4.136112E+2	8.632066E+2
4.138719E+2	8.694088E+2
4.141327E+2	8.751465E+2
4.143934E+2	8.811083E+2
4.146541E+2	8.875017E+2
4.149149E+2	8.932667E+2
4.151756E+2	8.997203E+2
4.154363E+2	9.055891E+2
4.156970E+2	9.119498E+2
4.159577E+2	9.181520E+2
4.162184E+2	9.245454E+2
4.164790E+2	9.311738E+2
4.167397E+2	9.364908E+2
4.170004E+2	9.412121E+2
4.172610E+2	9.469880E+2
4.175217E+2	9.532831E+2
4.177823E+2	9.594580E+2
4.180429E+2	9.657749E+2
4.183035E+2	9.717585E+2
4.185642E+2	9.774634E+2
4.188248E+2	9.837257E+2
4.190854E+2	9.898897E+2
4.193459E+2	9.961957E+2
4.196065E+2	1.002988E+3
4.198671E+2	1.008496E+3
4.201277E+2	1.014004E+3
4.203882E+2	1.019693E+3
4.206488E+2	1.025431E+3
4.209093E+2	1.030409E+3
4.211699E+2	1.037081E+3
4.214304E+2	1.043381E+3
4.216909E+2	1.049305E+3
4.219514E+2	1.055032E+3
4.222119E+2	1.061065E+3
4.224724E+2	1.067830E+3
4.227329E+2	1.074086E+3
4.229934E+2	1.080627E+3
4.232539E+2	1.087709E+3
4.235143E+2	1.095398E+3
4.237748E+2	1.101491E+3
4.240352E+2	1.108141E+3
4.242957E+2	1.114786E+3
4.245561E+2	1.121797E+3
4.248166E+2	1.128573E+3
4.250770E+2	1.135425E+3
4.253374E+2	1.142436E+3
4.255978E+2	1.149573E+3
4.258582E+2	1.157048E+3
4.261186E+2	1.164321E+3
4.263790E+2	1.171731E+3
4.266393E+2	1.179890E+3
4.268997E+2	1.187004E+3
4.271600E+2	1.195097E+3
4.274204E+2	1.202196E+3
4.276807E+2	1.208759E+3
4.279411E+2	1.215830E+3
4.282014E+2	1.223092E+3
4.284617E+2	1.229294E+3
4.287220E+2	1.237152E+3
4.289823E+2	1.244764E+3
4.292426E+2	1.253032E+3
4.295029E+2	1.260851E+3
4.297632E+2	1.268480E+3
4.300235E+2	1.276387E+3
4.302837E+2	1.284534E+3
4.305440E+2	1.292136E+3
4.308042E+2	1.300398E+3
4.310645E+2	1.308698E+3
4.313247E+2	1.317059E+3
4.315849E+2	1.324059E+3
4.318451E+2	1.331573E+3
4.321054E+2	1.339239E+3
4.323656E+2	1.346567E+3
4.326258E+2	1.355141E+3
4.328859E+2	1.362797E+3
4.331461E+2	1.370349E+3
4.334063E+2	1.378157E+3
4.336665E+2	1.386190E+3
4.339266E+2	1.393376E+3
4.341868E+2	1.400289E+3
4.344469E+2	1.407611E+3
4.347070E+2	1.415059E+3
4.349671E+2	1.422638E+3
4.352273E+2	1.430912E+3
4.354874E+2	1.437830E+3
4.357475E+2	1.446267E+3
4.360076E+2	1.453638E+3
4.362677E+2	1.461360E+3
4.365277E+2	1.469141E+3
4.367878E+2	1.477830E+3
4.370479E+2	1.484638E+3
4.373079E+2	1.492513E+3
4.375680E+2	1.500687E+3
4.378280E+2	1.509354E+3
4.380880E+2	1.517780E+3
4.383480E+2	1.525950E+3
4.386081E+2	1.534660E+3
4.388681E+2	1.543518E+3
4.391281E+2	1.550616E+3
4.393881E+2	1.557458E+3
4.396480E+2	1.565595E+3
4.399080E+2	1.572901E+3
4.401680E+2	1.580048E+3
4.404279E+2	1.587136E+3
4.406879E+2	1.594759E+3
4.409478E+2	1.602141E+3
4.412078E+2	1.609168E+3
4.414677E+2	1.616015E+3
4.417276E+2	1.621228E+3
4.419875E+2	1.629125E+3
4.422474E+2	1.635616E+3
4.425073E+2	1.642168E+3
4.427672E+2	1.649999E+3
4.430271E+2	1.656748E+3
4.432870E+2	1.663895E+3
4.435469E+2	1.670649E+3
4.438067E+2	1.678185E+3
4.440666E+2	1.685584E+3
4.443264E+2	1.692715E+3
4.445862E+2	1.698791E+3
4.448461E+2	1.705196E+3
4.451059E+2	1.712387E+3
4.453657E+2	1.719524E+3
4.456255E+2	1.725884E+3
4.458853E+2	1.732496E+3
4.461451E+2	1.738802E+3
4.464049E+2	1.745835E+3
4.466646E+2	1.752398E+3
4.469244E+2	1.758775E+3
4.471842E+2	1.764972E+3
4.474439E+2	1.772589E+3
4.477036E+2	1.780808E+3
4.479634E+2	1.787649E+3
4.482231E+2	1.795196E+3
4.484828E+2	1.801846E+3
4.487425E+2	1.809731E+3
4.490022E+2	1.817059E+3
4.492619E+2	1.823414E+3
4.495216E+2	1.829289E+3
4.497813E+2	1.836267E+3
4.500410E+2	1.844037E+3
4.503006E+2	1.852212E+3
4.505603E+2	1.860622E+3
4.508199E+2	1.868589E+3
4.510796E+2	1.875037E+3
4.513392E+2	1.882250E+3
4.515988E+2	1.889627E+3
4.518584E+2	1.898737E+3
4.521180E+2	1.907250E+3
4.523776E+2	1.915616E+3
4.526372E+2	1.922584E+3
4.528968E+2	1.931081E+3
4.531564E+2	1.938775E+3
4.534160E+2	1.946589E+3
4.536755E+2	1.954354E+3
4.539351E+2	1.963234E+3
4.541946E+2	1.970114E+3
4.544541E+2	1.977698E+3
4.547137E+2	1.984819E+3
4.549732E+2	1.993709E+3
4.552327E+2	2.001873E+3
4.554922E+2	2.010021E+3
4.557517E+2	2.018447E+3
4.560112E+2	2.028190E+3
4.562707E+2	2.037097E+3
4.565302E+2	2.045993E+3
4.567896E+2	2.055830E+3
4.570491E+2	2.066114E+3
4.573085E+2	2.074890E+3
4.575680E+2	2.085556E+3
4.578274E+2	2.094349E+3
4.580868E+2	2.103993E+3
4.583463E+2	2.113813E+3
4.586057E+2	2.122556E+3
4.588651E+2	2.133529E+3
4.591245E+2	2.143239E+3
4.593838E+2	2.154944E+3
4.596432E+2	2.165611E+3
4.599026E+2	2.176753E+3
4.601620E+2	2.188157E+3
4.604213E+2	2.200250E+3
4.606807E+2	2.211567E+3
4.609400E+2	2.223190E+3
4.611993E+2	2.234677E+3
4.614587E+2	2.246709E+3
4.617180E+2	2.260157E+3
4.619773E+2	2.272414E+3
4.622366E+2	2.284518E+3
4.624959E+2	2.298141E+3
4.627552E+2	2.311179E+3
4.630144E+2	2.324742E+3
4.632737E+2	2.338868E+3
4.635330E+2	2.350518E+3
4.637922E+2	2.364578E+3
4.640515E+2	2.378742E+3
4.643107E+2	2.392638E+3
4.645699E+2	2.406726E+3
4.648292E+2	2.421589E+3
4.650884E+2	2.437420E+3
4.653476E+2	2.453698E+3
4.656068E+2	2.469627E+3
4.658660E+2	2.485649E+3
4.661251E+2	2.501513E+3
4.663843E+2	2.516420E+3
4.666435E+2	2.532999E+3
4.669026E+2	2.551256E+3
4.671618E+2	2.568409E+3
4.674209E+2	2.585862E+3
4.676801E+2	2.603163E+3
4.679392E+2	2.619780E+3
4.681983E+2	2.637425E+3
4.684574E+2	2.656753E+3
4.687165E+2	2.676234E+3
4.689756E+2	2.695365E+3
4.692347E+2	2.714638E+3
4.694938E+2	2.733955E+3
4.697529E+2	2.752212E+3
4.700119E+2	2.773381E+3
4.702710E+2	2.794616E+3
4.705300E+2	2.817010E+3
4.707891E+2	2.837786E+3
4.710481E+2	2.859791E+3
4.713071E+2	2.882392E+3
4.715661E+2	2.905480E+3
4.718252E+2	2.928283E+3
4.720842E+2	2.952119E+3
4.723431E+2	2.975381E+3
4.726021E+2	2.998327E+3
4.728611E+2	3.021491E+3
4.731201E+2	3.047573E+3
4.733790E+2	3.073830E+3
4.736380E+2	3.098491E+3
4.738969E+2	3.124152E+3
4.741559E+2	3.149234E+3
4.744148E+2	3.174606E+3
4.746737E+2	3.201103E+3
4.749326E+2	3.228278E+3
4.751915E+2	3.253316E+3
4.754504E+2	3.279480E+3
4.757093E+2	3.306414E+3
4.759682E+2	3.333223E+3
4.762271E+2	3.360518E+3
4.764859E+2	3.388147E+3
4.767448E+2	3.416119E+3
4.770037E+2	3.443824E+3
4.772625E+2	3.472103E+3
4.775213E+2	3.497677E+3
4.777802E+2	3.525649E+3
4.780390E+2	3.552846E+3
4.782978E+2	3.579600E+3
4.785566E+2	3.608048E+3
4.788154E+2	3.637305E+3
4.790742E+2	3.664349E+3
4.793329E+2	3.692802E+3
4.795917E+2	3.721409E+3
4.798505E+2	3.748901E+3
4.801092E+2	3.777901E+3
4.803680E+2	3.806496E+3
4.806267E+2	3.834065E+3
4.808854E+2	3.861901E+3
4.811442E+2	3.889660E+3
4.814029E+2	3.917660E+3
4.816616E+2	3.946988E+3
4.819203E+2	3.974720E+3
4.821790E+2	4.004305E+3
4.824377E+2	4.032245E+3
4.826963E+2	4.058819E+3
4.829550E+2	4.085611E+3
4.832137E+2	4.113267E+3
4.834723E+2	4.140092E+3
4.837310E+2	4.168026E+3
4.839896E+2	4.194731E+3
4.842482E+2	4.221731E+3
4.845068E+2	4.247753E+3
4.847655E+2	4.274447E+3
4.850241E+2	4.300857E+3
4.852827E+2	4.325387E+3
4.855412E+2	4.351857E+3
4.857998E+2	4.377316E+3
4.860584E+2	4.402381E+3
4.863170E+2	4.425398E+3
4.865755E+2	4.451157E+3
4.868341E+2	4.475294E+3
4.870926E+2	4.498649E+3
4.873511E+2	4.521316E+3
4.876097E+2	4.545228E+3
4.878682E+2	4.568103E+3
4.881267E+2	4.591655E+3
4.883852E+2	4.615228E+3
4.886437E+2	4.637901E+3
4.889022E+2	4.658130E+3
4.891606E+2	4.678349E+3
4.894191E+2	4.700267E+3
4.896776E+2	4.721955E+3
4.899360E+2	4.744228E+3
4.901945E+2	4.765830E+3
4.904529E+2	4.785327E+3
4.907113E+2	4.804371E+3
4.909697E+2	4.825540E+3
4.912282E+2	4.845611E+3
4.914866E+2	4.864179E+3
4.917450E+2	4.883141E+3
4.920034E+2	4.901753E+3
4.922617E+2	4.919633E+3
4.925201E+2	4.936119E+3
4.927785E+2	4.953453E+3
4.930368E+2	4.971644E+3
4.932952E+2	4.990354E+3
4.935535E+2	5.008469E+3
4.938118E+2	5.026791E+3
4.940702E+2	5.044283E+3
4.943285E+2	5.060977E+3
4.945868E+2	5.076496E+3
4.948451E+2	5.093687E+3
4.951034E+2	5.110496E+3
4.953617E+2	5.124660E+3
4.956200E+2	5.140059E+3
4.958782E+2	5.155371E+3
4.961365E+2	5.171573E+3
4.963947E+2	5.185901E+3
4.966530E+2	5.199868E+3
4.969112E+2	5.213813E+3
4.971694E+2	5.227567E+3
4.974277E+2	5.239671E+3
4.976859E+2	5.253004E+3
4.979441E+2	5.265622E+3
4.982023E+2	5.278228E+3
4.984605E+2	5.291606E+3
4.987187E+2	5.305267E+3
4.989768E+2	5.316458E+3
4.992350E+2	5.328310E+3
4.994931E+2	5.339977E+3
4.997513E+2	5.351600E+3
5.000094E+2	5.362884E+3
5.002676E+2	5.374698E+3
5.005257E+2	5.385584E+3
5.007838E+2	5.396474E+3
5.010419E+2	5.407983E+3
5.013000E+2	5.418638E+3
5.015581E+2	5.429130E+3
5.018162E+2	5.439955E+3
5.020743E+2	5.450939E+3
5.023323E+2	5.461835E+3
5.025904E+2	5.472403E+3
5.028485E+2	5.483054E+3
5.031065E+2	5.493764E+3
5.033645E+2	5.503726E+3
5.036226E+2	5.513103E+3
5.038806E+2	5.521403E+3
5.041386E+2	5.529447E+3
5.043966E+2	5.538655E+3
5.046546E+2	5.547294E+3
5.049126E+2	5.556376E+3
5.051706E+2	5.566365E+3
5.054285E+2	5.575054E+3
5.056865E+2	5.582283E+3
5.059445E+2	5.590802E+3
5.062024E+2	5.598567E+3
5.064604E+2	5.607196E+3
5.067183E+2	5.613485E+3
5.069762E+2	5.622114E+3
5.072341E+2	5.629764E+3
5.074920E+2	5.638168E+3
5.077499E+2	5.645906E+3
5.080078E+2	5.655065E+3
5.082657E+2	5.662884E+3
5.085236E+2	5.670250E+3
5.087815E+2	5.677928E+3
5.090393E+2	5.685310E+3
5.092972E+2	5.691879E+3
5.095550E+2	5.698398E+3
5.098129E+2	5.705955E+3
5.100707E+2	5.711955E+3
5.103285E+2	5.718862E+3
5.105863E+2	5.724802E+3
5.108441E+2	5.729993E+3
5.111019E+2	5.737600E+3
5.113597E+2	5.743289E+3
5.116175E+2	5.750092E+3
5.118753E+2	5.755360E+3
5.121330E+2	5.763305E+3
5.123908E+2	5.770294E+3
5.126485E+2	5.778453E+3
5.129063E+2	5.785409E+3
5.131640E+2	5.792977E+3
5.134217E+2	5.800278E+3
5.136794E+2	5.807349E+3
5.139371E+2	5.813704E+3
5.141948E+2	5.821513E+3
5.144525E+2	5.827223E+3
5.147102E+2	5.835327E+3
5.149679E+2	5.843283E+3
5.152256E+2	5.850147E+3
5.154832E+2	5.858021E+3
5.157409E+2	5.865250E+3
5.159985E+2	5.871704E+3
5.162562E+2	5.878551E+3
5.165138E+2	5.884901E+3
5.167714E+2	5.892955E+3
5.170290E+2	5.899737E+3
5.172866E+2	5.905660E+3
5.175442E+2	5.911666E+3
5.178018E+2	5.918436E+3
5.180594E+2	5.923114E+3
5.183170E+2	5.929294E+3
5.185745E+2	5.935644E+3
5.188321E+2	5.940606E+3
5.190896E+2	5.945108E+3
5.193472E+2	5.950939E+3
5.196047E+2	5.956480E+3
5.198622E+2	5.963119E+3
5.201197E+2	5.968491E+3
5.203772E+2	5.974485E+3
5.206347E+2	5.980972E+3
5.208922E+2	5.984070E+3
5.211497E+2	5.988835E+3
5.214072E+2	5.993988E+3
5.216646E+2	5.999868E+3
5.219221E+2	6.006300E+3
5.221795E+2	6.012606E+3
5.224370E+2	6.018813E+3
5.226944E+2	6.022797E+3
5.229519E+2	6.028463E+3
5.232093E+2	6.032321E+3
5.234667E+2	6.036485E+3
5.237241E+2	6.039709E+3
5.239815E+2	6.044513E+3
5.242389E+2	6.048534E+3
5.244962E+2	6.050813E+3
5.247536E+2	6.054726E+3
5.250110E+2	6.058316E+3
5.252683E+2	6.061753E+3
5.255257E+2	6.064272E+3
5.257830E+2	6.069595E+3
5.260403E+2	6.073573E+3
5.262977E+2	6.077895E+3
5.265550E+2	6.083289E+3
5.268123E+2	6.087562E+3
5.270696E+2	6.092862E+3
5.273269E+2	6.095950E+3
5.275841E+2	6.098704E+3
5.278414E+2	6.101928E+3
5.280987E+2	6.104114E+3
5.283559E+2	6.105305E+3
5.286132E+2	6.107147E+3
5.288704E+2	6.109616E+3
5.291276E+2	6.112278E+3
5.293849E+2	6.114136E+3
5.296421E+2	6.116234E+3
5.298993E+2	6.116944E+3
5.301565E+2	6.119802E+3
5.304137E+2	6.120185E+3
5.306709E+2	6.121360E+3
5.309280E+2	6.123556E+3
5.311852E+2	6.124065E+3
5.314424E+2	6.124283E+3
5.316995E+2	6.126622E+3
5.319567E+2	6.126868E+3
5.322138E+2	6.127731E+3
5.324709E+2	6.128294E+3
5.327280E+2	6.129655E+3
5.329852E+2	6.131655E+3
5.332423E+2	6.133245E+3
5.334994E+2	6.133950E+3
5.337564E+2	6.135327E+3
5.340135E+2	6.136201E+3
5.342706E+2	6.137283E+3
5.345276E+2	6.139305E+3
5.347847E+2	6.141890E+3
5.350417E+2	6.142321E+3
5.352988E+2	6.143655E+3
5.355558E+2	6.144360E+3
5.358128E+2	6.145715E+3
5.360698E+2	6.147764E+3
5.363269E+2	6.148616E+3
5.365839E+2	6.151524E+3
5.368408E+2	6.152349E+3
5.370978E+2	6.154387E+3
5.373548E+2	6.155223E+3
5.376118E+2	6.157185E+3
5.378687E+2	6.158185E+3
5.381257E+2	6.160458E+3
5.383826E+2	6.162267E+3
5.386395E+2	6.164212E+3
5.388965E+2	6.167223E+3
5.391534E+2	6.169513E+3
5.394103E+2	6.172824E+3
5.396672E+2	6.176589E+3
5.399241E+2	6.180267E+3
5.401810E+2	6.184316E+3
5.404378E+2	6.187108E+3
5.406947E+2	6.188032E+3
5.409516E+2	6.191436E+3
5.412084E+2	6.194764E+3
5.414653E+2	6.196611E+3
5.417221E+2	6.198310E+3
5.419789E+2	6.200256E+3
5.422357E+2	6.200130E+3
5.424925E+2	6.201677E+3
5.427493E+2	6.203693E+3
5.430061E+2	6.206168E+3
5.432629E+2	6.209469E+3
5.435197E+2	6.212453E+3
5.437765E+2	6.216108E+3
5.440332E+2	6.219616E+3
5.442900E+2	6.222507E+3
5.445467E+2	6.225496E+3
5.448035E+2	6.229218E+3
5.450602E+2	6.232256E+3
5.453169E+2	6.234895E+3
5.455736E+2	6.237611E+3
5.458303E+2	6.240289E+3
5.460870E+2	6.243786E+3
5.463437E+2	6.246185E+3
5.466004E+2	6.248655E+3
5.468571E+2	6.251032E+3
5.471137E+2	6.253780E+3
5.473704E+2	6.254310E+3
5.476270E+2	6.258332E+3
5.478837E+2	6.261649E+3
5.481403E+2	6.263857E+3
5.483969E+2	6.265950E+3
5.486535E+2	6.267567E+3
5.489101E+2	6.269983E+3
5.491667E+2	6.271682E+3
5.494233E+2	6.273250E+3
5.496799E+2	6.275496E+3
5.499365E+2	6.277797E+3
5.501931E+2	6.280157E+3
5.504496E+2	6.281802E+3
5.507062E+2	6.285748E+3
5.509627E+2	6.287589E+3
5.512192E+2	6.290764E+3
5.514758E+2	6.292540E+3
5.517323E+2	6.293513E+3
5.519888E+2	6.294802E+3
5.522453E+2	6.296349E+3
5.525018E+2	6.297687E+3
5.527583E+2	6.298496E+3
5.530147E+2	6.300513E+3
5.532712E+2	6.299633E+3
5.535277E+2	6.301212E+3
5.537841E+2	6.301999E+3
5.540406E+2	6.301961E+3
5.542970E+2	6.302851E+3
5.545534E+2	6.302977E+3
5.548098E+2	6.303321E+3
5.550663E+2	6.303453E+3
5.553227E+2	6.303442E+3
5.555791E+2	6.303797E+3
5.558354E+2	6.304321E+3
5.560918E+2	6.304944E+3
5.563482E+2	6.307835E+3
5.566046E+2	6.308185E+3
5.568609E+2	6.308753E+3
5.571173E+2	6.308294E+3
5.573736E+2	6.309387E+3
5.576299E+2	6.309704E+3
5.578862E+2	6.312037E+3
5.581426E+2	6.312015E+3
5.583989E+2	6.311633E+3
5.586552E+2	6.312627E+3
5.589114E+2	6.311939E+3
5.591677E+2	6.311573E+3
5.594240E+2	6.312201E+3
5.596803E+2	6.312420E+3
5.599365E+2	6.312835E+3
5.601928E+2	6.313239E+3
5.604490E+2	6.311485E+3
5.607052E+2	6.310846E+3
5.609614E+2	6.311245E+3
5.612177E+2	6.311529E+3
5.614739E+2	6.311234E+3
5.617301E+2	6.311294E+3
5.619863E+2	6.311398E+3
5.622424E+2	6.312152E+3
5.624986E+2	6.311873E+3
5.627548E+2	6.312239E+3
5.630109E+2	6.313092E+3
5.632671E+2	6.312551E+3
5.635232E+2	6.312321E+3
5.637794E+2	6.312474E+3
5.640355E+2	6.312201E+3
5.642916E+2	6.312300E+3
5.645477E+2	6.311720E+3
5.648038E+2	6.312168E+3
5.650599E+2	6.312513E+3
5.653160E+2	6.312496E+3
5.655721E+2	6.312556E+3
5.658281E+2	6.313447E+3
5.660842E+2	6.314097E+3
5.663402E+2	6.313518E+3
5.665963E+2	6.314097E+3
5.668523E+2	6.313463E+3
5.671083E+2	6.313671E+3
5.673644E+2	6.315638E+3
5.676204E+2	6.315633E+3
5.678764E+2	6.316048E+3
5.681324E+2	6.318403E+3
5.683883E+2	6.319343E+3
5.686443E+2	6.319103E+3
5.689003E+2	6.320993E+3
5.691562E+2	6.320966E+3
5.694122E+2	6.321327E+3
5.696681E+2	6.322354E+3
5.699241E+2	6.322021E+3
5.701800E+2	6.322004E+3
5.704359E+2	6.322529E+3
5.706918E+2	6.323004E+3
5.709477E+2	6.322431E+3
5.712036E+2	6.322381E+3
5.714595E+2	6.322611E+3
5.717154E+2	6.322524E+3
5.719713E+2	6.322026E+3
5.722271E+2	6.322168E+3
5.724830E+2	6.323731E+3
5.727388E+2	6.325278E+3
5.729947E+2	6.324993E+3
5.732505E+2	6.325606E+3
5.735063E+2	6.326157E+3
5.737621E+2	6.328485E+3
5.740179E+2	6.329387E+3
5.742737E+2	6.329392E+3
5.745295E+2	6.330753E+3
5.747853E+2	6.330638E+3
5.750411E+2	6.330556E+3
5.752968E+2	6.330458E+3
5.755526E+2	6.331141E+3
5.758083E+2	6.329349E+3
5.760641E+2	6.330463E+3
5.763198E+2	6.331759E+3
5.765755E+2	6.332769E+3
5.768312E+2	6.333354E+3
5.770869E+2	6.334447E+3
5.773426E+2	6.334726E+3
5.775983E+2	6.334589E+3
5.778540E+2	6.333595E+3
5.781097E+2	6.335906E+3
5.783653E+2	6.336376E+3
5.786210E+2	6.337977E+3
5.788766E+2	6.339212E+3
5.791323E+2	6.340201E+3
5.793879E+2	6.342791E+3
5.796435E+2	6.343021E+3
5.798991E+2	6.344190E+3
5.801547E+2	6.345343E+3
5.804103E+2	6.346190E+3
5.806659E+2	6.347278E+3
5.809215E+2	6.348693E+3
5.811771E+2	6.349387E+3
5.814327E+2	6.349819E+3
5.816882E+2	6.349305E+3
5.819438E+2	6.349868E+3
5.821993E+2	6.350371E+3
5.824548E+2	6.349682E+3
5.827104E+2	6.349873E+3
5.829659E+2	6.348300E+3
5.832214E+2	6.346687E+3
5.834769E+2	6.346365E+3
5.837324E+2	6.344655E+3
5.839878E+2	6.344595E+3
5.842433E+2	6.344059E+3
5.844988E+2	6.344010E+3
5.847542E+2	6.343365E+3
5.850097E+2	6.342622E+3
5.852651E+2	6.342999E+3
5.855206E+2	6.342704E+3
5.857760E+2	6.342420E+3
5.860314E+2	6.341174E+3
5.862868E+2	6.338993E+3
5.865422E+2	6.338037E+3
5.867976E+2	6.339278E+3
5.870530E+2	6.338371E+3
5.873084E+2	6.338026E+3
5.875637E+2	6.337245E+3
5.878191E+2	6.336912E+3
5.880744E+2	6.335562E+3
5.883298E+2	6.334928E+3
5.885851E+2	6.334857E+3
5.888404E+2	6.333993E+3
5.890958E+2	6.333737E+3
5.893511E+2	6.331895E+3
5.896064E+2	6.331606E+3
5.898617E+2	6.331163E+3
5.901169E+2	6.331108E+3
5.903722E+2	6.332086E+3
5.906275E+2	6.332682E+3
5.908827E+2	6.333840E+3
5.911380E+2	6.334228E+3
5.913932E+2	6.335595E+3
5.916485E+2	6.335387E+3
5.919037E+2	6.337272E+3
5.921589E+2	6.336573E+3
5.924141E+2	6.336261E+3
5.926693E+2	6.336742E+3
5.929245E+2	6.337786E+3
5.931797E+2	6.338649E+3
5.934349E+2	6.339218E+3
5.936900E+2	6.339999E+3
5.939452E+2	6.341097E+3
5.942004E+2	6.342360E+3
5.944555E+2	6.343065E+3
5.947106E+2	6.343644E+3
5.949658E+2	6.342567E+3
5.952209E+2	6.344562E+3
5.954760E+2	6.345786E+3
5.957311E+2	6.345922E+3
5.959862E+2	6.347551E+3
5.962413E+2	6.349108E+3
5.964963E+2	6.349310E+3
5.967514E+2	6.350157E+3
5.970065E+2	6.351234E+3
5.972615E+2	6.353442E+3
5.975166E+2	6.354589E+3
5.977716E+2	6.356791E+3
5.980266E+2	6.359048E+3
5.982816E+2	6.360857E+3
5.985367E+2	6.363928E+3
5.987917E+2	6.368835E+3
5.990467E+2	6.371103E+3
5.993016E+2	6.374185E+3
5.995566E+2	6.376961E+3
5.998116E+2	6.381065E+3
6.000665E+2	6.383972E+3
6.003215E+2	6.387207E+3
6.005764E+2	6.391769E+3
6.008314E+2	6.395447E+3
6.010863E+2	6.399343E+3
6.013412E+2	6.401769E+3
6.015961E+2	6.405474E+3
6.018510E+2	6.410939E+3
6.021059E+2	6.415562E+3
6.023608E+2	6.417972E+3
6.026157E+2	6.421622E+3
6.028706E+2	6.426480E+3
6.031254E+2	6.430895E+3
6.033803E+2	6.434655E+3
6.036351E+2	6.437698E+3
6.038900E+2	6.439698E+3
6.041448E+2	6.442562E+3
6.043996E+2	6.446491E+3
6.046544E+2	6.448141E+3
6.049092E+2	6.450802E+3
6.051640E+2	6.454802E+3
6.054188E+2	6.458540E+3
6.056736E+2	6.463004E+3
6.059283E+2	6.466157E+3
6.061831E+2	6.469731E+3
6.064378E+2	6.472769E+3
6.066926E+2	6.475524E+3
6.069473E+2	6.479108E+3
6.072021E+2	6.483256E+3
6.074568E+2	6.483873E+3
6.077115E+2	6.487218E+3
6.079662E+2	6.491294E+3
6.082209E+2	6.495075E+3
6.084756E+2	6.498376E+3
6.087302E+2	6.502578E+3
6.089849E+2	6.505862E+3
6.092396E+2	6.508381E+3
6.094942E+2	6.511780E+3
6.097489E+2	6.514458E+3
6.100035E+2	6.517147E+3
6.102581E+2	6.520283E+3
6.105127E+2	6.523518E+3
6.107674E+2	6.526371E+3
6.110220E+2	6.529502E+3
6.112766E+2	6.532075E+3
6.115311E+2	6.535196E+3
6.117857E+2	6.537835E+3
6.120403E+2	6.540622E+3
6.122948E+2	6.542360E+3
6.125494E+2	6.543709E+3
6.128039E+2	6.544283E+3
6.130585E+2	6.546458E+3
6.133130E+2	6.548753E+3
6.135675E+2	6.551371E+3
6.138220E+2	6.554933E+3
6.140765E+2	6.557256E+3
6.143310E+2	6.559840E+3
6.145855E+2	6.562819E+3
6.148400E+2	6.565824E+3
6.150945E+2	6.569097E+3
6.153489E+2	6.572010E+3
6.156034E+2	6.573983E+3
6.158578E+2	6.576595E+3
6.161123E+2	6.577606E+3
6.163667E+2	6.579136E+3
6.166211E+2	6.580682E+3
6.168755E+2	6.584223E+3
6.171299E+2	6.587212E+3
6.173843E+2	6.588791E+3
6.176387E+2	6.589649E+3
6.178931E+2	6.590032E+3
6.181474E+2	6.591070E+3
6.184018E+2	6.592010E+3
6.186561E+2	6.593250E+3
6.189105E+2	6.594939E+3
6.191648E+2	6.597032E+3
6.194191E+2	6.600103E+3
6.196735E+2	6.603868E+3
6.199278E+2	6.607223E+3
6.201821E+2	6.611884E+3
6.204364E+2	6.615993E+3
6.206907E+2	6.618218E+3
6.209449E+2	6.620136E+3
6.211992E+2	6.623496E+3
6.214535E+2	6.625830E+3
6.217077E+2	6.629114E+3
6.219619E+2	6.631065E+3
6.222162E+2	6.634562E+3
6.224704E+2	6.637267E+3
6.227246E+2	6.640381E+3
6.229788E+2	6.645256E+3
6.232330E+2	6.649840E+3
6.234872E+2	6.652513E+3
6.237414E+2	6.654502E+3
6.239956E+2	6.656223E+3
6.242498E+2	6.659015E+3
6.245039E+2	6.662157E+3
6.247581E+2	6.665704E+3
6.250122E+2	6.668458E+3
6.252663E+2	6.672141E+3
6.255205E+2	6.677250E+3
6.257746E+2	6.681556E+3
6.260287E+2	6.685671E+3
6.262828E+2	6.689469E+3
6.265369E+2	6.693070E+3
6.267910E+2	6.698360E+3
6.270450E+2	6.701682E+3
6.272991E+2	6.705660E+3
6.275532E+2	6.710737E+3
6.278072E+2	6.714573E+3
6.280613E+2	6.718726E+3
6.283153E+2	6.723644E+3
6.285693E+2	6.729048E+3
6.288233E+2	6.732463E+3
6.290773E+2	6.735447E+3
6.293313E+2	6.737748E+3
6.295853E+2	6.742791E+3
6.298393E+2	6.745709E+3
6.300933E+2	6.747742E+3
6.303472E+2	6.750584E+3
6.306012E+2	6.752835E+3
6.308551E+2	6.754775E+3
6.311091E+2	6.757518E+3
6.313630E+2	6.760606E+3
6.316169E+2	6.763797E+3
6.318709E+2	6.765305E+3
6.321248E+2	6.768168E+3
6.323787E+2	6.771190E+3
6.326326E+2	6.773573E+3
6.328864E+2	6.777709E+3
6.331403E+2	6.783939E+3
6.333942E+2	6.788786E+3
6.336480E+2	6.794469E+3
6.339019E+2	6.798152E+3
6.341557E+2	6.802502E+3
6.344095E+2	6.805977E+3
6.346634E+2	6.808824E+3
6.349172E+2	6.810759E+3
6.351710E+2	6.812168E+3
6.354248E+2	6.814168E+3
6.356786E+2	6.816223E+3
6.359324E+2	6.817748E+3
6.361861E+2	6.820737E+3
6.364399E+2	6.823693E+3
6.366936E+2	6.825075E+3
6.369474E+2	6.829354E+3
6.372011E+2	6.830595E+3
6.374549E+2	6.834983E+3
6.377086E+2	6.836660E+3
6.379623E+2	6.838332E+3
6.382160E+2	6.839075E+3
6.384697E+2	6.839491E+3
6.387234E+2	6.841130E+3
6.389771E+2	6.843387E+3
6.392307E+2	6.845502E+3
6.394844E+2	6.848147E+3
6.397380E+2	6.849611E+3
6.399917E+2	6.851966E+3
6.402453E+2	6.852928E+3
6.404990E+2	6.853709E+3
6.407526E+2	6.853873E+3
6.410062E+2	6.852988E+3
6.412598E+2	6.853453E+3
6.415134E+2	6.852556E+3
6.417670E+2	6.853097E+3
6.420206E+2	6.853185E+3
6.422741E+2	6.853567E+3
6.425277E+2	6.854338E+3
6.427812E+2	6.856431E+3
6.430348E+2	6.856316E+3
6.432883E+2	6.859218E+3
6.435418E+2	6.859830E+3
6.437954E+2	6.860677E+3
6.440489E+2	6.861469E+3
6.443024E+2	6.862300E+3
6.445559E+2	6.864660E+3
6.448094E+2	6.866983E+3
6.450628E+2	6.865999E+3
6.453163E+2	6.868300E+3
6.455698E+2	6.871021E+3
6.458232E+2	6.872212E+3
6.460767E+2	6.873993E+3
6.463301E+2	6.876720E+3
6.465835E+2	6.878677E+3
6.468369E+2	6.881305E+3
6.470903E+2	6.883933E+3
6.473437E+2	6.887595E+3
6.475971E+2	6.889868E+3
6.478505E+2	6.890655E+3
6.481039E+2	6.893245E+3
6.483573E+2	6.893693E+3
6.486106E+2	6.893545E+3
6.488640E+2	6.893851E+3
6.491173E+2	6.893720E+3
6.493706E+2	6.893698E+3
6.496240E+2	6.894469E+3
6.498773E+2	6.896638E+3
6.501306E+2	6.897791E+3
6.503839E+2	6.900300E+3
6.506372E+2	6.902152E+3
6.508905E+2	6.903480E+3
6.511437E+2	6.905070E+3
6.513970E+2	6.906840E+3
6.516503E+2	6.907289E+3
6.519035E+2	6.909371E+3
6.521567E+2	6.909737E+3
6.524100E+2	6.909338E+3
6.526632E+2	6.910917E+3
6.529164E+2	6.911250E+3
6.531696E+2	6.913644E+3
6.534228E+2	6.915890E+3
6.536760E+2	6.917491E+3
6.539292E+2	6.918939E+3
6.541824E+2	6.920797E+3
6.544355E+2	6.923267E+3
6.546887E+2	6.926534E+3
6.549418E+2	6.929616E+3
6.551950E+2	6.933081E+3
6.554481E+2	6.935086E+3
6.557012E+2	6.938365E+3
6.559543E+2	6.941731E+3
6.562074E+2	6.943977E+3
6.564605E+2	6.948283E+3
6.567136E+2	6.952622E+3
6.569667E+2	6.957655E+3
6.572198E+2	6.961616E+3
6.574728E+2	6.964862E+3
6.577259E+2	6.966764E+3
6.579789E+2	6.969950E+3
6.582319E+2	6.971677E+3
6.584850E+2	6.976026E+3
6.587380E+2	6.979425E+3
6.589910E+2	6.984228E+3
6.592440E+2	6.989037E+3
6.594970E+2	6.990917E+3
6.597500E+2	6.995141E+3
6.600030E+2	6.997917E+3
6.602559E+2	7.001065E+3
6.605089E+2	7.004944E+3
6.607618E+2	7.005693E+3
6.610148E+2	7.008780E+3
6.612677E+2	7.011070E+3
6.615206E+2	7.014939E+3
6.617736E+2	7.016518E+3
6.620265E+2	7.018354E+3
6.622794E+2	7.019414E+3
6.625323E+2	7.022125E+3
6.627851E+2	7.024463E+3
6.630380E+2	7.028218E+3
6.632909E+2	7.032097E+3
6.635437E+2	7.035043E+3
6.637966E+2	7.038458E+3
6.640494E+2	7.041797E+3
6.643023E+2	7.047567E+3
6.645551E+2	7.052289E+3
6.648079E+2	7.058704E+3
6.650607E+2	7.064327E+3
6.653135E+2	7.068392E+3
6.655663E+2	7.074272E+3
6.658191E+2	7.078239E+3
6.660718E+2	7.083759E+3
6.663246E+2	7.089895E+3
6.665774E+2	7.096398E+3
6.668301E+2	7.100032E+3
6.670828E+2	7.107097E+3
6.673356E+2	7.112278E+3
6.675883E+2	7.118152E+3
6.678410E+2	7.122862E+3
6.680937E+2	7.127365E+3
6.683464E+2	7.132103E+3
6.685991E+2	7.135693E+3
6.688518E+2	7.139830E+3
6.691044E+2	7.144332E+3
6.693571E+2	7.149502E+3
6.696098E+2	7.154682E+3
6.698624E+2	7.158261E+3
6.701150E+2	7.162677E+3
6.703677E+2	7.168065E+3
6.706203E+2	7.173026E+3
6.708729E+2	7.177534E+3
6.711255E+2	7.182037E+3
6.713781E+2	7.188278E+3
6.716307E+2	7.193813E+3
6.718832E+2	7.198513E+3
6.721358E+2	7.201813E+3
6.723884E+2	7.206819E+3
6.726409E+2	7.210387E+3
6.728935E+2	7.213988E+3
6.731460E+2	7.217846E+3
6.733985E+2	7.221567E+3
6.736510E+2	7.224780E+3
6.739035E+2	7.225857E+3
6.741560E+2	7.227513E+3
6.744085E+2	7.229660E+3
6.746610E+2	7.232190E+3
6.749135E+2	7.235524E+3
6.751660E+2	7.238846E+3
6.754184E+2	7.242474E+3
6.756709E+2	7.246207E+3
6.759233E+2	7.250157E+3
6.761757E+2	7.255840E+3
6.764282E+2	7.260015E+3
6.766806E+2	7.266010E+3
6.769330E+2	7.270693E+3
6.771854E+2	7.276589E+3
6.774378E+2	7.281830E+3
6.776901E+2	7.287644E+3
6.779425E+2	7.291524E+3
6.781949E+2	7.295305E+3
6.784472E+2	7.298873E+3
6.786996E+2	7.302977E+3
6.789519E+2	7.308529E+3
6.792042E+2	7.312950E+3
6.794566E+2	7.317502E+3
6.797089E+2	7.321081E+3
6.799612E+2	7.325349E+3
6.802135E+2	7.328775E+3
6.804657E+2	7.331556E+3
6.807180E+2	7.334420E+3
6.809703E+2	7.337890E+3
6.812226E+2	7.342709E+3
6.814748E+2	7.345693E+3
6.817270E+2	7.348955E+3
6.819793E+2	7.350431E+3
6.822315E+2	7.355103E+3
6.824837E+2	7.358141E+3
6.827359E+2	7.360655E+3
6.829881E+2	7.363868E+3
6.832403E+2	7.368136E+3
6.834925E+2	7.372633E+3
6.837447E+2	7.376201E+3
6.839968E+2	7.380529E+3
6.842490E+2	7.384179E+3
6.845011E+2	7.388234E+3
6.847533E+2	7.391081E+3
6.850054E+2	7.393993E+3
6.852575E+2	7.396912E+3
6.855097E+2	7.399988E+3
6.857618E+2	7.402606E+3
6.860139E+2	7.405573E+3
6.862659E+2	7.409873E+3
6.865180E+2	7.413540E+3
6.867701E+2	7.414753E+3
6.870222E+2	7.418223E+3
6.872742E+2	7.421065E+3
6.875263E+2	7.425360E+3
6.877783E+2	7.428983E+3
6.880303E+2	7.432223E+3
6.882823E+2	7.437890E+3
6.885343E+2	7.445239E+3
6.887864E+2	7.452343E+3
6.890383E+2	7.459196E+3
6.892903E+2	7.466289E+3
6.895423E+2	7.472245E+3
6.897943E+2	7.478201E+3
6.900462E+2	7.482272E+3
6.902982E+2	7.487966E+3
6.905501E+2	7.491595E+3
6.908021E+2	7.496518E+3
6.910540E+2	7.501196E+3
6.913059E+2	7.506125E+3
6.915578E+2	7.510163E+3
6.918097E+2	7.515398E+3
6.920616E+2	7.519644E+3
6.923135E+2	7.523081E+3
6.925654E+2	7.526218E+3
6.928172E+2	7.530518E+3
6.930691E+2	7.533562E+3
6.933209E+2	7.536458E+3
6.935728E+2	7.542168E+3
6.938246E+2	7.547218E+3
6.940764E+2	7.552261E+3
6.943282E+2	7.555857E+3
6.945800E+2	7.560573E+3
6.948318E+2	7.565813E+3
6.950836E+2	7.569065E+3
6.953354E+2	7.572201E+3
6.955872E+2	7.574759E+3
6.958389E+2	7.578917E+3
6.960907E+2	7.583327E+3
6.963424E+2	7.585218E+3
6.965942E+2	7.586584E+3
6.968459E+2	7.587966E+3
6.970976E+2	7.590901E+3
6.973493E+2	7.593704E+3
6.976010E+2	7.596797E+3
6.978527E+2	7.599294E+3
6.981044E+2	7.603693E+3
6.983561E+2	7.607835E+3
6.986077E+2	7.610917E+3
6.988594E+2	7.613726E+3
6.991110E+2	7.616813E+3
6.993627E+2	7.619906E+3
6.996143E+2	7.623108E+3
6.998659E+2	7.624026E+3
7.001175E+2	7.626201E+3
7.003692E+2	7.627321E+3
7.006207E+2	7.628993E+3
7.008723E+2	7.629065E+3
7.011239E+2	7.629425E+3
7.013755E+2	7.630283E+3
7.016271E+2	7.630381E+3
7.018786E+2	7.630742E+3
7.021302E+2	7.631917E+3
7.023817E+2	7.632425E+3
7.026332E+2	7.632239E+3
7.028847E+2	7.631136E+3
7.031362E+2	7.630513E+3
7.033878E+2	7.631917E+3
7.036392E+2	7.631250E+3
7.038907E+2	7.629256E+3
7.041422E+2	7.626584E+3
7.043937E+2	7.625627E+3
7.046451E+2	7.625769E+3
7.048966E+2	7.627589E+3
7.051480E+2	7.629775E+3
7.053995E+2	7.631813E+3
7.056509E+2	7.635097E+3
7.059023E+2	7.637578E+3
7.061537E+2	7.639414E+3
7.064051E+2	7.638797E+3
7.066565E+2	7.638305E+3
7.069079E+2	7.638704E+3
7.071593E+2	7.637037E+3
7.074106E+2	7.634884E+3
7.076620E+2	7.632589E+3
7.079133E+2	7.631272E+3
7.081647E+2	7.630534E+3
7.084160E+2	7.630147E+3
7.086673E+2	7.631010E+3
7.089186E+2	7.628272E+3
7.091699E+2	7.626278E+3
7.094212E+2	7.624485E+3
7.096725E+2	7.621660E+3
7.099238E+2	7.618928E+3
7.101751E+2	7.615759E+3
7.104263E+2	7.614185E+3
7.106776E+2	7.611114E+3
7.109288E+2	7.608371E+3
7.111800E+2	7.603862E+3
7.114313E+2	7.602343E+3
7.116825E+2	7.601682E+3
7.119337E+2	7.602010E+3
7.121849E+2	7.602026E+3
7.124361E+2	7.598097E+3
7.126873E+2	7.596485E+3
7.129384E+2	7.594081E+3
7.131896E+2	7.591529E+3
7.134408E+2	7.586469E+3
7.136919E+2	7.581207E+3
7.139430E+2	7.575731E+3
7.141942E+2	7.573075E+3
7.144453E+2	7.569966E+3
7.146964E+2	7.567349E+3
7.149475E+2	7.566906E+3
7.151986E+2	7.570103E+3
7.154497E+2	7.572540E+3
7.157008E+2	7.573026E+3
7.159518E+2	7.575092E+3
7.162029E+2	7.576431E+3
7.164540E+2	7.580125E+3
7.167050E+2	7.582201E+3
7.169560E+2	7.586070E+3
7.172071E+2	7.588054E+3
7.174581E+2	7.591267E+3
7.177091E+2	7.593398E+3
7.179601E+2	7.594895E+3
7.182111E+2	7.596928E+3
7.184621E+2	7.597212E+3
7.187130E+2	7.597496E+3
7.189640E+2	7.597890E+3
7.192150E+2	7.596201E+3
7.194659E+2	7.594830E+3
7.197169E+2	7.591480E+3
7.199678E+2	7.589278E+3
7.202187E+2	7.584644E+3
7.204696E+2	7.577901E+3
7.207205E+2	7.571545E+3
7.209714E+2	7.565059E+3
7.212223E+2	7.559873E+3
7.214732E+2	7.554223E+3
7.217241E+2	7.552097E+3
7.219749E+2	7.548780E+3
7.222258E+2	7.543403E+3
7.224766E+2	7.539589E+3
7.227274E+2	7.536846E+3
7.229783E+2	7.534463E+3
7.232291E+2	7.532004E+3
7.234799E+2	7.528332E+3
7.237307E+2	7.524682E+3
7.239815E+2	7.521398E+3
7.242323E+2	7.520245E+3
7.244830E+2	7.518660E+3
7.247338E+2	7.518043E+3
7.249846E+2	7.518655E+3
7.252353E+2	7.518819E+3
7.254861E+2	7.517070E+3
7.257368E+2	7.514185E+3
7.259875E+2	7.512824E+3
7.262382E+2	7.510534E+3
7.264889E+2	7.507835E+3
7.267396E+2	7.504890E+3
7.269903E+2	7.502529E+3
7.272410E+2	7.500797E+3
7.274917E+2	7.502196E+3
7.277423E+2	7.504201E+3
7.279930E+2	7.505256E+3
7.282436E+2	7.507769E+3
7.284942E+2	7.509398E+3
7.287449E+2	7.514190E+3
7.289955E+2	7.519731E+3
7.292461E+2	7.526425E+3
7.294967E+2	7.531851E+3
7.297473E+2	7.538387E+3
7.299979E+2	7.543201E+3
7.302484E+2	7.544403E+3
7.304990E+2	7.542004E+3
7.307496E+2	7.537972E+3
7.310001E+2	7.536655E+3
7.312507E+2	7.534813E+3
7.315012E+2	7.532775E+3
7.317517E+2	7.528338E+3
7.320022E+2	7.526316E+3
7.322527E+2	7.523168E+3
7.325032E+2	7.522414E+3
7.327537E+2	7.520944E+3
7.330042E+2	7.521190E+3
7.332547E+2	7.521950E+3
7.335051E+2	7.522753E+3
7.337556E+2	7.524278E+3
7.340060E+2	7.525518E+3
7.342564E+2	7.529365E+3
7.345069E+2	7.535442E+3
7.347573E+2	7.545939E+3
7.350077E+2	7.560928E+3
7.352581E+2	7.574682E+3
7.355085E+2	7.589573E+3
7.357589E+2	7.606207E+3
7.360092E+2	7.623228E+3
7.362596E+2	7.641480E+3
7.365100E+2	7.660436E+3
7.367603E+2	7.675507E+3
7.370106E+2	7.686868E+3
7.372610E+2	7.698338E+3
7.375113E+2	7.712207E+3
7.377616E+2	7.724551E+3
7.380119E+2	7.734912E+3
7.382622E+2	7.745256E+3
7.385125E+2	7.755294E+3
7.387628E+2	7.766988E+3
7.390130E+2	7.781360E+3
7.392633E+2	7.797026E+3
7.395135E+2	7.812376E+3
7.397638E+2	7.827709E+3
7.400140E+2	7.844534E+3
7.402642E+2	7.864354E+3
7.405144E+2	7.886081E+3
7.407647E+2	7.911174E+3
7.410149E+2	7.937469E+3
7.412650E+2	7.967534E+3
7.415152E+2	8.002332E+3
7.417654E+2	8.047097E+3
7.420156E+2	8.098977E+3
7.422657E+2	8.163480E+3
7.425159E+2	8.245737E+3
7.427660E+2	8.348310E+3
7.430161E+2	8.471611E+3
7.432662E+2	8.605015E+3
7.435164E+2	8.737343E+3
7.437665E+2	8.870043E+3
7.440165E+2	9.001119E+3
7.442666E+2	9.131518E+3
7.445167E+2	9.261524E+3
7.447668E+2	9.390201E+3
7.450168E+2	9.518480E+3
7.452669E+2	9.636906E+3
7.455169E+2	9.720644E+3
7.457669E+2	9.788513E+3
7.460170E+2	9.854338E+3
7.462670E+2	9.921753E+3
7.465170E+2	9.983529E+3
7.467670E+2	1.004477E+4
7.470170E+2	1.011611E+4
7.472670E+2	1.020716E+4
7.475169E+2	1.032589E+4
7.477669E+2	1.044087E+4
7.480168E+2	1.052669E+4
7.482668E+2	1.059370E+4
7.485167E+2	1.066292E+4
7.487666E+2	1.074358E+4
7.490166E+2	1.083305E+4
7.492665E+2	1.091498E+4
7.495164E+2	1.098885E+4
7.497663E+2	1.105549E+4
7.500161E+2	1.111820E+4
7.502660E+2	1.117262E+4
7.505159E+2	1.121874E+4
7.507657E+2	1.125636E+4
7.510156E+2	1.128832E+4
7.512654E+2	1.131648E+4
7.515152E+2	1.134229E+4
7.517651E+2	1.136820E+4
7.520149E+2	1.139479E+4
7.522647E+2	1.142455E+4
7.525145E+2	1.145817E+4
7.527643E+2	1.149268E+4
7.530140E+2	1.153093E+4
7.532638E+2	1.157511E+4
7.535136E+2	1.162406E+4
7.537633E+2	1.167799E+4
7.540131E+2	1.173871E+4
7.542628E+2	1.180461E+4
7.545125E+2	1.186689E+4
7.547622E+2	1.192133E+4
7.550119E+2	1.196821E+4
7.552616E+2	1.200702E+4
7.555113E+2	1.204310E+4
7.557610E+2	1.207687E+4
7.560107E+2	1.210465E+4
7.562603E+2	1.213168E+4
7.565100E+2	1.215035E+4
7.567596E+2	1.216205E+4
7.570093E+2	1.216366E+4
7.572589E+2	1.215409E+4
7.575085E+2	1.212965E+4
7.577581E+2	1.208744E+4
7.580077E+2	1.202256E+4
7.582573E+2	1.193877E+4
7.585069E+2	1.184398E+4
7.587565E+2	1.174850E+4
7.590060E+2	1.165058E+4
7.592556E+2	1.155533E+4
7.595051E+2	1.146067E+4
7.597547E+2	1.136550E+4
7.600042E+2	1.126768E+4
7.602537E+2	1.116554E+4
7.605032E+2	1.107263E+4
7.607527E+2	1.101612E+4
7.610022E+2	1.097789E+4
7.612517E+2	1.094537E+4
7.615012E+2	1.091253E+4
7.617507E+2	1.088842E+4
7.620001E+2	1.086879E+4
7.622496E+2	1.083896E+4
7.624990E+2	1.078682E+4
7.627485E+2	1.070455E+4
7.629979E+2	1.062540E+4
7.632473E+2	1.057927E+4
7.634967E+2	1.055399E+4
7.637461E+2	1.052405E+4
7.639955E+2	1.047947E+4
7.642449E+2	1.042182E+4
7.644942E+2	1.036711E+4
7.647436E+2	1.031671E+4
7.649930E+2	1.027084E+4
7.652423E+2	1.022562E+4
7.654916E+2	1.018592E+4
7.657410E+2	1.015581E+4
7.659903E+2	1.013465E+4
7.662396E+2	1.012061E+4
7.664889E+2	1.011051E+4
7.667382E+2	1.009712E+4
7.669875E+2	1.008374E+4
7.672367E+2	1.007303E+4
7.674860E+2	1.005771E+4
7.677353E+2	1.003696E+4
7.679845E+2	1.001400E+4
7.682337E+2	9.989409E+3
7.684830E+2	9.961972E+3
7.687322E+2	9.934447E+3
7.689814E+2	9.910207E+3
7.692306E+2	9.880884E+3
7.694798E+2	9.843502E+3
7.697290E+2	9.807218E+3
7.699782E+2	9.784196E+3
7.702273E+2	9.770332E+3
7.704765E+2	9.765917E+3
7.707256E+2	9.762753E+3
7.709748E+2	9.763584E+3
7.712239E+2	9.771065E+3
7.714730E+2	9.780529E+3
7.717222E+2	9.795687E+3
7.719713E+2	9.813228E+3
7.722204E+2	9.830114E+3
7.724694E+2	9.850638E+3
7.727185E+2	9.872453E+3
7.729676E+2	9.892671E+3
7.732167E+2	9.910283E+3
7.734657E+2	9.922786E+3
7.737147E+2	9.929414E+3
7.739638E+2	9.933496E+3
7.742128E+2	9.936884E+3
7.744618E+2	9.935851E+3
7.747108E+2	9.932726E+3
7.749598E+2	9.928015E+3
7.752088E+2	9.925185E+3
7.754578E+2	9.927742E+3
7.757068E+2	9.930398E+3
7.759557E+2	9.932873E+3
7.762047E+2	9.933567E+3
7.764536E+2	9.929185E+3
7.767026E+2	9.921327E+3
7.769515E+2	9.910759E+3
7.772004E+2	9.897873E+3
7.774493E+2	9.885742E+3
7.776982E+2	9.870666E+3
7.779471E+2	9.858529E+3
7.781960E+2	9.843453E+3
7.784449E+2	9.824261E+3
7.786938E+2	9.803589E+3
7.789426E+2	9.789190E+3
7.791915E+2	9.781223E+3
7.794403E+2	9.783349E+3
7.796891E+2	9.792507E+3
7.799380E+2	9.804660E+3
7.801868E+2	9.818562E+3
7.804356E+2	9.830884E+3
7.806844E+2	9.841524E+3
7.809332E+2	9.848944E+3
7.811819E+2	9.858442E+3
7.814307E+2	9.868797E+3
7.816795E+2	9.880912E+3
7.819282E+2	9.894174E+3
7.821770E+2	9.906338E+3
7.824257E+2	9.916218E+3
7.826744E+2	9.928305E+3
7.829231E+2	9.940453E+3
7.831718E+2	9.951731E+3
7.834205E+2	9.957611E+3
7.836692E+2	9.958737E+3
7.839179E+2	9.954622E+3
7.841666E+2	9.943360E+3
7.844152E+2	9.927655E+3
7.846639E+2	9.913616E+3
7.849125E+2	9.897813E+3
7.851612E+2	9.876901E+3
7.854098E+2	9.852289E+3
7.856584E+2	9.822130E+3
7.859070E+2	9.790108E+3
7.861556E+2	9.755305E+3
7.864042E+2	9.719513E+3
7.866528E+2	9.680545E+3
7.869014E+2	9.640988E+3
7.871499E+2	9.602524E+3
7.873985E+2	9.566726E+3
7.876470E+2	9.529534E+3
7.878956E+2	9.491272E+3
7.881441E+2	9.452491E+3
7.883926E+2	9.416086E+3
7.886411E+2	9.384584E+3
7.888896E+2	9.360327E+3
7.891381E+2	9.340775E+3
7.893866E+2	9.327136E+3
7.896351E+2	9.314540E+3
7.898835E+2	9.304152E+3
7.901320E+2	9.295398E+3
7.903804E+2	9.288715E+3
7.906289E+2	9.280627E+3
7.908773E+2	9.274114E+3
7.911257E+2	9.264704E+3
7.913742E+2	9.256108E+3
7.916226E+2	9.249179E+3
7.918709E+2	9.240228E+3
7.921193E+2	9.230862E+3
7.923677E+2	9.218458E+3
7.926161E+2	9.204840E+3
7.928644E+2	9.194830E+3
7.931128E+2	9.181988E+3
7.933611E+2	9.169857E+3
7.936095E+2	9.155436E+3
7.938578E+2	9.138567E+3
7.941061E+2	9.117381E+3
7.943544E+2	9.092463E+3
7.946027E+2	9.062103E+3
7.948510E+2	9.027108E+3
7.950993E+2	8.989141E+3
7.953475E+2	8.953862E+3
7.955958E+2	8.917584E+3
7.958440E+2	8.880671E+3
7.960923E+2	8.846551E+3
7.963405E+2	8.809895E+3
7.965887E+2	8.769589E+3
7.968370E+2	8.729644E+3
7.970852E+2	8.693606E+3
7.973334E+2	8.659742E+3
7.975816E+2	8.630513E+3
7.978297E+2	8.603174E+3
7.980779E+2	8.577851E+3
7.983261E+2	8.552687E+3
7.985742E+2	8.533376E+3
7.988224E+2	8.519786E+3
7.990705E+2	8.509442E+3
7.993186E+2	8.499906E+3
7.995668E+2	8.491168E+3
7.998149E+2	8.480103E+3
8.000630E+2	8.471791E+3
8.003111E+2	8.460616E+3
8.005591E+2	8.449256E+3
8.008072E+2	8.435862E+3
8.010553E+2	8.418261E+3
8.013033E+2	8.399070E+3
8.015514E+2	8.377108E+3
8.017994E+2	8.358573E+3
8.020474E+2	8.341682E+3
8.022955E+2	8.325589E+3
8.025435E+2	8.309835E+3
8.027915E+2	8.294283E+3
8.030395E+2	8.281769E+3
8.032874E+2	8.271048E+3
8.035354E+2	8.261032E+3
8.037834E+2	8.248103E+3
8.040313E+2	8.234906E+3
8.042793E+2	8.220343E+3
8.045272E+2	8.205573E+3
8.047752E+2	8.195174E+3
8.050231E+2	8.188015E+3
8.052710E+2	8.187748E+3
8.055189E+2	8.189010E+3
8.057668E+2	8.193310E+3
8.060147E+2	8.198092E+3
8.062625E+2	8.201780E+3
8.065104E+2	8.203338E+3
8.067583E+2	8.202638E+3
8.070061E+2	8.206775E+3
8.072540E+2	8.212649E+3
8.075018E+2	8.224950E+3
8.077496E+2	8.243272E+3
8.079974E+2	8.267136E+3
8.082452E+2	8.299611E+3
8.084930E+2	8.330802E+3
8.087408E+2	8.363966E+3
8.089886E+2	8.394228E+3
8.092364E+2	8.423764E+3
8.094841E+2	8.453791E+3
8.097319E+2	8.486540E+3
8.099796E+2	8.523775E+3
8.102273E+2	8.566534E+3
8.104751E+2	8.609321E+3
8.107228E+2	8.653152E+3
8.109705E+2	8.695453E+3
8.112182E+2	8.733360E+3
8.114659E+2	8.766316E+3
8.117135E+2	8.794704E+3
8.119612E+2	8.815950E+3
8.122089E+2	8.829666E+3
8.124565E+2	8.837463E+3
8.127042E+2	8.838846E+3
8.129518E+2	8.836704E+3
8.131994E+2	8.830912E+3
8.134470E+2	8.822819E+3
8.136946E+2	8.812075E+3
8.139422E+2	8.797015E+3
8.141898E+2	8.779830E+3
8.144374E+2	8.762502E+3
8.146850E+2	8.745343E+3
8.149325E+2	8.728447E+3
8.151801E+2	8.706922E+3
8.154276E+2	8.683179E+3
8.156752E+2	8.657709E+3
8.159227E+2	8.635453E+3
8.161702E+2	8.618622E+3
8.164177E+2	8.604283E+3
8.166652E+2	8.589731E+3
8.169127E+2	8.574453E+3
8.171602E+2	8.556890E+3
8.174077E+2	8.539873E+3
8.176551E+2	8.525988E+3
8.179026E+2	8.516606E+3
8.181500E+2	8.508256E+3
8.183975E+2	8.503753E+3
8.186449E+2	8.498906E+3
8.188923E+2	8.494709E+3
8.191397E+2	8.488212E+3
8.193871E+2	8.475152E+3
8.196345E+2	8.454671E+3
8.198819E+2	8.425704E+3
8.201293E+2	8.390136E+3
8.203766E+2	8.344234E+3
8.206240E+2	8.295332E+3
8.208713E+2	8.241972E+3
8.211187E+2	8.187917E+3
8.213660E+2	8.136622E+3
8.216133E+2	8.085726E+3
8.218606E+2	8.036578E+3
8.221079E+2	7.983999E+3
8.223552E+2	7.926545E+3
8.226025E+2	7.863687E+3
8.228498E+2	7.794687E+3
8.230970E+2	7.719748E+3
8.233443E+2	7.636622E+3
8.235915E+2	7.555392E+3
8.238388E+2	7.473261E+3
8.240860E+2	7.395239E+3
8.243332E+2	7.318371E+3
8.245804E+2	7.239354E+3
8.248276E+2	7.157168E+3
8.250748E+2	7.071993E+3
8.253220E+2	6.982425E+3
8.255692E+2	6.890092E+3
8.258163E+2	6.796212E+3
8.260635E+2	6.704802E+3
8.263106E+2	6.615010E+3
8.265578E+2	6.528371E+3
8.268049E+2	6.447436E+3
8.270520E+2	6.371534E+3
8.272991E+2	6.300633E+3
8.275462E+2	6.233545E+3
8.277933E+2	6.170491E+3
8.280404E+2	6.110791E+3
8.282875E+2	6.054261E+3
8.285345E+2	6.000671E+3
8.287816E+2	5.947305E+3
8.290287E+2	5.894988E+3
8.292757E+2	5.842983E+3
8.295227E+2	5.788901E+3
8.297697E+2	5.734327E+3
8.300168E+2	5.679977E+3
8.302638E+2	5.629742E+3
8.305107E+2	5.584218E+3
8.307577E+2	5.542021E+3
8.310047E+2	5.500502E+3
8.312517E+2	5.456627E+3
8.314986E+2	5.411791E+3
8.317456E+2	5.368737E+3
8.319925E+2	5.325403E+3
8.322394E+2	5.282081E+3
8.324864E+2	5.237906E+3
8.327333E+2	5.190387E+3
8.329802E+2	5.136693E+3
8.332271E+2	5.081075E+3
8.334740E+2	5.019147E+3
8.337208E+2	4.957715E+3
8.339677E+2	4.897884E+3
8.342146E+2	4.837534E+3
8.344614E+2	4.783256E+3
8.347082E+2	4.733223E+3
8.349551E+2	4.687895E+3
8.352019E+2	4.644174E+3
8.354487E+2	4.604059E+3
8.356955E+2	4.563480E+3
8.359423E+2	4.522928E+3
8.361891E+2	4.482917E+3
8.364359E+2	4.443398E+3
8.366826E+2	4.405879E+3
8.369294E+2	4.369185E+3
8.371761E+2	4.334518E+3
8.374229E+2	4.302097E+3
8.376696E+2	4.271780E+3
8.379163E+2	4.241693E+3
8.381630E+2	4.212584E+3
8.384097E+2	4.185403E+3
8.386564E+2	4.159611E+3
8.389031E+2	4.135174E+3
8.391498E+2	4.109513E+3
8.393965E+2	4.084644E+3
8.396431E+2	4.061387E+3
8.398898E+2	4.038983E+3
8.401364E+2	4.017147E+3
8.403830E+2	3.996830E+3
8.406297E+2	3.976108E+3
8.408763E+2	3.956720E+3
8.411229E+2	3.937327E+3
8.413695E+2	3.918955E+3
8.416161E+2	3.902573E+3
8.418626E+2	3.886890E+3
8.421092E+2	3.871250E+3
8.423558E+2	3.855431E+3
8.426023E+2	3.839518E+3
8.428489E+2	3.823709E+3
8.430954E+2	3.807463E+3
8.433419E+2	3.792147E+3
8.435884E+2	3.776239E+3
8.438349E+2	3.761944E+3
8.440814E+2	3.747737E+3
8.443279E+2	3.731944E+3
8.445744E+2	3.716300E+3
8.448208E+2	3.700731E+3
8.450673E+2	3.685655E+3
8.453138E+2	3.670491E+3
8.455602E+2	3.654420E+3
8.458066E+2	3.638922E+3
8.460530E+2	3.621868E+3
8.462995E+2	3.605868E+3
8.465459E+2	3.589004E+3
8.467923E+2	3.571540E+3
8.470386E+2	3.553720E+3
8.472850E+2	3.534682E+3
8.475314E+2	3.515289E+3
8.477777E+2	3.495289E+3
8.480241E+2	3.475961E+3
8.482704E+2	3.456840E+3
8.485168E+2	3.439983E+3
8.487631E+2	3.422414E+3
8.490094E+2	3.404556E+3
8.492557E+2	3.388556E+3
8.495020E+2	3.373655E+3
8.497483E+2	3.359453E+3
8.499946E+2	3.344469E+3
8.502408E+2	3.331136E+3
8.504871E+2	3.317234E+3
8.507333E+2	3.303666E+3
8.509796E+2	3.290972E+3
8.512258E+2	3.278179E+3
8.514720E+2	3.266283E+3
8.517182E+2	3.253972E+3
8.519644E+2	3.242534E+3
8.522106E+2	3.229769E+3
8.524568E+2	3.218021E+3
8.527030E+2	3.205289E+3
8.529492E+2	3.192687E+3
8.531953E+2	3.179922E+3
8.534415E+2	3.167272E+3
8.536876E+2	3.154431E+3
8.539337E+2	3.141300E+3
8.541799E+2	3.128616E+3
8.544260E+2	3.116529E+3
8.546721E+2	3.104802E+3
8.549182E+2	3.091890E+3
8.551643E+2	3.078321E+3
8.554103E+2	3.064371E+3
8.556564E+2	3.051376E+3
8.559024E+2	3.038054E+3
8.561485E+2	3.024305E+3
8.563945E+2	3.011261E+3
8.566406E+2	2.998310E+3
8.568866E+2	2.984381E+3
8.571326E+2	2.970261E+3
8.573786E+2	2.955278E+3
8.576246E+2	2.941616E+3
8.578706E+2	2.928037E+3
8.581166E+2	2.914797E+3
8.583625E+2	2.901649E+3
8.586085E+2	2.889010E+3
8.588544E+2	2.874606E+3
8.591004E+2	2.861420E+3
8.593463E+2	2.849278E+3
8.595922E+2	2.837802E+3
8.598381E+2	2.825802E+3
8.600840E+2	2.814081E+3
8.603299E+2	2.804381E+3
8.605758E+2	2.795125E+3
8.608217E+2	2.784879E+3
8.610675E+2	2.776092E+3
8.613134E+2	2.767671E+3
8.615592E+2	2.760354E+3
8.618051E+2	2.752136E+3
8.620509E+2	2.743207E+3
8.622967E+2	2.735518E+3
8.625425E+2	2.727966E+3
8.627883E+2	2.718759E+3
8.630341E+2	2.709540E+3
8.632799E+2	2.699906E+3
8.635257E+2	2.690813E+3
8.637715E+2	2.679999E+3
8.640172E+2	2.668857E+3
8.642630E+2	2.658485E+3
8.645087E+2	2.647360E+3
8.647544E+2	2.635655E+3
8.650001E+2	2.624147E+3
8.652459E+2	2.612447E+3
8.654916E+2	2.601988E+3
8.657372E+2	2.591086E+3
8.659829E+2	2.580764E+3
8.662286E+2	2.570775E+3
8.664743E+2	2.560715E+3
8.667199E+2	2.550048E+3
8.669656E+2	2.539141E+3
8.672112E+2	2.529638E+3
8.674568E+2	2.519644E+3
8.677024E+2	2.509168E+3
8.679481E+2	2.498600E+3
8.681937E+2	2.488152E+3
8.684392E+2	2.476551E+3
8.686848E+2	2.465332E+3
8.689304E+2	2.454108E+3
8.691760E+2	2.442988E+3
8.694215E+2	2.431349E+3
8.696671E+2	2.419136E+3
8.699126E+2	2.408387E+3
8.701581E+2	2.397966E+3
8.704036E+2	2.386906E+3
8.706491E+2	2.375813E+3
8.708946E+2	2.364824E+3
8.711401E+2	2.354944E+3
8.713856E+2	2.345819E+3
8.716311E+2	2.335901E+3
8.718766E+2	2.326562E+3
8.721220E+2	2.317185E+3
8.723674E+2	2.308737E+3
8.726129E+2	2.300125E+3
8.728583E+2	2.291742E+3
8.731037E+2	2.282759E+3
8.733491E+2	2.273469E+3
8.735945E+2	2.264726E+3
8.738399E+2	2.257185E+3
8.740853E+2	2.249502E+3
8.743307E+2	2.241234E+3
8.745760E+2	2.232015E+3
8.748214E+2	2.223759E+3
8.750667E+2	2.215780E+3
8.753121E+2	2.205666E+3
8.755574E+2	2.195840E+3
8.758027E+2	2.185862E+3
8.760480E+2	2.176802E+3
8.762933E+2	2.166693E+3
8.765386E+2	2.155906E+3
8.767839E+2	2.146032E+3
8.770291E+2	2.136300E+3
8.772744E+2	2.126726E+3
8.775196E+2	2.116988E+3
8.777649E+2	2.108043E+3
8.780101E+2	2.099868E+3
8.782553E+2	2.091207E+3
8.785006E+2	2.081365E+3
8.787458E+2	2.072846E+3
8.789910E+2	2.065469E+3
8.792361E+2	2.058414E+3
8.794813E+2	2.050830E+3
8.797265E+2	2.043136E+3
8.799717E+2	2.035840E+3
8.802168E+2	2.028753E+3
8.804619E+2	2.020682E+3
8.807071E+2	2.012988E+3
8.809522E+2	2.005234E+3
8.811973E+2	1.997185E+3
8.814424E+2	1.989420E+3
8.816875E+2	1.983048E+3
8.819326E+2	1.977070E+3
8.821777E+2	1.969851E+3
8.824227E+2	1.962780E+3
8.826678E+2	1.957141E+3
8.829128E+2	1.950972E+3
8.831579E+2	1.944201E+3
8.834029E+2	1.938868E+3
8.836479E+2	1.932917E+3
8.838929E+2	1.928086E+3
8.841379E+2	1.923491E+3
8.843829E+2	1.917955E+3
8.846279E+2	1.913256E+3
8.848729E+2	1.908693E+3
8.851179E+2	1.904075E+3
8.853628E+2	1.898879E+3
8.856078E+2	1.893633E+3
8.858527E+2	1.889070E+3
8.860976E+2	1.884436E+3
8.863425E+2	1.879021E+3
8.865875E+2	1.873655E+3
8.868324E+2	1.867742E+3
8.870772E+2	1.862256E+3
8.873221E+2	1.857283E+3
8.875670E+2	1.851354E+3
8.878119E+2	1.845890E+3
8.880567E+2	1.841305E+3
8.883016E+2	1.836272E+3
8.885464E+2	1.830589E+3
8.887912E+2	1.825086E+3
8.890360E+2	1.818218E+3
8.892809E+2	1.812267E+3
8.895257E+2	1.805851E+3
8.897704E+2	1.799622E+3
8.900152E+2	1.793633E+3
8.902600E+2	1.787250E+3
8.905048E+2	1.780808E+3
8.907495E+2	1.774698E+3
8.909943E+2	1.767737E+3
8.912390E+2	1.761086E+3
8.914837E+2	1.754819E+3
8.917284E+2	1.748283E+3
8.919731E+2	1.741780E+3
8.922178E+2	1.734633E+3
8.924625E+2	1.727901E+3
8.927072E+2	1.721300E+3
8.929519E+2	1.713693E+3
8.931965E+2	1.707043E+3
8.934412E+2	1.700955E+3
8.936858E+2	1.695354E+3
8.939305E+2	1.689185E+3
8.941751E+2	1.682125E+3
8.944197E+2	1.675720E+3
8.946643E+2	1.669125E+3
8.949089E+2	1.663660E+3
8.951535E+2	1.656873E+3
8.953981E+2	1.650611E+3
8.956426E+2	1.645518E+3
8.958872E+2	1.639698E+3
8.961317E+2	1.633895E+3
8.963763E+2	1.627846E+3
8.966208E+2	1.621769E+3
8.968653E+2	1.615649E+3
8.971098E+2	1.610108E+3
8.973543E+2	1.604868E+3
8.975988E+2	1.598977E+3
8.978433E+2	1.593119E+3
8.980878E+2	1.586928E+3
8.983323E+2	1.581157E+3
8.985767E+2	1.575469E+3
8.988212E+2	1.569190E+3
8.990656E+2	1.563524E+3
8.993100E+2	1.558185E+3
8.995545E+2	1.552114E+3
8.997989E+2	1.544977E+3
9.000433E+2	1.537780E+3
9.002877E+2	1.530977E+3
9.005320E+2	1.525300E+3
9.007764E+2	1.519081E+3
9.010208E+2	1.512573E+3
9.012651E+2	1.506086E+3
9.015095E+2	1.500004E+3
9.017538E+2	1.494278E+3
9.019981E+2	1.488403E+3
9.022425E+2	1.482147E+3
9.024868E+2	1.476753E+3
9.027311E+2	1.470059E+3
9.029754E+2	1.463267E+3
9.032196E+2	1.456966E+3
9.034639E+2	1.451108E+3
9.037082E+2	1.444157E+3
9.039524E+2	1.438398E+3
9.041967E+2	1.431600E+3
9.044409E+2	1.426545E+3
9.046851E+2	1.421245E+3
9.049293E+2	1.416065E+3
9.051736E+2	1.410157E+3
9.054177E+2	1.404551E+3
9.056619E+2	1.399185E+3
9.059061E+2	1.393611E+3
9.061503E+2	1.388261E+3
9.063944E+2	1.383201E+3
9.066386E+2	1.377327E+3
9.068827E+2	1.371993E+3
9.071269E+2	1.367545E+3
9.073710E+2	1.361693E+3
9.076151E+2	1.356272E+3
9.078592E+2	1.351261E+3
9.081033E+2	1.345687E+3
9.083474E+2	1.340289E+3
9.085915E+2	1.334392E+3
9.088355E+2	1.328392E+3
9.090796E+2	1.323092E+3
9.093236E+2	1.317556E+3
9.095677E+2	1.312682E+3
9.098117E+2	1.306130E+3
9.100557E+2	1.300759E+3
9.102997E+2	1.295157E+3
9.105437E+2	1.289065E+3
9.107877E+2	1.283972E+3
9.110317E+2	1.278890E+3
9.112757E+2	1.273409E+3
9.115197E+2	1.268234E+3
9.117636E+2	1.262742E+3
9.120076E+2	1.257305E+3
9.122515E+2	1.251125E+3
9.124954E+2	1.245212E+3
9.127393E+2	1.240518E+3
9.129832E+2	1.236775E+3
9.132271E+2	1.231611E+3
9.134710E+2	1.227070E+3
9.137149E+2	1.221611E+3
9.139588E+2	1.215955E+3
9.142026E+2	1.210409E+3
9.144465E+2	1.204709E+3
9.146903E+2	1.199502E+3
9.149342E+2	1.194201E+3
9.151780E+2	1.189245E+3
9.154218E+2	1.184250E+3
9.156656E+2	1.178600E+3
9.159094E+2	1.173737E+3
9.161532E+2	1.168496E+3
9.163970E+2	1.163458E+3
9.166408E+2	1.158272E+3
9.168845E+2	1.153354E+3
9.171283E+2	1.147944E+3
9.173720E+2	1.141972E+3
9.176157E+2	1.137627E+3
9.178595E+2	1.132163E+3
9.181032E+2	1.126425E+3
9.183469E+2	1.120004E+3
9.185906E+2	1.115250E+3
9.188343E+2	1.109534E+3
9.190779E+2	1.104797E+3
9.193216E+2	1.098545E+3
9.195653E+2	1.092846E+3
9.198089E+2	1.085950E+3
9.200525E+2	1.080425E+3
9.202962E+2	1.075092E+3
9.205398E+2	1.069524E+3
9.207834E+2	1.064414E+3
9.210270E+2	1.059414E+3
9.212706E+2	1.054354E+3
9.215142E+2	1.049179E+3
9.217577E+2	1.043507E+3
9.220013E+2	1.037715E+3
9.222449E+2	1.031748E+3
9.224884E+2	1.027163E+3
9.227319E+2	1.021759E+3
9.229755E+2	1.016300E+3
9.232190E+2	1.010431E+3
9.234625E+2	1.005119E+3
9.237060E+2	9.997476E+2
9.239495E+2	9.946274E+2
9.241930E+2	9.885509E+2
9.244364E+2	9.822394E+2
9.246799E+2	9.775782E+2
9.249233E+2	9.717312E+2
9.251668E+2	9.663104E+2
9.254102E+2	9.604416E+2
9.256536E+2	9.545454E+2
9.258971E+2	9.487640E+2
9.261405E+2	9.436001E+2
9.263839E+2	9.379552E+2
9.266272E+2	9.322066E+2
9.268706E+2	9.265181E+2
9.271140E+2	9.210318E+2
9.273573E+2	9.149607E+2
9.276007E+2	9.086219E+2
9.278440E+2	9.017804E+2
9.280874E+2	8.953159E+2
9.283307E+2	8.886274E+2
9.285740E+2	8.822066E+2
9.288173E+2	8.755345E+2
9.290606E+2	8.686656E+2
9.293039E+2	8.621137E+2
9.295471E+2	8.549498E+2
9.297904E+2	8.488132E+2
9.300337E+2	8.413323E+2
9.302769E+2	8.334525E+2
9.305201E+2	8.262558E+2
9.307634E+2	8.181574E+2
9.310066E+2	8.103924E+2
9.312498E+2	8.026438E+2
9.314930E+2	7.950645E+2
9.317362E+2	7.868842E+2
9.319794E+2	7.787421E+2
9.322225E+2	7.716711E+2
9.324657E+2	7.630700E+2
9.327088E+2	7.550919E+2
9.329520E+2	7.468296E+2
9.331951E+2	7.398132E+2
9.334382E+2	7.320536E+2
9.336814E+2	7.244689E+2
9.339245E+2	7.163432E+2
9.341676E+2	7.088624E+2
9.344106E+2	7.018787E+2
9.346537E+2	6.946984E+2
9.348968E+2	6.876711E+2
9.351398E+2	6.801410E+2
9.353829E+2	6.726219E+2
9.356259E+2	6.642940E+2
9.358690E+2	6.569006E+2
9.361120E+2	6.487367E+2
9.363550E+2	6.413487E+2
9.365980E+2	6.344634E+2
9.368410E+2	6.273487E+2
9.370840E+2	6.210427E+2
9.373269E+2	6.131410E+2
9.375699E+2	6.059334E+2
9.378129E+2	5.990591E+2
9.380558E+2	5.923705E+2
9.382987E+2	5.849498E+2
9.385417E+2	5.783869E+2
9.387846E+2	5.706930E+2
9.390275E+2	5.649716E+2
9.392704E+2	5.591192E+2
9.395133E+2	5.529990E+2
9.397562E+2	5.469498E+2
9.399990E+2	5.406164E+2
9.402419E+2	5.344471E+2
9.404847E+2	5.283432E+2
9.407276E+2	5.231028E+2
9.409704E+2	5.173159E+2
9.412132E+2	5.113542E+2
9.414560E+2	5.065236E+2
9.416988E+2	5.010481E+2
9.419416E+2	4.958951E+2
9.421844E+2	4.909716E+2
9.424272E+2	4.858241E+2
9.426700E+2	4.807968E+2
9.429127E+2	4.763050E+2
9.431555E+2	4.718350E+2
9.433982E+2	4.678296E+2
9.436409E+2	4.633268E+2
9.438837E+2	4.597913E+2
9.441264E+2	4.563542E+2
9.443691E+2	4.531848E+2
9.446118E+2	4.498132E+2
9.448544E+2	4.479552E+2
9.450971E+2	4.453214E+2
9.453398E+2	4.434416E+2
9.455824E+2	4.415181E+2
9.458251E+2	4.402886E+2
9.460677E+2	4.390481E+2
9.463103E+2	4.374908E+2
9.465530E+2	4.356656E+2
9.467956E+2	4.346383E+2
9.470382E+2	4.331957E+2
9.472807E+2	4.323214E+2
9.475233E+2	4.310427E+2
9.477659E+2	4.302886E+2
9.480084E+2	4.292066E+2
9.482510E+2	4.284143E+2
9.484935E+2	4.291848E+2
9.487361E+2	4.293159E+2
9.489786E+2	4.302886E+2
9.492211E+2	4.294853E+2
9.494636E+2	4.292339E+2
9.497061E+2	4.283869E+2
9.499486E+2	4.278241E+2
9.501911E+2	4.283596E+2
9.504335E+2	4.286274E+2
9.506760E+2	4.278678E+2
9.509184E+2	4.276875E+2
9.511609E+2	4.278624E+2
9.514033E+2	4.282777E+2
9.516457E+2	4.280318E+2
9.518881E+2	4.281902E+2
9.521305E+2	4.282175E+2
9.523729E+2	4.293050E+2
9.526153E+2	4.301356E+2
9.528576E+2	4.303050E+2
9.531000E+2	4.315399E+2
9.533424E+2	4.319225E+2
9.535847E+2	4.321793E+2
9.538270E+2	4.321793E+2
9.540694E+2	4.323651E+2
9.543117E+2	4.318350E+2
9.545540E+2	4.321083E+2
9.547963E+2	4.324307E+2
9.550386E+2	4.329607E+2
9.552808E+2	4.331957E+2
9.555231E+2	4.328787E+2
9.557654E+2	4.319662E+2
9.560076E+2	4.319389E+2
9.562498E+2	4.311684E+2
9.564921E+2	4.312558E+2
9.567343E+2	4.308787E+2
9.569765E+2	4.306602E+2
9.572187E+2	4.304143E+2
9.574609E+2	4.302394E+2
9.577031E+2	4.295837E+2
9.579452E+2	4.291520E+2
9.581874E+2	4.287421E+2
9.584296E+2	4.288897E+2
9.586717E+2	4.286328E+2
9.589138E+2	4.281957E+2
9.591560E+2	4.277640E+2
9.593981E+2	4.271410E+2
9.596402E+2	4.263432E+2
9.598823E+2	4.260809E+2
9.601244E+2	4.249279E+2
9.603664E+2	4.245673E+2
9.606085E+2	4.233323E+2
9.608506E+2	4.221301E+2
9.610926E+2	4.208460E+2
9.613347E+2	4.200591E+2
9.615767E+2	4.186110E+2
9.618187E+2	4.181192E+2
9.620607E+2	4.168405E+2
9.623027E+2	4.166711E+2
9.625447E+2	4.160099E+2
9.627867E+2	4.144853E+2
9.630287E+2	4.128787E+2
9.632706E+2	4.102339E+2
9.635126E+2	4.089443E+2
9.637545E+2	4.067039E+2
9.639965E+2	4.062175E+2
9.642384E+2	4.051629E+2
9.644803E+2	4.041520E+2
9.647222E+2	4.031957E+2
9.649641E+2	4.011465E+2
9.652060E+2	4.000536E+2
9.654479E+2	3.995236E+2
9.656897E+2	3.979006E+2
9.659316E+2	3.962886E+2
9.661734E+2	3.942066E+2
9.664153E+2	3.926110E+2
9.666571E+2	3.909225E+2
9.668989E+2	3.905236E+2
9.671408E+2	3.891520E+2
9.673826E+2	3.875891E+2
9.676243E+2	3.866328E+2
9.678661E+2	3.845618E+2
9.681079E+2	3.830591E+2
9.683497E+2	3.815454E+2
9.685914E+2	3.801192E+2
9.688332E+2	3.786001E+2
9.690749E+2	3.774689E+2
9.693166E+2	3.757093E+2
9.695583E+2	3.742558E+2
9.698001E+2	3.723487E+2
9.700417E+2	3.705509E+2
9.702834E+2	3.682722E+2
9.705251E+2	3.668787E+2
9.707668E+2	3.654197E+2
9.710084E+2	3.636602E+2
9.712501E+2	3.619170E+2
9.714917E+2	3.604634E+2
9.717334E+2	3.592449E+2
9.719750E+2	3.579279E+2
9.722166E+2	3.571137E+2
9.724582E+2	3.562449E+2
9.726998E+2	3.545782E+2
9.729414E+2	3.529990E+2
9.731830E+2	3.506766E+2
9.734245E+2	3.489443E+2
9.736661E+2	3.470536E+2
9.739076E+2	3.458733E+2
9.741492E+2	3.436602E+2
9.743907E+2	3.412339E+2
9.746322E+2	3.393760E+2
9.748737E+2	3.376875E+2
9.751152E+2	3.361902E+2
9.753567E+2	3.341848E+2
9.755982E+2	3.322449E+2
9.758396E+2	3.301410E+2
9.760811E+2	3.281137E+2
9.763226E+2	3.271465E+2
9.765640E+2	3.249716E+2
9.768054E+2	3.226930E+2
9.770468E+2	3.199826E+2
9.772883E+2	3.183705E+2
9.775297E+2	3.173815E+2
9.777711E+2	3.162066E+2
9.780124E+2	3.147531E+2
9.782538E+2	3.127257E+2
9.784952E+2	3.107858E+2
9.787365E+2	3.081301E+2
9.789779E+2	3.064361E+2
9.792192E+2	3.049498E+2
9.794605E+2	3.030208E+2
9.797019E+2	3.017749E+2
9.799432E+2	2.997312E+2
9.801845E+2	2.973542E+2
9.804257E+2	2.964088E+2
9.806670E+2	2.949170E+2
9.809083E+2	2.931902E+2
9.811496E+2	2.926110E+2
9.813908E+2	2.905891E+2
9.816320E+2	2.878951E+2
9.818733E+2	2.852940E+2
9.821145E+2	2.833487E+2
9.823557E+2	2.817804E+2
9.825969E+2	2.802558E+2
9.828381E+2	2.784471E+2
9.830793E+2	2.775509E+2
9.833205E+2	2.752285E+2
9.835616E+2	2.735891E+2
9.838028E+2	2.712339E+2
9.840439E+2	2.698569E+2
9.842851E+2	2.678241E+2
9.845262E+2	2.659115E+2
9.847673E+2	2.642230E+2
9.850084E+2	2.630044E+2
9.852495E+2	2.622722E+2
9.854906E+2	2.604033E+2
9.857317E+2	2.592449E+2
9.859727E+2	2.578132E+2
9.862138E+2	2.562503E+2
9.864549E+2	2.549935E+2
9.866959E+2	2.530536E+2
9.869369E+2	2.509115E+2
9.871779E+2	2.490372E+2
9.874190E+2	2.474197E+2
9.876600E+2	2.458951E+2
9.879010E+2	2.455072E+2
9.881419E+2	2.443432E+2
9.883829E+2	2.436766E+2
9.886239E+2	2.413487E+2
9.888648E+2	2.405290E+2
9.891058E+2	2.402667E+2
9.893467E+2	2.392613E+2
9.895876E+2	2.380809E+2
9.898285E+2	2.365946E+2
9.900695E+2	2.354689E+2
9.903104E+2	2.343159E+2
9.905512E+2	2.339389E+2
9.907921E+2	2.332558E+2
9.910330E+2	2.323432E+2
9.912738E+2	2.312777E+2
9.915147E+2	2.313378E+2
9.917555E+2	2.310318E+2
9.919964E+2	2.305126E+2
9.922372E+2	2.293542E+2
9.924780E+2	2.283432E+2
9.927188E+2	2.272175E+2
9.929596E+2	2.267913E+2
9.932004E+2	2.254033E+2
9.934411E+2	2.240099E+2
9.936819E+2	2.225509E+2
9.939227E+2	2.215673E+2
9.941634E+2	2.215673E+2
9.944041E+2	2.208405E+2
9.946449E+2	2.203487E+2
9.948856E+2	2.195290E+2
9.951263E+2	2.178350E+2
9.953670E+2	2.170263E+2
9.956077E+2	2.170536E+2
9.958483E+2	2.157257E+2
9.960890E+2	2.150208E+2
9.963297E+2	2.141028E+2
9.965703E+2	2.132285E+2
9.968109E+2	2.124962E+2
9.970516E+2	2.109552E+2
9.972922E+2	2.099225E+2
9.975328E+2	2.091246E+2
9.977734E+2	2.073487E+2
9.980140E+2	2.061246E+2
9.982546E+2	2.051738E+2
9.984951E+2	2.049716E+2
9.987357E+2	2.035126E+2
9.989763E+2	2.032722E+2
9.992168E+2	2.027039E+2
9.994573E+2	2.019607E+2
9.996978E+2	2.007476E+2
9.999384E+2	1.988569E+2
1.000179E+3	1.974689E+2
1.000419E+3	1.960755E+2
1.000660E+3	1.950536E+2
1.000900E+3	1.942175E+2
1.001141E+3	1.927640E+2
1.001381E+3	1.920645E+2
1.001622E+3	1.909279E+2
1.001862E+3	1.900208E+2
1.002103E+3	1.892339E+2
1.002343E+3	1.881793E+2
1.002583E+3	1.870536E+2
1.002824E+3	1.854471E+2
1.003064E+3	1.842066E+2
1.003305E+3	1.836820E+2
1.003545E+3	1.822777E+2
1.003785E+3	1.803432E+2
1.004026E+3	1.789826E+2
1.004266E+3	1.782121E+2
1.004506E+3	1.771520E+2
1.004747E+3	1.764689E+2
1.004987E+3	1.748678E+2
1.005227E+3	1.731629E+2
1.005468E+3	1.715236E+2
1.005708E+3	1.696547E+2
1.005948E+3	1.682503E+2
1.006188E+3	1.665454E+2
1.006429E+3	1.654033E+2
1.006669E+3	1.638350E+2
1.006909E+3	1.628077E+2
1.007149E+3	1.613104E+2
1.007390E+3	1.611083E+2
1.007630E+3	1.592995E+2
1.007870E+3	1.581520E+2
1.008110E+3	1.573323E+2
1.008350E+3	1.568186E+2
1.008590E+3	1.559061E+2
1.008831E+3	1.540536E+2
1.009071E+3	1.526766E+2
1.009311E+3	1.513050E+2
1.009551E+3	1.498951E+2
1.009791E+3	1.489061E+2
1.010031E+3	1.476001E+2
1.010271E+3	1.457695E+2
1.010511E+3	1.444252E+2
1.010752E+3	1.441137E+2
1.010992E+3	1.433979E+2
1.011232E+3	1.427968E+2
1.011472E+3	1.411301E+2
1.011712E+3	1.399826E+2
1.011952E+3	1.387804E+2
1.012192E+3	1.372230E+2
1.012432E+3	1.360591E+2
1.012672E+3	1.350536E+2
1.012912E+3	1.343979E+2
1.013152E+3	1.331083E+2
1.013392E+3	1.322995E+2
1.013632E+3	1.305782E+2
1.013872E+3	1.296328E+2
1.014112E+3	1.287257E+2
1.014352E+3	1.283378E+2
1.014591E+3	1.282503E+2
1.014831E+3	1.276930E+2
1.015071E+3	1.270318E+2
1.015311E+3	1.257804E+2
1.015551E+3	1.245181E+2
1.015791E+3	1.238514E+2
1.016031E+3	1.236602E+2
1.016271E+3	1.229279E+2
1.016511E+3	1.217421E+2
1.016750E+3	1.210427E+2
1.016990E+3	1.200208E+2
1.017230E+3	1.188022E+2
1.017470E+3	1.182613E+2
1.017710E+3	1.173268E+2
1.017949E+3	1.165236E+2
1.018189E+3	1.160099E+2
1.018429E+3	1.150427E+2
1.018669E+3	1.144689E+2
1.018908E+3	1.131192E+2
1.019148E+3	1.118897E+2
1.019388E+3	1.104307E+2
1.019628E+3	1.102449E+2
1.019867E+3	1.097531E+2
1.020107E+3	1.093432E+2
1.020347E+3	1.083651E+2
1.020586E+3	1.070973E+2
1.020826E+3	1.064908E+2
1.021066E+3	1.051574E+2
1.021305E+3	1.043214E+2
1.021545E+3	1.038787E+2
1.021785E+3	1.029716E+2
1.022024E+3	1.019607E+2
1.022264E+3	1.015236E+2
1.022504E+3	1.011137E+2
1.022743E+3	1.007531E+2
1.022983E+3	1.002777E+2
1.023222E+3	9.900443E+1
1.023462E+3	9.806454E+1
1.023702E+3	9.676399E+1
1.023941E+3	9.604268E+1
1.024181E+3	9.613558E+1
1.024420E+3	9.530497E+1
1.024660E+3	9.464377E+1
1.024899E+3	9.366563E+1
1.025139E+3	9.275853E+1
1.025378E+3	9.112465E+1
1.025618E+3	9.051262E+1
1.025857E+3	8.945798E+1
1.026097E+3	8.877492E+1
1.026336E+3	8.813011E+1
1.026575E+3	8.756180E+1
1.026815E+3	8.656180E+1
1.027054E+3	8.616290E+1
1.027294E+3	8.598803E+1
1.027533E+3	8.481317E+1
1.027773E+3	8.418476E+1
1.028012E+3	8.380224E+1
1.028251E+3	8.340880E+1
1.028491E+3	8.302629E+1
1.028730E+3	8.240333E+1
1.028969E+3	8.149623E+1
1.029209E+3	8.029951E+1
1.029448E+3	8.001536E+1
1.029687E+3	7.984049E+1
1.029927E+3	7.921754E+1
1.030166E+3	7.868749E+1
1.030405E+3	7.775306E+1
1.030645E+3	7.580224E+1
1.030884E+3	7.456180E+1
1.031123E+3	7.402629E+1
1.031362E+3	7.322301E+1
1.031602E+3	7.329405E+1
1.031841E+3	7.250716E+1
1.032080E+3	7.201536E+1
1.032319E+3	7.099896E+1
1.032558E+3	7.029951E+1
1.032798E+3	6.950716E+1
1.033037E+3	6.964377E+1
1.033276E+3	6.876945E+1
1.033515E+3	6.847437E+1
1.033754E+3	6.789514E+1
1.033993E+3	6.765470E+1
1.034233E+3	6.708093E+1
1.034472E+3	6.608093E+1
1.034711E+3	6.573120E+1
1.034950E+3	6.552902E+1
1.035189E+3	6.490607E+1
1.035428E+3	6.385142E+1
1.035667E+3	6.321208E+1
1.035906E+3	6.267656E+1
1.036145E+3	6.253448E+1
1.036384E+3	6.264924E+1
1.036623E+3	6.203721E+1
1.036862E+3	6.166017E+1
1.037101E+3	6.101536E+1
1.037340E+3	5.992792E+1
1.037579E+3	5.885689E+1
1.037818E+3	5.848530E+1
1.038057E+3	5.792792E+1
1.038296E+3	5.820115E+1
1.038535E+3	5.813011E+1
1.038774E+3	5.746891E+1
1.039013E+3	5.673120E+1
1.039252E+3	5.590607E+1
1.039491E+3	5.592792E+1
1.039730E+3	5.564377E+1
1.039969E+3	5.588421E+1
1.040208E+3	5.437055E+1
1.040447E+3	5.379131E+1
1.040685E+3	5.402082E+1
1.040924E+3	5.398803E+1
1.041163E+3	5.341973E+1
1.041402E+3	5.296071E+1
1.041641E+3	5.263284E+1
1.041880E+3	5.196618E+1
1.042118E+3	5.160006E+1
1.042357E+3	5.074760E+1
1.042596E+3	5.033230E+1
1.042835E+3	4.980771E+1
1.043074E+3	4.879131E+1
1.043312E+3	4.773120E+1
1.043551E+3	4.729405E+1
1.043790E+3	4.803175E+1
1.044029E+3	4.793339E+1
1.044267E+3	4.696618E+1
1.044506E+3	4.649623E+1
1.044745E+3	4.616836E+1
1.044983E+3	4.634323E+1
1.045222E+3	4.661099E+1
1.045461E+3	4.684596E+1
1.045699E+3	4.643612E+1
1.045938E+3	4.599896E+1
1.046177E+3	4.427219E+1
1.046415E+3	4.375306E+1
1.046654E+3	4.274760E+1
1.046893E+3	4.283503E+1
1.047131E+3	4.287328E+1
1.047370E+3	4.316290E+1
1.047608E+3	4.264377E+1
1.047847E+3	4.257820E+1
1.048086E+3	4.181864E+1
1.048324E+3	4.217929E+1
1.048563E+3	4.183503E+1
1.048801E+3	4.134869E+1
1.049040E+3	4.097164E+1
1.049278E+3	4.025579E+1
1.049517E+3	3.980771E+1
1.049755E+3	4.031044E+1
1.049994E+3	4.049623E+1
1.050232E+3	4.056727E+1
1.050471E+3	3.989514E+1
1.050709E+3	3.845252E+1
1.050948E+3	3.802082E+1
1.051186E+3	3.802629E+1
1.051424E+3	3.747437E+1
1.051663E+3	3.715197E+1
1.051901E+3	3.666017E+1
1.052140E+3	3.627219E+1
1.052378E+3	3.649623E+1
1.052616E+3	3.619568E+1
1.052855E+3	3.580771E+1
1.053093E+3	3.542519E+1
1.053332E+3	3.460552E+1
1.053570E+3	3.503175E+1
1.053808E+3	3.523394E+1
1.054047E+3	3.487874E+1
1.054285E+3	3.521754E+1
1.054523E+3	3.461099E+1
1.054761E+3	3.498803E+1
1.055000E+3	3.461645E+1
1.055238E+3	3.396071E+1
1.055476E+3	3.300989E+1
1.055715E+3	3.287328E+1
1.055953E+3	3.274760E+1
1.056191E+3	3.216836E+1
1.056429E+3	3.219022E+1
1.056667E+3	3.208093E+1
1.056906E+3	3.245798E+1
1.057144E+3	3.184049E+1
1.057382E+3	3.163284E+1
1.057620E+3	3.178585E+1
1.057858E+3	3.195525E+1
1.058097E+3	3.177492E+1
1.058335E+3	3.015197E+1
1.058573E+3	2.970935E+1
1.058811E+3	2.988967E+1
1.059049E+3	3.091700E+1
1.059287E+3	3.065470E+1
1.059525E+3	2.990060E+1
1.059763E+3	2.913011E+1
1.060001E+3	2.892792E+1
1.060239E+3	2.884049E+1
1.060478E+3	2.838694E+1
1.060716E+3	2.882956E+1
1.060954E+3	2.885689E+1
1.061192E+3	2.940880E+1
1.061430E+3	2.885689E+1
1.061668E+3	2.776945E+1
1.061906E+3	2.710825E+1
1.062144E+3	2.669842E+1
1.062382E+3	2.618476E+1
1.062620E+3	2.623940E+1
1.062858E+3	2.497164E+1
1.063096E+3	2.429951E+1
1.063333E+3	2.401536E+1
1.063571E+3	2.390060E+1
1.063809E+3	2.375306E+1
1.064047E+3	2.344159E+1
1.064285E+3	2.307547E+1
1.064523E+3	2.270388E+1
1.064761E+3	2.262191E+1
1.064999E+3	2.303175E+1
1.065237E+3	2.316836E+1
1.065474E+3	2.314650E+1
1.065712E+3	2.198803E+1
1.065950E+3	2.137055E+1
1.066188E+3	2.144705E+1
1.066426E+3	2.170388E+1
1.066664E+3	2.122847E+1
1.066901E+3	2.041426E+1
1.067139E+3	2.047984E+1
1.067377E+3	2.035415E+1
1.067615E+3	1.993339E+1
1.067852E+3	1.975306E+1
1.068090E+3	1.878585E+1
1.068328E+3	1.781864E+1
1.068566E+3	1.733776E+1
1.068803E+3	1.630497E+1
1.069041E+3	1.567656E+1
1.069279E+3	1.555088E+1
1.069516E+3	1.552902E+1
1.069754E+3	1.496618E+1
1.069992E+3	1.480771E+1
1.070229E+3	1.464377E+1
1.070467E+3	1.500443E+1
1.070705E+3	1.541426E+1
1.070942E+3	1.493339E+1
1.071180E+3	1.437601E+1
1.071418E+3	1.346891E+1
1.071655E+3	1.337055E+1
1.071893E+3	1.298257E+1
1.072130E+3	1.260006E+1
1.072368E+3	1.249623E+1
1.072605E+3	1.207000E+1
1.072843E+3	1.239787E+1
1.073081E+3	1.223394E+1
1.073318E+3	1.209186E+1
1.073556E+3	1.121754E+1
1.073793E+3	1.091153E+1
1.074031E+3	1.077492E+1
1.074268E+3	1.078585E+1
1.074506E+3	1.104268E+1
1.074743E+3	1.119022E+1
1.074981E+3	1.115743E+1
1.075218E+3	1.180771E+1
1.075455E+3	1.188421E+1
1.075693E+3	1.129405E+1
1.075930E+3	1.122847E+1
1.076168E+3	1.113011E+1
1.076405E+3	1.100989E+1
1.076642E+3	1.132137E+1
1.076880E+3	1.158913E+1
1.077117E+3	1.113011E+1
1.077355E+3	1.179131E+1
1.077592E+3	1.226126E+1
1.077829E+3	1.214650E+1
1.078067E+3	1.271481E+1
1.078304E+3	1.297164E+1
1.078541E+3	1.379678E+1
1.078779E+3	1.416836E+1
1.079016E+3	1.460552E+1
1.079253E+3	1.460006E+1
1.079490E+3	1.376945E+1
1.079728E+3	1.403721E+1
1.079965E+3	1.319568E+1
1.080202E+3	1.335962E+1
1.080439E+3	1.330497E+1
1.080677E+3	1.331044E+1
1.080914E+3	1.333230E+1
1.081151E+3	1.379678E+1
1.081388E+3	1.411372E+1
1.081625E+3	1.435415E+1
1.081863E+3	1.363284E+1
1.082100E+3	1.354541E+1
1.082337E+3	1.323940E+1
1.082574E+3	1.382956E+1
1.082811E+3	1.472574E+1
1.083048E+3	1.478038E+1
1.083285E+3	1.414104E+1
1.083522E+3	1.405361E+1
1.083760E+3	1.446891E+1
1.083997E+3	1.456727E+1
1.084234E+3	1.506454E+1
1.084471E+3	1.563284E+1
1.084708E+3	1.570388E+1
1.084945E+3	1.552355E+1
1.085182E+3	1.516836E+1
1.085419E+3	1.544159E+1
1.085656E+3	1.590607E+1
1.085893E+3	1.638148E+1
1.086130E+3	1.666017E+1
1.086367E+3	1.708639E+1
1.086604E+3	1.755088E+1
1.086841E+3	1.771481E+1
1.087078E+3	1.731590E+1
1.087315E+3	1.716290E+1
1.087552E+3	1.679678E+1
1.087789E+3	1.664924E+1
1.088026E+3	1.591153E+1
1.088262E+3	1.564924E+1
1.088499E+3	1.610279E+1
1.088736E+3	1.611918E+1
1.088973E+3	1.520115E+1
1.089210E+3	1.528858E+1
1.089447E+3	1.515743E+1
1.089684E+3	1.468202E+1
1.089921E+3	1.437055E+1
1.090157E+3	1.485142E+1
1.090394E+3	1.472027E+1
1.090631E+3	1.531590E+1
1.090868E+3	1.526672E+1
1.091105E+3	1.470935E+1
1.091341E+3	1.475306E+1
1.091578E+3	1.506454E+1
1.091815E+3	1.465470E+1
1.092052E+3	1.483503E+1
1.092288E+3	1.488967E+1
1.092525E+3	1.440880E+1
1.092762E+3	1.364924E+1
1.092999E+3	1.276945E+1
1.093235E+3	1.236508E+1
1.093472E+3	1.160006E+1
1.093709E+3	1.118476E+1
1.093945E+3	1.170935E+1
1.094182E+3	1.132683E+1
1.094419E+3	1.162738E+1
1.094655E+3	1.138694E+1
1.094892E+3	1.174760E+1
1.095128E+3	1.180771E+1
1.095365E+3	1.187328E+1
1.095602E+3	1.188967E+1
1.095838E+3	1.165470E+1
1.096075E+3	1.114104E+1
1.096311E+3	1.168749E+1
1.096548E+3	1.132137E+1
1.096784E+3	1.153995E+1
1.097021E+3	1.195525E+1
1.097258E+3	1.170935E+1
1.097494E+3	1.153995E+1
1.097731E+3	1.234869E+1
1.097967E+3	1.235415E+1
1.098204E+3	1.200989E+1
1.098440E+3	1.174213E+1
1.098677E+3	1.189514E+1
1.098913E+3	1.155088E+1
1.099149E+3	1.142519E+1
1.099386E+3	1.110825E+1
1.099622E+3	1.121208E+1
1.099859E+3	1.051809E+1
1.100095E+3	9.922460E+0
1.100332E+3	1.016836E+1
1.100568E+3	1.010279E+1
1.100804E+3	9.802242E+0
1.101041E+3	9.272187E+0
1.101277E+3	9.206613E+0
1.101513E+3	9.824100E+0
1.101750E+3	1.020115E+1
1.101986E+3	1.121754E+1
1.102222E+3	1.160552E+1
1.102459E+3	1.243066E+1
1.102695E+3	1.332137E+1
1.102931E+3	1.314104E+1
1.103168E+3	1.326126E+1
1.103404E+3	1.371481E+1
1.103640E+3	1.324486E+1
1.103876E+3	1.367656E+1
1.104113E+3	1.420661E+1
1.104349E+3	1.412465E+1
1.104585E+3	1.435962E+1
1.104821E+3	1.409186E+1
1.105057E+3	1.362191E+1
1.105294E+3	1.355634E+1
1.105530E+3	1.387328E+1
1.105766E+3	1.350170E+1
1.106002E+3	1.366017E+1
1.106238E+3	1.403175E+1
1.106474E+3	1.409186E+1
1.106711E+3	1.408093E+1
1.106947E+3	1.360552E+1
1.107183E+3	1.355634E+1
1.107419E+3	1.327219E+1
1.107655E+3	1.270935E+1
1.107891E+3	1.329405E+1
1.108127E+3	1.032137E+1
1.108363E+3	1.298803E+1
1.108599E+3	2.332137E+1
1.108835E+3	3.532137E+1
1.109071E+3	6.432137E+1
1.109307E+3	4.032137E+1
1.109543E+3	3.032137E+1
1.109779E+3	4.365470E+1
1.110015E+3	2.532137E+1
1.110251E+3	4.988034E+0
1.110487E+3	1.732137E+1
1.110723E+3	2.321368E+0
1.110959E+3	2.498803E+1
1.111195E+3	5.632137E+1
1.111431E+3	3.654701E+0
1.111667E+3	4.098803E+1
1.111903E+3	-1.534530E+1
1.112139E+3	-1.234530E+1
1.112375E+3	8.988034E+0
1.112611E+3	1.832137E+1
1.112847E+3	8.988034E+0
1.113082E+3	1.265470E+1
1.113318E+3	2.532137E+1
1.113554E+3	2.632137E+1
1.113790E+3	5.654701E+0
1.114026E+3	-2.201197E+1
1.114262E+3	-2.201197E+1
1.114497E+3	-1.267863E+1
1.114733E+3	-1.601197E+1
1.114969E+3	2.298803E+1
