1.951292E+2	0.000000E+0
1.953960E+2	0.000000E+0
1.956629E+2	0.000000E+0
1.959298E+2	0.000000E+0
1.961966E+2	0.000000E+0
1.964635E+2	0.000000E+0
1.967303E+2	0.000000E+0
1.969972E+2	0.000000E+0
1.972640E+2	0.000000E+0
1.975308E+2	0.000000E+0
1.977977E+2	0.000000E+0
1.980645E+2	0.000000E+0
1.983313E+2	0.000000E+0
1.985981E+2	0.000000E+0
1.988649E+2	0.000000E+0
1.991316E+2	0.000000E+0
1.993984E+2	0.000000E+0
1.996652E+2	0.000000E+0
1.999320E+2	0.000000E+0
2.001987E+2	0.000000E+0
2.004655E+2	0.000000E+0
2.007322E+2	0.000000E+0
2.009989E+2	0.000000E+0
2.012657E+2	0.000000E+0
2.015324E+2	0.000000E+0
2.017991E+2	0.000000E+0
2.020658E+2	0.000000E+0
2.023325E+2	0.000000E+0
2.025992E+2	0.000000E+0
2.028659E+2	0.000000E+0
2.031326E+2	0.000000E+0
2.033992E+2	0.000000E+0
2.036659E+2	0.000000E+0
2.039325E+2	0.000000E+0
2.041992E+2	0.000000E+0
2.044658E+2	0.000000E+0
2.047325E+2	0.000000E+0
2.049991E+2	0.000000E+0
2.052657E+2	0.000000E+0
2.055323E+2	0.000000E+0
2.057989E+2	0.000000E+0
2.060655E+2	0.000000E+0
2.063321E+2	0.000000E+0
2.065987E+2	0.000000E+0
2.068653E+2	0.000000E+0
2.071319E+2	0.000000E+0
2.073984E+2	0.000000E+0
2.076650E+2	0.000000E+0
2.079315E+2	0.000000E+0
2.081981E+2	0.000000E+0
2.084646E+2	0.000000E+0
2.087311E+2	0.000000E+0
2.089977E+2	0.000000E+0
2.092642E+2	0.000000E+0
2.095307E+2	0.000000E+0
2.097972E+2	0.000000E+0
2.100637E+2	0.000000E+0
2.103302E+2	0.000000E+0
2.105966E+2	0.000000E+0
2.108631E+2	0.000000E+0
2.111296E+2	0.000000E+0
2.113960E+2	0.000000E+0
2.116625E+2	0.000000E+0
2.119289E+2	0.000000E+0
2.121954E+2	0.000000E+0
2.124618E+2	0.000000E+0
2.127282E+2	0.000000E+0
2.129946E+2	0.000000E+0
2.132610E+2	0.000000E+0
2.135274E+2	0.000000E+0
2.137938E+2	0.000000E+0
2.140602E+2	0.000000E+0
2.143266E+2	0.000000E+0
2.145930E+2	0.000000E+0
2.148593E+2	0.000000E+0
2.151257E+2	0.000000E+0
2.153920E+2	0.000000E+0
2.156584E+2	0.000000E+0
2.159247E+2	0.000000E+0
2.161910E+2	0.000000E+0
2.164574E+2	0.000000E+0
2.167237E+2	0.000000E+0
2.169900E+2	0.000000E+0
2.172563E+2	0.000000E+0
2.175226E+2	0.000000E+0
2.177889E+2	0.000000E+0
2.180551E+2	0.000000E+0
2.183214E+2	0.000000E+0
2.185877E+2	0.000000E+0
2.188539E+2	0.000000E+0
2.191202E+2	0.000000E+0
2.193864E+2	0.000000E+0
2.196527E+2	0.000000E+0
2.199189E+2	0.000000E+0
2.201851E+2	0.000000E+0
2.204513E+2	0.000000E+0
2.207175E+2	0.000000E+0
2.209837E+2	0.000000E+0
2.212499E+2	0.000000E+0
2.215161E+2	0.000000E+0
2.217823E+2	0.000000E+0
2.220485E+2	0.000000E+0
2.223146E+2	0.000000E+0
2.225808E+2	0.000000E+0
2.228469E+2	0.000000E+0
2.231131E+2	0.000000E+0
2.233792E+2	0.000000E+0
2.236453E+2	0.000000E+0
2.239115E+2	0.000000E+0
2.241776E+2	0.000000E+0
2.244437E+2	0.000000E+0
2.247098E+2	0.000000E+0
2.249759E+2	0.000000E+0
2.252420E+2	0.000000E+0
2.255080E+2	0.000000E+0
2.257741E+2	0.000000E+0
2.260402E+2	0.000000E+0
2.263062E+2	0.000000E+0
2.265723E+2	0.000000E+0
2.268383E+2	0.000000E+0
2.271044E+2	0.000000E+0
2.273704E+2	0.000000E+0
2.276364E+2	0.000000E+0
2.279024E+2	0.000000E+0
2.281684E+2	0.000000E+0
2.284344E+2	0.000000E+0
2.287004E+2	0.000000E+0
2.289664E+2	0.000000E+0
2.292324E+2	0.000000E+0
2.294984E+2	0.000000E+0
2.297643E+2	0.000000E+0
2.300303E+2	0.000000E+0
2.302962E+2	0.000000E+0
2.305622E+2	0.000000E+0
2.308281E+2	0.000000E+0
2.310940E+2	0.000000E+0
2.313599E+2	0.000000E+0
2.316259E+2	0.000000E+0
2.318918E+2	0.000000E+0
2.321577E+2	0.000000E+0
2.324236E+2	0.000000E+0
2.326894E+2	0.000000E+0
2.329553E+2	0.000000E+0
2.332212E+2	0.000000E+0
2.334871E+2	0.000000E+0
2.337529E+2	0.000000E+0
2.340188E+2	0.000000E+0
2.342846E+2	0.000000E+0
2.345504E+2	0.000000E+0
2.348163E+2	0.000000E+0
2.350821E+2	0.000000E+0
2.353479E+2	0.000000E+0
2.356137E+2	0.000000E+0
2.358795E+2	0.000000E+0
2.361453E+2	0.000000E+0
2.364111E+2	0.000000E+0
2.366769E+2	0.000000E+0
2.369426E+2	0.000000E+0
2.372084E+2	0.000000E+0
2.374741E+2	0.000000E+0
2.377399E+2	0.000000E+0
2.380056E+2	0.000000E+0
2.382714E+2	0.000000E+0
2.385371E+2	0.000000E+0
2.388028E+2	0.000000E+0
2.390685E+2	0.000000E+0
2.393342E+2	0.000000E+0
2.395999E+2	0.000000E+0
2.398656E+2	0.000000E+0
2.401313E+2	0.000000E+0
2.403970E+2	0.000000E+0
2.406626E+2	0.000000E+0
2.409283E+2	0.000000E+0
2.411940E+2	0.000000E+0
2.414596E+2	0.000000E+0
2.417252E+2	0.000000E+0
2.419909E+2	0.000000E+0
2.422565E+2	0.000000E+0
2.425221E+2	0.000000E+0
2.427877E+2	0.000000E+0
2.430533E+2	0.000000E+0
2.433189E+2	0.000000E+0
2.435845E+2	0.000000E+0
2.438501E+2	0.000000E+0
2.441157E+2	0.000000E+0
2.443812E+2	0.000000E+0
2.446468E+2	0.000000E+0
2.449124E+2	0.000000E+0
2.451779E+2	0.000000E+0
2.454434E+2	0.000000E+0
2.457090E+2	0.000000E+0
2.459745E+2	0.000000E+0
2.462400E+2	0.000000E+0
2.465055E+2	0.000000E+0
2.467710E+2	0.000000E+0
2.470365E+2	0.000000E+0
2.473020E+2	0.000000E+0
2.475675E+2	0.000000E+0
2.478330E+2	0.000000E+0
2.480984E+2	0.000000E+0
2.483639E+2	0.000000E+0
2.486294E+2	0.000000E+0
2.488948E+2	0.000000E+0
2.491602E+2	0.000000E+0
2.494257E+2	0.000000E+0
2.496911E+2	0.000000E+0
2.499565E+2	0.000000E+0
2.502219E+2	6.726972E+0
2.504873E+2	6.890907E+0
2.507527E+2	6.929158E+0
2.510181E+2	6.956480E+0
2.512835E+2	7.065770E+0
2.515489E+2	7.109486E+0
2.518142E+2	7.240633E+0
2.520796E+2	7.770688E+0
2.523449E+2	8.071234E+0
2.526103E+2	7.972874E+0
2.528756E+2	7.737901E+0
2.531409E+2	7.754295E+0
2.534063E+2	7.716043E+0
2.536716E+2	8.257027E+0
2.539369E+2	8.273420E+0
2.542022E+2	8.705114E+0
2.544675E+2	8.743366E+0
2.547328E+2	8.863584E+0
2.549980E+2	8.705114E+0
2.552633E+2	8.792546E+0
2.555286E+2	9.005661E+0
2.557938E+2	8.994732E+0
2.560591E+2	9.267956E+0
2.563243E+2	9.546644E+0
2.565896E+2	9.803475E+0
2.568548E+2	9.912764E+0
2.571200E+2	9.901836E+0
2.573852E+2	1.007670E+1
2.576504E+2	1.018599E+1
2.579156E+2	1.028435E+1
2.581808E+2	1.057397E+1
2.584460E+2	1.055211E+1
2.587112E+2	1.059582E+1
2.589763E+2	1.073244E+1
2.592415E+2	1.055757E+1
2.595067E+2	1.056850E+1
2.597718E+2	1.075976E+1
2.600369E+2	1.100020E+1
2.603021E+2	1.101113E+1
2.605672E+2	1.138817E+1
2.608323E+2	1.132260E+1
2.610974E+2	1.145375E+1
2.613625E+2	1.180894E+1
2.616276E+2	1.186905E+1
2.618927E+2	1.178162E+1
2.621578E+2	1.183080E+1
2.624229E+2	1.177069E+1
2.626880E+2	1.190184E+1
2.629530E+2	1.198927E+1
2.632181E+2	1.167779E+1
2.634831E+2	1.153572E+1
2.637482E+2	1.146468E+1
2.640132E+2	1.162315E+1
2.642782E+2	1.161222E+1
2.645432E+2	1.163954E+1
2.648082E+2	1.168326E+1
2.650732E+2	1.125156E+1
2.653382E+2	1.113681E+1
2.656032E+2	1.073244E+1
2.658682E+2	1.087998E+1
2.661332E+2	1.076522E+1
2.663981E+2	1.062315E+1
2.666631E+2	1.044282E+1
2.669281E+2	1.019692E+1
2.671930E+2	9.830797E+0
2.674579E+2	9.661398E+0
2.677229E+2	9.776152E+0
2.679878E+2	9.573967E+0
2.682527E+2	9.295278E+0
2.685176E+2	8.792546E+0
2.687825E+2	8.552109E+0
2.690474E+2	8.666863E+0
2.693123E+2	8.360852E+0
2.695772E+2	8.109486E+0
2.698420E+2	7.699650E+0
2.701069E+2	7.453748E+0
2.703718E+2	7.164131E+0
2.706366E+2	7.344458E+0
2.709014E+2	7.289814E+0
2.711663E+2	7.169595E+0
2.714311E+2	6.972874E+0
2.716959E+2	6.803475E+0
2.719607E+2	6.710579E+0
2.722255E+2	6.497464E+0
2.724903E+2	6.311672E+0
2.727551E+2	6.502928E+0
2.730199E+2	6.453748E+0
2.732847E+2	6.470142E+0
2.735495E+2	6.355387E+0
2.738142E+2	6.158666E+0
2.740790E+2	6.218775E+0
2.743437E+2	5.967409E+0
2.746085E+2	5.759759E+0
2.748732E+2	5.781617E+0
2.751379E+2	5.535715E+0
2.754026E+2	5.557573E+0
2.756674E+2	5.246098E+0
2.759321E+2	5.049376E+0
2.761968E+2	4.726972E+0
2.764614E+2	4.650469E+0
2.767261E+2	4.404568E+0
2.769908E+2	4.218775E+0
2.772555E+2	4.185989E+0
2.775201E+2	3.869049E+0
2.777848E+2	3.743366E+0
2.780494E+2	3.798010E+0
2.783141E+2	3.956480E+0
2.785787E+2	4.142273E+0
2.788433E+2	4.104021E+0
2.791079E+2	3.819868E+0
2.793725E+2	3.754295E+0
2.796371E+2	3.683256E+0
2.799017E+2	3.590360E+0
2.801663E+2	3.590360E+0
2.804309E+2	3.754295E+0
2.806955E+2	3.694185E+0
2.809600E+2	3.404568E+0
2.812246E+2	3.716043E+0
2.814891E+2	3.759759E+0
2.817537E+2	3.967409E+0
2.820182E+2	3.798010E+0
2.822827E+2	3.579431E+0
2.825473E+2	3.885442E+0
2.828118E+2	3.759759E+0
2.830763E+2	3.852655E+0
2.833408E+2	3.754295E+0
2.836053E+2	3.661398E+0
2.838697E+2	3.371781E+0
2.841342E+2	3.262491E+0
2.843987E+2	3.098557E+0
2.846632E+2	3.349923E+0
2.849276E+2	3.590360E+0
2.851921E+2	3.508393E+0
2.854565E+2	3.459213E+0
2.857209E+2	3.590360E+0
2.859853E+2	3.584896E+0
2.862498E+2	3.590360E+0
2.865142E+2	3.568502E+0
2.867786E+2	3.349923E+0
2.870430E+2	3.328065E+0
2.873074E+2	3.377245E+0
2.875717E+2	3.404568E+0
2.878361E+2	3.338994E+0
2.881005E+2	3.295278E+0
2.883648E+2	3.317136E+0
2.886292E+2	3.158666E+0
2.888935E+2	3.032983E+0
2.891579E+2	2.978338E+0
2.894222E+2	3.043912E+0
2.896865E+2	3.207846E+0
2.899508E+2	3.311672E+0
2.902151E+2	3.399103E+0
2.904794E+2	3.257027E+0
2.907437E+2	3.519322E+0
2.910080E+2	3.617682E+0
2.912723E+2	3.754295E+0
2.915366E+2	3.732437E+0
2.918008E+2	3.803475E+0
2.920651E+2	3.759759E+0
2.923293E+2	3.770688E+0
2.925936E+2	3.573967E+0
2.928578E+2	3.552109E+0
2.931220E+2	3.590360E+0
2.933863E+2	3.431890E+0
2.936505E+2	3.765223E+0
2.939147E+2	3.907300E+0
2.941789E+2	3.918229E+0
2.944431E+2	3.841726E+0
2.947072E+2	3.918229E+0
2.949714E+2	3.666863E+0
2.952356E+2	3.699650E+0
2.954997E+2	4.082163E+0
2.957639E+2	4.060305E+0
2.960280E+2	4.158666E+0
2.962922E+2	3.994732E+0
2.965563E+2	3.748830E+0
2.968204E+2	3.535715E+0
2.970845E+2	3.683256E+0
2.973486E+2	3.420961E+0
2.976127E+2	3.508393E+0
2.978768E+2	3.563038E+0
2.981409E+2	3.612218E+0
2.984050E+2	3.645005E+0
2.986691E+2	3.464677E+0
2.989331E+2	3.344458E+0
2.991972E+2	3.431890E+0
2.994612E+2	3.257027E+0
2.997253E+2	3.125879E+0
2.999893E+2	3.273420E+0
3.002534E+2	3.563038E+0
3.005174E+2	3.710579E+0
3.007814E+2	3.530251E+0
3.010454E+2	3.317136E+0
3.013094E+2	3.229704E+0
3.015734E+2	3.218775E+0
3.018374E+2	3.289814E+0
3.021013E+2	3.371781E+0
3.023653E+2	3.377245E+0
3.026293E+2	3.338994E+0
3.028932E+2	3.278885E+0
3.031572E+2	3.246098E+0
3.034211E+2	3.278885E+0
3.036850E+2	3.371781E+0
3.039489E+2	3.552109E+0
3.042129E+2	3.732437E+0
3.044768E+2	3.978338E+0
3.047407E+2	3.994732E+0
3.050046E+2	3.972874E+0
3.052685E+2	4.000196E+0
3.055323E+2	4.027519E+0
3.057962E+2	3.808939E+0
3.060601E+2	3.885442E+0
3.063239E+2	3.726972E+0
3.065878E+2	4.032983E+0
3.068516E+2	3.830797E+0
3.071155E+2	3.606754E+0
3.073793E+2	3.623147E+0
3.076431E+2	3.426426E+0
3.079069E+2	3.317136E+0
3.081707E+2	3.710579E+0
3.084345E+2	3.934622E+0
3.086983E+2	4.131344E+0
3.089621E+2	4.153202E+0
3.092259E+2	4.257027E+0
3.094896E+2	4.224240E+0
3.097534E+2	4.087628E+0
3.100171E+2	4.098557E+0
3.102809E+2	4.098557E+0
3.105446E+2	4.317136E+0
3.108084E+2	4.502928E+0
3.110721E+2	4.787081E+0
3.113358E+2	5.027519E+0
3.115995E+2	4.972874E+0
3.118632E+2	5.032983E+0
3.121269E+2	5.125879E+0
3.123906E+2	5.169595E+0
3.126543E+2	5.257027E+0
3.129179E+2	5.136808E+0
3.131816E+2	4.918229E+0
3.134453E+2	4.808939E+0
3.137089E+2	4.677792E+0
3.139725E+2	4.437355E+0
3.142362E+2	4.213311E+0
3.144998E+2	3.951016E+0
3.147634E+2	3.781617E+0
3.150270E+2	4.125879E+0
3.152906E+2	3.929158E+0
3.155542E+2	4.349923E+0
3.158178E+2	4.410032E+0
3.160814E+2	4.344458E+0
3.163450E+2	4.246098E+0
3.166086E+2	4.541180E+0
3.168721E+2	4.721508E+0
3.171357E+2	4.688721E+0
3.173992E+2	4.847191E+0
3.176627E+2	5.049376E+0
3.179263E+2	5.109486E+0
3.181898E+2	5.027519E+0
3.184533E+2	5.032983E+0
3.187168E+2	5.164131E+0
3.189803E+2	5.120415E+0
3.192438E+2	4.863584E+0
3.195073E+2	4.792546E+0
3.197708E+2	5.147737E+0
3.200342E+2	5.104021E+0
3.202977E+2	5.120415E+0
3.205612E+2	4.705114E+0
3.208246E+2	4.912764E+0
3.210881E+2	4.890907E+0
3.213515E+2	4.907300E+0
3.216149E+2	4.754295E+0
3.218783E+2	4.584896E+0
3.221417E+2	4.431890E+0
3.224051E+2	4.366316E+0
3.226685E+2	3.994732E+0
3.229319E+2	4.043912E+0
3.231953E+2	4.147737E+0
3.234587E+2	4.202382E+0
3.237221E+2	4.317136E+0
3.239854E+2	4.699650E+0
3.242488E+2	4.584896E+0
3.245121E+2	4.278885E+0
3.247754E+2	4.087628E+0
3.250388E+2	4.131344E+0
3.253021E+2	4.120415E+0
3.255654E+2	4.300743E+0
3.258287E+2	4.481070E+0
3.260920E+2	4.399103E+0
3.263553E+2	4.442819E+0
3.266186E+2	4.087628E+0
3.268819E+2	3.967409E+0
3.271451E+2	3.852655E+0
3.274084E+2	3.737901E+0
3.276717E+2	3.655934E+0
3.279349E+2	3.699650E+0
3.281981E+2	3.491999E+0
3.284614E+2	3.355387E+0
3.287246E+2	3.486535E+0
3.289878E+2	3.798010E+0
3.292510E+2	4.016590E+0
3.295142E+2	4.344458E+0
3.297774E+2	4.399103E+0
3.300406E+2	4.590360E+0
3.303038E+2	4.623147E+0
3.305670E+2	4.956480E+0
3.308301E+2	5.360852E+0
3.310933E+2	5.295278E+0
3.313564E+2	5.349923E+0
3.316196E+2	5.235169E+0
3.318827E+2	5.388174E+0
3.321458E+2	5.464677E+0
3.324089E+2	5.475606E+0
3.326721E+2	5.344458E+0
3.329352E+2	5.366316E+0
3.331983E+2	5.459213E+0
3.334614E+2	5.858120E+0
3.337244E+2	5.929158E+0
3.339875E+2	5.890907E+0
3.342506E+2	5.781617E+0
3.345136E+2	5.732437E+0
3.347767E+2	5.464677E+0
3.350397E+2	5.442819E+0
3.353028E+2	5.541180E+0
3.355658E+2	5.563038E+0
3.358288E+2	5.415497E+0
3.360918E+2	5.322601E+0
3.363548E+2	5.202382E+0
3.366178E+2	5.098557E+0
3.368808E+2	4.852655E+0
3.371438E+2	4.885442E+0
3.374068E+2	4.956480E+0
3.376698E+2	4.972874E+0
3.379327E+2	5.355387E+0
3.381957E+2	5.333529E+0
3.384586E+2	5.049376E+0
3.387216E+2	5.273420E+0
3.389845E+2	5.191453E+0
3.392474E+2	5.175060E+0
3.395103E+2	4.912764E+0
3.397733E+2	4.961945E+0
3.400362E+2	4.623147E+0
3.402990E+2	4.453748E+0
3.405619E+2	4.699650E+0
3.408248E+2	4.787081E+0
3.410877E+2	4.770688E+0
3.413506E+2	4.623147E+0
3.416134E+2	4.513857E+0
3.418763E+2	4.459213E+0
3.421391E+2	4.666863E+0
3.424019E+2	4.519322E+0
3.426648E+2	4.546644E+0
3.429276E+2	4.617682E+0
3.431904E+2	4.645005E+0
3.434532E+2	4.694185E+0
3.437160E+2	4.453748E+0
3.439788E+2	4.442819E+0
3.442416E+2	4.601289E+0
3.445043E+2	4.770688E+0
3.447671E+2	4.699650E+0
3.450299E+2	4.737901E+0
3.452926E+2	4.535715E+0
3.455554E+2	4.207846E+0
3.458181E+2	4.164131E+0
3.460808E+2	3.983803E+0
3.463436E+2	4.300743E+0
3.466063E+2	4.191453E+0
3.468690E+2	3.869049E+0
3.471317E+2	3.737901E+0
3.473944E+2	3.754295E+0
3.476570E+2	3.781617E+0
3.479197E+2	3.836262E+0
3.481824E+2	3.732437E+0
3.484451E+2	3.639540E+0
3.487077E+2	3.497464E+0
3.489704E+2	3.322601E+0
3.492330E+2	3.289814E+0
3.494956E+2	2.945551E+0
3.497582E+2	3.016590E+0
3.500209E+2	3.032983E+0
3.502835E+2	3.202382E+0
3.505461E+2	3.267956E+0
3.508087E+2	3.491999E+0
3.510713E+2	3.573967E+0
3.513338E+2	3.699650E+0
3.515964E+2	3.716043E+0
3.518590E+2	3.590360E+0
3.521215E+2	3.524786E+0
3.523841E+2	3.344458E+0
3.526466E+2	3.475606E+0
3.529091E+2	3.628611E+0
3.531717E+2	3.360852E+0
3.534342E+2	3.448284E+0
3.536967E+2	3.535715E+0
3.539592E+2	3.399103E+0
3.542217E+2	3.338994E+0
3.544842E+2	3.519322E+0
3.547467E+2	3.415497E+0
3.550091E+2	3.606754E+0
3.552716E+2	3.645005E+0
3.555341E+2	3.732437E+0
3.557965E+2	3.645005E+0
3.560590E+2	3.994732E+0
3.563214E+2	4.371781E+0
3.565838E+2	4.328065E+0
3.568462E+2	4.229704E+0
3.571086E+2	4.175060E+0
3.573711E+2	4.333529E+0
3.576335E+2	4.431890E+0
3.578958E+2	4.322601E+0
3.581582E+2	4.257027E+0
3.584206E+2	4.136808E+0
3.586830E+2	4.322601E+0
3.589453E+2	4.082163E+0
3.592077E+2	4.142273E+0
3.594700E+2	4.120415E+0
3.597324E+2	4.388174E+0
3.599947E+2	4.257027E+0
3.602570E+2	4.426426E+0
3.605193E+2	4.464677E+0
3.607816E+2	4.497464E+0
3.610439E+2	4.677792E+0
3.613062E+2	4.841726E+0
3.615685E+2	4.989267E+0
3.618308E+2	5.218775E+0
3.620930E+2	5.530251E+0
3.623553E+2	5.453748E+0
3.626176E+2	5.448284E+0
3.628798E+2	5.639540E+0
3.631420E+2	5.710579E+0
3.634043E+2	5.874513E+0
3.636665E+2	5.923693E+0
3.639287E+2	5.721508E+0
3.641909E+2	5.710579E+0
3.644531E+2	5.743366E+0
3.647153E+2	5.595825E+0
3.649775E+2	5.601289E+0
3.652397E+2	5.852655E+0
3.655018E+2	5.748830E+0
3.657640E+2	5.508393E+0
3.660262E+2	5.437355E+0
3.662883E+2	5.481070E+0
3.665505E+2	5.491999E+0
3.668126E+2	5.388174E+0
3.670747E+2	5.437355E+0
3.673368E+2	5.136808E+0
3.675989E+2	5.038448E+0
3.678610E+2	5.125879E+0
3.681231E+2	5.114950E+0
3.683852E+2	5.415497E+0
3.686473E+2	5.612218E+0
3.689094E+2	5.584896E+0
3.691714E+2	5.787081E+0
3.694335E+2	5.672327E+0
3.696955E+2	5.475606E+0
3.699576E+2	5.442819E+0
3.702196E+2	5.688721E+0
3.704816E+2	5.912764E+0
3.707437E+2	5.841726E+0
3.710057E+2	6.016590E+0
3.712677E+2	5.934622E+0
3.715297E+2	5.934622E+0
3.717917E+2	5.961945E+0
3.720536E+2	5.732437E+0
3.723156E+2	5.448284E+0
3.725776E+2	5.491999E+0
3.728395E+2	5.759759E+0
3.731015E+2	5.716043E+0
3.733634E+2	5.781617E+0
3.736254E+2	5.601289E+0
3.738873E+2	5.595825E+0
3.741492E+2	5.808939E+0
3.744111E+2	5.961945E+0
3.746730E+2	5.901836E+0
3.749349E+2	6.125879E+0
3.751968E+2	6.246098E+0
3.754587E+2	6.262491E+0
3.757206E+2	6.344458E+0
3.759824E+2	6.338994E+0
3.762443E+2	6.043912E+0
3.765061E+2	6.000196E+0
3.767680E+2	5.830797E+0
3.770298E+2	5.584896E+0
3.772916E+2	5.552109E+0
3.775535E+2	5.431890E+0
3.778153E+2	4.901836E+0
3.780771E+2	4.573967E+0
3.783389E+2	4.541180E+0
3.786007E+2	4.677792E+0
3.788624E+2	4.486535E+0
3.791242E+2	4.355387E+0
3.793860E+2	4.306207E+0
3.796477E+2	4.289814E+0
3.799095E+2	4.420961E+0
3.801712E+2	4.513857E+0
3.804330E+2	4.612218E+0
3.806947E+2	4.874513E+0
3.809564E+2	5.049376E+0
3.812181E+2	4.803475E+0
3.814798E+2	4.808939E+0
3.817415E+2	5.202382E+0
3.820032E+2	5.377245E+0
3.822649E+2	5.295278E+0
3.825266E+2	5.267956E+0
3.827883E+2	5.328065E+0
3.830499E+2	5.185989E+0
3.833116E+2	5.393639E+0
3.835732E+2	5.721508E+0
3.838348E+2	5.721508E+0
3.840965E+2	5.836262E+0
3.843581E+2	5.841726E+0
3.846197E+2	5.808939E+0
3.848813E+2	5.929158E+0
3.851429E+2	5.825333E+0
3.854045E+2	5.896371E+0
3.856661E+2	6.065770E+0
3.859277E+2	6.224240E+0
3.861892E+2	5.978338E+0
3.864508E+2	5.879978E+0
3.867124E+2	5.956480E+0
3.869739E+2	5.552109E+0
3.872354E+2	5.890907E+0
3.874970E+2	6.257027E+0
3.877585E+2	6.628611E+0
3.880200E+2	6.781617E+0
3.882815E+2	7.043912E+0
3.885430E+2	6.918229E+0
3.888045E+2	6.841726E+0
3.890660E+2	6.951016E+0
3.893275E+2	6.743366E+0
3.895889E+2	6.885442E+0
3.898504E+2	6.951016E+0
3.901118E+2	6.759759E+0
3.903733E+2	6.885442E+0
3.906347E+2	6.732437E+0
3.908962E+2	6.726972E+0
3.911576E+2	6.634076E+0
3.914190E+2	6.732437E+0
3.916804E+2	6.519322E+0
3.919418E+2	6.645005E+0
3.922032E+2	6.748830E+0
3.924646E+2	6.628611E+0
3.927260E+2	6.497464E+0
3.929873E+2	6.371781E+0
3.932487E+2	6.360852E+0
3.935100E+2	6.431890E+0
3.937714E+2	6.825333E+0
3.940327E+2	6.994732E+0
3.942941E+2	6.830797E+0
3.945554E+2	6.721508E+0
3.948167E+2	6.830797E+0
3.950780E+2	7.251562E+0
3.953393E+2	7.311672E+0
3.956006E+2	7.246098E+0
3.958619E+2	7.229704E+0
3.961232E+2	7.136808E+0
3.963844E+2	7.038448E+0
3.966457E+2	7.043912E+0
3.969069E+2	7.142273E+0
3.971682E+2	7.338994E+0
3.974294E+2	7.508393E+0
3.976907E+2	7.191453E+0
3.979519E+2	7.038448E+0
3.982131E+2	6.956480E+0
3.984743E+2	7.104021E+0
3.987355E+2	7.185989E+0
3.989967E+2	7.273420E+0
3.992579E+2	7.218775E+0
3.995191E+2	6.918229E+0
3.997802E+2	6.759759E+0
4.000414E+2	6.770688E+0
4.003025E+2	6.683256E+0
4.005637E+2	6.486535E+0
4.008248E+2	6.508393E+0
4.010860E+2	6.874513E+0
4.013471E+2	7.093092E+0
4.016082E+2	7.022054E+0
4.018693E+2	6.967409E+0
4.021304E+2	7.136808E+0
4.023915E+2	7.164131E+0
4.026526E+2	7.388174E+0
4.029137E+2	7.410032E+0
4.031747E+2	7.131344E+0
4.034358E+2	6.737901E+0
4.036968E+2	6.470142E+0
4.039579E+2	6.453748E+0
4.042189E+2	6.240633E+0
4.044800E+2	6.278885E+0
4.047410E+2	6.497464E+0
4.050020E+2	6.683256E+0
4.052630E+2	6.748830E+0
4.055240E+2	6.885442E+0
4.057850E+2	7.005661E+0
4.060460E+2	6.989267E+0
4.063070E+2	6.765223E+0
4.065679E+2	6.994732E+0
4.068289E+2	6.830797E+0
4.070898E+2	6.890907E+0
4.073508E+2	6.781617E+0
4.076117E+2	6.672327E+0
4.078727E+2	6.743366E+0
4.081336E+2	7.000196E+0
4.083945E+2	7.131344E+0
4.086554E+2	7.377245E+0
4.089163E+2	7.497464E+0
4.091772E+2	7.535715E+0
4.094381E+2	7.666863E+0
4.096990E+2	7.737901E+0
4.099598E+2	7.869049E+0
4.102207E+2	8.011125E+0
4.104815E+2	8.087628E+0
4.107424E+2	7.967409E+0
4.110032E+2	7.721508E+0
4.112640E+2	7.502928E+0
4.115249E+2	7.617682E+0
4.117857E+2	7.825333E+0
4.120465E+2	7.961945E+0
4.123073E+2	8.000196E+0
4.125681E+2	8.218775E+0
4.128289E+2	8.257027E+0
4.130896E+2	8.246098E+0
4.133504E+2	8.098557E+0
4.136112E+2	8.158666E+0
4.138719E+2	8.213311E+0
4.141327E+2	8.175060E+0
4.143934E+2	8.076699E+0
4.146541E+2	8.355387E+0
4.149149E+2	8.355387E+0
4.151756E+2	8.573967E+0
4.154363E+2	8.677792E+0
4.156970E+2	8.830797E+0
4.159577E+2	8.732437E+0
4.162184E+2	8.699650E+0
4.164790E+2	8.792546E+0
4.167397E+2	8.841726E+0
4.170004E+2	8.661398E+0
4.172610E+2	8.464677E+0
4.175217E+2	8.584896E+0
4.177823E+2	8.486535E+0
4.180429E+2	8.590360E+0
4.183035E+2	8.628611E+0
4.185642E+2	8.524786E+0
4.188248E+2	8.781617E+0
4.190854E+2	8.814404E+0
4.193459E+2	8.994732E+0
4.196065E+2	9.164131E+0
4.198671E+2	8.847191E+0
4.201277E+2	8.798010E+0
4.203882E+2	8.847191E+0
4.206488E+2	8.579431E+0
4.209093E+2	8.481070E+0
4.211699E+2	8.486535E+0
4.214304E+2	8.207846E+0
4.216909E+2	8.207846E+0
4.219514E+2	8.224240E+0
4.222119E+2	8.552109E+0
4.224724E+2	8.590360E+0
4.227329E+2	8.623147E+0
4.229934E+2	8.257027E+0
4.232539E+2	8.273420E+0
4.235143E+2	8.628611E+0
4.237748E+2	8.399103E+0
4.240352E+2	8.300743E+0
4.242957E+2	8.175060E+0
4.245561E+2	8.437355E+0
4.248166E+2	8.202382E+0
4.250770E+2	8.180524E+0
4.253374E+2	8.109486E+0
4.255978E+2	8.142273E+0
4.258582E+2	8.185989E+0
4.261186E+2	8.158666E+0
4.263790E+2	8.278885E+0
4.266393E+2	8.497464E+0
4.268997E+2	8.497464E+0
4.271600E+2	8.699650E+0
4.274204E+2	8.754295E+0
4.276807E+2	8.601289E+0
4.279411E+2	8.486535E+0
4.282014E+2	8.535715E+0
4.284617E+2	8.147737E+0
4.287220E+2	8.104021E+0
4.289823E+2	7.951016E+0
4.292426E+2	8.065770E+0
4.295029E+2	8.043912E+0
4.297632E+2	7.929158E+0
4.300235E+2	8.114950E+0
4.302837E+2	8.142273E+0
4.305440E+2	7.912764E+0
4.308042E+2	7.972874E+0
4.310645E+2	8.011125E+0
4.313247E+2	8.104021E+0
4.315849E+2	8.076699E+0
4.318451E+2	8.158666E+0
4.321054E+2	8.218775E+0
4.323656E+2	8.207846E+0
4.326258E+2	8.087628E+0
4.328859E+2	7.852655E+0
4.331461E+2	7.661398E+0
4.334063E+2	7.552109E+0
4.336665E+2	7.650469E+0
4.339266E+2	7.650469E+0
4.341868E+2	7.486535E+0
4.344469E+2	7.459213E+0
4.347070E+2	7.530251E+0
4.349671E+2	7.655934E+0
4.352273E+2	7.595825E+0
4.354874E+2	7.431890E+0
4.357475E+2	7.688721E+0
4.360076E+2	7.552109E+0
4.362677E+2	7.563038E+0
4.365277E+2	7.552109E+0
4.367878E+2	7.666863E+0
4.370479E+2	7.754295E+0
4.373079E+2	8.257027E+0
4.375680E+2	8.519322E+0
4.378280E+2	8.623147E+0
4.380880E+2	8.694185E+0
4.383480E+2	8.721508E+0
4.386081E+2	8.776152E+0
4.388681E+2	9.311672E+0
4.391281E+2	9.508393E+0
4.393881E+2	9.295278E+0
4.396480E+2	9.524786E+0
4.399080E+2	9.530251E+0
4.401680E+2	9.524786E+0
4.404279E+2	9.431890E+0
4.406879E+2	9.721508E+0
4.409478E+2	9.748830E+0
4.412078E+2	9.934622E+0
4.414677E+2	9.983803E+0
4.417276E+2	9.940087E+0
4.419875E+2	1.017506E+1
4.422474E+2	1.011495E+1
4.425073E+2	1.020785E+1
4.427672E+2	1.041550E+1
4.430271E+2	1.044282E+1
4.432870E+2	1.034446E+1
4.435469E+2	1.014227E+1
4.438067E+2	1.033353E+1
4.440666E+2	1.048107E+1
4.443264E+2	1.059582E+1
4.445862E+2	1.057943E+1
4.448461E+2	1.072697E+1
4.451059E+2	1.079255E+1
4.453657E+2	1.090184E+1
4.456255E+2	1.115867E+1
4.458853E+2	1.116413E+1
4.461451E+2	1.137725E+1
4.464049E+2	1.147014E+1
4.466646E+2	1.147561E+1
4.469244E+2	1.153572E+1
4.471842E+2	1.173790E+1
4.474439E+2	1.187998E+1
4.477036E+2	1.208763E+1
4.479634E+2	1.230621E+1
4.482231E+2	1.241003E+1
4.484828E+2	1.246468E+1
4.487425E+2	1.275976E+1
4.490022E+2	1.323517E+1
4.492619E+2	1.338271E+1
4.495216E+2	1.345921E+1
4.497813E+2	1.333353E+1
4.500410E+2	1.337178E+1
4.503006E+2	1.349200E+1
4.505603E+2	1.362315E+1
4.508199E+2	1.368872E+1
4.510796E+2	1.374337E+1
4.513392E+2	1.383080E+1
4.515988E+2	1.408763E+1
4.518584E+2	1.459036E+1
4.521180E+2	1.490184E+1
4.523776E+2	1.513681E+1
4.526372E+2	1.517506E+1
4.528968E+2	1.530621E+1
4.531564E+2	1.485266E+1
4.534160E+2	1.481440E+1
4.536755E+2	1.494009E+1
4.539351E+2	1.499473E+1
4.541946E+2	1.516960E+1
4.544541E+2	1.525703E+1
4.547137E+2	1.523517E+1
4.549732E+2	1.518599E+1
4.552327E+2	1.520238E+1
4.554922E+2	1.527888E+1
4.557517E+2	1.539364E+1
4.560112E+2	1.566140E+1
4.562707E+2	1.584173E+1
4.565302E+2	1.604391E+1
4.567896E+2	1.647014E+1
4.570491E+2	1.660675E+1
4.573085E+2	1.660129E+1
4.575680E+2	1.668872E+1
4.578274E+2	1.668326E+1
4.580868E+2	1.673790E+1
4.583463E+2	1.698927E+1
4.586057E+2	1.703845E+1
4.588651E+2	1.744828E+1
4.591245E+2	1.756850E+1
4.593838E+2	1.803845E+1
4.596432E+2	1.814774E+1
4.599026E+2	1.827342E+1
4.601620E+2	1.857943E+1
4.604213E+2	1.878162E+1
4.606807E+2	1.873244E+1
4.609400E+2	1.893462E+1
4.611993E+2	1.904938E+1
4.614587E+2	1.904391E+1
4.617180E+2	1.928435E+1
4.619773E+2	1.910949E+1
4.622366E+2	1.938271E+1
4.624959E+2	1.995648E+1
4.627552E+2	2.000020E+1
4.630144E+2	2.000566E+1
4.632737E+2	1.997834E+1
4.635330E+2	2.014227E+1
4.637922E+2	2.023517E+1
4.640515E+2	2.030074E+1
4.643107E+2	2.078708E+1
4.645699E+2	2.114227E+1
4.648292E+2	2.144828E+1
4.650884E+2	2.149200E+1
4.653476E+2	2.174337E+1
4.656068E+2	2.224063E+1
4.658660E+2	2.264500E+1
4.661251E+2	2.299473E+1
4.663843E+2	2.303298E+1
4.666435E+2	2.327888E+1
4.669026E+2	2.371604E+1
4.671618E+2	2.394555E+1
4.674209E+2	2.409309E+1
4.676801E+2	2.426249E+1
4.679392E+2	2.427342E+1
4.681983E+2	2.438271E+1
4.684574E+2	2.458490E+1
4.687165E+2	2.484719E+1
4.689756E+2	2.511495E+1
4.692347E+2	2.526249E+1
4.694938E+2	2.548107E+1
4.697529E+2	2.544828E+1
4.700119E+2	2.557397E+1
4.702710E+2	2.594555E+1
4.705300E+2	2.621331E+1
4.707891E+2	2.637725E+1
4.710481E+2	2.671058E+1
4.713071E+2	2.717506E+1
4.715661E+2	2.743735E+1
4.718252E+2	2.772697E+1
4.720842E+2	2.795648E+1
4.723431E+2	2.820238E+1
4.726021E+2	2.845375E+1
4.728611E+2	2.854118E+1
4.731201E+2	2.896741E+1
4.733790E+2	2.950839E+1
4.736380E+2	2.969965E+1
4.738969E+2	3.018599E+1
4.741559E+2	3.054118E+1
4.744148E+2	3.104391E+1
4.746737E+2	3.135539E+1
4.749326E+2	3.206577E+1
4.751915E+2	3.239910E+1
4.754504E+2	3.284173E+1
4.757093E+2	3.327342E+1
4.759682E+2	3.371058E+1
4.762271E+2	3.408216E+1
4.764859E+2	3.468872E+1
4.767448E+2	3.523517E+1
4.770037E+2	3.563954E+1
4.772625E+2	3.620785E+1
4.775213E+2	3.668872E+1
4.777802E+2	3.739910E+1
4.780390E+2	3.755211E+1
4.782978E+2	3.761768E+1
4.785566E+2	3.825703E+1
4.788154E+2	3.914227E+1
4.790742E+2	3.985266E+1
4.793329E+2	4.025703E+1
4.795917E+2	4.084719E+1
4.798505E+2	4.170511E+1
4.801092E+2	4.207123E+1
4.803680E+2	4.243735E+1
4.806267E+2	4.257943E+1
4.808854E+2	4.325156E+1
4.811442E+2	4.369419E+1
4.814029E+2	4.416960E+1
4.816616E+2	4.486358E+1
4.819203E+2	4.526796E+1
4.821790E+2	4.589637E+1
4.824377E+2	4.661768E+1
4.826963E+2	4.704391E+1
4.829550E+2	4.783626E+1
4.832137E+2	4.854118E+1
4.834723E+2	4.912041E+1
4.837310E+2	4.991276E+1
4.839896E+2	5.096741E+1
4.842482E+2	5.171604E+1
4.845068E+2	5.245375E+1
4.847655E+2	5.360675E+1
4.850241E+2	5.414774E+1
4.852827E+2	5.472151E+1
4.855412E+2	5.551386E+1
4.857998E+2	5.609309E+1
4.860584E+2	5.669965E+1
4.863170E+2	5.748107E+1
4.865755E+2	5.858490E+1
4.868341E+2	5.966686E+1
4.870926E+2	6.009856E+1
4.873511E+2	6.090730E+1
4.876097E+2	6.184719E+1
4.878682E+2	6.299473E+1
4.881267E+2	6.379255E+1
4.883852E+2	6.485812E+1
4.886437E+2	6.617506E+1
4.889022E+2	6.717506E+1
4.891606E+2	6.797834E+1
4.894191E+2	6.898380E+1
4.896776E+2	6.998380E+1
4.899360E+2	7.116413E+1
4.901945E+2	7.204938E+1
4.904529E+2	7.282533E+1
4.907113E+2	7.370511E+1
4.909697E+2	7.502205E+1
4.912282E+2	7.591823E+1
4.914866E+2	7.702752E+1
4.917450E+2	7.799473E+1
4.920034E+2	7.920785E+1
4.922617E+2	8.015867E+1
4.925201E+2	8.109856E+1
4.927785E+2	8.245375E+1
4.930368E+2	8.355757E+1
4.932952E+2	8.475976E+1
4.935535E+2	8.600566E+1
4.938118E+2	8.737178E+1
4.940702E+2	8.868326E+1
4.943285E+2	8.994555E+1
4.945868E+2	9.097287E+1
4.948451E+2	9.225703E+1
4.951034E+2	9.372697E+1
4.953617E+2	9.501113E+1
4.956200E+2	9.630621E+1
4.958782E+2	9.772151E+1
4.961365E+2	9.942096E+1
4.963947E+2	1.010166E+2
4.966530E+2	1.022133E+2
4.969112E+2	1.036942E+2
4.971694E+2	1.050658E+2
4.974277E+2	1.063007E+2
4.976859E+2	1.080767E+2
4.979441E+2	1.097980E+2
4.982023E+2	1.114210E+2
4.984605E+2	1.131313E+2
4.987187E+2	1.146177E+2
4.989768E+2	1.159565E+2
4.992350E+2	1.174155E+2
4.994931E+2	1.189292E+2
4.997513E+2	1.202734E+2
5.000094E+2	1.218144E+2
5.002676E+2	1.232680E+2
5.005257E+2	1.246614E+2
5.007838E+2	1.264975E+2
5.010419E+2	1.283281E+2
5.013000E+2	1.302734E+2
5.015581E+2	1.322734E+2
5.018162E+2	1.342734E+2
5.020743E+2	1.360986E+2
5.023323E+2	1.377816E+2
5.025904E+2	1.394537E+2
5.028485E+2	1.417324E+2
5.031065E+2	1.438363E+2
5.033645E+2	1.458199E+2
5.036226E+2	1.474756E+2
5.038806E+2	1.495029E+2
5.041386E+2	1.511587E+2
5.043966E+2	1.532024E+2
5.046546E+2	1.549182E+2
5.049126E+2	1.570767E+2
5.051706E+2	1.594537E+2
5.054285E+2	1.617816E+2
5.056865E+2	1.639182E+2
5.059445E+2	1.663718E+2
5.062024E+2	1.685849E+2
5.064604E+2	1.705248E+2
5.067183E+2	1.724155E+2
5.069762E+2	1.749018E+2
5.072341E+2	1.771641E+2
5.074920E+2	1.797707E+2
5.077499E+2	1.820330E+2
5.080078E+2	1.847434E+2
5.082657E+2	1.871204E+2
5.085236E+2	1.894428E+2
5.087815E+2	1.921641E+2
5.090393E+2	1.946778E+2
5.092972E+2	1.971150E+2
5.095550E+2	2.000221E+2
5.098129E+2	2.027434E+2
5.100707E+2	2.053609E+2
5.103285E+2	2.080767E+2
5.105863E+2	2.108363E+2
5.108441E+2	2.133772E+2
5.111019E+2	2.163609E+2
5.113597E+2	2.190931E+2
5.116175E+2	2.219018E+2
5.118753E+2	2.245904E+2
5.121330E+2	2.275029E+2
5.123908E+2	2.308363E+2
5.126485E+2	2.340494E+2
5.129063E+2	2.372516E+2
5.131640E+2	2.408035E+2
5.134217E+2	2.438472E+2
5.136794E+2	2.469346E+2
5.139371E+2	2.502024E+2
5.141948E+2	2.536996E+2
5.144525E+2	2.570384E+2
5.147102E+2	2.606341E+2
5.149679E+2	2.644210E+2
5.152256E+2	2.679893E+2
5.154832E+2	2.716177E+2
5.157409E+2	2.754811E+2
5.159985E+2	2.794210E+2
5.162562E+2	2.830712E+2
5.165138E+2	2.866177E+2
5.167714E+2	2.905794E+2
5.170290E+2	2.942734E+2
5.172866E+2	2.983445E+2
5.175442E+2	3.019565E+2
5.178018E+2	3.057816E+2
5.180594E+2	3.094811E+2
5.183170E+2	3.134100E+2
5.185745E+2	3.172133E+2
5.188321E+2	3.209893E+2
5.190896E+2	3.251641E+2
5.193472E+2	3.293226E+2
5.196047E+2	3.333882E+2
5.198622E+2	3.374920E+2
5.201197E+2	3.414811E+2
5.203772E+2	3.459838E+2
5.206347E+2	3.505303E+2
5.208922E+2	3.550166E+2
5.211497E+2	3.591150E+2
5.214072E+2	3.630986E+2
5.216646E+2	3.674865E+2
5.219221E+2	3.722078E+2
5.221795E+2	3.769947E+2
5.224370E+2	3.818199E+2
5.226944E+2	3.865849E+2
5.229519E+2	3.915193E+2
5.232093E+2	3.962843E+2
5.234667E+2	4.011751E+2
5.237241E+2	4.063226E+2
5.239815E+2	4.117160E+2
5.242389E+2	4.169346E+2
5.244962E+2	4.218199E+2
5.247536E+2	4.270330E+2
5.250110E+2	4.323007E+2
5.252683E+2	4.374319E+2
5.255257E+2	4.428144E+2
5.257830E+2	4.481368E+2
5.260403E+2	4.534264E+2
5.262977E+2	4.585521E+2
5.265550E+2	4.640712E+2
5.268123E+2	4.693390E+2
5.270696E+2	4.752078E+2
5.273269E+2	4.811641E+2
5.275841E+2	4.866887E+2
5.278414E+2	4.927051E+2
5.280987E+2	4.984975E+2
5.283559E+2	5.038745E+2
5.286132E+2	5.098581E+2
5.288704E+2	5.154647E+2
5.291276E+2	5.217871E+2
5.293849E+2	5.278854E+2
5.296421E+2	5.338527E+2
5.298993E+2	5.399346E+2
5.301565E+2	5.464483E+2
5.304137E+2	5.528035E+2
5.306709E+2	5.591368E+2
5.309280E+2	5.656013E+2
5.311852E+2	5.718089E+2
5.314424E+2	5.779838E+2
5.316995E+2	5.846996E+2
5.319567E+2	5.914483E+2
5.322138E+2	5.987324E+2
5.324709E+2	6.056395E+2
5.327280E+2	6.132406E+2
5.329852E+2	6.201641E+2
5.332423E+2	6.276450E+2
5.334994E+2	6.347652E+2
5.337564E+2	6.421969E+2
5.340135E+2	6.496450E+2
5.342706E+2	6.571915E+2
5.345276E+2	6.647980E+2
5.347847E+2	6.721696E+2
5.350417E+2	6.794701E+2
5.352988E+2	6.871204E+2
5.355558E+2	6.952461E+2
5.358128E+2	7.032242E+2
5.360698E+2	7.110603E+2
5.363269E+2	7.192898E+2
5.365839E+2	7.273117E+2
5.368408E+2	7.357215E+2
5.370978E+2	7.446068E+2
5.373548E+2	7.529947E+2
5.376118E+2	7.614155E+2
5.378687E+2	7.702570E+2
5.381257E+2	7.792843E+2
5.383826E+2	7.885193E+2
5.386395E+2	7.974428E+2
5.388965E+2	8.062570E+2
5.391534E+2	8.152516E+2
5.394103E+2	8.243718E+2
5.396672E+2	8.339237E+2
5.399241E+2	8.433609E+2
5.401810E+2	8.530384E+2
5.404378E+2	8.625521E+2
5.406947E+2	8.720494E+2
5.409516E+2	8.817051E+2
5.412084E+2	8.914428E+2
5.414653E+2	9.014975E+2
5.417221E+2	9.116887E+2
5.419789E+2	9.221696E+2
5.422357E+2	9.323609E+2
5.424925E+2	9.428199E+2
5.427493E+2	9.528363E+2
5.430061E+2	9.631423E+2
5.432629E+2	9.741696E+2
5.435197E+2	9.849018E+2
5.437765E+2	9.957543E+2
5.440332E+2	1.007295E+3
5.442900E+2	1.018164E+3
5.445467E+2	1.029508E+3
5.448035E+2	1.040694E+3
5.450602E+2	1.052448E+3
5.453169E+2	1.063825E+3
5.455736E+2	1.075317E+3
5.458303E+2	1.086596E+3
5.460870E+2	1.098235E+3
5.463437E+2	1.109743E+3
5.466004E+2	1.121317E+3
5.468571E+2	1.133366E+3
5.471137E+2	1.145853E+3
5.473704E+2	1.157590E+3
5.476270E+2	1.170038E+3
5.478837E+2	1.182099E+3
5.481403E+2	1.194301E+3
5.483969E+2	1.206344E+3
5.486535E+2	1.219028E+3
5.489101E+2	1.231787E+3
5.491667E+2	1.244541E+3
5.494233E+2	1.257541E+3
5.496799E+2	1.270995E+3
5.499365E+2	1.284519E+3
5.501931E+2	1.298164E+3
5.504496E+2	1.312585E+3
5.507062E+2	1.327208E+3
5.509627E+2	1.341131E+3
5.512192E+2	1.354771E+3
5.514758E+2	1.368798E+3
5.517323E+2	1.383142E+3
5.519888E+2	1.397071E+3
5.522453E+2	1.411492E+3
5.525018E+2	1.426131E+3
5.527583E+2	1.440344E+3
5.530147E+2	1.455175E+3
5.532712E+2	1.469732E+3
5.535277E+2	1.484476E+3
5.537841E+2	1.499159E+3
5.540406E+2	1.513885E+3
5.542970E+2	1.529219E+3
5.545534E+2	1.545011E+3
5.548098E+2	1.560372E+3
5.550663E+2	1.576028E+3
5.553227E+2	1.591355E+3
5.555791E+2	1.607344E+3
5.558354E+2	1.623339E+3
5.560918E+2	1.639661E+3
5.563482E+2	1.656803E+3
5.566046E+2	1.673579E+3
5.568609E+2	1.690426E+3
5.571173E+2	1.706847E+3
5.573736E+2	1.724109E+3
5.576299E+2	1.740989E+3
5.578862E+2	1.758536E+3
5.581426E+2	1.775541E+3
5.583989E+2	1.793252E+3
5.586552E+2	1.810443E+3
5.589114E+2	1.828038E+3
5.591677E+2	1.846060E+3
5.594240E+2	1.864399E+3
5.596803E+2	1.882126E+3
5.599365E+2	1.900787E+3
5.601928E+2	1.919415E+3
5.604490E+2	1.937864E+3
5.607052E+2	1.956722E+3
5.609614E+2	1.976191E+3
5.612177E+2	1.995465E+3
5.614739E+2	2.015454E+3
5.617301E+2	2.035667E+3
5.619863E+2	2.056394E+3
5.622424E+2	2.076749E+3
5.624986E+2	2.097099E+3
5.627548E+2	2.117186E+3
5.630109E+2	2.138137E+3
5.632671E+2	2.158530E+3
5.635232E+2	2.179579E+3
5.637794E+2	2.200913E+3
5.640355E+2	2.223148E+3
5.642916E+2	2.244749E+3
5.645477E+2	2.266836E+3
5.648038E+2	2.289339E+3
5.650599E+2	2.311262E+3
5.653160E+2	2.333317E+3
5.655721E+2	2.355924E+3
5.658281E+2	2.378678E+3
5.660842E+2	2.401142E+3
5.663402E+2	2.423809E+3
5.665963E+2	2.447394E+3
5.668523E+2	2.471612E+3
5.671083E+2	2.495388E+3
5.673644E+2	2.519984E+3
5.676204E+2	2.544558E+3
5.678764E+2	2.569503E+3
5.681324E+2	2.594935E+3
5.683883E+2	2.620536E+3
5.686443E+2	2.645224E+3
5.689003E+2	2.671563E+3
5.691562E+2	2.697978E+3
5.694122E+2	2.724071E+3
5.696681E+2	2.750181E+3
5.699241E+2	2.775935E+3
5.701800E+2	2.802585E+3
5.704359E+2	2.829536E+3
5.706918E+2	2.857224E+3
5.709477E+2	2.885038E+3
5.712036E+2	2.912213E+3
5.714595E+2	2.940470E+3
5.717154E+2	2.968459E+3
5.719713E+2	2.996170E+3
5.722271E+2	3.024426E+3
5.724830E+2	3.053044E+3
5.727388E+2	3.082459E+3
5.729947E+2	3.111645E+3
5.732505E+2	3.140967E+3
5.735063E+2	3.170503E+3
5.737621E+2	3.202071E+3
5.740179E+2	3.232623E+3
5.742737E+2	3.264645E+3
5.745295E+2	3.295798E+3
5.747853E+2	3.326585E+3
5.750411E+2	3.358476E+3
5.752968E+2	3.390973E+3
5.755526E+2	3.423257E+3
5.758083E+2	3.455503E+3
5.760641E+2	3.488547E+3
5.763198E+2	3.520978E+3
5.765755E+2	3.553738E+3
5.768312E+2	3.586711E+3
5.770869E+2	3.619487E+3
5.773426E+2	3.652907E+3
5.775983E+2	3.686033E+3
5.778540E+2	3.719869E+3
5.781097E+2	3.755153E+3
5.783653E+2	3.790935E+3
5.786210E+2	3.826224E+3
5.788766E+2	3.861907E+3
5.791323E+2	3.897426E+3
5.793879E+2	3.933683E+3
5.796435E+2	3.968765E+3
5.798991E+2	4.004913E+3
5.801547E+2	4.040787E+3
5.804103E+2	4.077279E+3
5.806659E+2	4.114088E+3
5.809215E+2	4.151323E+3
5.811771E+2	4.188503E+3
5.814327E+2	4.225590E+3
5.816882E+2	4.263055E+3
5.819438E+2	4.300366E+3
5.821993E+2	4.337640E+3
5.824548E+2	4.374765E+3
5.827104E+2	4.413383E+3
5.829659E+2	4.451099E+3
5.832214E+2	4.487131E+3
5.834769E+2	4.525109E+3
5.837324E+2	4.563202E+3
5.839878E+2	4.600913E+3
5.842433E+2	4.639820E+3
5.844988E+2	4.678798E+3
5.847542E+2	4.717137E+3
5.850097E+2	4.755650E+3
5.852651E+2	4.794279E+3
5.855206E+2	4.833131E+3
5.857760E+2	4.872344E+3
5.860314E+2	4.911241E+3
5.862868E+2	4.949738E+3
5.865422E+2	4.988907E+3
5.867976E+2	5.029765E+3
5.870530E+2	5.069596E+3
5.873084E+2	5.109279E+3
5.875637E+2	5.148776E+3
5.878191E+2	5.189601E+3
5.880744E+2	5.230437E+3
5.883298E+2	5.272077E+3
5.885851E+2	5.313366E+3
5.888404E+2	5.354820E+3
5.890958E+2	5.395946E+3
5.893511E+2	5.436519E+3
5.896064E+2	5.477623E+3
5.898617E+2	5.518055E+3
5.901169E+2	5.559978E+3
5.903722E+2	5.601508E+3
5.906275E+2	5.642743E+3
5.908827E+2	5.683864E+3
5.911380E+2	5.725060E+3
5.913932E+2	5.767088E+3
5.916485E+2	5.808875E+3
5.919037E+2	5.851880E+3
5.921589E+2	5.894109E+3
5.924141E+2	5.936803E+3
5.926693E+2	5.979312E+3
5.929245E+2	6.021181E+3
5.931797E+2	6.064268E+3
5.934349E+2	6.106995E+3
5.936900E+2	6.149650E+3
5.939452E+2	6.192547E+3
5.942004E+2	6.234885E+3
5.944555E+2	6.277765E+3
5.947106E+2	6.321372E+3
5.949658E+2	6.364323E+3
5.952209E+2	6.408629E+3
5.954760E+2	6.452028E+3
5.957311E+2	6.495607E+3
5.959862E+2	6.539476E+3
5.962413E+2	6.584683E+3
5.964963E+2	6.628711E+3
5.967514E+2	6.672563E+3
5.970065E+2	6.717334E+3
5.972615E+2	6.762754E+3
5.975166E+2	6.807814E+3
5.977716E+2	6.853809E+3
5.980266E+2	6.900230E+3
5.982816E+2	6.945000E+3
5.985367E+2	6.990394E+3
5.987917E+2	7.038962E+3
5.990467E+2	7.085312E+3
5.993016E+2	7.131574E+3
5.995566E+2	7.179891E+3
5.998116E+2	7.226825E+3
6.000665E+2	7.273667E+3
6.003215E+2	7.319519E+3
6.005764E+2	7.367864E+3
6.008314E+2	7.416454E+3
6.010863E+2	7.465213E+3
6.013412E+2	7.512541E+3
6.015961E+2	7.561055E+3
6.018510E+2	7.609579E+3
6.021059E+2	7.658252E+3
6.023608E+2	7.706071E+3
6.026157E+2	7.754295E+3
6.028706E+2	7.802984E+3
6.031254E+2	7.852066E+3
6.033803E+2	7.898825E+3
6.036351E+2	7.945956E+3
6.038900E+2	7.993405E+3
6.041448E+2	8.040590E+3
6.043996E+2	8.088355E+3
6.046544E+2	8.136164E+3
6.049092E+2	8.184601E+3
6.051640E+2	8.233836E+3
6.054188E+2	8.283077E+3
6.056736E+2	8.332268E+3
6.059283E+2	8.380820E+3
6.061831E+2	8.428803E+3
6.064378E+2	8.477918E+3
6.066926E+2	8.526344E+3
6.069473E+2	8.575924E+3
6.072021E+2	8.625038E+3
6.074568E+2	8.671869E+3
6.077115E+2	8.719476E+3
6.079662E+2	8.767820E+3
6.082209E+2	8.817519E+3
6.084756E+2	8.865383E+3
6.087302E+2	8.914038E+3
6.089849E+2	8.964017E+3
6.092396E+2	9.011590E+3
6.094942E+2	9.060219E+3
6.097489E+2	9.110601E+3
6.100035E+2	9.158967E+3
6.102581E+2	9.207093E+3
6.105127E+2	9.254798E+3
6.107674E+2	9.302273E+3
6.110220E+2	9.350885E+3
6.112766E+2	9.397907E+3
6.115311E+2	9.446120E+3
6.117857E+2	9.492831E+3
6.120403E+2	9.539640E+3
6.122948E+2	9.587241E+3
6.125494E+2	9.634131E+3
6.128039E+2	9.680481E+3
6.130585E+2	9.727629E+3
6.133130E+2	9.772727E+3
6.135675E+2	9.818028E+3
6.138220E+2	9.865164E+3
6.140765E+2	9.911055E+3
6.143310E+2	9.955929E+3
6.145855E+2	1.000115E+4
6.148400E+2	1.004654E+4
6.150945E+2	1.009075E+4
6.153489E+2	1.013591E+4
6.156034E+2	1.017901E+4
6.158578E+2	1.022459E+4
6.161123E+2	1.026796E+4
6.163667E+2	1.031056E+4
6.166211E+2	1.035309E+4
6.168755E+2	1.039544E+4
6.171299E+2	1.043881E+4
6.173843E+2	1.048158E+4
6.176387E+2	1.052307E+4
6.178931E+2	1.056433E+4
6.181474E+2	1.060709E+4
6.184018E+2	1.064976E+4
6.186561E+2	1.069091E+4
6.189105E+2	1.073287E+4
6.191648E+2	1.077415E+4
6.194191E+2	1.081507E+4
6.196735E+2	1.085599E+4
6.199278E+2	1.089570E+4
6.201821E+2	1.093552E+4
6.204364E+2	1.097369E+4
6.206907E+2	1.101074E+4
6.209449E+2	1.104842E+4
6.211992E+2	1.108713E+4
6.214535E+2	1.112254E+4
6.217077E+2	1.116120E+4
6.219619E+2	1.119919E+4
6.222162E+2	1.123550E+4
6.224704E+2	1.127120E+4
6.227246E+2	1.130785E+4
6.229788E+2	1.134551E+4
6.232330E+2	1.138252E+4
6.234872E+2	1.141944E+4
6.237414E+2	1.145421E+4
6.239956E+2	1.148828E+4
6.242498E+2	1.152122E+4
6.245039E+2	1.155314E+4
6.247581E+2	1.158852E+4
6.250122E+2	1.161962E+4
6.252663E+2	1.165142E+4
6.255205E+2	1.168274E+4
6.257746E+2	1.171312E+4
6.260287E+2	1.174308E+4
6.262828E+2	1.177144E+4
6.265369E+2	1.180074E+4
6.267910E+2	1.182981E+4
6.270450E+2	1.185637E+4
6.272991E+2	1.188356E+4
6.275532E+2	1.190962E+4
6.278072E+2	1.193383E+4
6.280613E+2	1.195778E+4
6.283153E+2	1.198056E+4
6.285693E+2	1.200477E+4
6.288233E+2	1.202689E+4
6.290773E+2	1.204950E+4
6.293313E+2	1.206880E+4
6.295853E+2	1.209011E+4
6.298393E+2	1.210896E+4
6.300933E+2	1.212480E+4
6.303472E+2	1.214096E+4
6.306012E+2	1.215679E+4
6.308551E+2	1.217230E+4
6.311091E+2	1.218917E+4
6.313630E+2	1.220475E+4
6.316169E+2	1.221801E+4
6.318709E+2	1.223037E+4
6.321248E+2	1.224131E+4
6.323787E+2	1.225302E+4
6.326326E+2	1.226199E+4
6.328864E+2	1.227071E+4
6.331403E+2	1.227983E+4
6.333942E+2	1.228665E+4
6.336480E+2	1.229194E+4
6.339019E+2	1.229527E+4
6.341557E+2	1.229889E+4
6.344095E+2	1.230230E+4
6.346634E+2	1.230503E+4
6.349172E+2	1.230458E+4
6.351710E+2	1.230496E+4
6.354248E+2	1.230407E+4
6.356786E+2	1.230415E+4
6.359324E+2	1.230405E+4
6.361861E+2	1.230060E+4
6.364399E+2	1.229567E+4
6.366936E+2	1.228735E+4
6.369474E+2	1.228593E+4
6.372011E+2	1.227752E+4
6.374549E+2	1.226948E+4
6.377086E+2	1.226069E+4
6.379623E+2	1.224964E+4
6.382160E+2	1.223625E+4
6.384697E+2	1.222132E+4
6.387234E+2	1.220723E+4
6.389771E+2	1.219157E+4
6.392307E+2	1.217608E+4
6.394844E+2	1.216162E+4
6.397380E+2	1.214615E+4
6.399917E+2	1.212885E+4
6.402453E+2	1.210837E+4
6.404990E+2	1.208915E+4
6.407526E+2	1.206707E+4
6.410062E+2	1.204518E+4
6.412598E+2	1.202343E+4
6.415134E+2	1.200012E+4
6.417670E+2	1.197833E+4
6.420206E+2	1.195260E+4
6.422741E+2	1.192880E+4
6.425277E+2	1.190548E+4
6.427812E+2	1.187984E+4
6.430348E+2	1.185344E+4
6.432883E+2	1.182851E+4
6.435418E+2	1.180045E+4
6.437954E+2	1.177249E+4
6.440489E+2	1.174226E+4
6.443024E+2	1.171373E+4
6.445559E+2	1.168358E+4
6.448094E+2	1.165433E+4
6.450628E+2	1.162201E+4
6.453163E+2	1.159252E+4
6.455698E+2	1.156343E+4
6.458232E+2	1.153301E+4
6.460767E+2	1.150083E+4
6.463301E+2	1.146962E+4
6.465835E+2	1.143651E+4
6.468369E+2	1.140215E+4
6.470903E+2	1.136952E+4
6.473437E+2	1.133616E+4
6.475971E+2	1.130308E+4
6.478505E+2	1.126875E+4
6.481039E+2	1.123476E+4
6.483573E+2	1.120004E+4
6.486106E+2	1.116405E+4
6.488640E+2	1.112793E+4
6.491173E+2	1.109139E+4
6.493706E+2	1.105583E+4
6.496240E+2	1.102050E+4
6.498773E+2	1.098552E+4
6.501306E+2	1.094992E+4
6.503839E+2	1.091525E+4
6.506372E+2	1.087903E+4
6.508905E+2	1.084365E+4
6.511437E+2	1.080741E+4
6.513970E+2	1.077140E+4
6.516503E+2	1.073714E+4
6.519035E+2	1.070293E+4
6.521567E+2	1.066808E+4
6.524100E+2	1.063049E+4
6.526632E+2	1.059551E+4
6.529164E+2	1.055977E+4
6.531696E+2	1.052534E+4
6.534228E+2	1.049192E+4
6.536760E+2	1.045850E+4
6.539292E+2	1.042511E+4
6.541824E+2	1.039219E+4
6.544355E+2	1.035840E+4
6.546887E+2	1.032443E+4
6.549418E+2	1.029050E+4
6.551950E+2	1.025603E+4
6.554481E+2	1.022273E+4
6.557012E+2	1.018904E+4
6.559543E+2	1.015555E+4
6.562074E+2	1.012187E+4
6.564605E+2	1.008951E+4
6.567136E+2	1.005833E+4
6.569667E+2	1.002703E+4
6.572198E+2	9.994366E+3
6.574728E+2	9.963869E+3
6.577259E+2	9.932574E+3
6.579789E+2	9.900820E+3
6.582319E+2	9.869394E+3
6.584850E+2	9.840126E+3
6.587380E+2	9.809880E+3
6.589910E+2	9.782388E+3
6.592440E+2	9.754257E+3
6.594970E+2	9.725487E+3
6.597500E+2	9.698459E+3
6.600030E+2	9.670202E+3
6.602559E+2	9.642399E+3
6.605089E+2	9.616017E+3
6.607618E+2	9.587487E+3
6.610148E+2	9.561601E+3
6.612677E+2	9.533793E+3
6.615206E+2	9.508809E+3
6.617736E+2	9.481667E+3
6.620265E+2	9.454973E+3
6.622794E+2	9.429279E+3
6.625323E+2	9.403432E+3
6.627851E+2	9.378574E+3
6.630380E+2	9.355459E+3
6.632909E+2	9.332323E+3
6.635437E+2	9.309388E+3
6.637966E+2	9.284995E+3
6.640494E+2	9.261629E+3
6.643023E+2	9.241213E+3
6.645551E+2	9.219410E+3
6.648079E+2	9.199055E+3
6.650607E+2	9.178148E+3
6.653135E+2	9.157334E+3
6.655663E+2	9.136279E+3
6.658191E+2	9.114667E+3
6.660718E+2	9.095241E+3
6.663246E+2	9.077519E+3
6.665774E+2	9.059055E+3
6.668301E+2	9.038394E+3
6.670828E+2	9.020470E+3
6.673356E+2	9.001268E+3
6.675883E+2	8.984590E+3
6.678410E+2	8.968738E+3
6.680937E+2	8.950902E+3
6.683464E+2	8.933208E+3
6.685991E+2	8.915705E+3
6.688518E+2	8.898339E+3
6.691044E+2	8.881033E+3
6.693571E+2	8.865082E+3
6.696098E+2	8.848208E+3
6.698624E+2	8.831301E+3
6.701150E+2	8.814437E+3
6.703677E+2	8.797907E+3
6.706203E+2	8.781426E+3
6.708729E+2	8.763940E+3
6.711255E+2	8.747984E+3
6.713781E+2	8.733689E+3
6.716307E+2	8.720131E+3
6.718832E+2	8.705946E+3
6.721358E+2	8.689131E+3
6.723884E+2	8.675858E+3
6.726409E+2	8.660973E+3
6.728935E+2	8.645716E+3
6.731460E+2	8.631650E+3
6.733985E+2	8.617672E+3
6.736510E+2	8.604956E+3
6.739035E+2	8.592011E+3
6.741560E+2	8.579727E+3
6.744085E+2	8.567175E+3
6.746610E+2	8.555410E+3
6.749135E+2	8.544399E+3
6.751660E+2	8.533273E+3
6.754184E+2	8.522339E+3
6.756709E+2	8.512273E+3
6.759233E+2	8.501295E+3
6.761757E+2	8.491372E+3
6.764282E+2	8.480208E+3
6.766806E+2	8.470142E+3
6.769330E+2	8.458541E+3
6.771854E+2	8.446612E+3
6.774378E+2	8.433842E+3
6.776901E+2	8.421033E+3
6.779425E+2	8.407328E+3
6.781949E+2	8.395202E+3
6.784472E+2	8.381771E+3
6.786996E+2	8.367503E+3
6.789519E+2	8.354432E+3
6.792042E+2	8.342825E+3
6.794566E+2	8.330383E+3
6.797089E+2	8.316727E+3
6.799612E+2	8.304782E+3
6.802135E+2	8.292601E+3
6.804657E+2	8.280765E+3
6.807180E+2	8.269060E+3
6.809703E+2	8.257995E+3
6.812226E+2	8.248268E+3
6.814748E+2	8.236967E+3
6.817270E+2	8.225492E+3
6.819793E+2	8.213951E+3
6.822315E+2	8.202956E+3
6.824837E+2	8.191825E+3
6.827359E+2	8.181853E+3
6.829881E+2	8.170732E+3
6.832403E+2	8.158049E+3
6.834925E+2	8.149388E+3
6.837447E+2	8.138798E+3
6.839968E+2	8.127924E+3
6.842490E+2	8.116607E+3
6.845011E+2	8.104973E+3
6.847533E+2	8.092929E+3
6.850054E+2	8.080399E+3
6.852575E+2	8.068481E+3
6.855097E+2	8.055967E+3
6.857618E+2	8.042738E+3
6.860139E+2	8.029765E+3
6.862659E+2	8.018465E+3
6.865180E+2	8.006252E+3
6.867701E+2	7.991519E+3
6.870222E+2	7.977405E+3
6.872742E+2	7.964421E+3
6.875263E+2	7.952448E+3
6.877783E+2	7.939000E+3
6.880303E+2	7.927405E+3
6.882823E+2	7.916312E+3
6.885343E+2	7.904853E+3
6.887864E+2	7.893820E+3
6.890383E+2	7.883590E+3
6.892903E+2	7.872689E+3
6.895423E+2	7.861858E+3
6.897943E+2	7.851913E+3
6.900462E+2	7.841339E+3
6.902982E+2	7.831383E+3
6.905501E+2	7.818754E+3
6.908021E+2	7.808175E+3
6.910540E+2	7.796115E+3
6.913059E+2	7.783875E+3
6.915578E+2	7.770388E+3
6.918097E+2	7.757470E+3
6.920616E+2	7.745377E+3
6.923135E+2	7.730962E+3
6.925654E+2	7.718181E+3
6.928172E+2	7.706508E+3
6.930691E+2	7.693978E+3
6.933209E+2	7.681317E+3
6.935728E+2	7.668109E+3
6.938246E+2	7.653869E+3
6.940764E+2	7.640732E+3
6.943282E+2	7.626060E+3
6.945800E+2	7.611388E+3
6.948318E+2	7.597252E+3
6.950836E+2	7.582306E+3
6.953354E+2	7.567667E+3
6.955872E+2	7.552109E+3
6.958389E+2	7.538159E+3
6.960907E+2	7.523497E+3
6.963424E+2	7.508825E+3
6.965942E+2	7.494623E+3
6.968459E+2	7.480825E+3
6.970976E+2	7.467738E+3
6.973493E+2	7.454503E+3
6.976010E+2	7.442448E+3
6.978527E+2	7.429967E+3
6.981044E+2	7.416683E+3
6.983561E+2	7.404301E+3
6.986077E+2	7.392017E+3
6.988594E+2	7.377492E+3
6.991110E+2	7.364142E+3
6.993627E+2	7.351842E+3
6.996143E+2	7.338803E+3
6.998659E+2	7.325601E+3
7.001175E+2	7.311716E+3
7.003692E+2	7.298191E+3
7.006207E+2	7.283962E+3
7.008723E+2	7.269946E+3
7.011239E+2	7.256268E+3
7.013755E+2	7.242519E+3
7.016271E+2	7.225973E+3
7.018786E+2	7.210071E+3
7.021302E+2	7.195137E+3
7.023817E+2	7.178787E+3
7.026332E+2	7.161924E+3
7.028847E+2	7.145640E+3
7.031362E+2	7.128864E+3
7.033878E+2	7.112454E+3
7.036392E+2	7.095951E+3
7.038907E+2	7.079290E+3
7.041422E+2	7.061459E+3
7.043937E+2	7.043099E+3
7.046451E+2	7.026000E+3
7.048966E+2	7.008426E+3
7.051480E+2	6.990880E+3
7.053995E+2	6.973765E+3
7.056509E+2	6.956563E+3
7.059023E+2	6.941055E+3
7.061537E+2	6.926126E+3
7.064051E+2	6.911492E+3
7.066565E+2	6.897410E+3
7.069079E+2	6.884181E+3
7.071593E+2	6.870049E+3
7.074106E+2	6.857028E+3
7.076620E+2	6.845273E+3
7.079133E+2	6.832273E+3
7.081647E+2	6.819732E+3
7.084160E+2	6.806727E+3
7.086673E+2	6.794454E+3
7.089186E+2	6.780421E+3
7.091699E+2	6.767082E+3
7.094212E+2	6.753716E+3
7.096725E+2	6.739973E+3
7.099238E+2	6.725722E+3
7.101751E+2	6.711678E+3
7.104263E+2	6.698257E+3
7.106776E+2	6.682383E+3
7.109288E+2	6.666875E+3
7.111800E+2	6.649208E+3
7.114313E+2	6.632459E+3
7.116825E+2	6.615153E+3
7.119337E+2	6.597814E+3
7.121849E+2	6.579803E+3
7.124361E+2	6.561295E+3
7.126873E+2	6.543749E+3
7.129384E+2	6.525640E+3
7.131896E+2	6.508181E+3
7.134408E+2	6.491230E+3
7.136919E+2	6.473301E+3
7.139430E+2	6.457022E+3
7.141942E+2	6.442732E+3
7.144453E+2	6.429213E+3
7.146964E+2	6.415295E+3
7.149475E+2	6.403426E+3
7.151986E+2	6.393191E+3
7.154497E+2	6.384383E+3
7.157008E+2	6.374640E+3
7.159518E+2	6.365814E+3
7.162029E+2	6.357273E+3
7.164540E+2	6.351224E+3
7.167050E+2	6.343372E+3
7.169560E+2	6.338738E+3
7.172071E+2	6.331946E+3
7.174581E+2	6.325115E+3
7.177091E+2	6.318858E+3
7.179601E+2	6.311618E+3
7.182111E+2	6.303306E+3
7.184621E+2	6.294235E+3
7.187130E+2	6.284191E+3
7.189640E+2	6.273503E+3
7.192150E+2	6.260765E+3
7.194659E+2	6.248754E+3
7.197169E+2	6.235749E+3
7.199678E+2	6.222525E+3
7.202187E+2	6.207700E+3
7.204696E+2	6.193038E+3
7.207205E+2	6.178088E+3
7.209714E+2	6.163995E+3
7.212223E+2	6.149902E+3
7.214732E+2	6.134782E+3
7.217241E+2	6.122099E+3
7.219749E+2	6.111273E+3
7.222258E+2	6.102301E+3
7.224766E+2	6.096038E+3
7.227274E+2	6.089853E+3
7.229783E+2	6.087711E+3
7.232291E+2	6.087131E+3
7.234799E+2	6.088415E+3
7.237307E+2	6.092372E+3
7.239815E+2	6.097306E+3
7.242323E+2	6.104711E+3
7.244830E+2	6.112618E+3
7.247338E+2	6.120722E+3
7.249846E+2	6.129650E+3
7.252353E+2	6.139252E+3
7.254861E+2	6.149437E+3
7.257368E+2	6.158181E+3
7.259875E+2	6.169028E+3
7.262382E+2	6.177678E+3
7.264889E+2	6.185864E+3
7.267396E+2	6.192776E+3
7.269903E+2	6.199667E+3
7.272410E+2	6.205836E+3
7.274917E+2	6.211399E+3
7.277423E+2	6.215323E+3
7.279930E+2	6.218793E+3
7.282436E+2	6.222612E+3
7.284942E+2	6.225011E+3
7.287449E+2	6.228230E+3
7.289955E+2	6.232836E+3
7.292461E+2	6.235825E+3
7.294967E+2	6.239312E+3
7.297473E+2	6.243262E+3
7.299979E+2	6.247487E+3
7.302484E+2	6.250875E+3
7.304990E+2	6.254104E+3
7.307496E+2	6.258558E+3
7.310001E+2	6.263929E+3
7.312507E+2	6.273159E+3
7.315012E+2	6.285175E+3
7.317517E+2	6.297946E+3
7.320022E+2	6.317601E+3
7.322527E+2	6.341579E+3
7.325032E+2	6.372323E+3
7.327537E+2	6.407650E+3
7.330042E+2	6.445312E+3
7.332547E+2	6.484743E+3
7.335051E+2	6.527268E+3
7.337556E+2	6.574803E+3
7.340060E+2	6.630334E+3
7.342564E+2	6.696492E+3
7.345069E+2	6.767836E+3
7.347573E+2	6.836323E+3
7.350077E+2	6.896000E+3
7.352581E+2	6.943246E+3
7.355085E+2	6.989683E+3
7.357589E+2	7.048459E+3
7.360092E+2	7.128607E+3
7.362596E+2	7.229951E+3
7.365100E+2	7.343055E+3
7.367603E+2	7.453530E+3
7.370106E+2	7.553858E+3
7.372610E+2	7.640355E+3
7.375113E+2	7.718754E+3
7.377616E+2	7.794334E+3
7.380119E+2	7.874241E+3
7.382622E+2	7.963399E+3
7.385125E+2	8.060787E+3
7.387628E+2	8.162634E+3
7.390130E+2	8.266694E+3
7.392633E+2	8.377722E+3
7.395135E+2	8.494131E+3
7.397638E+2	8.618847E+3
7.400140E+2	8.751793E+3
7.402642E+2	8.896301E+3
7.405144E+2	9.044891E+3
7.407647E+2	9.192973E+3
7.410149E+2	9.341519E+3
7.412650E+2	9.479656E+3
7.415152E+2	9.609962E+3
7.417654E+2	9.742421E+3
7.420156E+2	9.883760E+3
7.422657E+2	1.003550E+4
7.425159E+2	1.018664E+4
7.427660E+2	1.032563E+4
7.430161E+2	1.044619E+4
7.432662E+2	1.055255E+4
7.435164E+2	1.068457E+4
7.437665E+2	1.084134E+4
7.440165E+2	1.099773E+4
7.442666E+2	1.115303E+4
7.445167E+2	1.130879E+4
7.447668E+2	1.146284E+4
7.450168E+2	1.161589E+4
7.452669E+2	1.175935E+4
7.455169E+2	1.188456E+4
7.457669E+2	1.199868E+4
7.460170E+2	1.210707E+4
7.462670E+2	1.222049E+4
7.465170E+2	1.233885E+4
7.467670E+2	1.247087E+4
7.470170E+2	1.261342E+4
7.472670E+2	1.275103E+4
7.475169E+2	1.288343E+4
7.477669E+2	1.301078E+4
7.480168E+2	1.313421E+4
7.482668E+2	1.325579E+4
7.485167E+2	1.337660E+4
7.487666E+2	1.349491E+4
7.490166E+2	1.360893E+4
7.492665E+2	1.369096E+4
7.495164E+2	1.375355E+4
7.497663E+2	1.380413E+4
7.500161E+2	1.384763E+4
7.502660E+2	1.388873E+4
7.505159E+2	1.393127E+4
7.507657E+2	1.397163E+4
7.510156E+2	1.400309E+4
7.512654E+2	1.401689E+4
7.515152E+2	1.400921E+4
7.517651E+2	1.399059E+4
7.520149E+2	1.397543E+4
7.522647E+2	1.397599E+4
7.525145E+2	1.399893E+4
7.527643E+2	1.403449E+4
7.530140E+2	1.406990E+4
7.532638E+2	1.409061E+4
7.535136E+2	1.409045E+4
7.537633E+2	1.407728E+4
7.540131E+2	1.406666E+4
7.542628E+2	1.407316E+4
7.545125E+2	1.409425E+4
7.547622E+2	1.412328E+4
7.550119E+2	1.414599E+4
7.552616E+2	1.415748E+4
7.555113E+2	1.415367E+4
7.557610E+2	1.414411E+4
7.560107E+2	1.412480E+4
7.562603E+2	1.409278E+4
7.565100E+2	1.405456E+4
7.567596E+2	1.401574E+4
7.570093E+2	1.396587E+4
7.572589E+2	1.389421E+4
7.575085E+2	1.379666E+4
7.577581E+2	1.368404E+4
7.580077E+2	1.357339E+4
7.582573E+2	1.347178E+4
7.585069E+2	1.337037E+4
7.587565E+2	1.323234E+4
7.590060E+2	1.306107E+4
7.592556E+2	1.288773E+4
7.595051E+2	1.271428E+4
7.597547E+2	1.254522E+4
7.600042E+2	1.237905E+4
7.602537E+2	1.221466E+4
7.605032E+2	1.206366E+4
7.607527E+2	1.193364E+4
7.610022E+2	1.181676E+4
7.612517E+2	1.170607E+4
7.615012E+2	1.159261E+4
7.617507E+2	1.147218E+4
7.620001E+2	1.133531E+4
7.622496E+2	1.118334E+4
7.624990E+2	1.102856E+4
7.627485E+2	1.087111E+4
7.629979E+2	1.071206E+4
7.632473E+2	1.055403E+4
7.634967E+2	1.039749E+4
7.637461E+2	1.024334E+4
7.639955E+2	1.009310E+4
7.642449E+2	9.946262E+3
7.644942E+2	9.825137E+3
7.647436E+2	9.713738E+3
7.649930E+2	9.607809E+3
7.652423E+2	9.511940E+3
7.654916E+2	9.427683E+3
7.657410E+2	9.354022E+3
7.659903E+2	9.285437E+3
7.662396E+2	9.213503E+3
7.664889E+2	9.137716E+3
7.667382E+2	9.061262E+3
7.669875E+2	8.985159E+3
7.672367E+2	8.908399E+3
7.674860E+2	8.824875E+3
7.677353E+2	8.730656E+3
7.679845E+2	8.631536E+3
7.682337E+2	8.532344E+3
7.684830E+2	8.442164E+3
7.687322E+2	8.359831E+3
7.689814E+2	8.281951E+3
7.692306E+2	8.195793E+3
7.694798E+2	8.090738E+3
7.697290E+2	7.963399E+3
7.699782E+2	7.820148E+3
7.702273E+2	7.670869E+3
7.704765E+2	7.523290E+3
7.707256E+2	7.378170E+3
7.709748E+2	7.239082E+3
7.712239E+2	7.116033E+3
7.714730E+2	7.012585E+3
7.717222E+2	6.929962E+3
7.719713E+2	6.858323E+3
7.722204E+2	6.796126E+3
7.724694E+2	6.747585E+3
7.727185E+2	6.718262E+3
7.729676E+2	6.707104E+3
7.732167E+2	6.708273E+3
7.734657E+2	6.718410E+3
7.737147E+2	6.738093E+3
7.739638E+2	6.763410E+3
7.742128E+2	6.791765E+3
7.744618E+2	6.814170E+3
7.747108E+2	6.829962E+3
7.749598E+2	6.834891E+3
7.752088E+2	6.831727E+3
7.754578E+2	6.823377E+3
7.757068E+2	6.807946E+3
7.759557E+2	6.786803E+3
7.762047E+2	6.761929E+3
7.764536E+2	6.730252E+3
7.767026E+2	6.692689E+3
7.769515E+2	6.650295E+3
7.772004E+2	6.604694E+3
7.774493E+2	6.560929E+3
7.776982E+2	6.517967E+3
7.779471E+2	6.478634E+3
7.781960E+2	6.443973E+3
7.784449E+2	6.411388E+3
7.786938E+2	6.381230E+3
7.789426E+2	6.351514E+3
7.791915E+2	6.320978E+3
7.794403E+2	6.288831E+3
7.796891E+2	6.256492E+3
7.799380E+2	6.222279E+3
7.801868E+2	6.189820E+3
7.804356E+2	6.155678E+3
7.806844E+2	6.119481E+3
7.809332E+2	6.081470E+3
7.811819E+2	6.042213E+3
7.814307E+2	6.002913E+3
7.816795E+2	5.965793E+3
7.819282E+2	5.930612E+3
7.821770E+2	5.897875E+3
7.824257E+2	5.866656E+3
7.826744E+2	5.837230E+3
7.829231E+2	5.808858E+3
7.831718E+2	5.781142E+3
7.834205E+2	5.755596E+3
7.836692E+2	5.729492E+3
7.839179E+2	5.702661E+3
7.841666E+2	5.674159E+3
7.844152E+2	5.641044E+3
7.846639E+2	5.602842E+3
7.849125E+2	5.561372E+3
7.851612E+2	5.517645E+3
7.854098E+2	5.474279E+3
7.856584E+2	5.427481E+3
7.859070E+2	5.379323E+3
7.861556E+2	5.324705E+3
7.864042E+2	5.261962E+3
7.866528E+2	5.191836E+3
7.869014E+2	5.116295E+3
7.871499E+2	5.039967E+3
7.873985E+2	4.964634E+3
7.876470E+2	4.888935E+3
7.878956E+2	4.810137E+3
7.881441E+2	4.729437E+3
7.883926E+2	4.647284E+3
7.886411E+2	4.566443E+3
7.888896E+2	4.489629E+3
7.891381E+2	4.417984E+3
7.893866E+2	4.352044E+3
7.896351E+2	4.292547E+3
7.898835E+2	4.239645E+3
7.901320E+2	4.192246E+3
7.903804E+2	4.150803E+3
7.906289E+2	4.112951E+3
7.908773E+2	4.079366E+3
7.911257E+2	4.048432E+3
7.913742E+2	4.020017E+3
7.916226E+2	3.996962E+3
7.918709E+2	3.976803E+3
7.921193E+2	3.960230E+3
7.923677E+2	3.946803E+3
7.926161E+2	3.933459E+3
7.928644E+2	3.921875E+3
7.931128E+2	3.908049E+3
7.933611E+2	3.890257E+3
7.936095E+2	3.867995E+3
7.938578E+2	3.841099E+3
7.941061E+2	3.809858E+3
7.943544E+2	3.774470E+3
7.946027E+2	3.737082E+3
7.948510E+2	3.698088E+3
7.950993E+2	3.660907E+3
7.953475E+2	3.625984E+3
7.955958E+2	3.593470E+3
7.958440E+2	3.564732E+3
7.960923E+2	3.540006E+3
7.963405E+2	3.517497E+3
7.965887E+2	3.496962E+3
7.968370E+2	3.476241E+3
7.970852E+2	3.455181E+3
7.973334E+2	3.432213E+3
7.975816E+2	3.408017E+3
7.978297E+2	3.383038E+3
7.980779E+2	3.358623E+3
7.983261E+2	3.333104E+3
7.985742E+2	3.307082E+3
7.988224E+2	3.281913E+3
7.990705E+2	3.257885E+3
7.993186E+2	3.235219E+3
7.995668E+2	3.216541E+3
7.998149E+2	3.201454E+3
8.000630E+2	3.190306E+3
8.003111E+2	3.182459E+3
8.005591E+2	3.178137E+3
8.008072E+2	3.178536E+3
8.010553E+2	3.181049E+3
8.013033E+2	3.185569E+3
8.015514E+2	3.191705E+3
8.017994E+2	3.198984E+3
8.020474E+2	3.207405E+3
8.022955E+2	3.214918E+3
8.025435E+2	3.221787E+3
8.027915E+2	3.228552E+3
8.030395E+2	3.235754E+3
8.032874E+2	3.242705E+3
8.035354E+2	3.250088E+3
8.037834E+2	3.257612E+3
8.040313E+2	3.265481E+3
8.042793E+2	3.274672E+3
8.045272E+2	3.285093E+3
8.047752E+2	3.298295E+3
8.050231E+2	3.312645E+3
8.052710E+2	3.330290E+3
8.055189E+2	3.349323E+3
8.057668E+2	3.370727E+3
8.060147E+2	3.395825E+3
8.062625E+2	3.424290E+3
8.065104E+2	3.456563E+3
8.067583E+2	3.491700E+3
8.070061E+2	3.532372E+3
8.072540E+2	3.578689E+3
8.075018E+2	3.629552E+3
8.077496E+2	3.686224E+3
8.079974E+2	3.746771E+3
8.082452E+2	3.810164E+3
8.084930E+2	3.874618E+3
8.087408E+2	3.942334E+3
8.089886E+2	4.011055E+3
8.092364E+2	4.082252E+3
8.094841E+2	4.155946E+3
8.097319E+2	4.234126E+3
8.099796E+2	4.315978E+3
8.102273E+2	4.402612E+3
8.104751E+2	4.491842E+3
8.107228E+2	4.584809E+3
8.109705E+2	4.682700E+3
8.112182E+2	4.784820E+3
8.114659E+2	4.892033E+3
8.117135E+2	5.004137E+3
8.119612E+2	5.122049E+3
8.122089E+2	5.245137E+3
8.124565E+2	5.371694E+3
8.127042E+2	5.497607E+3
8.129518E+2	5.621306E+3
8.131994E+2	5.738760E+3
8.134470E+2	5.849268E+3
8.136946E+2	5.948022E+3
8.139422E+2	6.030640E+3
8.141898E+2	6.097104E+3
8.144374E+2	6.146711E+3
8.146850E+2	6.179869E+3
8.149325E+2	6.199268E+3
8.151801E+2	6.208470E+3
8.154276E+2	6.211126E+3
8.156752E+2	6.210077E+3
8.159227E+2	6.206831E+3
8.161702E+2	6.202776E+3
8.164177E+2	6.198071E+3
8.166652E+2	6.192437E+3
8.169127E+2	6.187885E+3
8.171602E+2	6.182148E+3
8.174077E+2	6.177432E+3
8.176551E+2	6.174782E+3
8.179026E+2	6.174782E+3
8.181500E+2	6.177219E+3
8.183975E+2	6.182569E+3
8.186449E+2	6.191711E+3
8.188923E+2	6.206727E+3
8.191397E+2	6.227891E+3
8.193871E+2	6.254995E+3
8.196345E+2	6.288405E+3
8.198819E+2	6.326405E+3
8.201293E+2	6.371148E+3
8.203766E+2	6.418661E+3
8.206240E+2	6.468394E+3
8.208713E+2	6.518508E+3
8.211187E+2	6.563722E+3
8.213660E+2	6.603711E+3
8.216133E+2	6.633109E+3
8.218606E+2	6.654268E+3
8.221079E+2	6.663809E+3
8.223552E+2	6.659667E+3
8.226025E+2	6.642678E+3
8.228498E+2	6.613120E+3
8.230970E+2	6.571459E+3
8.233443E+2	6.520579E+3
8.235915E+2	6.462754E+3
8.238388E+2	6.397558E+3
8.240860E+2	6.327415E+3
8.243332E+2	6.251481E+3
8.245804E+2	6.170126E+3
8.248276E+2	6.081738E+3
8.250748E+2	5.987689E+3
8.253220E+2	5.886126E+3
8.255692E+2	5.778891E+3
8.258163E+2	5.665683E+3
8.260635E+2	5.545164E+3
8.263106E+2	5.416383E+3
8.265578E+2	5.279421E+3
8.268049E+2	5.134579E+3
8.270520E+2	4.982055E+3
8.272991E+2	4.821935E+3
8.275462E+2	4.656252E+3
8.277933E+2	4.489246E+3
8.280404E+2	4.322525E+3
8.282875E+2	4.160552E+3
8.285345E+2	4.004754E+3
8.287816E+2	3.859782E+3
8.290287E+2	3.730131E+3
8.292757E+2	3.616754E+3
8.295227E+2	3.520120E+3
8.297697E+2	3.439858E+3
8.300168E+2	3.373000E+3
8.302638E+2	3.315875E+3
8.305107E+2	3.266481E+3
8.307577E+2	3.220940E+3
8.310047E+2	3.177776E+3
8.312517E+2	3.135940E+3
8.314986E+2	3.095459E+3
8.317456E+2	3.056104E+3
8.319925E+2	3.016743E+3
8.322394E+2	2.978022E+3
8.324864E+2	2.939672E+3
8.327333E+2	2.899956E+3
8.329802E+2	2.857443E+3
8.332271E+2	2.812492E+3
8.334740E+2	2.764126E+3
8.337208E+2	2.711754E+3
8.339677E+2	2.653170E+3
8.342146E+2	2.587749E+3
8.344614E+2	2.515525E+3
8.347082E+2	2.435727E+3
8.349551E+2	2.349820E+3
8.352019E+2	2.255847E+3
8.354487E+2	2.156640E+3
8.356955E+2	2.052973E+3
8.359423E+2	1.945694E+3
8.361891E+2	1.838967E+3
8.364359E+2	1.733590E+3
8.366826E+2	1.634017E+3
8.369294E+2	1.538574E+3
8.371761E+2	1.449601E+3
8.374229E+2	1.367421E+3
8.376696E+2	1.294290E+3
8.379163E+2	1.227437E+3
8.381630E+2	1.168809E+3
8.384097E+2	1.117366E+3
8.386564E+2	1.072508E+3
8.389031E+2	1.032497E+3
8.391498E+2	9.968909E+2
8.393965E+2	9.655357E+2
8.396431E+2	9.379346E+2
8.398898E+2	9.131969E+2
8.401364E+2	8.907488E+2
8.403830E+2	8.707598E+2
8.406297E+2	8.519674E+2
8.408763E+2	8.342953E+2
8.411229E+2	8.176723E+2
8.413695E+2	8.026068E+2
8.416161E+2	7.885466E+2
8.418626E+2	7.744920E+2
8.421092E+2	7.606669E+2
8.423558E+2	7.471040E+2
8.426023E+2	7.339401E+2
8.428489E+2	7.211532E+2
8.430954E+2	7.081805E+2
8.433419E+2	6.961259E+2
8.435884E+2	6.837871E+2
8.438349E+2	6.719947E+2
8.440814E+2	6.604975E+2
8.443279E+2	6.492570E+2
8.445744E+2	6.382843E+2
8.448208E+2	6.274155E+2
8.450673E+2	6.166068E+2
8.453138E+2	6.059619E+2
8.455602E+2	5.945357E+2
8.458066E+2	5.831368E+2
8.460530E+2	5.712789E+2
8.462995E+2	5.595958E+2
8.465459E+2	5.475576E+2
8.467923E+2	5.356177E+2
8.470386E+2	5.232680E+2
8.472850E+2	5.109292E+2
8.475314E+2	4.985303E+2
8.477777E+2	4.861641E+2
8.480241E+2	4.739073E+2
8.482704E+2	4.613882E+2
8.485168E+2	4.492242E+2
8.487631E+2	4.371204E+2
8.490094E+2	4.251368E+2
8.492557E+2	4.131860E+2
8.495020E+2	4.014046E+2
8.497483E+2	3.898308E+2
8.499946E+2	3.785576E+2
8.502408E+2	3.675685E+2
8.504871E+2	3.562570E+2
8.507333E+2	3.450221E+2
8.509796E+2	3.343554E+2
8.512258E+2	3.236395E+2
8.514720E+2	3.131641E+2
8.517182E+2	3.024210E+2
8.519644E+2	2.925139E+2
8.522106E+2	2.827598E+2
8.524568E+2	2.736669E+2
8.527030E+2	2.643772E+2
8.529492E+2	2.557215E+2
8.531953E+2	2.474701E+2
8.534415E+2	2.395248E+2
8.536876E+2	2.316231E+2
8.539337E+2	2.243718E+2
8.541799E+2	2.171696E+2
8.544260E+2	2.106887E+2
8.546721E+2	2.045084E+2
8.549182E+2	1.983663E+2
8.551643E+2	1.926068E+2
8.554103E+2	1.866833E+2
8.556564E+2	1.813117E+2
8.559024E+2	1.763062E+2
8.561485E+2	1.711751E+2
8.563945E+2	1.662843E+2
8.566406E+2	1.617434E+2
8.568866E+2	1.574975E+2
8.571326E+2	1.535521E+2
8.573786E+2	1.496614E+2
8.576246E+2	1.460876E+2
8.578706E+2	1.427543E+2
8.581166E+2	1.399182E+2
8.583625E+2	1.370548E+2
8.586085E+2	1.345958E+2
8.588544E+2	1.316887E+2
8.591004E+2	1.291259E+2
8.593463E+2	1.266013E+2
8.595922E+2	1.241423E+2
8.598381E+2	1.213117E+2
8.600840E+2	1.187980E+2
8.603299E+2	1.167106E+2
8.605758E+2	1.142461E+2
8.608217E+2	1.119346E+2
8.610675E+2	1.098909E+2
8.613134E+2	1.078363E+2
8.615592E+2	1.058745E+2
8.618051E+2	1.034811E+2
8.620509E+2	1.012570E+2
8.622967E+2	9.922970E+1
8.625425E+2	9.719145E+1
8.627883E+2	9.465593E+1
8.630341E+2	9.236085E+1
8.632799E+2	9.040457E+1
8.635257E+2	8.863408E+1
8.637715E+2	8.652479E+1
8.640172E+2	8.444282E+1
8.642630E+2	8.280894E+1
8.645087E+2	8.101113E+1
8.647544E+2	7.907670E+1
8.650001E+2	7.703298E+1
8.652459E+2	7.513134E+1
8.654916E+2	7.401113E+1
8.657372E+2	7.268872E+1
8.659829E+2	7.138817E+1
8.662286E+2	7.004391E+1
8.664743E+2	6.843189E+1
8.667199E+2	6.731167E+1
8.669656E+2	6.610402E+1
8.672112E+2	6.469419E+1
8.674568E+2	6.366686E+1
8.677024E+2	6.243735E+1
8.679481E+2	6.148107E+1
8.681937E+2	6.018599E+1
8.684392E+2	5.917506E+1
8.686848E+2	5.836085E+1
8.689304E+2	5.741003E+1
8.691760E+2	5.671604E+1
8.694215E+2	5.585266E+1
8.696671E+2	5.492916E+1
8.699126E+2	5.433353E+1
8.701581E+2	5.370511E+1
8.704036E+2	5.304391E+1
8.706491E+2	5.222970E+1
8.708946E+2	5.122970E+1
8.711401E+2	5.051386E+1
8.713856E+2	4.989637E+1
8.716311E+2	4.920785E+1
8.718766E+2	4.856850E+1
8.721220E+2	4.778708E+1
8.723674E+2	4.718052E+1
8.726129E+2	4.664500E+1
8.728583E+2	4.616960E+1
8.731037E+2	4.567779E+1
8.733491E+2	4.490730E+1
8.735945E+2	4.419692E+1
8.738399E+2	4.374337E+1
8.740853E+2	4.329528E+1
8.743307E+2	4.289637E+1
8.745760E+2	4.216413E+1
8.748214E+2	4.187998E+1
8.750667E+2	4.144282E+1
8.753121E+2	4.041550E+1
8.755574E+2	3.989637E+1
8.758027E+2	3.916413E+1
8.760480E+2	3.857397E+1
8.762933E+2	3.778708E+1
8.765386E+2	3.704938E+1
8.767839E+2	3.660129E+1
8.770291E+2	3.577069E+1
8.772744E+2	3.510402E+1
8.775196E+2	3.451386E+1
8.777649E+2	3.411495E+1
8.780101E+2	3.374337E+1
8.782553E+2	3.318599E+1
8.785006E+2	3.261222E+1
8.787458E+2	3.209309E+1
8.789910E+2	3.162315E+1
8.792361E+2	3.122970E+1
8.794813E+2	3.075976E+1
8.797265E+2	3.053025E+1
8.799717E+2	3.031167E+1
8.802168E+2	2.991823E+1
8.804619E+2	2.924610E+1
8.807071E+2	2.861768E+1
8.809522E+2	2.822424E+1
8.811973E+2	2.756304E+1
8.814424E+2	2.748653E+1
8.816875E+2	2.730621E+1
8.819326E+2	2.708763E+1
8.821777E+2	2.684719E+1
8.824227E+2	2.632807E+1
8.826678E+2	2.604938E+1
8.829128E+2	2.567233E+1
8.831579E+2	2.553025E+1
8.834029E+2	2.528981E+1
8.836479E+2	2.496194E+1
8.838929E+2	2.471604E+1
8.841379E+2	2.440457E+1
8.843829E+2	2.402752E+1
8.846279E+2	2.371604E+1
8.848729E+2	2.352479E+1
8.851179E+2	2.341003E+1
8.853628E+2	2.307123E+1
8.856078E+2	2.316960E+1
8.858527E+2	2.307670E+1
8.860976E+2	2.287451E+1
8.863425E+2	2.261768E+1
8.865875E+2	2.218052E+1
8.868324E+2	2.183080E+1
8.870772E+2	2.149200E+1
8.873221E+2	2.109309E+1
8.875670E+2	2.061768E+1
8.878119E+2	2.025703E+1
8.880567E+2	1.997834E+1
8.883016E+2	1.981440E+1
8.885464E+2	1.947014E+1
8.887912E+2	1.930621E+1
8.890360E+2	1.898380E+1
8.892809E+2	1.871604E+1
8.895257E+2	1.881987E+1
8.897704E+2	1.865047E+1
8.900152E+2	1.834992E+1
8.902600E+2	1.833353E+1
8.905048E+2	1.814227E+1
8.907495E+2	1.795648E+1
8.909943E+2	1.766140E+1
8.912390E+2	1.748653E+1
8.914837E+2	1.717506E+1
8.917284E+2	1.724063E+1
8.919731E+2	1.730621E+1
8.922178E+2	1.715320E+1
8.924625E+2	1.713134E+1
8.927072E+2	1.715320E+1
8.929519E+2	1.670511E+1
8.931965E+2	1.674337E+1
8.934412E+2	1.679255E+1
8.936858E+2	1.693462E+1
8.939305E+2	1.703298E+1
8.941751E+2	1.684173E+1
8.944197E+2	1.670511E+1
8.946643E+2	1.643189E+1
8.949089E+2	1.619692E+1
8.951535E+2	1.593462E+1
8.953981E+2	1.558490E+1
8.956426E+2	1.569965E+1
8.958872E+2	1.542096E+1
8.961317E+2	1.555211E+1
8.963763E+2	1.554664E+1
8.966208E+2	1.539364E+1
8.968653E+2	1.502205E+1
8.971098E+2	1.486358E+1
8.973543E+2	1.489091E+1
8.975988E+2	1.486905E+1
8.978433E+2	1.479801E+1
8.980878E+2	1.460129E+1
8.983323E+2	1.449746E+1
8.985767E+2	1.445375E+1
8.988212E+2	1.444828E+1
8.990656E+2	1.445921E+1
8.993100E+2	1.465593E+1
8.995545E+2	1.463954E+1
8.997989E+2	1.433899E+1
9.000433E+2	1.400020E+1
9.002877E+2	1.373790E+1
9.005320E+2	1.347014E+1
9.007764E+2	1.354118E+1
9.010208E+2	1.359582E+1
9.012651E+2	1.341550E+1
9.015095E+2	1.354118E+1
9.017538E+2	1.343735E+1
9.019981E+2	1.325156E+1
9.022425E+2	1.330074E+1
9.024868E+2	1.359036E+1
9.027311E+2	1.352479E+1
9.029754E+2	1.341550E+1
9.032196E+2	1.339364E+1
9.034639E+2	1.342096E+1
9.037082E+2	1.320785E+1
9.039524E+2	1.315320E+1
9.041967E+2	1.295102E+1
9.044409E+2	1.271604E+1
9.046851E+2	1.278708E+1
9.049293E+2	1.286358E+1
9.051736E+2	1.263954E+1
9.054177E+2	1.257943E+1
9.056619E+2	1.262861E+1
9.059061E+2	1.271604E+1
9.061503E+2	1.278708E+1
9.063944E+2	1.272697E+1
9.066386E+2	1.231167E+1
9.068827E+2	1.236085E+1
9.071269E+2	1.239364E+1
9.073710E+2	1.216960E+1
9.076151E+2	1.207670E+1
9.078592E+2	1.233899E+1
9.081033E+2	1.223517E+1
9.083474E+2	1.208763E+1
9.085915E+2	1.175429E+1
9.088355E+2	1.160129E+1
9.090796E+2	1.155757E+1
9.093236E+2	1.148653E+1
9.095677E+2	1.144282E+1
9.098117E+2	1.138271E+1
9.100557E+2	1.163408E+1
9.102997E+2	1.165593E+1
9.105437E+2	1.151386E+1
9.107877E+2	1.166140E+1
9.110317E+2	1.163954E+1
9.112757E+2	1.148107E+1
9.115197E+2	1.157943E+1
9.117636E+2	1.176522E+1
9.120076E+2	1.168872E+1
9.122515E+2	1.148653E+1
9.124954E+2	1.138271E+1
9.127393E+2	1.146468E+1
9.129832E+2	1.161222E+1
9.132271E+2	1.166140E+1
9.134710E+2	1.193462E+1
9.137149E+2	1.191823E+1
9.139588E+2	1.186358E+1
9.142026E+2	1.158490E+1
9.144465E+2	1.151386E+1
9.146903E+2	1.153025E+1
9.149342E+2	1.153572E+1
9.151780E+2	1.171604E+1
9.154218E+2	1.193462E+1
9.156656E+2	1.195102E+1
9.159094E+2	1.176522E+1
9.161532E+2	1.181987E+1
9.163970E+2	1.167779E+1
9.166408E+2	1.178162E+1
9.168845E+2	1.209309E+1
9.171283E+2	1.215320E+1
9.173720E+2	1.201659E+1
9.176157E+2	1.238817E+1
9.178595E+2	1.237725E+1
9.181032E+2	1.236085E+1
9.183469E+2	1.215867E+1
9.185906E+2	1.215867E+1
9.188343E+2	1.203298E+1
9.190779E+2	1.225156E+1
9.193216E+2	1.222424E+1
9.195653E+2	1.210949E+1
9.198089E+2	1.183626E+1
9.200525E+2	1.187451E+1
9.202962E+2	1.206577E+1
9.205398E+2	1.190730E+1
9.207834E+2	1.179801E+1
9.210270E+2	1.177069E+1
9.212706E+2	1.219692E+1
9.215142E+2	1.248107E+1
9.217577E+2	1.252479E+1
9.220013E+2	1.260675E+1
9.222449E+2	1.249746E+1
9.224884E+2	1.259036E+1
9.227319E+2	1.273244E+1
9.229755E+2	1.256850E+1
9.232190E+2	1.257943E+1
9.234625E+2	1.277615E+1
9.237060E+2	1.294555E+1
9.239495E+2	1.307670E+1
9.241930E+2	1.310949E+1
9.244364E+2	1.285266E+1
9.246799E+2	1.295102E+1
9.249233E+2	1.275976E+1
9.251668E+2	1.288544E+1
9.254102E+2	1.284173E+1
9.256536E+2	1.277069E+1
9.258971E+2	1.280894E+1
9.261405E+2	1.277069E+1
9.263839E+2	1.277069E+1
9.266272E+2	1.271604E+1
9.268706E+2	1.291276E+1
9.271140E+2	1.314774E+1
9.273573E+2	1.314774E+1
9.276007E+2	1.320785E+1
9.278440E+2	1.310949E+1
9.280874E+2	1.302752E+1
9.283307E+2	1.274337E+1
9.285740E+2	1.266140E+1
9.288173E+2	1.275976E+1
9.290606E+2	1.275429E+1
9.293039E+2	1.274883E+1
9.295471E+2	1.289091E+1
9.297904E+2	1.306577E+1
9.300337E+2	1.296194E+1
9.302769E+2	1.266686E+1
9.305201E+2	1.258490E+1
9.307634E+2	1.274337E+1
9.310066E+2	1.272697E+1
9.312498E+2	1.273244E+1
9.314930E+2	1.263954E+1
9.317362E+2	1.244828E+1
9.319794E+2	1.242096E+1
9.322225E+2	1.259036E+1
9.324657E+2	1.236632E+1
9.327088E+2	1.239910E+1
9.329520E+2	1.225703E+1
9.331951E+2	1.251932E+1
9.334382E+2	1.262315E+1
9.336814E+2	1.284173E+1
9.339245E+2	1.278708E+1
9.341676E+2	1.279801E+1
9.344106E+2	1.288544E+1
9.346537E+2	1.308763E+1
9.348968E+2	1.316960E+1
9.351398E+2	1.300566E+1
9.353829E+2	1.315320E+1
9.356259E+2	1.332807E+1
9.358690E+2	1.352479E+1
9.361120E+2	1.337178E+1
9.363550E+2	1.328435E+1
9.365980E+2	1.317506E+1
9.368410E+2	1.303845E+1
9.370840E+2	1.339364E+1
9.373269E+2	1.330074E+1
9.375699E+2	1.308216E+1
9.378129E+2	1.324063E+1
9.380558E+2	1.313681E+1
9.382987E+2	1.302205E+1
9.385417E+2	1.295102E+1
9.387846E+2	1.265593E+1
9.390275E+2	1.275976E+1
9.392704E+2	1.300566E+1
9.395133E+2	1.294555E+1
9.397562E+2	1.299473E+1
9.399990E+2	1.298380E+1
9.402419E+2	1.286905E+1
9.404847E+2	1.308763E+1
9.407276E+2	1.306031E+1
9.409704E+2	1.298380E+1
9.412132E+2	1.285812E+1
9.414560E+2	1.306577E+1
9.416988E+2	1.294009E+1
9.419416E+2	1.268326E+1
9.421844E+2	1.251386E+1
9.424272E+2	1.239364E+1
9.426700E+2	1.225703E+1
9.429127E+2	1.203298E+1
9.431555E+2	1.200566E+1
9.433982E+2	1.202752E+1
9.436409E+2	1.180894E+1
9.438837E+2	1.187451E+1
9.441264E+2	1.197287E+1
9.443691E+2	1.176522E+1
9.446118E+2	1.158490E+1
9.448544E+2	1.190730E+1
9.450971E+2	1.187998E+1
9.453398E+2	1.191276E+1
9.455824E+2	1.179801E+1
9.458251E+2	1.190730E+1
9.460677E+2	1.216413E+1
9.463103E+2	1.230621E+1
9.465530E+2	1.247561E+1
9.467956E+2	1.238817E+1
9.470382E+2	1.213681E+1
9.472807E+2	1.201659E+1
9.475233E+2	1.186358E+1
9.477659E+2	1.200566E+1
9.480084E+2	1.182533E+1
9.482510E+2	1.174337E+1
9.484935E+2	1.185266E+1
9.487361E+2	1.188544E+1
9.489786E+2	1.203845E+1
9.492211E+2	1.195102E+1
9.494636E+2	1.197287E+1
9.497061E+2	1.187451E+1
9.499486E+2	1.183080E+1
9.501911E+2	1.193462E+1
9.504335E+2	1.160129E+1
9.506760E+2	1.150293E+1
9.509184E+2	1.145375E+1
9.511609E+2	1.142096E+1
9.514033E+2	1.162315E+1
9.516457E+2	1.160129E+1
9.518881E+2	1.125156E+1
9.521305E+2	1.110949E+1
9.523729E+2	1.130621E+1
9.526153E+2	1.143735E+1
9.528576E+2	1.150839E+1
9.531000E+2	1.155211E+1
9.533424E+2	1.159582E+1
9.535847E+2	1.177615E+1
9.538270E+2	1.172697E+1
9.540694E+2	1.177069E+1
9.543117E+2	1.162861E+1
9.545540E+2	1.149200E+1
9.547963E+2	1.148107E+1
9.550386E+2	1.172151E+1
9.552808E+2	1.133353E+1
9.555231E+2	1.141003E+1
9.557654E+2	1.128435E+1
9.560076E+2	1.117506E+1
9.562498E+2	1.082533E+1
9.564921E+2	1.092916E+1
9.567343E+2	1.114227E+1
9.569765E+2	1.126249E+1
9.572187E+2	1.136085E+1
9.574609E+2	1.155211E+1
9.577031E+2	1.169419E+1
9.579452E+2	1.176522E+1
9.581874E+2	1.175976E+1
9.584296E+2	1.188544E+1
9.586717E+2	1.183080E+1
9.589138E+2	1.185266E+1
9.591560E+2	1.198927E+1
9.593981E+2	1.204391E+1
9.596402E+2	1.181440E+1
9.598823E+2	1.203298E+1
9.601244E+2	1.200020E+1
9.603664E+2	1.215320E+1
9.606085E+2	1.195648E+1
9.608506E+2	1.171058E+1
9.610926E+2	1.155757E+1
9.613347E+2	1.150293E+1
9.615767E+2	1.160675E+1
9.618187E+2	1.172697E+1
9.620607E+2	1.174337E+1
9.623027E+2	1.203298E+1
9.625447E+2	1.183626E+1
9.627867E+2	1.198380E+1
9.630287E+2	1.209856E+1
9.632706E+2	1.175976E+1
9.635126E+2	1.165047E+1
9.637545E+2	1.155757E+1
9.639965E+2	1.183080E+1
9.642384E+2	1.184719E+1
9.644803E+2	1.198380E+1
9.647222E+2	1.193462E+1
9.649641E+2	1.168326E+1
9.652060E+2	1.196194E+1
9.654479E+2	1.196194E+1
9.656897E+2	1.180347E+1
9.659316E+2	1.166686E+1
9.661734E+2	1.141003E+1
9.664153E+2	1.134992E+1
9.666571E+2	1.143189E+1
9.668989E+2	1.180347E+1
9.671408E+2	1.189091E+1
9.673826E+2	1.181987E+1
9.676243E+2	1.196194E+1
9.678661E+2	1.208216E+1
9.681079E+2	1.201659E+1
9.683497E+2	1.189091E+1
9.685914E+2	1.203298E+1
9.688332E+2	1.198380E+1
9.690749E+2	1.215320E+1
9.693166E+2	1.226249E+1
9.695583E+2	1.212041E+1
9.698001E+2	1.216413E+1
9.700417E+2	1.232807E+1
9.702834E+2	1.219145E+1
9.705251E+2	1.230621E+1
9.707668E+2	1.240457E+1
9.710084E+2	1.255211E+1
9.712501E+2	1.238271E+1
9.714917E+2	1.250293E+1
9.717334E+2	1.268872E+1
9.719750E+2	1.280347E+1
9.722166E+2	1.292369E+1
9.724582E+2	1.308763E+1
9.726998E+2	1.306577E+1
9.729414E+2	1.312041E+1
9.731830E+2	1.304391E+1
9.734245E+2	1.310402E+1
9.736661E+2	1.312041E+1
9.739076E+2	1.332807E+1
9.741492E+2	1.318599E+1
9.743907E+2	1.328981E+1
9.746322E+2	1.322424E+1
9.748737E+2	1.341003E+1
9.751152E+2	1.350839E+1
9.753567E+2	1.368326E+1
9.755982E+2	1.385266E+1
9.758396E+2	1.394009E+1
9.760811E+2	1.387451E+1
9.763226E+2	1.409856E+1
9.765640E+2	1.430621E+1
9.768054E+2	1.422424E+1
9.770468E+2	1.389091E+1
9.772883E+2	1.424610E+1
9.775297E+2	1.422424E+1
9.777711E+2	1.409856E+1
9.780124E+2	1.420785E+1
9.782538E+2	1.427888E+1
9.784952E+2	1.428981E+1
9.787365E+2	1.396194E+1
9.789779E+2	1.393462E+1
9.792192E+2	1.409309E+1
9.794605E+2	1.417506E+1
9.797019E+2	1.433899E+1
9.799432E+2	1.425703E+1
9.801845E+2	1.440457E+1
9.804257E+2	1.473244E+1
9.806670E+2	1.500566E+1
9.809083E+2	1.498927E+1
9.811496E+2	1.541003E+1
9.813908E+2	1.548653E+1
9.816320E+2	1.525703E+1
9.818733E+2	1.494555E+1
9.821145E+2	1.492369E+1
9.823557E+2	1.488544E+1
9.825969E+2	1.484719E+1
9.828381E+2	1.472697E+1
9.830793E+2	1.485812E+1
9.833205E+2	1.456850E+1
9.835616E+2	1.461768E+1
9.838028E+2	1.462861E+1
9.840439E+2	1.462315E+1
9.842851E+2	1.466140E+1
9.845262E+2	1.452479E+1
9.847673E+2	1.453025E+1
9.850084E+2	1.461222E+1
9.852495E+2	1.475429E+1
9.854906E+2	1.487998E+1
9.857317E+2	1.492916E+1
9.859727E+2	1.498380E+1
9.862138E+2	1.502205E+1
9.864549E+2	1.506031E+1
9.866959E+2	1.462315E+1
9.869369E+2	1.450293E+1
9.871779E+2	1.433353E+1
9.874190E+2	1.403298E+1
9.876600E+2	1.408216E+1
9.879010E+2	1.424063E+1
9.881419E+2	1.431167E+1
9.883829E+2	1.431167E+1
9.886239E+2	1.401113E+1
9.888648E+2	1.413134E+1
9.891058E+2	1.416960E+1
9.893467E+2	1.429528E+1
9.895876E+2	1.411495E+1
9.898285E+2	1.422424E+1
9.900695E+2	1.418599E+1
9.903104E+2	1.412588E+1
9.905512E+2	1.419145E+1
9.907921E+2	1.424063E+1
9.910330E+2	1.411495E+1
9.912738E+2	1.391823E+1
9.915147E+2	1.424063E+1
9.917555E+2	1.470511E+1
9.919964E+2	1.473244E+1
9.922372E+2	1.464500E+1
9.924780E+2	1.472151E+1
9.927188E+2	1.483080E+1
9.929596E+2	1.489637E+1
9.932004E+2	1.465047E+1
9.934411E+2	1.447014E+1
9.936819E+2	1.438817E+1
9.939227E+2	1.416413E+1
9.941634E+2	1.439364E+1
9.944041E+2	1.451932E+1
9.946449E+2	1.453025E+1
9.948856E+2	1.447014E+1
9.951263E+2	1.422424E+1
9.953670E+2	1.415320E+1
9.956077E+2	1.447014E+1
9.958483E+2	1.437725E+1
9.960890E+2	1.431167E+1
9.963297E+2	1.418052E+1
9.965703E+2	1.414774E+1
9.968109E+2	1.431714E+1
9.970516E+2	1.425703E+1
9.972922E+2	1.421331E+1
9.975328E+2	1.430621E+1
9.977734E+2	1.421331E+1
9.980140E+2	1.433353E+1
9.982546E+2	1.429528E+1
9.984951E+2	1.441003E+1
9.987357E+2	1.442643E+1
9.989763E+2	1.463954E+1
9.992168E+2	1.471604E+1
9.994573E+2	1.468872E+1
9.996978E+2	1.459582E+1
9.999384E+2	1.445375E+1
1.000179E+3	1.425703E+1
1.000419E+3	1.430074E+1
1.000660E+3	1.451932E+1
1.000900E+3	1.439364E+1
1.001141E+3	1.416960E+1
1.001381E+3	1.450293E+1
1.001622E+3	1.441550E+1
1.001862E+3	1.459582E+1
1.002103E+3	1.477069E+1
1.002343E+3	1.485266E+1
1.002583E+3	1.496194E+1
1.002824E+3	1.478708E+1
1.003064E+3	1.460129E+1
1.003305E+3	1.454664E+1
1.003545E+3	1.447561E+1
1.003785E+3	1.437178E+1
1.004026E+3	1.433353E+1
1.004266E+3	1.454664E+1
1.004506E+3	1.430621E+1
1.004747E+3	1.430621E+1
1.004987E+3	1.433353E+1
1.005227E+3	1.411495E+1
1.005468E+3	1.397834E+1
1.005708E+3	1.367233E+1
1.005948E+3	1.362861E+1
1.006188E+3	1.341550E+1
1.006429E+3	1.322970E+1
1.006669E+3	1.309309E+1
1.006909E+3	1.321331E+1
1.007149E+3	1.316960E+1
1.007390E+3	1.310949E+1
1.007630E+3	1.296741E+1
1.007870E+3	1.312041E+1
1.008110E+3	1.327888E+1
1.008350E+3	1.341550E+1
1.008590E+3	1.349746E+1
1.008831E+3	1.332807E+1
1.009071E+3	1.309309E+1
1.009311E+3	1.301113E+1
1.009551E+3	1.291276E+1
1.009791E+3	1.273244E+1
1.010031E+3	1.266686E+1
1.010271E+3	1.242096E+1
1.010511E+3	1.232807E+1
1.010752E+3	1.271604E+1
1.010992E+3	1.304391E+1
1.011232E+3	1.337725E+1
1.011472E+3	1.314227E+1
1.011712E+3	1.300020E+1
1.011952E+3	1.298927E+1
1.012192E+3	1.303298E+1
1.012432E+3	1.316960E+1
1.012672E+3	1.301659E+1
1.012912E+3	1.336632E+1
1.013152E+3	1.323517E+1
1.013392E+3	1.325703E+1
1.013632E+3	1.291823E+1
1.013872E+3	1.279255E+1
1.014112E+3	1.285266E+1
1.014352E+3	1.304938E+1
1.014591E+3	1.328435E+1
1.014831E+3	1.331714E+1
1.015071E+3	1.326249E+1
1.015311E+3	1.327888E+1
1.015551E+3	1.311495E+1
1.015791E+3	1.319692E+1
1.016031E+3	1.303298E+1
1.016271E+3	1.310402E+1
1.016511E+3	1.298927E+1
1.016750E+3	1.330621E+1
1.016990E+3	1.310949E+1
1.017230E+3	1.303845E+1
1.017470E+3	1.321331E+1
1.017710E+3	1.359036E+1
1.017949E+3	1.381440E+1
1.018189E+3	1.378708E+1
1.018429E+3	1.360129E+1
1.018669E+3	1.338817E+1
1.018908E+3	1.312588E+1
1.019148E+3	1.312588E+1
1.019388E+3	1.307670E+1
1.019628E+3	1.316413E+1
1.019867E+3	1.341550E+1
1.020107E+3	1.366686E+1
1.020347E+3	1.390184E+1
1.020586E+3	1.384719E+1
1.020826E+3	1.385266E+1
1.021066E+3	1.366140E+1
1.021305E+3	1.379801E+1
1.021545E+3	1.386905E+1
1.021785E+3	1.368872E+1
1.022024E+3	1.377069E+1
1.022264E+3	1.386358E+1
1.022504E+3	1.385266E+1
1.022743E+3	1.392916E+1
1.022983E+3	1.396741E+1
1.023222E+3	1.406031E+1
1.023462E+3	1.395102E+1
1.023702E+3	1.394555E+1
1.023941E+3	1.392916E+1
1.024181E+3	1.410949E+1
1.024420E+3	1.439910E+1
1.024660E+3	1.441550E+1
1.024899E+3	1.442643E+1
1.025139E+3	1.437725E+1
1.025378E+3	1.399473E+1
1.025618E+3	1.395648E+1
1.025857E+3	1.377615E+1
1.026097E+3	1.371058E+1
1.026336E+3	1.370511E+1
1.026575E+3	1.382533E+1
1.026815E+3	1.385812E+1
1.027054E+3	1.361222E+1
1.027294E+3	1.393462E+1
1.027533E+3	1.382533E+1
1.027773E+3	1.394555E+1
1.028012E+3	1.392916E+1
1.028251E+3	1.441550E+1
1.028491E+3	1.455211E+1
1.028730E+3	1.448653E+1
1.028969E+3	1.425703E+1
1.029209E+3	1.406577E+1
1.029448E+3	1.394555E+1
1.029687E+3	1.403845E+1
1.029927E+3	1.390730E+1
1.030166E+3	1.401659E+1
1.030405E+3	1.402205E+1
1.030645E+3	1.397287E+1
1.030884E+3	1.384719E+1
1.031123E+3	1.385812E+1
1.031362E+3	1.357943E+1
1.031602E+3	1.380894E+1
1.031841E+3	1.372151E+1
1.032080E+3	1.374337E+1
1.032319E+3	1.333899E+1
1.032558E+3	1.287451E+1
1.032798E+3	1.290184E+1
1.033037E+3	1.315867E+1
1.033276E+3	1.328435E+1
1.033515E+3	1.336085E+1
1.033754E+3	1.328981E+1
1.033993E+3	1.331714E+1
1.034233E+3	1.304391E+1
1.034472E+3	1.274337E+1
1.034711E+3	1.259036E+1
1.034950E+3	1.264500E+1
1.035189E+3	1.251932E+1
1.035428E+3	1.233353E+1
1.035667E+3	1.231167E+1
1.035906E+3	1.205484E+1
1.036145E+3	1.207123E+1
1.036384E+3	1.207670E+1
1.036623E+3	1.214774E+1
1.036862E+3	1.215867E+1
1.037101E+3	1.214227E+1
1.037340E+3	1.201113E+1
1.037579E+3	1.174337E+1
1.037818E+3	1.161768E+1
1.038057E+3	1.153572E+1
1.038296E+3	1.167233E+1
1.038535E+3	1.164500E+1
1.038774E+3	1.148107E+1
1.039013E+3	1.117506E+1
1.039252E+3	1.115320E+1
1.039491E+3	1.106577E+1
1.039730E+3	1.073790E+1
1.039969E+3	1.079801E+1
1.040208E+3	1.042643E+1
1.040447E+3	1.043735E+1
1.040685E+3	1.066140E+1
1.040924E+3	1.082533E+1
1.041163E+3	1.075976E+1
1.041402E+3	1.065593E+1
1.041641E+3	1.083626E+1
1.041880E+3	1.068326E+1
1.042118E+3	1.054118E+1
1.042357E+3	1.031167E+1
1.042596E+3	1.026249E+1
1.042835E+3	9.994732E+0
1.043074E+3	9.912764E+0
1.043312E+3	9.781617E+0
1.043551E+3	9.732437E+0
1.043790E+3	1.004391E+1
1.044029E+3	1.007670E+1
1.044267E+3	9.661398E+0
1.044506E+3	9.497464E+0
1.044745E+3	9.584896E+0
1.044983E+3	9.819868E+0
1.045222E+3	9.776152E+0
1.045461E+3	9.951016E+0
1.045699E+3	9.819868E+0
1.045938E+3	9.836262E+0
1.046177E+3	9.448284E+0
1.046415E+3	9.437355E+0
1.046654E+3	9.164131E+0
1.046893E+3	9.218775E+0
1.047131E+3	9.628611E+0
1.047370E+3	9.748830E+0
1.047608E+3	9.803475E+0
1.047847E+3	9.929158E+0
1.048086E+3	9.929158E+0
1.048324E+3	1.004938E+1
1.048563E+3	9.956480E+0
1.048801E+3	1.007670E+1
1.049040E+3	1.021878E+1
1.049278E+3	1.018052E+1
1.049517E+3	1.001113E+1
1.049755E+3	1.030074E+1
1.049994E+3	1.036085E+1
1.050232E+3	1.043189E+1
1.050471E+3	1.034446E+1
1.050709E+3	1.003845E+1
1.050948E+3	1.032807E+1
1.051186E+3	1.040457E+1
1.051424E+3	1.030621E+1
1.051663E+3	1.041550E+1
1.051901E+3	1.026249E+1
1.052140E+3	1.046468E+1
1.052378E+3	1.037178E+1
1.052616E+3	1.040457E+1
1.052855E+3	1.038817E+1
1.053093E+3	1.059582E+1
1.053332E+3	1.055757E+1
1.053570E+3	1.074883E+1
1.053808E+3	1.074883E+1
1.054047E+3	1.092916E+1
1.054285E+3	1.131167E+1
1.054523E+3	1.116960E+1
1.054761E+3	1.166140E+1
1.055000E+3	1.149746E+1
1.055238E+3	1.135539E+1
1.055476E+3	1.111495E+1
1.055715E+3	1.102752E+1
1.055953E+3	1.090184E+1
1.056191E+3	1.072151E+1
1.056429E+3	1.073790E+1
1.056667E+3	1.062861E+1
1.056906E+3	1.080347E+1
1.057144E+3	1.085266E+1
1.057382E+3	1.079255E+1
1.057620E+3	1.094009E+1
1.057858E+3	1.102205E+1
1.058097E+3	1.103298E+1
1.058335E+3	1.071058E+1
1.058573E+3	1.076522E+1
1.058811E+3	1.113134E+1
1.059049E+3	1.136085E+1
1.059287E+3	1.112041E+1
1.059525E+3	1.082533E+1
1.059763E+3	1.079255E+1
1.060001E+3	1.069419E+1
1.060239E+3	1.084173E+1
1.060478E+3	1.085266E+1
1.060716E+3	1.088544E+1
1.060954E+3	1.088544E+1
1.061192E+3	1.114774E+1
1.061430E+3	1.103298E+1
1.061668E+3	1.080347E+1
1.061906E+3	1.054664E+1
1.062144E+3	1.019692E+1
1.062382E+3	9.983803E+0
1.062620E+3	9.918229E+0
1.062858E+3	9.628611E+0
1.063096E+3	9.590360E+0
1.063333E+3	9.557573E+0
1.063571E+3	9.300743E+0
1.063809E+3	9.109486E+0
1.064047E+3	9.027519E+0
1.064285E+3	8.918229E+0
1.064523E+3	8.934622E+0
1.064761E+3	8.923693E+0
1.064999E+3	9.027519E+0
1.065237E+3	9.016590E+0
1.065474E+3	8.852655E+0
1.065712E+3	8.792546E+0
1.065950E+3	8.694185E+0
1.066188E+3	8.748830E+0
1.066426E+3	9.011125E+0
1.066664E+3	8.770688E+0
1.066901E+3	8.781617E+0
1.067139E+3	8.798010E+0
1.067377E+3	8.858120E+0
1.067615E+3	8.688721E+0
1.067852E+3	8.661398E+0
1.068090E+3	8.502928E+0
1.068328E+3	8.393639E+0
1.068566E+3	8.202382E+0
1.068803E+3	8.038448E+0
1.069041E+3	8.120415E+0
1.069279E+3	7.836262E+0
1.069516E+3	7.940087E+0
1.069754E+3	7.836262E+0
1.069992E+3	7.923693E+0
1.070229E+3	7.819868E+0
1.070467E+3	7.918229E+0
1.070705E+3	8.257027E+0
1.070942E+3	8.191453E+0
1.071180E+3	8.011125E+0
1.071418E+3	7.748830E+0
1.071655E+3	7.694185E+0
1.071893E+3	7.666863E+0
1.072130E+3	7.557573E+0
1.072368E+3	7.683256E+0
1.072605E+3	7.683256E+0
1.072843E+3	7.716043E+0
1.073081E+3	7.612218E+0
1.073318E+3	7.601289E+0
1.073556E+3	7.437355E+0
1.073793E+3	7.552109E+0
1.074031E+3	7.502928E+0
1.074268E+3	7.459213E+0
1.074506E+3	7.497464E+0
1.074743E+3	7.486535E+0
1.074981E+3	7.437355E+0
1.075218E+3	7.683256E+0
1.075455E+3	7.563038E+0
1.075693E+3	7.426426E+0
1.075930E+3	7.535715E+0
1.076168E+3	7.541180E+0
1.076405E+3	7.825333E+0
1.076642E+3	8.027519E+0
1.076880E+3	8.000196E+0
1.077117E+3	7.951016E+0
1.077355E+3	8.093092E+0
1.077592E+3	8.131344E+0
1.077829E+3	8.060305E+0
1.078067E+3	8.317136E+0
1.078304E+3	8.513857E+0
1.078541E+3	8.737901E+0
1.078779E+3	8.814404E+0
1.079016E+3	9.000196E+0
1.079253E+3	9.032983E+0
1.079490E+3	8.819868E+0
1.079728E+3	9.022054E+0
1.079965E+3	8.912764E+0
1.080202E+3	8.645005E+0
1.080439E+3	8.573967E+0
1.080677E+3	8.388174E+0
1.080914E+3	8.355387E+0
1.081151E+3	8.568502E+0
1.081388E+3	8.655934E+0
1.081625E+3	8.716043E+0
1.081863E+3	8.634076E+0
1.082100E+3	8.841726E+0
1.082337E+3	8.737901E+0
1.082574E+3	8.874513E+0
1.082811E+3	9.016590E+0
1.083048E+3	8.901836E+0
1.083285E+3	8.699650E+0
1.083522E+3	8.672327E+0
1.083760E+3	8.650469E+0
1.083997E+3	8.453748E+0
1.084234E+3	8.459213E+0
1.084471E+3	8.371781E+0
1.084708E+3	8.393639E+0
1.084945E+3	8.464677E+0
1.085182E+3	8.065770E+0
1.085419E+3	8.093092E+0
1.085656E+3	8.426426E+0
1.085893E+3	8.792546E+0
1.086130E+3	8.830797E+0
1.086367E+3	8.956480E+0
1.086604E+3	8.770688E+0
1.086841E+3	8.617682E+0
1.087078E+3	8.612218E+0
1.087315E+3	8.524786E+0
1.087552E+3	8.552109E+0
1.087789E+3	8.606754E+0
1.088026E+3	8.519322E+0
1.088262E+3	8.349923E+0
1.088499E+3	8.623147E+0
1.088736E+3	8.912764E+0
1.088973E+3	8.710579E+0
1.089210E+3	8.732437E+0
1.089447E+3	8.634076E+0
1.089684E+3	8.349923E+0
1.089921E+3	8.420961E+0
1.090157E+3	8.546644E+0
1.090394E+3	8.563038E+0
1.090631E+3	8.798010E+0
1.090868E+3	8.661398E+0
1.091105E+3	8.579431E+0
1.091341E+3	8.677792E+0
1.091578E+3	8.573967E+0
1.091815E+3	8.491999E+0
1.092052E+3	8.584896E+0
1.092288E+3	8.645005E+0
1.092525E+3	8.666863E+0
1.092762E+3	8.448284E+0
1.092999E+3	8.235169E+0
1.093235E+3	8.185989E+0
1.093472E+3	8.043912E+0
1.093709E+3	7.874513E+0
1.093945E+3	7.858120E+0
1.094182E+3	7.584896E+0
1.094419E+3	7.552109E+0
1.094655E+3	7.524786E+0
1.094892E+3	7.776152E+0
1.095128E+3	7.819868E+0
1.095365E+3	7.874513E+0
1.095602E+3	7.803475E+0
1.095838E+3	7.661398E+0
1.096075E+3	7.590360E+0
1.096311E+3	7.322601E+0
1.096548E+3	7.087628E+0
1.096784E+3	7.109486E+0
1.097021E+3	7.093092E+0
1.097258E+3	6.951016E+0
1.097494E+3	7.027519E+0
1.097731E+3	7.300743E+0
1.097967E+3	7.322601E+0
1.098204E+3	7.289814E+0
1.098440E+3	7.278885E+0
1.098677E+3	7.366316E+0
1.098913E+3	7.573967E+0
1.099149E+3	7.552109E+0
1.099386E+3	7.535715E+0
1.099622E+3	7.874513E+0
1.099859E+3	7.808939E+0
1.100095E+3	7.628611E+0
1.100332E+3	7.584896E+0
1.100568E+3	7.590360E+0
1.100804E+3	7.595825E+0
1.101041E+3	7.584896E+0
1.101277E+3	7.726972E+0
1.101513E+3	7.929158E+0
1.101750E+3	8.060305E+0
1.101986E+3	8.459213E+0
1.102222E+3	8.382710E+0
1.102459E+3	8.601289E+0
1.102695E+3	8.710579E+0
1.102931E+3	8.579431E+0
1.103168E+3	8.442819E+0
1.103404E+3	8.754295E+0
1.103640E+3	8.530251E+0
1.103876E+3	8.502928E+0
1.104113E+3	8.841726E+0
1.104349E+3	8.737901E+0
1.104585E+3	8.776152E+0
1.104821E+3	8.694185E+0
1.105057E+3	8.415497E+0
1.105294E+3	8.262491E+0
1.105530E+3	8.322601E+0
1.105766E+3	8.273420E+0
1.106002E+3	8.459213E+0
1.106238E+3	8.563038E+0
1.106474E+3	8.623147E+0
1.106711E+3	8.328065E+0
1.106947E+3	8.229704E+0
1.107183E+3	8.333529E+0
1.107419E+3	8.328065E+0
1.107655E+3	8.218775E+0
1.107891E+3	8.207846E+0
1.108127E+3	1.191453E+0
1.108363E+3	1.185812E+1
1.108599E+3	1.652479E+1
1.108835E+3	1.419145E+1
1.109071E+3	2.885812E+1
1.109307E+3	1.385812E+1
1.109543E+3	1.619145E+1
1.109779E+3	9.191453E+0
1.110015E+3	1.285812E+1
1.110251E+3	9.191453E+0
1.110487E+3	1.885812E+1
1.110723E+3	5.247863E-1
1.110959E+3	1.858120E+0
1.111195E+3	2.085812E+1
1.111431E+3	4.858120E+0
1.111667E+3	1.552479E+1
1.111903E+3	3.191453E+0
1.112139E+3	-1.808547E+0
1.112375E+3	-1.808547E+0
1.112611E+3	5.858120E+0
1.112847E+3	8.191453E+0
1.113082E+3	8.191453E+0
1.113318E+3	7.524786E+0
1.113554E+3	1.319145E+1
1.113790E+3	-1.014188E+1
1.114026E+3	4.191453E+0
1.114262E+3	4.858120E+0
1.114497E+3	3.191453E+0
1.114733E+3	7.524786E+0
1.114969E+3	7.191453E+0
