1.951292E+2	0.000000E+0
1.953960E+2	0.000000E+0
1.956629E+2	0.000000E+0
1.959298E+2	0.000000E+0
1.961966E+2	0.000000E+0
1.964635E+2	0.000000E+0
1.967303E+2	0.000000E+0
1.969972E+2	0.000000E+0
1.972640E+2	0.000000E+0
1.975308E+2	0.000000E+0
1.977977E+2	0.000000E+0
1.980645E+2	0.000000E+0
1.983313E+2	0.000000E+0
1.985981E+2	0.000000E+0
1.988649E+2	0.000000E+0
1.991316E+2	0.000000E+0
1.993984E+2	0.000000E+0
1.996652E+2	0.000000E+0
1.999320E+2	0.000000E+0
2.001987E+2	0.000000E+0
2.004655E+2	0.000000E+0
2.007322E+2	0.000000E+0
2.009989E+2	0.000000E+0
2.012657E+2	0.000000E+0
2.015324E+2	0.000000E+0
2.017991E+2	0.000000E+0
2.020658E+2	0.000000E+0
2.023325E+2	0.000000E+0
2.025992E+2	0.000000E+0
2.028659E+2	0.000000E+0
2.031326E+2	0.000000E+0
2.033992E+2	0.000000E+0
2.036659E+2	0.000000E+0
2.039325E+2	0.000000E+0
2.041992E+2	0.000000E+0
2.044658E+2	0.000000E+0
2.047325E+2	0.000000E+0
2.049991E+2	0.000000E+0
2.052657E+2	0.000000E+0
2.055323E+2	0.000000E+0
2.057989E+2	0.000000E+0
2.060655E+2	0.000000E+0
2.063321E+2	0.000000E+0
2.065987E+2	0.000000E+0
2.068653E+2	0.000000E+0
2.071319E+2	0.000000E+0
2.073984E+2	0.000000E+0
2.076650E+2	0.000000E+0
2.079315E+2	0.000000E+0
2.081981E+2	0.000000E+0
2.084646E+2	0.000000E+0
2.087311E+2	0.000000E+0
2.089977E+2	0.000000E+0
2.092642E+2	0.000000E+0
2.095307E+2	0.000000E+0
2.097972E+2	0.000000E+0
2.100637E+2	0.000000E+0
2.103302E+2	0.000000E+0
2.105966E+2	0.000000E+0
2.108631E+2	0.000000E+0
2.111296E+2	0.000000E+0
2.113960E+2	0.000000E+0
2.116625E+2	0.000000E+0
2.119289E+2	0.000000E+0
2.121954E+2	0.000000E+0
2.124618E+2	0.000000E+0
2.127282E+2	0.000000E+0
2.129946E+2	0.000000E+0
2.132610E+2	0.000000E+0
2.135274E+2	0.000000E+0
2.137938E+2	0.000000E+0
2.140602E+2	0.000000E+0
2.143266E+2	0.000000E+0
2.145930E+2	0.000000E+0
2.148593E+2	0.000000E+0
2.151257E+2	0.000000E+0
2.153920E+2	0.000000E+0
2.156584E+2	0.000000E+0
2.159247E+2	0.000000E+0
2.161910E+2	0.000000E+0
2.164574E+2	0.000000E+0
2.167237E+2	0.000000E+0
2.169900E+2	0.000000E+0
2.172563E+2	0.000000E+0
2.175226E+2	0.000000E+0
2.177889E+2	0.000000E+0
2.180551E+2	0.000000E+0
2.183214E+2	0.000000E+0
2.185877E+2	0.000000E+0
2.188539E+2	0.000000E+0
2.191202E+2	0.000000E+0
2.193864E+2	0.000000E+0
2.196527E+2	0.000000E+0
2.199189E+2	0.000000E+0
2.201851E+2	0.000000E+0
2.204513E+2	0.000000E+0
2.207175E+2	0.000000E+0
2.209837E+2	0.000000E+0
2.212499E+2	0.000000E+0
2.215161E+2	0.000000E+0
2.217823E+2	0.000000E+0
2.220485E+2	0.000000E+0
2.223146E+2	0.000000E+0
2.225808E+2	0.000000E+0
2.228469E+2	0.000000E+0
2.231131E+2	0.000000E+0
2.233792E+2	0.000000E+0
2.236453E+2	0.000000E+0
2.239115E+2	0.000000E+0
2.241776E+2	0.000000E+0
2.244437E+2	0.000000E+0
2.247098E+2	0.000000E+0
2.249759E+2	0.000000E+0
2.252420E+2	0.000000E+0
2.255080E+2	0.000000E+0
2.257741E+2	0.000000E+0
2.260402E+2	0.000000E+0
2.263062E+2	0.000000E+0
2.265723E+2	0.000000E+0
2.268383E+2	0.000000E+0
2.271044E+2	0.000000E+0
2.273704E+2	0.000000E+0
2.276364E+2	0.000000E+0
2.279024E+2	0.000000E+0
2.281684E+2	0.000000E+0
2.284344E+2	0.000000E+0
2.287004E+2	0.000000E+0
2.289664E+2	0.000000E+0
2.292324E+2	0.000000E+0
2.294984E+2	0.000000E+0
2.297643E+2	0.000000E+0
2.300303E+2	0.000000E+0
2.302962E+2	0.000000E+0
2.305622E+2	0.000000E+0
2.308281E+2	0.000000E+0
2.310940E+2	0.000000E+0
2.313599E+2	0.000000E+0
2.316259E+2	0.000000E+0
2.318918E+2	0.000000E+0
2.321577E+2	0.000000E+0
2.324236E+2	0.000000E+0
2.326894E+2	0.000000E+0
2.329553E+2	0.000000E+0
2.332212E+2	0.000000E+0
2.334871E+2	0.000000E+0
2.337529E+2	0.000000E+0
2.340188E+2	0.000000E+0
2.342846E+2	0.000000E+0
2.345504E+2	0.000000E+0
2.348163E+2	0.000000E+0
2.350821E+2	0.000000E+0
2.353479E+2	0.000000E+0
2.356137E+2	0.000000E+0
2.358795E+2	0.000000E+0
2.361453E+2	0.000000E+0
2.364111E+2	0.000000E+0
2.366769E+2	0.000000E+0
2.369426E+2	0.000000E+0
2.372084E+2	0.000000E+0
2.374741E+2	0.000000E+0
2.377399E+2	0.000000E+0
2.380056E+2	0.000000E+0
2.382714E+2	0.000000E+0
2.385371E+2	0.000000E+0
2.388028E+2	0.000000E+0
2.390685E+2	0.000000E+0
2.393342E+2	0.000000E+0
2.395999E+2	0.000000E+0
2.398656E+2	0.000000E+0
2.401313E+2	0.000000E+0
2.403970E+2	0.000000E+0
2.406626E+2	0.000000E+0
2.409283E+2	0.000000E+0
2.411940E+2	0.000000E+0
2.414596E+2	0.000000E+0
2.417252E+2	0.000000E+0
2.419909E+2	0.000000E+0
2.422565E+2	0.000000E+0
2.425221E+2	0.000000E+0
2.427877E+2	0.000000E+0
2.430533E+2	0.000000E+0
2.433189E+2	0.000000E+0
2.435845E+2	0.000000E+0
2.438501E+2	0.000000E+0
2.441157E+2	0.000000E+0
2.443812E+2	0.000000E+0
2.446468E+2	0.000000E+0
2.449124E+2	0.000000E+0
2.451779E+2	0.000000E+0
2.454434E+2	0.000000E+0
2.457090E+2	0.000000E+0
2.459745E+2	0.000000E+0
2.462400E+2	0.000000E+0
2.465055E+2	0.000000E+0
2.467710E+2	0.000000E+0
2.470365E+2	0.000000E+0
2.473020E+2	0.000000E+0
2.475675E+2	0.000000E+0
2.478330E+2	0.000000E+0
2.480984E+2	0.000000E+0
2.483639E+2	0.000000E+0
2.486294E+2	0.000000E+0
2.488948E+2	0.000000E+0
2.491602E+2	0.000000E+0
2.494257E+2	0.000000E+0
2.496911E+2	0.000000E+0
2.499565E+2	0.000000E+0
2.502219E+2	7.085106E+0
2.504873E+2	7.003139E+0
2.507527E+2	6.910242E+0
2.510181E+2	7.106964E+0
2.512835E+2	7.199860E+0
2.515489E+2	7.429368E+0
2.518142E+2	7.604231E+0
2.520796E+2	8.035925E+0
2.523449E+2	8.205324E+0
2.526103E+2	8.232647E+0
2.528756E+2	8.385652E+0
2.531409E+2	8.385652E+0
2.534063E+2	8.549587E+0
2.536716E+2	9.014068E+0
2.539369E+2	9.210789E+0
2.542022E+2	9.418439E+0
2.544675E+2	9.664341E+0
2.547328E+2	9.926636E+0
2.549980E+2	9.975816E+0
2.552633E+2	9.850133E+0
2.555286E+2	9.768166E+0
2.557938E+2	1.011789E+1
2.560591E+2	1.055505E+1
2.563243E+2	1.086106E+1
2.565896E+2	1.116707E+1
2.568548E+2	1.151680E+1
2.571200E+2	1.179549E+1
2.573852E+2	1.199221E+1
2.576504E+2	1.221625E+1
2.579156E+2	1.240751E+1
2.581808E+2	1.235833E+1
2.584460E+2	1.264795E+1
2.587112E+2	1.273538E+1
2.589763E+2	1.270806E+1
2.592415E+2	1.253319E+1
2.595067E+2	1.271899E+1
2.597718E+2	1.268073E+1
2.600369E+2	1.266981E+1
2.603021E+2	1.272991E+1
2.605672E+2	1.288292E+1
2.608323E+2	1.292664E+1
2.610974E+2	1.273538E+1
2.613625E+2	1.274084E+1
2.616276E+2	1.256052E+1
2.618927E+2	1.240205E+1
2.621578E+2	1.254959E+1
2.624229E+2	1.266981E+1
2.626880E+2	1.288838E+1
2.629530E+2	1.283920E+1
2.632181E+2	1.268620E+1
2.634831E+2	1.257691E+1
2.637482E+2	1.262609E+1
2.640132E+2	1.244576E+1
2.642782E+2	1.226543E+1
2.645432E+2	1.206871E+1
2.648082E+2	1.229276E+1
2.650732E+2	1.221625E+1
2.653382E+2	1.212882E+1
2.656032E+2	1.196489E+1
2.658682E+2	1.215614E+1
2.661332E+2	1.210696E+1
2.663981E+2	1.195396E+1
2.666631E+2	1.174084E+1
2.669281E+2	1.160423E+1
2.671930E+2	1.116707E+1
2.674579E+2	1.089385E+1
2.677229E+2	1.065341E+1
2.679878E+2	1.046762E+1
2.682527E+2	1.006871E+1
2.685176E+2	9.702592E+0
2.687825E+2	9.538658E+0
2.690474E+2	9.456690E+0
2.693123E+2	9.221718E+0
2.695772E+2	8.986745E+0
2.698420E+2	8.713521E+0
2.701069E+2	8.544122E+0
2.703718E+2	8.292756E+0
2.706366E+2	7.899313E+0
2.709014E+2	7.653412E+0
2.711663E+2	7.434833E+0
2.714311E+2	7.418439E+0
2.716959E+2	7.336472E+0
2.719607E+2	7.161609E+0
2.722255E+2	6.811882E+0
2.724903E+2	6.587838E+0
2.727551E+2	6.511335E+0
2.730199E+2	6.440297E+0
2.732847E+2	6.221718E+0
2.735495E+2	6.128822E+0
2.738142E+2	6.156144E+0
2.740790E+2	6.194395E+0
2.743437E+2	6.112428E+0
2.746085E+2	6.090570E+0
2.748732E+2	6.057783E+0
2.751379E+2	6.046854E+0
2.754026E+2	5.992210E+0
2.756674E+2	5.713521E+0
2.759321E+2	5.751772E+0
2.761968E+2	5.746308E+0
2.764614E+2	5.861062E+0
2.767261E+2	5.910242E+0
2.769908E+2	5.948494E+0
2.772555E+2	6.205324E+0
2.775201E+2	5.926636E+0
2.777848E+2	6.024996E+0
2.780494E+2	6.183466E+0
2.783141E+2	6.156144E+0
2.785787E+2	6.123357E+0
2.788433E+2	5.904778E+0
2.791079E+2	5.746308E+0
2.793725E+2	5.434833E+0
2.796371E+2	5.615160E+0
2.799017E+2	5.582374E+0
2.801663E+2	5.593303E+0
2.804309E+2	5.609696E+0
2.806955E+2	5.790024E+0
2.809600E+2	5.724450E+0
2.812246E+2	5.795488E+0
2.814891E+2	5.697128E+0
2.817537E+2	5.598767E+0
2.820182E+2	5.511335E+0
2.822827E+2	5.462155E+0
2.825473E+2	5.582374E+0
2.828118E+2	5.806417E+0
2.830763E+2	5.751772E+0
2.833408E+2	5.768166E+0
2.836053E+2	5.790024E+0
2.838697E+2	5.653412E+0
2.841342E+2	5.402046E+0
2.843987E+2	5.522264E+0
2.846632E+2	5.762701E+0
2.849276E+2	5.926636E+0
2.851921E+2	5.806417E+0
2.854565E+2	5.844669E+0
2.857209E+2	5.609696E+0
2.859853E+2	5.429368E+0
2.862498E+2	5.303685E+0
2.865142E+2	5.205324E+0
2.867786E+2	5.451226E+0
2.870430E+2	5.352865E+0
2.873074E+2	5.259969E+0
2.875717E+2	5.265434E+0
2.878361E+2	5.249040E+0
2.881005E+2	5.199860E+0
2.883648E+2	5.085106E+0
2.886292E+2	4.926636E+0
2.888935E+2	4.992210E+0
2.891579E+2	4.899313E+0
2.894222E+2	4.948494E+0
2.896865E+2	5.178002E+0
2.899508E+2	5.238111E+0
2.902151E+2	5.117893E+0
2.904794E+2	5.167073E+0
2.907437E+2	5.090570E+0
2.910080E+2	5.320078E+0
2.912723E+2	5.505871E+0
2.915366E+2	5.675270E+0
2.918008E+2	5.921171E+0
2.920651E+2	5.795488E+0
2.923293E+2	5.790024E+0
2.925936E+2	5.718986E+0
2.928578E+2	5.735379E+0
2.931220E+2	5.500406E+0
2.933863E+2	5.205324E+0
2.936505E+2	5.363794E+0
2.939147E+2	5.391117E+0
2.941789E+2	5.380188E+0
2.944431E+2	5.325543E+0
2.947072E+2	5.391117E+0
2.949714E+2	5.527729E+0
2.952356E+2	5.402046E+0
2.954997E+2	5.626089E+0
2.957639E+2	5.527729E+0
2.960280E+2	5.516800E+0
2.962922E+2	5.675270E+0
2.965563E+2	5.686199E+0
2.968204E+2	5.664341E+0
2.970845E+2	5.549587E+0
2.973486E+2	5.434833E+0
2.976127E+2	5.341936E+0
2.978768E+2	5.380188E+0
2.981409E+2	5.440297E+0
2.984050E+2	5.358330E+0
2.986691E+2	5.199860E+0
2.989331E+2	5.243576E+0
2.991972E+2	5.254505E+0
2.994612E+2	5.281827E+0
2.997253E+2	5.555051E+0
2.999893E+2	5.779095E+0
3.002534E+2	6.243576E+0
3.005174E+2	6.079641E+0
3.007814E+2	5.811882E+0
3.010454E+2	5.779095E+0
3.013094E+2	5.762701E+0
3.015734E+2	5.970352E+0
3.018374E+2	6.112428E+0
3.021013E+2	6.347401E+0
3.023653E+2	6.555051E+0
3.026293E+2	6.511335E+0
3.028932E+2	6.276363E+0
3.031572E+2	6.314614E+0
3.034211E+2	6.243576E+0
3.036850E+2	6.303685E+0
3.039489E+2	6.292756E+0
3.042129E+2	6.363794E+0
3.044768E+2	6.407510E+0
3.047407E+2	6.467619E+0
3.050046E+2	6.369259E+0
3.052685E+2	6.325543E+0
3.055323E+2	6.265434E+0
3.057962E+2	5.992210E+0
3.060601E+2	5.959423E+0
3.063239E+2	5.964887E+0
3.065878E+2	5.899313E+0
3.068516E+2	5.702592E+0
3.071155E+2	5.385652E+0
3.073793E+2	5.341936E+0
3.076431E+2	5.188931E+0
3.079069E+2	5.003139E+0
3.081707E+2	5.216253E+0
3.084345E+2	5.380188E+0
3.086983E+2	5.407510E+0
3.089621E+2	5.522264E+0
3.092259E+2	5.544122E+0
3.094896E+2	5.571445E+0
3.097534E+2	5.391117E+0
3.100171E+2	5.352865E+0
3.102809E+2	5.259969E+0
3.105446E+2	5.298221E+0
3.108084E+2	5.134286E+0
3.110721E+2	5.178002E+0
3.113358E+2	5.287292E+0
3.115995E+2	5.287292E+0
3.118632E+2	5.232647E+0
3.121269E+2	5.347401E+0
3.123906E+2	4.921171E+0
3.126543E+2	4.893849E+0
3.129179E+2	4.926636E+0
3.131816E+2	4.910242E+0
3.134453E+2	4.817346E+0
3.137089E+2	4.850133E+0
3.139725E+2	4.844669E+0
3.142362E+2	4.746308E+0
3.144998E+2	4.647947E+0
3.147634E+2	4.686199E+0
3.150270E+2	4.811882E+0
3.152906E+2	5.134286E+0
3.155542E+2	5.467619E+0
3.158178E+2	5.298221E+0
3.160814E+2	5.320078E+0
3.163450E+2	4.997674E+0
3.166086E+2	5.221718E+0
3.168721E+2	5.484013E+0
3.171357E+2	5.385652E+0
3.173992E+2	5.429368E+0
3.176627E+2	5.254505E+0
3.179263E+2	5.402046E+0
3.181898E+2	5.555051E+0
3.184533E+2	5.484013E+0
3.187168E+2	5.669805E+0
3.189803E+2	5.844669E+0
3.192438E+2	5.899313E+0
3.195073E+2	6.019532E+0
3.197708E+2	6.249040E+0
3.200342E+2	6.238111E+0
3.202977E+2	6.314614E+0
3.205612E+2	6.385652E+0
3.208246E+2	6.429368E+0
3.210881E+2	6.352865E+0
3.213515E+2	6.396581E+0
3.216149E+2	6.429368E+0
3.218783E+2	6.768166E+0
3.221417E+2	6.937565E+0
3.224051E+2	7.046854E+0
3.226685E+2	7.024996E+0
3.229319E+2	7.134286E+0
3.231953E+2	7.210789E+0
3.234587E+2	7.210789E+0
3.237221E+2	7.079641E+0
3.239854E+2	7.145215E+0
3.242488E+2	6.888384E+0
3.245121E+2	6.511335E+0
3.247754E+2	6.347401E+0
3.250388E+2	6.172537E+0
3.253021E+2	6.391117E+0
3.255654E+2	6.544122E+0
3.258287E+2	6.762701E+0
3.260920E+2	6.768166E+0
3.263553E+2	6.948494E+0
3.266186E+2	6.697128E+0
3.268819E+2	6.953958E+0
3.271451E+2	6.839204E+0
3.274084E+2	6.888384E+0
3.276717E+2	7.101499E+0
3.279349E+2	7.336472E+0
3.281981E+2	6.997674E+0
3.284614E+2	7.085106E+0
3.287246E+2	7.063248E+0
3.289878E+2	7.194395E+0
3.292510E+2	7.243576E+0
3.295142E+2	7.522264E+0
3.297774E+2	7.587838E+0
3.300406E+2	7.822811E+0
3.303038E+2	7.647947E+0
3.305670E+2	7.817346E+0
3.308301E+2	8.035925E+0
3.310933E+2	7.948494E+0
3.313564E+2	7.822811E+0
3.316196E+2	7.724450E+0
3.318827E+2	7.866527E+0
3.321458E+2	7.724450E+0
3.324089E+2	7.888384E+0
3.326721E+2	7.844669E+0
3.329352E+2	7.582374E+0
3.331983E+2	7.511335E+0
3.334614E+2	7.642483E+0
3.337244E+2	7.691663E+0
3.339875E+2	7.516800E+0
3.342506E+2	7.221718E+0
3.345136E+2	7.139751E+0
3.347767E+2	7.090570E+0
3.350397E+2	6.970352E+0
3.353028E+2	6.943029E+0
3.355658E+2	6.921171E+0
3.358288E+2	6.800953E+0
3.360918E+2	6.768166E+0
3.363548E+2	6.647947E+0
3.366178E+2	6.708057E+0
3.368808E+2	6.560516E+0
3.371438E+2	6.527729E+0
3.374068E+2	6.593303E+0
3.376698E+2	6.686199E+0
3.379327E+2	6.358330E+0
3.381957E+2	6.134286E+0
3.384586E+2	5.800953E+0
3.387216E+2	5.871991E+0
3.389845E+2	5.943029E+0
3.392474E+2	5.975816E+0
3.395103E+2	6.030461E+0
3.397733E+2	6.238111E+0
3.400362E+2	6.079641E+0
3.402990E+2	6.090570E+0
3.405619E+2	6.407510E+0
3.408248E+2	6.434833E+0
3.410877E+2	6.221718E+0
3.413506E+2	6.227182E+0
3.416134E+2	5.910242E+0
3.418763E+2	5.768166E+0
3.421391E+2	5.713521E+0
3.424019E+2	5.631554E+0
3.426648E+2	5.691663E+0
3.429276E+2	5.560516E+0
3.431904E+2	5.708057E+0
3.434532E+2	5.713521E+0
3.437160E+2	5.445762E+0
3.439788E+2	5.134286E+0
3.442416E+2	5.489477E+0
3.445043E+2	5.598767E+0
3.447671E+2	5.740843E+0
3.450299E+2	5.653412E+0
3.452926E+2	5.555051E+0
3.455554E+2	5.511335E+0
3.458181E+2	5.626089E+0
3.460808E+2	5.369259E+0
3.463436E+2	5.565980E+0
3.466063E+2	5.609696E+0
3.468690E+2	5.254505E+0
3.471317E+2	5.199860E+0
3.473944E+2	5.167073E+0
3.476570E+2	5.167073E+0
3.479197E+2	5.096035E+0
3.481824E+2	5.085106E+0
3.484451E+2	4.975816E+0
3.487077E+2	4.822811E+0
3.489704E+2	4.943029E+0
3.492330E+2	5.041390E+0
3.494956E+2	5.199860E+0
3.497582E+2	5.161609E+0
3.500209E+2	5.254505E+0
3.502835E+2	5.407510E+0
3.505461E+2	5.500406E+0
3.508087E+2	5.516800E+0
3.510713E+2	5.391117E+0
3.513338E+2	5.303685E+0
3.515964E+2	5.117893E+0
3.518590E+2	4.762701E+0
3.521215E+2	4.839204E+0
3.523841E+2	4.527729E+0
3.526466E+2	4.276363E+0
3.529091E+2	4.363794E+0
3.531717E+2	4.407510E+0
3.534342E+2	4.658876E+0
3.536967E+2	4.702592E+0
3.539592E+2	4.587838E+0
3.542217E+2	4.462155E+0
3.544842E+2	4.773630E+0
3.547467E+2	4.544122E+0
3.550091E+2	4.697128E+0
3.552716E+2	4.746308E+0
3.555341E+2	4.762701E+0
3.557965E+2	4.702592E+0
3.560590E+2	4.871991E+0
3.563214E+2	5.161609E+0
3.565838E+2	5.123357E+0
3.568462E+2	5.254505E+0
3.571086E+2	5.527729E+0
3.573711E+2	5.511335E+0
3.576335E+2	5.708057E+0
3.578958E+2	5.762701E+0
3.581582E+2	5.713521E+0
3.584206E+2	5.500406E+0
3.586830E+2	5.560516E+0
3.589453E+2	5.287292E+0
3.592077E+2	5.117893E+0
3.594700E+2	5.303685E+0
3.597324E+2	5.549587E+0
3.599947E+2	5.473084E+0
3.602570E+2	5.637018E+0
3.605193E+2	5.587838E+0
3.607816E+2	5.626089E+0
3.610439E+2	5.959423E+0
3.613062E+2	6.325543E+0
3.615685E+2	6.117893E+0
3.618308E+2	6.270898E+0
3.620930E+2	6.276363E+0
3.623553E+2	6.462155E+0
3.626176E+2	6.467619E+0
3.628798E+2	6.850133E+0
3.631420E+2	6.806417E+0
3.634043E+2	6.669805E+0
3.636665E+2	6.675270E+0
3.639287E+2	6.740843E+0
3.641909E+2	6.664341E+0
3.644531E+2	6.893849E+0
3.647153E+2	6.904778E+0
3.649775E+2	6.718986E+0
3.652397E+2	6.850133E+0
3.655018E+2	6.576909E+0
3.657640E+2	6.669805E+0
3.660262E+2	6.811882E+0
3.662883E+2	6.751772E+0
3.665505E+2	6.647947E+0
3.668126E+2	6.500406E+0
3.670747E+2	6.549587E+0
3.673368E+2	6.505871E+0
3.675989E+2	6.571445E+0
3.678610E+2	6.828275E+0
3.681231E+2	6.893849E+0
3.683852E+2	7.456690E+0
3.686473E+2	7.658876E+0
3.689094E+2	7.631554E+0
3.691714E+2	7.494942E+0
3.694335E+2	7.183466E+0
3.696955E+2	6.904778E+0
3.699576E+2	7.096035E+0
3.702196E+2	7.046854E+0
3.704816E+2	6.981281E+0
3.707437E+2	7.035925E+0
3.710057E+2	6.904778E+0
3.712677E+2	6.724450E+0
3.715297E+2	6.494942E+0
3.717917E+2	6.544122E+0
3.720536E+2	6.549587E+0
3.723156E+2	6.571445E+0
3.725776E+2	6.680734E+0
3.728395E+2	6.735379E+0
3.731015E+2	6.538658E+0
3.733634E+2	6.445762E+0
3.736254E+2	6.418439E+0
3.738873E+2	6.303685E+0
3.741492E+2	6.582374E+0
3.744111E+2	6.708057E+0
3.746730E+2	6.795488E+0
3.749349E+2	7.281827E+0
3.751968E+2	7.478548E+0
3.754587E+2	7.221718E+0
3.757206E+2	7.232647E+0
3.759824E+2	7.363794E+0
3.762443E+2	6.981281E+0
3.765061E+2	7.205324E+0
3.767680E+2	7.068712E+0
3.770298E+2	6.680734E+0
3.772916E+2	6.391117E+0
3.775535E+2	6.555051E+0
3.778153E+2	6.221718E+0
3.780771E+2	6.265434E+0
3.783389E+2	6.172537E+0
3.786007E+2	6.216253E+0
3.788624E+2	5.970352E+0
3.791242E+2	5.953958E+0
3.793860E+2	6.014068E+0
3.796477E+2	6.101499E+0
3.799095E+2	6.046854E+0
3.801712E+2	6.046854E+0
3.804330E+2	6.096035E+0
3.806947E+2	6.347401E+0
3.809564E+2	6.658876E+0
3.812181E+2	6.434833E+0
3.814798E+2	6.314614E+0
3.817415E+2	6.533193E+0
3.820032E+2	6.533193E+0
3.822649E+2	6.194395E+0
3.825266E+2	6.194395E+0
3.827883E+2	6.429368E+0
3.830499E+2	6.402046E+0
3.833116E+2	6.232647E+0
3.835732E+2	6.445762E+0
3.838348E+2	6.391117E+0
3.840965E+2	6.298221E+0
3.843581E+2	6.156144E+0
3.846197E+2	6.167073E+0
3.848813E+2	6.494942E+0
3.851429E+2	6.740843E+0
3.854045E+2	6.680734E+0
3.856661E+2	6.686199E+0
3.859277E+2	6.680734E+0
3.861892E+2	6.833740E+0
3.864508E+2	6.762701E+0
3.867124E+2	6.691663E+0
3.869739E+2	6.811882E+0
3.872354E+2	7.150680E+0
3.874970E+2	7.402046E+0
3.877585E+2	7.336472E+0
3.880200E+2	7.440297E+0
3.882815E+2	7.505871E+0
3.885430E+2	7.484013E+0
3.888045E+2	7.478548E+0
3.890660E+2	7.669805E+0
3.893275E+2	7.555051E+0
3.895889E+2	7.664341E+0
3.898504E+2	7.565980E+0
3.901118E+2	7.478548E+0
3.903733E+2	7.751772E+0
3.906347E+2	7.768166E+0
3.908962E+2	7.582374E+0
3.911576E+2	7.478548E+0
3.914190E+2	7.626089E+0
3.916804E+2	7.724450E+0
3.919418E+2	7.893849E+0
3.922032E+2	7.811882E+0
3.924646E+2	7.647947E+0
3.927260E+2	7.740843E+0
3.929873E+2	7.800953E+0
3.932487E+2	7.779095E+0
3.935100E+2	7.686199E+0
3.937714E+2	7.893849E+0
3.940327E+2	7.959423E+0
3.942941E+2	7.844669E+0
3.945554E+2	7.921171E+0
3.948167E+2	7.970352E+0
3.950780E+2	7.992210E+0
3.953393E+2	7.937565E+0
3.956006E+2	7.658876E+0
3.958619E+2	7.642483E+0
3.961232E+2	7.653412E+0
3.963844E+2	7.249040E+0
3.966457E+2	7.024996E+0
3.969069E+2	6.861062E+0
3.971682E+2	6.992210E+0
3.974294E+2	7.074177E+0
3.976907E+2	6.964887E+0
3.979519E+2	6.877456E+0
3.982131E+2	7.292756E+0
3.984743E+2	7.391117E+0
3.987355E+2	7.178002E+0
3.989967E+2	7.270898E+0
3.992579E+2	7.380188E+0
3.995191E+2	7.194395E+0
3.997802E+2	7.046854E+0
4.000414E+2	7.096035E+0
4.003025E+2	7.106964E+0
4.005637E+2	7.063248E+0
4.008248E+2	6.948494E+0
4.010860E+2	7.046854E+0
4.013471E+2	7.227182E+0
4.016082E+2	7.314614E+0
4.018693E+2	7.205324E+0
4.021304E+2	7.134286E+0
4.023915E+2	7.254505E+0
4.026526E+2	7.402046E+0
4.029137E+2	7.254505E+0
4.031747E+2	7.150680E+0
4.034358E+2	7.112428E+0
4.036968E+2	7.292756E+0
4.039579E+2	7.374723E+0
4.042189E+2	7.085106E+0
4.044800E+2	7.008603E+0
4.047410E+2	7.035925E+0
4.050020E+2	7.287292E+0
4.052630E+2	7.341936E+0
4.055240E+2	7.374723E+0
4.057850E+2	7.757237E+0
4.060460E+2	7.708057E+0
4.063070E+2	7.473084E+0
4.065679E+2	7.216253E+0
4.068289E+2	7.123357E+0
4.070898E+2	7.090570E+0
4.073508E+2	6.899313E+0
4.076117E+2	6.522264E+0
4.078727E+2	6.347401E+0
4.081336E+2	6.708057E+0
4.083945E+2	6.779095E+0
4.086554E+2	6.800953E+0
4.089163E+2	6.877456E+0
4.091772E+2	6.992210E+0
4.094381E+2	7.057783E+0
4.096990E+2	7.030461E+0
4.099598E+2	7.254505E+0
4.102207E+2	7.281827E+0
4.104815E+2	7.128822E+0
4.107424E+2	7.003139E+0
4.110032E+2	7.030461E+0
4.112640E+2	7.079641E+0
4.115249E+2	7.199860E+0
4.117857E+2	7.194395E+0
4.120465E+2	7.303685E+0
4.123073E+2	7.423904E+0
4.125681E+2	8.030461E+0
4.128289E+2	8.216253E+0
4.130896E+2	8.489477E+0
4.133504E+2	8.402046E+0
4.136112E+2	8.331007E+0
4.138719E+2	8.445762E+0
4.141327E+2	8.423904E+0
4.143934E+2	8.358330E+0
4.146541E+2	8.582374E+0
4.149149E+2	8.516800E+0
4.151756E+2	8.757237E+0
4.154363E+2	8.986745E+0
4.156970E+2	9.205324E+0
4.159577E+2	9.145215E+0
4.162184E+2	9.139751E+0
4.164790E+2	9.270898E+0
4.167397E+2	9.221718E+0
4.170004E+2	9.074177E+0
4.172610E+2	8.953958E+0
4.175217E+2	9.123357E+0
4.177823E+2	9.298221E+0
4.180429E+2	9.407510E+0
4.183035E+2	9.363794E+0
4.185642E+2	9.407510E+0
4.188248E+2	9.467619E+0
4.190854E+2	9.270898E+0
4.193459E+2	9.161609E+0
4.196065E+2	9.003139E+0
4.198671E+2	8.702592E+0
4.201277E+2	8.658876E+0
4.203882E+2	8.544122E+0
4.206488E+2	8.341936E+0
4.209093E+2	8.003139E+0
4.211699E+2	8.024996E+0
4.214304E+2	7.899313E+0
4.216909E+2	7.751772E+0
4.219514E+2	7.718986E+0
4.222119E+2	7.800953E+0
4.224724E+2	7.839204E+0
4.227329E+2	7.822811E+0
4.229934E+2	7.893849E+0
4.232539E+2	7.932100E+0
4.235143E+2	8.134286E+0
4.237748E+2	8.194395E+0
4.240352E+2	7.899313E+0
4.242957E+2	7.888384E+0
4.245561E+2	8.221718E+0
4.248166E+2	8.281827E+0
4.250770E+2	8.101499E+0
4.253374E+2	7.915707E+0
4.255978E+2	7.779095E+0
4.258582E+2	7.790024E+0
4.261186E+2	7.915707E+0
4.263790E+2	8.063248E+0
4.266393E+2	8.249040E+0
4.268997E+2	8.057783E+0
4.271600E+2	8.090570E+0
4.274204E+2	8.145215E+0
4.276807E+2	8.238111E+0
4.279411E+2	8.178002E+0
4.282014E+2	8.292756E+0
4.284617E+2	7.664341E+0
4.287220E+2	7.637018E+0
4.289823E+2	7.516800E+0
4.292426E+2	7.751772E+0
4.295029E+2	7.675270E+0
4.297632E+2	7.544122E+0
4.300235E+2	7.587838E+0
4.302837E+2	7.675270E+0
4.305440E+2	7.642483E+0
4.308042E+2	7.937565E+0
4.310645E+2	7.948494E+0
4.313247E+2	7.871991E+0
4.315849E+2	7.784559E+0
4.318451E+2	7.871991E+0
4.321054E+2	8.074177E+0
4.323656E+2	8.068712E+0
4.326258E+2	8.052319E+0
4.328859E+2	8.014068E+0
4.331461E+2	7.855598E+0
4.334063E+2	7.784559E+0
4.336665E+2	7.740843E+0
4.339266E+2	7.822811E+0
4.341868E+2	7.680734E+0
4.344469E+2	7.664341E+0
4.347070E+2	7.598767E+0
4.349671E+2	7.522264E+0
4.352273E+2	7.576909E+0
4.354874E+2	7.686199E+0
4.357475E+2	7.784559E+0
4.360076E+2	7.828275E+0
4.362677E+2	7.964887E+0
4.365277E+2	8.008603E+0
4.367878E+2	8.178002E+0
4.370479E+2	8.336472E+0
4.373079E+2	8.434833E+0
4.375680E+2	8.691663E+0
4.378280E+2	8.713521E+0
4.380880E+2	9.068712E+0
4.383480E+2	9.314614E+0
4.386081E+2	9.516800E+0
4.388681E+2	9.686199E+0
4.391281E+2	9.686199E+0
4.393881E+2	9.751772E+0
4.396480E+2	1.001407E+1
4.399080E+2	1.044030E+1
4.401680E+2	1.032554E+1
4.404279E+2	1.010150E+1
4.406879E+2	1.009603E+1
4.409478E+2	1.041844E+1
4.412078E+2	1.055505E+1
4.414677E+2	1.075724E+1
4.417276E+2	1.052226E+1
4.419875E+2	1.072991E+1
4.422474E+2	1.079002E+1
4.425073E+2	1.093210E+1
4.427672E+2	1.117800E+1
4.430271E+2	1.125450E+1
4.432870E+2	1.122718E+1
4.435469E+2	1.127636E+1
4.438067E+2	1.160970E+1
4.440666E+2	1.166434E+1
4.443264E+2	1.192117E+1
4.445862E+2	1.203593E+1
4.448461E+2	1.201953E+1
4.451059E+2	1.192664E+1
4.453657E+2	1.218347E+1
4.456255E+2	1.239112E+1
4.458853E+2	1.245669E+1
4.461451E+2	1.254959E+1
4.464049E+2	1.275177E+1
4.466646E+2	1.263155E+1
4.469244E+2	1.259330E+1
4.471842E+2	1.276817E+1
4.474439E+2	1.313975E+1
4.477036E+2	1.321625E+1
4.479634E+2	1.305232E+1
4.482231E+2	1.293756E+1
4.484828E+2	1.319986E+1
4.487425E+2	1.341844E+1
4.490022E+2	1.398128E+1
4.492619E+2	1.400860E+1
4.495216E+2	1.421079E+1
4.497813E+2	1.416707E+1
4.500410E+2	1.441844E+1
4.503006E+2	1.455505E+1
4.505603E+2	1.485560E+1
4.508199E+2	1.500314E+1
4.510796E+2	1.494303E+1
4.513392E+2	1.516161E+1
4.515988E+2	1.548401E+1
4.518584E+2	1.576270E+1
4.521180E+2	1.589385E+1
4.523776E+2	1.625997E+1
4.526372E+2	1.620532E+1
4.528968E+2	1.615068E+1
4.531564E+2	1.623811E+1
4.534160E+2	1.615068E+1
4.536755E+2	1.644576E+1
4.539351E+2	1.650041E+1
4.541946E+2	1.671352E+1
4.544541E+2	1.668620E+1
4.547137E+2	1.664795E+1
4.549732E+2	1.682828E+1
4.552327E+2	1.676817E+1
4.554922E+2	1.654959E+1
4.557517E+2	1.644030E+1
4.560112E+2	1.666981E+1
4.562707E+2	1.678456E+1
4.565302E+2	1.664248E+1
4.567896E+2	1.682828E+1
4.570491E+2	1.709603E+1
4.573085E+2	1.701407E+1
4.575680E+2	1.695396E+1
4.578274E+2	1.666981E+1
4.580868E+2	1.646215E+1
4.583463E+2	1.670806E+1
4.586057E+2	1.692117E+1
4.588651E+2	1.728183E+1
4.591245E+2	1.751680E+1
4.593838E+2	1.752226E+1
4.596432E+2	1.753866E+1
4.599026E+2	1.780642E+1
4.601620E+2	1.776270E+1
4.604213E+2	1.765341E+1
4.606807E+2	1.762609E+1
4.609400E+2	1.793210E+1
4.611993E+2	1.785560E+1
4.614587E+2	1.779002E+1
4.617180E+2	1.798128E+1
4.619773E+2	1.803046E+1
4.622366E+2	1.798675E+1
4.624959E+2	1.845123E+1
4.627552E+2	1.861516E+1
4.630144E+2	1.851680E+1
4.632737E+2	1.860970E+1
4.635330E+2	1.878456E+1
4.637922E+2	1.910696E+1
4.640515E+2	1.929276E+1
4.643107E+2	1.919440E+1
4.645699E+2	1.930915E+1
4.648292E+2	1.922172E+1
4.650884E+2	1.930915E+1
4.653476E+2	1.965888E+1
4.656068E+2	2.001407E+1
4.658660E+2	2.034194E+1
4.661251E+2	2.070806E+1
4.663843E+2	2.058237E+1
4.666435E+2	2.082828E+1
4.669026E+2	2.145669E+1
4.671618E+2	2.148401E+1
4.674209E+2	2.142390E+1
4.676801E+2	2.158237E+1
4.679392E+2	2.175724E+1
4.681983E+2	2.177363E+1
4.684574E+2	2.225450E+1
4.687165E+2	2.268073E+1
4.689756E+2	2.288838E+1
4.692347E+2	2.301407E+1
4.694938E+2	2.323811E+1
4.697529E+2	2.335287E+1
4.700119E+2	2.345669E+1
4.702710E+2	2.360970E+1
4.705300E+2	2.395942E+1
4.707891E+2	2.432008E+1
4.710481E+2	2.464248E+1
4.713071E+2	2.515614E+1
4.715661E+2	2.558237E+1
4.718252E+2	2.575724E+1
4.720842E+2	2.596489E+1
4.723431E+2	2.640205E+1
4.726021E+2	2.653319E+1
4.728611E+2	2.675177E+1
4.731201E+2	2.751134E+1
4.733790E+2	2.831461E+1
4.736380E+2	2.875177E+1
4.738969E+2	2.936926E+1
4.741559E+2	2.963155E+1
4.744148E+2	2.985560E+1
4.746737E+2	3.034194E+1
4.749326E+2	3.079002E+1
4.751915E+2	3.128183E+1
4.754504E+2	3.165341E+1
4.757093E+2	3.215068E+1
4.759682E+2	3.280095E+1
4.762271E+2	3.348401E+1
4.764859E+2	3.401407E+1
4.767448E+2	3.435287E+1
4.770037E+2	3.468620E+1
4.772625E+2	3.521079E+1
4.775213E+2	3.548401E+1
4.777802E+2	3.617254E+1
4.780390E+2	3.641297E+1
4.782978E+2	3.665888E+1
4.785566E+2	3.728183E+1
4.788154E+2	3.809057E+1
4.790742E+2	3.828729E+1
4.793329E+2	3.888838E+1
4.795917E+2	3.953319E+1
4.798505E+2	4.000860E+1
4.801092E+2	4.053319E+1
4.803680E+2	4.106325E+1
4.806267E+2	4.146762E+1
4.808854E+2	4.195396E+1
4.811442E+2	4.219440E+1
4.814029E+2	4.279002E+1
4.816616E+2	4.323265E+1
4.819203E+2	4.366981E+1
4.821790E+2	4.429822E+1
4.824377E+2	4.513975E+1
4.826963E+2	4.550041E+1
4.829550E+2	4.613975E+1
4.832137E+2	4.692664E+1
4.834723E+2	4.750041E+1
4.837310E+2	4.837472E+1
4.839896E+2	4.932008E+1
4.842482E+2	4.978456E+1
4.845068E+2	5.039112E+1
4.847655E+2	5.130915E+1
4.850241E+2	5.212336E+1
4.852827E+2	5.276817E+1
4.855412E+2	5.343483E+1
4.857998E+2	5.424904E+1
4.860584E+2	5.513429E+1
4.863170E+2	5.574084E+1
4.865755E+2	5.650587E+1
4.868341E+2	5.733101E+1
4.870926E+2	5.793210E+1
4.873511E+2	5.857144E+1
4.876097E+2	5.953319E+1
4.878682E+2	6.044030E+1
4.881267E+2	6.153866E+1
4.883852E+2	6.271899E+1
4.886437E+2	6.381735E+1
4.889022E+2	6.465888E+1
4.891606E+2	6.524358E+1
4.894191E+2	6.605232E+1
4.896776E+2	6.723265E+1
4.899360E+2	6.823811E+1
4.901945E+2	6.935833E+1
4.904529E+2	6.988292E+1
4.907113E+2	7.064248E+1
4.909697E+2	7.159877E+1
4.912282E+2	7.251680E+1
4.914866E+2	7.332008E+1
4.917450E+2	7.399221E+1
4.920034E+2	7.482281E+1
4.922617E+2	7.583920E+1
4.925201E+2	7.683374E+1
4.927785E+2	7.799767E+1
4.930368E+2	7.877363E+1
4.932952E+2	7.987746E+1
4.935535E+2	8.073538E+1
4.938118E+2	8.236379E+1
4.940702E+2	8.350587E+1
4.943285E+2	8.446215E+1
4.945868E+2	8.517254E+1
4.948451E+2	8.663702E+1
4.951034E+2	8.780095E+1
4.953617E+2	8.893210E+1
4.956200E+2	9.031461E+1
4.958782E+2	9.174631E+1
4.961365E+2	9.309057E+1
4.963947E+2	9.447855E+1
4.966530E+2	9.587199E+1
4.969112E+2	9.709603E+1
4.971694E+2	9.817800E+1
4.974277E+2	9.916707E+1
4.976859E+2	1.006316E+2
4.979441E+2	1.022764E+2
4.982023E+2	1.037518E+2
4.984605E+2	1.050906E+2
4.987187E+2	1.065387E+2
4.989768E+2	1.076971E+2
4.992350E+2	1.090414E+2
4.994931E+2	1.100687E+2
4.997513E+2	1.112436E+2
5.000094E+2	1.127245E+2
5.002676E+2	1.141452E+2
5.005257E+2	1.153747E+2
5.007838E+2	1.166971E+2
5.010419E+2	1.180906E+2
5.013000E+2	1.196370E+2
5.015581E+2	1.213037E+2
5.018162E+2	1.230305E+2
5.020743E+2	1.245605E+2
5.023323E+2	1.260141E+2
5.025904E+2	1.276643E+2
5.028485E+2	1.293911E+2
5.031065E+2	1.310031E+2
5.033645E+2	1.325441E+2
5.036226E+2	1.342163E+2
5.038806E+2	1.358829E+2
5.041386E+2	1.372873E+2
5.043966E+2	1.388010E+2
5.046546E+2	1.402654E+2
5.049126E+2	1.423529E+2
5.051706E+2	1.446807E+2
5.054285E+2	1.465332E+2
5.056865E+2	1.481616E+2
5.059445E+2	1.501070E+2
5.062024E+2	1.523146E+2
5.064604E+2	1.541398E+2
5.067183E+2	1.559540E+2
5.069762E+2	1.580141E+2
5.072341E+2	1.599867E+2
5.074920E+2	1.623474E+2
5.077499E+2	1.645769E+2
5.080078E+2	1.668501E+2
5.082657E+2	1.689977E+2
5.085236E+2	1.712163E+2
5.087815E+2	1.737955E+2
5.090393E+2	1.762600E+2
5.092972E+2	1.785004E+2
5.095550E+2	1.805387E+2
5.098129E+2	1.827572E+2
5.100707E+2	1.852326E+2
5.103285E+2	1.878884E+2
5.105863E+2	1.902545E+2
5.108441E+2	1.926917E+2
5.111019E+2	1.949430E+2
5.113597E+2	1.970687E+2
5.116175E+2	1.995605E+2
5.118753E+2	2.020359E+2
5.121330E+2	2.043911E+2
5.123908E+2	2.070578E+2
5.126485E+2	2.099485E+2
5.129063E+2	2.126807E+2
5.131640E+2	2.159102E+2
5.134217E+2	2.186807E+2
5.136794E+2	2.215988E+2
5.139371E+2	2.243037E+2
5.141948E+2	2.275332E+2
5.144525E+2	2.304676E+2
5.147102E+2	2.337572E+2
5.149679E+2	2.368665E+2
5.152256E+2	2.398119E+2
5.154832E+2	2.430960E+2
5.157409E+2	2.464785E+2
5.159985E+2	2.499540E+2
5.162562E+2	2.535004E+2
5.165138E+2	2.566534E+2
5.167714E+2	2.601999E+2
5.170290E+2	2.639157E+2
5.172866E+2	2.675332E+2
5.175442E+2	2.709212E+2
5.178018E+2	2.744840E+2
5.180594E+2	2.778611E+2
5.183170E+2	2.813638E+2
5.185745E+2	2.850141E+2
5.188321E+2	2.887354E+2
5.190896E+2	2.927408E+2
5.193472E+2	2.966316E+2
5.196047E+2	3.006316E+2
5.198622E+2	3.045004E+2
5.201197E+2	3.083638E+2
5.203772E+2	3.122381E+2
5.206347E+2	3.163693E+2
5.208922E+2	3.202436E+2
5.211497E+2	3.239758E+2
5.214072E+2	3.281507E+2
5.216646E+2	3.320305E+2
5.219221E+2	3.363365E+2
5.221795E+2	3.411070E+2
5.224370E+2	3.455113E+2
5.226944E+2	3.497955E+2
5.229519E+2	3.541124E+2
5.232093E+2	3.584567E+2
5.234667E+2	3.632490E+2
5.237241E+2	3.679102E+2
5.239815E+2	3.727900E+2
5.242389E+2	3.775277E+2
5.244962E+2	3.821616E+2
5.247536E+2	3.870250E+2
5.250110E+2	3.922818E+2
5.252683E+2	3.973747E+2
5.255257E+2	4.024130E+2
5.257830E+2	4.077081E+2
5.260403E+2	4.127900E+2
5.262977E+2	4.177245E+2
5.265550E+2	4.230632E+2
5.268123E+2	4.284676E+2
5.270696E+2	4.341944E+2
5.273269E+2	4.395223E+2
5.275841E+2	4.450578E+2
5.278414E+2	4.509540E+2
5.280987E+2	4.563911E+2
5.283559E+2	4.619048E+2
5.286132E+2	4.677354E+2
5.288704E+2	4.734567E+2
5.291276E+2	4.792217E+2
5.293849E+2	4.848119E+2
5.296421E+2	4.906698E+2
5.298993E+2	4.962709E+2
5.301565E+2	5.022982E+2
5.304137E+2	5.080086E+2
5.306709E+2	5.141780E+2
5.309280E+2	5.207518E+2
5.311852E+2	5.267627E+2
5.314424E+2	5.326370E+2
5.316995E+2	5.389758E+2
5.319567E+2	5.452436E+2
5.322138E+2	5.520141E+2
5.324709E+2	5.585605E+2
5.327280E+2	5.649758E+2
5.329852E+2	5.715660E+2
5.332423E+2	5.781999E+2
5.334994E+2	5.851288E+2
5.337564E+2	5.923201E+2
5.340135E+2	5.991288E+2
5.342706E+2	6.062490E+2
5.345276E+2	6.136643E+2
5.347847E+2	6.209704E+2
5.350417E+2	6.279649E+2
5.352988E+2	6.348829E+2
5.355558E+2	6.424731E+2
5.358128E+2	6.498884E+2
5.360698E+2	6.575277E+2
5.363269E+2	6.650742E+2
5.365839E+2	6.731343E+2
5.368408E+2	6.811343E+2
5.370978E+2	6.889212E+2
5.373548E+2	6.972053E+2
5.376118E+2	7.054785E+2
5.378687E+2	7.133146E+2
5.381257E+2	7.217627E+2
5.383826E+2	7.301507E+2
5.386395E+2	7.386971E+2
5.388965E+2	7.476479E+2
5.391534E+2	7.559212E+2
5.394103E+2	7.649157E+2
5.396672E+2	7.741343E+2
5.399241E+2	7.832272E+2
5.401810E+2	7.920031E+2
5.404378E+2	8.011507E+2
5.406947E+2	8.099758E+2
5.409516E+2	8.192381E+2
5.412084E+2	8.286643E+2
5.414653E+2	8.381398E+2
5.417221E+2	8.481507E+2
5.419789E+2	8.581343E+2
5.422357E+2	8.673693E+2
5.424925E+2	8.769485E+2
5.427493E+2	8.869157E+2
5.430061E+2	8.971671E+2
5.432629E+2	9.074184E+2
5.435197E+2	9.175113E+2
5.437765E+2	9.282873E+2
5.440332E+2	9.390195E+2
5.442900E+2	9.494785E+2
5.445467E+2	9.598064E+2
5.448035E+2	9.707408E+2
5.450602E+2	9.817846E+2
5.453169E+2	9.927354E+2
5.455736E+2	1.004003E+3
5.458303E+2	1.015145E+3
5.460870E+2	1.026763E+3
5.463437E+2	1.038205E+3
5.466004E+2	1.049757E+3
5.468571E+2	1.061391E+3
5.471137E+2	1.073533E+3
5.473704E+2	1.085326E+3
5.476270E+2	1.097615E+3
5.478837E+2	1.110003E+3
5.481403E+2	1.122101E+3
5.483969E+2	1.134276E+3
5.486535E+2	1.146326E+3
5.489101E+2	1.158998E+3
5.491667E+2	1.171823E+3
5.494233E+2	1.184648E+3
5.496799E+2	1.197948E+3
5.499365E+2	1.211282E+3
5.501931E+2	1.224462E+3
5.504496E+2	1.237801E+3
5.507062E+2	1.251440E+3
5.509627E+2	1.265255E+3
5.512192E+2	1.278932E+3
5.514758E+2	1.293063E+3
5.517323E+2	1.307151E+3
5.519888E+2	1.320910E+3
5.522453E+2	1.335173E+3
5.525018E+2	1.349211E+3
5.527583E+2	1.363697E+3
5.530147E+2	1.378309E+3
5.532712E+2	1.392839E+3
5.535277E+2	1.407856E+3
5.537841E+2	1.422686E+3
5.540406E+2	1.437735E+3
5.542970E+2	1.452872E+3
5.545534E+2	1.467861E+3
5.548098E+2	1.483369E+3
5.550663E+2	1.498730E+3
5.553227E+2	1.514369E+3
5.555791E+2	1.530233E+3
5.558354E+2	1.546533E+3
5.560918E+2	1.562539E+3
5.563482E+2	1.579440E+3
5.566046E+2	1.596036E+3
5.568609E+2	1.612440E+3
5.571173E+2	1.628653E+3
5.573736E+2	1.644916E+3
5.576299E+2	1.661621E+3
5.578862E+2	1.679101E+3
5.581426E+2	1.696440E+3
5.583989E+2	1.713719E+3
5.586552E+2	1.731233E+3
5.589114E+2	1.748714E+3
5.591677E+2	1.766899E+3
5.594240E+2	1.784730E+3
5.596803E+2	1.802167E+3
5.599365E+2	1.820664E+3
5.601928E+2	1.839408E+3
5.604490E+2	1.857550E+3
5.607052E+2	1.876293E+3
5.609614E+2	1.895408E+3
5.612177E+2	1.914593E+3
5.614739E+2	1.933757E+3
5.617301E+2	1.952948E+3
5.619863E+2	1.972080E+3
5.622424E+2	1.991495E+3
5.624986E+2	2.011397E+3
5.627548E+2	2.031156E+3
5.630109E+2	2.051440E+3
5.632671E+2	2.072194E+3
5.635232E+2	2.093134E+3
5.637794E+2	2.114173E+3
5.640355E+2	2.135134E+3
5.642916E+2	2.156812E+3
5.645477E+2	2.178637E+3
5.648038E+2	2.200271E+3
5.650599E+2	2.222369E+3
5.653160E+2	2.244457E+3
5.655721E+2	2.266282E+3
5.658281E+2	2.288850E+3
5.660842E+2	2.311757E+3
5.663402E+2	2.334703E+3
5.665963E+2	2.357353E+3
5.668523E+2	2.380954E+3
5.671083E+2	2.404145E+3
5.673644E+2	2.428326E+3
5.676204E+2	2.452457E+3
5.678764E+2	2.476178E+3
5.681324E+2	2.501839E+3
5.683883E+2	2.526910E+3
5.686443E+2	2.552162E+3
5.689003E+2	2.577440E+3
5.691562E+2	2.603205E+3
5.694122E+2	2.629134E+3
5.696681E+2	2.655418E+3
5.699241E+2	2.681938E+3
5.701800E+2	2.708763E+3
5.704359E+2	2.735735E+3
5.706918E+2	2.763145E+3
5.709477E+2	2.789730E+3
5.712036E+2	2.816670E+3
5.714595E+2	2.844347E+3
5.717154E+2	2.872096E+3
5.719713E+2	2.898954E+3
5.722271E+2	2.927249E+3
5.724830E+2	2.956238E+3
5.727388E+2	2.985981E+3
5.729947E+2	3.015386E+3
5.732505E+2	3.045003E+3
5.735063E+2	3.074768E+3
5.737621E+2	3.105757E+3
5.740179E+2	3.136397E+3
5.742737E+2	3.167626E+3
5.745295E+2	3.198041E+3
5.747853E+2	3.228927E+3
5.750411E+2	3.260888E+3
5.752968E+2	3.293670E+3
5.755526E+2	3.325326E+3
5.758083E+2	3.356790E+3
5.760641E+2	3.389642E+3
5.763198E+2	3.422539E+3
5.765755E+2	3.455408E+3
5.768312E+2	3.489249E+3
5.770869E+2	3.523282E+3
5.773426E+2	3.557768E+3
5.775983E+2	3.592069E+3
5.778540E+2	3.626752E+3
5.781097E+2	3.662522E+3
5.783653E+2	3.697899E+3
5.786210E+2	3.732561E+3
5.788766E+2	3.767287E+3
5.791323E+2	3.802697E+3
5.793879E+2	3.839801E+3
5.796435E+2	3.876347E+3
5.798991E+2	3.913101E+3
5.801547E+2	3.949271E+3
5.804103E+2	3.985992E+3
5.806659E+2	4.023014E+3
5.809215E+2	4.060287E+3
5.811771E+2	4.098555E+3
5.814327E+2	4.136604E+3
5.816882E+2	4.174091E+3
5.819438E+2	4.212238E+3
5.821993E+2	4.250621E+3
5.824548E+2	4.288260E+3
5.827104E+2	4.327156E+3
5.829659E+2	4.365063E+3
5.832214E+2	4.402828E+3
5.834769E+2	4.441998E+3
5.837324E+2	4.479839E+3
5.839878E+2	4.518883E+3
5.842433E+2	4.557850E+3
5.844988E+2	4.596424E+3
5.847542E+2	4.635703E+3
5.850097E+2	4.674774E+3
5.852651E+2	4.714009E+3
5.855206E+2	4.753856E+3
5.857760E+2	4.793675E+3
5.860314E+2	4.832817E+3
5.862868E+2	4.871391E+3
5.865422E+2	4.912369E+3
5.867976E+2	4.953457E+3
5.870530E+2	4.994096E+3
5.873084E+2	5.035550E+3
5.875637E+2	5.075927E+3
5.878191E+2	5.116030E+3
5.880744E+2	5.156462E+3
5.883298E+2	5.197637E+3
5.885851E+2	5.238593E+3
5.888404E+2	5.279484E+3
5.890958E+2	5.320626E+3
5.893511E+2	5.361134E+3
5.896064E+2	5.402200E+3
5.898617E+2	5.442260E+3
5.901169E+2	5.483965E+3
5.903722E+2	5.524872E+3
5.906275E+2	5.565380E+3
5.908827E+2	5.605768E+3
5.911380E+2	5.646604E+3
5.913932E+2	5.688615E+3
5.916485E+2	5.730790E+3
5.919037E+2	5.773708E+3
5.921589E+2	5.814353E+3
5.924141E+2	5.855369E+3
5.926693E+2	5.896309E+3
5.929245E+2	5.937533E+3
5.931797E+2	5.980211E+3
5.934349E+2	6.021681E+3
5.936900E+2	6.063041E+3
5.939452E+2	6.106085E+3
5.942004E+2	6.148364E+3
5.944555E+2	6.190768E+3
5.947106E+2	6.232178E+3
5.949658E+2	6.273036E+3
5.952209E+2	6.315763E+3
5.954760E+2	6.357435E+3
5.957311E+2	6.399938E+3
5.959862E+2	6.442916E+3
5.962413E+2	6.485511E+3
5.964963E+2	6.526932E+3
5.967514E+2	6.568424E+3
5.970065E+2	6.610850E+3
5.972615E+2	6.654948E+3
5.975166E+2	6.697686E+3
5.977716E+2	6.741123E+3
5.980266E+2	6.784719E+3
5.982816E+2	6.827746E+3
5.985367E+2	6.871298E+3
5.987917E+2	6.915659E+3
5.990467E+2	6.958331E+3
5.993016E+2	7.001708E+3
5.995566E+2	7.045511E+3
5.998116E+2	7.089730E+3
6.000665E+2	7.135632E+3
6.003215E+2	7.178948E+3
6.005764E+2	7.223697E+3
6.008314E+2	7.267287E+3
6.010863E+2	7.311757E+3
6.013412E+2	7.355326E+3
6.015961E+2	7.399959E+3
6.018510E+2	7.446085E+3
6.021059E+2	7.490692E+3
6.023608E+2	7.535107E+3
6.026157E+2	7.578779E+3
6.028706E+2	7.621735E+3
6.031254E+2	7.666626E+3
6.033803E+2	7.711205E+3
6.036351E+2	7.755265E+3
6.038900E+2	7.798921E+3
6.041448E+2	7.844145E+3
6.043996E+2	7.889998E+3
6.046544E+2	7.934178E+3
6.049092E+2	7.979058E+3
6.051640E+2	8.023992E+3
6.054188E+2	8.069271E+3
6.056736E+2	8.114173E+3
6.059283E+2	8.158823E+3
6.061831E+2	8.204287E+3
6.064378E+2	8.250375E+3
6.066926E+2	8.296194E+3
6.069473E+2	8.342347E+3
6.072021E+2	8.387101E+3
6.074568E+2	8.429719E+3
6.077115E+2	8.474413E+3
6.079662E+2	8.519626E+3
6.082209E+2	8.565763E+3
6.084756E+2	8.609927E+3
6.087302E+2	8.655976E+3
6.089849E+2	8.702397E+3
6.092396E+2	8.747462E+3
6.094942E+2	8.792539E+3
6.097489E+2	8.839030E+3
6.100035E+2	8.883883E+3
6.102581E+2	8.930096E+3
6.105127E+2	8.975183E+3
6.107674E+2	9.019642E+3
6.110220E+2	9.065085E+3
6.112766E+2	9.110610E+3
6.115311E+2	9.155489E+3
6.117857E+2	9.200719E+3
6.120403E+2	9.247244E+3
6.122948E+2	9.293173E+3
6.125494E+2	9.337757E+3
6.128039E+2	9.381998E+3
6.130585E+2	9.427528E+3
6.133130E+2	9.471790E+3
6.135675E+2	9.517156E+3
6.138220E+2	9.562610E+3
6.140765E+2	9.607823E+3
6.143310E+2	9.652785E+3
6.145855E+2	9.698140E+3
6.148400E+2	9.744550E+3
6.150945E+2	9.789151E+3
6.153489E+2	9.833577E+3
6.156034E+2	9.875823E+3
6.158578E+2	9.922249E+3
6.161123E+2	9.966304E+3
6.163667E+2	1.001029E+4
6.166211E+2	1.005366E+4
6.168755E+2	1.009798E+4
6.171299E+2	1.014360E+4
6.173843E+2	1.018900E+4
6.176387E+2	1.023346E+4
6.178931E+2	1.027713E+4
6.181474E+2	1.032310E+4
6.184018E+2	1.036843E+4
6.186561E+2	1.041215E+4
6.189105E+2	1.045761E+4
6.191648E+2	1.050362E+4
6.194191E+2	1.054784E+4
6.196735E+2	1.059224E+4
6.199278E+2	1.063610E+4
6.201821E+2	1.068157E+4
6.204364E+2	1.072475E+4
6.206907E+2	1.076762E+4
6.209449E+2	1.081227E+4
6.211992E+2	1.085865E+4
6.214535E+2	1.090236E+4
6.217077E+2	1.094748E+4
6.219619E+2	1.099046E+4
6.222162E+2	1.103334E+4
6.224704E+2	1.107596E+4
6.227246E+2	1.111992E+4
6.229788E+2	1.116388E+4
6.232330E+2	1.120877E+4
6.234872E+2	1.125225E+4
6.237414E+2	1.129499E+4
6.239956E+2	1.133746E+4
6.242498E+2	1.137865E+4
6.245039E+2	1.141931E+4
6.247581E+2	1.146089E+4
6.250122E+2	1.149928E+4
6.252663E+2	1.153802E+4
6.255205E+2	1.157733E+4
6.257746E+2	1.161578E+4
6.260287E+2	1.165360E+4
6.262828E+2	1.169099E+4
6.265369E+2	1.172962E+4
6.267910E+2	1.176653E+4
6.270450E+2	1.180372E+4
6.272991E+2	1.183975E+4
6.275532E+2	1.187537E+4
6.278072E+2	1.190963E+4
6.280613E+2	1.194449E+4
6.283153E+2	1.197737E+4
6.285693E+2	1.201168E+4
6.288233E+2	1.204266E+4
6.290773E+2	1.207484E+4
6.293313E+2	1.210423E+4
6.295853E+2	1.213456E+4
6.298393E+2	1.216396E+4
6.300933E+2	1.218985E+4
6.303472E+2	1.221509E+4
6.306012E+2	1.224154E+4
6.308551E+2	1.226676E+4
6.311091E+2	1.229190E+4
6.313630E+2	1.231480E+4
6.316169E+2	1.233745E+4
6.318709E+2	1.236060E+4
6.321248E+2	1.238137E+4
6.323787E+2	1.240183E+4
6.326326E+2	1.241998E+4
6.328864E+2	1.243578E+4
6.331403E+2	1.245180E+4
6.333942E+2	1.246684E+4
6.336480E+2	1.248134E+4
6.339019E+2	1.249603E+4
6.341557E+2	1.251034E+4
6.344095E+2	1.252187E+4
6.346634E+2	1.253159E+4
6.349172E+2	1.253977E+4
6.351710E+2	1.254645E+4
6.354248E+2	1.255363E+4
6.356786E+2	1.255960E+4
6.359324E+2	1.256624E+4
6.361861E+2	1.257038E+4
6.364399E+2	1.257175E+4
6.366936E+2	1.257001E+4
6.369474E+2	1.257319E+4
6.372011E+2	1.256990E+4
6.374549E+2	1.256821E+4
6.377086E+2	1.256597E+4
6.379623E+2	1.256168E+4
6.382160E+2	1.255602E+4
6.384697E+2	1.254999E+4
6.387234E+2	1.254275E+4
6.389771E+2	1.253472E+4
6.392307E+2	1.252518E+4
6.394844E+2	1.251577E+4
6.397380E+2	1.250495E+4
6.399917E+2	1.249280E+4
6.402453E+2	1.247959E+4
6.404990E+2	1.246605E+4
6.407526E+2	1.245127E+4
6.410062E+2	1.243596E+4
6.412598E+2	1.241963E+4
6.415134E+2	1.240199E+4
6.417670E+2	1.238465E+4
6.420206E+2	1.236436E+4
6.422741E+2	1.234475E+4
6.425277E+2	1.232359E+4
6.427812E+2	1.230197E+4
6.430348E+2	1.227921E+4
6.432883E+2	1.225636E+4
6.435418E+2	1.223052E+4
6.437954E+2	1.220649E+4
6.440489E+2	1.218027E+4
6.443024E+2	1.215600E+4
6.445559E+2	1.212906E+4
6.448094E+2	1.210396E+4
6.450628E+2	1.207523E+4
6.453163E+2	1.204800E+4
6.455698E+2	1.202221E+4
6.458232E+2	1.199452E+4
6.460767E+2	1.196523E+4
6.463301E+2	1.193631E+4
6.465835E+2	1.190611E+4
6.468369E+2	1.187470E+4
6.470903E+2	1.184359E+4
6.473437E+2	1.181065E+4
6.475971E+2	1.177923E+4
6.478505E+2	1.174645E+4
6.481039E+2	1.171513E+4
6.483573E+2	1.168327E+4
6.486106E+2	1.164977E+4
6.488640E+2	1.161637E+4
6.491173E+2	1.158161E+4
6.493706E+2	1.154490E+4
6.496240E+2	1.150849E+4
6.498773E+2	1.147274E+4
6.501306E+2	1.143527E+4
6.503839E+2	1.140192E+4
6.506372E+2	1.136810E+4
6.508905E+2	1.133181E+4
6.511437E+2	1.129676E+4
6.513970E+2	1.126057E+4
6.516503E+2	1.122544E+4
6.519035E+2	1.119141E+4
6.521567E+2	1.115735E+4
6.524100E+2	1.112087E+4
6.526632E+2	1.108677E+4
6.529164E+2	1.105244E+4
6.531696E+2	1.101719E+4
6.534228E+2	1.098257E+4
6.536760E+2	1.094758E+4
6.539292E+2	1.091372E+4
6.541824E+2	1.088056E+4
6.544355E+2	1.084558E+4
6.546887E+2	1.080965E+4
6.549418E+2	1.077494E+4
6.551950E+2	1.074008E+4
6.554481E+2	1.070530E+4
6.557012E+2	1.067052E+4
6.559543E+2	1.063660E+4
6.562074E+2	1.060122E+4
6.564605E+2	1.056706E+4
6.567136E+2	1.053337E+4
6.569667E+2	1.050073E+4
6.572198E+2	1.046741E+4
6.574728E+2	1.043452E+4
6.577259E+2	1.040174E+4
6.579789E+2	1.036871E+4
6.582319E+2	1.033610E+4
6.584850E+2	1.030548E+4
6.587380E+2	1.027519E+4
6.589910E+2	1.024686E+4
6.592440E+2	1.021719E+4
6.594970E+2	1.018556E+4
6.597500E+2	1.015661E+4
6.600030E+2	1.012592E+4
6.602559E+2	1.009551E+4
6.605089E+2	1.006728E+4
6.607618E+2	1.003729E+4
6.610148E+2	1.000952E+4
6.612677E+2	9.979205E+3
6.615206E+2	9.952041E+3
6.617736E+2	9.924697E+3
6.620265E+2	9.897506E+3
6.622794E+2	9.870959E+3
6.625323E+2	9.844287E+3
6.627851E+2	9.818877E+3
6.630380E+2	9.794714E+3
6.632909E+2	9.769107E+3
6.635437E+2	9.742162E+3
6.637966E+2	9.715096E+3
6.640494E+2	9.690134E+3
6.643023E+2	9.666664E+3
6.645551E+2	9.642632E+3
6.648079E+2	9.620621E+3
6.650607E+2	9.599189E+3
6.653135E+2	9.577129E+3
6.655663E+2	9.556298E+3
6.658191E+2	9.533189E+3
6.660718E+2	9.511298E+3
6.663246E+2	9.489998E+3
6.665774E+2	9.469107E+3
6.668301E+2	9.446861E+3
6.670828E+2	9.427446E+3
6.673356E+2	9.407446E+3
6.675883E+2	9.387785E+3
6.678410E+2	9.368517E+3
6.680937E+2	9.347577E+3
6.683464E+2	9.327582E+3
6.685991E+2	9.308014E+3
6.688518E+2	9.289112E+3
6.691044E+2	9.268511E+3
6.693571E+2	9.248517E+3
6.696098E+2	9.227976E+3
6.698624E+2	9.208238E+3
6.701150E+2	9.189790E+3
6.703677E+2	9.170757E+3
6.706203E+2	9.151342E+3
6.708729E+2	9.132129E+3
6.711255E+2	9.113413E+3
6.713781E+2	9.095632E+3
6.716307E+2	9.078850E+3
6.718832E+2	9.061774E+3
6.721358E+2	9.043987E+3
6.723884E+2	9.027058E+3
6.726409E+2	9.010009E+3
6.728935E+2	8.993173E+3
6.731460E+2	8.976823E+3
6.733985E+2	8.961932E+3
6.736510E+2	8.947091E+3
6.739035E+2	8.931331E+3
6.741560E+2	8.916101E+3
6.744085E+2	8.900052E+3
6.746610E+2	8.883872E+3
6.749135E+2	8.868648E+3
6.751660E+2	8.853571E+3
6.754184E+2	8.838801E+3
6.756709E+2	8.823473E+3
6.759233E+2	8.807326E+3
6.761757E+2	8.791489E+3
6.764282E+2	8.775435E+3
6.766806E+2	8.761386E+3
6.769330E+2	8.746435E+3
6.771854E+2	8.729610E+3
6.774378E+2	8.713408E+3
6.776901E+2	8.696637E+3
6.779425E+2	8.679265E+3
6.781949E+2	8.662905E+3
6.784472E+2	8.644795E+3
6.786996E+2	8.627260E+3
6.789519E+2	8.610670E+3
6.792042E+2	8.595074E+3
6.794566E+2	8.578074E+3
6.797089E+2	8.561877E+3
6.799612E+2	8.546342E+3
6.802135E+2	8.530326E+3
6.804657E+2	8.514358E+3
6.807180E+2	8.498779E+3
6.809703E+2	8.484932E+3
6.812226E+2	8.471320E+3
6.814748E+2	8.456653E+3
6.817270E+2	8.442965E+3
6.819793E+2	8.427522E+3
6.822315E+2	8.414561E+3
6.824837E+2	8.399834E+3
6.827359E+2	8.385719E+3
6.829881E+2	8.371577E+3
6.832403E+2	8.356888E+3
6.834925E+2	8.345653E+3
6.837447E+2	8.331872E+3
6.839968E+2	8.318681E+3
6.842490E+2	8.303812E+3
6.845011E+2	8.289681E+3
6.847533E+2	8.273659E+3
6.850054E+2	8.258867E+3
6.852575E+2	8.242664E+3
6.855097E+2	8.228058E+3
6.857618E+2	8.212795E+3
6.860139E+2	8.197107E+3
6.862659E+2	8.183642E+3
6.865180E+2	8.169315E+3
6.867701E+2	8.153489E+3
6.870222E+2	8.138850E+3
6.872742E+2	8.123752E+3
6.875263E+2	8.109216E+3
6.877783E+2	8.095555E+3
6.880303E+2	8.082506E+3
6.882823E+2	8.069293E+3
6.885343E+2	8.055763E+3
6.887864E+2	8.041817E+3
6.890383E+2	8.028987E+3
6.892903E+2	8.015637E+3
6.895423E+2	8.001369E+3
6.897943E+2	7.989533E+3
6.900462E+2	7.976812E+3
6.902982E+2	7.966828E+3
6.905501E+2	7.953632E+3
6.908021E+2	7.942255E+3
6.910540E+2	7.930817E+3
6.913059E+2	7.920145E+3
6.915578E+2	7.908418E+3
6.918097E+2	7.896364E+3
6.920616E+2	7.885522E+3
6.923135E+2	7.871429E+3
6.925654E+2	7.858785E+3
6.928172E+2	7.846845E+3
6.930691E+2	7.833976E+3
6.933209E+2	7.821703E+3
6.935728E+2	7.808812E+3
6.938246E+2	7.795052E+3
6.940764E+2	7.782227E+3
6.943282E+2	7.768555E+3
6.945800E+2	7.754708E+3
6.948318E+2	7.742282E+3
6.950836E+2	7.728151E+3
6.953354E+2	7.713435E+3
6.955872E+2	7.699200E+3
6.958389E+2	7.685386E+3
6.960907E+2	7.672380E+3
6.963424E+2	7.658544E+3
6.965942E+2	7.644255E+3
6.968459E+2	7.631145E+3
6.970976E+2	7.619615E+3
6.973493E+2	7.607954E+3
6.976010E+2	7.596424E+3
6.978527E+2	7.584511E+3
6.981044E+2	7.571522E+3
6.983561E+2	7.559457E+3
6.986077E+2	7.547697E+3
6.988594E+2	7.534637E+3
6.991110E+2	7.522539E+3
6.993627E+2	7.509785E+3
6.996143E+2	7.497867E+3
6.998659E+2	7.486233E+3
7.001175E+2	7.474003E+3
7.003692E+2	7.460664E+3
7.006207E+2	7.448785E+3
7.008723E+2	7.434943E+3
7.011239E+2	7.420730E+3
7.013755E+2	7.407058E+3
7.016271E+2	7.390200E+3
7.018786E+2	7.375009E+3
7.021302E+2	7.359785E+3
7.023817E+2	7.343566E+3
7.026332E+2	7.326342E+3
7.028847E+2	7.310779E+3
7.031362E+2	7.294036E+3
7.033878E+2	7.277020E+3
7.036392E+2	7.259834E+3
7.038907E+2	7.243386E+3
7.041422E+2	7.226336E+3
7.043937E+2	7.209528E+3
7.046451E+2	7.193921E+3
7.048966E+2	7.179408E+3
7.051480E+2	7.163227E+3
7.053995E+2	7.147806E+3
7.056509E+2	7.130703E+3
7.059023E+2	7.116282E+3
7.061537E+2	7.101020E+3
7.064051E+2	7.086183E+3
7.066565E+2	7.071653E+3
7.069079E+2	7.058877E+3
7.071593E+2	7.044856E+3
7.074106E+2	7.031162E+3
7.076620E+2	7.017621E+3
7.079133E+2	7.002970E+3
7.081647E+2	6.989336E+3
7.084160E+2	6.976429E+3
7.086673E+2	6.963511E+3
7.089186E+2	6.948877E+3
7.091699E+2	6.934812E+3
7.094212E+2	6.920386E+3
7.096725E+2	6.904178E+3
7.099238E+2	6.889145E+3
7.101751E+2	6.872659E+3
7.104263E+2	6.857134E+3
7.106776E+2	6.840812E+3
7.109288E+2	6.823626E+3
7.111800E+2	6.805063E+3
7.114313E+2	6.786244E+3
7.116825E+2	6.767244E+3
7.119337E+2	6.749544E+3
7.121849E+2	6.729642E+3
7.124361E+2	6.708599E+3
7.126873E+2	6.688965E+3
7.129384E+2	6.669271E+3
7.131896E+2	6.650642E+3
7.134408E+2	6.632391E+3
7.136919E+2	6.613839E+3
7.139430E+2	6.595369E+3
7.141942E+2	6.578309E+3
7.144453E+2	6.561550E+3
7.146964E+2	6.545768E+3
7.149475E+2	6.531637E+3
7.151986E+2	6.518998E+3
7.154497E+2	6.508222E+3
7.157008E+2	6.496156E+3
7.159518E+2	6.484610E+3
7.162029E+2	6.474599E+3
7.164540E+2	6.467255E+3
7.167050E+2	6.457757E+3
7.169560E+2	6.451561E+3
7.172071E+2	6.441981E+3
7.174581E+2	6.434249E+3
7.177091E+2	6.426353E+3
7.179601E+2	6.418539E+3
7.182111E+2	6.408708E+3
7.184621E+2	6.397107E+3
7.187130E+2	6.385380E+3
7.189640E+2	6.373697E+3
7.192150E+2	6.359479E+3
7.194659E+2	6.344768E+3
7.197169E+2	6.328320E+3
7.199678E+2	6.311763E+3
7.202187E+2	6.293511E+3
7.204696E+2	6.276326E+3
7.207205E+2	6.259457E+3
7.209714E+2	6.243861E+3
7.212223E+2	6.226932E+3
7.214732E+2	6.210801E+3
7.217241E+2	6.196145E+3
7.219749E+2	6.181489E+3
7.222258E+2	6.167883E+3
7.224766E+2	6.157424E+3
7.227274E+2	6.147867E+3
7.229783E+2	6.142298E+3
7.232291E+2	6.140336E+3
7.234799E+2	6.139074E+3
7.237307E+2	6.140741E+3
7.239815E+2	6.143462E+3
7.242323E+2	6.149222E+3
7.244830E+2	6.156271E+3
7.247338E+2	6.163473E+3
7.249846E+2	6.173205E+3
7.252353E+2	6.182905E+3
7.254861E+2	6.192899E+3
7.257368E+2	6.201298E+3
7.259875E+2	6.211233E+3
7.262382E+2	6.219883E+3
7.264889E+2	6.228069E+3
7.267396E+2	6.235364E+3
7.269903E+2	6.241883E+3
7.272410E+2	6.246626E+3
7.274917E+2	6.251451E+3
7.277423E+2	6.254194E+3
7.279930E+2	6.256610E+3
7.282436E+2	6.259255E+3
7.284942E+2	6.260599E+3
7.287449E+2	6.262861E+3
7.289955E+2	6.265522E+3
7.292461E+2	6.267309E+3
7.294967E+2	6.269659E+3
7.297473E+2	6.273495E+3
7.299979E+2	6.277582E+3
7.302484E+2	6.281353E+3
7.304990E+2	6.284096E+3
7.307496E+2	6.288637E+3
7.310001E+2	6.295331E+3
7.312507E+2	6.305134E+3
7.315012E+2	6.316238E+3
7.317517E+2	6.329528E+3
7.320022E+2	6.349703E+3
7.322527E+2	6.373998E+3
7.325032E+2	6.406670E+3
7.327537E+2	6.442244E+3
7.330042E+2	6.480063E+3
7.332547E+2	6.519604E+3
7.335051E+2	6.562550E+3
7.337556E+2	6.611402E+3
7.340060E+2	6.667883E+3
7.342564E+2	6.734561E+3
7.345069E+2	6.806457E+3
7.347573E+2	6.876976E+3
7.350077E+2	6.938577E+3
7.352581E+2	6.988096E+3
7.355085E+2	7.036326E+3
7.357589E+2	7.096167E+3
7.360092E+2	7.176954E+3
7.362596E+2	7.278326E+3
7.365100E+2	7.392440E+3
7.367603E+2	7.504582E+3
7.370106E+2	7.606293E+3
7.372610E+2	7.696697E+3
7.375113E+2	7.779768E+3
7.377616E+2	7.858495E+3
7.380119E+2	7.942030E+3
7.382622E+2	8.034276E+3
7.385125E+2	8.134151E+3
7.387628E+2	8.238134E+3
7.390130E+2	8.345233E+3
7.392633E+2	8.458435E+3
7.395135E+2	8.577522E+3
7.397638E+2	8.703970E+3
7.400140E+2	8.840298E+3
7.402642E+2	8.986118E+3
7.405144E+2	9.132533E+3
7.407647E+2	9.279681E+3
7.410149E+2	9.428205E+3
7.412650E+2	9.567205E+3
7.415152E+2	9.699637E+3
7.417654E+2	9.833014E+3
7.420156E+2	9.974233E+3
7.422657E+2	1.012681E+4
7.425159E+2	1.027842E+4
7.427660E+2	1.041870E+4
7.430161E+2	1.054069E+4
7.432662E+2	1.064982E+4
7.435164E+2	1.078437E+4
7.437665E+2	1.094098E+4
7.440165E+2	1.109674E+4
7.442666E+2	1.125191E+4
7.445167E+2	1.140773E+4
7.447668E+2	1.156216E+4
7.450168E+2	1.171507E+4
7.452669E+2	1.186183E+4
7.455169E+2	1.199045E+4
7.457669E+2	1.210757E+4
7.460170E+2	1.221947E+4
7.462670E+2	1.233530E+4
7.465170E+2	1.245618E+4
7.467670E+2	1.259154E+4
7.470170E+2	1.273277E+4
7.472670E+2	1.286911E+4
7.475169E+2	1.300038E+4
7.477669E+2	1.312538E+4
7.480168E+2	1.324721E+4
7.482668E+2	1.336743E+4
7.485167E+2	1.348688E+4
7.487666E+2	1.360342E+4
7.490166E+2	1.371386E+4
7.492665E+2	1.379171E+4
7.495164E+2	1.385156E+4
7.497663E+2	1.389946E+4
7.500161E+2	1.394219E+4
7.502660E+2	1.398268E+4
7.505159E+2	1.402335E+4
7.507657E+2	1.406417E+4
7.510156E+2	1.409545E+4
7.512654E+2	1.410902E+4
7.515152E+2	1.410192E+4
7.517651E+2	1.408319E+4
7.520149E+2	1.406839E+4
7.522647E+2	1.407122E+4
7.525145E+2	1.409497E+4
7.527643E+2	1.413046E+4
7.530140E+2	1.416657E+4
7.532638E+2	1.418888E+4
7.535136E+2	1.419184E+4
7.537633E+2	1.418016E+4
7.540131E+2	1.417145E+4
7.542628E+2	1.417821E+4
7.545125E+2	1.420013E+4
7.547622E+2	1.422845E+4
7.550119E+2	1.424877E+4
7.552616E+2	1.425953E+4
7.555113E+2	1.425808E+4
7.557610E+2	1.425178E+4
7.560107E+2	1.423442E+4
7.562603E+2	1.420274E+4
7.565100E+2	1.416359E+4
7.567596E+2	1.412324E+4
7.570093E+2	1.407203E+4
7.572589E+2	1.399919E+4
7.575085E+2	1.389937E+4
7.577581E+2	1.378719E+4
7.580077E+2	1.367417E+4
7.582573E+2	1.357014E+4
7.585069E+2	1.346597E+4
7.587565E+2	1.332556E+4
7.590060E+2	1.315468E+4
7.592556E+2	1.298182E+4
7.595051E+2	1.280923E+4
7.597547E+2	1.264013E+4
7.600042E+2	1.247488E+4
7.602537E+2	1.231239E+4
7.605032E+2	1.215872E+4
7.607527E+2	1.202640E+4
7.610022E+2	1.190823E+4
7.612517E+2	1.179446E+4
7.615012E+2	1.167856E+4
7.617507E+2	1.155637E+4
7.620001E+2	1.141774E+4
7.622496E+2	1.126730E+4
7.624990E+2	1.111453E+4
7.627485E+2	1.095801E+4
7.629979E+2	1.080058E+4
7.632473E+2	1.064492E+4
7.634967E+2	1.049097E+4
7.637461E+2	1.033965E+4
7.639955E+2	1.019234E+4
7.642449E+2	1.005002E+4
7.644942E+2	9.934326E+3
7.647436E+2	9.826500E+3
7.649930E+2	9.724282E+3
7.652423E+2	9.630708E+3
7.654916E+2	9.548271E+3
7.657410E+2	9.475599E+3
7.659903E+2	9.405621E+3
7.662396E+2	9.332916E+3
7.664889E+2	9.257457E+3
7.667382E+2	9.180386E+3
7.669875E+2	9.103610E+3
7.672367E+2	9.025315E+3
7.674860E+2	8.939178E+3
7.677353E+2	8.842724E+3
7.679845E+2	8.741140E+3
7.682337E+2	8.640981E+3
7.684830E+2	8.548080E+3
7.687322E+2	8.463714E+3
7.689814E+2	8.384364E+3
7.692306E+2	8.296604E+3
7.694798E+2	8.189336E+3
7.697290E+2	8.061009E+3
7.699782E+2	7.918468E+3
7.702273E+2	7.772451E+3
7.704765E+2	7.624358E+3
7.707256E+2	7.478151E+3
7.709748E+2	7.338806E+3
7.712239E+2	7.217200E+3
7.714730E+2	7.116577E+3
7.717222E+2	7.038320E+3
7.719713E+2	6.970828E+3
7.722204E+2	6.912511E+3
7.724694E+2	6.868779E+3
7.727185E+2	6.843905E+3
7.729676E+2	6.835096E+3
7.732167E+2	6.840856E+3
7.734657E+2	6.857030E+3
7.737147E+2	6.880888E+3
7.739638E+2	6.910107E+3
7.742128E+2	6.939593E+3
7.744618E+2	6.963812E+3
7.747108E+2	6.979752E+3
7.749598E+2	6.986173E+3
7.752088E+2	6.983790E+3
7.754578E+2	6.974774E+3
7.757068E+2	6.959025E+3
7.759557E+2	6.936637E+3
7.762047E+2	6.909626E+3
7.764536E+2	6.877768E+3
7.767026E+2	6.839561E+3
7.769515E+2	6.796692E+3
7.772004E+2	6.750703E+3
7.774493E+2	6.706244E+3
7.776982E+2	6.661987E+3
7.779471E+2	6.623561E+3
7.781960E+2	6.588178E+3
7.784449E+2	6.553845E+3
7.786938E+2	6.521582E+3
7.789426E+2	6.489522E+3
7.791915E+2	6.455752E+3
7.794403E+2	6.421074E+3
7.796891E+2	6.385134E+3
7.799380E+2	6.349856E+3
7.801868E+2	6.316074E+3
7.804356E+2	6.278539E+3
7.806844E+2	6.240692E+3
7.809332E+2	6.202905E+3
7.811819E+2	6.164801E+3
7.814307E+2	6.127812E+3
7.816795E+2	6.091298E+3
7.819282E+2	6.058752E+3
7.821770E+2	6.027921E+3
7.824257E+2	5.998380E+3
7.826744E+2	5.969894E+3
7.829231E+2	5.944107E+3
7.831718E+2	5.918129E+3
7.834205E+2	5.892735E+3
7.836692E+2	5.866675E+3
7.839179E+2	5.839047E+3
7.841666E+2	5.809506E+3
7.844152E+2	5.776484E+3
7.846639E+2	5.739107E+3
7.849125E+2	5.696653E+3
7.851612E+2	5.651320E+3
7.854098E+2	5.605063E+3
7.856584E+2	5.557347E+3
7.859070E+2	5.507085E+3
7.861556E+2	5.450063E+3
7.864042E+2	5.384861E+3
7.866528E+2	5.310877E+3
7.869014E+2	5.230686E+3
7.871499E+2	5.148834E+3
7.873985E+2	5.069801E+3
7.876470E+2	4.989795E+3
7.878956E+2	4.907200E+3
7.881441E+2	4.822768E+3
7.883926E+2	4.736724E+3
7.886411E+2	4.651522E+3
7.888896E+2	4.571642E+3
7.891381E+2	4.496522E+3
7.893866E+2	4.429495E+3
7.896351E+2	4.368173E+3
7.898835E+2	4.315506E+3
7.901320E+2	4.268408E+3
7.903804E+2	4.226309E+3
7.906289E+2	4.188539E+3
7.908773E+2	4.155703E+3
7.911257E+2	4.125834E+3
7.913742E+2	4.098927E+3
7.916226E+2	4.076653E+3
7.918709E+2	4.057484E+3
7.921193E+2	4.042391E+3
7.923677E+2	4.029615E+3
7.926161E+2	4.017697E+3
7.928644E+2	4.007200E+3
7.931128E+2	3.993309E+3
7.933611E+2	3.976358E+3
7.936095E+2	3.954894E+3
7.938578E+2	3.928735E+3
7.941061E+2	3.897910E+3
7.943544E+2	3.863965E+3
7.946027E+2	3.827101E+3
7.948510E+2	3.789336E+3
7.950993E+2	3.751489E+3
7.953475E+2	3.715615E+3
7.955958E+2	3.683801E+3
7.958440E+2	3.654233E+3
7.960923E+2	3.628123E+3
7.963405E+2	3.603604E+3
7.965887E+2	3.579888E+3
7.968370E+2	3.556801E+3
7.970852E+2	3.532315E+3
7.973334E+2	3.506320E+3
7.975816E+2	3.479615E+3
7.978297E+2	3.452675E+3
7.980779E+2	3.424992E+3
7.983261E+2	3.397287E+3
7.985742E+2	3.370905E+3
7.988224E+2	3.345653E+3
7.990705E+2	3.321528E+3
7.993186E+2	3.299642E+3
7.995668E+2	3.281380E+3
7.998149E+2	3.265555E+3
8.000630E+2	3.255894E+3
8.003111E+2	3.249183E+3
8.005591E+2	3.246850E+3
8.008072E+2	3.248795E+3
8.010553E+2	3.252746E+3
8.013033E+2	3.259446E+3
8.015514E+2	3.266932E+3
8.017994E+2	3.275916E+3
8.020474E+2	3.285009E+3
8.022955E+2	3.293965E+3
8.025435E+2	3.301331E+3
8.027915E+2	3.307850E+3
8.030395E+2	3.315298E+3
8.032874E+2	3.323047E+3
8.035354E+2	3.331746E+3
8.037834E+2	3.339577E+3
8.040313E+2	3.347511E+3
8.042793E+2	3.356167E+3
8.045272E+2	3.365867E+3
8.047752E+2	3.378331E+3
8.050231E+2	3.391839E+3
8.052710E+2	3.408320E+3
8.055189E+2	3.427473E+3
8.057668E+2	3.448801E+3
8.060147E+2	3.473697E+3
8.062625E+2	3.502200E+3
8.065104E+2	3.534293E+3
8.067583E+2	3.569544E+3
8.070061E+2	3.611030E+3
8.072540E+2	3.656970E+3
8.075018E+2	3.707839E+3
8.077496E+2	3.762424E+3
8.079974E+2	3.821238E+3
8.082452E+2	3.883708E+3
8.084930E+2	3.946828E+3
8.087408E+2	4.013610E+3
8.089886E+2	4.082473E+3
8.092364E+2	4.154533E+3
8.094841E+2	4.230927E+3
8.097319E+2	4.311511E+3
8.099796E+2	4.394735E+3
8.102273E+2	4.483211E+3
8.104751E+2	4.575632E+3
8.107228E+2	4.671413E+3
8.109705E+2	4.772795E+3
8.112182E+2	4.878424E+3
8.114659E+2	4.989812E+3
8.117135E+2	5.107544E+3
8.119612E+2	5.230910E+3
8.122089E+2	5.359446E+3
8.124565E+2	5.492364E+3
8.127042E+2	5.624648E+3
8.129518E+2	5.754670E+3
8.131994E+2	5.878309E+3
8.134470E+2	5.993500E+3
8.136946E+2	6.094571E+3
8.139422E+2	6.179899E+3
8.141898E+2	6.248173E+3
8.144374E+2	6.298003E+3
8.146850E+2	6.331265E+3
8.149325E+2	6.350806E+3
8.151801E+2	6.358287E+3
8.154276E+2	6.359091E+3
8.156752E+2	6.355298E+3
8.159227E+2	6.348451E+3
8.161702E+2	6.341173E+3
8.164177E+2	6.334216E+3
8.166652E+2	6.326260E+3
8.169127E+2	6.319134E+3
8.171602E+2	6.311856E+3
8.174077E+2	6.305500E+3
8.176551E+2	6.301588E+3
8.179026E+2	6.301298E+3
8.181500E+2	6.303369E+3
8.183975E+2	6.309244E+3
8.186449E+2	6.318861E+3
8.188923E+2	6.334883E+3
8.191397E+2	6.356790E+3
8.193871E+2	6.385867E+3
8.196345E+2	6.421774E+3
8.198819E+2	6.463566E+3
8.201293E+2	6.510861E+3
8.203766E+2	6.560708E+3
8.206240E+2	6.612440E+3
8.208713E+2	6.663883E+3
8.211187E+2	6.710828E+3
8.213660E+2	6.752183E+3
8.216133E+2	6.784200E+3
8.218606E+2	6.806593E+3
8.221079E+2	6.815850E+3
8.223552E+2	6.811790E+3
8.226025E+2	6.794867E+3
8.228498E+2	6.766593E+3
8.230970E+2	6.726522E+3
8.233443E+2	6.676500E+3
8.235915E+2	6.619692E+3
8.238388E+2	6.556080E+3
8.240860E+2	6.485801E+3
8.243332E+2	6.408943E+3
8.245804E+2	6.324315E+3
8.248276E+2	6.233162E+3
8.250748E+2	6.136894E+3
8.253220E+2	6.032675E+3
8.255692E+2	5.921845E+3
8.258163E+2	5.804839E+3
8.260635E+2	5.679741E+3
8.263106E+2	5.547047E+3
8.265578E+2	5.406003E+3
8.268049E+2	5.255850E+3
8.270520E+2	5.098009E+3
8.272991E+2	4.932457E+3
8.275462E+2	4.760473E+3
8.277933E+2	4.587096E+3
8.280404E+2	4.414320E+3
8.282875E+2	4.245774E+3
8.285345E+2	4.084845E+3
8.287816E+2	3.935932E+3
8.290287E+2	3.802178E+3
8.292757E+2	3.685571E+3
8.295227E+2	3.587260E+3
8.297697E+2	3.504883E+3
8.300168E+2	3.436309E+3
8.302638E+2	3.378659E+3
8.305107E+2	3.328817E+3
8.307577E+2	3.282965E+3
8.310047E+2	3.240156E+3
8.312517E+2	3.198566E+3
8.314986E+2	3.157746E+3
8.317456E+2	3.118828E+3
8.319925E+2	3.080036E+3
8.322394E+2	3.041593E+3
8.324864E+2	3.003293E+3
8.327333E+2	2.963664E+3
8.329802E+2	2.921112E+3
8.332271E+2	2.875992E+3
8.334740E+2	2.826271E+3
8.337208E+2	2.772795E+3
8.339677E+2	2.713009E+3
8.342146E+2	2.646063E+3
8.344614E+2	2.571610E+3
8.347082E+2	2.489795E+3
8.349551E+2	2.400626E+3
8.352019E+2	2.304315E+3
8.354487E+2	2.202304E+3
8.356955E+2	2.095703E+3
8.359423E+2	1.986309E+3
8.361891E+2	1.876992E+3
8.364359E+2	1.768446E+3
8.366826E+2	1.664938E+3
8.369294E+2	1.566347E+3
8.371761E+2	1.474746E+3
8.374229E+2	1.390954E+3
8.376696E+2	1.315675E+3
8.379163E+2	1.247429E+3
8.381630E+2	1.187167E+3
8.384097E+2	1.134342E+3
8.386564E+2	1.088189E+3
8.389031E+2	1.046500E+3
8.391498E+2	1.009976E+3
8.393965E+2	9.779430E+2
8.396431E+2	9.499867E+2
8.398898E+2	9.250469E+2
8.401364E+2	9.026097E+2
8.403830E+2	8.827299E+2
8.406297E+2	8.641343E+2
8.408763E+2	8.464294E+2
8.411229E+2	8.299540E+2
8.413695E+2	8.147081E+2
8.416161E+2	8.004949E+2
8.418626E+2	7.864239E+2
8.421092E+2	7.724458E+2
8.423558E+2	7.587900E+2
8.426023E+2	7.457627E+2
8.428489E+2	7.329485E+2
8.430954E+2	7.199922E+2
8.433419E+2	7.077572E+2
8.435884E+2	6.956862E+2
8.438349E+2	6.839048E+2
8.440814E+2	6.725223E+2
8.443279E+2	6.613419E+2
8.445744E+2	6.497900E+2
8.448208E+2	6.387190E+2
8.450673E+2	6.280305E+2
8.453138E+2	6.168392E+2
8.455602E+2	6.051179E+2
8.458066E+2	5.937736E+2
8.460530E+2	5.821671E+2
8.462995E+2	5.703310E+2
8.465459E+2	5.583146E+2
8.467923E+2	5.458611E+2
8.470386E+2	5.332654E+2
8.472850E+2	5.207682E+2
8.475314E+2	5.077026E+2
8.477777E+2	4.949977E+2
8.480241E+2	4.825387E+2
8.482704E+2	4.698392E+2
8.485168E+2	4.575551E+2
8.487631E+2	4.446917E+2
8.490094E+2	4.320578E+2
8.492557E+2	4.199649E+2
8.495020E+2	4.080851E+2
8.497483E+2	3.961015E+2
8.499946E+2	3.842436E+2
8.502408E+2	3.723365E+2
8.504871E+2	3.612053E+2
8.507333E+2	3.498829E+2
8.509796E+2	3.389977E+2
8.512258E+2	3.278501E+2
8.514720E+2	3.174239E+2
8.517182E+2	3.067846E+2
8.519644E+2	2.968829E+2
8.522106E+2	2.870250E+2
8.524568E+2	2.773474E+2
8.527030E+2	2.679704E+2
8.529492E+2	2.592272E+2
8.531953E+2	2.506698E+2
8.534415E+2	2.423146E+2
8.536876E+2	2.343529E+2
8.539337E+2	2.264622E+2
8.541799E+2	2.189922E+2
8.544260E+2	2.123091E+2
8.546721E+2	2.060195E+2
8.549182E+2	1.997190E+2
8.551643E+2	1.938119E+2
8.554103E+2	1.877245E+2
8.556564E+2	1.825878E+2
8.559024E+2	1.778283E+2
8.561485E+2	1.729102E+2
8.563945E+2	1.677846E+2
8.566406E+2	1.627572E+2
8.568866E+2	1.584130E+2
8.571326E+2	1.542764E+2
8.573786E+2	1.503802E+2
8.576246E+2	1.470195E+2
8.578706E+2	1.437190E+2
8.581166E+2	1.407955E+2
8.583625E+2	1.379922E+2
8.586085E+2	1.351835E+2
8.588544E+2	1.322873E+2
8.591004E+2	1.297190E+2
8.593463E+2	1.269649E+2
8.595922E+2	1.247190E+2
8.598381E+2	1.219977E+2
8.600840E+2	1.193201E+2
8.603299E+2	1.170086E+2
8.605758E+2	1.147135E+2
8.608217E+2	1.123146E+2
8.610675E+2	1.101288E+2
8.613134E+2	1.078775E+2
8.615592E+2	1.056643E+2
8.618051E+2	1.035988E+2
8.620509E+2	1.012928E+2
8.622967E+2	9.898675E+1
8.625425E+2	9.690478E+1
8.627883E+2	9.468620E+1
8.630341E+2	9.248948E+1
8.632799E+2	9.069166E+1
8.635257E+2	8.891571E+1
8.637715E+2	8.679549E+1
8.640172E+2	8.474631E+1
8.642630E+2	8.292117E+1
8.645087E+2	8.099221E+1
8.647544E+2	7.948401E+1
8.650001E+2	7.804139E+1
8.652459E+2	7.651134E+1
8.654916E+2	7.497582E+1
8.657372E+2	7.346762E+1
8.659829E+2	7.187746E+1
8.662286E+2	7.057144E+1
8.664743E+2	6.900314E+1
8.667199E+2	6.782828E+1
8.669656E+2	6.641844E+1
8.672112E+2	6.532008E+1
8.674568E+2	6.447308E+1
8.677024E+2	6.350587E+1
8.679481E+2	6.274084E+1
8.681937E+2	6.195942E+1
8.684392E+2	6.100314E+1
8.686848E+2	6.032554E+1
8.689304E+2	5.977909E+1
8.691760E+2	5.897582E+1
8.694215E+2	5.819440E+1
8.696671E+2	5.715614E+1
8.699126E+2	5.662609E+1
8.701581E+2	5.605232E+1
8.704036E+2	5.558784E+1
8.706491E+2	5.469713E+1
8.708946E+2	5.366434E+1
8.711401E+2	5.293210E+1
8.713856E+2	5.241297E+1
8.716311E+2	5.179002E+1
8.718766E+2	5.107418E+1
8.721220E+2	5.061516E+1
8.723674E+2	5.017254E+1
8.726129E+2	4.944576E+1
8.728583E+2	4.898675E+1
8.731037E+2	4.828183E+1
8.733491E+2	4.737472E+1
8.735945E+2	4.654412E+1
8.738399E+2	4.611243E+1
8.740853E+2	4.548948E+1
8.743307E+2	4.509603E+1
8.745760E+2	4.432554E+1
8.748214E+2	4.394303E+1
8.750667E+2	4.371899E+1
8.753121E+2	4.323265E+1
8.755574E+2	4.265341E+1
8.758027E+2	4.206325E+1
8.760480E+2	4.142937E+1
8.762933E+2	4.077909E+1
8.765386E+2	4.012336E+1
8.767839E+2	3.931461E+1
8.770291E+2	3.877909E+1
8.772744E+2	3.833101E+1
8.775196E+2	3.797035E+1
8.777649E+2	3.745669E+1
8.780101E+2	3.701953E+1
8.782553E+2	3.642937E+1
8.785006E+2	3.592117E+1
8.787458E+2	3.546762E+1
8.789910E+2	3.517800E+1
8.792361E+2	3.509057E+1
8.794813E+2	3.491571E+1
8.797265E+2	3.461516E+1
8.799717E+2	3.419440E+1
8.802168E+2	3.393756E+1
8.804619E+2	3.340205E+1
8.807071E+2	3.301407E+1
8.809522E+2	3.267527E+1
8.811973E+2	3.206325E+1
8.814424E+2	3.178456E+1
8.816875E+2	3.133647E+1
8.819326E+2	3.118347E+1
8.821777E+2	3.062062E+1
8.824227E+2	2.991571E+1
8.826678E+2	2.952773E+1
8.829128E+2	2.911243E+1
8.831579E+2	2.880095E+1
8.834029E+2	2.864795E+1
8.836479E+2	2.812882E+1
8.838929E+2	2.791024E+1
8.841379E+2	2.781188E+1
8.843829E+2	2.758784E+1
8.846279E+2	2.753866E+1
8.848729E+2	2.725997E+1
8.851179E+2	2.689931E+1
8.853628E+2	2.647855E+1
8.856078E+2	2.609057E+1
8.858527E+2	2.589931E+1
8.860976E+2	2.564248E+1
8.863425E+2	2.532008E+1
8.865875E+2	2.516707E+1
8.868324E+2	2.501953E+1
8.870772E+2	2.485013E+1
8.873221E+2	2.453319E+1
8.875670E+2	2.421625E+1
8.878119E+2	2.407418E+1
8.880567E+2	2.400314E+1
8.883016E+2	2.394849E+1
8.885464E+2	2.392117E+1
8.887912E+2	2.389931E+1
8.890360E+2	2.365341E+1
8.892809E+2	2.323811E+1
8.895257E+2	2.299221E+1
8.897704E+2	2.268073E+1
8.900152E+2	2.240751E+1
8.902600E+2	2.229822E+1
8.905048E+2	2.209057E+1
8.907495E+2	2.183374E+1
8.909943E+2	2.169713E+1
8.912390E+2	2.161516E+1
8.914837E+2	2.141844E+1
8.917284E+2	2.148948E+1
8.919731E+2	2.139658E+1
8.922178E+2	2.114522E+1
8.924625E+2	2.097035E+1
8.927072E+2	2.090478E+1
8.929519E+2	2.058237E+1
8.931965E+2	2.038019E+1
8.934412E+2	2.034740E+1
8.936858E+2	2.032008E+1
8.939305E+2	2.001407E+1
8.941751E+2	1.971352E+1
8.944197E+2	1.952773E+1
8.946643E+2	1.909603E+1
8.949089E+2	1.904139E+1
8.951535E+2	1.886106E+1
8.953981E+2	1.860423E+1
8.956426E+2	1.847308E+1
8.958872E+2	1.824358E+1
8.961317E+2	1.827090E+1
8.963763E+2	1.804139E+1
8.966208E+2	1.796489E+1
8.968653E+2	1.777909E+1
8.971098E+2	1.774084E+1
8.973543E+2	1.767527E+1
8.975988E+2	1.780642E+1
8.978433E+2	1.758784E+1
8.980878E+2	1.740205E+1
8.983323E+2	1.735833E+1
8.985767E+2	1.735833E+1
8.988212E+2	1.732554E+1
8.990656E+2	1.719986E+1
8.993100E+2	1.710150E+1
8.995545E+2	1.691024E+1
8.997989E+2	1.673538E+1
9.000433E+2	1.651680E+1
9.002877E+2	1.633647E+1
9.005320E+2	1.643483E+1
9.007764E+2	1.656598E+1
9.010208E+2	1.667527E+1
9.012651E+2	1.669166E+1
9.015095E+2	1.674631E+1
9.017538E+2	1.668073E+1
9.019981E+2	1.652773E+1
9.022425E+2	1.646215E+1
9.024868E+2	1.662062E+1
9.027311E+2	1.639112E+1
9.029754E+2	1.651680E+1
9.032196E+2	1.638019E+1
9.034639E+2	1.638019E+1
9.037082E+2	1.612882E+1
9.039524E+2	1.607418E+1
9.041967E+2	1.595942E+1
9.044409E+2	1.599767E+1
9.046851E+2	1.626543E+1
9.049293E+2	1.642937E+1
9.051736E+2	1.614522E+1
9.054177E+2	1.625997E+1
9.056619E+2	1.612336E+1
9.059061E+2	1.619986E+1
9.061503E+2	1.619986E+1
9.063944E+2	1.625997E+1
9.066386E+2	1.617254E+1
9.068827E+2	1.598675E+1
9.071269E+2	1.615068E+1
9.073710E+2	1.619986E+1
9.076151E+2	1.595942E+1
9.078592E+2	1.593756E+1
9.081033E+2	1.592664E+1
9.083474E+2	1.585560E+1
9.085915E+2	1.582281E+1
9.088355E+2	1.586106E+1
9.090796E+2	1.576270E+1
9.093236E+2	1.567527E+1
9.095677E+2	1.580642E+1
9.098117E+2	1.555505E+1
9.100557E+2	1.531461E+1
9.102997E+2	1.529822E+1
9.105437E+2	1.543483E+1
9.107877E+2	1.561516E+1
9.110317E+2	1.566981E+1
9.112757E+2	1.571899E+1
9.115197E+2	1.565341E+1
9.117636E+2	1.570259E+1
9.120076E+2	1.581735E+1
9.122515E+2	1.577363E+1
9.124954E+2	1.533101E+1
9.127393E+2	1.547308E+1
9.129832E+2	1.574084E+1
9.132271E+2	1.558784E+1
9.134710E+2	1.570259E+1
9.137149E+2	1.560970E+1
9.139588E+2	1.559330E+1
9.142026E+2	1.562062E+1
9.144465E+2	1.557691E+1
9.146903E+2	1.548948E+1
9.149342E+2	1.540205E+1
9.151780E+2	1.557144E+1
9.154218E+2	1.569166E+1
9.156656E+2	1.568620E+1
9.159094E+2	1.568620E+1
9.161532E+2	1.557144E+1
9.163970E+2	1.536379E+1
9.166408E+2	1.531461E+1
9.168845E+2	1.538019E+1
9.171283E+2	1.541297E+1
9.173720E+2	1.530369E+1
9.176157E+2	1.544030E+1
9.178595E+2	1.522172E+1
9.181032E+2	1.524358E+1
9.183469E+2	1.508511E+1
9.185906E+2	1.500860E+1
9.188343E+2	1.494849E+1
9.190779E+2	1.501407E+1
9.193216E+2	1.487746E+1
9.195653E+2	1.460423E+1
9.198089E+2	1.422172E+1
9.200525E+2	1.428183E+1
9.202962E+2	1.425450E+1
9.205398E+2	1.423265E+1
9.207834E+2	1.399767E+1
9.210270E+2	1.394849E+1
9.212706E+2	1.412336E+1
9.215142E+2	1.414522E+1
9.217577E+2	1.410696E+1
9.220013E+2	1.402500E+1
9.222449E+2	1.358237E+1
9.224884E+2	1.367527E+1
9.227319E+2	1.371899E+1
9.229755E+2	1.360423E+1
9.232190E+2	1.350041E+1
9.234625E+2	1.349494E+1
9.237060E+2	1.338019E+1
9.239495E+2	1.330369E+1
9.241930E+2	1.300860E+1
9.244364E+2	1.288838E+1
9.246799E+2	1.294303E+1
9.249233E+2	1.305232E+1
9.251668E+2	1.327636E+1
9.254102E+2	1.295396E+1
9.256536E+2	1.271899E+1
9.258971E+2	1.253866E+1
9.261405E+2	1.282281E+1
9.263839E+2	1.297582E+1
9.266272E+2	1.291024E+1
9.268706E+2	1.293210E+1
9.271140E+2	1.304685E+1
9.273573E+2	1.324358E+1
9.276007E+2	1.348948E+1
9.278440E+2	1.335287E+1
9.280874E+2	1.350041E+1
9.283307E+2	1.344030E+1
9.285740E+2	1.344030E+1
9.288173E+2	1.347308E+1
9.290606E+2	1.341844E+1
9.293039E+2	1.344030E+1
9.295471E+2	1.335833E+1
9.297904E+2	1.362062E+1
9.300337E+2	1.338019E+1
9.302769E+2	1.325997E+1
9.305201E+2	1.306871E+1
9.307634E+2	1.303593E+1
9.310066E+2	1.320532E+1
9.312498E+2	1.332008E+1
9.314930E+2	1.314522E+1
9.317362E+2	1.317254E+1
9.319794E+2	1.291571E+1
9.322225E+2	1.310696E+1
9.324657E+2	1.301953E+1
9.327088E+2	1.283920E+1
9.329520E+2	1.268620E+1
9.331951E+2	1.289931E+1
9.334382E+2	1.307964E+1
9.336814E+2	1.316707E+1
9.339245E+2	1.306325E+1
9.341676E+2	1.298675E+1
9.344106E+2	1.317800E+1
9.346537E+2	1.324904E+1
9.348968E+2	1.336379E+1
9.351398E+2	1.330915E+1
9.353829E+2	1.333647E+1
9.356259E+2	1.351680E+1
9.358690E+2	1.358237E+1
9.361120E+2	1.326543E+1
9.363550E+2	1.330915E+1
9.365980E+2	1.342390E+1
9.368410E+2	1.329822E+1
9.370840E+2	1.370806E+1
9.373269E+2	1.353866E+1
9.375699E+2	1.349494E+1
9.378129E+2	1.344576E+1
9.380558E+2	1.334740E+1
9.382987E+2	1.333101E+1
9.385417E+2	1.344030E+1
9.387846E+2	1.335287E+1
9.390275E+2	1.347855E+1
9.392704E+2	1.359330E+1
9.395133E+2	1.366981E+1
9.397562E+2	1.369166E+1
9.399990E+2	1.348948E+1
9.402419E+2	1.362062E+1
9.404847E+2	1.378456E+1
9.407276E+2	1.393210E+1
9.409704E+2	1.375724E+1
9.412132E+2	1.356052E+1
9.414560E+2	1.375724E+1
9.416988E+2	1.369166E+1
9.419416E+2	1.351134E+1
9.421844E+2	1.338019E+1
9.424272E+2	1.301407E+1
9.426700E+2	1.285013E+1
9.429127E+2	1.276270E+1
9.431555E+2	1.258784E+1
9.433982E+2	1.235833E+1
9.436409E+2	1.211243E+1
9.438837E+2	1.201953E+1
9.441264E+2	1.199767E+1
9.443691E+2	1.207418E+1
9.446118E+2	1.188838E+1
9.448544E+2	1.216707E+1
9.450971E+2	1.211789E+1
9.453398E+2	1.225450E+1
9.455824E+2	1.201953E+1
9.458251E+2	1.183920E+1
9.460677E+2	1.179549E+1
9.463103E+2	1.183920E+1
9.465530E+2	1.164248E+1
9.467956E+2	1.183920E+1
9.470382E+2	1.156598E+1
9.472807E+2	1.146215E+1
9.475233E+2	1.143483E+1
9.477659E+2	1.146215E+1
9.480084E+2	1.120532E+1
9.482510E+2	1.112882E+1
9.484935E+2	1.121079E+1
9.487361E+2	1.124904E+1
9.489786E+2	1.158784E+1
9.492211E+2	1.145123E+1
9.494636E+2	1.144030E+1
9.497061E+2	1.128183E+1
9.499486E+2	1.118893E+1
9.501911E+2	1.142937E+1
9.504335E+2	1.147855E+1
9.506760E+2	1.143483E+1
9.509184E+2	1.165888E+1
9.511609E+2	1.184467E+1
9.514033E+2	1.192664E+1
9.516457E+2	1.189385E+1
9.518881E+2	1.182281E+1
9.521305E+2	1.190478E+1
9.523729E+2	1.189931E+1
9.526153E+2	1.201407E+1
9.528576E+2	1.199221E+1
9.531000E+2	1.202500E+1
9.533424E+2	1.227090E+1
9.535847E+2	1.217800E+1
9.538270E+2	1.218893E+1
9.540694E+2	1.203593E+1
9.543117E+2	1.182281E+1
9.545540E+2	1.164795E+1
9.547963E+2	1.170259E+1
9.550386E+2	1.181735E+1
9.552808E+2	1.185013E+1
9.555231E+2	1.185560E+1
9.557654E+2	1.168620E+1
9.560076E+2	1.193210E+1
9.562498E+2	1.156052E+1
9.564921E+2	1.165888E+1
9.567343E+2	1.182828E+1
9.569765E+2	1.189931E+1
9.572187E+2	1.192664E+1
9.574609E+2	1.210696E+1
9.577031E+2	1.203046E+1
9.579452E+2	1.207418E+1
9.581874E+2	1.222172E+1
9.584296E+2	1.235287E+1
9.586717E+2	1.238019E+1
9.589138E+2	1.219986E+1
9.591560E+2	1.229822E+1
9.593981E+2	1.233101E+1
9.596402E+2	1.211243E+1
9.598823E+2	1.218893E+1
9.601244E+2	1.196489E+1
9.603664E+2	1.222172E+1
9.606085E+2	1.219440E+1
9.608506E+2	1.208511E+1
9.610926E+2	1.200314E+1
9.613347E+2	1.204685E+1
9.615767E+2	1.181735E+1
9.618187E+2	1.174084E+1
9.620607E+2	1.167527E+1
9.623027E+2	1.199221E+1
9.625447E+2	1.229822E+1
9.627867E+2	1.235833E+1
9.630287E+2	1.223265E+1
9.632706E+2	1.198675E+1
9.635126E+2	1.205232E+1
9.637545E+2	1.177909E+1
9.639965E+2	1.192664E+1
9.642384E+2	1.208511E+1
9.644803E+2	1.199767E+1
9.647222E+2	1.212336E+1
9.649641E+2	1.202500E+1
9.652060E+2	1.181735E+1
9.654479E+2	1.181188E+1
9.656897E+2	1.162609E+1
9.659316E+2	1.140205E+1
9.661734E+2	1.129822E+1
9.664153E+2	1.146762E+1
9.666571E+2	1.154959E+1
9.668989E+2	1.194849E+1
9.671408E+2	1.226543E+1
9.673826E+2	1.235833E+1
9.676243E+2	1.246215E+1
9.678661E+2	1.243483E+1
9.681079E+2	1.225450E+1
9.683497E+2	1.234740E+1
9.685914E+2	1.250041E+1
9.688332E+2	1.265341E+1
9.690749E+2	1.282281E+1
9.693166E+2	1.307964E+1
9.695583E+2	1.305232E+1
9.698001E+2	1.293756E+1
9.700417E+2	1.273538E+1
9.702834E+2	1.264795E+1
9.705251E+2	1.262062E+1
9.707668E+2	1.246762E+1
9.710084E+2	1.263702E+1
9.712501E+2	1.255505E+1
9.714917E+2	1.250587E+1
9.717334E+2	1.281735E+1
9.719750E+2	1.293756E+1
9.722166E+2	1.283374E+1
9.724582E+2	1.297582E+1
9.726998E+2	1.274631E+1
9.729414E+2	1.272445E+1
9.731830E+2	1.272991E+1
9.734245E+2	1.272445E+1
9.736661E+2	1.282281E+1
9.739076E+2	1.290478E+1
9.741492E+2	1.284467E+1
9.743907E+2	1.291571E+1
9.746322E+2	1.299767E+1
9.748737E+2	1.329276E+1
9.751152E+2	1.329822E+1
9.753567E+2	1.329276E+1
9.755982E+2	1.336379E+1
9.758396E+2	1.329822E+1
9.760811E+2	1.322172E+1
9.763226E+2	1.355505E+1
9.765640E+2	1.386653E+1
9.768054E+2	1.371899E+1
9.770468E+2	1.344030E+1
9.772883E+2	1.330915E+1
9.775297E+2	1.335833E+1
9.777711E+2	1.338565E+1
9.780124E+2	1.338565E+1
9.782538E+2	1.342390E+1
9.784952E+2	1.337472E+1
9.787365E+2	1.327090E+1
9.789779E+2	1.322718E+1
9.792192E+2	1.337472E+1
9.794605E+2	1.332554E+1
9.797019E+2	1.329822E+1
9.799432E+2	1.338565E+1
9.801845E+2	1.343483E+1
9.804257E+2	1.348948E+1
9.806670E+2	1.359877E+1
9.809083E+2	1.372445E+1
9.811496E+2	1.388292E+1
9.813908E+2	1.366434E+1
9.816320E+2	1.340205E+1
9.818733E+2	1.308511E+1
9.821145E+2	1.301407E+1
9.823557E+2	1.291571E+1
9.825969E+2	1.304685E+1
9.828381E+2	1.321625E+1
9.830793E+2	1.325450E+1
9.833205E+2	1.310696E+1
9.835616E+2	1.294849E+1
9.838028E+2	1.267527E+1
9.840439E+2	1.247308E+1
9.842851E+2	1.234740E+1
9.845262E+2	1.223265E+1
9.847673E+2	1.238565E+1
9.850084E+2	1.239112E+1
9.852495E+2	1.247855E+1
9.854906E+2	1.228729E+1
9.857317E+2	1.230369E+1
9.859727E+2	1.251680E+1
9.862138E+2	1.259330E+1
9.864549E+2	1.258237E+1
9.866959E+2	1.238565E+1
9.869369E+2	1.227090E+1
9.871779E+2	1.212336E+1
9.874190E+2	1.253866E+1
9.876600E+2	1.265888E+1
9.879010E+2	1.289931E+1
9.881419E+2	1.300860E+1
9.883829E+2	1.330369E+1
9.886239E+2	1.315068E+1
9.888648E+2	1.324904E+1
9.891058E+2	1.333101E+1
9.893467E+2	1.321079E+1
9.895876E+2	1.320532E+1
9.898285E+2	1.303593E+1
9.900695E+2	1.314522E+1
9.903104E+2	1.312336E+1
9.905512E+2	1.339112E+1
9.907921E+2	1.376817E+1
9.910330E+2	1.393210E+1
9.912738E+2	1.384467E+1
9.915147E+2	1.425450E+1
9.917555E+2	1.446762E+1
9.919964E+2	1.449494E+1
9.922372E+2	1.441297E+1
9.924780E+2	1.456052E+1
9.927188E+2	1.464248E+1
9.929596E+2	1.484467E+1
9.932004E+2	1.491571E+1
9.934411E+2	1.471352E+1
9.936819E+2	1.463155E+1
9.939227E+2	1.464248E+1
9.941634E+2	1.475177E+1
9.944041E+2	1.495942E+1
9.946449E+2	1.495942E+1
9.948856E+2	1.487199E+1
9.951263E+2	1.481735E+1
9.953670E+2	1.482281E+1
9.956077E+2	1.496489E+1
9.958483E+2	1.500860E+1
9.960890E+2	1.506325E+1
9.963297E+2	1.500314E+1
9.965703E+2	1.496489E+1
9.968109E+2	1.539658E+1
9.970516E+2	1.532008E+1
9.972922E+2	1.518347E+1
9.975328E+2	1.497035E+1
9.977734E+2	1.485560E+1
9.980140E+2	1.495396E+1
9.982546E+2	1.491024E+1
9.984951E+2	1.515068E+1
9.987357E+2	1.519440E+1
9.989763E+2	1.559877E+1
9.992168E+2	1.582281E+1
9.994573E+2	1.588838E+1
9.996978E+2	1.581735E+1
9.999384E+2	1.548948E+1
1.000179E+3	1.536379E+1
1.000419E+3	1.526543E+1
1.000660E+3	1.532008E+1
1.000900E+3	1.530915E+1
1.001141E+3	1.509603E+1
1.001381E+3	1.522718E+1
1.001622E+3	1.539112E+1
1.001862E+3	1.549494E+1
1.002103E+3	1.530369E+1
1.002343E+3	1.522172E+1
1.002583E+3	1.513429E+1
1.002824E+3	1.515068E+1
1.003064E+3	1.494849E+1
1.003305E+3	1.486653E+1
1.003545E+3	1.478456E+1
1.003785E+3	1.479549E+1
1.004026E+3	1.486106E+1
1.004266E+3	1.487746E+1
1.004506E+3	1.494303E+1
1.004747E+3	1.493210E+1
1.004987E+3	1.491024E+1
1.005227E+3	1.476270E+1
1.005468E+3	1.430915E+1
1.005708E+3	1.381735E+1
1.005948E+3	1.366434E+1
1.006188E+3	1.356052E+1
1.006429E+3	1.356052E+1
1.006669E+3	1.360970E+1
1.006909E+3	1.379549E+1
1.007149E+3	1.381188E+1
1.007390E+3	1.398128E+1
1.007630E+3	1.362609E+1
1.007870E+3	1.350587E+1
1.008110E+3	1.352226E+1
1.008350E+3	1.364795E+1
1.008590E+3	1.364248E+1
1.008831E+3	1.348401E+1
1.009071E+3	1.335287E+1
1.009311E+3	1.335833E+1
1.009551E+3	1.335287E+1
1.009791E+3	1.345669E+1
1.010031E+3	1.329276E+1
1.010271E+3	1.321625E+1
1.010511E+3	1.311789E+1
1.010752E+3	1.332008E+1
1.010992E+3	1.346215E+1
1.011232E+3	1.364248E+1
1.011472E+3	1.323265E+1
1.011712E+3	1.324358E+1
1.011952E+3	1.322172E+1
1.012192E+3	1.311789E+1
1.012432E+3	1.310150E+1
1.012672E+3	1.283920E+1
1.012912E+3	1.310696E+1
1.013152E+3	1.327636E+1
1.013392E+3	1.328183E+1
1.013632E+3	1.303046E+1
1.013872E+3	1.301407E+1
1.014112E+3	1.296489E+1
1.014352E+3	1.307418E+1
1.014591E+3	1.341844E+1
1.014831E+3	1.365341E+1
1.015071E+3	1.370806E+1
1.015311E+3	1.339658E+1
1.015551E+3	1.337472E+1
1.015791E+3	1.345669E+1
1.016031E+3	1.341297E+1
1.016271E+3	1.342390E+1
1.016511E+3	1.331461E+1
1.016750E+3	1.345669E+1
1.016990E+3	1.347308E+1
1.017230E+3	1.341844E+1
1.017470E+3	1.324904E+1
1.017710E+3	1.329276E+1
1.017949E+3	1.352226E+1
1.018189E+3	1.353866E+1
1.018429E+3	1.328729E+1
1.018669E+3	1.303593E+1
1.018908E+3	1.277363E+1
1.019148E+3	1.282828E+1
1.019388E+3	1.272445E+1
1.019628E+3	1.286653E+1
1.019867E+3	1.299221E+1
1.020107E+3	1.306325E+1
1.020347E+3	1.306871E+1
1.020586E+3	1.300860E+1
1.020826E+3	1.293756E+1
1.021066E+3	1.296489E+1
1.021305E+3	1.305778E+1
1.021545E+3	1.304685E+1
1.021785E+3	1.292117E+1
1.022024E+3	1.273538E+1
1.022264E+3	1.300860E+1
1.022504E+3	1.310150E+1
1.022743E+3	1.317254E+1
1.022983E+3	1.317800E+1
1.023222E+3	1.305778E+1
1.023462E+3	1.307418E+1
1.023702E+3	1.304139E+1
1.023941E+3	1.312336E+1
1.024181E+3	1.334194E+1
1.024420E+3	1.323811E+1
1.024660E+3	1.333647E+1
1.024899E+3	1.330915E+1
1.025139E+3	1.319986E+1
1.025378E+3	1.283920E+1
1.025618E+3	1.272991E+1
1.025857E+3	1.260970E+1
1.026097E+3	1.244576E+1
1.026336E+3	1.245669E+1
1.026575E+3	1.251134E+1
1.026815E+3	1.247308E+1
1.027054E+3	1.242390E+1
1.027294E+3	1.267527E+1
1.027533E+3	1.253319E+1
1.027773E+3	1.242937E+1
1.028012E+3	1.250041E+1
1.028251E+3	1.245669E+1
1.028491E+3	1.229822E+1
1.028730E+3	1.230915E+1
1.028969E+3	1.225997E+1
1.029209E+3	1.217254E+1
1.029448E+3	1.230369E+1
1.029687E+3	1.239658E+1
1.029927E+3	1.232554E+1
1.030166E+3	1.227636E+1
1.030405E+3	1.214522E+1
1.030645E+3	1.203593E+1
1.030884E+3	1.188838E+1
1.031123E+3	1.182828E+1
1.031362E+3	1.168073E+1
1.031602E+3	1.179549E+1
1.031841E+3	1.190478E+1
1.032080E+3	1.202500E+1
1.032319E+3	1.191024E+1
1.032558E+3	1.176817E+1
1.032798E+3	1.191571E+1
1.033037E+3	1.209057E+1
1.033276E+3	1.217254E+1
1.033515E+3	1.232008E+1
1.033754E+3	1.224904E+1
1.033993E+3	1.236926E+1
1.034233E+3	1.223811E+1
1.034472E+3	1.226543E+1
1.034711E+3	1.260970E+1
1.034950E+3	1.265888E+1
1.035189E+3	1.260423E+1
1.035428E+3	1.242937E+1
1.035667E+3	1.217800E+1
1.035906E+3	1.218347E+1
1.036145E+3	1.223811E+1
1.036384E+3	1.228729E+1
1.036623E+3	1.239112E+1
1.036862E+3	1.234194E+1
1.037101E+3	1.236379E+1
1.037340E+3	1.238565E+1
1.037579E+3	1.221079E+1
1.037818E+3	1.209603E+1
1.038057E+3	1.206325E+1
1.038296E+3	1.203593E+1
1.038535E+3	1.202500E+1
1.038774E+3	1.195396E+1
1.039013E+3	1.189385E+1
1.039252E+3	1.172991E+1
1.039491E+3	1.155505E+1
1.039730E+3	1.163702E+1
1.039969E+3	1.209603E+1
1.040208E+3	1.183374E+1
1.040447E+3	1.189385E+1
1.040685E+3	1.195942E+1
1.040924E+3	1.205232E+1
1.041163E+3	1.187746E+1
1.041402E+3	1.193756E+1
1.041641E+3	1.212336E+1
1.041880E+3	1.203593E+1
1.042118E+3	1.199221E+1
1.042357E+3	1.186653E+1
1.042596E+3	1.176817E+1
1.042835E+3	1.173538E+1
1.043074E+3	1.174631E+1
1.043312E+3	1.174631E+1
1.043551E+3	1.175724E+1
1.043790E+3	1.197035E+1
1.044029E+3	1.207964E+1
1.044267E+3	1.192117E+1
1.044506E+3	1.181735E+1
1.044745E+3	1.189931E+1
1.044983E+3	1.186106E+1
1.045222E+3	1.210150E+1
1.045461E+3	1.224358E+1
1.045699E+3	1.222718E+1
1.045938E+3	1.221625E+1
1.046177E+3	1.193210E+1
1.046415E+3	1.168073E+1
1.046654E+3	1.159330E+1
1.046893E+3	1.171899E+1
1.047131E+3	1.181735E+1
1.047370E+3	1.187746E+1
1.047608E+3	1.192117E+1
1.047847E+3	1.196489E+1
1.048086E+3	1.175177E+1
1.048324E+3	1.174631E+1
1.048563E+3	1.171352E+1
1.048801E+3	1.165341E+1
1.049040E+3	1.155505E+1
1.049278E+3	1.139112E+1
1.049517E+3	1.151134E+1
1.049755E+3	1.166981E+1
1.049994E+3	1.192664E+1
1.050232E+3	1.208511E+1
1.050471E+3	1.189385E+1
1.050709E+3	1.144576E+1
1.050948E+3	1.158784E+1
1.051186E+3	1.165341E+1
1.051424E+3	1.157691E+1
1.051663E+3	1.141844E+1
1.051901E+3	1.125450E+1
1.052140E+3	1.117800E+1
1.052378E+3	1.138019E+1
1.052616E+3	1.134740E+1
1.052855E+3	1.151680E+1
1.053093E+3	1.149494E+1
1.053332E+3	1.149494E+1
1.053570E+3	1.149494E+1
1.053808E+3	1.161516E+1
1.054047E+3	1.168073E+1
1.054285E+3	1.162062E+1
1.054523E+3	1.144576E+1
1.054761E+3	1.166981E+1
1.055000E+3	1.163702E+1
1.055238E+3	1.156052E+1
1.055476E+3	1.134194E+1
1.055715E+3	1.136926E+1
1.055953E+3	1.130369E+1
1.056191E+3	1.138019E+1
1.056429E+3	1.146215E+1
1.056667E+3	1.163702E+1
1.056906E+3	1.177363E+1
1.057144E+3	1.178456E+1
1.057382E+3	1.183374E+1
1.057620E+3	1.182828E+1
1.057858E+3	1.164795E+1
1.058097E+3	1.142937E+1
1.058335E+3	1.110696E+1
1.058573E+3	1.088838E+1
1.058811E+3	1.110696E+1
1.059049E+3	1.156598E+1
1.059287E+3	1.130369E+1
1.059525E+3	1.124904E+1
1.059763E+3	1.099767E+1
1.060001E+3	1.095942E+1
1.060239E+3	1.099767E+1
1.060478E+3	1.090478E+1
1.060716E+3	1.083374E+1
1.060954E+3	1.089931E+1
1.061192E+3	1.091571E+1
1.061430E+3	1.072991E+1
1.061668E+3	1.054412E+1
1.061906E+3	1.045123E+1
1.062144E+3	1.035287E+1
1.062382E+3	1.033101E+1
1.062620E+3	1.031461E+1
1.062858E+3	1.020532E+1
1.063096E+3	1.015614E+1
1.063333E+3	1.026543E+1
1.063571E+3	1.019440E+1
1.063809E+3	1.009603E+1
1.064047E+3	1.016161E+1
1.064285E+3	9.992210E+0
1.064523E+3	9.686199E+0
1.064761E+3	9.582374E+0
1.064999E+3	9.445762E+0
1.065237E+3	9.576909E+0
1.065474E+3	9.565980E+0
1.065712E+3	9.380188E+0
1.065950E+3	9.287292E+0
1.066188E+3	9.516800E+0
1.066426E+3	9.964887E+0
1.066664E+3	1.004139E+1
1.066901E+3	1.000860E+1
1.067139E+3	9.866527E+0
1.067377E+3	9.664341E+0
1.067615E+3	9.593303E+0
1.067852E+3	9.369259E+0
1.068090E+3	9.270898E+0
1.068328E+3	9.117893E+0
1.068566E+3	9.014068E+0
1.068803E+3	8.817346E+0
1.069041E+3	8.527729E+0
1.069279E+3	8.423904E+0
1.069516E+3	8.462155E+0
1.069754E+3	8.456690E+0
1.069992E+3	8.456690E+0
1.070229E+3	8.587838E+0
1.070467E+3	8.729915E+0
1.070705E+3	8.768166E+0
1.070942E+3	8.642483E+0
1.071180E+3	8.462155E+0
1.071418E+3	8.287292E+0
1.071655E+3	8.199860E+0
1.071893E+3	8.085106E+0
1.072130E+3	8.188931E+0
1.072368E+3	8.298221E+0
1.072605E+3	8.533193E+0
1.072843E+3	8.653412E+0
1.073081E+3	8.702592E+0
1.073318E+3	8.484013E+0
1.073556E+3	8.221718E+0
1.073793E+3	8.467619E+0
1.074031E+3	8.828275E+0
1.074268E+3	8.790024E+0
1.074506E+3	8.937565E+0
1.074743E+3	8.948494E+0
1.074981E+3	8.975816E+0
1.075218E+3	9.265434E+0
1.075455E+3	9.210789E+0
1.075693E+3	8.964887E+0
1.075930E+3	8.893849E+0
1.076168E+3	8.866527E+0
1.076405E+3	8.866527E+0
1.076642E+3	8.773630E+0
1.076880E+3	8.861062E+0
1.077117E+3	8.893849E+0
1.077355E+3	9.052319E+0
1.077592E+3	9.063248E+0
1.077829E+3	8.953958E+0
1.078067E+3	9.172537E+0
1.078304E+3	9.150680E+0
1.078541E+3	8.997674E+0
1.078779E+3	9.210789E+0
1.079016E+3	9.533193E+0
1.079253E+3	9.637018E+0
1.079490E+3	9.642483E+0
1.079728E+3	9.959423E+0
1.079965E+3	9.637018E+0
1.080202E+3	9.593303E+0
1.080439E+3	9.593303E+0
1.080677E+3	9.380188E+0
1.080914E+3	8.888384E+0
1.081151E+3	8.948494E+0
1.081388E+3	8.964887E+0
1.081625E+3	9.139751E+0
1.081863E+3	9.052319E+0
1.082100E+3	9.008603E+0
1.082337E+3	8.882920E+0
1.082574E+3	8.964887E+0
1.082811E+3	9.112428E+0
1.083048E+3	9.183466E+0
1.083285E+3	8.975816E+0
1.083522E+3	8.975816E+0
1.083760E+3	9.156144E+0
1.083997E+3	9.019532E+0
1.084234E+3	8.997674E+0
1.084471E+3	9.112428E+0
1.084708E+3	9.079641E+0
1.084945E+3	9.024996E+0
1.085182E+3	8.910242E+0
1.085419E+3	8.844669E+0
1.085656E+3	8.724450E+0
1.085893E+3	8.790024E+0
1.086130E+3	9.024996E+0
1.086367E+3	9.243576E+0
1.086604E+3	9.341936E+0
1.086841E+3	9.434833E+0
1.087078E+3	9.024996E+0
1.087315E+3	8.915707E+0
1.087552E+3	8.877456E+0
1.087789E+3	9.019532E+0
1.088026E+3	8.871991E+0
1.088262E+3	8.697128E+0
1.088499E+3	8.626089E+0
1.088736E+3	8.795488E+0
1.088973E+3	8.423904E+0
1.089210E+3	8.505871E+0
1.089447E+3	8.467619E+0
1.089684E+3	8.216253E+0
1.089921E+3	8.199860E+0
1.090157E+3	8.609696E+0
1.090394E+3	8.555051E+0
1.090631E+3	8.582374E+0
1.090868E+3	8.516800E+0
1.091105E+3	8.396581E+0
1.091341E+3	8.281827E+0
1.091578E+3	8.358330E+0
1.091815E+3	8.139751E+0
1.092052E+3	8.101499E+0
1.092288E+3	8.254505E+0
1.092525E+3	8.194395E+0
1.092762E+3	8.112428E+0
1.092999E+3	8.139751E+0
1.093235E+3	7.959423E+0
1.093472E+3	7.609696E+0
1.093709E+3	7.423904E+0
1.093945E+3	7.303685E+0
1.094182E+3	6.959423E+0
1.094419E+3	7.057783E+0
1.094655E+3	6.866527E+0
1.094892E+3	6.779095E+0
1.095128E+3	6.795488E+0
1.095365E+3	7.090570E+0
1.095602E+3	6.937565E+0
1.095838E+3	6.817346E+0
1.096075E+3	6.762701E+0
1.096311E+3	6.811882E+0
1.096548E+3	6.631554E+0
1.096784E+3	6.708057E+0
1.097021E+3	6.959423E+0
1.097258E+3	7.008603E+0
1.097494E+3	6.871991E+0
1.097731E+3	7.259969E+0
1.097967E+3	7.374723E+0
1.098204E+3	7.161609E+0
1.098440E+3	7.123357E+0
1.098677E+3	7.467619E+0
1.098913E+3	7.456690E+0
1.099149E+3	7.565980E+0
1.099386E+3	7.505871E+0
1.099622E+3	7.549587E+0
1.099859E+3	7.571445E+0
1.100095E+3	7.647947E+0
1.100332E+3	7.964887E+0
1.100568E+3	7.844669E+0
1.100804E+3	7.779095E+0
1.101041E+3	7.718986E+0
1.101277E+3	7.691663E+0
1.101513E+3	7.904778E+0
1.101750E+3	7.953958E+0
1.101986E+3	8.019532E+0
1.102222E+3	7.899313E+0
1.102459E+3	8.052319E+0
1.102695E+3	8.194395E+0
1.102931E+3	8.003139E+0
1.103168E+3	7.806417E+0
1.103404E+3	8.030461E+0
1.103640E+3	8.074177E+0
1.103876E+3	8.287292E+0
1.104113E+3	8.664341E+0
1.104349E+3	8.811882E+0
1.104585E+3	8.697128E+0
1.104821E+3	8.686199E+0
1.105057E+3	8.718986E+0
1.105294E+3	8.784559E+0
1.105530E+3	9.057783E+0
1.105766E+3	9.019532E+0
1.106002E+3	8.948494E+0
1.106238E+3	9.014068E+0
1.106474E+3	9.035925E+0
1.106711E+3	8.964887E+0
1.106947E+3	8.910242E+0
1.107183E+3	8.915707E+0
1.107419E+3	8.866527E+0
1.107655E+3	8.593303E+0
1.107891E+3	8.888384E+0
1.108127E+3	1.706325E+1
1.108363E+3	1.339658E+1
1.108599E+3	1.063248E+0
1.108835E+3	7.729915E+0
1.109071E+3	1.339658E+1
1.109307E+3	1.039658E+1
1.109543E+3	1.006325E+1
1.109779E+3	1.272991E+1
1.110015E+3	9.063248E+0
1.110251E+3	1.729915E+0
1.110487E+3	1.406325E+1
1.110723E+3	1.506325E+1
1.110959E+3	1.839658E+1
1.111195E+3	2.506325E+1
1.111431E+3	1.539658E+1
1.111667E+3	1.139658E+1
1.111903E+3	-2.270085E+0
1.112139E+3	6.063248E+0
1.112375E+3	1.639658E+1
1.112611E+3	1.372991E+1
1.112847E+3	8.396581E+0
1.113082E+3	1.729915E+0
1.113318E+3	2.729915E+0
1.113554E+3	6.063248E+0
1.113790E+3	1.072991E+1
1.114026E+3	1.072991E+1
1.114262E+3	5.396581E+0
1.114497E+3	7.396581E+0
1.114733E+3	-1.160342E+1
1.114969E+3	1.606325E+1
