1.951292E+2	0.000000E+0
1.953960E+2	0.000000E+0
1.956629E+2	0.000000E+0
1.959298E+2	0.000000E+0
1.961966E+2	0.000000E+0
1.964635E+2	0.000000E+0
1.967303E+2	0.000000E+0
1.969972E+2	0.000000E+0
1.972640E+2	0.000000E+0
1.975308E+2	0.000000E+0
1.977977E+2	0.000000E+0
1.980645E+2	0.000000E+0
1.983313E+2	0.000000E+0
1.985981E+2	0.000000E+0
1.988649E+2	0.000000E+0
1.991316E+2	0.000000E+0
1.993984E+2	0.000000E+0
1.996652E+2	0.000000E+0
1.999320E+2	0.000000E+0
2.001987E+2	0.000000E+0
2.004655E+2	0.000000E+0
2.007322E+2	0.000000E+0
2.009989E+2	0.000000E+0
2.012657E+2	0.000000E+0
2.015324E+2	0.000000E+0
2.017991E+2	0.000000E+0
2.020658E+2	0.000000E+0
2.023325E+2	0.000000E+0
2.025992E+2	0.000000E+0
2.028659E+2	0.000000E+0
2.031326E+2	0.000000E+0
2.033992E+2	0.000000E+0
2.036659E+2	0.000000E+0
2.039325E+2	0.000000E+0
2.041992E+2	0.000000E+0
2.044658E+2	0.000000E+0
2.047325E+2	0.000000E+0
2.049991E+2	0.000000E+0
2.052657E+2	0.000000E+0
2.055323E+2	0.000000E+0
2.057989E+2	0.000000E+0
2.060655E+2	0.000000E+0
2.063321E+2	0.000000E+0
2.065987E+2	0.000000E+0
2.068653E+2	0.000000E+0
2.071319E+2	0.000000E+0
2.073984E+2	0.000000E+0
2.076650E+2	0.000000E+0
2.079315E+2	0.000000E+0
2.081981E+2	0.000000E+0
2.084646E+2	0.000000E+0
2.087311E+2	0.000000E+0
2.089977E+2	0.000000E+0
2.092642E+2	0.000000E+0
2.095307E+2	0.000000E+0
2.097972E+2	0.000000E+0
2.100637E+2	0.000000E+0
2.103302E+2	0.000000E+0
2.105966E+2	0.000000E+0
2.108631E+2	0.000000E+0
2.111296E+2	0.000000E+0
2.113960E+2	0.000000E+0
2.116625E+2	0.000000E+0
2.119289E+2	0.000000E+0
2.121954E+2	0.000000E+0
2.124618E+2	0.000000E+0
2.127282E+2	0.000000E+0
2.129946E+2	0.000000E+0
2.132610E+2	0.000000E+0
2.135274E+2	0.000000E+0
2.137938E+2	0.000000E+0
2.140602E+2	0.000000E+0
2.143266E+2	0.000000E+0
2.145930E+2	0.000000E+0
2.148593E+2	0.000000E+0
2.151257E+2	0.000000E+0
2.153920E+2	0.000000E+0
2.156584E+2	0.000000E+0
2.159247E+2	0.000000E+0
2.161910E+2	0.000000E+0
2.164574E+2	0.000000E+0
2.167237E+2	0.000000E+0
2.169900E+2	0.000000E+0
2.172563E+2	0.000000E+0
2.175226E+2	0.000000E+0
2.177889E+2	0.000000E+0
2.180551E+2	0.000000E+0
2.183214E+2	0.000000E+0
2.185877E+2	0.000000E+0
2.188539E+2	0.000000E+0
2.191202E+2	0.000000E+0
2.193864E+2	0.000000E+0
2.196527E+2	0.000000E+0
2.199189E+2	0.000000E+0
2.201851E+2	0.000000E+0
2.204513E+2	0.000000E+0
2.207175E+2	0.000000E+0
2.209837E+2	0.000000E+0
2.212499E+2	0.000000E+0
2.215161E+2	0.000000E+0
2.217823E+2	0.000000E+0
2.220485E+2	0.000000E+0
2.223146E+2	0.000000E+0
2.225808E+2	0.000000E+0
2.228469E+2	0.000000E+0
2.231131E+2	0.000000E+0
2.233792E+2	0.000000E+0
2.236453E+2	0.000000E+0
2.239115E+2	0.000000E+0
2.241776E+2	0.000000E+0
2.244437E+2	0.000000E+0
2.247098E+2	0.000000E+0
2.249759E+2	0.000000E+0
2.252420E+2	0.000000E+0
2.255080E+2	0.000000E+0
2.257741E+2	0.000000E+0
2.260402E+2	0.000000E+0
2.263062E+2	0.000000E+0
2.265723E+2	0.000000E+0
2.268383E+2	0.000000E+0
2.271044E+2	0.000000E+0
2.273704E+2	0.000000E+0
2.276364E+2	0.000000E+0
2.279024E+2	0.000000E+0
2.281684E+2	0.000000E+0
2.284344E+2	0.000000E+0
2.287004E+2	0.000000E+0
2.289664E+2	0.000000E+0
2.292324E+2	0.000000E+0
2.294984E+2	0.000000E+0
2.297643E+2	0.000000E+0
2.300303E+2	0.000000E+0
2.302962E+2	0.000000E+0
2.305622E+2	0.000000E+0
2.308281E+2	0.000000E+0
2.310940E+2	0.000000E+0
2.313599E+2	0.000000E+0
2.316259E+2	0.000000E+0
2.318918E+2	0.000000E+0
2.321577E+2	0.000000E+0
2.324236E+2	0.000000E+0
2.326894E+2	0.000000E+0
2.329553E+2	0.000000E+0
2.332212E+2	0.000000E+0
2.334871E+2	0.000000E+0
2.337529E+2	0.000000E+0
2.340188E+2	0.000000E+0
2.342846E+2	0.000000E+0
2.345504E+2	0.000000E+0
2.348163E+2	0.000000E+0
2.350821E+2	0.000000E+0
2.353479E+2	0.000000E+0
2.356137E+2	0.000000E+0
2.358795E+2	0.000000E+0
2.361453E+2	0.000000E+0
2.364111E+2	0.000000E+0
2.366769E+2	0.000000E+0
2.369426E+2	0.000000E+0
2.372084E+2	0.000000E+0
2.374741E+2	0.000000E+0
2.377399E+2	0.000000E+0
2.380056E+2	0.000000E+0
2.382714E+2	0.000000E+0
2.385371E+2	0.000000E+0
2.388028E+2	0.000000E+0
2.390685E+2	0.000000E+0
2.393342E+2	0.000000E+0
2.395999E+2	0.000000E+0
2.398656E+2	0.000000E+0
2.401313E+2	0.000000E+0
2.403970E+2	0.000000E+0
2.406626E+2	0.000000E+0
2.409283E+2	0.000000E+0
2.411940E+2	0.000000E+0
2.414596E+2	0.000000E+0
2.417252E+2	0.000000E+0
2.419909E+2	0.000000E+0
2.422565E+2	0.000000E+0
2.425221E+2	0.000000E+0
2.427877E+2	0.000000E+0
2.430533E+2	0.000000E+0
2.433189E+2	0.000000E+0
2.435845E+2	0.000000E+0
2.438501E+2	0.000000E+0
2.441157E+2	0.000000E+0
2.443812E+2	0.000000E+0
2.446468E+2	0.000000E+0
2.449124E+2	0.000000E+0
2.451779E+2	0.000000E+0
2.454434E+2	0.000000E+0
2.457090E+2	0.000000E+0
2.459745E+2	0.000000E+0
2.462400E+2	0.000000E+0
2.465055E+2	0.000000E+0
2.467710E+2	0.000000E+0
2.470365E+2	0.000000E+0
2.473020E+2	0.000000E+0
2.475675E+2	0.000000E+0
2.478330E+2	0.000000E+0
2.480984E+2	0.000000E+0
2.483639E+2	0.000000E+0
2.486294E+2	0.000000E+0
2.488948E+2	0.000000E+0
2.491602E+2	0.000000E+0
2.494257E+2	0.000000E+0
2.496911E+2	0.000000E+0
2.499565E+2	0.000000E+0
2.502219E+2	3.631610E+0
2.504873E+2	3.719042E+0
2.507527E+2	3.544178E+0
2.510181E+2	3.396637E+0
2.512835E+2	3.648003E+0
2.515489E+2	3.549643E+0
2.518142E+2	3.576965E+0
2.520796E+2	3.555107E+0
2.523449E+2	3.680790E+0
2.526103E+2	3.593359E+0
2.528756E+2	3.538714E+0
2.531409E+2	3.522320E+0
2.534063E+2	3.729971E+0
2.536716E+2	4.025053E+0
2.539369E+2	4.052375E+0
2.542022E+2	4.298277E+0
2.544675E+2	4.249096E+0
2.547328E+2	4.320135E+0
2.549980E+2	4.210845E+0
2.552633E+2	3.959479E+0
2.555286E+2	3.790080E+0
2.557938E+2	3.899369E+0
2.560591E+2	4.260025E+0
2.563243E+2	4.314670E+0
2.565896E+2	4.336528E+0
2.568548E+2	4.505927E+0
2.571200E+2	4.680790E+0
2.573852E+2	4.669861E+0
2.576504E+2	4.806473E+0
2.579156E+2	4.861118E+0
2.581808E+2	4.877512E+0
2.584460E+2	4.795544E+0
2.587112E+2	4.806473E+0
2.589763E+2	4.861118E+0
2.592415E+2	4.992266E+0
2.595067E+2	4.992266E+0
2.597718E+2	4.959479E+0
2.600369E+2	4.828331E+0
2.603021E+2	4.527785E+0
2.605672E+2	4.560572E+0
2.608323E+2	4.484069E+0
2.610974E+2	4.494998E+0
2.613625E+2	4.391173E+0
2.616276E+2	4.314670E+0
2.618927E+2	4.358386E+0
2.621578E+2	4.423960E+0
2.624229E+2	4.478604E+0
2.626880E+2	4.527785E+0
2.629530E+2	4.735435E+0
2.632181E+2	4.801009E+0
2.634831E+2	4.587894E+0
2.637482E+2	4.462211E+0
2.640132E+2	4.511391E+0
2.642782E+2	4.500462E+0
2.645432E+2	4.407566E+0
2.648082E+2	4.620681E+0
2.650732E+2	4.292812E+0
2.653382E+2	4.402102E+0
2.656032E+2	4.063304E+0
2.658682E+2	4.030517E+0
2.661332E+2	4.063304E+0
2.663981E+2	3.833796E+0
2.666631E+2	3.719042E+0
2.669281E+2	3.828331E+0
2.671930E+2	3.822867E+0
2.674579E+2	3.516856E+0
2.677229E+2	3.626145E+0
2.679878E+2	3.500462E+0
2.682527E+2	3.380244E+0
2.685176E+2	3.068768E+0
2.687825E+2	2.762757E+0
2.690474E+2	2.839260E+0
2.693123E+2	2.533249E+0
2.695772E+2	2.445818E+0
2.698420E+2	2.014124E+0
2.701069E+2	1.910298E+0
2.703718E+2	1.691719E+0
2.706366E+2	1.735435E+0
2.709014E+2	1.686255E+0
2.711663E+2	1.637074E+0
2.714311E+2	1.516856E+0
2.716959E+2	1.407566E+0
2.719607E+2	1.331063E+0
2.722255E+2	1.014124E+0
2.724903E+2	7.736864E-1
2.727551E+2	8.064733E-1
2.730199E+2	6.152165E-1
2.732847E+2	6.316099E-1
2.735495E+2	5.605717E-1
2.738142E+2	4.239596E-1
2.740790E+2	5.496427E-1
2.743437E+2	5.824296E-1
2.746085E+2	5.660361E-1
2.748732E+2	6.316099E-1
2.751379E+2	4.021017E-1
2.754026E+2	2.272383E-1
2.756674E+2	1.616646E-1
2.759321E+2	2.108449E-1
2.761968E+2	2.545607E-1
2.764614E+2	5.605717E-1
2.767261E+2	6.097520E-1
2.769908E+2	4.130307E-1
2.772555E+2	1.944515E-1
2.775201E+2	2.982766E-1
2.777848E+2	1.671290E-1
2.780494E+2	1.507356E-1
2.783141E+2	2.764187E-1
2.785787E+2	2.436318E-1
2.788433E+2	9.609079E-2
2.791079E+2	-1.935267E-1
2.793725E+2	-5.760404E-1
2.796371E+2	-5.978983E-1
2.799017E+2	-6.470786E-1
2.801663E+2	-6.416141E-1
2.804309E+2	-8.437999E-1
2.806955E+2	-1.007734E+0
2.809600E+2	-1.242707E+0
2.812246E+2	-9.476251E-1
2.814891E+2	-1.051450E+0
2.817537E+2	-9.585540E-1
2.820182E+2	-1.035057E+0
2.822827E+2	-1.226314E+0
2.825473E+2	-1.204456E+0
2.828118E+2	-1.160740E+0
2.830763E+2	-1.193527E+0
2.833408E+2	-1.264565E+0
2.836053E+2	-1.193527E+0
2.838697E+2	-1.302816E+0
2.841342E+2	-1.444893E+0
2.843987E+2	-1.384784E+0
2.846632E+2	-1.188062E+0
2.849276E+2	-8.055485E-1
2.851921E+2	-7.563682E-1
2.854565E+2	-7.618327E-1
2.857209E+2	-9.968054E-1
2.859853E+2	-1.122488E+0
2.862498E+2	-1.067844E+0
2.865142E+2	-1.106095E+0
2.867786E+2	-1.056915E+0
2.870430E+2	-1.138882E+0
2.873074E+2	-1.084237E+0
2.875717E+2	-1.002270E+0
2.878361E+2	-8.219420E-1
2.881005E+2	-7.618327E-1
2.883648E+2	-7.235813E-1
2.886292E+2	-5.869693E-1
2.888935E+2	-4.776797E-1
2.891579E+2	-3.246742E-1
2.894222E+2	-4.284994E-1
2.896865E+2	-4.448928E-1
2.899508E+2	-3.738546E-1
2.902151E+2	-2.645649E-1
2.904794E+2	-2.317781E-1
2.907437E+2	5.783943E-2
2.910080E+2	9.062631E-2
2.912723E+2	2.490963E-1
2.915366E+2	2.217739E-1
2.918008E+2	1.999159E-1
2.920651E+2	1.507356E-1
2.923293E+2	-6.237915E-2
2.925936E+2	-4.612863E-1
2.928578E+2	-4.503573E-1
2.931220E+2	-3.847835E-1
2.933863E+2	-4.284994E-1
2.936505E+2	-5.651114E-1
2.939147E+2	-5.159311E-1
2.941789E+2	-6.142917E-1
2.944431E+2	-4.995376E-1
2.947072E+2	-3.410677E-1
2.949714E+2	-2.536360E-1
2.952356E+2	-1.771332E-1
2.954997E+2	1.958806E-2
2.957639E+2	5.237495E-2
2.960280E+2	1.671290E-1
2.962922E+2	-1.060950E-1
2.965563E+2	-3.246742E-1
2.968204E+2	-4.612863E-1
2.970845E+2	-4.776797E-1
2.973486E+2	-8.219420E-1
2.976127E+2	-8.547289E-1
2.978768E+2	-9.366961E-1
2.981409E+2	-9.257671E-1
2.984050E+2	-9.585540E-1
2.986691E+2	-8.929802E-1
2.989331E+2	-8.765868E-1
2.991972E+2	-8.929802E-1
2.994612E+2	-1.029592E+0
2.997253E+2	-1.111559E+0
2.999893E+2	-1.149811E+0
3.002534E+2	-8.765868E-1
3.005174E+2	-1.013199E+0
3.007814E+2	-9.421606E-1
3.010454E+2	-1.067844E+0
3.013094E+2	-1.270029E+0
3.015734E+2	-1.045986E+0
3.018374E+2	-8.110130E-1
3.021013E+2	-5.651114E-1
3.023653E+2	-6.470786E-1
3.026293E+2	-5.432535E-1
3.028932E+2	-5.050021E-1
3.031572E+2	-3.410677E-1
3.034211E+2	-2.864229E-1
3.036850E+2	-7.330811E-2
3.039489E+2	-1.866330E-2
3.042129E+2	-3.505675E-2
3.044768E+2	1.343422E-1
3.047407E+2	-2.269861E-3
3.050046E+2	5.783943E-2
3.052685E+2	-1.662043E-1
3.055323E+2	2.505254E-2
3.057962E+2	-7.734342E-3
3.060601E+2	1.234132E-1
3.063239E+2	8.516183E-2
3.065878E+2	-2.269861E-3
3.068516E+2	-2.263136E-1
3.071155E+2	-3.410677E-1
3.073793E+2	-2.481715E-1
3.076431E+2	-2.645649E-1
3.079069E+2	-1.443464E-1
3.081707E+2	1.398066E-1
3.084345E+2	3.693148E-1
3.086983E+2	5.113913E-1
3.089621E+2	4.622110E-1
3.092259E+2	3.419924E-1
3.094896E+2	5.059269E-1
3.097534E+2	5.277848E-1
3.100171E+2	3.419924E-1
3.102809E+2	1.889870E-1
3.105446E+2	8.516183E-2
3.108084E+2	-9.516604E-2
3.110721E+2	-1.224884E-1
3.113358E+2	3.194620E-3
3.115995E+2	1.616646E-1
3.118632E+2	7.423287E-2
3.121269E+2	5.783943E-2
3.123906E+2	5.783943E-2
3.126543E+2	2.108449E-1
3.129179E+2	1.889870E-1
3.131816E+2	4.075662E-1
3.134453E+2	6.698613E-1
3.137089E+2	7.190416E-1
3.139725E+2	8.010088E-1
3.142362E+2	8.939050E-1
3.144998E+2	9.758722E-1
3.147634E+2	8.337957E-1
3.150270E+2	9.868012E-1
3.152906E+2	1.270954E+0
3.155542E+2	1.544178E+0
3.158178E+2	1.631610E+0
3.160814E+2	1.724506E+0
3.163450E+2	1.478604E+0
3.166086E+2	1.729971E+0
3.168721E+2	1.626145E+0
3.171357E+2	1.653468E+0
3.173992E+2	1.598823E+0
3.176627E+2	1.451282E+0
3.179263E+2	1.467675E+0
3.181898E+2	1.478604E+0
3.184533E+2	1.604288E+0
3.187168E+2	1.757293E+0
3.189803E+2	1.473140E+0
3.192438E+2	1.331063E+0
3.195073E+2	1.210845E+0
3.197708E+2	1.336528E+0
3.200342E+2	1.172594E+0
3.202977E+2	1.336528E+0
3.205612E+2	1.369315E+0
3.208246E+2	1.686255E+0
3.210881E+2	1.719042E+0
3.213515E+2	1.893905E+0
3.216149E+2	1.680790E+0
3.218783E+2	1.697184E+0
3.221417E+2	1.587894E+0
3.224051E+2	1.555107E+0
3.226685E+2	1.320135E+0
3.229319E+2	1.423960E+0
3.231953E+2	1.429424E+0
3.234587E+2	1.352921E+0
3.237221E+2	1.374779E+0
3.239854E+2	1.281883E+0
3.242488E+2	1.183522E+0
3.245121E+2	9.266919E-1
3.247754E+2	7.299706E-1
3.250388E+2	5.878941E-1
3.253021E+2	6.698613E-1
3.255654E+2	8.228668E-1
3.258287E+2	9.704077E-1
3.260920E+2	1.052375E+0
3.263553E+2	1.298277E+0
3.266186E+2	1.046910E+0
3.268819E+2	1.096091E+0
3.271451E+2	1.199916E+0
3.274084E+2	1.150736E+0
3.276717E+2	1.156200E+0
3.279349E+2	1.391173E+0
3.281981E+2	1.249096E+0
3.284614E+2	1.309206E+0
3.287246E+2	1.566036E+0
3.289878E+2	1.904834E+0
3.292510E+2	1.751828E+0
3.295142E+2	1.817402E+0
3.297774E+2	1.833796E+0
3.300406E+2	1.533249E+0
3.303038E+2	1.538714E+0
3.305670E+2	1.593359E+0
3.308301E+2	1.872047E+0
3.310933E+2	1.702648E+0
3.313564E+2	1.287348E+0
3.316196E+2	1.117949E+0
3.318827E+2	1.194451E+0
3.321458E+2	1.243632E+0
3.324089E+2	1.511391E+0
3.326721E+2	1.451282E+0
3.329352E+2	1.473140E+0
3.331983E+2	1.396637E+0
3.334614E+2	1.801009E+0
3.337244E+2	1.915763E+0
3.339875E+2	1.981337E+0
3.342506E+2	2.052375E+0
3.345136E+2	2.112484E+0
3.347767E+2	1.653468E+0
3.350397E+2	1.604288E+0
3.353028E+2	1.527785E+0
3.355658E+2	1.680790E+0
3.358288E+2	1.582430E+0
3.360918E+2	1.500462E+0
3.363548E+2	1.467675E+0
3.366178E+2	1.352921E+0
3.368808E+2	1.238167E+0
3.371438E+2	1.287348E+0
3.374068E+2	9.321564E-1
3.376698E+2	9.485498E-1
3.379327E+2	9.594788E-1
3.381957E+2	8.447247E-1
3.384586E+2	5.769651E-1
3.387216E+2	6.753258E-1
3.389845E+2	5.988230E-1
3.392474E+2	5.223203E-1
3.395103E+2	4.403531E-1
3.397733E+2	4.622110E-1
3.400362E+2	4.348886E-1
3.402990E+2	2.545607E-1
3.405619E+2	5.824296E-1
3.408248E+2	9.704077E-1
3.410877E+2	8.665826E-1
3.413506E+2	9.922657E-1
3.416134E+2	6.425389E-1
3.418763E+2	7.081127E-1
3.421391E+2	8.775116E-1
3.424019E+2	8.283312E-1
3.426648E+2	8.228668E-1
3.429276E+2	9.649433E-1
3.431904E+2	9.704077E-1
3.434532E+2	9.157629E-1
3.437160E+2	8.392602E-1
3.439788E+2	6.480034E-1
3.442416E+2	6.370744E-1
3.445043E+2	7.026482E-1
3.447671E+2	5.660361E-1
3.450299E+2	4.949979E-1
3.452926E+2	3.529214E-1
3.455554E+2	6.876839E-2
3.458181E+2	-6.237915E-2
3.460808E+2	1.179487E-1
3.463436E+2	3.474569E-1
3.466063E+2	2.764187E-1
3.468690E+2	-5.691467E-2
3.471317E+2	-2.044557E-1
3.473944E+2	-3.505675E-2
3.476570E+2	3.037411E-1
3.479197E+2	1.780580E-1
3.481824E+2	-1.716688E-1
3.484451E+2	-2.591005E-1
3.487077E+2	-1.224884E-1
3.489704E+2	-1.662043E-1
3.492330E+2	-1.880622E-1
3.494956E+2	-3.519966E-1
3.497582E+2	-3.246742E-1
3.500209E+2	-4.831442E-1
3.502835E+2	-4.503573E-1
3.505461E+2	-4.011770E-1
3.508087E+2	-1.989912E-1
3.510713E+2	-1.607398E-1
3.513338E+2	-3.505675E-2
3.515964E+2	-1.552753E-1
3.518590E+2	-2.591005E-1
3.521215E+2	-2.973518E-1
3.523841E+2	-5.596469E-1
3.526466E+2	-5.651114E-1
3.529091E+2	-3.410677E-1
3.531717E+2	-6.634720E-1
3.534342E+2	-1.498108E-1
3.536967E+2	3.194620E-3
3.539592E+2	-7.734342E-3
3.542217E+2	1.070198E-1
3.544842E+2	3.146700E-1
3.547467E+2	2.436318E-1
3.550091E+2	3.966372E-1
3.552716E+2	4.512821E-1
3.555341E+2	6.534678E-1
3.557965E+2	6.206810E-1
3.560590E+2	9.649433E-1
3.563214E+2	1.227238E+0
3.565838E+2	1.281883E+0
3.568462E+2	1.123413E+0
3.571086E+2	1.396637E+0
3.573711E+2	1.298277E+0
3.576335E+2	1.576965E+0
3.578958E+2	1.391173E+0
3.581582E+2	1.298277E+0
3.584206E+2	1.150736E+0
3.586830E+2	1.276419E+0
3.589453E+2	1.139807E+0
3.592077E+2	1.041446E+0
3.594700E+2	1.194451E+0
3.597324E+2	1.369315E+0
3.599947E+2	1.462211E+0
3.602570E+2	1.811938E+0
3.605193E+2	1.735435E+0
3.607816E+2	1.915763E+0
3.610439E+2	2.107020E+0
3.613062E+2	2.341992E+0
3.615685E+2	2.358386E+0
3.618308E+2	2.631610E+0
3.620930E+2	2.893905E+0
3.623553E+2	2.850189E+0
3.626176E+2	2.708113E+0
3.628798E+2	2.997730E+0
3.631420E+2	3.079697E+0
3.634043E+2	2.986801E+0
3.636665E+2	2.893905E+0
3.639287E+2	3.063304E+0
3.641909E+2	3.396637E+0
3.644531E+2	3.505927E+0
3.647153E+2	3.533249E+0
3.649775E+2	3.423960E+0
3.652397E+2	3.505927E+0
3.655018E+2	3.451282E+0
3.657640E+2	3.456747E+0
3.660262E+2	3.762757E+0
3.662883E+2	3.637074E+0
3.665505E+2	3.658932E+0
3.668126E+2	3.456747E+0
3.670747E+2	3.456747E+0
3.673368E+2	3.238167E+0
3.675989E+2	3.287348E+0
3.678610E+2	3.341992E+0
3.681231E+2	3.396637E+0
3.683852E+2	3.637074E+0
3.686473E+2	3.538714E+0
3.689094E+2	3.243632E+0
3.691714E+2	3.341992E+0
3.694335E+2	3.117949E+0
3.696955E+2	2.899369E+0
3.699576E+2	3.074233E+0
3.702196E+2	3.052375E+0
3.704816E+2	2.975872E+0
3.707437E+2	3.216309E+0
3.710057E+2	3.112484E+0
3.712677E+2	3.210845E+0
3.715297E+2	3.123413E+0
3.717917E+2	3.265490E+0
3.720536E+2	2.877512E+0
3.723156E+2	2.757293E+0
3.725776E+2	2.691719E+0
3.728395E+2	2.997730E+0
3.731015E+2	3.150736E+0
3.733634E+2	3.341992E+0
3.736254E+2	3.068768E+0
3.738873E+2	3.074233E+0
3.741492E+2	3.161665E+0
3.744111E+2	3.265490E+0
3.746730E+2	3.363850E+0
3.749349E+2	3.587894E+0
3.751968E+2	3.637074E+0
3.754587E+2	3.287348E+0
3.757206E+2	2.997730E+0
3.759824E+2	2.811938E+0
3.762443E+2	2.369315E+0
3.765061E+2	2.407566E+0
3.767680E+2	2.320135E+0
3.770298E+2	2.063304E+0
3.772916E+2	2.046910E+0
3.775535E+2	1.964943E+0
3.778153E+2	1.877512E+0
3.780771E+2	1.658932E+0
3.783389E+2	1.566036E+0
3.786007E+2	1.626145E+0
3.788624E+2	1.363850E+0
3.791242E+2	1.478604E+0
3.793860E+2	1.708113E+0
3.796477E+2	1.615216E+0
3.799095E+2	1.494998E+0
3.801712E+2	1.473140E+0
3.804330E+2	1.653468E+0
3.806947E+2	1.571501E+0
3.809564E+2	1.828331E+0
3.812181E+2	1.746364E+0
3.814798E+2	1.708113E+0
3.817415E+2	1.795544E+0
3.820032E+2	1.735435E+0
3.822649E+2	1.653468E+0
3.825266E+2	1.260025E+0
3.827883E+2	1.478604E+0
3.830499E+2	1.604288E+0
3.833116E+2	1.669861E+0
3.835732E+2	1.708113E+0
3.838348E+2	1.587894E+0
3.840965E+2	1.609752E+0
3.843581E+2	1.735435E+0
3.846197E+2	1.844725E+0
3.848813E+2	2.156200E+0
3.851429E+2	2.331063E+0
3.854045E+2	2.484069E+0
3.856661E+2	2.566036E+0
3.859277E+2	2.571501E+0
3.861892E+2	2.434889E+0
3.864508E+2	2.341992E+0
3.867124E+2	2.238167E+0
3.869739E+2	2.385708E+0
3.872354E+2	2.817402E+0
3.874970E+2	3.134342E+0
3.877585E+2	2.910298E+0
3.880200E+2	2.981337E+0
3.882815E+2	3.128878E+0
3.885430E+2	3.085162E+0
3.888045E+2	2.740900E+0
3.890660E+2	2.418495E+0
3.893275E+2	2.369315E+0
3.895889E+2	2.757293E+0
3.898504E+2	2.735435E+0
3.901118E+2	2.735435E+0
3.903733E+2	2.768222E+0
3.906347E+2	2.648003E+0
3.908962E+2	2.418495E+0
3.911576E+2	2.587894E+0
3.914190E+2	2.801009E+0
3.916804E+2	2.921227E+0
3.919418E+2	3.008659E+0
3.922032E+2	2.997730E+0
3.924646E+2	2.833796E+0
3.927260E+2	2.817402E+0
3.929873E+2	2.839260E+0
3.932487E+2	2.626145E+0
3.935100E+2	2.429424E+0
3.937714E+2	2.331063E+0
3.940327E+2	2.467675E+0
3.942941E+2	2.243632E+0
3.945554E+2	2.413031E+0
3.948167E+2	2.691719E+0
3.950780E+2	2.740900E+0
3.953393E+2	2.626145E+0
3.956006E+2	2.631610E+0
3.958619E+2	2.587894E+0
3.961232E+2	2.281883E+0
3.963844E+2	1.926692E+0
3.966457E+2	1.975872E+0
3.969069E+2	1.975872E+0
3.971682E+2	2.046910E+0
3.974294E+2	2.025053E+0
3.976907E+2	1.855654E+0
3.979519E+2	1.719042E+0
3.982131E+2	1.861118E+0
3.984743E+2	2.101555E+0
3.987355E+2	1.959479E+0
3.989967E+2	1.943085E+0
3.992579E+2	1.959479E+0
3.995191E+2	1.724506E+0
3.997802E+2	1.675326E+0
4.000414E+2	1.762757E+0
4.003025E+2	1.675326E+0
4.005637E+2	1.418495E+0
4.008248E+2	1.331063E+0
4.010860E+2	1.249096E+0
4.013471E+2	1.112484E+0
4.016082E+2	1.019588E+0
4.018693E+2	8.392602E-1
4.021304E+2	9.321564E-1
4.023915E+2	1.249096E+0
4.026526E+2	1.265490E+0
4.029137E+2	9.868012E-1
4.031747E+2	8.174023E-1
4.034358E+2	5.824296E-1
4.036968E+2	9.102984E-1
4.039579E+2	9.594788E-1
4.042189E+2	7.190416E-1
4.044800E+2	7.627575E-1
4.047410E+2	7.900799E-1
4.050020E+2	1.260025E+0
4.052630E+2	1.298277E+0
4.055240E+2	1.101555E+0
4.057850E+2	1.227238E+0
4.060460E+2	1.391173E+0
4.063070E+2	1.347457E+0
4.065679E+2	1.396637E+0
4.068289E+2	1.402102E+0
4.070898E+2	1.085162E+0
4.073508E+2	8.337957E-1
4.076117E+2	6.589323E-1
4.078727E+2	5.441782E-1
4.081336E+2	8.064733E-1
4.083945E+2	9.594788E-1
4.086554E+2	7.190416E-1
4.089163E+2	6.698613E-1
4.091772E+2	9.048340E-1
4.094381E+2	1.238167E+0
4.096990E+2	1.413031E+0
4.099598E+2	1.500462E+0
4.102207E+2	1.675326E+0
4.104815E+2	1.702648E+0
4.107424E+2	1.555107E+0
4.110032E+2	1.456747E+0
4.112640E+2	1.254561E+0
4.115249E+2	1.325599E+0
4.117857E+2	1.314670E+0
4.120465E+2	1.484069E+0
4.123073E+2	1.445818E+0
4.125681E+2	1.631610E+0
4.128289E+2	1.653468E+0
4.130896E+2	1.653468E+0
4.133504E+2	1.620681E+0
4.136112E+2	1.680790E+0
4.138719E+2	1.560572E+0
4.141327E+2	1.484069E+0
4.143934E+2	1.527785E+0
4.146541E+2	1.801009E+0
4.149149E+2	1.817402E+0
4.151756E+2	1.899369E+0
4.154363E+2	2.172594E+0
4.156970E+2	2.347457E+0
4.159577E+2	2.478604E+0
4.162184E+2	2.358386E+0
4.164790E+2	2.609752E+0
4.167397E+2	2.341992E+0
4.170004E+2	2.249096E+0
4.172610E+2	2.473140E+0
4.175217E+2	2.713577E+0
4.177823E+2	2.981337E+0
4.180429E+2	3.188987E+0
4.183035E+2	3.161665E+0
4.185642E+2	3.238167E+0
4.188248E+2	3.429424E+0
4.190854E+2	3.167129E+0
4.193459E+2	3.134342E+0
4.196065E+2	3.221774E+0
4.198671E+2	3.117949E+0
4.201277E+2	3.003195E+0
4.203882E+2	2.686255E+0
4.206488E+2	2.757293E+0
4.209093E+2	2.325599E+0
4.211699E+2	2.276419E+0
4.214304E+2	2.243632E+0
4.216909E+2	2.227238E+0
4.219514E+2	2.035982E+0
4.222119E+2	2.008659E+0
4.224724E+2	2.046910E+0
4.227329E+2	1.964943E+0
4.229934E+2	2.014124E+0
4.232539E+2	2.183522E+0
4.235143E+2	2.576965E+0
4.237748E+2	2.669861E+0
4.240352E+2	2.768222E+0
4.242957E+2	2.757293E+0
4.245561E+2	3.150736E+0
4.248166E+2	3.298277E+0
4.250770E+2	3.014124E+0
4.253374E+2	3.052375E+0
4.255978E+2	2.970408E+0
4.258582E+2	3.057839E+0
4.261186E+2	3.172594E+0
4.263790E+2	3.298277E+0
4.266393E+2	3.331063E+0
4.268997E+2	3.254561E+0
4.271600E+2	3.566036E+0
4.274204E+2	3.484069E+0
4.276807E+2	3.544178E+0
4.279411E+2	3.505927E+0
4.282014E+2	3.593359E+0
4.284617E+2	3.227238E+0
4.287220E+2	3.145271E+0
4.289823E+2	3.128878E+0
4.292426E+2	3.292812E+0
4.295029E+2	3.270954E+0
4.297632E+2	3.516856E+0
4.300235E+2	3.555107E+0
4.302837E+2	3.642539E+0
4.305440E+2	3.587894E+0
4.308042E+2	3.702648E+0
4.310645E+2	3.686255E+0
4.313247E+2	3.576965E+0
4.315849E+2	3.511391E+0
4.318451E+2	3.456747E+0
4.321054E+2	3.773686E+0
4.323656E+2	3.544178E+0
4.326258E+2	3.680790E+0
4.328859E+2	3.407566E+0
4.331461E+2	2.833796E+0
4.334063E+2	2.544178E+0
4.336665E+2	2.582430E+0
4.339266E+2	2.631610E+0
4.341868E+2	2.522320E+0
4.344469E+2	2.380244E+0
4.347070E+2	2.500462E+0
4.349671E+2	2.735435E+0
4.352273E+2	2.932156E+0
4.354874E+2	2.844725E+0
4.357475E+2	3.128878E+0
4.360076E+2	3.320135E+0
4.362677E+2	3.576965E+0
4.365277E+2	3.445818E+0
4.367878E+2	3.494998E+0
4.370479E+2	3.593359E+0
4.373079E+2	3.861118E+0
4.375680E+2	4.008659E+0
4.378280E+2	4.183522E+0
4.380880E+2	4.413031E+0
4.383480E+2	4.560572E+0
4.386081E+2	4.729971E+0
4.388681E+2	5.150736E+0
4.391281E+2	5.380244E+0
4.393881E+2	5.090626E+0
4.396480E+2	5.445818E+0
4.399080E+2	5.489533E+0
4.401680E+2	5.549643E+0
4.404279E+2	5.544178E+0
4.406879E+2	5.631610E+0
4.409478E+2	5.959479E+0
4.412078E+2	5.981337E+0
4.414677E+2	6.194451E+0
4.417276E+2	6.139807E+0
4.419875E+2	6.161665E+0
4.422474E+2	6.041446E+0
4.425073E+2	6.052375E+0
4.427672E+2	6.194451E+0
4.430271E+2	6.194451E+0
4.432870E+2	6.270954E+0
4.435469E+2	6.287348E+0
4.438067E+2	6.243632E+0
4.440666E+2	6.336528E+0
4.443264E+2	6.544178E+0
4.445862E+2	6.555107E+0
4.448461E+2	6.872047E+0
4.451059E+2	7.096091E+0
4.453657E+2	7.402102E+0
4.456255E+2	7.522320E+0
4.458853E+2	7.762757E+0
4.461451E+2	7.937621E+0
4.464049E+2	8.167129E+0
4.466646E+2	8.314670E+0
4.469244E+2	8.571501E+0
4.471842E+2	8.811938E+0
4.474439E+2	9.199916E+0
4.477036E+2	9.303741E+0
4.479634E+2	9.112484E+0
4.482231E+2	9.533249E+0
4.484828E+2	9.708113E+0
4.487425E+2	1.030921E+1
4.490022E+2	1.105237E+1
4.492619E+2	1.156604E+1
4.495216E+2	1.170265E+1
4.497813E+2	1.175183E+1
4.500410E+2	1.187205E+1
4.503006E+2	1.207970E+1
4.505603E+2	1.252778E+1
4.508199E+2	1.262068E+1
4.510796E+2	1.244582E+1
4.513392E+2	1.268079E+1
4.515988E+2	1.263707E+1
4.518584E+2	1.290483E+1
4.521180E+2	1.322724E+1
4.523776E+2	1.362615E+1
4.526372E+2	1.387751E+1
4.528968E+2	1.387751E+1
4.531564E+2	1.376276E+1
4.534160E+2	1.399773E+1
4.536755E+2	1.408516E+1
4.539351E+2	1.451686E+1
4.541946E+2	1.462615E+1
4.544541E+2	1.495948E+1
4.547137E+2	1.504691E+1
4.549732E+2	1.535292E+1
4.552327E+2	1.551686E+1
4.554922E+2	1.544035E+1
4.557517E+2	1.590483E+1
4.560112E+2	1.645675E+1
4.562707E+2	1.680647E+1
4.565302E+2	1.705784E+1
4.567896E+2	1.772451E+1
4.570491E+2	1.835292E+1
4.573085E+2	1.898134E+1
4.575680E+2	1.954418E+1
4.578274E+2	1.981194E+1
4.580868E+2	2.008516E+1
4.583463E+2	2.064800E+1
4.586057E+2	2.132013E+1
4.588651E+2	2.198680E+1
4.591245E+2	2.272451E+1
4.593838E+2	2.362615E+1
4.596432E+2	2.459336E+1
4.599026E+2	2.522177E+1
4.601620E+2	2.569718E+1
4.604213E+2	2.598680E+1
4.606807E+2	2.658789E+1
4.609400E+2	2.723270E+1
4.611993E+2	2.755511E+1
4.614587E+2	2.812341E+1
4.617180E+2	2.906330E+1
4.619773E+2	2.945128E+1
4.622366E+2	3.016166E+1
4.624959E+2	3.134199E+1
4.627552E+2	3.200319E+1
4.630144E+2	3.287205E+1
4.632737E+2	3.373544E+1
4.635330E+2	3.495948E+1
4.637922E+2	3.624910E+1
4.640515E+2	3.740210E+1
4.643107E+2	3.890483E+1
4.645699E+2	4.044035E+1
4.648292E+2	4.170811E+1
4.650884E+2	4.287751E+1
4.653476E+2	4.453871E+1
4.656068E+2	4.607970E+1
4.658660E+2	4.777369E+1
4.661251E+2	5.001412E+1
4.663843E+2	5.126549E+1
4.666435E+2	5.253871E+1
4.669026E+2	5.450593E+1
4.671618E+2	5.617259E+1
4.674209E+2	5.824363E+1
4.676801E+2	5.983926E+1
4.679392E+2	6.182833E+1
4.681983E+2	6.399773E+1
4.684574E+2	6.639117E+1
4.687165E+2	6.928735E+1
4.689756E+2	7.181194E+1
4.692347E+2	7.408516E+1
4.694938E+2	7.677369E+1
4.697529E+2	7.917259E+1
4.700119E+2	8.204145E+1
4.702710E+2	8.436931E+1
4.705300E+2	8.745128E+1
4.707891E+2	9.003052E+1
4.710481E+2	9.317259E+1
4.713071E+2	9.640757E+1
4.715661E+2	9.967533E+1
4.718252E+2	1.029704E+2
4.720842E+2	1.064841E+2
4.723431E+2	1.102108E+2
4.726021E+2	1.134185E+2
4.728611E+2	1.168010E+2
4.731201E+2	1.204622E+2
4.733790E+2	1.240524E+2
4.736380E+2	1.280961E+2
4.738969E+2	1.323147E+2
4.741559E+2	1.365442E+2
4.744148E+2	1.404404E+2
4.746737E+2	1.450961E+2
4.749326E+2	1.494622E+2
4.751915E+2	1.535442E+2
4.754504E+2	1.578229E+2
4.757093E+2	1.626371E+2
4.759682E+2	1.677190E+2
4.762271E+2	1.728666E+2
4.764859E+2	1.773037E+2
4.767448E+2	1.824076E+2
4.770037E+2	1.876644E+2
4.772625E+2	1.928502E+2
4.775213E+2	1.976863E+2
4.777802E+2	2.030305E+2
4.780390E+2	2.082600E+2
4.782978E+2	2.132382E+2
4.785566E+2	2.189485E+2
4.788154E+2	2.245879E+2
4.790742E+2	2.299649E+2
4.793329E+2	2.353802E+2
4.795917E+2	2.412327E+2
4.798505E+2	2.466753E+2
4.801092E+2	2.518119E+2
4.803680E+2	2.572710E+2
4.806267E+2	2.629322E+2
4.808854E+2	2.686917E+2
4.811442E+2	2.740305E+2
4.814029E+2	2.799267E+2
4.816616E+2	2.861890E+2
4.819203E+2	2.919103E+2
4.821790E+2	2.979595E+2
4.824377E+2	3.045934E+2
4.826963E+2	3.109595E+2
4.829550E+2	3.171617E+2
4.832137E+2	3.234622E+2
4.834723E+2	3.301617E+2
4.837310E+2	3.366753E+2
4.839896E+2	3.433256E+2
4.842482E+2	3.499595E+2
4.845068E+2	3.559813E+2
4.847655E+2	3.626917E+2
4.850241E+2	3.692928E+2
4.852827E+2	3.757628E+2
4.855412E+2	3.822600E+2
4.857998E+2	3.888283E+2
4.860584E+2	3.958720E+2
4.863170E+2	4.024240E+2
4.865755E+2	4.094841E+2
4.868341E+2	4.164294E+2
4.870926E+2	4.234240E+2
4.873511E+2	4.301234E+2
4.876097E+2	4.370360E+2
4.878682E+2	4.438502E+2
4.881267E+2	4.508611E+2
4.883852E+2	4.579595E+2
4.886437E+2	4.650524E+2
4.889022E+2	4.716808E+2
4.891606E+2	4.787955E+2
4.894191E+2	4.859540E+2
4.896776E+2	4.935332E+2
4.899360E+2	5.009540E+2
4.901945E+2	5.080469E+2
4.904529E+2	5.146316E+2
4.907113E+2	5.216535E+2
4.909697E+2	5.295332E+2
4.912282E+2	5.371617E+2
4.914866E+2	5.447354E+2
4.917450E+2	5.521070E+2
4.920034E+2	5.599267E+2
4.922617E+2	5.677409E+2
4.925201E+2	5.751398E+2
4.927785E+2	5.829595E+2
4.930368E+2	5.907573E+2
4.932952E+2	5.983475E+2
4.935535E+2	6.063420E+2
4.938118E+2	6.144240E+2
4.940702E+2	6.222655E+2
4.943285E+2	6.301234E+2
4.945868E+2	6.381671E+2
4.948451E+2	6.464076E+2
4.951034E+2	6.546917E+2
4.953617E+2	6.624130E+2
4.956200E+2	6.708010E+2
4.958782E+2	6.795223E+2
4.961365E+2	6.882054E+2
4.963947E+2	6.968174E+2
4.966530E+2	7.055934E+2
4.969112E+2	7.143256E+2
4.971694E+2	7.229103E+2
4.974277E+2	7.315005E+2
4.976859E+2	7.404240E+2
4.979441E+2	7.497573E+2
4.982023E+2	7.586425E+2
4.984605E+2	7.675278E+2
4.987187E+2	7.769212E+2
4.989768E+2	7.859158E+2
4.992350E+2	7.950087E+2
4.994931E+2	8.038611E+2
4.997513E+2	8.129158E+2
5.000094E+2	8.222054E+2
5.002676E+2	8.313639E+2
5.005257E+2	8.406207E+2
5.007838E+2	8.501125E+2
5.010419E+2	8.595442E+2
5.013000E+2	8.694130E+2
5.015581E+2	8.794021E+2
5.018162E+2	8.894076E+2
5.020743E+2	8.991671E+2
5.023323E+2	9.095496E+2
5.025904E+2	9.194895E+2
5.028485E+2	9.296808E+2
5.031065E+2	9.397682E+2
5.033645E+2	9.501507E+2
5.036226E+2	9.603966E+2
5.038806E+2	9.702218E+2
5.041386E+2	9.809485E+2
5.043966E+2	9.916972E+2
5.046546E+2	1.002429E+3
5.049126E+2	1.013140E+3
5.051706E+2	1.024446E+3
5.054285E+2	1.035326E+3
5.056865E+2	1.046118E+3
5.059445E+2	1.057746E+3
5.062024E+2	1.069369E+3
5.064604E+2	1.080921E+3
5.067183E+2	1.091850E+3
5.069762E+2	1.103495E+3
5.072341E+2	1.114708E+3
5.074920E+2	1.126599E+3
5.077499E+2	1.138058E+3
5.080078E+2	1.150085E+3
5.082657E+2	1.161539E+3
5.085236E+2	1.173418E+3
5.087815E+2	1.185708E+3
5.090393E+2	1.198402E+3
5.092972E+2	1.210358E+3
5.095550E+2	1.222249E+3
5.098129E+2	1.234725E+3
5.100707E+2	1.247249E+3
5.103285E+2	1.260205E+3
5.105863E+2	1.273112E+3
5.108441E+2	1.285659E+3
5.111019E+2	1.299265E+3
5.113597E+2	1.311708E+3
5.116175E+2	1.324916E+3
5.118753E+2	1.338041E+3
5.121330E+2	1.351271E+3
5.123908E+2	1.364047E+3
5.126485E+2	1.377397E+3
5.129063E+2	1.391184E+3
5.131640E+2	1.405337E+3
5.134217E+2	1.419205E+3
5.136794E+2	1.433342E+3
5.139371E+2	1.447621E+3
5.141948E+2	1.462490E+3
5.144525E+2	1.476511E+3
5.147102E+2	1.491184E+3
5.149679E+2	1.505850E+3
5.152256E+2	1.520473E+3
5.154832E+2	1.535041E+3
5.157409E+2	1.549697E+3
5.159985E+2	1.564823E+3
5.162562E+2	1.579981E+3
5.165138E+2	1.595052E+3
5.167714E+2	1.610238E+3
5.170290E+2	1.625424E+3
5.172866E+2	1.640244E+3
5.175442E+2	1.655424E+3
5.178018E+2	1.670593E+3
5.180594E+2	1.685517E+3
5.183170E+2	1.701287E+3
5.185745E+2	1.717107E+3
5.188321E+2	1.732402E+3
5.190896E+2	1.748063E+3
5.193472E+2	1.763730E+3
5.196047E+2	1.780047E+3
5.198622E+2	1.796003E+3
5.201197E+2	1.811894E+3
5.203772E+2	1.828211E+3
5.206347E+2	1.845156E+3
5.208922E+2	1.860774E+3
5.211497E+2	1.876566E+3
5.214072E+2	1.892965E+3
5.216646E+2	1.909714E+3
5.219221E+2	1.926446E+3
5.221795E+2	1.943233E+3
5.224370E+2	1.959998E+3
5.226944E+2	1.976298E+3
5.229519E+2	1.993506E+3
5.232093E+2	2.009916E+3
5.234667E+2	2.027031E+3
5.237241E+2	2.043725E+3
5.239815E+2	2.061216E+3
5.242389E+2	2.078337E+3
5.244962E+2	2.095326E+3
5.247536E+2	2.112342E+3
5.250110E+2	2.130358E+3
5.252683E+2	2.147763E+3
5.255257E+2	2.165058E+3
5.257830E+2	2.182817E+3
5.260403E+2	2.200085E+3
5.262977E+2	2.217539E+3
5.265550E+2	2.234894E+3
5.268123E+2	2.251298E+3
5.270696E+2	2.269304E+3
5.273269E+2	2.286867E+3
5.275841E+2	2.304156E+3
5.278414E+2	2.322413E+3
5.280987E+2	2.340462E+3
5.283559E+2	2.358599E+3
5.286132E+2	2.376823E+3
5.288704E+2	2.394402E+3
5.291276E+2	2.412112E+3
5.293849E+2	2.429397E+3
5.296421E+2	2.447479E+3
5.298993E+2	2.465151E+3
5.301565E+2	2.483162E+3
5.304137E+2	2.500446E+3
5.306709E+2	2.518561E+3
5.309280E+2	2.537550E+3
5.311852E+2	2.555905E+3
5.314424E+2	2.573468E+3
5.316995E+2	2.592260E+3
5.319567E+2	2.610741E+3
5.322138E+2	2.629380E+3
5.324709E+2	2.648309E+3
5.327280E+2	2.667074E+3
5.329852E+2	2.685763E+3
5.332423E+2	2.704888E+3
5.334994E+2	2.723774E+3
5.337564E+2	2.742566E+3
5.340135E+2	2.761091E+3
5.342706E+2	2.780102E+3
5.345276E+2	2.799828E+3
5.347847E+2	2.819555E+3
5.350417E+2	2.838418E+3
5.352988E+2	2.858091E+3
5.355558E+2	2.877408E+3
5.358128E+2	2.896735E+3
5.360698E+2	2.916440E+3
5.363269E+2	2.935539E+3
5.365839E+2	2.955796E+3
5.368408E+2	2.975817E+3
5.370978E+2	2.995735E+3
5.373548E+2	3.015768E+3
5.376118E+2	3.036331E+3
5.378687E+2	3.056490E+3
5.381257E+2	3.076883E+3
5.383826E+2	3.097386E+3
5.386395E+2	3.117517E+3
5.388965E+2	3.138730E+3
5.391534E+2	3.158861E+3
5.394103E+2	3.179282E+3
5.396672E+2	3.200845E+3
5.399241E+2	3.221637E+3
5.401810E+2	3.242205E+3
5.404378E+2	3.263222E+3
5.406947E+2	3.283714E+3
5.409516E+2	3.304867E+3
5.412084E+2	3.326129E+3
5.414653E+2	3.347992E+3
5.417221E+2	3.368949E+3
5.419789E+2	3.390102E+3
5.422357E+2	3.411282E+3
5.424925E+2	3.433495E+3
5.427493E+2	3.455681E+3
5.430061E+2	3.477003E+3
5.432629E+2	3.498643E+3
5.435197E+2	3.519506E+3
5.437765E+2	3.541222E+3
5.440332E+2	3.563484E+3
5.442900E+2	3.584894E+3
5.445467E+2	3.606194E+3
5.448035E+2	3.628369E+3
5.450602E+2	3.650954E+3
5.453169E+2	3.672714E+3
5.455736E+2	3.694457E+3
5.458303E+2	3.717091E+3
5.460870E+2	3.739850E+3
5.463437E+2	3.761998E+3
5.466004E+2	3.783036E+3
5.468571E+2	3.805194E+3
5.471137E+2	3.827910E+3
5.473704E+2	3.849828E+3
5.476270E+2	3.872429E+3
5.478837E+2	3.894714E+3
5.481403E+2	3.917069E+3
5.483969E+2	3.939959E+3
5.486535E+2	3.962834E+3
5.489101E+2	3.985347E+3
5.491667E+2	4.008271E+3
5.494233E+2	4.031173E+3
5.496799E+2	4.054320E+3
5.499365E+2	4.076899E+3
5.501931E+2	4.099369E+3
5.504496E+2	4.122063E+3
5.507062E+2	4.146697E+3
5.509627E+2	4.169052E+3
5.512192E+2	4.192664E+3
5.514758E+2	4.215867E+3
5.517323E+2	4.238418E+3
5.519888E+2	4.261544E+3
5.522453E+2	4.284440E+3
5.525018E+2	4.307462E+3
5.527583E+2	4.330140E+3
5.530147E+2	4.352796E+3
5.532712E+2	4.374276E+3
5.535277E+2	4.396845E+3
5.537841E+2	4.419418E+3
5.540406E+2	4.442167E+3
5.542970E+2	4.464910E+3
5.545534E+2	4.487178E+3
5.548098E+2	4.510222E+3
5.550663E+2	4.533418E+3
5.553227E+2	4.556107E+3
5.555791E+2	4.579342E+3
5.558354E+2	4.603265E+3
5.560918E+2	4.626664E+3
5.563482E+2	4.650604E+3
5.566046E+2	4.674675E+3
5.568609E+2	4.698112E+3
5.571173E+2	4.720074E+3
5.573736E+2	4.743495E+3
5.576299E+2	4.767129E+3
5.578862E+2	4.791506E+3
5.581426E+2	4.814342E+3
5.583989E+2	4.836812E+3
5.586552E+2	4.860850E+3
5.589114E+2	4.884429E+3
5.591677E+2	4.908572E+3
5.594240E+2	4.931577E+3
5.596803E+2	4.953910E+3
5.599365E+2	4.977282E+3
5.601928E+2	5.002358E+3
5.604490E+2	5.025823E+3
5.607052E+2	5.048992E+3
5.609614E+2	5.072610E+3
5.612177E+2	5.096495E+3
5.614739E+2	5.119867E+3
5.617301E+2	5.143304E+3
5.619863E+2	5.166992E+3
5.622424E+2	5.191692E+3
5.624986E+2	5.215369E+3
5.627548E+2	5.240468E+3
5.630109E+2	5.264643E+3
5.632671E+2	5.288500E+3
5.635232E+2	5.313014E+3
5.637794E+2	5.337380E+3
5.640355E+2	5.361517E+3
5.642916E+2	5.385774E+3
5.645477E+2	5.409342E+3
5.648038E+2	5.433479E+3
5.650599E+2	5.457205E+3
5.653160E+2	5.481080E+3
5.655721E+2	5.505293E+3
5.658281E+2	5.529839E+3
5.660842E+2	5.553905E+3
5.663402E+2	5.577337E+3
5.665963E+2	5.600801E+3
5.668523E+2	5.624424E+3
5.671083E+2	5.649173E+3
5.673644E+2	5.675216E+3
5.676204E+2	5.699446E+3
5.678764E+2	5.723397E+3
5.681324E+2	5.748167E+3
5.683883E+2	5.772965E+3
5.686443E+2	5.797298E+3
5.689003E+2	5.822703E+3
5.691562E+2	5.847550E+3
5.694122E+2	5.872511E+3
5.696681E+2	5.897276E+3
5.699241E+2	5.921965E+3
5.701800E+2	5.946293E+3
5.704359E+2	5.971162E+3
5.706918E+2	5.995916E+3
5.709477E+2	6.019878E+3
5.712036E+2	6.043927E+3
5.714595E+2	6.068500E+3
5.717154E+2	6.093020E+3
5.719713E+2	6.116664E+3
5.722271E+2	6.140129E+3
5.724830E+2	6.164959E+3
5.727388E+2	6.189856E+3
5.729947E+2	6.214517E+3
5.732505E+2	6.238309E+3
5.735063E+2	6.261309E+3
5.737621E+2	6.287162E+3
5.740179E+2	6.311473E+3
5.742737E+2	6.335424E+3
5.745295E+2	6.359222E+3
5.747853E+2	6.382965E+3
5.750411E+2	6.407796E+3
5.752968E+2	6.432276E+3
5.755526E+2	6.455703E+3
5.758083E+2	6.478380E+3
5.760641E+2	6.502129E+3
5.763198E+2	6.526216E+3
5.765755E+2	6.549686E+3
5.768312E+2	6.573664E+3
5.770869E+2	6.596872E+3
5.773426E+2	6.620522E+3
5.775983E+2	6.642981E+3
5.778540E+2	6.665910E+3
5.781097E+2	6.690009E+3
5.783653E+2	6.712276E+3
5.786210E+2	6.734566E+3
5.788766E+2	6.757566E+3
5.791323E+2	6.779632E+3
5.793879E+2	6.803014E+3
5.796435E+2	6.825091E+3
5.798991E+2	6.847102E+3
5.801547E+2	6.869233E+3
5.804103E+2	6.891539E+3
5.806659E+2	6.913337E+3
5.809215E+2	6.935391E+3
5.811771E+2	6.957768E+3
5.814327E+2	6.979265E+3
5.816882E+2	7.000533E+3
5.819438E+2	7.021337E+3
5.821993E+2	7.043369E+3
5.824548E+2	7.063757E+3
5.827104E+2	7.084315E+3
5.829659E+2	7.103473E+3
5.832214E+2	7.123107E+3
5.834769E+2	7.143391E+3
5.837324E+2	7.163216E+3
5.839878E+2	7.183337E+3
5.842433E+2	7.203112E+3
5.844988E+2	7.222490E+3
5.847542E+2	7.241495E+3
5.850097E+2	7.260429E+3
5.852651E+2	7.278856E+3
5.855206E+2	7.297003E+3
5.857760E+2	7.315867E+3
5.860314E+2	7.333074E+3
5.862868E+2	7.350418E+3
5.865422E+2	7.368981E+3
5.867976E+2	7.386921E+3
5.870530E+2	7.404287E+3
5.873084E+2	7.421992E+3
5.875637E+2	7.439265E+3
5.878191E+2	7.456998E+3
5.880744E+2	7.473659E+3
5.883298E+2	7.490413E+3
5.885851E+2	7.507118E+3
5.888404E+2	7.524009E+3
5.890958E+2	7.541178E+3
5.893511E+2	7.555987E+3
5.896064E+2	7.572686E+3
5.898617E+2	7.588200E+3
5.901169E+2	7.604375E+3
5.903722E+2	7.620681E+3
5.906275E+2	7.636347E+3
5.908827E+2	7.651681E+3
5.911380E+2	7.667304E+3
5.913932E+2	7.682096E+3
5.916485E+2	7.697123E+3
5.919037E+2	7.712572E+3
5.921589E+2	7.727260E+3
5.924141E+2	7.741730E+3
5.926693E+2	7.756123E+3
5.929245E+2	7.770927E+3
5.931797E+2	7.786413E+3
5.934349E+2	7.800380E+3
5.936900E+2	7.814533E+3
5.939452E+2	7.828358E+3
5.942004E+2	7.842309E+3
5.944555E+2	7.855435E+3
5.947106E+2	7.869233E+3
5.949658E+2	7.882025E+3
5.952209E+2	7.897386E+3
5.954760E+2	7.911500E+3
5.957311E+2	7.925637E+3
5.959862E+2	7.940276E+3
5.962413E+2	7.955178E+3
5.964963E+2	7.968659E+3
5.967514E+2	7.981845E+3
5.970065E+2	7.996533E+3
5.972615E+2	8.011550E+3
5.975166E+2	8.024725E+3
5.977716E+2	8.038599E+3
5.980266E+2	8.052375E+3
5.982816E+2	8.065074E+3
5.985367E+2	8.079118E+3
5.987917E+2	8.093304E+3
5.990467E+2	8.106369E+3
5.993016E+2	8.119888E+3
5.995566E+2	8.132927E+3
5.998116E+2	8.145637E+3
6.000665E+2	8.158216E+3
6.003215E+2	8.169703E+3
6.005764E+2	8.182386E+3
6.008314E+2	8.195561E+3
6.010863E+2	8.209123E+3
6.013412E+2	8.221320E+3
6.015961E+2	8.234342E+3
6.018510E+2	8.248725E+3
6.021059E+2	8.260227E+3
6.023608E+2	8.272424E+3
6.026157E+2	8.283861E+3
6.028706E+2	8.294227E+3
6.031254E+2	8.304921E+3
6.033803E+2	8.314490E+3
6.036351E+2	8.324369E+3
6.038900E+2	8.334610E+3
6.041448E+2	8.344550E+3
6.043996E+2	8.354282E+3
6.046544E+2	8.362932E+3
6.049092E+2	8.373189E+3
6.051640E+2	8.382342E+3
6.054188E+2	8.392418E+3
6.056736E+2	8.401927E+3
6.059283E+2	8.410435E+3
6.061831E+2	8.418856E+3
6.064378E+2	8.427801E+3
6.066926E+2	8.436752E+3
6.069473E+2	8.445337E+3
6.072021E+2	8.453533E+3
6.074568E+2	8.460265E+3
6.077115E+2	8.467167E+3
6.079662E+2	8.473850E+3
6.082209E+2	8.480473E+3
6.084756E+2	8.485888E+3
6.087302E+2	8.492446E+3
6.089849E+2	8.498380E+3
6.092396E+2	8.502626E+3
6.094942E+2	8.508353E+3
6.097489E+2	8.514216E+3
6.100035E+2	8.518648E+3
6.102581E+2	8.522856E+3
6.105127E+2	8.526517E+3
6.107674E+2	8.528490E+3
6.110220E+2	8.531555E+3
6.112766E+2	8.534380E+3
6.115311E+2	8.535883E+3
6.117857E+2	8.537528E+3
6.120403E+2	8.539058E+3
6.122948E+2	8.539386E+3
6.125494E+2	8.538774E+3
6.128039E+2	8.537500E+3
6.130585E+2	8.537659E+3
6.133130E+2	8.536790E+3
6.135675E+2	8.536402E+3
6.138220E+2	8.535834E+3
6.140765E+2	8.533550E+3
6.143310E+2	8.531511E+3
6.145855E+2	8.529517E+3
6.148400E+2	8.526850E+3
6.150945E+2	8.523839E+3
6.153489E+2	8.520413E+3
6.156034E+2	8.516517E+3
6.158578E+2	8.514364E+3
6.161123E+2	8.510309E+3
6.163667E+2	8.505189E+3
6.166211E+2	8.500785E+3
6.168755E+2	8.495544E+3
6.171299E+2	8.490500E+3
6.173843E+2	8.484380E+3
6.176387E+2	8.478670E+3
6.178931E+2	8.471910E+3
6.181474E+2	8.465692E+3
6.184018E+2	8.460839E+3
6.186561E+2	8.455418E+3
6.189105E+2	8.449462E+3
6.191648E+2	8.442659E+3
6.194191E+2	8.434735E+3
6.196735E+2	8.427779E+3
6.199278E+2	8.420817E+3
6.201821E+2	8.414965E+3
6.204364E+2	8.406714E+3
6.206907E+2	8.398255E+3
6.209449E+2	8.390216E+3
6.211992E+2	8.382156E+3
6.214535E+2	8.373118E+3
6.217077E+2	8.365287E+3
6.219619E+2	8.356189E+3
6.222162E+2	8.346375E+3
6.224704E+2	8.336479E+3
6.227246E+2	8.326582E+3
6.229788E+2	8.317615E+3
6.232330E+2	8.308856E+3
6.234872E+2	8.299604E+3
6.237414E+2	8.290544E+3
6.239956E+2	8.280173E+3
6.242498E+2	8.270058E+3
6.245039E+2	8.260528E+3
6.247581E+2	8.252260E+3
6.250122E+2	8.241604E+3
6.252663E+2	8.230943E+3
6.255205E+2	8.221233E+3
6.257746E+2	8.210834E+3
6.260287E+2	8.199741E+3
6.262828E+2	8.187588E+3
6.265369E+2	8.177167E+3
6.267910E+2	8.165440E+3
6.270450E+2	8.154074E+3
6.272991E+2	8.142637E+3
6.275532E+2	8.131080E+3
6.278072E+2	8.119648E+3
6.280613E+2	8.108429E+3
6.283153E+2	8.096123E+3
6.285693E+2	8.085085E+3
6.288233E+2	8.072643E+3
6.290773E+2	8.060987E+3
6.293313E+2	8.047714E+3
6.295853E+2	8.036572E+3
6.298393E+2	8.024544E+3
6.300933E+2	8.011692E+3
6.303472E+2	7.998987E+3
6.306012E+2	7.986047E+3
6.308551E+2	7.973036E+3
6.311091E+2	7.961036E+3
6.313630E+2	7.947823E+3
6.316169E+2	7.935058E+3
6.318709E+2	7.923063E+3
6.321248E+2	7.909140E+3
6.323787E+2	7.896375E+3
6.326326E+2	7.882107E+3
6.328864E+2	7.868211E+3
6.331403E+2	7.855899E+3
6.333942E+2	7.842703E+3
6.336480E+2	7.829309E+3
6.339019E+2	7.814708E+3
6.341557E+2	7.800402E+3
6.344095E+2	7.786823E+3
6.346634E+2	7.773752E+3
6.349172E+2	7.761287E+3
6.351710E+2	7.747337E+3
6.354248E+2	7.733287E+3
6.356786E+2	7.719309E+3
6.359324E+2	7.705867E+3
6.361861E+2	7.692347E+3
6.364399E+2	7.677326E+3
6.366936E+2	7.662386E+3
6.369474E+2	7.650189E+3
6.372011E+2	7.634637E+3
6.374549E+2	7.621151E+3
6.377086E+2	7.607014E+3
6.379623E+2	7.593894E+3
6.382160E+2	7.579785E+3
6.384697E+2	7.564823E+3
6.387234E+2	7.551572E+3
6.389771E+2	7.538085E+3
6.392307E+2	7.524725E+3
6.394844E+2	7.513331E+3
6.397380E+2	7.499588E+3
6.399917E+2	7.485555E+3
6.402453E+2	7.471572E+3
6.404990E+2	7.458615E+3
6.407526E+2	7.445282E+3
6.410062E+2	7.431429E+3
6.412598E+2	7.417959E+3
6.415134E+2	7.403839E+3
6.417670E+2	7.391987E+3
6.420206E+2	7.378184E+3
6.422741E+2	7.366517E+3
6.425277E+2	7.354632E+3
6.427812E+2	7.342839E+3
6.430348E+2	7.330222E+3
6.432883E+2	7.318593E+3
6.435418E+2	7.305555E+3
6.437954E+2	7.294298E+3
6.440489E+2	7.282184E+3
6.443024E+2	7.269681E+3
6.445559E+2	7.257014E+3
6.448094E+2	7.246462E+3
6.450628E+2	7.233664E+3
6.453163E+2	7.223156E+3
6.455698E+2	7.213003E+3
6.458232E+2	7.202227E+3
6.460767E+2	7.192085E+3
6.463301E+2	7.183424E+3
6.465835E+2	7.173369E+3
6.468369E+2	7.163796E+3
6.470903E+2	7.154408E+3
6.473437E+2	7.144473E+3
6.475971E+2	7.135107E+3
6.478505E+2	7.125664E+3
6.481039E+2	7.118626E+3
6.483573E+2	7.110413E+3
6.486106E+2	7.100528E+3
6.488640E+2	7.092790E+3
6.491173E+2	7.085063E+3
6.493706E+2	7.076894E+3
6.496240E+2	7.068550E+3
6.498773E+2	7.062391E+3
6.501306E+2	7.054364E+3
6.503839E+2	7.047353E+3
6.506372E+2	7.040621E+3
6.508905E+2	7.033757E+3
6.511437E+2	7.027309E+3
6.513970E+2	7.021222E+3
6.516503E+2	7.015080E+3
6.519035E+2	7.010681E+3
6.521567E+2	7.005041E+3
6.524100E+2	6.998364E+3
6.526632E+2	6.993861E+3
6.529164E+2	6.988785E+3
6.531696E+2	6.984697E+3
6.534228E+2	6.980457E+3
6.536760E+2	6.976036E+3
6.539292E+2	6.971484E+3
6.541824E+2	6.967719E+3
6.544355E+2	6.963604E+3
6.546887E+2	6.959391E+3
6.549418E+2	6.954714E+3
6.551950E+2	6.951752E+3
6.554481E+2	6.948244E+3
6.557012E+2	6.944315E+3
6.559543E+2	6.940533E+3
6.562074E+2	6.936014E+3
6.564605E+2	6.932845E+3
6.567136E+2	6.930309E+3
6.569667E+2	6.928265E+3
6.572198E+2	6.925194E+3
6.574728E+2	6.921588E+3
6.577259E+2	6.918834E+3
6.579789E+2	6.916397E+3
6.582319E+2	6.914380E+3
6.584850E+2	6.912785E+3
6.587380E+2	6.911020E+3
6.589910E+2	6.910211E+3
6.592440E+2	6.909260E+3
6.594970E+2	6.907719E+3
6.597500E+2	6.908233E+3
6.600030E+2	6.908063E+3
6.602559E+2	6.907735E+3
6.605089E+2	6.907282E+3
6.607618E+2	6.906145E+3
6.610148E+2	6.906287E+3
6.612677E+2	6.905790E+3
6.615206E+2	6.907080E+3
6.617736E+2	6.907014E+3
6.620265E+2	6.906331E+3
6.622794E+2	6.905484E+3
6.625323E+2	6.904025E+3
6.627851E+2	6.902402E+3
6.630380E+2	6.902003E+3
6.632909E+2	6.901692E+3
6.635437E+2	6.900566E+3
6.637966E+2	6.898031E+3
6.640494E+2	6.897495E+3
6.643023E+2	6.896637E+3
6.645551E+2	6.894582E+3
6.648079E+2	6.894041E+3
6.650607E+2	6.894020E+3
6.653135E+2	6.892249E+3
6.655663E+2	6.891216E+3
6.658191E+2	6.889380E+3
6.660718E+2	6.888653E+3
6.663246E+2	6.888298E+3
6.665774E+2	6.887850E+3
6.668301E+2	6.886276E+3
6.670828E+2	6.886730E+3
6.673356E+2	6.885725E+3
6.675883E+2	6.886402E+3
6.678410E+2	6.886003E+3
6.680937E+2	6.884992E+3
6.683464E+2	6.884337E+3
6.685991E+2	6.882675E+3
6.688518E+2	6.880386E+3
6.691044E+2	6.877643E+3
6.693571E+2	6.875856E+3
6.696098E+2	6.872593E+3
6.698624E+2	6.868927E+3
6.701150E+2	6.865473E+3
6.703677E+2	6.862375E+3
6.706203E+2	6.857391E+3
6.708729E+2	6.853074E+3
6.711255E+2	6.848375E+3
6.713781E+2	6.843703E+3
6.716307E+2	6.840741E+3
6.718832E+2	6.836949E+3
6.721358E+2	6.831785E+3
6.723884E+2	6.827708E+3
6.726409E+2	6.822599E+3
6.728935E+2	6.818511E+3
6.731460E+2	6.813670E+3
6.733985E+2	6.809112E+3
6.736510E+2	6.804151E+3
6.739035E+2	6.799730E+3
6.741560E+2	6.794779E+3
6.744085E+2	6.790380E+3
6.746610E+2	6.784954E+3
6.749135E+2	6.779282E+3
6.751660E+2	6.774621E+3
6.754184E+2	6.767921E+3
6.756709E+2	6.761894E+3
6.759233E+2	6.755976E+3
6.761757E+2	6.748719E+3
6.764282E+2	6.740626E+3
6.766806E+2	6.732123E+3
6.769330E+2	6.722386E+3
6.771854E+2	6.711965E+3
6.774378E+2	6.702774E+3
6.776901E+2	6.693118E+3
6.779425E+2	6.682714E+3
6.781949E+2	6.672550E+3
6.784472E+2	6.661632E+3
6.786996E+2	6.649845E+3
6.789519E+2	6.638304E+3
6.792042E+2	6.628249E+3
6.794566E+2	6.616757E+3
6.797089E+2	6.604386E+3
6.799612E+2	6.592905E+3
6.802135E+2	6.580506E+3
6.804657E+2	6.568457E+3
6.807180E+2	6.556910E+3
6.809703E+2	6.546386E+3
6.812226E+2	6.535304E+3
6.814748E+2	6.523151E+3
6.817270E+2	6.511943E+3
6.819793E+2	6.498916E+3
6.822315E+2	6.486692E+3
6.824837E+2	6.473681E+3
6.827359E+2	6.461052E+3
6.829881E+2	6.446746E+3
6.832403E+2	6.432462E+3
6.834925E+2	6.419347E+3
6.837447E+2	6.404768E+3
6.839968E+2	6.391462E+3
6.842490E+2	6.376719E+3
6.845011E+2	6.362643E+3
6.847533E+2	6.347315E+3
6.850054E+2	6.332358E+3
6.852575E+2	6.316582E+3
6.855097E+2	6.301233E+3
6.857618E+2	6.285025E+3
6.860139E+2	6.269107E+3
6.862659E+2	6.253894E+3
6.865180E+2	6.237970E+3
6.867701E+2	6.221462E+3
6.870222E+2	6.204276E+3
6.872742E+2	6.187238E+3
6.875263E+2	6.171692E+3
6.877783E+2	6.155391E+3
6.880303E+2	6.139408E+3
6.882823E+2	6.124408E+3
6.885343E+2	6.108992E+3
6.887864E+2	6.092227E+3
6.890383E+2	6.075375E+3
6.892903E+2	6.059233E+3
6.895423E+2	6.042916E+3
6.897943E+2	6.026992E+3
6.900462E+2	6.010555E+3
6.902982E+2	5.995615E+3
6.905501E+2	5.978495E+3
6.908021E+2	5.964020E+3
6.910540E+2	5.948129E+3
6.913059E+2	5.932249E+3
6.915578E+2	5.916184E+3
6.918097E+2	5.899921E+3
6.920616E+2	5.884785E+3
6.923135E+2	5.869227E+3
6.925654E+2	5.854490E+3
6.928172E+2	5.839588E+3
6.930691E+2	5.823752E+3
6.933209E+2	5.807796E+3
6.935728E+2	5.792828E+3
6.938246E+2	5.777145E+3
6.940764E+2	5.762205E+3
6.943282E+2	5.746386E+3
6.945800E+2	5.729681E+3
6.948318E+2	5.713184E+3
6.950836E+2	5.696719E+3
6.953354E+2	5.680047E+3
6.955872E+2	5.664041E+3
6.958389E+2	5.648162E+3
6.960907E+2	5.631599E+3
6.963424E+2	5.614637E+3
6.965942E+2	5.597588E+3
6.968459E+2	5.581817E+3
6.970976E+2	5.565490E+3
6.973493E+2	5.550413E+3
6.976010E+2	5.535867E+3
6.978527E+2	5.521337E+3
6.981044E+2	5.506555E+3
6.983561E+2	5.493725E+3
6.986077E+2	5.481768E+3
6.988594E+2	5.468604E+3
6.991110E+2	5.456566E+3
6.993627E+2	5.443391E+3
6.996143E+2	5.431495E+3
6.998659E+2	5.419369E+3
7.001175E+2	5.408566E+3
7.003692E+2	5.395970E+3
7.006207E+2	5.384402E+3
7.008723E+2	5.371118E+3
7.011239E+2	5.358337E+3
7.013755E+2	5.345429E+3
7.016271E+2	5.331364E+3
7.018786E+2	5.317692E+3
7.021302E+2	5.303446E+3
7.023817E+2	5.289031E+3
7.026332E+2	5.274391E+3
7.028847E+2	5.259632E+3
7.031362E+2	5.244653E+3
7.033878E+2	5.229380E+3
7.036392E+2	5.213369E+3
7.038907E+2	5.197003E+3
7.041422E+2	5.182003E+3
7.043937E+2	5.167686E+3
7.046451E+2	5.154118E+3
7.048966E+2	5.140659E+3
7.051480E+2	5.127255E+3
7.053995E+2	5.114932E+3
7.056509E+2	5.102883E+3
7.059023E+2	5.092293E+3
7.061537E+2	5.081162E+3
7.064051E+2	5.071304E+3
7.066565E+2	5.062282E+3
7.069079E+2	5.054293E+3
7.071593E+2	5.046031E+3
7.074106E+2	5.038572E+3
7.076620E+2	5.030604E+3
7.079133E+2	5.022462E+3
7.081647E+2	5.015047E+3
7.084160E+2	5.008703E+3
7.086673E+2	5.003014E+3
7.089186E+2	4.995347E+3
7.091699E+2	4.987162E+3
7.094212E+2	4.978391E+3
7.096725E+2	4.969413E+3
7.099238E+2	4.960555E+3
7.101751E+2	4.950812E+3
7.104263E+2	4.941265E+3
7.106776E+2	4.931091E+3
7.109288E+2	4.920659E+3
7.111800E+2	4.908774E+3
7.114313E+2	4.897511E+3
7.116825E+2	4.885905E+3
7.119337E+2	4.876162E+3
7.121849E+2	4.864178E+3
7.124361E+2	4.852839E+3
7.126873E+2	4.842670E+3
7.129384E+2	4.833457E+3
7.131896E+2	4.824735E+3
7.134408E+2	4.815637E+3
7.136919E+2	4.806162E+3
7.139430E+2	4.797184E+3
7.141942E+2	4.790429E+3
7.144453E+2	4.784621E+3
7.146964E+2	4.779517E+3
7.149475E+2	4.775719E+3
7.151986E+2	4.773888E+3
7.154497E+2	4.772408E+3
7.157008E+2	4.771561E+3
7.159518E+2	4.769987E+3
7.162029E+2	4.769741E+3
7.164540E+2	4.770544E+3
7.167050E+2	4.770790E+3
7.169560E+2	4.772375E+3
7.172071E+2	4.772271E+3
7.174581E+2	4.772861E+3
7.177091E+2	4.772686E+3
7.179601E+2	4.771664E+3
7.182111E+2	4.769905E+3
7.184621E+2	4.766391E+3
7.187130E+2	4.763730E+3
7.189640E+2	4.759916E+3
7.192150E+2	4.755386E+3
7.194659E+2	4.750604E+3
7.197169E+2	4.744058E+3
7.199678E+2	4.737331E+3
7.202187E+2	4.730834E+3
7.204696E+2	4.723151E+3
7.207205E+2	4.715730E+3
7.209714E+2	4.708965E+3
7.212223E+2	4.702375E+3
7.214732E+2	4.696719E+3
7.217241E+2	4.692298E+3
7.219749E+2	4.688391E+3
7.222258E+2	4.685910E+3
7.224766E+2	4.686500E+3
7.227274E+2	4.687107E+3
7.229783E+2	4.690484E+3
7.232291E+2	4.695883E+3
7.234799E+2	4.701490E+3
7.237307E+2	4.708992E+3
7.239815E+2	4.717779E+3
7.242323E+2	4.728801E+3
7.244830E+2	4.739861E+3
7.247338E+2	4.752063E+3
7.249846E+2	4.764878E+3
7.252353E+2	4.778063E+3
7.254861E+2	4.791746E+3
7.257368E+2	4.804714E+3
7.259875E+2	4.818085E+3
7.262382E+2	4.830233E+3
7.264889E+2	4.841949E+3
7.267396E+2	4.852692E+3
7.269903E+2	4.863189E+3
7.272410E+2	4.871550E+3
7.274917E+2	4.880610E+3
7.277423E+2	4.887801E+3
7.279930E+2	4.894074E+3
7.282436E+2	4.899725E+3
7.284942E+2	4.903927E+3
7.287449E+2	4.909626E+3
7.289955E+2	4.915670E+3
7.292461E+2	4.920058E+3
7.294967E+2	4.924424E+3
7.297473E+2	4.928763E+3
7.299979E+2	4.932981E+3
7.302484E+2	4.937282E+3
7.304990E+2	4.940369E+3
7.307496E+2	4.942883E+3
7.310001E+2	4.946774E+3
7.312507E+2	4.955184E+3
7.315012E+2	4.965451E+3
7.317517E+2	4.977145E+3
7.320022E+2	4.994878E+3
7.322527E+2	5.016899E+3
7.325032E+2	5.045632E+3
7.327537E+2	5.078052E+3
7.330042E+2	5.112801E+3
7.332547E+2	5.150014E+3
7.335051E+2	5.189424E+3
7.337556E+2	5.234599E+3
7.340060E+2	5.286741E+3
7.342564E+2	5.349041E+3
7.345069E+2	5.413768E+3
7.347573E+2	5.476659E+3
7.350077E+2	5.533052E+3
7.352581E+2	5.578167E+3
7.355085E+2	5.622107E+3
7.357589E+2	5.678080E+3
7.360092E+2	5.752817E+3
7.362596E+2	5.845845E+3
7.365100E+2	5.948173E+3
7.367603E+2	6.046271E+3
7.370106E+2	6.134528E+3
7.372610E+2	6.210402E+3
7.375113E+2	6.278380E+3
7.377616E+2	6.342107E+3
7.380119E+2	6.411692E+3
7.382622E+2	6.487763E+3
7.385125E+2	6.570429E+3
7.387628E+2	6.658020E+3
7.390130E+2	6.748129E+3
7.392633E+2	6.842544E+3
7.395135E+2	6.942932E+3
7.397638E+2	7.052839E+3
7.400140E+2	7.170151E+3
7.402642E+2	7.298817E+3
7.405144E+2	7.438096E+3
7.407647E+2	7.582763E+3
7.410149E+2	7.720899E+3
7.412650E+2	7.850069E+3
7.415152E+2	7.973255E+3
7.417654E+2	8.098506E+3
7.420156E+2	8.231145E+3
7.422657E+2	8.370069E+3
7.425159E+2	8.506834E+3
7.427660E+2	8.630539E+3
7.430161E+2	8.734664E+3
7.432662E+2	8.825741E+3
7.435164E+2	8.937517E+3
7.437665E+2	9.113047E+3
7.440165E+2	9.290151E+3
7.442666E+2	9.466648E+3
7.445167E+2	9.643850E+3
7.447668E+2	9.813216E+3
7.450168E+2	9.959572E+3
7.452669E+2	1.008946E+4
7.455169E+2	1.020104E+4
7.457669E+2	1.030073E+4
7.460170E+2	1.039532E+4
7.462670E+2	1.049203E+4
7.465170E+2	1.059198E+4
7.467670E+2	1.070386E+4
7.470170E+2	1.084003E+4
7.472670E+2	1.099989E+4
7.475169E+2	1.115600E+4
7.477669E+2	1.130740E+4
7.480168E+2	1.145584E+4
7.482668E+2	1.160303E+4
7.485167E+2	1.174883E+4
7.487666E+2	1.188976E+4
7.490166E+2	1.199997E+4
7.492665E+2	1.207968E+4
7.495164E+2	1.214206E+4
7.497663E+2	1.219365E+4
7.500161E+2	1.223681E+4
7.502660E+2	1.227453E+4
7.505159E+2	1.231191E+4
7.507657E+2	1.234734E+4
7.510156E+2	1.237588E+4
7.512654E+2	1.239035E+4
7.515152E+2	1.238816E+4
7.517651E+2	1.237648E+4
7.520149E+2	1.237076E+4
7.522647E+2	1.238155E+4
7.525145E+2	1.241382E+4
7.527643E+2	1.245853E+4
7.530140E+2	1.250575E+4
7.532638E+2	1.253874E+4
7.535136E+2	1.255477E+4
7.537633E+2	1.255935E+4
7.540131E+2	1.256469E+4
7.542628E+2	1.258283E+4
7.545125E+2	1.261581E+4
7.547622E+2	1.265370E+4
7.550119E+2	1.268654E+4
7.552616E+2	1.270666E+4
7.555113E+2	1.271228E+4
7.557610E+2	1.270305E+4
7.560107E+2	1.267741E+4
7.562603E+2	1.264575E+4
7.565100E+2	1.260801E+4
7.567596E+2	1.256723E+4
7.570093E+2	1.251632E+4
7.572589E+2	1.244605E+4
7.575085E+2	1.235518E+4
7.577581E+2	1.225322E+4
7.580077E+2	1.215472E+4
7.582573E+2	1.206900E+4
7.585069E+2	1.198412E+4
7.587565E+2	1.186770E+4
7.590060E+2	1.167929E+4
7.592556E+2	1.148605E+4
7.595051E+2	1.129217E+4
7.597547E+2	1.110170E+4
7.600042E+2	1.092084E+4
7.602537E+2	1.076286E+4
7.605032E+2	1.062331E+4
7.607527E+2	1.050382E+4
7.610022E+2	1.039709E+4
7.612517E+2	1.029648E+4
7.615012E+2	1.019403E+4
7.617507E+2	1.008575E+4
7.620001E+2	9.963796E+3
7.622496E+2	9.813451E+3
7.624990E+2	9.632806E+3
7.627485E+2	9.448785E+3
7.629979E+2	9.264227E+3
7.632473E+2	9.080774E+3
7.634967E+2	8.900304E+3
7.637461E+2	8.722725E+3
7.639955E+2	8.551112E+3
7.642449E+2	8.410069E+3
7.644942E+2	8.294025E+3
7.647436E+2	8.187238E+3
7.649930E+2	8.088413E+3
7.652423E+2	7.999337E+3
7.654916E+2	7.924074E+3
7.657410E+2	7.860451E+3
7.659903E+2	7.800145E+3
7.662396E+2	7.734375E+3
7.664889E+2	7.663265E+3
7.667382E+2	7.588331E+3
7.669875E+2	7.511774E+3
7.672367E+2	7.431085E+3
7.674860E+2	7.339457E+3
7.677353E+2	7.233987E+3
7.679845E+2	7.121408E+3
7.682337E+2	7.006752E+3
7.684830E+2	6.897932E+3
7.687322E+2	6.796227E+3
7.689814E+2	6.697828E+3
7.692306E+2	6.594790E+3
7.694798E+2	6.476544E+3
7.697290E+2	6.339233E+3
7.699782E+2	6.190757E+3
7.702273E+2	6.036872E+3
7.704765E+2	5.887528E+3
7.707256E+2	5.741653E+3
7.709748E+2	5.602763E+3
7.712239E+2	5.480588E+3
7.714730E+2	5.377544E+3
7.717222E+2	5.294063E+3
7.719713E+2	5.221178E+3
7.722204E+2	5.157883E+3
7.724694E+2	5.108194E+3
7.727185E+2	5.076440E+3
7.729676E+2	5.060566E+3
7.732167E+2	5.056413E+3
7.734657E+2	5.060610E+3
7.737147E+2	5.073823E+3
7.739638E+2	5.094249E+3
7.742128E+2	5.118856E+3
7.744618E+2	5.139484E+3
7.747108E+2	5.154790E+3
7.749598E+2	5.162167E+3
7.752088E+2	5.162118E+3
7.754578E+2	5.157353E+3
7.757068E+2	5.147927E+3
7.759557E+2	5.134577E+3
7.762047E+2	5.117965E+3
7.764536E+2	5.096599E+3
7.767026E+2	5.070424E+3
7.769515E+2	5.040440E+3
7.772004E+2	5.007309E+3
7.774493E+2	4.973757E+3
7.776982E+2	4.940397E+3
7.779471E+2	4.910287E+3
7.781960E+2	4.882107E+3
7.784449E+2	4.854397E+3
7.786938E+2	4.825768E+3
7.789426E+2	4.795888E+3
7.791915E+2	4.764856E+3
7.794403E+2	4.731823E+3
7.796891E+2	4.697315E+3
7.799380E+2	4.660981E+3
7.801868E+2	4.625725E+3
7.804356E+2	4.590003E+3
7.806844E+2	4.553752E+3
7.809332E+2	4.515446E+3
7.811819E+2	4.476867E+3
7.814307E+2	4.440675E+3
7.816795E+2	4.406118E+3
7.819282E+2	4.374216E+3
7.821770E+2	4.345703E+3
7.824257E+2	4.320522E+3
7.826744E+2	4.299511E+3
7.829231E+2	4.283216E+3
7.831718E+2	4.268981E+3
7.834205E+2	4.256949E+3
7.836692E+2	4.245484E+3
7.839179E+2	4.234074E+3
7.841666E+2	4.220506E+3
7.844152E+2	4.202670E+3
7.846639E+2	4.180981E+3
7.849125E+2	4.155522E+3
7.851612E+2	4.126774E+3
7.854098E+2	4.096888E+3
7.856584E+2	4.064741E+3
7.859070E+2	4.029796E+3
7.861556E+2	3.990222E+3
7.864042E+2	3.944156E+3
7.866528E+2	3.890664E+3
7.869014E+2	3.832435E+3
7.871499E+2	3.773244E+3
7.873985E+2	3.713850E+3
7.876470E+2	3.653429E+3
7.878956E+2	3.589850E+3
7.881441E+2	3.524173E+3
7.883926E+2	3.456544E+3
7.886411E+2	3.387916E+3
7.888896E+2	3.322041E+3
7.891381E+2	3.259566E+3
7.893866E+2	3.201402E+3
7.896351E+2	3.148987E+3
7.898835E+2	3.102588E+3
7.901320E+2	3.060418E+3
7.903804E+2	3.024074E+3
7.906289E+2	2.991134E+3
7.908773E+2	2.962457E+3
7.911257E+2	2.935151E+3
7.913742E+2	2.911031E+3
7.916226E+2	2.890883E+3
7.918709E+2	2.874184E+3
7.921193E+2	2.861468E+3
7.923677E+2	2.851102E+3
7.926161E+2	2.842326E+3
7.928644E+2	2.834304E+3
7.931128E+2	2.824227E+3
7.933611E+2	2.811725E+3
7.936095E+2	2.796112E+3
7.938578E+2	2.777544E+3
7.941061E+2	2.756282E+3
7.943544E+2	2.732200E+3
7.946027E+2	2.706249E+3
7.948510E+2	2.679910E+3
7.950993E+2	2.654184E+3
7.953475E+2	2.629473E+3
7.955958E+2	2.606194E+3
7.958440E+2	2.583533E+3
7.960923E+2	2.563981E+3
7.963405E+2	2.545435E+3
7.965887E+2	2.526129E+3
7.968370E+2	2.507107E+3
7.970852E+2	2.487719E+3
7.973334E+2	2.466965E+3
7.975816E+2	2.444959E+3
7.978297E+2	2.423369E+3
7.980779E+2	2.402506E+3
7.983261E+2	2.380899E+3
7.985742E+2	2.360031E+3
7.988224E+2	2.341347E+3
7.990705E+2	2.323959E+3
7.993186E+2	2.309118E+3
7.995668E+2	2.297949E+3
7.998149E+2	2.289205E+3
8.000630E+2	2.284686E+3
8.003111E+2	2.283227E+3
8.005591E+2	2.284856E+3
8.008072E+2	2.289484E+3
8.010553E+2	2.296610E+3
8.013033E+2	2.305610E+3
8.015514E+2	2.315244E+3
8.017994E+2	2.326315E+3
8.020474E+2	2.337118E+3
8.022955E+2	2.347249E+3
8.025435E+2	2.356353E+3
8.027915E+2	2.363757E+3
8.030395E+2	2.371260E+3
8.032874E+2	2.378588E+3
8.035354E+2	2.386429E+3
8.037834E+2	2.394894E+3
8.040313E+2	2.404009E+3
8.042793E+2	2.413757E+3
8.045272E+2	2.425129E+3
8.047752E+2	2.437752E+3
8.050231E+2	2.451391E+3
8.052710E+2	2.468320E+3
8.055189E+2	2.485850E+3
8.057668E+2	2.506746E+3
8.060147E+2	2.530517E+3
8.062625E+2	2.556730E+3
8.065104E+2	2.585112E+3
8.067583E+2	2.617134E+3
8.070061E+2	2.653304E+3
8.072540E+2	2.691490E+3
8.075018E+2	2.733462E+3
8.077496E+2	2.779801E+3
8.079974E+2	2.829375E+3
8.082452E+2	2.881588E+3
8.084930E+2	2.935320E+3
8.087408E+2	2.991970E+3
8.089886E+2	3.049768E+3
8.092364E+2	3.109632E+3
8.094841E+2	3.172664E+3
8.097319E+2	3.239506E+3
8.099796E+2	3.310320E+3
8.102273E+2	3.385244E+3
8.104751E+2	3.462140E+3
8.107228E+2	3.543768E+3
8.109705E+2	3.630943E+3
8.112182E+2	3.723031E+3
8.114659E+2	3.820703E+3
8.117135E+2	3.925080E+3
8.119612E+2	4.034675E+3
8.122089E+2	4.147888E+3
8.124565E+2	4.264593E+3
8.127042E+2	4.383020E+3
8.129518E+2	4.499041E+3
8.131994E+2	4.607850E+3
8.134470E+2	4.709806E+3
8.136946E+2	4.800293E+3
8.139422E+2	4.876550E+3
8.141898E+2	4.937271E+3
8.144374E+2	4.983298E+3
8.146850E+2	5.013730E+3
8.149325E+2	5.033031E+3
8.151801E+2	5.041036E+3
8.154276E+2	5.042927E+3
8.156752E+2	5.040725E+3
8.159227E+2	5.035823E+3
8.161702E+2	5.029522E+3
8.164177E+2	5.022725E+3
8.166652E+2	5.015839E+3
8.169127E+2	5.009577E+3
8.171602E+2	5.003561E+3
8.174077E+2	4.999085E+3
8.176551E+2	4.997320E+3
8.179026E+2	4.999752E+3
8.181500E+2	5.003938E+3
8.183975E+2	5.012238E+3
8.186449E+2	5.023932E+3
8.188923E+2	5.040528E+3
8.191397E+2	5.063162E+3
8.193871E+2	5.090517E+3
8.196345E+2	5.122856E+3
8.198819E+2	5.160085E+3
8.201293E+2	5.202790E+3
8.203766E+2	5.246714E+3
8.206240E+2	5.292899E+3
8.208713E+2	5.338621E+3
8.211187E+2	5.381107E+3
8.213660E+2	5.418785E+3
8.216133E+2	5.449970E+3
8.218606E+2	5.472894E+3
8.221079E+2	5.485774E+3
8.223552E+2	5.488790E+3
8.226025E+2	5.481276E+3
8.228498E+2	5.464123E+3
8.230970E+2	5.438315E+3
8.233443E+2	5.404539E+3
8.235915E+2	5.363850E+3
8.238388E+2	5.317020E+3
8.240860E+2	5.265588E+3
8.243332E+2	5.209364E+3
8.245804E+2	5.146828E+3
8.248276E+2	5.078451E+3
8.250748E+2	5.004047E+3
8.253220E+2	4.923774E+3
8.255692E+2	4.839025E+3
8.258163E+2	4.746954E+3
8.260635E+2	4.647337E+3
8.263106E+2	4.539845E+3
8.265578E+2	4.424981E+3
8.268049E+2	4.301484E+3
8.270520E+2	4.171265E+3
8.272991E+2	4.035151E+3
8.275462E+2	3.893992E+3
8.277933E+2	3.749910E+3
8.280404E+2	3.605517E+3
8.282875E+2	3.466424E+3
8.285345E+2	3.333653E+3
8.287816E+2	3.210490E+3
8.290287E+2	3.100025E+3
8.292757E+2	3.004856E+3
8.295227E+2	2.924249E+3
8.297697E+2	2.858085E+3
8.300168E+2	2.803178E+3
8.302638E+2	2.758265E+3
8.305107E+2	2.719440E+3
8.307577E+2	2.684615E+3
8.310047E+2	2.652763E+3
8.312517E+2	2.622429E+3
8.314986E+2	2.593293E+3
8.317456E+2	2.565369E+3
8.319925E+2	2.537457E+3
8.322394E+2	2.510052E+3
8.324864E+2	2.482615E+3
8.327333E+2	2.453746E+3
8.329802E+2	2.421741E+3
8.332271E+2	2.388424E+3
8.334740E+2	2.351380E+3
8.337208E+2	2.310692E+3
8.339677E+2	2.265009E+3
8.342146E+2	2.212561E+3
8.344614E+2	2.154003E+3
8.347082E+2	2.088867E+3
8.349551E+2	2.017566E+3
8.352019E+2	1.939468E+3
8.354487E+2	1.857364E+3
8.356955E+2	1.770785E+3
8.359423E+2	1.680872E+3
8.361891E+2	1.589785E+3
8.364359E+2	1.500582E+3
8.366826E+2	1.414992E+3
8.369294E+2	1.333020E+3
8.371761E+2	1.256845E+3
8.374229E+2	1.187189E+3
8.376696E+2	1.125107E+3
8.379163E+2	1.068244E+3
8.381630E+2	1.017271E+3
8.384097E+2	9.726699E+2
8.386564E+2	9.342546E+2
8.389031E+2	9.001016E+2
8.391498E+2	8.698229E+2
8.393965E+2	8.431453E+2
8.396431E+2	8.201562E+2
8.398898E+2	7.993201E+2
8.401364E+2	7.805879E+2
8.403830E+2	7.638174E+2
8.406297E+2	7.479759E+2
8.408763E+2	7.336425E+2
8.411229E+2	7.204513E+2
8.413695E+2	7.081289E+2
8.416161E+2	6.964458E+2
8.418626E+2	6.852655E+2
8.421092E+2	6.736316E+2
8.423558E+2	6.624622E+2
8.426023E+2	6.515551E+2
8.428489E+2	6.405442E+2
8.430954E+2	6.300852E+2
8.433419E+2	6.197409E+2
8.435884E+2	6.094895E+2
8.438349E+2	5.998229E+2
8.440814E+2	5.906480E+2
8.443279E+2	5.816316E+2
8.445744E+2	5.725223E+2
8.448208E+2	5.632327E+2
8.450673E+2	5.536808E+2
8.453138E+2	5.442163E+2
8.455602E+2	5.346207E+2
8.458066E+2	5.250742E+2
8.460530E+2	5.148884E+2
8.462995E+2	5.045496E+2
8.465459E+2	4.937846E+2
8.467923E+2	4.828283E+2
8.470386E+2	4.719158E+2
8.472850E+2	4.608502E+2
8.475314E+2	4.495387E+2
8.477777E+2	4.385059E+2
8.480241E+2	4.274895E+2
8.482704E+2	4.164076E+2
8.485168E+2	4.052600E+2
8.487631E+2	3.939212E+2
8.490094E+2	3.822710E+2
8.492557E+2	3.708557E+2
8.495020E+2	3.601671E+2
8.497483E+2	3.496043E+2
8.499946E+2	3.392764E+2
8.502408E+2	3.290196E+2
8.504871E+2	3.182819E+2
8.507333E+2	3.079540E+2
8.509796E+2	2.977245E+2
8.512258E+2	2.878119E+2
8.514720E+2	2.780141E+2
8.517182E+2	2.682108E+2
8.519644E+2	2.590688E+2
8.522106E+2	2.497464E+2
8.524568E+2	2.409923E+2
8.527030E+2	2.320469E+2
8.529492E+2	2.237682E+2
8.531953E+2	2.159813E+2
8.534415E+2	2.082436E+2
8.536876E+2	2.007300E+2
8.539337E+2	1.935988E+2
8.541799E+2	1.868557E+2
8.544260E+2	1.804076E+2
8.546721E+2	1.744895E+2
8.549182E+2	1.686098E+2
8.551643E+2	1.631835E+2
8.554103E+2	1.571016E+2
8.556564E+2	1.517737E+2
8.559024E+2	1.466863E+2
8.561485E+2	1.415332E+2
8.563945E+2	1.366753E+2
8.566406E+2	1.320688E+2
8.568866E+2	1.281507E+2
8.571326E+2	1.243529E+2
8.573786E+2	1.206863E+2
8.576246E+2	1.173311E+2
8.578706E+2	1.142928E+2
8.581166E+2	1.113966E+2
8.583625E+2	1.089322E+2
8.586085E+2	1.063584E+2
8.588544E+2	1.036644E+2
8.591004E+2	1.009376E+2
8.593463E+2	9.782287E+1
8.595922E+2	9.497587E+1
8.598381E+2	9.213981E+1
8.600840E+2	8.968079E+1
8.603299E+2	8.729828E+1
8.605758E+2	8.477915E+1
8.608217E+2	8.225456E+1
8.610675E+2	8.011248E+1
8.613134E+2	7.786112E+1
8.615592E+2	7.572451E+1
8.618051E+2	7.310702E+1
8.620509E+2	7.053325E+1
8.622967E+2	6.829828E+1
8.625425E+2	6.592669E+1
8.627883E+2	6.331467E+1
8.630341E+2	6.105237E+1
8.632799E+2	5.886112E+1
8.635257E+2	5.681194E+1
8.637715E+2	5.467533E+1
8.640172E+2	5.269172E+1
8.642630E+2	5.103052E+1
8.645087E+2	4.887751E+1
8.647544E+2	4.683380E+1
8.650001E+2	4.488298E+1
8.652459E+2	4.304145E+1
8.654916E+2	4.180101E+1
8.657372E+2	3.994309E+1
8.659829E+2	3.863161E+1
8.662286E+2	3.756057E+1
8.664743E+2	3.647314E+1
8.667199E+2	3.524363E+1
8.669656E+2	3.386112E+1
8.672112E+2	3.281740E+1
8.674568E+2	3.195948E+1
8.677024E+2	3.106330E+1
8.679481E+2	3.016166E+1
8.681937E+2	2.936931E+1
8.684392E+2	2.853871E+1
8.686848E+2	2.793216E+1
8.689304E+2	2.744035E+1
8.691760E+2	2.698680E+1
8.694215E+2	2.621084E+1
8.696671E+2	2.542396E+1
8.699126E+2	2.522724E+1
8.701581E+2	2.464254E+1
8.704036E+2	2.435292E+1
8.706491E+2	2.395948E+1
8.708946E+2	2.328188E+1
8.711401E+2	2.302505E+1
8.713856E+2	2.295401E+1
8.716311E+2	2.266440E+1
8.718766E+2	2.208516E+1
8.721220E+2	2.168079E+1
8.723674E+2	2.138024E+1
8.726129E+2	2.104691E+1
8.728583E+2	2.082833E+1
8.731037E+2	2.045128E+1
8.733491E+2	1.981740E+1
8.735945E+2	1.948953E+1
8.738399E+2	1.923817E+1
8.740853E+2	1.891576E+1
8.743307E+2	1.901412E+1
8.745760E+2	1.882833E+1
8.748214E+2	1.861522E+1
8.750667E+2	1.841850E+1
8.753121E+2	1.802505E+1
8.755574E+2	1.762068E+1
8.758027E+2	1.722177E+1
8.760480E+2	1.685565E+1
8.762933E+2	1.647860E+1
8.765386E+2	1.607970E+1
8.767839E+2	1.614527E+1
8.770291E+2	1.599227E+1
8.772744E+2	1.553871E+1
8.775196E+2	1.536385E+1
8.777649E+2	1.506877E+1
8.780101E+2	1.498680E+1
8.782553E+2	1.472451E+1
8.785006E+2	1.431467E+1
8.787458E+2	1.409609E+1
8.789910E+2	1.414527E+1
8.792361E+2	1.400319E+1
8.794813E+2	1.394309E+1
8.797265E+2	1.381194E+1
8.799717E+2	1.390483E+1
8.802168E+2	1.401959E+1
8.804619E+2	1.362615E+1
8.807071E+2	1.354964E+1
8.809522E+2	1.333653E+1
8.811973E+2	1.297041E+1
8.814424E+2	1.250593E+1
8.816875E+2	1.228735E+1
8.819326E+2	1.230921E+1
8.821777E+2	1.197041E+1
8.824227E+2	1.179008E+1
8.826678E+2	1.170265E+1
8.829128E+2	1.165347E+1
8.831579E+2	1.150046E+1
8.834029E+2	1.157697E+1
8.836479E+2	1.138024E+1
8.838929E+2	1.133106E+1
8.841379E+2	1.123270E+1
8.843829E+2	1.133106E+1
8.846279E+2	1.135839E+1
8.848729E+2	1.116166E+1
8.851179E+2	1.111248E+1
8.853628E+2	1.106330E+1
8.856078E+2	1.101412E+1
8.858527E+2	1.099773E+1
8.860976E+2	1.084472E+1
8.863425E+2	1.048953E+1
8.865875E+2	1.009609E+1
8.868324E+2	9.932156E+0
8.870772E+2	9.664397E+0
8.873221E+2	9.626145E+0
8.875670E+2	9.423960E+0
8.878119E+2	9.429424E+0
8.880567E+2	9.555107E+0
8.883016E+2	9.686255E+0
8.885464E+2	9.702648E+0
8.887912E+2	9.724506E+0
8.890360E+2	9.811938E+0
8.892809E+2	9.680790E+0
8.895257E+2	9.648003E+0
8.897704E+2	9.779151E+0
8.900152E+2	9.555107E+0
8.902600E+2	9.484069E+0
8.905048E+2	9.686255E+0
8.907495E+2	9.604288E+0
8.909943E+2	9.320135E+0
8.912390E+2	9.303741E+0
8.914837E+2	9.281883E+0
8.917284E+2	9.254561E+0
8.919731E+2	9.178058E+0
8.922178E+2	9.325599E+0
8.924625E+2	9.484069E+0
8.927072E+2	9.615216E+0
8.929519E+2	9.467675E+0
8.931965E+2	9.494998E+0
8.934412E+2	9.620681E+0
8.936858E+2	9.719042E+0
8.939305E+2	9.631610E+0
8.941751E+2	9.494998E+0
8.944197E+2	9.380244E+0
8.946643E+2	9.369315E+0
8.949089E+2	9.325599E+0
8.951535E+2	9.172594E+0
8.953981E+2	8.937621E+0
8.956426E+2	9.139807E+0
8.958872E+2	8.877512E+0
8.961317E+2	8.675326E+0
8.963763E+2	8.943085E+0
8.966208E+2	8.877512E+0
8.968653E+2	8.762757E+0
8.971098E+2	9.035982E+0
8.973543E+2	8.915763E+0
8.975988E+2	8.937621E+0
8.978433E+2	8.997730E+0
8.980878E+2	8.833796E+0
8.983323E+2	8.768222E+0
8.985767E+2	8.801009E+0
8.988212E+2	8.631610E+0
8.990656E+2	8.806473E+0
8.993100E+2	8.740900E+0
8.995545E+2	8.686255E+0
8.997989E+2	8.637074E+0
9.000433E+2	8.505927E+0
9.002877E+2	8.341992E+0
9.005320E+2	8.341992E+0
9.007764E+2	8.216309E+0
9.010208E+2	8.314670E+0
9.012651E+2	8.380244E+0
9.015095E+2	8.423960E+0
9.017538E+2	8.270954E+0
9.019981E+2	8.423960E+0
9.022425E+2	8.385708E+0
9.024868E+2	8.702648E+0
9.027311E+2	8.560572E+0
9.029754E+2	8.298277E+0
9.032196E+2	8.194451E+0
9.034639E+2	8.216309E+0
9.037082E+2	7.888441E+0
9.039524E+2	8.014124E+0
9.041967E+2	7.850189E+0
9.044409E+2	7.910298E+0
9.046851E+2	7.844725E+0
9.049293E+2	8.101555E+0
9.051736E+2	8.183522E+0
9.054177E+2	8.265490E+0
9.056619E+2	8.418495E+0
9.059061E+2	8.604288E+0
9.061503E+2	8.631610E+0
9.063944E+2	8.598823E+0
9.066386E+2	8.544178E+0
9.068827E+2	8.566036E+0
9.071269E+2	8.522320E+0
9.073710E+2	8.363850E+0
9.076151E+2	8.303741E+0
9.078592E+2	8.369315E+0
9.081033E+2	8.494998E+0
9.083474E+2	8.702648E+0
9.085915E+2	8.549643E+0
9.088355E+2	8.505927E+0
9.090796E+2	8.582430E+0
9.093236E+2	8.626145E+0
9.095677E+2	8.768222E+0
9.098117E+2	8.445818E+0
9.100557E+2	8.571501E+0
9.102997E+2	8.669861E+0
9.105437E+2	8.669861E+0
9.107877E+2	8.964943E+0
9.110317E+2	9.423960E+0
9.112757E+2	9.391173E+0
9.115197E+2	9.533249E+0
9.117636E+2	9.511391E+0
9.120076E+2	9.352921E+0
9.122515E+2	9.194451E+0
9.124954E+2	9.216309E+0
9.127393E+2	9.161665E+0
9.129832E+2	9.396637E+0
9.132271E+2	9.576965E+0
9.134710E+2	9.637074E+0
9.137149E+2	9.604288E+0
9.139588E+2	9.615216E+0
9.142026E+2	9.582430E+0
9.144465E+2	9.505927E+0
9.146903E+2	9.336528E+0
9.149342E+2	9.292812E+0
9.151780E+2	9.462211E+0
9.154218E+2	9.571501E+0
9.156656E+2	9.795544E+0
9.159094E+2	9.757293E+0
9.161532E+2	9.724506E+0
9.163970E+2	9.719042E+0
9.166408E+2	9.811938E+0
9.168845E+2	9.992266E+0
9.171283E+2	1.004691E+1
9.173720E+2	9.948550E+0
9.176157E+2	1.020538E+1
9.178595E+2	1.041850E+1
9.181032E+2	1.047860E+1
9.183469E+2	1.023270E+1
9.185906E+2	1.053871E+1
9.188343E+2	1.028188E+1
9.190779E+2	1.048407E+1
9.193216E+2	1.026003E+1
9.195653E+2	1.026003E+1
9.198089E+2	9.839260E+0
9.200525E+2	9.615216E+0
9.202962E+2	9.473140E+0
9.205398E+2	9.363850E+0
9.207834E+2	9.270954E+0
9.210270E+2	9.451282E+0
9.212706E+2	9.839260E+0
9.215142E+2	9.762757E+0
9.217577E+2	9.598823E+0
9.220013E+2	9.538714E+0
9.222449E+2	9.303741E+0
9.224884E+2	9.238167E+0
9.227319E+2	9.249096E+0
9.229755E+2	9.046910E+0
9.232190E+2	9.025053E+0
9.234625E+2	9.238167E+0
9.237060E+2	9.014124E+0
9.239495E+2	9.243632E+0
9.241930E+2	9.238167E+0
9.244364E+2	9.003195E+0
9.246799E+2	9.238167E+0
9.249233E+2	8.921227E+0
9.251668E+2	8.877512E+0
9.254102E+2	8.839260E+0
9.256536E+2	8.795544E+0
9.258971E+2	8.555107E+0
9.261405E+2	8.505927E+0
9.263839E+2	8.549643E+0
9.266272E+2	8.484069E+0
9.268706E+2	8.680790E+0
9.271140E+2	8.653468E+0
9.273573E+2	8.582430E+0
9.276007E+2	8.429424E+0
9.278440E+2	8.407566E+0
9.280874E+2	7.964943E+0
9.283307E+2	7.997730E+0
9.285740E+2	8.183522E+0
9.288173E+2	7.932156E+0
9.290606E+2	8.052375E+0
9.293039E+2	8.167129E+0
9.295471E+2	8.369315E+0
9.297904E+2	8.484069E+0
9.300337E+2	8.402102E+0
9.302769E+2	8.249096E+0
9.305201E+2	8.139807E+0
9.307634E+2	8.243632E+0
9.310066E+2	8.423960E+0
9.312498E+2	8.784615E+0
9.314930E+2	8.735435E+0
9.317362E+2	8.325599E+0
9.319794E+2	8.183522E+0
9.322225E+2	8.046910E+0
9.324657E+2	7.850189E+0
9.327088E+2	7.768222E+0
9.329520E+2	7.615216E+0
9.331951E+2	7.806473E+0
9.334382E+2	7.779151E+0
9.336814E+2	7.882976E+0
9.339245E+2	7.746364E+0
9.341676E+2	7.855654E+0
9.344106E+2	8.019588E+0
9.346537E+2	8.347457E+0
9.348968E+2	8.423960E+0
9.351398E+2	8.363850E+0
9.353829E+2	8.423960E+0
9.356259E+2	8.429424E+0
9.358690E+2	8.085162E+0
9.361120E+2	7.746364E+0
9.363550E+2	7.855654E+0
9.365980E+2	7.943085E+0
9.368410E+2	8.117949E+0
9.370840E+2	8.724506E+0
9.373269E+2	8.751828E+0
9.375699E+2	8.691719E+0
9.378129E+2	8.637074E+0
9.380558E+2	8.418495E+0
9.382987E+2	8.199916E+0
9.385417E+2	8.380244E+0
9.387846E+2	7.981337E+0
9.390275E+2	8.243632E+0
9.392704E+2	8.292812E+0
9.395133E+2	8.325599E+0
9.397562E+2	8.467675E+0
9.399990E+2	8.587894E+0
9.402419E+2	8.347457E+0
9.404847E+2	8.418495E+0
9.407276E+2	8.549643E+0
9.409704E+2	8.549643E+0
9.412132E+2	8.374779E+0
9.414560E+2	8.489533E+0
9.416988E+2	8.385708E+0
9.419416E+2	8.598823E+0
9.421844E+2	8.538714E+0
9.424272E+2	8.653468E+0
9.426700E+2	8.500462E+0
9.429127E+2	8.790080E+0
9.431555E+2	8.708113E+0
9.433982E+2	8.484069E+0
9.436409E+2	8.423960E+0
9.438837E+2	8.281883E+0
9.441264E+2	8.178058E+0
9.443691E+2	7.986801E+0
9.446118E+2	7.921227E+0
9.448544E+2	7.954014E+0
9.450971E+2	7.986801E+0
9.453398E+2	7.893905E+0
9.455824E+2	7.784615E+0
9.458251E+2	7.844725E+0
9.460677E+2	7.828331E+0
9.463103E+2	8.074233E+0
9.465530E+2	8.254561E+0
9.467956E+2	8.227238E+0
9.470382E+2	8.178058E+0
9.472807E+2	8.183522E+0
9.475233E+2	8.145271E+0
9.477659E+2	8.068768E+0
9.480084E+2	7.910298E+0
9.482510E+2	7.899369E+0
9.484935E+2	8.096091E+0
9.487361E+2	8.096091E+0
9.489786E+2	8.205380E+0
9.492211E+2	8.068768E+0
9.494636E+2	8.014124E+0
9.497061E+2	8.019588E+0
9.499486E+2	7.877512E+0
9.501911E+2	7.943085E+0
9.504335E+2	7.904834E+0
9.506760E+2	8.041446E+0
9.509184E+2	8.041446E+0
9.511609E+2	7.921227E+0
9.514033E+2	7.937621E+0
9.516457E+2	7.954014E+0
9.518881E+2	7.566036E+0
9.521305E+2	7.385708E+0
9.523729E+2	7.494998E+0
9.526153E+2	7.713577E+0
9.528576E+2	7.713577E+0
9.531000E+2	7.932156E+0
9.533424E+2	8.063304E+0
9.535847E+2	8.194451E+0
9.538270E+2	7.970408E+0
9.540694E+2	8.008659E+0
9.543117E+2	7.850189E+0
9.545540E+2	7.872047E+0
9.547963E+2	8.101555E+0
9.550386E+2	8.309206E+0
9.552808E+2	8.287348E+0
9.555231E+2	8.260025E+0
9.557654E+2	8.134342E+0
9.560076E+2	8.232703E+0
9.562498E+2	8.145271E+0
9.564921E+2	8.281883E+0
9.567343E+2	8.287348E+0
9.569765E+2	8.358386E+0
9.572187E+2	8.270954E+0
9.574609E+2	8.249096E+0
9.577031E+2	8.210845E+0
9.579452E+2	8.210845E+0
9.581874E+2	8.358386E+0
9.584296E+2	8.451282E+0
9.586717E+2	8.423960E+0
9.589138E+2	8.391173E+0
9.591560E+2	8.314670E+0
9.593981E+2	8.281883E+0
9.596402E+2	8.325599E+0
9.598823E+2	8.440353E+0
9.601244E+2	8.500462E+0
9.603664E+2	8.494998E+0
9.606085E+2	8.303741E+0
9.608506E+2	7.986801E+0
9.610926E+2	7.686255E+0
9.613347E+2	7.735435E+0
9.615767E+2	7.582430E+0
9.618187E+2	7.653468E+0
9.620607E+2	7.527785E+0
9.623027E+2	7.587894E+0
9.625447E+2	7.626145E+0
9.627867E+2	7.669861E+0
9.630287E+2	7.484069E+0
9.632706E+2	7.221774E+0
9.635126E+2	7.068768E+0
9.637545E+2	6.959479E+0
9.639965E+2	7.014124E+0
9.642384E+2	7.052375E+0
9.644803E+2	7.014124E+0
9.647222E+2	7.052375E+0
9.649641E+2	6.997730E+0
9.652060E+2	7.107020E+0
9.654479E+2	7.107020E+0
9.656897E+2	7.128878E+0
9.659316E+2	7.057839E+0
9.661734E+2	7.194451E+0
9.664153E+2	7.035982E+0
9.666571E+2	7.014124E+0
9.668989E+2	7.276419E+0
9.671408E+2	7.205380E+0
9.673826E+2	7.117949E+0
9.676243E+2	7.194451E+0
9.678661E+2	7.178058E+0
9.681079E+2	7.167129E+0
9.683497E+2	7.057839E+0
9.685914E+2	7.123413E+0
9.688332E+2	7.161665E+0
9.690749E+2	7.260025E+0
9.693166E+2	7.216309E+0
9.695583E+2	6.855654E+0
9.698001E+2	6.735435E+0
9.700417E+2	6.642539E+0
9.702834E+2	6.434889E+0
9.705251E+2	6.418495E+0
9.707668E+2	6.380244E+0
9.710084E+2	6.407566E+0
9.712501E+2	6.429424E+0
9.714917E+2	6.423960E+0
9.717334E+2	6.544178E+0
9.719750E+2	6.576965E+0
9.722166E+2	6.850189E+0
9.724582E+2	6.921227E+0
9.726998E+2	6.844725E+0
9.729414E+2	6.729971E+0
9.731830E+2	6.494998E+0
9.734245E+2	6.642539E+0
9.736661E+2	6.467675E+0
9.739076E+2	6.844725E+0
9.741492E+2	6.779151E+0
9.743907E+2	6.675326E+0
9.746322E+2	6.790080E+0
9.748737E+2	6.964943E+0
9.751152E+2	7.161665E+0
9.753567E+2	7.199916E+0
9.755982E+2	7.380244E+0
9.758396E+2	7.522320E+0
9.760811E+2	7.407566E+0
9.763226E+2	7.735435E+0
9.765640E+2	7.658932E+0
9.768054E+2	7.669861E+0
9.770468E+2	7.484069E+0
9.772883E+2	7.757293E+0
9.775297E+2	7.943085E+0
9.777711E+2	8.156200E+0
9.780124E+2	8.063304E+0
9.782538E+2	8.167129E+0
9.784952E+2	8.172594E+0
9.787365E+2	8.079697E+0
9.789779E+2	8.035982E+0
9.792192E+2	8.260025E+0
9.794605E+2	8.309206E+0
9.797019E+2	8.314670E+0
9.799432E+2	8.183522E+0
9.801845E+2	8.117949E+0
9.804257E+2	8.314670E+0
9.806670E+2	8.533249E+0
9.809083E+2	8.309206E+0
9.811496E+2	8.686255E+0
9.813908E+2	8.708113E+0
9.816320E+2	8.801009E+0
9.818733E+2	8.642539E+0
9.821145E+2	8.538714E+0
9.823557E+2	8.566036E+0
9.825969E+2	8.407566E+0
9.828381E+2	8.276419E+0
9.830793E+2	8.593359E+0
9.833205E+2	8.369315E+0
9.835616E+2	8.418495E+0
9.838028E+2	8.232703E+0
9.840439E+2	8.347457E+0
9.842851E+2	8.516856E+0
9.845262E+2	8.604288E+0
9.847673E+2	8.598823E+0
9.850084E+2	8.686255E+0
9.852495E+2	8.992266E+0
9.854906E+2	8.954014E+0
9.857317E+2	8.937621E+0
9.859727E+2	8.620681E+0
9.862138E+2	8.702648E+0
9.864549E+2	8.511391E+0
9.866959E+2	8.418495E+0
9.869369E+2	8.309206E+0
9.871779E+2	8.134342E+0
9.874190E+2	8.041446E+0
9.876600E+2	8.249096E+0
9.879010E+2	8.648003E+0
9.881419E+2	8.587894E+0
9.883829E+2	8.997730E+0
9.886239E+2	8.708113E+0
9.888648E+2	8.888441E+0
9.891058E+2	9.014124E+0
9.893467E+2	8.866583E+0
9.895876E+2	8.746364E+0
9.898285E+2	8.555107E+0
9.900695E+2	8.489533E+0
9.903104E+2	8.566036E+0
9.905512E+2	8.691719E+0
9.907921E+2	8.833796E+0
9.910330E+2	8.844725E+0
9.912738E+2	8.981337E+0
9.915147E+2	9.199916E+0
9.917555E+2	9.407566E+0
9.919964E+2	9.407566E+0
9.922372E+2	9.309206E+0
9.924780E+2	9.363850E+0
9.927188E+2	9.489533E+0
9.929596E+2	9.637074E+0
9.932004E+2	9.702648E+0
9.934411E+2	9.620681E+0
9.936819E+2	9.626145E+0
9.939227E+2	9.576965E+0
9.941634E+2	9.975872E+0
9.944041E+2	1.012341E+1
9.946449E+2	1.029281E+1
9.948856E+2	1.030921E+1
9.951263E+2	1.001959E+1
9.953670E+2	9.959479E+0
9.956077E+2	1.004691E+1
9.958483E+2	9.833796E+0
9.960890E+2	9.746364E+0
9.963297E+2	9.653468E+0
9.965703E+2	9.806473E+0
9.968109E+2	1.017259E+1
9.970516E+2	1.013981E+1
9.972922E+2	1.007423E+1
9.975328E+2	1.026549E+1
9.977734E+2	1.000866E+1
9.980140E+2	1.009063E+1
9.982546E+2	9.986801E+0
9.984951E+2	1.016713E+1
9.987357E+2	9.975872E+0
9.989763E+2	9.959479E+0
9.992168E+2	9.915763E+0
9.994573E+2	9.877512E+0
9.996978E+2	9.921227E+0
9.999384E+2	9.598823E+0
1.000179E+3	9.374779E+0
1.000419E+3	9.462211E+0
1.000660E+3	9.680790E+0
1.000900E+3	9.751828E+0
1.001141E+3	9.811938E+0
1.001381E+3	1.009063E+1
1.001622E+3	9.959479E+0
1.001862E+3	1.007423E+1
1.002103E+3	1.033653E+1
1.002343E+3	1.019992E+1
1.002583E+3	1.010702E+1
1.002824E+3	1.003598E+1
1.003064E+3	1.004145E+1
1.003305E+3	1.010156E+1
1.003545E+3	9.817402E+0
1.003785E+3	9.604288E+0
1.004026E+3	9.626145E+0
1.004266E+3	9.724506E+0
1.004506E+3	9.828331E+0
1.004747E+3	9.954014E+0
1.004987E+3	9.811938E+0
1.005227E+3	9.822867E+0
1.005468E+3	9.757293E+0
1.005708E+3	9.533249E+0
1.005948E+3	9.440353E+0
1.006188E+3	9.336528E+0
1.006429E+3	9.363850E+0
1.006669E+3	9.331063E+0
1.006909E+3	9.429424E+0
1.007149E+3	9.391173E+0
1.007390E+3	9.429424E+0
1.007630E+3	9.385708E+0
1.007870E+3	9.085162E+0
1.008110E+3	9.150736E+0
1.008350E+3	9.243632E+0
1.008590E+3	9.336528E+0
1.008831E+3	9.063304E+0
1.009071E+3	8.882976E+0
1.009311E+3	8.811938E+0
1.009551E+3	8.784615E+0
1.009791E+3	8.855654E+0
1.010031E+3	8.828331E+0
1.010271E+3	8.910298E+0
1.010511E+3	8.986801E+0
1.010752E+3	9.210845E+0
1.010992E+3	9.363850E+0
1.011232E+3	9.380244E+0
1.011472E+3	9.035982E+0
1.011712E+3	9.074233E+0
1.011952E+3	9.352921E+0
1.012192E+3	9.254561E+0
1.012432E+3	9.270954E+0
1.012672E+3	9.292812E+0
1.012912E+3	9.511391E+0
1.013152E+3	9.440353E+0
1.013392E+3	9.533249E+0
1.013632E+3	9.516856E+0
1.013872E+3	9.697184E+0
1.014112E+3	9.779151E+0
1.014352E+3	9.790080E+0
1.014591E+3	1.005784E+1
1.014831E+3	1.033653E+1
1.015071E+3	1.047314E+1
1.015311E+3	1.046768E+1
1.015551E+3	1.022724E+1
1.015791E+3	1.033106E+1
1.016031E+3	1.033106E+1
1.016271E+3	1.036385E+1
1.016511E+3	1.027095E+1
1.016750E+3	1.028188E+1
1.016990E+3	1.034746E+1
1.017230E+3	1.035292E+1
1.017470E+3	1.046221E+1
1.017710E+3	1.037478E+1
1.017949E+3	1.035839E+1
1.018189E+3	1.069718E+1
1.018429E+3	1.070811E+1
1.018669E+3	1.066986E+1
1.018908E+3	1.052778E+1
1.019148E+3	1.033653E+1
1.019388E+3	1.019445E+1
1.019628E+3	1.042942E+1
1.019867E+3	1.030921E+1
1.020107E+3	1.025456E+1
1.020347E+3	1.022724E+1
1.020586E+3	1.016713E+1
1.020826E+3	1.006877E+1
1.021066E+3	9.992266E+0
1.021305E+3	9.888441E+0
1.021545E+3	9.828331E+0
1.021785E+3	9.604288E+0
1.022024E+3	9.713577E+0
1.022264E+3	9.784615E+0
1.022504E+3	9.855654E+0
1.022743E+3	9.992266E+0
1.022983E+3	1.000866E+1
1.023222E+3	9.757293E+0
1.023462E+3	9.904834E+0
1.023702E+3	9.811938E+0
1.023941E+3	9.806473E+0
1.024181E+3	1.006877E+1
1.024420E+3	1.009063E+1
1.024660E+3	1.012341E+1
1.024899E+3	1.006877E+1
1.025139E+3	9.762757E+0
1.025378E+3	9.637074E+0
1.025618E+3	9.549643E+0
1.025857E+3	9.478604E+0
1.026097E+3	9.489533E+0
1.026336E+3	9.363850E+0
1.026575E+3	9.270954E+0
1.026815E+3	9.303741E+0
1.027054E+3	9.298277E+0
1.027294E+3	9.341992E+0
1.027533E+3	9.128878E+0
1.027773E+3	9.123413E+0
1.028012E+3	9.221774E+0
1.028251E+3	9.167129E+0
1.028491E+3	9.107020E+0
1.028730E+3	9.156200E+0
1.028969E+3	9.320135E+0
1.029209E+3	9.199916E+0
1.029448E+3	9.227238E+0
1.029687E+3	9.085162E+0
1.029927E+3	9.035982E+0
1.030166E+3	9.145271E+0
1.030405E+3	9.074233E+0
1.030645E+3	8.811938E+0
1.030884E+3	8.855654E+0
1.031123E+3	8.866583E+0
1.031362E+3	8.664397E+0
1.031602E+3	8.844725E+0
1.031841E+3	8.811938E+0
1.032080E+3	8.724506E+0
1.032319E+3	8.494998E+0
1.032558E+3	8.456747E+0
1.032798E+3	8.128878E+0
1.033037E+3	8.451282E+0
1.033276E+3	8.374779E+0
1.033515E+3	8.434889E+0
1.033754E+3	8.571501E+0
1.033993E+3	8.648003E+0
1.034233E+3	8.331063E+0
1.034472E+3	8.331063E+0
1.034711E+3	8.298277E+0
1.034950E+3	8.341992E+0
1.035189E+3	8.331063E+0
1.035428E+3	8.210845E+0
1.035667E+3	8.057839E+0
1.035906E+3	8.161665E+0
1.036145E+3	8.380244E+0
1.036384E+3	8.582430E+0
1.036623E+3	8.598823E+0
1.036862E+3	8.385708E+0
1.037101E+3	8.462211E+0
1.037340E+3	8.320135E+0
1.037579E+3	8.117949E+0
1.037818E+3	8.183522E+0
1.038057E+3	7.926692E+0
1.038296E+3	8.183522E+0
1.038535E+3	8.216309E+0
1.038774E+3	8.068768E+0
1.039013E+3	7.926692E+0
1.039252E+3	7.795544E+0
1.039491E+3	7.773686E+0
1.039730E+3	7.943085E+0
1.039969E+3	8.107020E+0
1.040208E+3	7.943085E+0
1.040447E+3	7.746364E+0
1.040685E+3	7.872047E+0
1.040924E+3	7.970408E+0
1.041163E+3	7.833796E+0
1.041402E+3	7.620681E+0
1.041641E+3	7.735435E+0
1.041880E+3	7.615216E+0
1.042118E+3	7.702648E+0
1.042357E+3	7.702648E+0
1.042596E+3	7.680790E+0
1.042835E+3	7.784615E+0
1.043074E+3	7.784615E+0
1.043312E+3	7.544178E+0
1.043551E+3	7.456747E+0
1.043790E+3	7.828331E+0
1.044029E+3	7.975872E+0
1.044267E+3	7.779151E+0
1.044506E+3	7.795544E+0
1.044745E+3	7.691719E+0
1.044983E+3	7.806473E+0
1.045222E+3	7.817402E+0
1.045461E+3	8.014124E+0
1.045699E+3	8.238167E+0
1.045938E+3	8.374779E+0
1.046177E+3	7.975872E+0
1.046415E+3	7.768222E+0
1.046654E+3	7.680790E+0
1.046893E+3	7.833796E+0
1.047131E+3	8.074233E+0
1.047370E+3	8.505927E+0
1.047608E+3	8.117949E+0
1.047847E+3	8.363850E+0
1.048086E+3	8.265490E+0
1.048324E+3	8.260025E+0
1.048563E+3	8.150736E+0
1.048801E+3	8.243632E+0
1.049040E+3	8.292812E+0
1.049278E+3	8.385708E+0
1.049517E+3	8.560572E+0
1.049755E+3	8.899369E+0
1.049994E+3	9.085162E+0
1.050232E+3	9.325599E+0
1.050471E+3	9.085162E+0
1.050709E+3	8.740900E+0
1.050948E+3	8.861118E+0
1.051186E+3	8.954014E+0
1.051424E+3	8.882976E+0
1.051663E+3	8.757293E+0
1.051901E+3	8.658932E+0
1.052140E+3	8.790080E+0
1.052378E+3	8.954014E+0
1.052616E+3	8.926692E+0
1.052855E+3	8.806473E+0
1.053093E+3	8.680790E+0
1.053332E+3	8.582430E+0
1.053570E+3	8.855654E+0
1.053808E+3	8.959479E+0
1.054047E+3	9.096091E+0
1.054285E+3	9.270954E+0
1.054523E+3	9.145271E+0
1.054761E+3	9.276419E+0
1.055000E+3	9.391173E+0
1.055238E+3	9.287348E+0
1.055476E+3	9.188987E+0
1.055715E+3	9.227238E+0
1.055953E+3	9.380244E+0
1.056191E+3	9.281883E+0
1.056429E+3	9.413031E+0
1.056667E+3	9.358386E+0
1.056906E+3	9.423960E+0
1.057144E+3	9.167129E+0
1.057382E+3	9.117949E+0
1.057620E+3	9.117949E+0
1.057858E+3	9.418495E+0
1.058097E+3	9.522320E+0
1.058335E+3	9.150736E+0
1.058573E+3	8.877512E+0
1.058811E+3	9.079697E+0
1.059049E+3	9.205380E+0
1.059287E+3	9.172594E+0
1.059525E+3	9.090626E+0
1.059763E+3	9.008659E+0
1.060001E+3	8.790080E+0
1.060239E+3	8.489533E+0
1.060478E+3	8.112484E+0
1.060716E+3	8.167129E+0
1.060954E+3	8.423960E+0
1.061192E+3	8.664397E+0
1.061430E+3	8.429424E+0
1.061668E+3	8.145271E+0
1.061906E+3	7.773686E+0
1.062144E+3	7.904834E+0
1.062382E+3	7.817402E+0
1.062620E+3	7.932156E+0
1.062858E+3	7.724506E+0
1.063096E+3	7.817402E+0
1.063333E+3	7.893905E+0
1.063571E+3	7.762757E+0
1.063809E+3	7.593359E+0
1.064047E+3	7.325599E+0
1.064285E+3	7.117949E+0
1.064523E+3	7.008659E+0
1.064761E+3	6.975872E+0
1.064999E+3	7.112484E+0
1.065237E+3	7.128878E+0
1.065474E+3	7.205380E+0
1.065712E+3	6.964943E+0
1.065950E+3	7.019588E+0
1.066188E+3	7.221774E+0
1.066426E+3	7.369315E+0
1.066664E+3	7.101555E+0
1.066901E+3	6.882976E+0
1.067139E+3	7.090626E+0
1.067377E+3	7.270954E+0
1.067615E+3	7.413031E+0
1.067852E+3	7.555107E+0
1.068090E+3	7.117949E+0
1.068328E+3	6.735435E+0
1.068566E+3	6.456747E+0
1.068803E+3	6.123413E+0
1.069041E+3	5.943085E+0
1.069279E+3	5.675326E+0
1.069516E+3	5.822867E+0
1.069754E+3	5.893905E+0
1.069992E+3	5.844725E+0
1.070229E+3	6.030517E+0
1.070467E+3	6.063304E+0
1.070705E+3	6.096091E+0
1.070942E+3	5.954014E+0
1.071180E+3	5.779151E+0
1.071418E+3	5.484069E+0
1.071655E+3	5.653468E+0
1.071893E+3	5.544178E+0
1.072130E+3	5.325599E+0
1.072368E+3	5.035982E+0
1.072605E+3	4.746364E+0
1.072843E+3	4.582430E+0
1.073081E+3	4.604288E+0
1.073318E+3	4.751828E+0
1.073556E+3	4.828331E+0
1.073793E+3	4.943085E+0
1.074031E+3	4.839260E+0
1.074268E+3	4.751828E+0
1.074506E+3	4.904834E+0
1.074743E+3	5.096091E+0
1.074981E+3	5.249096E+0
1.075218E+3	5.489533E+0
1.075455E+3	5.478604E+0
1.075693E+3	5.341992E+0
1.075930E+3	5.396637E+0
1.076168E+3	5.216309E+0
1.076405E+3	5.281883E+0
1.076642E+3	5.314670E+0
1.076880E+3	5.358386E+0
1.077117E+3	5.303741E+0
1.077355E+3	5.784615E+0
1.077592E+3	5.915763E+0
1.077829E+3	6.074233E+0
1.078067E+3	6.352921E+0
1.078304E+3	6.423960E+0
1.078541E+3	6.801009E+0
1.078779E+3	6.801009E+0
1.079016E+3	7.074233E+0
1.079253E+3	7.107020E+0
1.079490E+3	7.046910E+0
1.079728E+3	7.107020E+0
1.079965E+3	6.811938E+0
1.080202E+3	6.751828E+0
1.080439E+3	6.828331E+0
1.080677E+3	6.795544E+0
1.080914E+3	6.751828E+0
1.081151E+3	6.954014E+0
1.081388E+3	6.855654E+0
1.081625E+3	6.746364E+0
1.081863E+3	6.363850E+0
1.082100E+3	6.287348E+0
1.082337E+3	6.052375E+0
1.082574E+3	6.314670E+0
1.082811E+3	6.735435E+0
1.083048E+3	6.615216E+0
1.083285E+3	6.489533E+0
1.083522E+3	6.494998E+0
1.083760E+3	6.811938E+0
1.083997E+3	6.762757E+0
1.084234E+3	6.604288E+0
1.084471E+3	6.948550E+0
1.084708E+3	6.833796E+0
1.084945E+3	6.762757E+0
1.085182E+3	6.658932E+0
1.085419E+3	6.954014E+0
1.085656E+3	7.194451E+0
1.085893E+3	7.352921E+0
1.086130E+3	7.494998E+0
1.086367E+3	7.658932E+0
1.086604E+3	7.735435E+0
1.086841E+3	7.986801E+0
1.087078E+3	7.954014E+0
1.087315E+3	8.068768E+0
1.087552E+3	8.079697E+0
1.087789E+3	8.003195E+0
1.088026E+3	7.620681E+0
1.088262E+3	7.199916E+0
1.088499E+3	7.363850E+0
1.088736E+3	7.642539E+0
1.088973E+3	7.374779E+0
1.089210E+3	7.467675E+0
1.089447E+3	7.615216E+0
1.089684E+3	7.494998E+0
1.089921E+3	7.309206E+0
1.090157E+3	7.456747E+0
1.090394E+3	7.494998E+0
1.090631E+3	7.997730E+0
1.090868E+3	8.019588E+0
1.091105E+3	7.997730E+0
1.091341E+3	7.959479E+0
1.091578E+3	8.085162E+0
1.091815E+3	7.822867E+0
1.092052E+3	7.855654E+0
1.092288E+3	7.637074E+0
1.092525E+3	7.374779E+0
1.092762E+3	7.298277E+0
1.092999E+3	6.937621E+0
1.093235E+3	6.762757E+0
1.093472E+3	6.549643E+0
1.093709E+3	6.314670E+0
1.093945E+3	6.380244E+0
1.094182E+3	6.434889E+0
1.094419E+3	6.478604E+0
1.094655E+3	6.527785E+0
1.094892E+3	6.538714E+0
1.095128E+3	6.604288E+0
1.095365E+3	6.729971E+0
1.095602E+3	6.631610E+0
1.095838E+3	6.560572E+0
1.096075E+3	6.478604E+0
1.096311E+3	6.609752E+0
1.096548E+3	6.708113E+0
1.096784E+3	6.757293E+0
1.097021E+3	6.915763E+0
1.097258E+3	6.899369E+0
1.097494E+3	6.910298E+0
1.097731E+3	7.260025E+0
1.097967E+3	7.352921E+0
1.098204E+3	7.221774E+0
1.098440E+3	7.199916E+0
1.098677E+3	7.358386E+0
1.098913E+3	7.063304E+0
1.099149E+3	7.052375E+0
1.099386E+3	7.085162E+0
1.099622E+3	7.178058E+0
1.099859E+3	7.008659E+0
1.100095E+3	6.839260E+0
1.100332E+3	6.954014E+0
1.100568E+3	6.899369E+0
1.100804E+3	6.757293E+0
1.101041E+3	6.784615E+0
1.101277E+3	6.691719E+0
1.101513E+3	6.844725E+0
1.101750E+3	7.079697E+0
1.101986E+3	7.336528E+0
1.102222E+3	7.249096E+0
1.102459E+3	7.467675E+0
1.102695E+3	7.893905E+0
1.102931E+3	7.839260E+0
1.103168E+3	7.686255E+0
1.103404E+3	7.882976E+0
1.103640E+3	7.762757E+0
1.103876E+3	7.811938E+0
1.104113E+3	7.943085E+0
1.104349E+3	8.014124E+0
1.104585E+3	7.806473E+0
1.104821E+3	7.719042E+0
1.105057E+3	7.221774E+0
1.105294E+3	7.336528E+0
1.105530E+3	7.429424E+0
1.105766E+3	7.456747E+0
1.106002E+3	7.527785E+0
1.106238E+3	7.473140E+0
1.106474E+3	7.516856E+0
1.106711E+3	7.434889E+0
1.106947E+3	7.325599E+0
1.107183E+3	7.227238E+0
1.107419E+3	7.232703E+0
1.107655E+3	7.314670E+0
1.107891E+3	7.478604E+0
1.108127E+3	5.784615E+0
1.108363E+3	6.784615E+0
1.108599E+3	1.111795E+1
1.108835E+3	1.845128E+1
1.109071E+3	1.778462E+1
1.109307E+3	9.117949E+0
1.109543E+3	1.011795E+1
1.109779E+3	1.145128E+1
1.110015E+3	9.117949E+0
1.110251E+3	-5.487179E-1
1.110487E+3	9.117949E+0
1.110723E+3	8.117949E+0
1.110959E+3	1.111795E+1
1.111195E+3	1.778462E+1
1.111431E+3	7.117949E+0
1.111667E+3	1.117949E+0
1.111903E+3	-4.548718E+0
1.112139E+3	-1.288205E+1
1.112375E+3	1.278462E+1
1.112611E+3	9.117949E+0
1.112847E+3	1.378462E+1
1.113082E+3	1.511795E+1
1.113318E+3	4.117949E+0
1.113554E+3	1.611795E+1
1.113790E+3	2.117949E+0
1.114026E+3	-2.882051E+0
1.114262E+3	-5.548718E+0
1.114497E+3	1.451282E+0
1.114733E+3	4.117949E+0
1.114969E+3	1.645128E+1
