1.951292E+2	0.000000E+0
1.953960E+2	0.000000E+0
1.956629E+2	0.000000E+0
1.959298E+2	0.000000E+0
1.961966E+2	0.000000E+0
1.964635E+2	0.000000E+0
1.967303E+2	0.000000E+0
1.969972E+2	0.000000E+0
1.972640E+2	0.000000E+0
1.975308E+2	0.000000E+0
1.977977E+2	0.000000E+0
1.980645E+2	0.000000E+0
1.983313E+2	0.000000E+0
1.985981E+2	0.000000E+0
1.988649E+2	0.000000E+0
1.991316E+2	0.000000E+0
1.993984E+2	0.000000E+0
1.996652E+2	0.000000E+0
1.999320E+2	0.000000E+0
2.001987E+2	0.000000E+0
2.004655E+2	0.000000E+0
2.007322E+2	0.000000E+0
2.009989E+2	0.000000E+0
2.012657E+2	0.000000E+0
2.015324E+2	0.000000E+0
2.017991E+2	0.000000E+0
2.020658E+2	0.000000E+0
2.023325E+2	0.000000E+0
2.025992E+2	0.000000E+0
2.028659E+2	0.000000E+0
2.031326E+2	0.000000E+0
2.033992E+2	0.000000E+0
2.036659E+2	0.000000E+0
2.039325E+2	0.000000E+0
2.041992E+2	0.000000E+0
2.044658E+2	0.000000E+0
2.047325E+2	0.000000E+0
2.049991E+2	0.000000E+0
2.052657E+2	0.000000E+0
2.055323E+2	0.000000E+0
2.057989E+2	0.000000E+0
2.060655E+2	0.000000E+0
2.063321E+2	0.000000E+0
2.065987E+2	0.000000E+0
2.068653E+2	0.000000E+0
2.071319E+2	0.000000E+0
2.073984E+2	0.000000E+0
2.076650E+2	0.000000E+0
2.079315E+2	0.000000E+0
2.081981E+2	0.000000E+0
2.084646E+2	0.000000E+0
2.087311E+2	0.000000E+0
2.089977E+2	0.000000E+0
2.092642E+2	0.000000E+0
2.095307E+2	0.000000E+0
2.097972E+2	0.000000E+0
2.100637E+2	0.000000E+0
2.103302E+2	0.000000E+0
2.105966E+2	0.000000E+0
2.108631E+2	0.000000E+0
2.111296E+2	0.000000E+0
2.113960E+2	0.000000E+0
2.116625E+2	0.000000E+0
2.119289E+2	0.000000E+0
2.121954E+2	0.000000E+0
2.124618E+2	0.000000E+0
2.127282E+2	0.000000E+0
2.129946E+2	0.000000E+0
2.132610E+2	0.000000E+0
2.135274E+2	0.000000E+0
2.137938E+2	0.000000E+0
2.140602E+2	0.000000E+0
2.143266E+2	0.000000E+0
2.145930E+2	0.000000E+0
2.148593E+2	0.000000E+0
2.151257E+2	0.000000E+0
2.153920E+2	0.000000E+0
2.156584E+2	0.000000E+0
2.159247E+2	0.000000E+0
2.161910E+2	0.000000E+0
2.164574E+2	0.000000E+0
2.167237E+2	0.000000E+0
2.169900E+2	0.000000E+0
2.172563E+2	0.000000E+0
2.175226E+2	0.000000E+0
2.177889E+2	0.000000E+0
2.180551E+2	0.000000E+0
2.183214E+2	0.000000E+0
2.185877E+2	0.000000E+0
2.188539E+2	0.000000E+0
2.191202E+2	0.000000E+0
2.193864E+2	0.000000E+0
2.196527E+2	0.000000E+0
2.199189E+2	0.000000E+0
2.201851E+2	0.000000E+0
2.204513E+2	0.000000E+0
2.207175E+2	0.000000E+0
2.209837E+2	0.000000E+0
2.212499E+2	0.000000E+0
2.215161E+2	0.000000E+0
2.217823E+2	0.000000E+0
2.220485E+2	0.000000E+0
2.223146E+2	0.000000E+0
2.225808E+2	0.000000E+0
2.228469E+2	0.000000E+0
2.231131E+2	0.000000E+0
2.233792E+2	0.000000E+0
2.236453E+2	0.000000E+0
2.239115E+2	0.000000E+0
2.241776E+2	0.000000E+0
2.244437E+2	0.000000E+0
2.247098E+2	0.000000E+0
2.249759E+2	0.000000E+0
2.252420E+2	0.000000E+0
2.255080E+2	0.000000E+0
2.257741E+2	0.000000E+0
2.260402E+2	0.000000E+0
2.263062E+2	0.000000E+0
2.265723E+2	0.000000E+0
2.268383E+2	0.000000E+0
2.271044E+2	0.000000E+0
2.273704E+2	0.000000E+0
2.276364E+2	0.000000E+0
2.279024E+2	0.000000E+0
2.281684E+2	0.000000E+0
2.284344E+2	0.000000E+0
2.287004E+2	0.000000E+0
2.289664E+2	0.000000E+0
2.292324E+2	0.000000E+0
2.294984E+2	0.000000E+0
2.297643E+2	0.000000E+0
2.300303E+2	0.000000E+0
2.302962E+2	0.000000E+0
2.305622E+2	0.000000E+0
2.308281E+2	0.000000E+0
2.310940E+2	0.000000E+0
2.313599E+2	0.000000E+0
2.316259E+2	0.000000E+0
2.318918E+2	0.000000E+0
2.321577E+2	0.000000E+0
2.324236E+2	0.000000E+0
2.326894E+2	0.000000E+0
2.329553E+2	0.000000E+0
2.332212E+2	0.000000E+0
2.334871E+2	0.000000E+0
2.337529E+2	0.000000E+0
2.340188E+2	0.000000E+0
2.342846E+2	0.000000E+0
2.345504E+2	0.000000E+0
2.348163E+2	0.000000E+0
2.350821E+2	0.000000E+0
2.353479E+2	0.000000E+0
2.356137E+2	0.000000E+0
2.358795E+2	0.000000E+0
2.361453E+2	0.000000E+0
2.364111E+2	0.000000E+0
2.366769E+2	0.000000E+0
2.369426E+2	0.000000E+0
2.372084E+2	0.000000E+0
2.374741E+2	0.000000E+0
2.377399E+2	0.000000E+0
2.380056E+2	0.000000E+0
2.382714E+2	0.000000E+0
2.385371E+2	0.000000E+0
2.388028E+2	0.000000E+0
2.390685E+2	0.000000E+0
2.393342E+2	0.000000E+0
2.395999E+2	0.000000E+0
2.398656E+2	0.000000E+0
2.401313E+2	0.000000E+0
2.403970E+2	0.000000E+0
2.406626E+2	0.000000E+0
2.409283E+2	0.000000E+0
2.411940E+2	0.000000E+0
2.414596E+2	0.000000E+0
2.417252E+2	0.000000E+0
2.419909E+2	0.000000E+0
2.422565E+2	0.000000E+0
2.425221E+2	0.000000E+0
2.427877E+2	0.000000E+0
2.430533E+2	0.000000E+0
2.433189E+2	0.000000E+0
2.435845E+2	0.000000E+0
2.438501E+2	0.000000E+0
2.441157E+2	0.000000E+0
2.443812E+2	0.000000E+0
2.446468E+2	0.000000E+0
2.449124E+2	0.000000E+0
2.451779E+2	0.000000E+0
2.454434E+2	0.000000E+0
2.457090E+2	0.000000E+0
2.459745E+2	0.000000E+0
2.462400E+2	0.000000E+0
2.465055E+2	0.000000E+0
2.467710E+2	0.000000E+0
2.470365E+2	0.000000E+0
2.473020E+2	0.000000E+0
2.475675E+2	0.000000E+0
2.478330E+2	0.000000E+0
2.480984E+2	0.000000E+0
2.483639E+2	0.000000E+0
2.486294E+2	0.000000E+0
2.488948E+2	0.000000E+0
2.491602E+2	0.000000E+0
2.494257E+2	0.000000E+0
2.496911E+2	0.000000E+0
2.499565E+2	0.000000E+0
2.502219E+2	9.984055E+0
2.504873E+2	9.907552E+0
2.507527E+2	9.344711E+0
2.510181E+2	9.361104E+0
2.512835E+2	9.541432E+0
2.515489E+2	9.454000E+0
2.518142E+2	9.492252E+0
2.520796E+2	9.743618E+0
2.523449E+2	9.967661E+0
2.526103E+2	9.492252E+0
2.528756E+2	9.251814E+0
2.531409E+2	8.781869E+0
2.534063E+2	8.563290E+0
2.536716E+2	9.071487E+0
2.539369E+2	9.104274E+0
2.542022E+2	9.749082E+0
2.544675E+2	9.617935E+0
2.547328E+2	9.601541E+0
2.549980E+2	9.902088E+0
2.552633E+2	9.497716E+0
2.555286E+2	9.202634E+0
2.557938E+2	9.153454E+0
2.560591E+2	9.727224E+0
2.563243E+2	1.012067E+1
2.565896E+2	1.019171E+1
2.568548E+2	1.065619E+1
2.571200E+2	1.052504E+1
2.573852E+2	1.058515E+1
2.576504E+2	1.055236E+1
2.579156E+2	1.040482E+1
2.581808E+2	1.036657E+1
2.584460E+2	1.071630E+1
2.587112E+2	1.067258E+1
2.589763E+2	1.058515E+1
2.592415E+2	1.037203E+1
2.595067E+2	1.044854E+1
2.597718E+2	1.025181E+1
2.600369E+2	1.055783E+1
2.603021E+2	1.068897E+1
2.605672E+2	1.089662E+1
2.608323E+2	1.112067E+1
2.610974E+2	1.100045E+1
2.613625E+2	1.078187E+1
2.616276E+2	1.083651E+1
2.618927E+2	1.099498E+1
2.621578E+2	1.106056E+1
2.624229E+2	1.095673E+1
2.626880E+2	1.140482E+1
2.629530E+2	1.186930E+1
2.632181E+2	1.153050E+1
2.634831E+2	1.104416E+1
2.637482E+2	1.118078E+1
2.640132E+2	1.171083E+1
2.642782E+2	1.186930E+1
2.645432E+2	1.183105E+1
2.648082E+2	1.227367E+1
2.650732E+2	1.182558E+1
2.653382E+2	1.194034E+1
2.656032E+2	1.176001E+1
2.658682E+2	1.198952E+1
2.661332E+2	1.188023E+1
2.663981E+2	1.167804E+1
2.666631E+2	1.167804E+1
2.669281E+2	1.216985E+1
2.671930E+2	1.202231E+1
2.674579E+2	1.165619E+1
2.677229E+2	1.205509E+1
2.679878E+2	1.212067E+1
2.682527E+2	1.205509E+1
2.685176E+2	1.151411E+1
2.687825E+2	1.155783E+1
2.690474E+2	1.165072E+1
2.693123E+2	1.141575E+1
2.695772E+2	1.129553E+1
2.698420E+2	1.075455E+1
2.701069E+2	1.051411E+1
2.703718E+2	1.035018E+1
2.706366E+2	1.030646E+1
2.709014E+2	1.028460E+1
2.711663E+2	1.019171E+1
2.714311E+2	1.034471E+1
2.716959E+2	1.049225E+1
2.719607E+2	1.042121E+1
2.722255E+2	1.003324E+1
2.724903E+2	9.661651E+0
2.727551E+2	9.781869E+0
2.730199E+2	9.541432E+0
2.732847E+2	1.001684E+1
2.735495E+2	1.003870E+1
2.738142E+2	1.011520E+1
2.740790E+2	1.063433E+1
2.743437E+2	1.031192E+1
2.746085E+2	1.001684E+1
2.748732E+2	1.000045E+1
2.751379E+2	1.010974E+1
2.754026E+2	1.022996E+1
2.756674E+2	1.002231E+1
2.759321E+2	1.008242E+1
2.761968E+2	9.814656E+0
2.764614E+2	1.002777E+1
2.767261E+2	1.001138E+1
2.769908E+2	9.841978E+0
2.772555E+2	9.852907E+0
2.775201E+2	9.934875E+0
2.777848E+2	9.978590E+0
2.780494E+2	1.016438E+1
2.783141E+2	1.006602E+1
2.785787E+2	1.019717E+1
2.788433E+2	9.852907E+0
2.791079E+2	9.306459E+0
2.793725E+2	8.929410E+0
2.796371E+2	9.415749E+0
2.799017E+2	9.066022E+0
2.801663E+2	8.607006E+0
2.804309E+2	8.443071E+0
2.806955E+2	8.667115E+0
2.809600E+2	8.410284E+0
2.812246E+2	8.989519E+0
2.814891E+2	9.027771E+0
2.817537E+2	9.208099E+0
2.820182E+2	8.967661E+0
2.822827E+2	8.940339E+0
2.825473E+2	9.137060E+0
2.828118E+2	8.781869E+0
2.830763E+2	8.399355E+0
2.833408E+2	8.055093E+0
2.836053E+2	8.153454E+0
2.838697E+2	7.798263E+0
2.841342E+2	7.399355E+0
2.843987E+2	7.344711E+0
2.846632E+2	7.787334E+0
2.849276E+2	8.251814E+0
2.851921E+2	8.563290E+0
2.854565E+2	8.721760E+0
2.857209E+2	8.880230E+0
2.859853E+2	8.858372E+0
2.862498E+2	8.596077E+0
2.865142E+2	7.951268E+0
2.867786E+2	8.279137E+0
2.870430E+2	8.322853E+0
2.873074E+2	8.033235E+0
2.875717E+2	7.809192E+0
2.878361E+2	7.934875E+0
2.881005E+2	7.989519E+0
2.883648E+2	7.885694E+0
2.886292E+2	7.896623E+0
2.888935E+2	8.120667E+0
2.891579E+2	8.339246E+0
2.894222E+2	8.251814E+0
2.896865E+2	8.519574E+0
2.899508E+2	8.678044E+0
2.902151E+2	8.699902E+0
2.904794E+2	9.033235E+0
2.907437E+2	9.404820E+0
2.910080E+2	9.404820E+0
2.912723E+2	9.678044E+0
2.915366E+2	9.852907E+0
2.918008E+2	1.020810E+1
2.920651E+2	1.020810E+1
2.923293E+2	1.038843E+1
2.925936E+2	9.989519E+0
2.928578E+2	9.836514E+0
2.931220E+2	9.863836E+0
2.933863E+2	9.617935E+0
2.936505E+2	9.705366E+0
2.939147E+2	9.727224E+0
2.941789E+2	9.579683E+0
2.944431E+2	9.754547E+0
2.947072E+2	1.001138E+1
2.949714E+2	1.007149E+1
2.952356E+2	1.043214E+1
2.954997E+2	1.079826E+1
2.957639E+2	1.061793E+1
2.960280E+2	1.110974E+1
2.962922E+2	1.107695E+1
2.965563E+2	1.090755E+1
2.968204E+2	1.025181E+1
2.970845E+2	9.907552E+0
2.973486E+2	9.333782E+0
2.976127E+2	9.137060E+0
2.978768E+2	9.033235E+0
2.981409E+2	9.071487E+0
2.984050E+2	8.727224E+0
2.986691E+2	8.721760E+0
2.989331E+2	9.000448E+0
2.991972E+2	9.219028E+0
2.994612E+2	9.563290E+0
2.997253E+2	9.541432E+0
2.999893E+2	9.852907E+0
3.002534E+2	1.004416E+1
3.005174E+2	9.683508E+0
3.007814E+2	9.415749E+0
3.010454E+2	9.437607E+0
3.013094E+2	9.224492E+0
3.015734E+2	9.470394E+0
3.018374E+2	9.557825E+0
3.021013E+2	9.738153E+0
3.023653E+2	9.989519E+0
3.026293E+2	1.014252E+1
3.028932E+2	1.007695E+1
3.031572E+2	1.043214E+1
3.034211E+2	1.064526E+1
3.036850E+2	1.097313E+1
3.039489E+2	1.107695E+1
3.042129E+2	1.116985E+1
3.044768E+2	1.148679E+1
3.047407E+2	1.133925E+1
3.050046E+2	1.106056E+1
3.052685E+2	1.102777E+1
3.055323E+2	1.095673E+1
3.057962E+2	1.068351E+1
3.060601E+2	1.082558E+1
3.063239E+2	1.055236E+1
3.065878E+2	1.068351E+1
3.068516E+2	1.054690E+1
3.071155E+2	1.060154E+1
3.073793E+2	1.048132E+1
3.076431E+2	1.021903E+1
3.079069E+2	1.003870E+1
3.081707E+2	1.045946E+1
3.084345E+2	1.087477E+1
3.086983E+2	1.112067E+1
3.089621E+2	1.128460E+1
3.092259E+2	1.130099E+1
3.094896E+2	1.179826E+1
3.097534E+2	1.174908E+1
3.100171E+2	1.180919E+1
3.102809E+2	1.139936E+1
3.105446E+2	1.154143E+1
3.108084E+2	1.150318E+1
3.110721E+2	1.176548E+1
3.113358E+2	1.181466E+1
3.115995E+2	1.181466E+1
3.118632E+2	1.147586E+1
3.121269E+2	1.124635E+1
3.123906E+2	1.135018E+1
3.126543E+2	1.151411E+1
3.129179E+2	1.169444E+1
3.131816E+2	1.185291E+1
3.134453E+2	1.201684E+1
3.137089E+2	1.197313E+1
3.139725E+2	1.201684E+1
3.142362E+2	1.218624E+1
3.144998E+2	1.222996E+1
3.147634E+2	1.204416E+1
3.150270E+2	1.238843E+1
3.152906E+2	1.268351E+1
3.155542E+2	1.322996E+1
3.158178E+2	1.355783E+1
3.160814E+2	1.338843E+1
3.163450E+2	1.354143E+1
3.166086E+2	1.417531E+1
3.168721E+2	1.450865E+1
3.171357E+2	1.418624E+1
3.173992E+2	1.407695E+1
3.176627E+2	1.375455E+1
3.179263E+2	1.378187E+1
3.181898E+2	1.382012E+1
3.184533E+2	1.392395E+1
3.187168E+2	1.472722E+1
3.189803E+2	1.442668E+1
3.192438E+2	1.394580E+1
3.195073E+2	1.405509E+1
3.197708E+2	1.447039E+1
3.200342E+2	1.442668E+1
3.202977E+2	1.466712E+1
3.205612E+2	1.475455E+1
3.208246E+2	1.536657E+1
3.210881E+2	1.571630E+1
3.213515E+2	1.593487E+1
3.216149E+2	1.611520E+1
3.218783E+2	1.622449E+1
3.221417E+2	1.615892E+1
3.224051E+2	1.611520E+1
3.226685E+2	1.585837E+1
3.229319E+2	1.569444E+1
3.231953E+2	1.558515E+1
3.234587E+2	1.527914E+1
3.237221E+2	1.525181E+1
3.239854E+2	1.536657E+1
3.242488E+2	1.516985E+1
3.245121E+2	1.448132E+1
3.247754E+2	1.419717E+1
3.250388E+2	1.430099E+1
3.253021E+2	1.455783E+1
3.255654E+2	1.436110E+1
3.258287E+2	1.467258E+1
3.260920E+2	1.456875E+1
3.263553E+2	1.506056E+1
3.266186E+2	1.478187E+1
3.268819E+2	1.484198E+1
3.271451E+2	1.462886E+1
3.274084E+2	1.453050E+1
3.276717E+2	1.502231E+1
3.279349E+2	1.557968E+1
3.281981E+2	1.548132E+1
3.284614E+2	1.575455E+1
3.287246E+2	1.601684E+1
3.289878E+2	1.630646E+1
3.292510E+2	1.644854E+1
3.295142E+2	1.689662E+1
3.297774E+2	1.711520E+1
3.300406E+2	1.729553E+1
3.303038E+2	1.727914E+1
3.305670E+2	1.784744E+1
3.308301E+2	1.831192E+1
3.310933E+2	1.830646E+1
3.313564E+2	1.810427E+1
3.316196E+2	1.772176E+1
3.318827E+2	1.766712E+1
3.321458E+2	1.773269E+1
3.324089E+2	1.809881E+1
3.326721E+2	1.824089E+1
3.329352E+2	1.830646E+1
3.331983E+2	1.829553E+1
3.334614E+2	1.897313E+1
3.337244E+2	1.926821E+1
3.339875E+2	1.929553E+1
3.342506E+2	1.928460E+1
3.345136E+2	1.954143E+1
3.347767E+2	1.900045E+1
3.350397E+2	1.914799E+1
3.353028E+2	1.949225E+1
3.355658E+2	1.950318E+1
3.358288E+2	1.965619E+1
3.360918E+2	1.963433E+1
3.363548E+2	1.989662E+1
3.366178E+2	1.973815E+1
3.368808E+2	1.950865E+1
3.371438E+2	1.941575E+1
3.374068E+2	1.920263E+1
3.376698E+2	1.914252E+1
3.379327E+2	1.944854E+1
3.381957E+2	1.940482E+1
3.384586E+2	1.948679E+1
3.387216E+2	1.994034E+1
3.389845E+2	2.015892E+1
3.392474E+2	2.026274E+1
3.395103E+2	2.066712E+1
3.397733E+2	2.101138E+1
3.400362E+2	2.107149E+1
3.402990E+2	2.097859E+1
3.405619E+2	2.154690E+1
3.408248E+2	2.181466E+1
3.410877E+2	2.182012E+1
3.413506E+2	2.219717E+1
3.416134E+2	2.236657E+1
3.418763E+2	2.220810E+1
3.421391E+2	2.243214E+1
3.424019E+2	2.251411E+1
3.426648E+2	2.272722E+1
3.429276E+2	2.312067E+1
3.431904E+2	2.378733E+1
3.434532E+2	2.418624E+1
3.437160E+2	2.409881E+1
3.439788E+2	2.416985E+1
3.442416E+2	2.437203E+1
3.445043E+2	2.439936E+1
3.447671E+2	2.441575E+1
3.450299E+2	2.469990E+1
3.452926E+2	2.494580E+1
3.455554E+2	2.483651E+1
3.458181E+2	2.480919E+1
3.460808E+2	2.461793E+1
3.463436E+2	2.545400E+1
3.466063E+2	2.537750E+1
3.468690E+2	2.518078E+1
3.471317E+2	2.520810E+1
3.473944E+2	2.542668E+1
3.476570E+2	2.582558E+1
3.479197E+2	2.610427E+1
3.481824E+2	2.633925E+1
3.484451E+2	2.632285E+1
3.487077E+2	2.650865E+1
3.489704E+2	2.645400E+1
3.492330E+2	2.718078E+1
3.494956E+2	2.735564E+1
3.497582E+2	2.757422E+1
3.500209E+2	2.768897E+1
3.502835E+2	2.796766E+1
3.505461E+2	2.813706E+1
3.508087E+2	2.883105E+1
3.510713E+2	2.908788E+1
3.513338E+2	2.933925E+1
3.515964E+2	2.962340E+1
3.518590E+2	2.915892E+1
3.521215E+2	2.948679E+1
3.523841E+2	2.928460E+1
3.526466E+2	2.977640E+1
3.529091E+2	3.043761E+1
3.531717E+2	3.061793E+1
3.534342E+2	3.160154E+1
3.536967E+2	3.222996E+1
3.539592E+2	3.241028E+1
3.542217E+2	3.253050E+1
3.544842E+2	3.321356E+1
3.547467E+2	3.337203E+1
3.550091E+2	3.386930E+1
3.552716E+2	3.457968E+1
3.555341E+2	3.541575E+1
3.557965E+2	3.564526E+1
3.560590E+2	3.627367E+1
3.563214E+2	3.710974E+1
3.565838E+2	3.701138E+1
3.568462E+2	3.753050E+1
3.571086E+2	3.798405E+1
3.573711E+2	3.826821E+1
3.576335E+2	3.893487E+1
3.578958E+2	3.939389E+1
3.581582E+2	3.971630E+1
3.584206E+2	3.984198E+1
3.586830E+2	4.042668E+1
3.589453E+2	4.044307E+1
3.592077E+2	4.051411E+1
3.594700E+2	4.071083E+1
3.597324E+2	4.139389E+1
3.599947E+2	4.166712E+1
3.602570E+2	4.232285E+1
3.605193E+2	4.241575E+1
3.607816E+2	4.291848E+1
3.610439E+2	4.359608E+1
3.613062E+2	4.413160E+1
3.615685E+2	4.436110E+1
3.618308E+2	4.513160E+1
3.620930E+2	4.591302E+1
3.623553E+2	4.592395E+1
3.626176E+2	4.639936E+1
3.628798E+2	4.733925E+1
3.631420E+2	4.771083E+1
3.634043E+2	4.821903E+1
3.636665E+2	4.871630E+1
3.639287E+2	4.901684E+1
3.641909E+2	4.919717E+1
3.644531E+2	4.977094E+1
3.647153E+2	4.983105E+1
3.649775E+2	5.018624E+1
3.652397E+2	5.082558E+1
3.655018E+2	5.088569E+1
3.657640E+2	5.108242E+1
3.660262E+2	5.178733E+1
3.662883E+2	5.215892E+1
3.665505E+2	5.241575E+1
3.668126E+2	5.226821E+1
3.670747E+2	5.265072E+1
3.673368E+2	5.304963E+1
3.675989E+2	5.346493E+1
3.678610E+2	5.410427E+1
3.681231E+2	5.468897E+1
3.683852E+2	5.551411E+1
3.686473E+2	5.586384E+1
3.689094E+2	5.598952E+1
3.691714E+2	5.628460E+1
3.694335E+2	5.607149E+1
3.696955E+2	5.644854E+1
3.699576E+2	5.691302E+1
3.702196E+2	5.738296E+1
3.704816E+2	5.759061E+1
3.707437E+2	5.786384E+1
3.710057E+2	5.830099E+1
3.712677E+2	5.868897E+1
3.715297E+2	5.848132E+1
3.717917E+2	5.894034E+1
3.720536E+2	5.915345E+1
3.723156E+2	5.929553E+1
3.725776E+2	6.021356E+1
3.728395E+2	6.088023E+1
3.731015E+2	6.122996E+1
3.733634E+2	6.151411E+1
3.736254E+2	6.148679E+1
3.738873E+2	6.191302E+1
3.741492E+2	6.241028E+1
3.744111E+2	6.310974E+1
3.746730E+2	6.338296E+1
3.749349E+2	6.422449E+1
3.751968E+2	6.436657E+1
3.754587E+2	6.456329E+1
3.757206E+2	6.448679E+1
3.759824E+2	6.476548E+1
3.762443E+2	6.494034E+1
3.765061E+2	6.569990E+1
3.767680E+2	6.604416E+1
3.770298E+2	6.577094E+1
3.772916E+2	6.573269E+1
3.775535E+2	6.618078E+1
3.778153E+2	6.626274E+1
3.780771E+2	6.652504E+1
3.783389E+2	6.691302E+1
3.786007E+2	6.714799E+1
3.788624E+2	6.695127E+1
3.791242E+2	6.736657E+1
3.793860E+2	6.786930E+1
3.796477E+2	6.800045E+1
3.799095E+2	6.831192E+1
3.801712E+2	6.914252E+1
3.804330E+2	6.974908E+1
3.806947E+2	7.057968E+1
3.809564E+2	7.136657E+1
3.812181E+2	7.120263E+1
3.814798E+2	7.131739E+1
3.817415E+2	7.222449E+1
3.820032E+2	7.275455E+1
3.822649E+2	7.297313E+1
3.825266E+2	7.315892E+1
3.827883E+2	7.384198E+1
3.830499E+2	7.407149E+1
3.833116E+2	7.381466E+1
3.835732E+2	7.409334E+1
3.838348E+2	7.462340E+1
3.840965E+2	7.506602E+1
3.843581E+2	7.539936E+1
3.846197E+2	7.573815E+1
3.848813E+2	7.625181E+1
3.851429E+2	7.699498E+1
3.854045E+2	7.749225E+1
3.856661E+2	7.745400E+1
3.859277E+2	7.804963E+1
3.861892E+2	7.833925E+1
3.864508E+2	7.876001E+1
3.867124E+2	7.893487E+1
3.869739E+2	7.897313E+1
3.872354E+2	7.936110E+1
3.874970E+2	8.009881E+1
3.877585E+2	8.051957E+1
3.880200E+2	8.093487E+1
3.882815E+2	8.158515E+1
3.885430E+2	8.191302E+1
3.888045E+2	8.197859E+1
3.890660E+2	8.247039E+1
3.893275E+2	8.245946E+1
3.895889E+2	8.315892E+1
3.898504E+2	8.316985E+1
3.901118E+2	8.344854E+1
3.903733E+2	8.381466E+1
3.906347E+2	8.385837E+1
3.908962E+2	8.372722E+1
3.911576E+2	8.427914E+1
3.914190E+2	8.481466E+1
3.916804E+2	8.533378E+1
3.919418E+2	8.564526E+1
3.922032E+2	8.582558E+1
3.924646E+2	8.571083E+1
3.927260E+2	8.584198E+1
3.929873E+2	8.605509E+1
3.932487E+2	8.653050E+1
3.935100E+2	8.670537E+1
3.937714E+2	8.702231E+1
3.940327E+2	8.729553E+1
3.942941E+2	8.734471E+1
3.945554E+2	8.785837E+1
3.948167E+2	8.840482E+1
3.950780E+2	8.891302E+1
3.953393E+2	8.909334E+1
3.956006E+2	8.953050E+1
3.958619E+2	8.977094E+1
3.961232E+2	8.959061E+1
3.963844E+2	8.957968E+1
3.966457E+2	8.959608E+1
3.969069E+2	8.974362E+1
3.971682E+2	9.018624E+1
3.974294E+2	9.057422E+1
3.976907E+2	9.031739E+1
3.979519E+2	9.024635E+1
3.982131E+2	9.064526E+1
3.984743E+2	9.121356E+1
3.987355E+2	9.139389E+1
3.989967E+2	9.177640E+1
3.992579E+2	9.243214E+1
3.995191E+2	9.259061E+1
3.997802E+2	9.252504E+1
4.000414E+2	9.265619E+1
4.003025E+2	9.269444E+1
4.005637E+2	9.284744E+1
4.008248E+2	9.310427E+1
4.010860E+2	9.363433E+1
4.013471E+2	9.374908E+1
4.016082E+2	9.405509E+1
4.018693E+2	9.389116E+1
4.021304E+2	9.433378E+1
4.023915E+2	9.462340E+1
4.026526E+2	9.509881E+1
4.029137E+2	9.529007E+1
4.031747E+2	9.534471E+1
4.034358E+2	9.525728E+1
4.036968E+2	9.563979E+1
4.039579E+2	9.598405E+1
4.042189E+2	9.614799E+1
4.044800E+2	9.612067E+1
4.047410E+2	9.640482E+1
4.050020E+2	9.674908E+1
4.052630E+2	9.707695E+1
4.055240E+2	9.701138E+1
4.057850E+2	9.779826E+1
4.060460E+2	9.824635E+1
4.063070E+2	9.826821E+1
4.065679E+2	9.849225E+1
4.068289E+2	9.862886E+1
4.070898E+2	9.863433E+1
4.073508E+2	9.850865E+1
4.076117E+2	9.838843E+1
4.078727E+2	9.868897E+1
4.081336E+2	9.923542E+1
4.083945E+2	9.959608E+1
4.086554E+2	9.981466E+1
4.089163E+2	1.001589E+2
4.091772E+2	1.004923E+2
4.094381E+2	1.008037E+2
4.096990E+2	1.013174E+2
4.099598E+2	1.019185E+2
4.102207E+2	1.022081E+2
4.104815E+2	1.024267E+2
4.107424E+2	1.025250E+2
4.110032E+2	1.024649E+2
4.112640E+2	1.023611E+2
4.115249E+2	1.026070E+2
4.117857E+2	1.030278E+2
4.120465E+2	1.031972E+2
4.123073E+2	1.032518E+2
4.125681E+2	1.038802E+2
4.128289E+2	1.042737E+2
4.130896E+2	1.045250E+2
4.133504E+2	1.046507E+2
4.136112E+2	1.051917E+2
4.138719E+2	1.054540E+2
4.141327E+2	1.056835E+2
4.143934E+2	1.055524E+2
4.146541E+2	1.058638E+2
4.149149E+2	1.061698E+2
4.151756E+2	1.067709E+2
4.154363E+2	1.070660E+2
4.156970E+2	1.075961E+2
4.159577E+2	1.077382E+2
4.162184E+2	1.079403E+2
4.164790E+2	1.082081E+2
4.167397E+2	1.080332E+2
4.170004E+2	1.076289E+2
4.172610E+2	1.079294E+2
4.175217E+2	1.081644E+2
4.177823E+2	1.084321E+2
4.180429E+2	1.088966E+2
4.183035E+2	1.090059E+2
4.185642E+2	1.091589E+2
4.188248E+2	1.096289E+2
4.190854E+2	1.096671E+2
4.193459E+2	1.101589E+2
4.196065E+2	1.101972E+2
4.198671E+2	1.100004E+2
4.201277E+2	1.096944E+2
4.203882E+2	1.097709E+2
4.206488E+2	1.098037E+2
4.209093E+2	1.096398E+2
4.211699E+2	1.099239E+2
4.214304E+2	1.101152E+2
4.216909E+2	1.099786E+2
4.219514E+2	1.097983E+2
4.222119E+2	1.098474E+2
4.224724E+2	1.102955E+2
4.227329E+2	1.106179E+2
4.229934E+2	1.106289E+2
4.232539E+2	1.106726E+2
4.235143E+2	1.112955E+2
4.237748E+2	1.111207E+2
4.240352E+2	1.111425E+2
4.242957E+2	1.113884E+2
4.245561E+2	1.119294E+2
4.248166E+2	1.120824E+2
4.250770E+2	1.121043E+2
4.253374E+2	1.122846E+2
4.255978E+2	1.124540E+2
4.258582E+2	1.124376E+2
4.261186E+2	1.125524E+2
4.263790E+2	1.127436E+2
4.266393E+2	1.130387E+2
4.268997E+2	1.130988E+2
4.271600E+2	1.136671E+2
4.274204E+2	1.140551E+2
4.276807E+2	1.144103E+2
4.279411E+2	1.146944E+2
4.282014E+2	1.148256E+2
4.284617E+2	1.143939E+2
4.287220E+2	1.143229E+2
4.289823E+2	1.141097E+2
4.292426E+2	1.145196E+2
4.295029E+2	1.145578E+2
4.297632E+2	1.148147E+2
4.300235E+2	1.148966E+2
4.302837E+2	1.153338E+2
4.305440E+2	1.155032E+2
4.308042E+2	1.159622E+2
4.310645E+2	1.160004E+2
4.313247E+2	1.163283E+2
4.315849E+2	1.161425E+2
4.318451E+2	1.162846E+2
4.321054E+2	1.167655E+2
4.323656E+2	1.168693E+2
4.326258E+2	1.171480E+2
4.328859E+2	1.172245E+2
4.331461E+2	1.170059E+2
4.334063E+2	1.170387E+2
4.336665E+2	1.170606E+2
4.339266E+2	1.168693E+2
4.341868E+2	1.168638E+2
4.344469E+2	1.170332E+2
4.347070E+2	1.166944E+2
4.349671E+2	1.167873E+2
4.352273E+2	1.164977E+2
4.354874E+2	1.167218E+2
4.357475E+2	1.172682E+2
4.360076E+2	1.175578E+2
4.362677E+2	1.178529E+2
4.365277E+2	1.179677E+2
4.367878E+2	1.180988E+2
4.370479E+2	1.184048E+2
4.373079E+2	1.189130E+2
4.375680E+2	1.195469E+2
4.378280E+2	1.198256E+2
4.380880E+2	1.204431E+2
4.383480E+2	1.207436E+2
4.386081E+2	1.209950E+2
4.388681E+2	1.220933E+2
4.391281E+2	1.229130E+2
4.393881E+2	1.227436E+2
4.396480E+2	1.234048E+2
4.399080E+2	1.236944E+2
4.401680E+2	1.239021E+2
4.404279E+2	1.239567E+2
4.406879E+2	1.246562E+2
4.409478E+2	1.252081E+2
4.412078E+2	1.255360E+2
4.414677E+2	1.256070E+2
4.417276E+2	1.257491E+2
4.419875E+2	1.265196E+2
4.422474E+2	1.267382E+2
4.425073E+2	1.270223E+2
4.427672E+2	1.275469E+2
4.430271E+2	1.275633E+2
4.432870E+2	1.275688E+2
4.435469E+2	1.273065E+2
4.438067E+2	1.275688E+2
4.440666E+2	1.277491E+2
4.443264E+2	1.280278E+2
4.445862E+2	1.280223E+2
4.448461E+2	1.285906E+2
4.451059E+2	1.288420E+2
4.453657E+2	1.292245E+2
4.456255E+2	1.294649E+2
4.458853E+2	1.298147E+2
4.461451E+2	1.301316E+2
4.464049E+2	1.306343E+2
4.466646E+2	1.305633E+2
4.469244E+2	1.305305E+2
4.471842E+2	1.306234E+2
4.474439E+2	1.309731E+2
4.477036E+2	1.313174E+2
4.479634E+2	1.313010E+2
4.482231E+2	1.315141E+2
4.484828E+2	1.316343E+2
4.487425E+2	1.317928E+2
4.490022E+2	1.325469E+2
4.492619E+2	1.328693E+2
4.495216E+2	1.330387E+2
4.497813E+2	1.329731E+2
4.500410E+2	1.332737E+2
4.503006E+2	1.332791E+2
4.505603E+2	1.340442E+2
4.508199E+2	1.345797E+2
4.510796E+2	1.349239E+2
4.513392E+2	1.351698E+2
4.515988E+2	1.352846E+2
4.518584E+2	1.356835E+2
4.521180E+2	1.362026E+2
4.523776E+2	1.363884E+2
4.526372E+2	1.365414E+2
4.528968E+2	1.365414E+2
4.531564E+2	1.362791E+2
4.534160E+2	1.361261E+2
4.536755E+2	1.365797E+2
4.539351E+2	1.366179E+2
4.541946E+2	1.367218E+2
4.544541E+2	1.366726E+2
4.547137E+2	1.361152E+2
4.549732E+2	1.362354E+2
4.552327E+2	1.363830E+2
4.554922E+2	1.363010E+2
4.557517E+2	1.365141E+2
4.560112E+2	1.367983E+2
4.562707E+2	1.369076E+2
4.565302E+2	1.367108E+2
4.567896E+2	1.369841E+2
4.570491E+2	1.371698E+2
4.573085E+2	1.374048E+2
4.575680E+2	1.375906E+2
4.578274E+2	1.372901E+2
4.580868E+2	1.372573E+2
4.583463E+2	1.376507E+2
4.586057E+2	1.378037E+2
4.588651E+2	1.386671E+2
4.591245E+2	1.384977E+2
4.593838E+2	1.392737E+2
4.596432E+2	1.398802E+2
4.599026E+2	1.406507E+2
4.601620E+2	1.409677E+2
4.604213E+2	1.415633E+2
4.606807E+2	1.417928E+2
4.609400E+2	1.423666E+2
4.611993E+2	1.422901E+2
4.614587E+2	1.422354E+2
4.617180E+2	1.426179E+2
4.619773E+2	1.428529E+2
4.622366E+2	1.428365E+2
4.624959E+2	1.436234E+2
4.627552E+2	1.438420E+2
4.630144E+2	1.442791E+2
4.632737E+2	1.447436E+2
4.635330E+2	1.451972E+2
4.637922E+2	1.456890E+2
4.640515E+2	1.459349E+2
4.643107E+2	1.464376E+2
4.645699E+2	1.473556E+2
4.648292E+2	1.476999E+2
4.650884E+2	1.481152E+2
4.653476E+2	1.490332E+2
4.656068E+2	1.499841E+2
4.658660E+2	1.504759E+2
4.661251E+2	1.514157E+2
4.663843E+2	1.516507E+2
4.666435E+2	1.519239E+2
4.669026E+2	1.527928E+2
4.671618E+2	1.529950E+2
4.674209E+2	1.530059E+2
4.676801E+2	1.536015E+2
4.679392E+2	1.536179E+2
4.681983E+2	1.543119E+2
4.684574E+2	1.550004E+2
4.687165E+2	1.558693E+2
4.689756E+2	1.565851E+2
4.692347E+2	1.570442E+2
4.694938E+2	1.573174E+2
4.697529E+2	1.578092E+2
4.700119E+2	1.581316E+2
4.702710E+2	1.588310E+2
4.705300E+2	1.596507E+2
4.707891E+2	1.598310E+2
4.710481E+2	1.607218E+2
4.713071E+2	1.618966E+2
4.715661E+2	1.627764E+2
4.718252E+2	1.635851E+2
4.720842E+2	1.641698E+2
4.723431E+2	1.650879E+2
4.726021E+2	1.656780E+2
4.728611E+2	1.661698E+2
4.731201E+2	1.671808E+2
4.733790E+2	1.681589E+2
4.736380E+2	1.688857E+2
4.738969E+2	1.699841E+2
4.741559E+2	1.704321E+2
4.744148E+2	1.713830E+2
4.746737E+2	1.720606E+2
4.749326E+2	1.735305E+2
4.751915E+2	1.740933E+2
4.754504E+2	1.747928E+2
4.757093E+2	1.758147E+2
4.759682E+2	1.769349E+2
4.762271E+2	1.778256E+2
4.764859E+2	1.784212E+2
4.767448E+2	1.791808E+2
4.770037E+2	1.798802E+2
4.772625E+2	1.809567E+2
4.775213E+2	1.815250E+2
4.777802E+2	1.821480E+2
4.780390E+2	1.828310E+2
4.782978E+2	1.829895E+2
4.785566E+2	1.842026E+2
4.788154E+2	1.849895E+2
4.790742E+2	1.858529E+2
4.793329E+2	1.865906E+2
4.795917E+2	1.873830E+2
4.798505E+2	1.883666E+2
4.801092E+2	1.892518E+2
4.803680E+2	1.897382E+2
4.806267E+2	1.903884E+2
4.808854E+2	1.910004E+2
4.811442E+2	1.913174E+2
4.814029E+2	1.919950E+2
4.816616E+2	1.930824E+2
4.819203E+2	1.937163E+2
4.821790E+2	1.947272E+2
4.824377E+2	1.958365E+2
4.826963E+2	1.963830E+2
4.829550E+2	1.972409E+2
4.832137E+2	1.986835E+2
4.834723E+2	1.994868E+2
4.837310E+2	2.007873E+2
4.839896E+2	2.018802E+2
4.842482E+2	2.028147E+2
4.845068E+2	2.032409E+2
4.847655E+2	2.044704E+2
4.850241E+2	2.050059E+2
4.852827E+2	2.058365E+2
4.855412E+2	2.064595E+2
4.857998E+2	2.074103E+2
4.860584E+2	2.082846E+2
4.863170E+2	2.089895E+2
4.865755E+2	2.100770E+2
4.868341E+2	2.108748E+2
4.870926E+2	2.112409E+2
4.873511E+2	2.119239E+2
4.876097E+2	2.127163E+2
4.878682E+2	2.138966E+2
4.881267E+2	2.146671E+2
4.883852E+2	2.158474E+2
4.886437E+2	2.168912E+2
4.889022E+2	2.173611E+2
4.891606E+2	2.177764E+2
4.894191E+2	2.186453E+2
4.896776E+2	2.196015E+2
4.899360E+2	2.204595E+2
4.901945E+2	2.210715E+2
4.904529E+2	2.211535E+2
4.907113E+2	2.212955E+2
4.909697E+2	2.221589E+2
4.912282E+2	2.227655E+2
4.914866E+2	2.230223E+2
4.917450E+2	2.234212E+2
4.920034E+2	2.241152E+2
4.922617E+2	2.245032E+2
4.925201E+2	2.249076E+2
4.927785E+2	2.257819E+2
4.930368E+2	2.264157E+2
4.932952E+2	2.271862E+2
4.935535E+2	2.279895E+2
4.938118E+2	2.289130E+2
4.940702E+2	2.298693E+2
4.943285E+2	2.302136E+2
4.945868E+2	2.308310E+2
4.948451E+2	2.314868E+2
4.951034E+2	2.320606E+2
4.953617E+2	2.328529E+2
4.956200E+2	2.336944E+2
4.958782E+2	2.345305E+2
4.961365E+2	2.356453E+2
4.963947E+2	2.363447E+2
4.966530E+2	2.371043E+2
4.969112E+2	2.377108E+2
4.971694E+2	2.383447E+2
4.974277E+2	2.386125E+2
4.976859E+2	2.390114E+2
4.979441E+2	2.396726E+2
4.982023E+2	2.404704E+2
4.984605E+2	2.411152E+2
4.987187E+2	2.420660E+2
4.989768E+2	2.421097E+2
4.992350E+2	2.421917E+2
4.994931E+2	2.423611E+2
4.997513E+2	2.424540E+2
5.000094E+2	2.430004E+2
5.002676E+2	2.434595E+2
5.005257E+2	2.436289E+2
5.007838E+2	2.446125E+2
5.010419E+2	2.451972E+2
5.013000E+2	2.460770E+2
5.015581E+2	2.466944E+2
5.018162E+2	2.477327E+2
5.020743E+2	2.483720E+2
5.023323E+2	2.488256E+2
5.025904E+2	2.489622E+2
5.028485E+2	2.496398E+2
5.031065E+2	2.498693E+2
5.033645E+2	2.501862E+2
5.036226E+2	2.504977E+2
5.038806E+2	2.510606E+2
5.041386E+2	2.509677E+2
5.043966E+2	2.516234E+2
5.046546E+2	2.519677E+2
5.049126E+2	2.527928E+2
5.051706E+2	2.536507E+2
5.054285E+2	2.537600E+2
5.056865E+2	2.542846E+2
5.059445E+2	2.549895E+2
5.062024E+2	2.556398E+2
5.064604E+2	2.560715E+2
5.067183E+2	2.560442E+2
5.069762E+2	2.565305E+2
5.072341E+2	2.565633E+2
5.074920E+2	2.573392E+2
5.077499E+2	2.577054E+2
5.080078E+2	2.585742E+2
5.082657E+2	2.587218E+2
5.085236E+2	2.593502E+2
5.087815E+2	2.598256E+2
5.090393E+2	2.603502E+2
5.092972E+2	2.607709E+2
5.095550E+2	2.608584E+2
5.098129E+2	2.610387E+2
5.100707E+2	2.614977E+2
5.103285E+2	2.620606E+2
5.105863E+2	2.625250E+2
5.108441E+2	2.628584E+2
5.111019E+2	2.632464E+2
5.113597E+2	2.631644E+2
5.116175E+2	2.633994E+2
5.118753E+2	2.633010E+2
5.121330E+2	2.634704E+2
5.123908E+2	2.639622E+2
5.126485E+2	2.646999E+2
5.129063E+2	2.651097E+2
5.131640E+2	2.661316E+2
5.134217E+2	2.666289E+2
5.136794E+2	2.672081E+2
5.139371E+2	2.673447E+2
5.141948E+2	2.681589E+2
5.144525E+2	2.683010E+2
5.147102E+2	2.690278E+2
5.149679E+2	2.699349E+2
5.152256E+2	2.703229E+2
5.154832E+2	2.708310E+2
5.157409E+2	2.714813E+2
5.159985E+2	2.721644E+2
5.162562E+2	2.727764E+2
5.165138E+2	2.730332E+2
5.167714E+2	2.736890E+2
5.170290E+2	2.742245E+2
5.172866E+2	2.750059E+2
5.175442E+2	2.747108E+2
5.178018E+2	2.751152E+2
5.180594E+2	2.752518E+2
5.183170E+2	2.757600E+2
5.185745E+2	2.760168E+2
5.188321E+2	2.765086E+2
5.190896E+2	2.765633E+2
5.193472E+2	2.770004E+2
5.196047E+2	2.772627E+2
5.198622E+2	2.774977E+2
5.201197E+2	2.776562E+2
5.203772E+2	2.781152E+2
5.206347E+2	2.789021E+2
5.208922E+2	2.786890E+2
5.211497E+2	2.788310E+2
5.214072E+2	2.790442E+2
5.216646E+2	2.790551E+2
5.219221E+2	2.799458E+2
5.221795E+2	2.805360E+2
5.224370E+2	2.812682E+2
5.226944E+2	2.810988E+2
5.229519E+2	2.815032E+2
5.232093E+2	2.816398E+2
5.234667E+2	2.819294E+2
5.237241E+2	2.822901E+2
5.239815E+2	2.831535E+2
5.242389E+2	2.833994E+2
5.244962E+2	2.835578E+2
5.247536E+2	2.836835E+2
5.250110E+2	2.840223E+2
5.252683E+2	2.844649E+2
5.255257E+2	2.851371E+2
5.257830E+2	2.857163E+2
5.260403E+2	2.863010E+2
5.262977E+2	2.865906E+2
5.265550E+2	2.872737E+2
5.268123E+2	2.871698E+2
5.270696E+2	2.878638E+2
5.273269E+2	2.885032E+2
5.275841E+2	2.892573E+2
5.278414E+2	2.894048E+2
5.280987E+2	2.894759E+2
5.283559E+2	2.893119E+2
5.286132E+2	2.895305E+2
5.288704E+2	2.892737E+2
5.291276E+2	2.897983E+2
5.293849E+2	2.896179E+2
5.296421E+2	2.896780E+2
5.298993E+2	2.894376E+2
5.301565E+2	2.899731E+2
5.304137E+2	2.902409E+2
5.306709E+2	2.905797E+2
5.309280E+2	2.910824E+2
5.311852E+2	2.914157E+2
5.314424E+2	2.911152E+2
5.316995E+2	2.916890E+2
5.319567E+2	2.916835E+2
5.322138E+2	2.917436E+2
5.324709E+2	2.914813E+2
5.327280E+2	2.916398E+2
5.329852E+2	2.916726E+2
5.332423E+2	2.923556E+2
5.334994E+2	2.921753E+2
5.337564E+2	2.926343E+2
5.340135E+2	2.929239E+2
5.342706E+2	2.933502E+2
5.345276E+2	2.933939E+2
5.347847E+2	2.945086E+2
5.350417E+2	2.943830E+2
5.352988E+2	2.941917E+2
5.355558E+2	2.946179E+2
5.358128E+2	2.948420E+2
5.360698E+2	2.949076E+2
5.363269E+2	2.946726E+2
5.365839E+2	2.951535E+2
5.368408E+2	2.957873E+2
5.370978E+2	2.960059E+2
5.373548E+2	2.960168E+2
5.376118E+2	2.959239E+2
5.378687E+2	2.960824E+2
5.381257E+2	2.965141E+2
5.383826E+2	2.972409E+2
5.386395E+2	2.977436E+2
5.388965E+2	2.980004E+2
5.391534E+2	2.980278E+2
5.394103E+2	2.984704E+2
5.396672E+2	2.990059E+2
5.399241E+2	2.995196E+2
5.401810E+2	2.998912E+2
5.404378E+2	3.002026E+2
5.406947E+2	2.999677E+2
5.409516E+2	3.002627E+2
5.412084E+2	3.002081E+2
5.414653E+2	3.004704E+2
5.417221E+2	3.005742E+2
5.419789E+2	3.009458E+2
5.422357E+2	3.004157E+2
5.424925E+2	3.007108E+2
5.427493E+2	3.010332E+2
5.430061E+2	3.009567E+2
5.432629E+2	3.011535E+2
5.435197E+2	3.020879E+2
5.437765E+2	3.025578E+2
5.440332E+2	3.029130E+2
5.442900E+2	3.029841E+2
5.445467E+2	3.036453E+2
5.448035E+2	3.038310E+2
5.450602E+2	3.044485E+2
5.453169E+2	3.046398E+2
5.455736E+2	3.046070E+2
5.458303E+2	3.044704E+2
5.460870E+2	3.047655E+2
5.463437E+2	3.044485E+2
5.466004E+2	3.044595E+2
5.468571E+2	3.045633E+2
5.471137E+2	3.048529E+2
5.473704E+2	3.044868E+2
5.476270E+2	3.048966E+2
5.478837E+2	3.052245E+2
5.481403E+2	3.057764E+2
5.483969E+2	3.055851E+2
5.486535E+2	3.057382E+2
5.489101E+2	3.055469E+2
5.491667E+2	3.062190E+2
5.494233E+2	3.062901E+2
5.496799E+2	3.068529E+2
5.499365E+2	3.071316E+2
5.501931E+2	3.078147E+2
5.504496E+2	3.077436E+2
5.507062E+2	3.085196E+2
5.509627E+2	3.091480E+2
5.512192E+2	3.096289E+2
5.514758E+2	3.097436E+2
5.517323E+2	3.100387E+2
5.519888E+2	3.097764E+2
5.522453E+2	3.099731E+2
5.525018E+2	3.095797E+2
5.527583E+2	3.095906E+2
5.530147E+2	3.100059E+2
5.532712E+2	3.098201E+2
5.535277E+2	3.099458E+2
5.537841E+2	3.099185E+2
5.540406E+2	3.097600E+2
5.542970E+2	3.099021E+2
5.545534E+2	3.099622E+2
5.548098E+2	3.101043E+2
5.550663E+2	3.100278E+2
5.553227E+2	3.095797E+2
5.555791E+2	3.093775E+2
5.558354E+2	3.095250E+2
5.560918E+2	3.097218E+2
5.563482E+2	3.106289E+2
5.566046E+2	3.106179E+2
5.568609E+2	3.110387E+2
5.571173E+2	3.106671E+2
5.573736E+2	3.106780E+2
5.576299E+2	3.104704E+2
5.578862E+2	3.111152E+2
5.581426E+2	3.110496E+2
5.583989E+2	3.109021E+2
5.586552E+2	3.112955E+2
5.589114E+2	3.109185E+2
5.591677E+2	3.103884E+2
5.594240E+2	3.105414E+2
5.596803E+2	3.109786E+2
5.599365E+2	3.114595E+2
5.601928E+2	3.112136E+2
5.604490E+2	3.114431E+2
5.607052E+2	3.113939E+2
5.609614E+2	3.114212E+2
5.612177E+2	3.119458E+2
5.614739E+2	3.123556E+2
5.617301E+2	3.122573E+2
5.619863E+2	3.126835E+2
5.622424E+2	3.127054E+2
5.624986E+2	3.124267E+2
5.627548E+2	3.124759E+2
5.630109E+2	3.129403E+2
5.632671E+2	3.127491E+2
5.635232E+2	3.127655E+2
5.637794E+2	3.123502E+2
5.640355E+2	3.127108E+2
5.642916E+2	3.125742E+2
5.645477E+2	3.132682E+2
5.648038E+2	3.133939E+2
5.650599E+2	3.136726E+2
5.653160E+2	3.132026E+2
5.655721E+2	3.129403E+2
5.658281E+2	3.126398E+2
5.660842E+2	3.124923E+2
5.663402E+2	3.119403E+2
5.665963E+2	3.117327E+2
5.668523E+2	3.118147E+2
5.671083E+2	3.120004E+2
5.673644E+2	3.119950E+2
5.676204E+2	3.117436E+2
5.678764E+2	3.115797E+2
5.681324E+2	3.122026E+2
5.683883E+2	3.125032E+2
5.686443E+2	3.123502E+2
5.689003E+2	3.126944E+2
5.691562E+2	3.129513E+2
5.694122E+2	3.130332E+2
5.696681E+2	3.132190E+2
5.699241E+2	3.129677E+2
5.701800E+2	3.130168E+2
5.704359E+2	3.131207E+2
5.706918E+2	3.134376E+2
5.709477E+2	3.135141E+2
5.712036E+2	3.138365E+2
5.714595E+2	3.136070E+2
5.717154E+2	3.136453E+2
5.719713E+2	3.134704E+2
5.722271E+2	3.137382E+2
5.724830E+2	3.139677E+2
5.727388E+2	3.145469E+2
5.729947E+2	3.143775E+2
5.732505E+2	3.146125E+2
5.735063E+2	3.146999E+2
5.737621E+2	3.154595E+2
5.740179E+2	3.154595E+2
5.742737E+2	3.153447E+2
5.745295E+2	3.152464E+2
5.747853E+2	3.155578E+2
5.750411E+2	3.155688E+2
5.752968E+2	3.155250E+2
5.755526E+2	3.155032E+2
5.758083E+2	3.154704E+2
5.760641E+2	3.150770E+2
5.763198E+2	3.150933E+2
5.765755E+2	3.149403E+2
5.768312E+2	3.153174E+2
5.770869E+2	3.156070E+2
5.773426E+2	3.159185E+2
5.775983E+2	3.157764E+2
5.778540E+2	3.159677E+2
5.781097E+2	3.167218E+2
5.783653E+2	3.169021E+2
5.786210E+2	3.171808E+2
5.788766E+2	3.175250E+2
5.791323E+2	3.178201E+2
5.793879E+2	3.186289E+2
5.796435E+2	3.182901E+2
5.798991E+2	3.185414E+2
5.801547E+2	3.179622E+2
5.804103E+2	3.181972E+2
5.806659E+2	3.180442E+2
5.809215E+2	3.184376E+2
5.811771E+2	3.183611E+2
5.814327E+2	3.182955E+2
5.816882E+2	3.182300E+2
5.819438E+2	3.188966E+2
5.821993E+2	3.188912E+2
5.824548E+2	3.184157E+2
5.827104E+2	3.185524E+2
5.829659E+2	3.189130E+2
5.832214E+2	3.192682E+2
5.834769E+2	3.193666E+2
5.837324E+2	3.192190E+2
5.839878E+2	3.194212E+2
5.842433E+2	3.195305E+2
5.844988E+2	3.199895E+2
5.847542E+2	3.199076E+2
5.850097E+2	3.199895E+2
5.852651E+2	3.200004E+2
5.855206E+2	3.208092E+2
5.857760E+2	3.207491E+2
5.860314E+2	3.209185E+2
5.862868E+2	3.204813E+2
5.865422E+2	3.206179E+2
5.867976E+2	3.206999E+2
5.870530E+2	3.210988E+2
5.873084E+2	3.213611E+2
5.875637E+2	3.212081E+2
5.878191E+2	3.211480E+2
5.880744E+2	3.210551E+2
5.883298E+2	3.211644E+2
5.885851E+2	3.210442E+2
5.888404E+2	3.210715E+2
5.890958E+2	3.211535E+2
5.893511E+2	3.206726E+2
5.896064E+2	3.207600E+2
5.898617E+2	3.204704E+2
5.901169E+2	3.208693E+2
5.903722E+2	3.209841E+2
5.906275E+2	3.209458E+2
5.908827E+2	3.213939E+2
5.911380E+2	3.213556E+2
5.913932E+2	3.212354E+2
5.916485E+2	3.216944E+2
5.919037E+2	3.219567E+2
5.921589E+2	3.223392E+2
5.924141E+2	3.216234E+2
5.926693E+2	3.216234E+2
5.929245E+2	3.213338E+2
5.931797E+2	3.214103E+2
5.934349E+2	3.211043E+2
5.936900E+2	3.207272E+2
5.939452E+2	3.206070E+2
5.942004E+2	3.207108E+2
5.944555E+2	3.204977E+2
5.947106E+2	3.204048E+2
5.949658E+2	3.201152E+2
5.952209E+2	3.204595E+2
5.954760E+2	3.204212E+2
5.957311E+2	3.207600E+2
5.959862E+2	3.208092E+2
5.962413E+2	3.213502E+2
5.964963E+2	3.212901E+2
5.967514E+2	3.214103E+2
5.970065E+2	3.215305E+2
5.972615E+2	3.215196E+2
5.975166E+2	3.210168E+2
5.977716E+2	3.213775E+2
5.980266E+2	3.218966E+2
5.982816E+2	3.220824E+2
5.985367E+2	3.218365E+2
5.987917E+2	3.227545E+2
5.990467E+2	3.229076E+2
5.993016E+2	3.229677E+2
5.995566E+2	3.229677E+2
5.998116E+2	3.236999E+2
6.000665E+2	3.235961E+2
6.003215E+2	3.236890E+2
6.005764E+2	3.239239E+2
6.008314E+2	3.244540E+2
6.010863E+2	3.240933E+2
6.013412E+2	3.242955E+2
6.015961E+2	3.243775E+2
6.018510E+2	3.251753E+2
6.021059E+2	3.255196E+2
6.023608E+2	3.257983E+2
6.026157E+2	3.257163E+2
6.028706E+2	3.260770E+2
6.031254E+2	3.264485E+2
6.033803E+2	3.267436E+2
6.036351E+2	3.268365E+2
6.038900E+2	3.266999E+2
6.041448E+2	3.272081E+2
6.043996E+2	3.277108E+2
6.046544E+2	3.274485E+2
6.049092E+2	3.278912E+2
6.051640E+2	3.284868E+2
6.054188E+2	3.290442E+2
6.056736E+2	3.290824E+2
6.059283E+2	3.291698E+2
6.061831E+2	3.294813E+2
6.064378E+2	3.292791E+2
6.066926E+2	3.296453E+2
6.069473E+2	3.299403E+2
6.072021E+2	3.301207E+2
6.074568E+2	3.301207E+2
6.077115E+2	3.300278E+2
6.079662E+2	3.307983E+2
6.082209E+2	3.306562E+2
6.084756E+2	3.316726E+2
6.087302E+2	3.324923E+2
6.089849E+2	3.330004E+2
6.092396E+2	3.332573E+2
6.094942E+2	3.337764E+2
6.097489E+2	3.335578E+2
6.100035E+2	3.339403E+2
6.102581E+2	3.340715E+2
6.105127E+2	3.342627E+2
6.107674E+2	3.343666E+2
6.110220E+2	3.345086E+2
6.112766E+2	3.347382E+2
6.115311E+2	3.347108E+2
6.117857E+2	3.345797E+2
6.120403E+2	3.348638E+2
6.122948E+2	3.351644E+2
6.125494E+2	3.354485E+2
6.128039E+2	3.359130E+2
6.130585E+2	3.362627E+2
6.133130E+2	3.368201E+2
6.135675E+2	3.369294E+2
6.138220E+2	3.369677E+2
6.140765E+2	3.373174E+2
6.143310E+2	3.370168E+2
6.145855E+2	3.374813E+2
6.148400E+2	3.379349E+2
6.150945E+2	3.382409E+2
6.153489E+2	3.379130E+2
6.156034E+2	3.379677E+2
6.158578E+2	3.381371E+2
6.161123E+2	3.378857E+2
6.163667E+2	3.381535E+2
6.166211E+2	3.385524E+2
6.168755E+2	3.390114E+2
6.171299E+2	3.390114E+2
6.173843E+2	3.386617E+2
6.176387E+2	3.384485E+2
6.178931E+2	3.381589E+2
6.181474E+2	3.385797E+2
6.184018E+2	3.384048E+2
6.186561E+2	3.387819E+2
6.189105E+2	3.389403E+2
6.191648E+2	3.394376E+2
6.194191E+2	3.395250E+2
6.196735E+2	3.397054E+2
6.199278E+2	3.396179E+2
6.201821E+2	3.402846E+2
6.204364E+2	3.403119E+2
6.206907E+2	3.399021E+2
6.209449E+2	3.397709E+2
6.211992E+2	3.403229E+2
6.214535E+2	3.406453E+2
6.217077E+2	3.409841E+2
6.219619E+2	3.408037E+2
6.222162E+2	3.408529E+2
6.224704E+2	3.410715E+2
6.227246E+2	3.416671E+2
6.229788E+2	3.421862E+2
6.232330E+2	3.433884E+2
6.234872E+2	3.434321E+2
6.237414E+2	3.437327E+2
6.239956E+2	3.432081E+2
6.242498E+2	3.429731E+2
6.245039E+2	3.431644E+2
6.247581E+2	3.434267E+2
6.250122E+2	3.432791E+2
6.252663E+2	3.435578E+2
6.255205E+2	3.439349E+2
6.257746E+2	3.444759E+2
6.260287E+2	3.443502E+2
6.262828E+2	3.447764E+2
6.265369E+2	3.447382E+2
6.267910E+2	3.452791E+2
6.270450E+2	3.451043E+2
6.272991E+2	3.455578E+2
6.275532E+2	3.461862E+2
6.278072E+2	3.466835E+2
6.280613E+2	3.468912E+2
6.283153E+2	3.473884E+2
6.285693E+2	3.480660E+2
6.288233E+2	3.480933E+2
6.290773E+2	3.478748E+2
6.293313E+2	3.481371E+2
6.295853E+2	3.487491E+2
6.298393E+2	3.489841E+2
6.300933E+2	3.488037E+2
6.303472E+2	3.490059E+2
6.306012E+2	3.491261E+2
6.308551E+2	3.494868E+2
6.311091E+2	3.496234E+2
6.313630E+2	3.501425E+2
6.316169E+2	3.503720E+2
6.318709E+2	3.501043E+2
6.321248E+2	3.499950E+2
6.323787E+2	3.498256E+2
6.326326E+2	3.498365E+2
6.328864E+2	3.504103E+2
6.331403E+2	3.510442E+2
6.333942E+2	3.516835E+2
6.336480E+2	3.517764E+2
6.339019E+2	3.518420E+2
6.341557E+2	3.516835E+2
6.344095E+2	3.518256E+2
6.346634E+2	3.513174E+2
6.349172E+2	3.517382E+2
6.351710E+2	3.516671E+2
6.354248E+2	3.519403E+2
6.356786E+2	3.522846E+2
6.359324E+2	3.525032E+2
6.361861E+2	3.533884E+2
6.364399E+2	3.540442E+2
6.366936E+2	3.537764E+2
6.369474E+2	3.540770E+2
6.372011E+2	3.539458E+2
6.374549E+2	3.548092E+2
6.377086E+2	3.547764E+2
6.379623E+2	3.550004E+2
6.382160E+2	3.545688E+2
6.384697E+2	3.544485E+2
6.387234E+2	3.537163E+2
6.389771E+2	3.539677E+2
6.392307E+2	3.539841E+2
6.394844E+2	3.541480E+2
6.397380E+2	3.540606E+2
6.399917E+2	3.543010E+2
6.402453E+2	3.545141E+2
6.404990E+2	3.550278E+2
6.407526E+2	3.555688E+2
6.410062E+2	3.555961E+2
6.412598E+2	3.555688E+2
6.415134E+2	3.562737E+2
6.417670E+2	3.566179E+2
6.420206E+2	3.576343E+2
6.422741E+2	3.576835E+2
6.425277E+2	3.584759E+2
6.427812E+2	3.588310E+2
6.430348E+2	3.584977E+2
6.432883E+2	3.587108E+2
6.435418E+2	3.588748E+2
6.437954E+2	3.585851E+2
6.440489E+2	3.584103E+2
6.443024E+2	3.580442E+2
6.445559E+2	3.585360E+2
6.448094E+2	3.584759E+2
6.450628E+2	3.583720E+2
6.453163E+2	3.585524E+2
6.455698E+2	3.587545E+2
6.458232E+2	3.589021E+2
6.460767E+2	3.593666E+2
6.463301E+2	3.596835E+2
6.465835E+2	3.599185E+2
6.468369E+2	3.599458E+2
6.470903E+2	3.607163E+2
6.473437E+2	3.613775E+2
6.475971E+2	3.618420E+2
6.478505E+2	3.621698E+2
6.481039E+2	3.629731E+2
6.483573E+2	3.629567E+2
6.486106E+2	3.630770E+2
6.488640E+2	3.630824E+2
6.491173E+2	3.633502E+2
6.493706E+2	3.638693E+2
6.496240E+2	3.645578E+2
6.498773E+2	3.649185E+2
6.501306E+2	3.655906E+2
6.503839E+2	3.658912E+2
6.506372E+2	3.666507E+2
6.508905E+2	3.671152E+2
6.511437E+2	3.672245E+2
6.513970E+2	3.675797E+2
6.516503E+2	3.672409E+2
6.519035E+2	3.670824E+2
6.521567E+2	3.674321E+2
6.524100E+2	3.675250E+2
6.526632E+2	3.680824E+2
6.529164E+2	3.683392E+2
6.531696E+2	3.686944E+2
6.534228E+2	3.689239E+2
6.536760E+2	3.691207E+2
6.539292E+2	3.691316E+2
6.541824E+2	3.702518E+2
6.544355E+2	3.709185E+2
6.546887E+2	3.716234E+2
6.549418E+2	3.718857E+2
6.551950E+2	3.721644E+2
6.554481E+2	3.720551E+2
6.557012E+2	3.724485E+2
6.559543E+2	3.726453E+2
6.562074E+2	3.723065E+2
6.564605E+2	3.723611E+2
6.567136E+2	3.730332E+2
6.569667E+2	3.732955E+2
6.572198E+2	3.736015E+2
6.574728E+2	3.732081E+2
6.577259E+2	3.729513E+2
6.579789E+2	3.728474E+2
6.582319E+2	3.728365E+2
6.584850E+2	3.731917E+2
6.587380E+2	3.731425E+2
6.589910E+2	3.734485E+2
6.592440E+2	3.741917E+2
6.594970E+2	3.742791E+2
6.597500E+2	3.750551E+2
6.600030E+2	3.752846E+2
6.602559E+2	3.757709E+2
6.605089E+2	3.757709E+2
6.607618E+2	3.758201E+2
6.610148E+2	3.763447E+2
6.612677E+2	3.764103E+2
6.615206E+2	3.763556E+2
6.617736E+2	3.764649E+2
6.620265E+2	3.763283E+2
6.622794E+2	3.764813E+2
6.625323E+2	3.760223E+2
6.627851E+2	3.760114E+2
6.630380E+2	3.759731E+2
6.632909E+2	3.764923E+2
6.635437E+2	3.765578E+2
6.637966E+2	3.769841E+2
6.640494E+2	3.769950E+2
6.643023E+2	3.774540E+2
6.645551E+2	3.785250E+2
6.648079E+2	3.791698E+2
6.650607E+2	3.791862E+2
6.653135E+2	3.794431E+2
6.655663E+2	3.797163E+2
6.658191E+2	3.795086E+2
6.660718E+2	3.797382E+2
6.663246E+2	3.798693E+2
6.665774E+2	3.804485E+2
6.668301E+2	3.806234E+2
6.670828E+2	3.814923E+2
6.673356E+2	3.820114E+2
6.675883E+2	3.827327E+2
6.678410E+2	3.831862E+2
6.680937E+2	3.831535E+2
6.683464E+2	3.831097E+2
6.685991E+2	3.832627E+2
6.688518E+2	3.835032E+2
6.691044E+2	3.835196E+2
6.693571E+2	3.838092E+2
6.696098E+2	3.832791E+2
6.698624E+2	3.830114E+2
6.701150E+2	3.831316E+2
6.703677E+2	3.839185E+2
6.706203E+2	3.844595E+2
6.708729E+2	3.851480E+2
6.711255E+2	3.854103E+2
6.713781E+2	3.861207E+2
6.716307E+2	3.867272E+2
6.718832E+2	3.876890E+2
6.721358E+2	3.877108E+2
6.723884E+2	3.878365E+2
6.726409E+2	3.879349E+2
6.728935E+2	3.885141E+2
6.731460E+2	3.892081E+2
6.733985E+2	3.899076E+2
6.736510E+2	3.904212E+2
6.739035E+2	3.908147E+2
6.741560E+2	3.911480E+2
6.744085E+2	3.915797E+2
6.746610E+2	3.913229E+2
6.749135E+2	3.920606E+2
6.751660E+2	3.923720E+2
6.754184E+2	3.930496E+2
6.756709E+2	3.931972E+2
6.759233E+2	3.936507E+2
6.761757E+2	3.942682E+2
6.764282E+2	3.946289E+2
6.766806E+2	3.950551E+2
6.769330E+2	3.954649E+2
6.771854E+2	3.959130E+2
6.774378E+2	3.965196E+2
6.776901E+2	3.971917E+2
6.779425E+2	3.981261E+2
6.781949E+2	3.986070E+2
6.784472E+2	3.993338E+2
6.786996E+2	3.994485E+2
6.789519E+2	4.000442E+2
6.792042E+2	4.005578E+2
6.794566E+2	4.010059E+2
6.797089E+2	4.012464E+2
6.799612E+2	4.008748E+2
6.802135E+2	4.005360E+2
6.804657E+2	4.008365E+2
6.807180E+2	4.010660E+2
6.809703E+2	4.017928E+2
6.812226E+2	4.024595E+2
6.814748E+2	4.026999E+2
6.817270E+2	4.028857E+2
6.819793E+2	4.028037E+2
6.822315E+2	4.033338E+2
6.824837E+2	4.035250E+2
6.827359E+2	4.038584E+2
6.829881E+2	4.044759E+2
6.832403E+2	4.049786E+2
6.834925E+2	4.058474E+2
6.837447E+2	4.062245E+2
6.839968E+2	4.069185E+2
6.842490E+2	4.075851E+2
6.845011E+2	4.083994E+2
6.847533E+2	4.091097E+2
6.850054E+2	4.098857E+2
6.852575E+2	4.103502E+2
6.855097E+2	4.108037E+2
6.857618E+2	4.110004E+2
6.860139E+2	4.117873E+2
6.862659E+2	4.125305E+2
6.865180E+2	4.126671E+2
6.867701E+2	4.126070E+2
6.870222E+2	4.129841E+2
6.872742E+2	4.130278E+2
6.875263E+2	4.140715E+2
6.877783E+2	4.147327E+2
6.880303E+2	4.154103E+2
6.882823E+2	4.158256E+2
6.885343E+2	4.163229E+2
6.887864E+2	4.164759E+2
6.890383E+2	4.166726E+2
6.892903E+2	4.172081E+2
6.895423E+2	4.179513E+2
6.897943E+2	4.186015E+2
6.900462E+2	4.192026E+2
6.902982E+2	4.197928E+2
6.905501E+2	4.202300E+2
6.908021E+2	4.205305E+2
6.910540E+2	4.212518E+2
6.913059E+2	4.216343E+2
6.915578E+2	4.218857E+2
6.918097E+2	4.226671E+2
6.920616E+2	4.234212E+2
6.923135E+2	4.241808E+2
6.925654E+2	4.246617E+2
6.928172E+2	4.252300E+2
6.930691E+2	4.254431E+2
6.933209E+2	4.256944E+2
6.935728E+2	4.263119E+2
6.938246E+2	4.270551E+2
6.940764E+2	4.275742E+2
6.943282E+2	4.279021E+2
6.945800E+2	4.283010E+2
6.948318E+2	4.290879E+2
6.950836E+2	4.298092E+2
6.953354E+2	4.303338E+2
6.955872E+2	4.308584E+2
6.958389E+2	4.312464E+2
6.960907E+2	4.319458E+2
6.963424E+2	4.315414E+2
6.965942E+2	4.321480E+2
6.968459E+2	4.324376E+2
6.970976E+2	4.329731E+2
6.973493E+2	4.333666E+2
6.976010E+2	4.338802E+2
6.978527E+2	4.345086E+2
6.981044E+2	4.352300E+2
6.983561E+2	4.356835E+2
6.986077E+2	4.363065E+2
6.988594E+2	4.368256E+2
6.991110E+2	4.373392E+2
6.993627E+2	4.377108E+2
6.996143E+2	4.383229E+2
6.998659E+2	4.384704E+2
7.001175E+2	4.390059E+2
7.003692E+2	4.395250E+2
7.006207E+2	4.399677E+2
7.008723E+2	4.400059E+2
7.011239E+2	4.399076E+2
7.013755E+2	4.399021E+2
7.016271E+2	4.402026E+2
7.018786E+2	4.410824E+2
7.021302E+2	4.417108E+2
7.023817E+2	4.422026E+2
7.026332E+2	4.427327E+2
7.028847E+2	4.423556E+2
7.031362E+2	4.426234E+2
7.033878E+2	4.428310E+2
7.036392E+2	4.431425E+2
7.038907E+2	4.430332E+2
7.041422E+2	4.434485E+2
7.043937E+2	4.439021E+2
7.046451E+2	4.442573E+2
7.048966E+2	4.448529E+2
7.051480E+2	4.452791E+2
7.053995E+2	4.455524E+2
7.056509E+2	4.459731E+2
7.059023E+2	4.461097E+2
7.061537E+2	4.464048E+2
7.064051E+2	4.466507E+2
7.066565E+2	4.474704E+2
7.069079E+2	4.482026E+2
7.071593E+2	4.483229E+2
7.074106E+2	4.480551E+2
7.076620E+2	4.479021E+2
7.079133E+2	4.475578E+2
7.081647E+2	4.476562E+2
7.084160E+2	4.482464E+2
7.086673E+2	4.487108E+2
7.089186E+2	4.485360E+2
7.091699E+2	4.488037E+2
7.094212E+2	4.491207E+2
7.096725E+2	4.494048E+2
7.099238E+2	4.494376E+2
7.101751E+2	4.496562E+2
7.104263E+2	4.497491E+2
7.106776E+2	4.497764E+2
7.109288E+2	4.498365E+2
7.111800E+2	4.498912E+2
7.114313E+2	4.502081E+2
7.116825E+2	4.507600E+2
7.119337E+2	4.509786E+2
7.121849E+2	4.514048E+2
7.124361E+2	4.515851E+2
7.126873E+2	4.519677E+2
7.129384E+2	4.523939E+2
7.131896E+2	4.525742E+2
7.134408E+2	4.522955E+2
7.136919E+2	4.517709E+2
7.139430E+2	4.512190E+2
7.141942E+2	4.510824E+2
7.144453E+2	4.510059E+2
7.146964E+2	4.512136E+2
7.149475E+2	4.508529E+2
7.151986E+2	4.514923E+2
7.154497E+2	4.513939E+2
7.157008E+2	4.511043E+2
7.159518E+2	4.510824E+2
7.162029E+2	4.511425E+2
7.164540E+2	4.518693E+2
7.167050E+2	4.523556E+2
7.169560E+2	4.526835E+2
7.172071E+2	4.528037E+2
7.174581E+2	4.533119E+2
7.177091E+2	4.536398E+2
7.179601E+2	4.536507E+2
7.182111E+2	4.540660E+2
7.184621E+2	4.540824E+2
7.187130E+2	4.543666E+2
7.189640E+2	4.548092E+2
7.192150E+2	4.547819E+2
7.194659E+2	4.551261E+2
7.197169E+2	4.553283E+2
7.199678E+2	4.553611E+2
7.202187E+2	4.549021E+2
7.204696E+2	4.548638E+2
7.207205E+2	4.551698E+2
7.209714E+2	4.551862E+2
7.212223E+2	4.555469E+2
7.214732E+2	4.557491E+2
7.217241E+2	4.562737E+2
7.219749E+2	4.568420E+2
7.222258E+2	4.570223E+2
7.224766E+2	4.570332E+2
7.227274E+2	4.580496E+2
7.229783E+2	4.586125E+2
7.232291E+2	4.598420E+2
7.234799E+2	4.602737E+2
7.237307E+2	4.603010E+2
7.239815E+2	4.601917E+2
7.242323E+2	4.607054E+2
7.244830E+2	4.607928E+2
7.247338E+2	4.613556E+2
7.249846E+2	4.619513E+2
7.252353E+2	4.627764E+2
7.254861E+2	4.631152E+2
7.257368E+2	4.633556E+2
7.259875E+2	4.639895E+2
7.262382E+2	4.648638E+2
7.264889E+2	4.653994E+2
7.267396E+2	4.657491E+2
7.269903E+2	4.660332E+2
7.272410E+2	4.664540E+2
7.274917E+2	4.670824E+2
7.277423E+2	4.680387E+2
7.279930E+2	4.686398E+2
7.282436E+2	4.689021E+2
7.284942E+2	4.694376E+2
7.287449E+2	4.707928E+2
7.289955E+2	4.722300E+2
7.292461E+2	4.735032E+2
7.294967E+2	4.742245E+2
7.297473E+2	4.758092E+2
7.299979E+2	4.766780E+2
7.302484E+2	4.780770E+2
7.304990E+2	4.791425E+2
7.307496E+2	4.797819E+2
7.310001E+2	4.809677E+2
7.312507E+2	4.822518E+2
7.315012E+2	4.834321E+2
7.317517E+2	4.844048E+2
7.320022E+2	4.856398E+2
7.322527E+2	4.864704E+2
7.325032E+2	4.873338E+2
7.327537E+2	4.880278E+2
7.330042E+2	4.889950E+2
7.332547E+2	4.904704E+2
7.335051E+2	4.918693E+2
7.337556E+2	4.933830E+2
7.340060E+2	4.945906E+2
7.342564E+2	4.964376E+2
7.345069E+2	4.987327E+2
7.347573E+2	5.005742E+2
7.350077E+2	5.026944E+2
7.352581E+2	5.049677E+2
7.355085E+2	5.072409E+2
7.357589E+2	5.090114E+2
7.360092E+2	5.107218E+2
7.362596E+2	5.128420E+2
7.365100E+2	5.149895E+2
7.367603E+2	5.164977E+2
7.370106E+2	5.180660E+2
7.372610E+2	5.192955E+2
7.375113E+2	5.206562E+2
7.377616E+2	5.226507E+2
7.380119E+2	5.240879E+2
7.382622E+2	5.256835E+2
7.385125E+2	5.278638E+2
7.387628E+2	5.304267E+2
7.390130E+2	5.330278E+2
7.392633E+2	5.358147E+2
7.395135E+2	5.385469E+2
7.397638E+2	5.415688E+2
7.400140E+2	5.446125E+2
7.402642E+2	5.480387E+2
7.405144E+2	5.514048E+2
7.407647E+2	5.547163E+2
7.410149E+2	5.580660E+2
7.412650E+2	5.615469E+2
7.415152E+2	5.646453E+2
7.417654E+2	5.682354E+2
7.420156E+2	5.722190E+2
7.422657E+2	5.772409E+2
7.425159E+2	5.825196E+2
7.427660E+2	5.882901E+2
7.430161E+2	5.934048E+2
7.432662E+2	6.001152E+2
7.435164E+2	6.088529E+2
7.437665E+2	6.213830E+2
7.440165E+2	6.336726E+2
7.442666E+2	6.432354E+2
7.445167E+2	6.504267E+2
7.447668E+2	6.561589E+2
7.450168E+2	6.617873E+2
7.452669E+2	6.676617E+2
7.455169E+2	6.727218E+2
7.457669E+2	6.770442E+2
7.460170E+2	6.816453E+2
7.462670E+2	6.863611E+2
7.465170E+2	6.915196E+2
7.467670E+2	6.969841E+2
7.470170E+2	7.034212E+2
7.472670E+2	7.121917E+2
7.475169E+2	7.232573E+2
7.477669E+2	7.339786E+2
7.480168E+2	7.430442E+2
7.482668E+2	7.498201E+2
7.485167E+2	7.554048E+2
7.487666E+2	7.601972E+2
7.490166E+2	7.653338E+2
7.492665E+2	7.706289E+2
7.495164E+2	7.749622E+2
7.497663E+2	7.793720E+2
7.500161E+2	7.827054E+2
7.502660E+2	7.851917E+2
7.505159E+2	7.870387E+2
7.507657E+2	7.884485E+2
7.510156E+2	7.903392E+2
7.512654E+2	7.922300E+2
7.515152E+2	7.936617E+2
7.517651E+2	7.952081E+2
7.520149E+2	7.977108E+2
7.522647E+2	8.006835E+2
7.525145E+2	8.040442E+2
7.527643E+2	8.082901E+2
7.530140E+2	8.126890E+2
7.532638E+2	8.176671E+2
7.535136E+2	8.225360E+2
7.537633E+2	8.265688E+2
7.540131E+2	8.314485E+2
7.542628E+2	8.380660E+2
7.545125E+2	8.449731E+2
7.547622E+2	8.518693E+2
7.550119E+2	8.582245E+2
7.552616E+2	8.629895E+2
7.555113E+2	8.667600E+2
7.557610E+2	8.700551E+2
7.560107E+2	8.725469E+2
7.562603E+2	8.744759E+2
7.565100E+2	8.754704E+2
7.567596E+2	8.764157E+2
7.570093E+2	8.763338E+2
7.572589E+2	8.758693E+2
7.575085E+2	8.739294E+2
7.577581E+2	8.714431E+2
7.580077E+2	8.680442E+2
7.582573E+2	8.653611E+2
7.585069E+2	8.610988E+2
7.587565E+2	8.545633E+2
7.590060E+2	8.436125E+2
7.592556E+2	8.324813E+2
7.595051E+2	8.239950E+2
7.597547E+2	8.184103E+2
7.600042E+2	8.140551E+2
7.602537E+2	8.091862E+2
7.605032E+2	8.042354E+2
7.607527E+2	8.000551E+2
7.610022E+2	7.966835E+2
7.612517E+2	7.936453E+2
7.615012E+2	7.902846E+2
7.617507E+2	7.868365E+2
7.620001E+2	7.831917E+2
7.622496E+2	7.783994E+2
7.624990E+2	7.708474E+2
7.627485E+2	7.610770E+2
7.629979E+2	7.519130E+2
7.632473E+2	7.447054E+2
7.634967E+2	7.398256E+2
7.637461E+2	7.357819E+2
7.639955E+2	7.327272E+2
7.642449E+2	7.291371E+2
7.644942E+2	7.249567E+2
7.647436E+2	7.210278E+2
7.649930E+2	7.166289E+2
7.652423E+2	7.132518E+2
7.654916E+2	7.101043E+2
7.657410E+2	7.081425E+2
7.659903E+2	7.064048E+2
7.662396E+2	7.047545E+2
7.664889E+2	7.038638E+2
7.667382E+2	7.020660E+2
7.669875E+2	7.001972E+2
7.672367E+2	6.984595E+2
7.674860E+2	6.951917E+2
7.677353E+2	6.914485E+2
7.679845E+2	6.868310E+2
7.682337E+2	6.819950E+2
7.684830E+2	6.763611E+2
7.687322E+2	6.710114E+2
7.689814E+2	6.663119E+2
7.692306E+2	6.604376E+2
7.694798E+2	6.534485E+2
7.697290E+2	6.462136E+2
7.699782E+2	6.392901E+2
7.702273E+2	6.329076E+2
7.704765E+2	6.285961E+2
7.707256E+2	6.254157E+2
7.709748E+2	6.230933E+2
7.712239E+2	6.226780E+2
7.714730E+2	6.235851E+2
7.717222E+2	6.258748E+2
7.719713E+2	6.288693E+2
7.722204E+2	6.324759E+2
7.724694E+2	6.363119E+2
7.727185E+2	6.403775E+2
7.729676E+2	6.445032E+2
7.732167E+2	6.484649E+2
7.734657E+2	6.511972E+2
7.737147E+2	6.533775E+2
7.739638E+2	6.552518E+2
7.742128E+2	6.565360E+2
7.744618E+2	6.573447E+2
7.747108E+2	6.581097E+2
7.749598E+2	6.577655E+2
7.752088E+2	6.576999E+2
7.754578E+2	6.575742E+2
7.757068E+2	6.576398E+2
7.759557E+2	6.573229E+2
7.762047E+2	6.565851E+2
7.764536E+2	6.560332E+2
7.767026E+2	6.555141E+2
7.769515E+2	6.538912E+2
7.772004E+2	6.521261E+2
7.774493E+2	6.505797E+2
7.776982E+2	6.489130E+2
7.779471E+2	6.478420E+2
7.781960E+2	6.462354E+2
7.784449E+2	6.445742E+2
7.786938E+2	6.426343E+2
7.789426E+2	6.410168E+2
7.791915E+2	6.392901E+2
7.794403E+2	6.388310E+2
7.796891E+2	6.389895E+2
7.799380E+2	6.391097E+2
7.801868E+2	6.403392E+2
7.804356E+2	6.417108E+2
7.806844E+2	6.441972E+2
7.809332E+2	6.463065E+2
7.811819E+2	6.498310E+2
7.814307E+2	6.531917E+2
7.816795E+2	6.559841E+2
7.819282E+2	6.594048E+2
7.821770E+2	6.631753E+2
7.824257E+2	6.661917E+2
7.826744E+2	6.694048E+2
7.829231E+2	6.721425E+2
7.831718E+2	6.750059E+2
7.834205E+2	6.767054E+2
7.836692E+2	6.779731E+2
7.839179E+2	6.789513E+2
7.841666E+2	6.790933E+2
7.844152E+2	6.790715E+2
7.846639E+2	6.787163E+2
7.849125E+2	6.777983E+2
7.851612E+2	6.761316E+2
7.854098E+2	6.738584E+2
7.856584E+2	6.707163E+2
7.859070E+2	6.667819E+2
7.861556E+2	6.625305E+2
7.864042E+2	6.576835E+2
7.866528E+2	6.520168E+2
7.869014E+2	6.462136E+2
7.871499E+2	6.397873E+2
7.873985E+2	6.340387E+2
7.876470E+2	6.276890E+2
7.878956E+2	6.216562E+2
7.881441E+2	6.160387E+2
7.883926E+2	6.109239E+2
7.886411E+2	6.067163E+2
7.888896E+2	6.038474E+2
7.891381E+2	6.016453E+2
7.893866E+2	6.007272E+2
7.896351E+2	6.009403E+2
7.898835E+2	6.014540E+2
7.901320E+2	6.025250E+2
7.903804E+2	6.037764E+2
7.906289E+2	6.053447E+2
7.908773E+2	6.078037E+2
7.911257E+2	6.104759E+2
7.913742E+2	6.134540E+2
7.916226E+2	6.162627E+2
7.918709E+2	6.185742E+2
7.921193E+2	6.211207E+2
7.923677E+2	6.234759E+2
7.926161E+2	6.251207E+2
7.928644E+2	6.268802E+2
7.931128E+2	6.278638E+2
7.933611E+2	6.292300E+2
7.936095E+2	6.296890E+2
7.938578E+2	6.303065E+2
7.941061E+2	6.305688E+2
7.943544E+2	6.304595E+2
7.946027E+2	6.286015E+2
7.948510E+2	6.262518E+2
7.950993E+2	6.242081E+2
7.953475E+2	6.215196E+2
7.955958E+2	6.182518E+2
7.958440E+2	6.144103E+2
7.960923E+2	6.103720E+2
7.963405E+2	6.054813E+2
7.965887E+2	6.001698E+2
7.968370E+2	5.949403E+2
7.970852E+2	5.902627E+2
7.973334E+2	5.854212E+2
7.975816E+2	5.810442E+2
7.978297E+2	5.775688E+2
7.980779E+2	5.747327E+2
7.983261E+2	5.722026E+2
7.985742E+2	5.712245E+2
7.988224E+2	5.714103E+2
7.990705E+2	5.729677E+2
7.993186E+2	5.745578E+2
7.995668E+2	5.770114E+2
7.998149E+2	5.788638E+2
8.000630E+2	5.815524E+2
8.003111E+2	5.842901E+2
8.005591E+2	5.867108E+2
8.008072E+2	5.891316E+2
8.010553E+2	5.912136E+2
8.013033E+2	5.927600E+2
8.015514E+2	5.938638E+2
8.017994E+2	5.947873E+2
8.020474E+2	5.949458E+2
8.022955E+2	5.955360E+2
8.025435E+2	5.955196E+2
8.027915E+2	5.955578E+2
8.030395E+2	5.961425E+2
8.032874E+2	5.962901E+2
8.035354E+2	5.962737E+2
8.037834E+2	5.957600E+2
8.040313E+2	5.954048E+2
8.042793E+2	5.945906E+2
8.045272E+2	5.935688E+2
8.047752E+2	5.918092E+2
8.050231E+2	5.895578E+2
8.052710E+2	5.877819E+2
8.055189E+2	5.862354E+2
8.057668E+2	5.846835E+2
8.060147E+2	5.825032E+2
8.062625E+2	5.801097E+2
8.065104E+2	5.776015E+2
8.067583E+2	5.751425E+2
8.070061E+2	5.734704E+2
8.072540E+2	5.719239E+2
8.075018E+2	5.714103E+2
8.077496E+2	5.714321E+2
8.079974E+2	5.723119E+2
8.082452E+2	5.739950E+2
8.084930E+2	5.763283E+2
8.087408E+2	5.802518E+2
8.089886E+2	5.844977E+2
8.092364E+2	5.899021E+2
8.094841E+2	5.968147E+2
8.097319E+2	6.054977E+2
8.099796E+2	6.154813E+2
8.102273E+2	6.259185E+2
8.104751E+2	6.371043E+2
8.107228E+2	6.488420E+2
8.109705E+2	6.602300E+2
8.112182E+2	6.712955E+2
8.114659E+2	6.813666E+2
8.117135E+2	6.905524E+2
8.119612E+2	6.992190E+2
8.122089E+2	7.057983E+2
8.124565E+2	7.109458E+2
8.127042E+2	7.145961E+2
8.129518E+2	7.168966E+2
8.131994E+2	7.178693E+2
8.134470E+2	7.177545E+2
8.136946E+2	7.166780E+2
8.139422E+2	7.147819E+2
8.141898E+2	7.113229E+2
8.144374E+2	7.078857E+2
8.146850E+2	7.035032E+2
8.149325E+2	6.998857E+2
8.151801E+2	6.955196E+2
8.154276E+2	6.912901E+2
8.156752E+2	6.870824E+2
8.159227E+2	6.834431E+2
8.161702E+2	6.804048E+2
8.164177E+2	6.776234E+2
8.166652E+2	6.756671E+2
8.169127E+2	6.741644E+2
8.171602E+2	6.729786E+2
8.174077E+2	6.718857E+2
8.176551E+2	6.714704E+2
8.179026E+2	6.713556E+2
8.181500E+2	6.709731E+2
8.183975E+2	6.714212E+2
8.186449E+2	6.716179E+2
8.188923E+2	6.726944E+2
8.191397E+2	6.725305E+2
8.193871E+2	6.722682E+2
8.196345E+2	6.715906E+2
8.198819E+2	6.706890E+2
8.201293E+2	6.696125E+2
8.203766E+2	6.678693E+2
8.206240E+2	6.654813E+2
8.208713E+2	6.624977E+2
8.211187E+2	6.588857E+2
8.213660E+2	6.553447E+2
8.216133E+2	6.518037E+2
8.218606E+2	6.480114E+2
8.221079E+2	6.433994E+2
8.223552E+2	6.387819E+2
8.226025E+2	6.336015E+2
8.228498E+2	6.281862E+2
8.230970E+2	6.220770E+2
8.233443E+2	6.153010E+2
8.235915E+2	6.081207E+2
8.238388E+2	5.999076E+2
8.240860E+2	5.910496E+2
8.243332E+2	5.809950E+2
8.245804E+2	5.697873E+2
8.248276E+2	5.577655E+2
8.250748E+2	5.445305E+2
8.253220E+2	5.303283E+2
8.255692E+2	5.156890E+2
8.258163E+2	5.009458E+2
8.260635E+2	4.864704E+2
8.263106E+2	4.721589E+2
8.265578E+2	4.586015E+2
8.268049E+2	4.462464E+2
8.270520E+2	4.344485E+2
8.272991E+2	4.242081E+2
8.275462E+2	4.149458E+2
8.277933E+2	4.069895E+2
8.280404E+2	4.000879E+2
8.282875E+2	3.942464E+2
8.285345E+2	3.893502E+2
8.287816E+2	3.849567E+2
8.290287E+2	3.808529E+2
8.292757E+2	3.775688E+2
8.295227E+2	3.738420E+2
8.297697E+2	3.706671E+2
8.300168E+2	3.670442E+2
8.302638E+2	3.638420E+2
8.305107E+2	3.606999E+2
8.307577E+2	3.578638E+2
8.310047E+2	3.547600E+2
8.312517E+2	3.514868E+2
8.314986E+2	3.481917E+2
8.317456E+2	3.445797E+2
8.319925E+2	3.410387E+2
8.322394E+2	3.374868E+2
8.324864E+2	3.336617E+2
8.327333E+2	3.291972E+2
8.329802E+2	3.241043E+2
8.332271E+2	3.191207E+2
8.334740E+2	3.129458E+2
8.337208E+2	3.073830E+2
8.339677E+2	3.016179E+2
8.342146E+2	2.963065E+2
8.344614E+2	2.913065E+2
8.347082E+2	2.869239E+2
8.349551E+2	2.826780E+2
8.352019E+2	2.788748E+2
8.354487E+2	2.755688E+2
8.356955E+2	2.727873E+2
8.359423E+2	2.699294E+2
8.361891E+2	2.678584E+2
8.364359E+2	2.655141E+2
8.366826E+2	2.634212E+2
8.369294E+2	2.612682E+2
8.371761E+2	2.595961E+2
8.374229E+2	2.582245E+2
8.376696E+2	2.571753E+2
8.379163E+2	2.558092E+2
8.381630E+2	2.544321E+2
8.384097E+2	2.536070E+2
8.386564E+2	2.523119E+2
8.389031E+2	2.510332E+2
8.391498E+2	2.499294E+2
8.393965E+2	2.489786E+2
8.396431E+2	2.479950E+2
8.398898E+2	2.470551E+2
8.401364E+2	2.458037E+2
8.403830E+2	2.452846E+2
8.406297E+2	2.444923E+2
8.408763E+2	2.434376E+2
8.411229E+2	2.421425E+2
8.413695E+2	2.405851E+2
8.416161E+2	2.393720E+2
8.418626E+2	2.384977E+2
8.421092E+2	2.373775E+2
8.423558E+2	2.364540E+2
8.426023E+2	2.354649E+2
8.428489E+2	2.345742E+2
8.430954E+2	2.336398E+2
8.433419E+2	2.329349E+2
8.435884E+2	2.322354E+2
8.438349E+2	2.312518E+2
8.440814E+2	2.302081E+2
8.443279E+2	2.289076E+2
8.445744E+2	2.281698E+2
8.448208E+2	2.272846E+2
8.450673E+2	2.263229E+2
8.453138E+2	2.255469E+2
8.455602E+2	2.247983E+2
8.458066E+2	2.241480E+2
8.460530E+2	2.232682E+2
8.462995E+2	2.226125E+2
8.465459E+2	2.223666E+2
8.467923E+2	2.213830E+2
8.470386E+2	2.205961E+2
8.472850E+2	2.193994E+2
8.475314E+2	2.183392E+2
8.477777E+2	2.175250E+2
8.480241E+2	2.170168E+2
8.482704E+2	2.160933E+2
8.485168E+2	2.157655E+2
8.487631E+2	2.150879E+2
8.490094E+2	2.141152E+2
8.492557E+2	2.130114E+2
8.495020E+2	2.122901E+2
8.497483E+2	2.115360E+2
8.499946E+2	2.109021E+2
8.502408E+2	2.104431E+2
8.504871E+2	2.099130E+2
8.507333E+2	2.092573E+2
8.509796E+2	2.084759E+2
8.512258E+2	2.075360E+2
8.514720E+2	2.074649E+2
8.517182E+2	2.068365E+2
8.519644E+2	2.066835E+2
8.522106E+2	2.062300E+2
8.524568E+2	2.058365E+2
8.527030E+2	2.049294E+2
8.529492E+2	2.044321E+2
8.531953E+2	2.039458E+2
8.534415E+2	2.033229E+2
8.536876E+2	2.024977E+2
8.539337E+2	2.016780E+2
8.541799E+2	2.008748E+2
8.544260E+2	2.003775E+2
8.546721E+2	2.000059E+2
8.549182E+2	1.990278E+2
8.551643E+2	1.986179E+2
8.554103E+2	1.975086E+2
8.556564E+2	1.967327E+2
8.559024E+2	1.963010E+2
8.561485E+2	1.955414E+2
8.563945E+2	1.954267E+2
8.566406E+2	1.952136E+2
8.568866E+2	1.947272E+2
8.571326E+2	1.940606E+2
8.573786E+2	1.930715E+2
8.576246E+2	1.924977E+2
8.578706E+2	1.918201E+2
8.581166E+2	1.915250E+2
8.583625E+2	1.912300E+2
8.586085E+2	1.908037E+2
8.588544E+2	1.901808E+2
8.591004E+2	1.895578E+2
8.593463E+2	1.890114E+2
8.595922E+2	1.885961E+2
8.598381E+2	1.881589E+2
8.600840E+2	1.878037E+2
8.603299E+2	1.877382E+2
8.605758E+2	1.872573E+2
8.608217E+2	1.864868E+2
8.610675E+2	1.860442E+2
8.613134E+2	1.857163E+2
8.615592E+2	1.853884E+2
8.618051E+2	1.853065E+2
8.620509E+2	1.846780E+2
8.622967E+2	1.846343E+2
8.625425E+2	1.843994E+2
8.627883E+2	1.837545E+2
8.630341E+2	1.828912E+2
8.632799E+2	1.824868E+2
8.635257E+2	1.822518E+2
8.637715E+2	1.816125E+2
8.640172E+2	1.811207E+2
8.642630E+2	1.811316E+2
8.645087E+2	1.805032E+2
8.647544E+2	1.797218E+2
8.650001E+2	1.791097E+2
8.652459E+2	1.783666E+2
8.654916E+2	1.779841E+2
8.657372E+2	1.775032E+2
8.659829E+2	1.772682E+2
8.662286E+2	1.772409E+2
8.664743E+2	1.765578E+2
8.667199E+2	1.758966E+2
8.669656E+2	1.749786E+2
8.672112E+2	1.742300E+2
8.674568E+2	1.737983E+2
8.677024E+2	1.732300E+2
8.679481E+2	1.727655E+2
8.681937E+2	1.719622E+2
8.684392E+2	1.709021E+2
8.686848E+2	1.706070E+2
8.689304E+2	1.703994E+2
8.691760E+2	1.703392E+2
8.694215E+2	1.697928E+2
8.696671E+2	1.690442E+2
8.699126E+2	1.689513E+2
8.701581E+2	1.686671E+2
8.704036E+2	1.687491E+2
8.706491E+2	1.685032E+2
8.708946E+2	1.676125E+2
8.711401E+2	1.675196E+2
8.713856E+2	1.671808E+2
8.716311E+2	1.668638E+2
8.718766E+2	1.663720E+2
8.721220E+2	1.662518E+2
8.723674E+2	1.659950E+2
8.726129E+2	1.659349E+2
8.728583E+2	1.658420E+2
8.731037E+2	1.653830E+2
8.733491E+2	1.645469E+2
8.735945E+2	1.641207E+2
8.738399E+2	1.639513E+2
8.740853E+2	1.640387E+2
8.743307E+2	1.637054E+2
8.745760E+2	1.632627E+2
8.748214E+2	1.628092E+2
8.750667E+2	1.626125E+2
8.753121E+2	1.616726E+2
8.755574E+2	1.613720E+2
8.758027E+2	1.611097E+2
8.760480E+2	1.611917E+2
8.762933E+2	1.608037E+2
8.765386E+2	1.602190E+2
8.767839E+2	1.594813E+2
8.770291E+2	1.588638E+2
8.772744E+2	1.582409E+2
8.775196E+2	1.579021E+2
8.777649E+2	1.575906E+2
8.780101E+2	1.574813E+2
8.782553E+2	1.570660E+2
8.785006E+2	1.564540E+2
8.787458E+2	1.560824E+2
8.789910E+2	1.557819E+2
8.792361E+2	1.553720E+2
8.794813E+2	1.554048E+2
8.797265E+2	1.552846E+2
8.799717E+2	1.553611E+2
8.802168E+2	1.552026E+2
8.804619E+2	1.549677E+2
8.807071E+2	1.544759E+2
8.809522E+2	1.543830E+2
8.811973E+2	1.535578E+2
8.814424E+2	1.530551E+2
8.816875E+2	1.526398E+2
8.819326E+2	1.529021E+2
8.821777E+2	1.525961E+2
8.824227E+2	1.522354E+2
8.826678E+2	1.520332E+2
8.829128E+2	1.518420E+2
8.831579E+2	1.515196E+2
8.834029E+2	1.516671E+2
8.836479E+2	1.514103E+2
8.838929E+2	1.515032E+2
8.841379E+2	1.510879E+2
8.843829E+2	1.508092E+2
8.846279E+2	1.504540E+2
8.848729E+2	1.504376E+2
8.851179E+2	1.501698E+2
8.853628E+2	1.497819E+2
8.856078E+2	1.493666E+2
8.858527E+2	1.492518E+2
8.860976E+2	1.487928E+2
8.863425E+2	1.483666E+2
8.865875E+2	1.477163E+2
8.868324E+2	1.473119E+2
8.870772E+2	1.468310E+2
8.873221E+2	1.467436E+2
8.875670E+2	1.462627E+2
8.878119E+2	1.461589E+2
8.880567E+2	1.460114E+2
8.883016E+2	1.459731E+2
8.885464E+2	1.454977E+2
8.887912E+2	1.455524E+2
8.890360E+2	1.450168E+2
8.892809E+2	1.449677E+2
8.895257E+2	1.445305E+2
8.897704E+2	1.443775E+2
8.900152E+2	1.437327E+2
8.902600E+2	1.437218E+2
8.905048E+2	1.435086E+2
8.907495E+2	1.433666E+2
8.909943E+2	1.427382E+2
8.912390E+2	1.425086E+2
8.914837E+2	1.422081E+2
8.917284E+2	1.423556E+2
8.919731E+2	1.425250E+2
8.922178E+2	1.422081E+2
8.924625E+2	1.421589E+2
8.927072E+2	1.421152E+2
8.929519E+2	1.418474E+2
8.931965E+2	1.418529E+2
8.934412E+2	1.418365E+2
8.936858E+2	1.421698E+2
8.939305E+2	1.420168E+2
8.941751E+2	1.419021E+2
8.944197E+2	1.417054E+2
8.946643E+2	1.413119E+2
8.949089E+2	1.407108E+2
8.951535E+2	1.403556E+2
8.953981E+2	1.396780E+2
8.956426E+2	1.396944E+2
8.958872E+2	1.391808E+2
8.961317E+2	1.390879E+2
8.963763E+2	1.390933E+2
8.966208E+2	1.390332E+2
8.968653E+2	1.385086E+2
8.971098E+2	1.384704E+2
8.973543E+2	1.383447E+2
8.975988E+2	1.382136E+2
8.978433E+2	1.379076E+2
8.980878E+2	1.381152E+2
8.983323E+2	1.378037E+2
8.985767E+2	1.376999E+2
8.988212E+2	1.372737E+2
8.990656E+2	1.375250E+2
8.993100E+2	1.375305E+2
8.995545E+2	1.378092E+2
8.997989E+2	1.369021E+2
9.000433E+2	1.363556E+2
9.002877E+2	1.356507E+2
9.005320E+2	1.354649E+2
9.007764E+2	1.354048E+2
9.010208E+2	1.354103E+2
9.012651E+2	1.352518E+2
9.015095E+2	1.352354E+2
9.017538E+2	1.348584E+2
9.019981E+2	1.347819E+2
9.022425E+2	1.348802E+2
9.024868E+2	1.353119E+2
9.027311E+2	1.349786E+2
9.029754E+2	1.345250E+2
9.032196E+2	1.342682E+2
9.034639E+2	1.341917E+2
9.037082E+2	1.334321E+2
9.039524E+2	1.334321E+2
9.041967E+2	1.328748E+2
9.044409E+2	1.333010E+2
9.046851E+2	1.333720E+2
9.049293E+2	1.337764E+2
9.051736E+2	1.334376E+2
9.054177E+2	1.331808E+2
9.056619E+2	1.330004E+2
9.059061E+2	1.330496E+2
9.061503E+2	1.328912E+2
9.063944E+2	1.329786E+2
9.066386E+2	1.326070E+2
9.068827E+2	1.325196E+2
9.071269E+2	1.325961E+2
9.073710E+2	1.322518E+2
9.076151E+2	1.320332E+2
9.078592E+2	1.319239E+2
9.081033E+2	1.316289E+2
9.083474E+2	1.315906E+2
9.085915E+2	1.309731E+2
9.088355E+2	1.309185E+2
9.090796E+2	1.304485E+2
9.093236E+2	1.304431E+2
9.095677E+2	1.303556E+2
9.098117E+2	1.303229E+2
9.100557E+2	1.304103E+2
9.102997E+2	1.303229E+2
9.105437E+2	1.300278E+2
9.107877E+2	1.301371E+2
9.110317E+2	1.299841E+2
9.112757E+2	1.296070E+2
9.115197E+2	1.294759E+2
9.117636E+2	1.297054E+2
9.120076E+2	1.296780E+2
9.122515E+2	1.291371E+2
9.124954E+2	1.286453E+2
9.127393E+2	1.285305E+2
9.129832E+2	1.282791E+2
9.132271E+2	1.282737E+2
9.134710E+2	1.282300E+2
9.137149E+2	1.281043E+2
9.139588E+2	1.276179E+2
9.142026E+2	1.272518E+2
9.144465E+2	1.264704E+2
9.146903E+2	1.265797E+2
9.149342E+2	1.263392E+2
9.151780E+2	1.264157E+2
9.154218E+2	1.264376E+2
9.156656E+2	1.262464E+2
9.159094E+2	1.262573E+2
9.161532E+2	1.263720E+2
9.163970E+2	1.263502E+2
9.166408E+2	1.263830E+2
9.168845E+2	1.264157E+2
9.171283E+2	1.262901E+2
9.173720E+2	1.257655E+2
9.176157E+2	1.260606E+2
9.178595E+2	1.260933E+2
9.181032E+2	1.258802E+2
9.183469E+2	1.253830E+2
9.185906E+2	1.253939E+2
9.188343E+2	1.246944E+2
9.190779E+2	1.245797E+2
9.193216E+2	1.239130E+2
9.195653E+2	1.237600E+2
9.198089E+2	1.231698E+2
9.200525E+2	1.230551E+2
9.202962E+2	1.231043E+2
9.205398E+2	1.229841E+2
9.207834E+2	1.226070E+2
9.210270E+2	1.225032E+2
9.212706E+2	1.225086E+2
9.215142E+2	1.225305E+2
9.217577E+2	1.220059E+2
9.220013E+2	1.216890E+2
9.222449E+2	1.210004E+2
9.224884E+2	1.211043E+2
9.227319E+2	1.211152E+2
9.229755E+2	1.209677E+2
9.232190E+2	1.204431E+2
9.234625E+2	1.203994E+2
9.237060E+2	1.198748E+2
9.239495E+2	1.200606E+2
9.241930E+2	1.193994E+2
9.244364E+2	1.191535E+2
9.246799E+2	1.186890E+2
9.249233E+2	1.183939E+2
9.251668E+2	1.182136E+2
9.254102E+2	1.175797E+2
9.256536E+2	1.170332E+2
9.258971E+2	1.170223E+2
9.261405E+2	1.169349E+2
9.263839E+2	1.169021E+2
9.266272E+2	1.163994E+2
9.268706E+2	1.162737E+2
9.271140E+2	1.162354E+2
9.273573E+2	1.162354E+2
9.276007E+2	1.160168E+2
9.278440E+2	1.159403E+2
9.280874E+2	1.155250E+2
9.283307E+2	1.152846E+2
9.285740E+2	1.147873E+2
9.288173E+2	1.143611E+2
9.290606E+2	1.139841E+2
9.293039E+2	1.141698E+2
9.295471E+2	1.138912E+2
9.297904E+2	1.142955E+2
9.300337E+2	1.138638E+2
9.302769E+2	1.134485E+2
9.305201E+2	1.129458E+2
9.307634E+2	1.123994E+2
9.310066E+2	1.118365E+2
9.312498E+2	1.117218E+2
9.314930E+2	1.112518E+2
9.317362E+2	1.108201E+2
9.319794E+2	1.100879E+2
9.322225E+2	1.096780E+2
9.324657E+2	1.089130E+2
9.327088E+2	1.086289E+2
9.329520E+2	1.083939E+2
9.331951E+2	1.084704E+2
9.334382E+2	1.081808E+2
9.336814E+2	1.080168E+2
9.339245E+2	1.074868E+2
9.341676E+2	1.069677E+2
9.344106E+2	1.065797E+2
9.346537E+2	1.062846E+2
9.348968E+2	1.057545E+2
9.351398E+2	1.048802E+2
9.353829E+2	1.042409E+2
9.356259E+2	1.037108E+2
9.358690E+2	1.031917E+2
9.361120E+2	1.023119E+2
9.363550E+2	1.018092E+2
9.365980E+2	1.015360E+2
9.368410E+2	1.011535E+2
9.370840E+2	1.013720E+2
9.373269E+2	1.003939E+2
9.375699E+2	9.962886E+1
9.378129E+2	9.916985E+1
9.380558E+2	9.863979E+1
9.382987E+2	9.778187E+1
9.385417E+2	9.761247E+1
9.387846E+2	9.655236E+1
9.390275E+2	9.667804E+1
9.392704E+2	9.632832E+1
9.395133E+2	9.655783E+1
9.397562E+2	9.614252E+1
9.399990E+2	9.589116E+1
9.402419E+2	9.569444E+1
9.404847E+2	9.581466E+1
9.407276E+2	9.564526E+1
9.409704E+2	9.538843E+1
9.412132E+2	9.478187E+1
9.414560E+2	9.484744E+1
9.416988E+2	9.416985E+1
9.419416E+2	9.383105E+1
9.421844E+2	9.327914E+1
9.424272E+2	9.291302E+1
9.426700E+2	9.236657E+1
9.429127E+2	9.220810E+1
9.431555E+2	9.184198E+1
9.433982E+2	9.156329E+1
9.436409E+2	9.108242E+1
9.438837E+2	9.100045E+1
9.441264E+2	9.051411E+1
9.443691E+2	9.000045E+1
9.446118E+2	8.937750E+1
9.448544E+2	8.935564E+1
9.450971E+2	8.910974E+1
9.453398E+2	8.922996E+1
9.455824E+2	8.890755E+1
9.458251E+2	8.912067E+1
9.460677E+2	8.872176E+1
9.463103E+2	8.873815E+1
9.465530E+2	8.852504E+1
9.467956E+2	8.836110E+1
9.470382E+2	8.798405E+1
9.472807E+2	8.780919E+1
9.475233E+2	8.731739E+1
9.477659E+2	8.686930E+1
9.480084E+2	8.634471E+1
9.482510E+2	8.630099E+1
9.484935E+2	8.672722E+1
9.487361E+2	8.695673E+1
9.489786E+2	8.765072E+1
9.492211E+2	8.737203E+1
9.494636E+2	8.727914E+1
9.497061E+2	8.724089E+1
9.499486E+2	8.730646E+1
9.501911E+2	8.789116E+1
9.504335E+2	8.791302E+1
9.506760E+2	8.787477E+1
9.509184E+2	8.776548E+1
9.511609E+2	8.751411E+1
9.514033E+2	8.745946E+1
9.516457E+2	8.750318E+1
9.518881E+2	8.735018E+1
9.521305E+2	8.749225E+1
9.523729E+2	8.789116E+1
9.526153E+2	8.803870E+1
9.528576E+2	8.802777E+1
9.531000E+2	8.844854E+1
9.533424E+2	8.845400E+1
9.535847E+2	8.878187E+1
9.538270E+2	8.847586E+1
9.540694E+2	8.858515E+1
9.543117E+2	8.791848E+1
9.545540E+2	8.780919E+1
9.547963E+2	8.774362E+1
9.550386E+2	8.810427E+1
9.552808E+2	8.786930E+1
9.555231E+2	8.770537E+1
9.557654E+2	8.727914E+1
9.560076E+2	8.741575E+1
9.562498E+2	8.670537E+1
9.564921E+2	8.701138E+1
9.567343E+2	8.697313E+1
9.569765E+2	8.728460E+1
9.572187E+2	8.707149E+1
9.574609E+2	8.706602E+1
9.577031E+2	8.697313E+1
9.579452E+2	8.695127E+1
9.581874E+2	8.688569E+1
9.584296E+2	8.723542E+1
9.586717E+2	8.717531E+1
9.589138E+2	8.707149E+1
9.591560E+2	8.732285E+1
9.593981E+2	8.742121E+1
9.596402E+2	8.742121E+1
9.598823E+2	8.750865E+1
9.601244E+2	8.688569E+1
9.603664E+2	8.705509E+1
9.606085E+2	8.642668E+1
9.608506E+2	8.635564E+1
9.610926E+2	8.615345E+1
9.613347E+2	8.626274E+1
9.615767E+2	8.604963E+1
9.618187E+2	8.635018E+1
9.620607E+2	8.616438E+1
9.623027E+2	8.630099E+1
9.625447E+2	8.631739E+1
9.627867E+2	8.620810E+1
9.630287E+2	8.587477E+1
9.632706E+2	8.523542E+1
9.635126E+2	8.530646E+1
9.637545E+2	8.463979E+1
9.639965E+2	8.498405E+1
9.642384E+2	8.508788E+1
9.644803E+2	8.494034E+1
9.647222E+2	8.469444E+1
9.649641E+2	8.385837E+1
9.652060E+2	8.368897E+1
9.654479E+2	8.369990E+1
9.656897E+2	8.368351E+1
9.659316E+2	8.356875E+1
9.661734E+2	8.334471E+1
9.664153E+2	8.318078E+1
9.666571E+2	8.318624E+1
9.668989E+2	8.359061E+1
9.671408E+2	8.345946E+1
9.673826E+2	8.331739E+1
9.676243E+2	8.360701E+1
9.678661E+2	8.320263E+1
9.681079E+2	8.325181E+1
9.683497E+2	8.321356E+1
9.685914E+2	8.332285E+1
9.688332E+2	8.311520E+1
9.690749E+2	8.348679E+1
9.693166E+2	8.329007E+1
9.695583E+2	8.315345E+1
9.698001E+2	8.295127E+1
9.700417E+2	8.247586E+1
9.702834E+2	8.195127E+1
9.705251E+2	8.210974E+1
9.707668E+2	8.210974E+1
9.710084E+2	8.223542E+1
9.712501E+2	8.197859E+1
9.714917E+2	8.183651E+1
9.717334E+2	8.162886E+1
9.719750E+2	8.189116E+1
9.722166E+2	8.197313E+1
9.724582E+2	8.198952E+1
9.726998E+2	8.155783E+1
9.729414E+2	8.155783E+1
9.731830E+2	8.111520E+1
9.734245E+2	8.091848E+1
9.736661E+2	8.059608E+1
9.739076E+2	8.044854E+1
9.741492E+2	7.996220E+1
9.743907E+2	7.986384E+1
9.746322E+2	7.968897E+1
9.748737E+2	7.992395E+1
9.751152E+2	8.004963E+1
9.753567E+2	8.002231E+1
9.755982E+2	7.969990E+1
9.758396E+2	7.945946E+1
9.760811E+2	7.898405E+1
9.763226E+2	7.927914E+1
9.765640E+2	7.895127E+1
9.768054E+2	7.873269E+1
9.770468E+2	7.821356E+1
9.772883E+2	7.858515E+1
9.775297E+2	7.867804E+1
9.777711E+2	7.888569E+1
9.780124E+2	7.894034E+1
9.782538E+2	7.861793E+1
9.784952E+2	7.843761E+1
9.787365E+2	7.776548E+1
9.789779E+2	7.726821E+1
9.792192E+2	7.714252E+1
9.794605E+2	7.709334E+1
9.797019E+2	7.721356E+1
9.799432E+2	7.710974E+1
9.801845E+2	7.693487E+1
9.804257E+2	7.693487E+1
9.806670E+2	7.707149E+1
9.809083E+2	7.690209E+1
9.811496E+2	7.730646E+1
9.813908E+2	7.685291E+1
9.816320E+2	7.630646E+1
9.818733E+2	7.588023E+1
9.821145E+2	7.550318E+1
9.823557E+2	7.519171E+1
9.825969E+2	7.538296E+1
9.828381E+2	7.526274E+1
9.830793E+2	7.504963E+1
9.833205E+2	7.434471E+1
9.835616E+2	7.427367E+1
9.838028E+2	7.373269E+1
9.840439E+2	7.369444E+1
9.842851E+2	7.329007E+1
9.845262E+2	7.272176E+1
9.847673E+2	7.272176E+1
9.850084E+2	7.272176E+1
9.852495E+2	7.280919E+1
9.854906E+2	7.238843E+1
9.857317E+2	7.225728E+1
9.859727E+2	7.219171E+1
9.862138E+2	7.204963E+1
9.864549E+2	7.192941E+1
9.866959E+2	7.125728E+1
9.869369E+2	7.077094E+1
9.871779E+2	7.026821E+1
9.874190E+2	7.012067E+1
9.876600E+2	6.979280E+1
9.879010E+2	7.025181E+1
9.881419E+2	7.022449E+1
9.883829E+2	7.054143E+1
9.886239E+2	6.992395E+1
9.888648E+2	6.981466E+1
9.891058E+2	6.981466E+1
9.893467E+2	6.960701E+1
9.895876E+2	6.939389E+1
9.898285E+2	6.898952E+1
9.900695E+2	6.909881E+1
9.903104E+2	6.909334E+1
9.905512E+2	6.931739E+1
9.907921E+2	6.921903E+1
9.910330E+2	6.909334E+1
9.912738E+2	6.895673E+1
9.915147E+2	6.900591E+1
9.917555E+2	6.939389E+1
9.919964E+2	6.909881E+1
9.922372E+2	6.888023E+1
9.924780E+2	6.862340E+1
9.927188E+2	6.838843E+1
9.929596E+2	6.845400E+1
9.932004E+2	6.811520E+1
9.934411E+2	6.773815E+1
9.936819E+2	6.759608E+1
9.939227E+2	6.754690E+1
9.941634E+2	6.790209E+1
9.944041E+2	6.813706E+1
9.946449E+2	6.819171E+1
9.948856E+2	6.784198E+1
9.951263E+2	6.749772E+1
9.953670E+2	6.726821E+1
9.956077E+2	6.745946E+1
9.958483E+2	6.695673E+1
9.960890E+2	6.691848E+1
9.963297E+2	6.652504E+1
9.965703E+2	6.628460E+1
9.968109E+2	6.644307E+1
9.970516E+2	6.598405E+1
9.972922E+2	6.550865E+1
9.975328E+2	6.507695E+1
9.977734E+2	6.469444E+1
9.980140E+2	6.471630E+1
9.982546E+2	6.442121E+1
9.984951E+2	6.442668E+1
9.987357E+2	6.416438E+1
9.989763E+2	6.449772E+1
9.992168E+2	6.472176E+1
9.994573E+2	6.452504E+1
9.996978E+2	6.456875E+1
9.999384E+2	6.398405E+1
1.000179E+3	6.358515E+1
1.000419E+3	6.330099E+1
1.000660E+3	6.310427E+1
1.000900E+3	6.272722E+1
1.001141E+3	6.251957E+1
1.001381E+3	6.277094E+1
1.001622E+3	6.253050E+1
1.001862E+3	6.256329E+1
1.002103E+3	6.256875E+1
1.002343E+3	6.248679E+1
1.002583E+3	6.200591E+1
1.002824E+3	6.150865E+1
1.003064E+3	6.110974E+1
1.003305E+3	6.118078E+1
1.003545E+3	6.094034E+1
1.003785E+3	6.061793E+1
1.004026E+3	6.053050E+1
1.004266E+3	6.075455E+1
1.004506E+3	6.071083E+1
1.004747E+3	6.050865E+1
1.004987E+3	6.011520E+1
1.005227E+3	5.977094E+1
1.005468E+3	5.939936E+1
1.005708E+3	5.883105E+1
1.005948E+3	5.868351E+1
1.006188E+3	5.857968E+1
1.006429E+3	5.828460E+1
1.006669E+3	5.809334E+1
1.006909E+3	5.797313E+1
1.007149E+3	5.775455E+1
1.007390E+3	5.788023E+1
1.007630E+3	5.738843E+1
1.007870E+3	5.732832E+1
1.008110E+3	5.735018E+1
1.008350E+3	5.736657E+1
1.008590E+3	5.719717E+1
1.008831E+3	5.653050E+1
1.009071E+3	5.588569E+1
1.009311E+3	5.556875E+1
1.009551E+3	5.540482E+1
1.009791E+3	5.514252E+1
1.010031E+3	5.476548E+1
1.010271E+3	5.443214E+1
1.010511E+3	5.394034E+1
1.010752E+3	5.416438E+1
1.010992E+3	5.425181E+1
1.011232E+3	5.440482E+1
1.011472E+3	5.394034E+1
1.011712E+3	5.378733E+1
1.011952E+3	5.368351E+1
1.012192E+3	5.339936E+1
1.012432E+3	5.321903E+1
1.012672E+3	5.279280E+1
1.012912E+3	5.288569E+1
1.013152E+3	5.249225E+1
1.013392E+3	5.213160E+1
1.013632E+3	5.138843E+1
1.013872E+3	5.106056E+1
1.014112E+3	5.101138E+1
1.014352E+3	5.072722E+1
1.014591E+3	5.090755E+1
1.014831E+3	5.094580E+1
1.015071E+3	5.078187E+1
1.015311E+3	5.058515E+1
1.015551E+3	5.048132E+1
1.015791E+3	5.014799E+1
1.016031E+3	5.011520E+1
1.016271E+3	5.029007E+1
1.016511E+3	4.972176E+1
1.016750E+3	4.953050E+1
1.016990E+3	4.931739E+1
1.017230E+3	4.910974E+1
1.017470E+3	4.912067E+1
1.017710E+3	4.926821E+1
1.017949E+3	4.921903E+1
1.018189E+3	4.926821E+1
1.018429E+3	4.883105E+1
1.018669E+3	4.865072E+1
1.018908E+3	4.800045E+1
1.019148E+3	4.767804E+1
1.019388E+3	4.725181E+1
1.019628E+3	4.736110E+1
1.019867E+3	4.710974E+1
1.020107E+3	4.707149E+1
1.020347E+3	4.669990E+1
1.020586E+3	4.606056E+1
1.020826E+3	4.580919E+1
1.021066E+3	4.547039E+1
1.021305E+3	4.507149E+1
1.021545E+3	4.490755E+1
1.021785E+3	4.447039E+1
1.022024E+3	4.416985E+1
1.022264E+3	4.412613E+1
1.022504E+3	4.392941E+1
1.022743E+3	4.397313E+1
1.022983E+3	4.406056E+1
1.023222E+3	4.391848E+1
1.023462E+3	4.383105E+1
1.023702E+3	4.363979E+1
1.023941E+3	4.337203E+1
1.024181E+3	4.348679E+1
1.024420E+3	4.320810E+1
1.024660E+3	4.297859E+1
1.024899E+3	4.255236E+1
1.025139E+3	4.235018E+1
1.025378E+3	4.162886E+1
1.025618E+3	4.150318E+1
1.025857E+3	4.108242E+1
1.026097E+3	4.091302E+1
1.026336E+3	4.084198E+1
1.026575E+3	4.085837E+1
1.026815E+3	4.068897E+1
1.027054E+3	4.071083E+1
1.027294E+3	4.087477E+1
1.027533E+3	4.037750E+1
1.027773E+3	4.038296E+1
1.028012E+3	4.018624E+1
1.028251E+3	4.032832E+1
1.028491E+3	4.022996E+1
1.028730E+3	3.996220E+1
1.028969E+3	3.972176E+1
1.029209E+3	3.917531E+1
1.029448E+3	3.914799E+1
1.029687E+3	3.923542E+1
1.029927E+3	3.883105E+1
1.030166E+3	3.862886E+1
1.030405E+3	3.842668E+1
1.030645E+3	3.758515E+1
1.030884E+3	3.704416E+1
1.031123E+3	3.701138E+1
1.031362E+3	3.672176E+1
1.031602E+3	3.671630E+1
1.031841E+3	3.624635E+1
1.032080E+3	3.612067E+1
1.032319E+3	3.545946E+1
1.032558E+3	3.530099E+1
1.032798E+3	3.505509E+1
1.033037E+3	3.501684E+1
1.033276E+3	3.462340E+1
1.033515E+3	3.463979E+1
1.033754E+3	3.418624E+1
1.033993E+3	3.414799E+1
1.034233E+3	3.371630E+1
1.034472E+3	3.319717E+1
1.034711E+3	3.300591E+1
1.034950E+3	3.307149E+1
1.035189E+3	3.300591E+1
1.035428E+3	3.244307E+1
1.035667E+3	3.211520E+1
1.035906E+3	3.184198E+1
1.036145E+3	3.202231E+1
1.036384E+3	3.206056E+1
1.036623E+3	3.168351E+1
1.036862E+3	3.156329E+1
1.037101E+3	3.125181E+1
1.037340E+3	3.076548E+1
1.037579E+3	3.018078E+1
1.037818E+3	2.983105E+1
1.038057E+3	2.943214E+1
1.038296E+3	2.942668E+1
1.038535E+3	2.930099E+1
1.038774E+3	2.891848E+1
1.039013E+3	2.875455E+1
1.039252E+3	2.859608E+1
1.039491E+3	2.856329E+1
1.039730E+3	2.865072E+1
1.039969E+3	2.874908E+1
1.040208E+3	2.808788E+1
1.040447E+3	2.780373E+1
1.040685E+3	2.768351E+1
1.040924E+3	2.774908E+1
1.041163E+3	2.739936E+1
1.041402E+3	2.692941E+1
1.041641E+3	2.673269E+1
1.041880E+3	2.632285E+1
1.042118E+3	2.620263E+1
1.042357E+3	2.596766E+1
1.042596E+3	2.592941E+1
1.042835E+3	2.563433E+1
1.043074E+3	2.523542E+1
1.043312E+3	2.472176E+1
1.043551E+3	2.457968E+1
1.043790E+3	2.513160E+1
1.044029E+3	2.492941E+1
1.044267E+3	2.418624E+1
1.044506E+3	2.407149E+1
1.044745E+3	2.403870E+1
1.044983E+3	2.400045E+1
1.045222E+3	2.422449E+1
1.045461E+3	2.438296E+1
1.045699E+3	2.413160E+1
1.045938E+3	2.395127E+1
1.046177E+3	2.326821E+1
1.046415E+3	2.285837E+1
1.046654E+3	2.248132E+1
1.046893E+3	2.266712E+1
1.047131E+3	2.266165E+1
1.047370E+3	2.273269E+1
1.047608E+3	2.262886E+1
1.047847E+3	2.262340E+1
1.048086E+3	2.220810E+1
1.048324E+3	2.245400E+1
1.048563E+3	2.215345E+1
1.048801E+3	2.206056E+1
1.049040E+3	2.198405E+1
1.049278E+3	2.181466E+1
1.049517E+3	2.176548E+1
1.049755E+3	2.206056E+1
1.049994E+3	2.240482E+1
1.050232E+3	2.238296E+1
1.050471E+3	2.214799E+1
1.050709E+3	2.132285E+1
1.050948E+3	2.124635E+1
1.051186E+3	2.155236E+1
1.051424E+3	2.127914E+1
1.051663E+3	2.100045E+1
1.051901E+3	2.069990E+1
1.052140E+3	2.043214E+1
1.052378E+3	2.057968E+1
1.052616E+3	2.058515E+1
1.052855E+3	2.058515E+1
1.053093E+3	2.044307E+1
1.053332E+3	2.007695E+1
1.053570E+3	2.024635E+1
1.053808E+3	2.045946E+1
1.054047E+3	2.046493E+1
1.054285E+3	2.040482E+1
1.054523E+3	2.015345E+1
1.054761E+3	2.021903E+1
1.055000E+3	2.001684E+1
1.055238E+3	1.978733E+1
1.055476E+3	1.916438E+1
1.055715E+3	1.902231E+1
1.055953E+3	1.919717E+1
1.056191E+3	1.910427E+1
1.056429E+3	1.920810E+1
1.056667E+3	1.906056E+1
1.056906E+3	1.919717E+1
1.057144E+3	1.890755E+1
1.057382E+3	1.866712E+1
1.057620E+3	1.866712E+1
1.057858E+3	1.897313E+1
1.058097E+3	1.892395E+1
1.058335E+3	1.788023E+1
1.058573E+3	1.791302E+1
1.058811E+3	1.820810E+1
1.059049E+3	1.871083E+1
1.059287E+3	1.862886E+1
1.059525E+3	1.827367E+1
1.059763E+3	1.789116E+1
1.060001E+3	1.776548E+1
1.060239E+3	1.785291E+1
1.060478E+3	1.778187E+1
1.060716E+3	1.787477E+1
1.060954E+3	1.820263E+1
1.061192E+3	1.837203E+1
1.061430E+3	1.791848E+1
1.061668E+3	1.739936E+1
1.061906E+3	1.701138E+1
1.062144E+3	1.669990E+1
1.062382E+3	1.640482E+1
1.062620E+3	1.654143E+1
1.062858E+3	1.591848E+1
1.063096E+3	1.561247E+1
1.063333E+3	1.544854E+1
1.063571E+3	1.538843E+1
1.063809E+3	1.519717E+1
1.064047E+3	1.497313E+1
1.064285E+3	1.488569E+1
1.064523E+3	1.431192E+1
1.064761E+3	1.434471E+1
1.064999E+3	1.443761E+1
1.065237E+3	1.441575E+1
1.065474E+3	1.426821E+1
1.065712E+3	1.349772E+1
1.065950E+3	1.315892E+1
1.066188E+3	1.312613E+1
1.066426E+3	1.316985E+1
1.066664E+3	1.293487E+1
1.066901E+3	1.250865E+1
1.067139E+3	1.242668E+1
1.067377E+3	1.226274E+1
1.067615E+3	1.209881E+1
1.067852E+3	1.197313E+1
1.068090E+3	1.126821E+1
1.068328E+3	1.069444E+1
1.068566E+3	1.026821E+1
1.068803E+3	1.003324E+1
1.069041E+3	9.721760E+0
1.069279E+3	9.678044E+0
1.069516E+3	9.645257E+0
1.069754E+3	9.481323E+0
1.069992E+3	9.344711E+0
1.070229E+3	9.322853E+0
1.070467E+3	9.229957E+0
1.070705E+3	9.421213E+0
1.070942E+3	9.175312E+0
1.071180E+3	8.902088E+0
1.071418E+3	8.623399E+0
1.071655E+3	8.699902E+0
1.071893E+3	8.432142E+0
1.072130E+3	8.333782E+0
1.072368E+3	8.300995E+0
1.072605E+3	8.158918E+0
1.072843E+3	8.322853E+0
1.073081E+3	7.929410E+0
1.073318E+3	7.923946E+0
1.073556E+3	7.497716E+0
1.073793E+3	7.443071E+0
1.074031E+3	7.596077E+0
1.074268E+3	7.563290E+0
1.074506E+3	7.678044E+0
1.074743E+3	7.863836E+0
1.074981E+3	7.612470E+0
1.075218E+3	7.913017E+0
1.075455E+3	7.994984E+0
1.075693E+3	7.820120E+0
1.075930E+3	7.874765E+0
1.076168E+3	7.705366E+0
1.076405E+3	7.809192E+0
1.076642E+3	8.022306E+0
1.076880E+3	8.295530E+0
1.077117E+3	7.945804E+0
1.077355E+3	8.262743E+0
1.077592E+3	8.607006E+0
1.077829E+3	8.486787E+0
1.078067E+3	8.688973E+0
1.078304E+3	8.945804E+0
1.078541E+3	9.191705E+0
1.078779E+3	9.180776E+0
1.079016E+3	9.530503E+0
1.079253E+3	9.459465E+0
1.079490E+3	9.311924E+0
1.079728E+3	9.683508E+0
1.079965E+3	9.410284E+0
1.080202E+3	9.388427E+0
1.080439E+3	9.388427E+0
1.080677E+3	9.541432E+0
1.080914E+3	9.623399E+0
1.081151E+3	9.994984E+0
1.081388E+3	1.034471E+1
1.081625E+3	1.037750E+1
1.081863E+3	9.902088E+0
1.082100E+3	9.902088E+0
1.082337E+3	9.743618E+0
1.082574E+3	1.025728E+1
1.082811E+3	1.080373E+1
1.083048E+3	1.082558E+1
1.083285E+3	1.026821E+1
1.083522E+3	1.019171E+1
1.083760E+3	1.036110E+1
1.083997E+3	1.050865E+1
1.084234E+3	1.076548E+1
1.084471E+3	1.112613E+1
1.084708E+3	1.117531E+1
1.084945E+3	1.125181E+1
1.085182E+3	1.100045E+1
1.085419E+3	1.133925E+1
1.085656E+3	1.180373E+1
1.085893E+3	1.184198E+1
1.086130E+3	1.182558E+1
1.086367E+3	1.215345E+1
1.086604E+3	1.230099E+1
1.086841E+3	1.237203E+1
1.087078E+3	1.208788E+1
1.087315E+3	1.213160E+1
1.087552E+3	1.213706E+1
1.087789E+3	1.200045E+1
1.088026E+3	1.154690E+1
1.088262E+3	1.126821E+1
1.088499E+3	1.129553E+1
1.088736E+3	1.143214E+1
1.088973E+3	1.099498E+1
1.089210E+3	1.072176E+1
1.089447E+3	1.083651E+1
1.089684E+3	1.059608E+1
1.089921E+3	1.018078E+1
1.090157E+3	1.050318E+1
1.090394E+3	1.044307E+1
1.090631E+3	1.088569E+1
1.090868E+3	1.071083E+1
1.091105E+3	1.048679E+1
1.091341E+3	1.060154E+1
1.091578E+3	1.092395E+1
1.091815E+3	1.082012E+1
1.092052E+3	1.088569E+1
1.092288E+3	1.104963E+1
1.092525E+3	1.114252E+1
1.092762E+3	1.083651E+1
1.092999E+3	1.045946E+1
1.093235E+3	1.006056E+1
1.093472E+3	9.557825E+0
1.093709E+3	9.158918E+0
1.093945E+3	9.066022E+0
1.094182E+3	8.880230E+0
1.094419E+3	8.918481E+0
1.094655E+3	8.874765E+0
1.094892E+3	9.049629E+0
1.095128E+3	9.098809E+0
1.095365E+3	9.153454E+0
1.095602E+3	9.016842E+0
1.095838E+3	8.710831E+0
1.096075E+3	8.754547E+0
1.096311E+3	9.066022E+0
1.096548E+3	9.076951E+0
1.096784E+3	9.295530E+0
1.097021E+3	9.344711E+0
1.097258E+3	8.978590E+0
1.097494E+3	8.913017E+0
1.097731E+3	9.344711E+0
1.097967E+3	9.432142E+0
1.098204E+3	9.366569E+0
1.098440E+3	9.257279E+0
1.098677E+3	9.557825E+0
1.098913E+3	9.361104E+0
1.099149E+3	9.246350E+0
1.099386E+3	9.147989E+0
1.099622E+3	9.240886E+0
1.099859E+3	8.978590E+0
1.100095E+3	8.464929E+0
1.100332E+3	8.525039E+0
1.100568E+3	8.585148E+0
1.100804E+3	8.426678E+0
1.101041E+3	8.268208E+0
1.101277E+3	8.142525E+0
1.101513E+3	8.557825E+0
1.101750E+3	8.738153E+0
1.101986E+3	9.279137E+0
1.102222E+3	9.650722E+0
1.102459E+3	1.012613E+1
1.102695E+3	1.048679E+1
1.102931E+3	1.055236E+1
1.103168E+3	1.047586E+1
1.103404E+3	1.078733E+1
1.103640E+3	1.067258E+1
1.103876E+3	1.098405E+1
1.104113E+3	1.139389E+1
1.104349E+3	1.154690E+1
1.104585E+3	1.145400E+1
1.104821E+3	1.126821E+1
1.105057E+3	1.098405E+1
1.105294E+3	1.097859E+1
1.105530E+3	1.124635E+1
1.105766E+3	1.094034E+1
1.106002E+3	1.080919E+1
1.106238E+3	1.082012E+1
1.106474E+3	1.090755E+1
1.106711E+3	1.076001E+1
1.106947E+3	1.038843E+1
1.107183E+3	1.030646E+1
1.107419E+3	1.030646E+1
1.107655E+3	1.019717E+1
1.107891E+3	1.054143E+1
1.108127E+3	1.043761E+1
1.108363E+3	7.770940E+0
1.108599E+3	2.277094E+1
1.108835E+3	2.110427E+1
1.109071E+3	3.443761E+1
1.109307E+3	3.110427E+1
1.109543E+3	2.143761E+1
1.109779E+3	2.210427E+1
1.110015E+3	1.743761E+1
1.110251E+3	5.104274E+0
1.110487E+3	2.043761E+1
1.110723E+3	2.104274E+0
1.110959E+3	2.543761E+1
1.111195E+3	3.677094E+1
1.111431E+3	9.104274E+0
1.111667E+3	2.310427E+1
1.111903E+3	-5.229060E+0
1.112139E+3	-1.562393E+0
1.112375E+3	6.104274E+0
1.112611E+3	1.843761E+1
1.112847E+3	8.104274E+0
1.113082E+3	6.437607E+0
1.113318E+3	7.437607E+0
1.113554E+3	2.010427E+1
1.113790E+3	-2.290598E-1
1.114026E+3	-5.229060E+0
1.114262E+3	-5.623932E-1
1.114497E+3	5.437607E+0
1.114733E+3	-5.229060E+0
1.114969E+3	1.010427E+1
