1.951292E+2	0.000000E+0
1.953960E+2	0.000000E+0
1.956629E+2	0.000000E+0
1.959298E+2	0.000000E+0
1.961966E+2	0.000000E+0
1.964635E+2	0.000000E+0
1.967303E+2	0.000000E+0
1.969972E+2	0.000000E+0
1.972640E+2	0.000000E+0
1.975308E+2	0.000000E+0
1.977977E+2	0.000000E+0
1.980645E+2	0.000000E+0
1.983313E+2	0.000000E+0
1.985981E+2	0.000000E+0
1.988649E+2	0.000000E+0
1.991316E+2	0.000000E+0
1.993984E+2	0.000000E+0
1.996652E+2	0.000000E+0
1.999320E+2	0.000000E+0
2.001987E+2	0.000000E+0
2.004655E+2	0.000000E+0
2.007322E+2	0.000000E+0
2.009989E+2	0.000000E+0
2.012657E+2	0.000000E+0
2.015324E+2	0.000000E+0
2.017991E+2	0.000000E+0
2.020658E+2	0.000000E+0
2.023325E+2	0.000000E+0
2.025992E+2	0.000000E+0
2.028659E+2	0.000000E+0
2.031326E+2	0.000000E+0
2.033992E+2	0.000000E+0
2.036659E+2	0.000000E+0
2.039325E+2	0.000000E+0
2.041992E+2	0.000000E+0
2.044658E+2	0.000000E+0
2.047325E+2	0.000000E+0
2.049991E+2	0.000000E+0
2.052657E+2	0.000000E+0
2.055323E+2	0.000000E+0
2.057989E+2	0.000000E+0
2.060655E+2	0.000000E+0
2.063321E+2	0.000000E+0
2.065987E+2	0.000000E+0
2.068653E+2	0.000000E+0
2.071319E+2	0.000000E+0
2.073984E+2	0.000000E+0
2.076650E+2	0.000000E+0
2.079315E+2	0.000000E+0
2.081981E+2	0.000000E+0
2.084646E+2	0.000000E+0
2.087311E+2	0.000000E+0
2.089977E+2	0.000000E+0
2.092642E+2	0.000000E+0
2.095307E+2	0.000000E+0
2.097972E+2	0.000000E+0
2.100637E+2	0.000000E+0
2.103302E+2	0.000000E+0
2.105966E+2	0.000000E+0
2.108631E+2	0.000000E+0
2.111296E+2	0.000000E+0
2.113960E+2	0.000000E+0
2.116625E+2	0.000000E+0
2.119289E+2	0.000000E+0
2.121954E+2	0.000000E+0
2.124618E+2	0.000000E+0
2.127282E+2	0.000000E+0
2.129946E+2	0.000000E+0
2.132610E+2	0.000000E+0
2.135274E+2	0.000000E+0
2.137938E+2	0.000000E+0
2.140602E+2	0.000000E+0
2.143266E+2	0.000000E+0
2.145930E+2	0.000000E+0
2.148593E+2	0.000000E+0
2.151257E+2	0.000000E+0
2.153920E+2	0.000000E+0
2.156584E+2	0.000000E+0
2.159247E+2	0.000000E+0
2.161910E+2	0.000000E+0
2.164574E+2	0.000000E+0
2.167237E+2	0.000000E+0
2.169900E+2	0.000000E+0
2.172563E+2	0.000000E+0
2.175226E+2	0.000000E+0
2.177889E+2	0.000000E+0
2.180551E+2	0.000000E+0
2.183214E+2	0.000000E+0
2.185877E+2	0.000000E+0
2.188539E+2	0.000000E+0
2.191202E+2	0.000000E+0
2.193864E+2	0.000000E+0
2.196527E+2	0.000000E+0
2.199189E+2	0.000000E+0
2.201851E+2	0.000000E+0
2.204513E+2	0.000000E+0
2.207175E+2	0.000000E+0
2.209837E+2	0.000000E+0
2.212499E+2	0.000000E+0
2.215161E+2	0.000000E+0
2.217823E+2	0.000000E+0
2.220485E+2	0.000000E+0
2.223146E+2	0.000000E+0
2.225808E+2	0.000000E+0
2.228469E+2	0.000000E+0
2.231131E+2	0.000000E+0
2.233792E+2	0.000000E+0
2.236453E+2	0.000000E+0
2.239115E+2	0.000000E+0
2.241776E+2	0.000000E+0
2.244437E+2	0.000000E+0
2.247098E+2	0.000000E+0
2.249759E+2	0.000000E+0
2.252420E+2	0.000000E+0
2.255080E+2	0.000000E+0
2.257741E+2	0.000000E+0
2.260402E+2	0.000000E+0
2.263062E+2	0.000000E+0
2.265723E+2	0.000000E+0
2.268383E+2	0.000000E+0
2.271044E+2	0.000000E+0
2.273704E+2	0.000000E+0
2.276364E+2	0.000000E+0
2.279024E+2	0.000000E+0
2.281684E+2	0.000000E+0
2.284344E+2	0.000000E+0
2.287004E+2	0.000000E+0
2.289664E+2	0.000000E+0
2.292324E+2	0.000000E+0
2.294984E+2	0.000000E+0
2.297643E+2	0.000000E+0
2.300303E+2	0.000000E+0
2.302962E+2	0.000000E+0
2.305622E+2	0.000000E+0
2.308281E+2	0.000000E+0
2.310940E+2	0.000000E+0
2.313599E+2	0.000000E+0
2.316259E+2	0.000000E+0
2.318918E+2	0.000000E+0
2.321577E+2	0.000000E+0
2.324236E+2	0.000000E+0
2.326894E+2	0.000000E+0
2.329553E+2	0.000000E+0
2.332212E+2	0.000000E+0
2.334871E+2	0.000000E+0
2.337529E+2	0.000000E+0
2.340188E+2	0.000000E+0
2.342846E+2	0.000000E+0
2.345504E+2	0.000000E+0
2.348163E+2	0.000000E+0
2.350821E+2	0.000000E+0
2.353479E+2	0.000000E+0
2.356137E+2	0.000000E+0
2.358795E+2	0.000000E+0
2.361453E+2	0.000000E+0
2.364111E+2	0.000000E+0
2.366769E+2	0.000000E+0
2.369426E+2	0.000000E+0
2.372084E+2	0.000000E+0
2.374741E+2	0.000000E+0
2.377399E+2	0.000000E+0
2.380056E+2	0.000000E+0
2.382714E+2	0.000000E+0
2.385371E+2	0.000000E+0
2.388028E+2	0.000000E+0
2.390685E+2	0.000000E+0
2.393342E+2	0.000000E+0
2.395999E+2	0.000000E+0
2.398656E+2	0.000000E+0
2.401313E+2	0.000000E+0
2.403970E+2	0.000000E+0
2.406626E+2	0.000000E+0
2.409283E+2	0.000000E+0
2.411940E+2	0.000000E+0
2.414596E+2	0.000000E+0
2.417252E+2	0.000000E+0
2.419909E+2	0.000000E+0
2.422565E+2	0.000000E+0
2.425221E+2	0.000000E+0
2.427877E+2	0.000000E+0
2.430533E+2	0.000000E+0
2.433189E+2	0.000000E+0
2.435845E+2	0.000000E+0
2.438501E+2	0.000000E+0
2.441157E+2	0.000000E+0
2.443812E+2	0.000000E+0
2.446468E+2	0.000000E+0
2.449124E+2	0.000000E+0
2.451779E+2	0.000000E+0
2.454434E+2	0.000000E+0
2.457090E+2	0.000000E+0
2.459745E+2	0.000000E+0
2.462400E+2	0.000000E+0
2.465055E+2	0.000000E+0
2.467710E+2	0.000000E+0
2.470365E+2	0.000000E+0
2.473020E+2	0.000000E+0
2.475675E+2	0.000000E+0
2.478330E+2	0.000000E+0
2.480984E+2	0.000000E+0
2.483639E+2	0.000000E+0
2.486294E+2	0.000000E+0
2.488948E+2	0.000000E+0
2.491602E+2	0.000000E+0
2.494257E+2	0.000000E+0
2.496911E+2	0.000000E+0
2.499565E+2	0.000000E+0
2.502219E+2	6.685330E+0
2.504873E+2	6.663472E+0
2.507527E+2	6.335603E+0
2.510181E+2	6.641614E+0
2.512835E+2	6.871122E+0
2.515489E+2	6.903909E+0
2.518142E+2	7.002270E+0
2.520796E+2	7.406641E+0
2.523449E+2	7.865658E+0
2.526103E+2	8.084237E+0
2.528756E+2	8.018663E+0
2.531409E+2	7.783691E+0
2.534063E+2	8.089702E+0
2.536716E+2	8.619756E+0
2.539369E+2	8.805549E+0
2.542022E+2	9.045986E+0
2.544675E+2	8.909374E+0
2.547328E+2	9.111559E+0
2.549980E+2	9.177133E+0
2.552633E+2	9.106095E+0
2.555286E+2	9.013199E+0
2.557938E+2	9.045986E+0
2.560591E+2	9.548718E+0
2.563243E+2	9.914838E+0
2.565896E+2	9.931232E+0
2.568548E+2	1.027003E+1
2.571200E+2	1.055965E+1
2.573852E+2	1.077276E+1
2.576504E+2	1.088752E+1
2.579156E+2	1.113888E+1
2.581808E+2	1.106238E+1
2.584460E+2	1.120992E+1
2.587112E+2	1.122085E+1
2.589763E+2	1.144489E+1
2.592415E+2	1.130282E+1
2.595067E+2	1.142303E+1
2.597718E+2	1.149954E+1
2.600369E+2	1.157604E+1
2.603021E+2	1.159243E+1
2.605672E+2	1.175637E+1
2.608323E+2	1.180008E+1
2.610974E+2	1.167987E+1
2.613625E+2	1.153779E+1
2.616276E+2	1.167440E+1
2.618927E+2	1.145036E+1
2.621578E+2	1.151593E+1
2.624229E+2	1.146675E+1
2.626880E+2	1.188205E+1
2.629530E+2	1.190937E+1
2.632181E+2	1.188752E+1
2.634831E+2	1.186566E+1
2.637482E+2	1.202959E+1
2.640132E+2	1.232467E+1
2.642782E+2	1.230282E+1
2.645432E+2	1.223178E+1
2.648082E+2	1.234653E+1
2.650732E+2	1.230282E+1
2.653382E+2	1.223178E+1
2.656032E+2	1.187659E+1
2.658682E+2	1.186566E+1
2.661332E+2	1.170719E+1
2.663981E+2	1.138478E+1
2.666631E+2	1.147768E+1
2.669281E+2	1.157604E+1
2.671930E+2	1.124817E+1
2.674579E+2	1.101866E+1
2.677229E+2	1.101866E+1
2.679878E+2	1.096402E+1
2.682527E+2	1.051593E+1
2.685176E+2	9.958554E+0
2.687825E+2	9.652543E+0
2.690474E+2	9.412106E+0
2.693123E+2	9.270029E+0
2.695772E+2	9.056915E+0
2.698420E+2	8.723581E+0
2.701069E+2	8.395712E+0
2.703718E+2	8.177133E+0
2.706366E+2	8.198991E+0
2.709014E+2	7.827406E+0
2.711663E+2	7.685330E+0
2.714311E+2	7.674401E+0
2.716959E+2	7.794620E+0
2.719607E+2	7.559647E+0
2.722255E+2	6.985876E+0
2.724903E+2	6.614292E+0
2.727551E+2	6.532325E+0
2.730199E+2	6.341068E+0
2.732847E+2	6.423035E+0
2.735495E+2	6.220849E+0
2.738142E+2	6.013199E+0
2.740790E+2	5.964018E+0
2.743437E+2	6.078773E+0
2.746085E+2	5.942161E+0
2.748732E+2	5.914838E+0
2.751379E+2	5.761833E+0
2.754026E+2	5.969483E+0
2.756674E+2	5.860193E+0
2.759321E+2	5.723581E+0
2.761968E+2	5.537789E+0
2.764614E+2	5.614292E+0
2.767261E+2	5.472215E+0
2.769908E+2	5.253636E+0
2.772555E+2	5.395712E+0
2.775201E+2	5.351997E+0
2.777848E+2	5.198991E+0
2.780494E+2	5.368390E+0
2.783141E+2	5.433964E+0
2.785787E+2	5.723581E+0
2.788433E+2	5.674401E+0
2.791079E+2	5.510467E+0
2.793725E+2	5.237243E+0
2.796371E+2	5.308281E+0
2.799017E+2	5.051450E+0
2.801663E+2	4.931232E+0
2.804309E+2	4.953090E+0
2.806955E+2	4.811013E+0
2.809600E+2	4.543253E+0
2.812246E+2	4.821942E+0
2.814891E+2	4.914838E+0
2.817537E+2	5.144346E+0
2.820182E+2	5.056915E+0
2.822827E+2	4.876587E+0
2.825473E+2	4.827406E+0
2.828118E+2	4.592434E+0
2.830763E+2	4.368390E+0
2.833408E+2	4.297352E+0
2.836053E+2	4.351997E+0
2.838697E+2	4.379319E+0
2.841342E+2	4.330139E+0
2.843987E+2	4.450357E+0
2.846632E+2	4.696259E+0
2.849276E+2	4.778226E+0
2.851921E+2	4.974947E+0
2.854565E+2	5.029592E+0
2.857209E+2	5.155275E+0
2.859853E+2	5.182598E+0
2.862498E+2	5.182598E+0
2.865142E+2	5.220849E+0
2.867786E+2	5.117024E+0
2.870430E+2	5.253636E+0
2.873074E+2	5.007734E+0
2.875717E+2	4.914838E+0
2.878361E+2	4.761833E+0
2.881005E+2	4.816478E+0
2.883648E+2	4.964018E+0
2.886292E+2	5.111559E+0
2.888935E+2	5.341068E+0
2.891579E+2	5.149811E+0
2.894222E+2	5.018663E+0
2.896865E+2	5.291887E+0
2.899508E+2	5.275494E+0
2.902151E+2	5.067844E+0
2.904794E+2	5.035057E+0
2.907437E+2	5.209920E+0
2.910080E+2	5.226314E+0
2.912723E+2	5.433964E+0
2.915366E+2	5.652543E+0
2.918008E+2	5.772762E+0
2.920651E+2	5.821942E+0
2.923293E+2	5.843800E+0
2.925936E+2	5.761833E+0
2.928578E+2	5.750904E+0
2.931220E+2	5.750904E+0
2.933863E+2	5.778226E+0
2.936505E+2	5.903909E+0
2.939147E+2	6.106095E+0
2.941789E+2	5.953090E+0
2.944431E+2	5.914838E+0
2.947072E+2	5.783691E+0
2.949714E+2	5.417570E+0
2.952356E+2	5.461286E+0
2.954997E+2	5.548718E+0
2.957639E+2	5.477680E+0
2.960280E+2	5.526860E+0
2.962922E+2	5.537789E+0
2.965563E+2	5.341068E+0
2.968204E+2	5.193527E+0
2.970845E+2	5.062379E+0
2.973486E+2	4.980412E+0
2.976127E+2	5.089702E+0
2.978768E+2	5.412106E+0
2.981409E+2	5.690794E+0
2.984050E+2	5.712652E+0
2.986691E+2	5.958554E+0
2.989331E+2	6.226314E+0
2.991972E+2	6.526860E+0
2.994612E+2	6.674401E+0
2.997253E+2	6.701723E+0
2.999893E+2	6.690794E+0
3.002534E+2	6.450357E+0
3.005174E+2	6.384784E+0
3.007814E+2	6.488609E+0
3.010454E+2	6.565111E+0
3.013094E+2	6.548718E+0
3.015734E+2	6.505002E+0
3.018374E+2	6.412106E+0
3.021013E+2	6.368390E+0
3.023653E+2	6.433964E+0
3.026293E+2	6.379319E+0
3.028932E+2	6.368390E+0
3.031572E+2	6.423035E+0
3.034211E+2	6.745439E+0
3.036850E+2	6.723581E+0
3.039489E+2	6.832871E+0
3.042129E+2	6.898445E+0
3.044768E+2	7.073308E+0
3.047407E+2	7.056915E+0
3.050046E+2	6.849264E+0
3.052685E+2	6.996805E+0
3.055323E+2	6.969483E+0
3.057962E+2	6.652543E+0
3.060601E+2	6.832871E+0
3.063239E+2	6.903909E+0
3.065878E+2	7.018663E+0
3.068516E+2	6.953090E+0
3.071155E+2	6.974947E+0
3.073793E+2	6.827406E+0
3.076431E+2	6.472215E+0
3.079069E+2	6.433964E+0
3.081707E+2	6.570576E+0
3.084345E+2	6.805549E+0
3.086983E+2	6.772762E+0
3.089621E+2	6.783691E+0
3.092259E+2	6.931232E+0
3.094896E+2	6.892980E+0
3.097534E+2	6.783691E+0
3.100171E+2	6.658008E+0
3.102809E+2	6.515931E+0
3.105446E+2	6.461286E+0
3.108084E+2	6.412106E+0
3.110721E+2	6.712652E+0
3.113358E+2	6.827406E+0
3.115995E+2	6.920303E+0
3.118632E+2	6.964018E+0
3.121269E+2	7.051450E+0
3.123906E+2	7.040521E+0
3.126543E+2	7.084237E+0
3.129179E+2	7.297352E+0
3.131816E+2	7.423035E+0
3.134453E+2	7.215385E+0
3.137089E+2	7.160740E+0
3.139725E+2	6.811013E+0
3.142362E+2	6.483144E+0
3.144998E+2	6.280958E+0
3.147634E+2	5.909374E+0
3.150270E+2	5.805549E+0
3.152906E+2	5.756368E+0
3.155542E+2	5.750904E+0
3.158178E+2	5.707188E+0
3.160814E+2	5.772762E+0
3.163450E+2	6.100631E+0
3.166086E+2	6.379319E+0
3.168721E+2	6.242707E+0
3.171357E+2	5.974947E+0
3.173992E+2	6.084237E+0
3.176627E+2	6.253636E+0
3.179263E+2	6.505002E+0
3.181898E+2	6.461286E+0
3.184533E+2	6.428499E+0
3.187168E+2	6.614292E+0
3.189803E+2	6.570576E+0
3.192438E+2	6.302816E+0
3.195073E+2	6.428499E+0
3.197708E+2	6.871122E+0
3.200342E+2	7.084237E+0
3.202977E+2	7.067844E+0
3.205612E+2	7.171669E+0
3.208246E+2	7.428499E+0
3.210881E+2	7.423035E+0
3.213515E+2	7.466751E+0
3.216149E+2	7.636150E+0
3.218783E+2	7.832871E+0
3.221417E+2	7.701723E+0
3.224051E+2	7.526860E+0
3.226685E+2	7.226314E+0
3.229319E+2	6.964018E+0
3.231953E+2	6.898445E+0
3.234587E+2	6.947625E+0
3.237221E+2	7.002270E+0
3.239854E+2	7.171669E+0
3.242488E+2	7.144346E+0
3.245121E+2	6.723581E+0
3.247754E+2	6.554182E+0
3.250388E+2	6.505002E+0
3.253021E+2	6.406641E+0
3.255654E+2	6.472215E+0
3.258287E+2	6.597898E+0
3.260920E+2	6.603363E+0
3.263553E+2	6.865658E+0
3.266186E+2	6.805549E+0
3.268819E+2	6.756368E+0
3.271451E+2	6.821942E+0
3.274084E+2	6.882051E+0
3.276717E+2	6.974947E+0
3.279349E+2	6.974947E+0
3.281981E+2	7.073308E+0
3.284614E+2	7.149811E+0
3.287246E+2	7.220849E+0
3.289878E+2	7.117024E+0
3.292510E+2	7.270029E+0
3.295142E+2	7.444893E+0
3.297774E+2	7.346532E+0
3.300406E+2	7.472215E+0
3.303038E+2	7.548718E+0
3.305670E+2	7.619756E+0
3.308301E+2	8.013199E+0
3.310933E+2	7.991341E+0
3.313564E+2	7.931232E+0
3.316196E+2	7.718117E+0
3.318827E+2	7.668937E+0
3.321458E+2	7.761833E+0
3.324089E+2	7.619756E+0
3.326721E+2	7.412106E+0
3.329352E+2	7.439428E+0
3.331983E+2	7.559647E+0
3.334614E+2	7.734510E+0
3.337244E+2	7.696259E+0
3.339875E+2	7.379319E+0
3.342506E+2	7.433964E+0
3.345136E+2	7.543253E+0
3.347767E+2	7.215385E+0
3.350397E+2	7.275494E+0
3.353028E+2	7.428499E+0
3.355658E+2	7.177133E+0
3.358288E+2	7.040521E+0
3.360918E+2	6.871122E+0
3.363548E+2	6.778226E+0
3.366178E+2	6.444893E+0
3.368808E+2	6.133417E+0
3.371438E+2	6.133417E+0
3.374068E+2	6.035057E+0
3.376698E+2	5.936696E+0
3.379327E+2	5.887516E+0
3.381957E+2	5.920303E+0
3.384586E+2	6.024128E+0
3.387216E+2	6.308281E+0
3.389845E+2	6.384784E+0
3.392474E+2	6.313745E+0
3.395103E+2	6.286423E+0
3.397733E+2	6.237243E+0
3.400362E+2	6.100631E+0
3.402990E+2	5.931232E+0
3.405619E+2	6.308281E+0
3.408248E+2	6.586969E+0
3.410877E+2	6.619756E+0
3.413506E+2	6.729046E+0
3.416134E+2	6.444893E+0
3.418763E+2	6.368390E+0
3.421391E+2	6.357461E+0
3.424019E+2	6.193527E+0
3.426648E+2	6.308281E+0
3.429276E+2	6.614292E+0
3.431904E+2	6.783691E+0
3.434532E+2	6.707188E+0
3.437160E+2	6.729046E+0
3.439788E+2	6.636150E+0
3.442416E+2	6.679865E+0
3.445043E+2	6.603363E+0
3.447671E+2	6.783691E+0
3.450299E+2	6.925767E+0
3.452926E+2	6.811013E+0
3.455554E+2	6.592434E+0
3.458181E+2	6.505002E+0
3.460808E+2	6.406641E+0
3.463436E+2	6.707188E+0
3.466063E+2	6.668937E+0
3.468690E+2	6.515931E+0
3.471317E+2	6.450357E+0
3.473944E+2	6.488609E+0
3.476570E+2	6.608827E+0
3.479197E+2	6.559647E+0
3.481824E+2	6.313745E+0
3.484451E+2	6.450357E+0
3.487077E+2	6.346532E+0
3.489704E+2	6.160740E+0
3.492330E+2	6.302816E+0
3.494956E+2	6.122488E+0
3.497582E+2	6.198991E+0
3.500209E+2	6.308281E+0
3.502835E+2	6.472215E+0
3.505461E+2	6.412106E+0
3.508087E+2	6.761833E+0
3.510713E+2	6.729046E+0
3.513338E+2	6.718117E+0
3.515964E+2	6.723581E+0
3.518590E+2	6.455822E+0
3.521215E+2	6.423035E+0
3.523841E+2	6.166204E+0
3.526466E+2	6.291887E+0
3.529091E+2	6.461286E+0
3.531717E+2	6.472215E+0
3.534342E+2	6.554182E+0
3.536967E+2	6.537789E+0
3.539592E+2	6.368390E+0
3.542217E+2	6.423035E+0
3.544842E+2	6.630685E+0
3.547467E+2	6.412106E+0
3.550091E+2	6.324674E+0
3.552716E+2	6.401177E+0
3.555341E+2	6.849264E+0
3.557965E+2	6.800084E+0
3.560590E+2	6.903909E+0
3.563214E+2	7.029592E+0
3.565838E+2	6.821942E+0
3.568462E+2	6.641614E+0
3.571086E+2	6.526860E+0
3.573711E+2	6.477680E+0
3.576335E+2	6.778226E+0
3.578958E+2	6.554182E+0
3.581582E+2	6.603363E+0
3.584206E+2	6.494073E+0
3.586830E+2	6.526860E+0
3.589453E+2	6.204456E+0
3.592077E+2	5.860193E+0
3.594700E+2	5.865658E+0
3.597324E+2	5.909374E+0
3.599947E+2	5.942161E+0
3.602570E+2	5.964018E+0
3.605193E+2	5.794620E+0
3.607816E+2	5.827406E+0
3.610439E+2	5.860193E+0
3.613062E+2	5.947625E+0
3.615685E+2	5.860193E+0
3.618308E+2	5.903909E+0
3.620930E+2	5.996805E+0
3.623553E+2	5.663472E+0
3.626176E+2	5.827406E+0
3.628798E+2	5.734510E+0
3.631420E+2	5.811013E+0
3.634043E+2	5.816478E+0
3.636665E+2	5.964018E+0
3.639287E+2	6.171669E+0
3.641909E+2	6.351997E+0
3.644531E+2	6.302816E+0
3.647153E+2	6.264565E+0
3.649775E+2	6.395712E+0
3.652397E+2	6.384784E+0
3.655018E+2	6.215385E+0
3.657640E+2	6.275494E+0
3.660262E+2	6.461286E+0
3.662883E+2	6.537789E+0
3.665505E+2	6.510467E+0
3.668126E+2	6.237243E+0
3.670747E+2	6.127953E+0
3.673368E+2	6.144346E+0
3.675989E+2	6.193527E+0
3.678610E+2	6.286423E+0
3.681231E+2	6.215385E+0
3.683852E+2	6.548718E+0
3.686473E+2	6.532325E+0
3.689094E+2	6.477680E+0
3.691714E+2	6.537789E+0
3.694335E+2	6.417570E+0
3.696955E+2	6.488609E+0
3.699576E+2	6.718117E+0
3.702196E+2	6.510467E+0
3.704816E+2	6.521396E+0
3.707437E+2	6.395712E+0
3.710057E+2	6.515931E+0
3.712677E+2	6.499538E+0
3.715297E+2	6.035057E+0
3.717917E+2	6.160740E+0
3.720536E+2	5.991341E+0
3.723156E+2	5.794620E+0
3.725776E+2	6.002270E+0
3.728395E+2	6.188062E+0
3.731015E+2	6.160740E+0
3.733634E+2	6.095166E+0
3.736254E+2	5.985876E+0
3.738873E+2	6.368390E+0
3.741492E+2	6.499538E+0
3.744111E+2	6.674401E+0
3.746730E+2	6.750904E+0
3.749349E+2	6.985876E+0
3.751968E+2	7.035057E+0
3.754587E+2	6.931232E+0
3.757206E+2	6.816478E+0
3.759824E+2	6.756368E+0
3.762443E+2	6.712652E+0
3.765061E+2	6.772762E+0
3.767680E+2	6.570576E+0
3.770298E+2	6.444893E+0
3.772916E+2	6.231778E+0
3.775535E+2	6.346532E+0
3.778153E+2	6.122488E+0
3.780771E+2	6.024128E+0
3.783389E+2	6.111559E+0
3.786007E+2	6.067844E+0
3.788624E+2	6.056915E+0
3.791242E+2	6.188062E+0
3.793860E+2	6.095166E+0
3.796477E+2	6.007734E+0
3.799095E+2	5.969483E+0
3.801712E+2	5.882051E+0
3.804330E+2	5.882051E+0
3.806947E+2	6.308281E+0
3.809564E+2	6.384784E+0
3.812181E+2	6.379319E+0
3.814798E+2	6.362926E+0
3.817415E+2	6.275494E+0
3.820032E+2	6.198991E+0
3.822649E+2	5.936696E+0
3.825266E+2	5.942161E+0
3.827883E+2	5.914838E+0
3.830499E+2	6.056915E+0
3.833116E+2	5.980412E+0
3.835732E+2	6.084237E+0
3.838348E+2	6.133417E+0
3.840965E+2	6.182598E+0
3.843581E+2	6.198991E+0
3.846197E+2	6.171669E+0
3.848813E+2	6.166204E+0
3.851429E+2	5.974947E+0
3.854045E+2	6.089702E+0
3.856661E+2	6.056915E+0
3.859277E+2	6.160740E+0
3.861892E+2	6.346532E+0
3.864508E+2	6.209920E+0
3.867124E+2	6.231778E+0
3.869739E+2	6.242707E+0
3.872354E+2	6.477680E+0
3.874970E+2	6.789155E+0
3.877585E+2	6.914838E+0
3.880200E+2	7.209920E+0
3.882815E+2	7.521396E+0
3.885430E+2	7.237243E+0
3.888045E+2	7.007734E+0
3.890660E+2	6.964018E+0
3.893275E+2	6.991341E+0
3.895889E+2	7.171669E+0
3.898504E+2	6.991341E+0
3.901118E+2	6.871122E+0
3.903733E+2	7.089702E+0
3.906347E+2	6.996805E+0
3.908962E+2	7.007734E+0
3.911576E+2	7.220849E+0
3.914190E+2	7.204456E+0
3.916804E+2	7.133417E+0
3.919418E+2	7.133417E+0
3.922032E+2	7.013199E+0
3.924646E+2	7.149811E+0
3.927260E+2	7.395712E+0
3.929873E+2	7.368390E+0
3.932487E+2	7.346532E+0
3.935100E+2	7.270029E+0
3.937714E+2	7.505002E+0
3.940327E+2	7.450357E+0
3.942941E+2	7.401177E+0
3.945554E+2	7.395712E+0
3.948167E+2	7.455822E+0
3.950780E+2	7.324674E+0
3.953393E+2	7.608827E+0
3.956006E+2	7.718117E+0
3.958619E+2	7.647079E+0
3.961232E+2	7.570576E+0
3.963844E+2	7.685330E+0
3.966457E+2	7.450357E+0
3.969069E+2	7.483144E+0
3.971682E+2	7.428499E+0
3.974294E+2	7.592434E+0
3.976907E+2	7.663472E+0
3.979519E+2	7.597898E+0
3.982131E+2	7.794620E+0
3.984743E+2	7.712652E+0
3.987355E+2	7.838335E+0
3.989967E+2	7.947625E+0
3.992579E+2	7.843800E+0
3.995191E+2	7.712652E+0
3.997802E+2	7.537789E+0
4.000414E+2	7.630685E+0
4.003025E+2	7.882051E+0
4.005637E+2	7.750904E+0
4.008248E+2	7.745439E+0
4.010860E+2	8.248172E+0
4.013471E+2	8.406641E+0
4.016082E+2	8.248172E+0
4.018693E+2	8.155275E+0
4.021304E+2	8.220849E+0
4.023915E+2	8.357461E+0
4.026526E+2	8.614292E+0
4.029137E+2	8.658008E+0
4.031747E+2	8.679865E+0
4.034358E+2	8.455822E+0
4.036968E+2	8.357461E+0
4.039579E+2	8.155275E+0
4.042189E+2	8.007734E+0
4.044800E+2	8.073308E+0
4.047410E+2	8.264565E+0
4.050020E+2	8.532325E+0
4.052630E+2	8.335603E+0
4.055240E+2	8.291887E+0
4.057850E+2	8.341068E+0
4.060460E+2	8.499538E+0
4.063070E+2	8.177133E+0
4.065679E+2	8.127953E+0
4.068289E+2	7.991341E+0
4.070898E+2	7.663472E+0
4.073508E+2	7.559647E+0
4.076117E+2	7.384784E+0
4.078727E+2	7.351997E+0
4.081336E+2	7.652543E+0
4.083945E+2	7.827406E+0
4.086554E+2	7.707188E+0
4.089163E+2	7.718117E+0
4.091772E+2	8.067844E+0
4.094381E+2	8.215385E+0
4.096990E+2	8.291887E+0
4.099598E+2	8.466751E+0
4.102207E+2	8.586969E+0
4.104815E+2	8.576040E+0
4.107424E+2	8.641614E+0
4.110032E+2	8.494073E+0
4.112640E+2	8.188062E+0
4.115249E+2	8.089702E+0
4.117857E+2	8.078773E+0
4.120465E+2	8.067844E+0
4.123073E+2	8.007734E+0
4.125681E+2	8.264565E+0
4.128289E+2	8.270029E+0
4.130896E+2	8.253636E+0
4.133504E+2	8.215385E+0
4.136112E+2	8.100631E+0
4.138719E+2	8.193527E+0
4.141327E+2	8.171669E+0
4.143934E+2	8.242707E+0
4.146541E+2	8.324674E+0
4.149149E+2	8.237243E+0
4.151756E+2	8.614292E+0
4.154363E+2	8.690794E+0
4.156970E+2	8.860193E+0
4.159577E+2	8.838335E+0
4.162184E+2	8.718117E+0
4.164790E+2	8.969483E+0
4.167397E+2	8.980412E+0
4.170004E+2	8.696259E+0
4.172610E+2	8.477680E+0
4.175217E+2	8.559647E+0
4.177823E+2	8.423035E+0
4.180429E+2	8.477680E+0
4.183035E+2	8.614292E+0
4.185642E+2	8.608827E+0
4.188248E+2	8.488609E+0
4.190854E+2	8.100631E+0
4.193459E+2	8.226314E+0
4.196065E+2	8.417570E+0
4.198671E+2	8.357461E+0
4.201277E+2	8.330139E+0
4.203882E+2	8.576040E+0
4.206488E+2	8.679865E+0
4.209093E+2	8.636150E+0
4.211699E+2	8.892980E+0
4.214304E+2	8.816478E+0
4.216909E+2	8.964018E+0
4.219514E+2	8.811013E+0
4.222119E+2	9.045986E+0
4.224724E+2	9.155275E+0
4.227329E+2	9.242707E+0
4.229934E+2	9.362926E+0
4.232539E+2	9.505002E+0
4.235143E+2	9.739975E+0
4.237748E+2	9.854729E+0
4.240352E+2	9.658008E+0
4.242957E+2	9.537789E+0
4.245561E+2	9.739975E+0
4.248166E+2	9.953090E+0
4.250770E+2	9.794620E+0
4.253374E+2	9.734510E+0
4.255978E+2	9.783691E+0
4.258582E+2	9.783691E+0
4.261186E+2	9.614292E+0
4.263790E+2	9.696259E+0
4.266393E+2	9.778226E+0
4.268997E+2	9.953090E+0
4.271600E+2	1.010609E+1
4.274204E+2	1.030828E+1
4.276807E+2	1.053232E+1
4.279411E+2	1.080008E+1
4.282014E+2	1.070719E+1
4.284617E+2	1.048314E+1
4.287220E+2	1.041211E+1
4.289823E+2	1.029189E+1
4.292426E+2	1.017713E+1
4.295029E+2	1.020446E+1
4.297632E+2	1.026456E+1
4.300235E+2	1.043943E+1
4.302837E+2	1.043396E+1
4.305440E+2	1.056511E+1
4.308042E+2	1.078916E+1
4.310645E+2	1.067987E+1
4.313247E+2	1.071265E+1
4.315849E+2	1.074544E+1
4.318451E+2	1.071265E+1
4.321054E+2	1.064161E+1
4.323656E+2	1.055418E+1
4.326258E+2	1.064161E+1
4.328859E+2	1.056511E+1
4.331461E+2	1.063069E+1
4.334063E+2	1.084926E+1
4.336665E+2	1.100227E+1
4.339266E+2	1.081101E+1
4.341868E+2	1.059243E+1
4.344469E+2	1.064161E+1
4.347070E+2	1.073997E+1
4.349671E+2	1.087659E+1
4.352273E+2	1.081101E+1
4.354874E+2	1.052140E+1
4.357475E+2	1.060883E+1
4.360076E+2	1.080555E+1
4.362677E+2	1.074544E+1
4.365277E+2	1.065254E+1
4.367878E+2	1.055418E+1
4.370479E+2	1.066347E+1
4.373079E+2	1.076183E+1
4.375680E+2	1.088752E+1
4.378280E+2	1.112795E+1
4.380880E+2	1.132467E+1
4.383480E+2	1.136839E+1
4.386081E+2	1.125364E+1
4.388681E+2	1.164161E+1
4.391281E+2	1.187659E+1
4.393881E+2	1.194216E+1
4.396480E+2	1.216620E+1
4.399080E+2	1.233560E+1
4.401680E+2	1.225910E+1
4.404279E+2	1.214981E+1
4.406879E+2	1.226456E+1
4.409478E+2	1.221538E+1
4.412078E+2	1.231921E+1
4.414677E+2	1.234107E+1
4.417276E+2	1.219353E+1
4.419875E+2	1.266347E+1
4.422474E+2	1.260883E+1
4.425073E+2	1.253232E+1
4.427672E+2	1.276183E+1
4.430271E+2	1.300227E+1
4.432870E+2	1.283834E+1
4.435469E+2	1.259790E+1
4.438067E+2	1.252686E+1
4.440666E+2	1.278916E+1
4.443264E+2	1.294216E+1
4.445862E+2	1.295855E+1
4.448461E+2	1.323724E+1
4.451059E+2	1.352140E+1
4.453657E+2	1.369079E+1
4.456255E+2	1.364161E+1
4.458853E+2	1.352686E+1
4.461451E+2	1.385473E+1
4.464049E+2	1.386566E+1
4.466646E+2	1.373997E+1
4.469244E+2	1.399681E+1
4.471842E+2	1.409517E+1
4.474439E+2	1.414435E+1
4.477036E+2	1.438478E+1
4.479634E+2	1.434653E+1
4.482231E+2	1.462522E+1
4.484828E+2	1.478916E+1
4.487425E+2	1.496948E+1
4.490022E+2	1.503506E+1
4.492619E+2	1.499134E+1
4.495216E+2	1.507331E+1
4.497813E+2	1.529735E+1
4.500410E+2	1.537932E+1
4.503006E+2	1.538478E+1
4.505603E+2	1.561429E+1
4.508199E+2	1.593123E+1
4.510796E+2	1.606238E+1
4.513392E+2	1.612795E+1
4.515988E+2	1.625364E+1
4.518584E+2	1.655965E+1
4.521180E+2	1.684926E+1
4.523776E+2	1.702413E+1
4.526372E+2	1.733560E+1
4.528968E+2	1.724271E+1
4.531564E+2	1.725910E+1
4.534160E+2	1.727549E+1
4.536755E+2	1.747768E+1
4.539351E+2	1.739025E+1
4.541946E+2	1.743396E+1
4.544541E+2	1.763615E+1
4.547137E+2	1.742303E+1
4.549732E+2	1.738478E+1
4.552327E+2	1.718806E+1
4.554922E+2	1.692030E+1
4.557517E+2	1.687112E+1
4.560112E+2	1.715528E+1
4.562707E+2	1.723178E+1
4.565302E+2	1.716074E+1
4.567896E+2	1.769626E+1
4.570491E+2	1.799134E+1
4.573085E+2	1.820446E+1
4.575680E+2	1.848314E+1
4.578274E+2	1.843396E+1
4.580868E+2	1.866894E+1
4.583463E+2	1.901866E+1
4.586057E+2	1.914981E+1
4.588651E+2	1.940118E+1
4.591245E+2	1.972905E+1
4.593838E+2	2.024271E+1
4.596432E+2	2.075637E+1
4.599026E+2	2.099681E+1
4.601620E+2	2.118260E+1
4.604213E+2	2.152140E+1
4.606807E+2	2.184926E+1
4.609400E+2	2.214981E+1
4.611993E+2	2.235200E+1
4.614587E+2	2.243943E+1
4.617180E+2	2.268533E+1
4.619773E+2	2.265254E+1
4.622366E+2	2.298041E+1
4.624959E+2	2.354872E+1
4.627552E+2	2.352140E+1
4.630144E+2	2.380555E+1
4.632737E+2	2.396402E+1
4.635330E+2	2.408970E+1
4.637922E+2	2.453232E+1
4.640515E+2	2.450500E+1
4.643107E+2	2.469079E+1
4.645699E+2	2.500227E+1
4.648292E+2	2.540664E+1
4.650884E+2	2.563615E+1
4.653476E+2	2.617167E+1
4.656068E+2	2.667440E+1
4.658660E+2	2.708970E+1
4.661251E+2	2.772358E+1
4.663843E+2	2.799134E+1
4.666435E+2	2.837385E+1
4.669026E+2	2.901320E+1
4.671618E+2	2.949954E+1
4.674209E+2	2.979462E+1
4.676801E+2	3.023178E+1
4.679392E+2	3.037385E+1
4.681983E+2	3.073451E+1
4.684574E+2	3.116074E+1
4.687165E+2	3.182194E+1
4.689756E+2	3.241757E+1
4.692347E+2	3.277276E+1
4.694938E+2	3.305691E+1
4.697529E+2	3.351047E+1
4.700119E+2	3.428096E+1
4.702710E+2	3.467987E+1
4.705300E+2	3.547768E+1
4.707891E+2	3.613888E+1
4.710481E+2	3.716074E+1
4.713071E+2	3.808424E+1
4.715661E+2	3.897495E+1
4.718252E+2	3.959243E+1
4.720842E+2	4.035200E+1
4.723431E+2	4.105691E+1
4.726021E+2	4.155418E+1
4.728611E+2	4.211702E+1
4.731201E+2	4.283834E+1
4.733790E+2	4.384380E+1
4.736380E+2	4.452686E+1
4.738969E+2	4.536839E+1
4.741559E+2	4.575637E+1
4.744148E+2	4.656511E+1
4.746737E+2	4.730282E+1
4.749326E+2	4.822631E+1
4.751915E+2	4.875090E+1
4.754504E+2	4.927549E+1
4.757093E+2	5.012795E+1
4.759682E+2	5.109517E+1
4.762271E+2	5.195855E+1
4.764859E+2	5.263069E+1
4.767448E+2	5.350500E+1
4.770037E+2	5.430828E+1
4.772625E+2	5.522085E+1
4.775213E+2	5.596948E+1
4.777802E+2	5.696402E+1
4.780390E+2	5.758150E+1
4.782978E+2	5.804052E+1
4.785566E+2	5.897495E+1
4.788154E+2	5.989844E+1
4.790742E+2	6.081648E+1
4.793329E+2	6.172905E+1
4.795917E+2	6.274544E+1
4.798505E+2	6.375090E+1
4.801092E+2	6.478369E+1
4.803680E+2	6.567987E+1
4.806267E+2	6.648314E+1
4.808854E+2	6.735200E+1
4.811442E+2	6.794763E+1
4.814029E+2	6.882194E+1
4.816616E+2	6.999681E+1
4.819203E+2	7.049954E+1
4.821790E+2	7.152686E+1
4.824377E+2	7.228642E+1
4.826963E+2	7.305145E+1
4.829550E+2	7.398041E+1
4.832137E+2	7.514981E+1
4.834723E+2	7.585473E+1
4.837310E+2	7.710063E+1
4.839896E+2	7.822085E+1
4.842482E+2	7.906238E+1
4.845068E+2	7.975090E+1
4.847655E+2	8.060883E+1
4.850241E+2	8.131375E+1
4.852827E+2	8.210609E+1
4.855412E+2	8.308970E+1
4.857998E+2	8.381101E+1
4.860584E+2	8.473997E+1
4.863170E+2	8.535746E+1
4.865755E+2	8.617167E+1
4.868341E+2	8.707331E+1
4.870926E+2	8.780008E+1
4.873511E+2	8.835200E+1
4.876097E+2	8.902413E+1
4.878682E+2	8.983834E+1
4.881267E+2	9.062522E+1
4.883852E+2	9.155965E+1
4.886437E+2	9.233560E+1
4.889022E+2	9.305145E+1
4.891606E+2	9.319899E+1
4.894191E+2	9.384926E+1
4.896776E+2	9.451593E+1
4.899360E+2	9.558697E+1
4.901945E+2	9.605145E+1
4.904529E+2	9.629735E+1
4.907113E+2	9.666347E+1
4.909697E+2	9.753779E+1
4.912282E+2	9.813342E+1
4.914866E+2	9.886566E+1
4.917450E+2	9.934653E+1
4.920034E+2	9.996948E+1
4.922617E+2	1.004558E+2
4.925201E+2	1.010460E+2
4.927785E+2	1.015651E+2
4.930368E+2	1.023739E+2
4.932952E+2	1.031280E+2
4.935535E+2	1.037181E+2
4.938118E+2	1.044831E+2
4.940702E+2	1.049859E+2
4.943285E+2	1.056143E+2
4.945868E+2	1.061607E+2
4.948451E+2	1.066471E+2
4.951034E+2	1.070788E+2
4.953617E+2	1.074668E+2
4.956200E+2	1.081935E+2
4.958782E+2	1.084777E+2
4.961365E+2	1.089695E+2
4.963947E+2	1.093684E+2
4.966530E+2	1.099749E+2
4.969112E+2	1.105159E+2
4.971694E+2	1.109695E+2
4.974277E+2	1.111225E+2
4.976859E+2	1.117728E+2
4.979441E+2	1.120733E+2
4.982023E+2	1.127837E+2
4.984605E+2	1.130077E+2
4.987187E+2	1.135214E+2
4.989768E+2	1.135214E+2
4.992350E+2	1.139094E+2
4.994931E+2	1.138711E+2
4.997513E+2	1.140842E+2
5.000094E+2	1.144995E+2
5.002676E+2	1.149312E+2
5.005257E+2	1.150241E+2
5.007838E+2	1.157892E+2
5.010419E+2	1.159859E+2
5.013000E+2	1.163247E+2
5.015581E+2	1.164176E+2
5.018162E+2	1.171116E+2
5.020743E+2	1.175979E+2
5.023323E+2	1.180023E+2
5.025904E+2	1.181553E+2
5.028485E+2	1.186088E+2
5.031065E+2	1.191717E+2
5.033645E+2	1.195815E+2
5.036226E+2	1.198055E+2
5.038806E+2	1.202536E+2
5.041386E+2	1.202974E+2
5.043966E+2	1.207782E+2
5.046546E+2	1.207509E+2
5.049126E+2	1.216034E+2
5.051706E+2	1.222919E+2
5.054285E+2	1.227946E+2
5.056865E+2	1.231006E+2
5.059445E+2	1.236635E+2
5.062024E+2	1.241771E+2
5.064604E+2	1.246252E+2
5.067183E+2	1.246034E+2
5.069762E+2	1.251006E+2
5.072341E+2	1.251443E+2
5.074920E+2	1.256034E+2
5.077499E+2	1.258438E+2
5.080078E+2	1.264340E+2
5.082657E+2	1.263575E+2
5.085236E+2	1.266416E+2
5.087815E+2	1.268711E+2
5.090393E+2	1.273793E+2
5.092972E+2	1.276034E+2
5.095550E+2	1.279859E+2
5.098129E+2	1.284121E+2
5.100707E+2	1.287509E+2
5.103285E+2	1.291280E+2
5.105863E+2	1.298438E+2
5.108441E+2	1.301935E+2
5.111019E+2	1.307236E+2
5.113597E+2	1.307127E+2
5.116175E+2	1.311170E+2
5.118753E+2	1.314066E+2
5.121330E+2	1.320405E+2
5.123908E+2	1.322427E+2
5.126485E+2	1.327400E+2
5.129063E+2	1.330569E+2
5.131640E+2	1.338001E+2
5.134217E+2	1.342536E+2
5.136794E+2	1.349695E+2
5.139371E+2	1.353247E+2
5.141948E+2	1.360296E+2
5.144525E+2	1.364777E+2
5.147102E+2	1.373028E+2
5.149679E+2	1.379859E+2
5.152256E+2	1.386853E+2
5.154832E+2	1.390624E+2
5.157409E+2	1.397618E+2
5.159985E+2	1.404066E+2
5.162562E+2	1.412755E+2
5.165138E+2	1.414722E+2
5.167714E+2	1.424340E+2
5.170290E+2	1.430952E+2
5.172866E+2	1.439312E+2
5.175442E+2	1.441553E+2
5.178018E+2	1.447564E+2
5.180594E+2	1.452591E+2
5.183170E+2	1.458602E+2
5.185745E+2	1.462810E+2
5.188321E+2	1.466635E+2
5.190896E+2	1.470077E+2
5.193472E+2	1.476143E+2
5.196047E+2	1.480187E+2
5.198622E+2	1.484340E+2
5.201197E+2	1.487728E+2
5.203772E+2	1.496853E+2
5.206347E+2	1.504012E+2
5.208922E+2	1.505214E+2
5.211497E+2	1.507290E+2
5.214072E+2	1.512646E+2
5.216646E+2	1.517509E+2
5.219221E+2	1.525050E+2
5.221795E+2	1.530624E+2
5.224370E+2	1.538602E+2
5.226944E+2	1.540788E+2
5.229519E+2	1.545542E+2
5.232093E+2	1.549586E+2
5.234667E+2	1.555596E+2
5.237241E+2	1.561990E+2
5.239815E+2	1.571935E+2
5.242389E+2	1.579312E+2
5.244962E+2	1.585870E+2
5.247536E+2	1.587454E+2
5.250110E+2	1.594941E+2
5.252683E+2	1.600132E+2
5.255257E+2	1.608875E+2
5.257830E+2	1.613793E+2
5.260403E+2	1.619804E+2
5.262977E+2	1.621225E+2
5.265550E+2	1.628165E+2
5.268123E+2	1.633629E+2
5.270696E+2	1.641990E+2
5.273269E+2	1.649586E+2
5.275841E+2	1.658165E+2
5.278414E+2	1.663411E+2
5.280987E+2	1.670351E+2
5.283559E+2	1.673739E+2
5.286132E+2	1.680842E+2
5.288704E+2	1.680952E+2
5.291276E+2	1.690077E+2
5.293849E+2	1.692208E+2
5.296421E+2	1.697673E+2
5.298993E+2	1.701443E+2
5.301565E+2	1.707564E+2
5.304137E+2	1.712646E+2
5.306709E+2	1.715924E+2
5.309280E+2	1.721553E+2
5.311852E+2	1.729422E+2
5.314424E+2	1.732810E+2
5.316995E+2	1.740733E+2
5.319567E+2	1.745706E+2
5.322138E+2	1.754066E+2
5.324709E+2	1.755159E+2
5.327280E+2	1.761334E+2
5.329852E+2	1.767290E+2
5.332423E+2	1.774504E+2
5.334994E+2	1.777400E+2
5.337564E+2	1.783028E+2
5.340135E+2	1.789640E+2
5.342706E+2	1.798383E+2
5.345276E+2	1.804777E+2
5.347847E+2	1.814941E+2
5.350417E+2	1.819476E+2
5.352988E+2	1.826799E+2
5.355558E+2	1.833465E+2
5.358128E+2	1.839859E+2
5.360698E+2	1.843247E+2
5.363269E+2	1.849094E+2
5.365839E+2	1.857454E+2
5.368408E+2	1.866799E+2
5.370978E+2	1.870569E+2
5.373548E+2	1.876307E+2
5.376118E+2	1.881553E+2
5.378687E+2	1.887290E+2
5.381257E+2	1.893739E+2
5.383826E+2	1.900515E+2
5.386395E+2	1.907017E+2
5.388965E+2	1.914777E+2
5.391534E+2	1.919695E+2
5.394103E+2	1.926963E+2
5.396672E+2	1.933902E+2
5.399241E+2	1.942318E+2
5.401810E+2	1.946198E+2
5.404378E+2	1.954285E+2
5.406947E+2	1.958055E+2
5.409516E+2	1.964722E+2
5.412084E+2	1.968438E+2
5.414653E+2	1.977564E+2
5.417221E+2	1.983739E+2
5.419789E+2	1.993411E+2
5.422357E+2	1.999094E+2
5.424925E+2	2.003192E+2
5.427493E+2	2.010077E+2
5.430061E+2	2.015105E+2
5.432629E+2	2.019968E+2
5.435197E+2	2.027400E+2
5.437765E+2	2.033957E+2
5.440332E+2	2.044121E+2
5.442900E+2	2.049312E+2
5.445467E+2	2.061280E+2
5.448035E+2	2.063739E+2
5.450602E+2	2.072208E+2
5.453169E+2	2.078493E+2
5.455736E+2	2.084722E+2
5.458303E+2	2.090624E+2
5.460870E+2	2.096580E+2
5.463437E+2	2.101116E+2
5.466004E+2	2.108055E+2
5.468571E+2	2.112372E+2
5.471137E+2	2.117564E+2
5.473704E+2	2.119258E+2
5.476270E+2	2.126580E+2
5.478837E+2	2.131006E+2
5.481403E+2	2.141006E+2
5.483969E+2	2.145924E+2
5.486535E+2	2.153137E+2
5.489101E+2	2.157673E+2
5.491667E+2	2.163520E+2
5.494233E+2	2.171116E+2
5.496799E+2	2.177618E+2
5.499365E+2	2.183083E+2
5.501931E+2	2.192045E+2
5.504496E+2	2.197892E+2
5.507062E+2	2.210897E+2
5.509627E+2	2.214831E+2
5.512192E+2	2.223739E+2
5.514758E+2	2.233356E+2
5.517323E+2	2.245105E+2
5.519888E+2	2.249640E+2
5.522453E+2	2.255870E+2
5.525018E+2	2.260023E+2
5.527583E+2	2.266580E+2
5.530147E+2	2.273902E+2
5.532712E+2	2.283192E+2
5.535277E+2	2.292099E+2
5.537841E+2	2.301662E+2
5.540406E+2	2.309695E+2
5.542970E+2	2.317892E+2
5.545534E+2	2.323465E+2
5.548098E+2	2.332810E+2
5.550663E+2	2.338821E+2
5.553227E+2	2.345815E+2
5.555791E+2	2.349476E+2
5.558354E+2	2.361170E+2
5.560918E+2	2.369258E+2
5.563482E+2	2.381607E+2
5.566046E+2	2.390351E+2
5.568609E+2	2.400515E+2
5.571173E+2	2.406361E+2
5.573736E+2	2.417618E+2
5.576299E+2	2.425323E+2
5.578862E+2	2.437509E+2
5.581426E+2	2.448329E+2
5.583989E+2	2.457127E+2
5.586552E+2	2.469586E+2
5.589114E+2	2.477946E+2
5.591677E+2	2.484504E+2
5.594240E+2	2.497181E+2
5.596803E+2	2.505433E+2
5.599365E+2	2.515269E+2
5.601928E+2	2.522755E+2
5.604490E+2	2.534558E+2
5.607052E+2	2.544995E+2
5.609614E+2	2.555487E+2
5.612177E+2	2.567509E+2
5.614739E+2	2.579531E+2
5.617301E+2	2.588821E+2
5.619863E+2	2.603083E+2
5.622424E+2	2.613411E+2
5.624986E+2	2.624176E+2
5.627548E+2	2.637946E+2
5.630109E+2	2.651935E+2
5.632671E+2	2.662099E+2
5.635232E+2	2.674995E+2
5.637794E+2	2.685159E+2
5.640355E+2	2.697618E+2
5.642916E+2	2.708110E+2
5.645477E+2	2.724558E+2
5.648038E+2	2.741443E+2
5.650599E+2	2.755323E+2
5.653160E+2	2.766034E+2
5.655721E+2	2.777618E+2
5.658281E+2	2.788547E+2
5.660842E+2	2.802810E+2
5.663402E+2	2.810678E+2
5.665963E+2	2.825269E+2
5.668523E+2	2.838875E+2
5.671083E+2	2.851498E+2
5.673644E+2	2.863411E+2
5.676204E+2	2.876307E+2
5.678764E+2	2.893028E+2
5.681324E+2	2.909367E+2
5.683883E+2	2.926963E+2
5.686443E+2	2.943247E+2
5.689003E+2	2.956635E+2
5.691562E+2	2.972427E+2
5.694122E+2	2.985815E+2
5.696681E+2	3.002208E+2
5.699241E+2	3.018875E+2
5.701800E+2	3.035706E+2
5.704359E+2	3.051061E+2
5.706918E+2	3.069039E+2
5.709477E+2	3.083083E+2
5.712036E+2	3.101006E+2
5.714595E+2	3.114121E+2
5.717154E+2	3.131662E+2
5.719713E+2	3.144285E+2
5.722271E+2	3.160897E+2
5.724830E+2	3.181116E+2
5.727388E+2	3.199203E+2
5.729947E+2	3.211389E+2
5.732505E+2	3.230241E+2
5.735063E+2	3.245651E+2
5.737621E+2	3.265323E+2
5.740179E+2	3.284121E+2
5.742737E+2	3.302482E+2
5.745295E+2	3.320405E+2
5.747853E+2	3.340077E+2
5.750411E+2	3.357236E+2
5.752968E+2	3.375378E+2
5.755526E+2	3.394449E+2
5.758083E+2	3.413411E+2
5.760641E+2	3.432208E+2
5.763198E+2	3.452318E+2
5.765755E+2	3.470405E+2
5.768312E+2	3.489695E+2
5.770869E+2	3.508383E+2
5.773426E+2	3.529312E+2
5.775983E+2	3.544558E+2
5.778540E+2	3.564941E+2
5.781097E+2	3.586471E+2
5.783653E+2	3.605378E+2
5.786210E+2	3.626471E+2
5.788766E+2	3.650788E+2
5.791323E+2	3.671280E+2
5.793879E+2	3.695433E+2
5.796435E+2	3.714777E+2
5.798991E+2	3.736252E+2
5.801547E+2	3.755323E+2
5.804103E+2	3.775159E+2
5.806659E+2	3.792591E+2
5.809215E+2	3.814394E+2
5.811771E+2	3.835596E+2
5.814327E+2	3.858329E+2
5.816882E+2	3.878711E+2
5.819438E+2	3.903520E+2
5.821993E+2	3.925596E+2
5.824548E+2	3.947728E+2
5.827104E+2	3.972263E+2
5.829659E+2	3.995159E+2
5.832214E+2	4.016034E+2
5.834769E+2	4.039039E+2
5.837324E+2	4.061935E+2
5.839878E+2	4.084613E+2
5.842433E+2	4.105214E+2
5.844988E+2	4.129968E+2
5.847542E+2	4.149531E+2
5.850097E+2	4.172755E+2
5.852651E+2	4.193848E+2
5.855206E+2	4.216689E+2
5.857760E+2	4.239531E+2
5.860314E+2	4.260678E+2
5.862868E+2	4.278711E+2
5.865422E+2	4.304504E+2
5.867976E+2	4.330569E+2
5.870530E+2	4.355378E+2
5.873084E+2	4.376853E+2
5.875637E+2	4.401334E+2
5.878191E+2	4.421061E+2
5.880744E+2	4.441881E+2
5.883298E+2	4.468274E+2
5.885851E+2	4.495596E+2
5.888404E+2	4.519586E+2
5.890958E+2	4.546198E+2
5.893511E+2	4.565487E+2
5.896064E+2	4.588383E+2
5.898617E+2	4.608984E+2
5.901169E+2	4.634613E+2
5.903722E+2	4.657127E+2
5.906275E+2	4.680351E+2
5.908827E+2	4.706361E+2
5.911380E+2	4.733083E+2
5.913932E+2	4.754230E+2
5.916485E+2	4.776799E+2
5.919037E+2	4.802919E+2
5.921589E+2	4.829422E+2
5.924141E+2	4.851389E+2
5.926693E+2	4.876088E+2
5.929245E+2	4.900405E+2
5.931797E+2	4.927564E+2
5.934349E+2	4.950405E+2
5.936900E+2	4.974831E+2
5.939452E+2	4.998875E+2
5.942004E+2	5.025870E+2
5.944555E+2	5.044449E+2
5.947106E+2	5.068875E+2
5.949658E+2	5.090897E+2
5.952209E+2	5.118821E+2
5.954760E+2	5.144941E+2
5.957311E+2	5.168001E+2
5.959862E+2	5.191990E+2
5.962413E+2	5.221116E+2
5.964963E+2	5.245760E+2
5.967514E+2	5.270077E+2
5.970065E+2	5.293848E+2
5.972615E+2	5.318493E+2
5.975166E+2	5.342974E+2
5.977716E+2	5.369203E+2
5.980266E+2	5.393247E+2
5.982816E+2	5.415542E+2
5.985367E+2	5.436963E+2
5.987917E+2	5.469367E+2
5.990467E+2	5.492755E+2
5.993016E+2	5.516361E+2
5.995566E+2	5.539094E+2
5.998116E+2	5.566471E+2
6.000665E+2	5.591389E+2
6.003215E+2	5.619859E+2
6.005764E+2	5.645815E+2
6.008314E+2	5.674613E+2
6.010863E+2	5.700733E+2
6.013412E+2	5.726416E+2
6.015961E+2	5.755706E+2
6.018510E+2	5.786580E+2
6.021059E+2	5.810624E+2
6.023608E+2	5.837782E+2
6.026157E+2	5.863411E+2
6.028706E+2	5.890897E+2
6.031254E+2	5.919094E+2
6.033803E+2	5.951225E+2
6.036351E+2	5.977509E+2
6.038900E+2	6.003629E+2
6.041448E+2	6.030678E+2
6.043996E+2	6.057728E+2
6.046544E+2	6.078329E+2
6.049092E+2	6.106635E+2
6.051640E+2	6.133793E+2
6.054188E+2	6.161061E+2
6.056736E+2	6.185050E+2
6.059283E+2	6.212646E+2
6.061831E+2	6.240077E+2
6.064378E+2	6.263356E+2
6.066926E+2	6.288711E+2
6.069473E+2	6.318001E+2
6.072021E+2	6.344176E+2
6.074568E+2	6.366361E+2
6.077115E+2	6.386689E+2
6.079662E+2	6.413957E+2
6.082209E+2	6.438930E+2
6.084756E+2	6.469531E+2
6.087302E+2	6.497454E+2
6.089849E+2	6.524394E+2
6.092396E+2	6.549804E+2
6.094942E+2	6.577454E+2
6.097489E+2	6.600187E+2
6.100035E+2	6.630733E+2
6.102581E+2	6.658383E+2
6.105127E+2	6.683301E+2
6.107674E+2	6.707236E+2
6.110220E+2	6.736580E+2
6.112766E+2	6.764012E+2
6.115311E+2	6.791662E+2
6.117857E+2	6.814340E+2
6.120403E+2	6.840569E+2
6.122948E+2	6.868165E+2
6.125494E+2	6.893247E+2
6.128039E+2	6.918657E+2
6.130585E+2	6.943957E+2
6.133130E+2	6.969367E+2
6.135675E+2	6.995542E+2
6.138220E+2	7.017345E+2
6.140765E+2	7.044449E+2
6.143310E+2	7.068274E+2
6.145855E+2	7.096744E+2
6.148400E+2	7.124777E+2
6.150945E+2	7.155760E+2
6.153489E+2	7.180842E+2
6.156034E+2	7.205378E+2
6.158578E+2	7.229148E+2
6.161123E+2	7.254012E+2
6.163667E+2	7.281662E+2
6.166211E+2	7.306525E+2
6.168755E+2	7.333793E+2
6.171299E+2	7.361826E+2
6.173843E+2	7.384066E+2
6.176387E+2	7.404777E+2
6.178931E+2	7.427181E+2
6.181474E+2	7.454613E+2
6.184018E+2	7.481826E+2
6.186561E+2	7.507728E+2
6.189105E+2	7.530296E+2
6.191648E+2	7.558711E+2
6.194191E+2	7.582864E+2
6.196735E+2	7.605323E+2
6.199278E+2	7.629640E+2
6.201821E+2	7.661389E+2
6.204364E+2	7.689148E+2
6.206907E+2	7.714722E+2
6.209449E+2	7.743028E+2
6.211992E+2	7.775706E+2
6.214535E+2	7.804121E+2
6.217077E+2	7.827782E+2
6.219619E+2	7.855214E+2
6.222162E+2	7.880077E+2
6.224704E+2	7.905105E+2
6.227246E+2	7.936525E+2
6.229788E+2	7.966252E+2
6.232330E+2	7.998219E+2
6.234872E+2	8.026635E+2
6.237414E+2	8.050733E+2
6.239956E+2	8.075542E+2
6.242498E+2	8.102372E+2
6.245039E+2	8.129203E+2
6.247581E+2	8.154230E+2
6.250122E+2	8.176908E+2
6.252663E+2	8.204995E+2
6.255205E+2	8.231607E+2
6.257746E+2	8.257564E+2
6.260287E+2	8.286908E+2
6.262828E+2	8.314012E+2
6.265369E+2	8.335870E+2
6.267910E+2	8.366143E+2
6.270450E+2	8.392919E+2
6.272991E+2	8.424722E+2
6.275532E+2	8.454558E+2
6.278072E+2	8.480733E+2
6.280613E+2	8.510405E+2
6.283153E+2	8.539531E+2
6.285693E+2	8.566689E+2
6.288233E+2	8.594941E+2
6.290773E+2	8.620077E+2
6.293313E+2	8.649422E+2
6.295853E+2	8.680678E+2
6.298393E+2	8.707181E+2
6.300933E+2	8.731771E+2
6.303472E+2	8.759476E+2
6.306012E+2	8.783629E+2
6.308551E+2	8.807236E+2
6.311091E+2	8.834066E+2
6.313630E+2	8.863520E+2
6.316169E+2	8.887782E+2
6.318709E+2	8.909203E+2
6.321248E+2	8.934668E+2
6.323787E+2	8.957728E+2
6.326326E+2	8.978165E+2
6.328864E+2	9.007181E+2
6.331403E+2	9.040132E+2
6.333942E+2	9.070460E+2
6.336480E+2	9.095651E+2
6.339019E+2	9.122263E+2
6.341557E+2	9.145651E+2
6.344095E+2	9.173520E+2
6.346634E+2	9.195105E+2
6.349172E+2	9.218766E+2
6.351710E+2	9.240842E+2
6.354248E+2	9.269203E+2
6.356786E+2	9.290733E+2
6.359324E+2	9.313739E+2
6.361861E+2	9.337236E+2
6.364399E+2	9.360678E+2
6.366936E+2	9.378930E+2
6.369474E+2	9.402482E+2
6.372011E+2	9.424886E+2
6.374549E+2	9.453083E+2
6.377086E+2	9.473739E+2
6.379623E+2	9.501826E+2
6.382160E+2	9.519203E+2
6.384697E+2	9.541717E+2
6.387234E+2	9.563192E+2
6.389771E+2	9.585870E+2
6.392307E+2	9.612318E+2
6.394844E+2	9.633739E+2
6.397380E+2	9.654558E+2
6.399917E+2	9.677454E+2
6.402453E+2	9.703411E+2
6.404990E+2	9.731662E+2
6.407526E+2	9.757837E+2
6.410062E+2	9.780405E+2
6.412598E+2	9.800733E+2
6.415134E+2	9.824394E+2
6.417670E+2	9.846908E+2
6.420206E+2	9.871717E+2
6.422741E+2	9.889148E+2
6.425277E+2	9.911498E+2
6.427812E+2	9.930842E+2
6.430348E+2	9.949367E+2
6.432883E+2	9.971881E+2
6.435418E+2	9.991771E+2
6.437954E+2	1.001243E+3
6.440489E+2	1.003374E+3
6.443024E+2	1.005112E+3
6.445559E+2	1.007478E+3
6.448094E+2	1.009483E+3
6.450628E+2	1.011188E+3
6.453163E+2	1.013133E+3
6.455698E+2	1.015450E+3
6.458232E+2	1.017325E+3
6.460767E+2	1.019265E+3
6.463301E+2	1.021707E+3
6.465835E+2	1.023735E+3
6.468369E+2	1.025527E+3
6.470903E+2	1.027986E+3
6.473437E+2	1.030161E+3
6.475971E+2	1.032314E+3
6.478505E+2	1.034002E+3
6.481039E+2	1.036079E+3
6.483573E+2	1.037882E+3
6.486106E+2	1.039969E+3
6.488640E+2	1.041494E+3
6.491173E+2	1.043456E+3
6.493706E+2	1.045041E+3
6.496240E+2	1.047325E+3
6.498773E+2	1.049396E+3
6.501306E+2	1.051527E+3
6.503839E+2	1.053669E+3
6.506372E+2	1.055751E+3
6.508905E+2	1.057254E+3
6.511437E+2	1.059161E+3
6.513970E+2	1.061073E+3
6.516503E+2	1.063095E+3
6.519035E+2	1.065041E+3
6.521567E+2	1.067423E+3
6.524100E+2	1.069434E+3
6.526632E+2	1.072062E+3
6.529164E+2	1.074024E+3
6.531696E+2	1.076347E+3
6.534228E+2	1.078002E+3
6.536760E+2	1.079997E+3
6.539292E+2	1.081789E+3
6.541824E+2	1.084068E+3
6.544355E+2	1.086112E+3
6.546887E+2	1.088265E+3
6.549418E+2	1.090215E+3
6.551950E+2	1.092707E+3
6.554481E+2	1.094762E+3
6.557012E+2	1.097232E+3
6.559543E+2	1.099084E+3
6.562074E+2	1.100822E+3
6.564605E+2	1.102538E+3
6.567136E+2	1.104795E+3
6.569667E+2	1.106319E+3
6.572198E+2	1.108532E+3
6.574728E+2	1.110275E+3
6.577259E+2	1.112609E+3
6.579789E+2	1.114538E+3
6.582319E+2	1.116756E+3
6.584850E+2	1.119166E+3
6.587380E+2	1.121532E+3
6.589910E+2	1.123784E+3
6.592440E+2	1.125991E+3
6.594970E+2	1.128068E+3
6.597500E+2	1.130297E+3
6.600030E+2	1.132259E+3
6.602559E+2	1.134778E+3
6.605089E+2	1.137155E+3
6.607618E+2	1.139210E+3
6.610148E+2	1.141811E+3
6.612677E+2	1.144062E+3
6.615206E+2	1.146898E+3
6.617736E+2	1.149035E+3
6.620265E+2	1.151166E+3
6.622794E+2	1.153767E+3
6.625323E+2	1.155893E+3
6.627851E+2	1.158204E+3
6.630380E+2	1.160882E+3
6.632909E+2	1.163827E+3
6.635437E+2	1.166806E+3
6.637966E+2	1.169314E+3
6.640494E+2	1.171795E+3
6.643023E+2	1.174953E+3
6.645551E+2	1.177751E+3
6.648079E+2	1.181122E+3
6.650607E+2	1.183767E+3
6.653135E+2	1.186183E+3
6.655663E+2	1.189128E+3
6.658191E+2	1.191653E+3
6.660718E+2	1.194767E+3
6.663246E+2	1.197838E+3
6.665774E+2	1.200603E+3
6.668301E+2	1.203215E+3
6.670828E+2	1.205980E+3
6.673356E+2	1.208614E+3
6.675883E+2	1.211161E+3
6.678410E+2	1.214057E+3
6.680937E+2	1.216226E+3
6.683464E+2	1.218625E+3
6.685991E+2	1.221117E+3
6.688518E+2	1.223920E+3
6.691044E+2	1.226702E+3
6.693571E+2	1.229614E+3
6.696098E+2	1.232314E+3
6.698624E+2	1.235565E+3
6.701150E+2	1.238396E+3
6.703677E+2	1.241980E+3
6.706203E+2	1.244833E+3
6.708729E+2	1.247740E+3
6.711255E+2	1.250434E+3
6.713781E+2	1.253871E+3
6.716307E+2	1.256735E+3
6.718832E+2	1.260035E+3
6.721358E+2	1.263079E+3
6.723884E+2	1.266423E+3
6.726409E+2	1.269434E+3
6.728935E+2	1.272663E+3
6.731460E+2	1.275483E+3
6.733985E+2	1.278833E+3
6.736510E+2	1.281631E+3
6.739035E+2	1.284521E+3
6.741560E+2	1.287587E+3
6.744085E+2	1.290571E+3
6.746610E+2	1.293396E+3
6.749135E+2	1.296401E+3
6.751660E+2	1.299680E+3
6.754184E+2	1.303254E+3
6.756709E+2	1.306412E+3
6.759233E+2	1.309461E+3
6.761757E+2	1.312855E+3
6.764282E+2	1.315510E+3
6.766806E+2	1.318740E+3
6.769330E+2	1.321849E+3
6.771854E+2	1.325319E+3
6.774378E+2	1.328461E+3
6.776901E+2	1.331357E+3
6.779425E+2	1.334691E+3
6.781949E+2	1.337931E+3
6.784472E+2	1.340844E+3
6.786996E+2	1.343877E+3
6.789519E+2	1.347117E+3
6.792042E+2	1.350068E+3
6.794566E+2	1.352991E+3
6.797089E+2	1.355254E+3
6.799612E+2	1.357959E+3
6.802135E+2	1.360472E+3
6.804657E+2	1.363073E+3
6.807180E+2	1.365729E+3
6.809703E+2	1.368428E+3
6.812226E+2	1.371505E+3
6.814748E+2	1.374161E+3
6.817270E+2	1.376587E+3
6.819793E+2	1.379401E+3
6.822315E+2	1.382368E+3
6.824837E+2	1.384991E+3
6.827359E+2	1.387478E+3
6.829881E+2	1.390194E+3
6.832403E+2	1.392806E+3
6.834925E+2	1.395877E+3
6.837447E+2	1.398576E+3
6.839968E+2	1.401221E+3
6.842490E+2	1.403625E+3
6.845011E+2	1.407008E+3
6.847533E+2	1.409571E+3
6.850054E+2	1.412658E+3
6.852575E+2	1.414554E+3
6.855097E+2	1.417090E+3
6.857618E+2	1.419122E+3
6.860139E+2	1.421685E+3
6.862659E+2	1.424226E+3
6.865180E+2	1.426428E+3
6.867701E+2	1.427871E+3
6.870222E+2	1.430439E+3
6.872742E+2	1.432587E+3
6.875263E+2	1.434669E+3
6.877783E+2	1.436516E+3
6.880303E+2	1.438128E+3
6.882823E+2	1.440030E+3
6.885343E+2	1.442500E+3
6.887864E+2	1.444090E+3
6.890383E+2	1.446478E+3
6.892903E+2	1.447953E+3
6.895423E+2	1.449521E+3
6.897943E+2	1.451718E+3
6.900462E+2	1.453363E+3
6.902982E+2	1.455177E+3
6.905501E+2	1.456800E+3
6.908021E+2	1.458538E+3
6.910540E+2	1.460483E+3
6.913059E+2	1.462254E+3
6.915578E+2	1.464035E+3
6.918097E+2	1.466008E+3
6.920616E+2	1.467631E+3
6.923135E+2	1.469002E+3
6.925654E+2	1.470390E+3
6.928172E+2	1.472237E+3
6.930691E+2	1.474084E+3
6.933209E+2	1.475926E+3
6.935728E+2	1.477527E+3
6.938246E+2	1.479341E+3
6.940764E+2	1.480904E+3
6.943282E+2	1.481647E+3
6.945800E+2	1.483259E+3
6.948318E+2	1.484609E+3
6.950836E+2	1.486057E+3
6.953354E+2	1.487259E+3
6.955872E+2	1.487849E+3
6.958389E+2	1.489243E+3
6.960907E+2	1.490554E+3
6.963424E+2	1.490877E+3
6.965942E+2	1.491336E+3
6.968459E+2	1.492155E+3
6.970976E+2	1.492800E+3
6.973493E+2	1.493439E+3
6.976010E+2	1.494057E+3
6.978527E+2	1.494849E+3
6.981044E+2	1.495942E+3
6.983561E+2	1.496434E+3
6.986077E+2	1.496882E+3
6.988594E+2	1.497374E+3
6.991110E+2	1.498204E+3
6.993627E+2	1.499423E+3
6.996143E+2	1.500614E+3
6.998659E+2	1.500478E+3
7.001175E+2	1.501297E+3
7.003692E+2	1.501461E+3
7.006207E+2	1.502800E+3
7.008723E+2	1.503237E+3
7.011239E+2	1.503095E+3
7.013755E+2	1.503297E+3
7.016271E+2	1.503751E+3
7.018786E+2	1.504314E+3
7.021302E+2	1.504888E+3
7.023817E+2	1.504532E+3
7.026332E+2	1.503991E+3
7.028847E+2	1.504172E+3
7.031362E+2	1.504155E+3
7.033878E+2	1.504270E+3
7.036392E+2	1.504035E+3
7.038907E+2	1.503090E+3
7.041422E+2	1.502428E+3
7.043937E+2	1.501368E+3
7.046451E+2	1.501084E+3
7.048966E+2	1.500139E+3
7.051480E+2	1.499035E+3
7.053995E+2	1.498428E+3
7.056509E+2	1.497609E+3
7.059023E+2	1.496778E+3
7.061537E+2	1.495904E+3
7.064051E+2	1.494827E+3
7.066565E+2	1.494008E+3
7.069079E+2	1.493199E+3
7.071593E+2	1.491844E+3
7.074106E+2	1.490806E+3
7.076620E+2	1.489806E+3
7.079133E+2	1.488729E+3
7.081647E+2	1.487997E+3
7.084160E+2	1.486806E+3
7.086673E+2	1.485478E+3
7.089186E+2	1.483959E+3
7.091699E+2	1.482472E+3
7.094212E+2	1.481390E+3
7.096725E+2	1.480516E+3
7.099238E+2	1.479210E+3
7.101751E+2	1.477991E+3
7.104263E+2	1.476478E+3
7.106776E+2	1.475073E+3
7.109288E+2	1.473751E+3
7.111800E+2	1.471696E+3
7.114313E+2	1.469472E+3
7.116825E+2	1.467172E+3
7.119337E+2	1.465215E+3
7.121849E+2	1.462658E+3
7.124361E+2	1.460620E+3
7.126873E+2	1.458418E+3
7.129384E+2	1.455663E+3
7.131896E+2	1.452920E+3
7.134408E+2	1.449926E+3
7.136919E+2	1.447248E+3
7.139430E+2	1.444500E+3
7.141942E+2	1.441663E+3
7.144453E+2	1.438407E+3
7.146964E+2	1.435144E+3
7.149475E+2	1.431948E+3
7.151986E+2	1.429816E+3
7.154497E+2	1.426953E+3
7.157008E+2	1.423849E+3
7.159518E+2	1.420877E+3
7.162029E+2	1.418620E+3
7.164540E+2	1.417232E+3
7.167050E+2	1.414969E+3
7.169560E+2	1.412434E+3
7.172071E+2	1.409942E+3
7.174581E+2	1.408046E+3
7.177091E+2	1.406062E+3
7.179601E+2	1.404418E+3
7.182111E+2	1.402199E+3
7.184621E+2	1.399674E+3
7.187130E+2	1.397500E+3
7.189640E+2	1.395106E+3
7.192150E+2	1.392833E+3
7.194659E+2	1.390674E+3
7.197169E+2	1.387735E+3
7.199678E+2	1.385106E+3
7.202187E+2	1.382385E+3
7.204696E+2	1.379002E+3
7.207205E+2	1.375565E+3
7.209714E+2	1.372226E+3
7.212223E+2	1.368827E+3
7.214732E+2	1.364718E+3
7.217241E+2	1.360898E+3
7.219749E+2	1.356866E+3
7.222258E+2	1.353139E+3
7.224766E+2	1.349352E+3
7.227274E+2	1.345822E+3
7.229783E+2	1.342297E+3
7.232291E+2	1.338964E+3
7.234799E+2	1.335674E+3
7.237307E+2	1.332784E+3
7.239815E+2	1.330019E+3
7.242323E+2	1.327871E+3
7.244830E+2	1.325866E+3
7.247338E+2	1.323631E+3
7.249846E+2	1.321325E+3
7.252353E+2	1.319713E+3
7.254861E+2	1.318095E+3
7.257368E+2	1.316724E+3
7.259875E+2	1.315390E+3
7.262382E+2	1.314275E+3
7.264889E+2	1.313177E+3
7.267396E+2	1.312248E+3
7.269903E+2	1.311827E+3
7.272410E+2	1.310888E+3
7.274917E+2	1.310308E+3
7.277423E+2	1.309248E+3
7.279930E+2	1.307986E+3
7.282436E+2	1.307243E+3
7.284942E+2	1.305713E+3
7.287449E+2	1.304614E+3
7.289955E+2	1.303467E+3
7.292461E+2	1.302308E+3
7.294967E+2	1.301423E+3
7.297473E+2	1.300778E+3
7.299979E+2	1.299975E+3
7.302484E+2	1.299019E+3
7.304990E+2	1.297144E+3
7.307496E+2	1.295554E+3
7.310001E+2	1.293991E+3
7.312507E+2	1.291942E+3
7.315012E+2	1.289456E+3
7.317517E+2	1.286691E+3
7.320022E+2	1.284500E+3
7.322527E+2	1.283133E+3
7.325032E+2	1.282368E+3
7.327537E+2	1.282576E+3
7.330042E+2	1.283489E+3
7.332547E+2	1.284691E+3
7.335051E+2	1.286079E+3
7.337556E+2	1.288319E+3
7.340060E+2	1.290806E+3
7.342564E+2	1.295647E+3
7.345069E+2	1.302368E+3
7.347573E+2	1.310784E+3
7.350077E+2	1.318948E+3
7.352581E+2	1.325243E+3
7.355085E+2	1.330401E+3
7.357589E+2	1.335816E+3
7.360092E+2	1.343259E+3
7.362596E+2	1.354953E+3
7.365100E+2	1.370374E+3
7.367603E+2	1.387822E+3
7.370106E+2	1.405450E+3
7.372610E+2	1.421964E+3
7.375113E+2	1.436527E+3
7.377616E+2	1.450724E+3
7.380119E+2	1.465210E+3
7.382622E+2	1.480472E+3
7.385125E+2	1.497248E+3
7.387628E+2	1.515095E+3
7.390130E+2	1.533653E+3
7.392633E+2	1.552827E+3
7.395135E+2	1.572937E+3
7.397638E+2	1.594576E+3
7.400140E+2	1.617877E+3
7.402642E+2	1.644144E+3
7.405144E+2	1.672030E+3
7.407647E+2	1.702980E+3
7.410149E+2	1.733423E+3
7.412650E+2	1.762527E+3
7.415152E+2	1.789057E+3
7.417654E+2	1.816139E+3
7.420156E+2	1.844002E+3
7.422657E+2	1.874352E+3
7.425159E+2	1.905800E+3
7.427660E+2	1.936740E+3
7.430161E+2	1.964024E+3
7.432662E+2	1.987166E+3
7.435164E+2	2.011133E+3
7.437665E+2	2.048210E+3
7.440165E+2	2.104194E+3
7.442666E+2	2.174106E+3
7.445167E+2	2.239237E+3
7.447668E+2	2.292112E+3
7.450168E+2	2.339292E+3
7.452669E+2	2.380789E+3
7.455169E+2	2.418341E+3
7.457669E+2	2.452811E+3
7.460170E+2	2.486259E+3
7.462670E+2	2.520811E+3
7.465170E+2	2.557232E+3
7.467670E+2	2.596489E+3
7.470170E+2	2.640948E+3
7.472670E+2	2.692822E+3
7.475169E+2	2.754527E+3
7.477669E+2	2.822303E+3
7.480168E+2	2.888363E+3
7.482668E+2	2.950439E+3
7.485167E+2	3.008357E+3
7.487666E+2	3.058685E+3
7.490166E+2	3.100434E+3
7.492665E+2	3.135379E+3
7.495164E+2	3.165019E+3
7.497663E+2	3.189898E+3
7.500161E+2	3.210538E+3
7.502660E+2	3.228560E+3
7.505159E+2	3.245729E+3
7.507657E+2	3.264521E+3
7.510156E+2	3.284795E+3
7.512654E+2	3.304942E+3
7.515152E+2	3.322024E+3
7.517651E+2	3.336423E+3
7.520149E+2	3.350041E+3
7.522647E+2	3.366374E+3
7.525145E+2	3.386707E+3
7.527643E+2	3.410855E+3
7.530140E+2	3.436445E+3
7.532638E+2	3.460051E+3
7.535136E+2	3.479866E+3
7.537633E+2	3.495751E+3
7.540131E+2	3.510800E+3
7.542628E+2	3.529172E+3
7.545125E+2	3.552199E+3
7.547622E+2	3.577150E+3
7.550119E+2	3.601210E+3
7.552616E+2	3.622696E+3
7.555113E+2	3.640521E+3
7.557610E+2	3.655461E+3
7.560107E+2	3.664827E+3
7.562603E+2	3.672084E+3
7.565100E+2	3.676538E+3
7.567596E+2	3.681505E+3
7.570093E+2	3.683456E+3
7.572589E+2	3.681576E+3
7.575085E+2	3.673297E+3
7.577581E+2	3.660888E+3
7.580077E+2	3.646281E+3
7.582573E+2	3.632784E+3
7.585069E+2	3.620101E+3
7.587565E+2	3.602986E+3
7.590060E+2	3.570680E+3
7.592556E+2	3.518603E+3
7.595051E+2	3.452336E+3
7.597547E+2	3.391527E+3
7.600042E+2	3.342483E+3
7.602537E+2	3.298620E+3
7.605032E+2	3.261177E+3
7.607527E+2	3.228756E+3
7.610022E+2	3.199898E+3
7.612517E+2	3.172620E+3
7.615012E+2	3.145379E+3
7.617507E+2	3.117144E+3
7.620001E+2	3.086920E+3
7.622496E+2	3.051816E+3
7.624990E+2	3.009428E+3
7.627485E+2	2.956625E+3
7.629979E+2	2.897500E+3
7.632473E+2	2.839789E+3
7.634967E+2	2.786549E+3
7.637461E+2	2.737707E+3
7.639955E+2	2.697297E+3
7.642449E+2	2.666226E+3
7.644942E+2	2.641571E+3
7.647436E+2	2.620281E+3
7.649930E+2	2.601226E+3
7.652423E+2	2.584685E+3
7.654916E+2	2.571538E+3
7.657410E+2	2.560439E+3
7.659903E+2	2.548685E+3
7.662396E+2	2.535215E+3
7.664889E+2	2.519980E+3
7.667382E+2	2.502937E+3
7.669875E+2	2.484505E+3
7.672367E+2	2.464964E+3
7.674860E+2	2.442521E+3
7.677353E+2	2.418215E+3
7.679845E+2	2.392210E+3
7.682337E+2	2.367795E+3
7.684830E+2	2.345860E+3
7.687322E+2	2.327379E+3
7.689814E+2	2.312095E+3
7.692306E+2	2.296035E+3
7.694798E+2	2.276658E+3
7.697290E+2	2.251969E+3
7.699782E+2	2.224614E+3
7.702273E+2	2.195877E+3
7.704765E+2	2.168505E+3
7.707256E+2	2.141439E+3
7.709748E+2	2.115314E+3
7.712239E+2	2.093183E+3
7.714730E+2	2.075696E+3
7.717222E+2	2.064051E+3
7.719713E+2	2.055019E+3
7.722204E+2	2.047822E+3
7.724694E+2	2.043418E+3
7.727185E+2	2.043467E+3
7.729676E+2	2.046483E+3
7.732167E+2	2.051445E+3
7.734657E+2	2.058740E+3
7.737147E+2	2.067286E+3
7.739638E+2	2.077620E+3
7.742128E+2	2.088554E+3
7.744618E+2	2.098308E+3
7.747108E+2	2.106582E+3
7.749598E+2	2.112674E+3
7.752088E+2	2.118002E+3
7.754578E+2	2.123139E+3
7.757068E+2	2.126084E+3
7.759557E+2	2.127860E+3
7.762047E+2	2.128013E+3
7.764536E+2	2.126740E+3
7.767026E+2	2.123297E+3
7.769515E+2	2.118308E+3
7.772004E+2	2.112314E+3
7.774493E+2	2.106428E+3
7.776982E+2	2.100898E+3
7.779471E+2	2.095784E+3
7.781960E+2	2.091144E+3
7.784449E+2	2.087090E+3
7.786938E+2	2.083713E+3
7.789426E+2	2.080964E+3
7.791915E+2	2.078352E+3
7.794403E+2	2.076576E+3
7.796891E+2	2.075713E+3
7.799380E+2	2.075079E+3
7.801868E+2	2.075237E+3
7.804356E+2	2.074997E+3
7.806844E+2	2.074456E+3
7.809332E+2	2.073418E+3
7.811819E+2	2.072554E+3
7.814307E+2	2.071303E+3
7.816795E+2	2.070237E+3
7.819282E+2	2.070248E+3
7.821770E+2	2.070953E+3
7.824257E+2	2.071975E+3
7.826744E+2	2.073057E+3
7.829231E+2	2.073237E+3
7.831718E+2	2.072707E+3
7.834205E+2	2.069401E+3
7.836692E+2	2.063937E+3
7.839179E+2	2.057521E+3
7.841666E+2	2.049095E+3
7.844152E+2	2.039582E+3
7.846639E+2	2.028450E+3
7.849125E+2	2.015275E+3
7.851612E+2	2.000549E+3
7.854098E+2	1.984576E+3
7.856584E+2	1.967975E+3
7.859070E+2	1.951653E+3
7.861556E+2	1.935319E+3
7.864042E+2	1.917751E+3
7.866528E+2	1.898980E+3
7.869014E+2	1.879221E+3
7.871499E+2	1.859478E+3
7.873985E+2	1.841122E+3
7.876470E+2	1.824308E+3
7.878956E+2	1.807816E+3
7.881441E+2	1.792117E+3
7.883926E+2	1.777368E+3
7.886411E+2	1.764204E+3
7.888896E+2	1.753800E+3
7.891381E+2	1.745101E+3
7.893866E+2	1.738095E+3
7.896351E+2	1.732554E+3
7.898835E+2	1.728560E+3
7.901320E+2	1.725303E+3
7.903804E+2	1.722598E+3
7.906289E+2	1.720073E+3
7.908773E+2	1.719204E+3
7.911257E+2	1.717866E+3
7.913742E+2	1.717489E+3
7.916226E+2	1.717953E+3
7.918709E+2	1.718691E+3
7.921193E+2	1.719816E+3
7.923677E+2	1.720133E+3
7.926161E+2	1.719341E+3
7.928644E+2	1.717019E+3
7.931128E+2	1.713374E+3
7.933611E+2	1.708204E+3
7.936095E+2	1.700543E+3
7.938578E+2	1.690500E+3
7.941061E+2	1.678582E+3
7.943544E+2	1.664347E+3
7.946027E+2	1.647423E+3
7.948510E+2	1.629041E+3
7.950993E+2	1.610259E+3
7.953475E+2	1.591461E+3
7.955958E+2	1.574210E+3
7.958440E+2	1.557795E+3
7.960923E+2	1.543434E+3
7.963405E+2	1.530396E+3
7.965887E+2	1.518811E+3
7.968370E+2	1.508969E+3
7.970852E+2	1.499789E+3
7.973334E+2	1.491609E+3
7.975816E+2	1.484898E+3
7.978297E+2	1.479090E+3
7.980779E+2	1.474592E+3
7.983261E+2	1.470767E+3
7.985742E+2	1.468396E+3
7.988224E+2	1.467871E+3
7.990705E+2	1.467352E+3
7.993186E+2	1.467888E+3
7.995668E+2	1.468898E+3
7.998149E+2	1.470188E+3
8.000630E+2	1.472625E+3
8.003111E+2	1.475325E+3
8.005591E+2	1.478625E+3
8.008072E+2	1.481314E+3
8.010553E+2	1.482948E+3
8.013033E+2	1.483347E+3
8.015514E+2	1.482663E+3
8.017994E+2	1.480347E+3
8.020474E+2	1.476019E+3
8.022955E+2	1.470642E+3
8.025435E+2	1.463483E+3
8.027915E+2	1.454718E+3
8.030395E+2	1.444696E+3
8.032874E+2	1.433806E+3
8.035354E+2	1.423133E+3
8.037834E+2	1.411653E+3
8.040313E+2	1.400565E+3
8.042793E+2	1.390303E+3
8.045272E+2	1.381265E+3
8.047752E+2	1.373352E+3
8.050231E+2	1.366860E+3
8.052710E+2	1.362073E+3
8.055189E+2	1.358598E+3
8.057668E+2	1.356784E+3
8.060147E+2	1.356226E+3
8.062625E+2	1.357625E+3
8.065104E+2	1.361068E+3
8.067583E+2	1.365658E+3
8.070061E+2	1.373571E+3
8.072540E+2	1.383620E+3
8.075018E+2	1.397390E+3
8.077496E+2	1.413816E+3
8.079974E+2	1.433292E+3
8.082452E+2	1.455718E+3
8.084930E+2	1.479232E+3
8.087408E+2	1.505308E+3
8.089886E+2	1.532582E+3
8.092364E+2	1.560822E+3
8.094841E+2	1.590609E+3
8.097319E+2	1.621472E+3
8.099796E+2	1.652379E+3
8.102273E+2	1.683275E+3
8.104751E+2	1.713407E+3
8.107228E+2	1.741855E+3
8.109705E+2	1.769762E+3
8.112182E+2	1.795423E+3
8.114659E+2	1.820237E+3
8.117135E+2	1.844183E+3
8.119612E+2	1.866379E+3
8.122089E+2	1.886997E+3
8.124565E+2	1.906357E+3
8.127042E+2	1.923866E+3
8.129518E+2	1.939909E+3
8.131994E+2	1.953587E+3
8.134470E+2	1.964292E+3
8.136946E+2	1.971724E+3
8.139422E+2	1.975510E+3
8.141898E+2	1.975948E+3
8.144374E+2	1.972631E+3
8.146850E+2	1.966696E+3
8.149325E+2	1.959079E+3
8.151801E+2	1.950543E+3
8.154276E+2	1.941811E+3
8.156752E+2	1.933543E+3
8.159227E+2	1.926560E+3
8.161702E+2	1.921352E+3
8.164177E+2	1.917702E+3
8.166652E+2	1.914986E+3
8.169127E+2	1.914494E+3
8.171602E+2	1.915461E+3
8.174077E+2	1.917090E+3
8.176551E+2	1.920172E+3
8.179026E+2	1.923871E+3
8.181500E+2	1.928139E+3
8.183975E+2	1.933128E+3
8.186449E+2	1.937735E+3
8.188923E+2	1.942565E+3
8.191397E+2	1.946631E+3
8.193871E+2	1.950576E+3
8.196345E+2	1.954117E+3
8.198819E+2	1.956773E+3
8.201293E+2	1.959046E+3
8.203766E+2	1.960554E+3
8.206240E+2	1.961090E+3
8.208713E+2	1.960374E+3
8.211187E+2	1.957439E+3
8.213660E+2	1.952959E+3
8.216133E+2	1.945696E+3
8.218606E+2	1.936538E+3
8.221079E+2	1.923374E+3
8.223552E+2	1.906669E+3
8.226025E+2	1.886188E+3
8.228498E+2	1.862286E+3
8.230970E+2	1.834494E+3
8.233443E+2	1.803467E+3
8.235915E+2	1.770571E+3
8.238388E+2	1.735368E+3
8.240860E+2	1.698756E+3
8.243332E+2	1.661363E+3
8.245804E+2	1.622680E+3
8.248276E+2	1.583363E+3
8.250748E+2	1.543691E+3
8.253220E+2	1.503691E+3
8.255692E+2	1.463997E+3
8.258163E+2	1.424893E+3
8.260635E+2	1.385603E+3
8.263106E+2	1.347286E+3
8.265578E+2	1.308510E+3
8.268049E+2	1.269991E+3
8.270520E+2	1.231232E+3
8.272991E+2	1.192898E+3
8.275462E+2	1.154270E+3
8.277933E+2	1.115898E+3
8.280404E+2	1.077653E+3
8.282875E+2	1.040489E+3
8.285345E+2	1.005423E+3
8.287816E+2	9.727181E+2
8.290287E+2	9.428766E+2
8.292757E+2	9.166799E+2
8.295227E+2	8.943465E+2
8.297697E+2	8.751225E+2
8.300168E+2	8.580624E+2
8.302638E+2	8.425433E+2
8.305107E+2	8.286963E+2
8.307577E+2	8.151443E+2
8.310047E+2	8.012646E+2
8.312517E+2	7.867782E+2
8.314986E+2	7.715214E+2
8.317456E+2	7.564558E+2
8.319925E+2	7.401443E+2
8.322394E+2	7.235159E+2
8.324864E+2	7.068110E+2
8.327333E+2	6.901826E+2
8.329802E+2	6.732591E+2
8.332271E+2	6.563247E+2
8.334740E+2	6.385596E+2
8.337208E+2	6.208274E+2
8.339677E+2	6.026525E+2
8.342146E+2	5.842810E+2
8.344614E+2	5.649804E+2
8.347082E+2	5.456635E+2
8.349551E+2	5.262045E+2
8.352019E+2	5.059695E+2
8.354487E+2	4.855651E+2
8.356955E+2	4.654777E+2
8.359423E+2	4.451553E+2
8.361891E+2	4.259258E+2
8.364359E+2	4.065214E+2
8.366826E+2	3.884230E+2
8.369294E+2	3.707017E+2
8.371761E+2	3.550788E+2
8.374229E+2	3.407400E+2
8.376696E+2	3.276580E+2
8.379163E+2	3.154613E+2
8.381630E+2	3.051498E+2
8.384097E+2	2.958930E+2
8.386564E+2	2.880132E+2
8.389031E+2	2.805651E+2
8.391498E+2	2.742591E+2
8.393965E+2	2.684394E+2
8.396431E+2	2.634285E+2
8.398898E+2	2.589422E+2
8.401364E+2	2.549258E+2
8.403830E+2	2.515651E+2
8.406297E+2	2.484504E+2
8.408763E+2	2.451717E+2
8.411229E+2	2.421607E+2
8.413695E+2	2.390515E+2
8.416161E+2	2.361225E+2
8.418626E+2	2.333739E+2
8.421092E+2	2.305433E+2
8.423558E+2	2.275760E+2
8.426023E+2	2.249312E+2
8.428489E+2	2.219312E+2
8.430954E+2	2.191006E+2
8.433419E+2	2.163793E+2
8.435884E+2	2.137181E+2
8.438349E+2	2.109913E+2
8.440814E+2	2.085159E+2
8.443279E+2	2.058383E+2
8.445744E+2	2.032755E+2
8.448208E+2	2.008110E+2
8.450673E+2	1.984886E+2
8.453138E+2	1.963957E+2
8.455602E+2	1.938001E+2
8.458066E+2	1.911116E+2
8.460530E+2	1.885596E+2
8.462995E+2	1.859913E+2
8.465459E+2	1.837728E+2
8.467923E+2	1.810132E+2
8.470386E+2	1.786088E+2
8.472850E+2	1.760788E+2
8.475314E+2	1.736034E+2
8.477777E+2	1.706908E+2
8.480241E+2	1.679422E+2
8.482704E+2	1.649476E+2
8.485168E+2	1.625323E+2
8.487631E+2	1.597837E+2
8.490094E+2	1.569804E+2
8.492557E+2	1.542045E+2
8.495020E+2	1.518930E+2
8.497483E+2	1.492208E+2
8.499946E+2	1.465050E+2
8.502408E+2	1.436689E+2
8.504871E+2	1.409148E+2
8.507333E+2	1.381935E+2
8.509796E+2	1.355706E+2
8.512258E+2	1.326034E+2
8.514720E+2	1.299258E+2
8.517182E+2	1.272646E+2
8.519644E+2	1.250132E+2
8.522106E+2	1.222646E+2
8.524568E+2	1.197454E+2
8.527030E+2	1.172427E+2
8.529492E+2	1.151280E+2
8.531953E+2	1.130187E+2
8.534415E+2	1.106908E+2
8.536876E+2	1.083629E+2
8.539337E+2	1.064285E+2
8.541799E+2	1.040624E+2
8.544260E+2	1.021116E+2
8.546721E+2	1.003247E+2
8.549182E+2	9.819353E+1
8.551643E+2	9.618806E+1
8.554103E+2	9.405145E+1
8.556564E+2	9.207877E+1
8.559024E+2	9.041211E+1
8.561485E+2	8.853232E+1
8.563945E+2	8.678916E+1
8.566406E+2	8.559790E+1
8.568866E+2	8.395855E+1
8.571326E+2	8.277823E+1
8.573786E+2	8.136293E+1
8.576246E+2	8.006238E+1
8.578706E+2	7.904052E+1
8.581166E+2	7.823178E+1
8.583625E+2	7.722085E+1
8.586085E+2	7.658150E+1
8.588544E+2	7.558150E+1
8.591004E+2	7.446129E+1
8.593463E+2	7.348861E+1
8.595922E+2	7.267440E+1
8.598381E+2	7.182741E+1
8.600840E+2	7.074544E+1
8.603299E+2	6.983287E+1
8.605758E+2	6.881101E+1
8.608217E+2	6.794763E+1
8.610675E+2	6.675637E+1
8.613134E+2	6.565801E+1
8.615592E+2	6.480008E+1
8.618051E+2	6.394216E+1
8.620509E+2	6.263615E+1
8.622967E+2	6.183834E+1
8.625425E+2	6.076730E+1
8.627883E+2	5.965801E+1
8.630341E+2	5.857604E+1
8.632799E+2	5.764708E+1
8.635257E+2	5.669626E+1
8.637715E+2	5.597495E+1
8.640172E+2	5.520992E+1
8.642630E+2	5.451593E+1
8.645087E+2	5.358697E+1
8.647544E+2	5.284926E+1
8.650001E+2	5.206238E+1
8.652459E+2	5.132467E+1
8.654916E+2	5.068533E+1
8.657372E+2	4.974544E+1
8.659829E+2	4.883287E+1
8.662286E+2	4.803506E+1
8.664743E+2	4.747222E+1
8.667199E+2	4.669079E+1
8.669656E+2	4.596948E+1
8.672112E+2	4.540664E+1
8.674568E+2	4.484380E+1
8.677024E+2	4.419899E+1
8.679481E+2	4.355418E+1
8.681937E+2	4.270172E+1
8.684392E+2	4.227549E+1
8.686848E+2	4.195855E+1
8.689304E+2	4.142303E+1
8.691760E+2	4.118260E+1
8.694215E+2	4.075637E+1
8.696671E+2	4.004052E+1
8.699126E+2	3.996948E+1
8.701581E+2	3.988205E+1
8.704036E+2	3.983287E+1
8.706491E+2	3.925910E+1
8.708946E+2	3.858150E+1
8.711401E+2	3.842303E+1
8.713856E+2	3.835746E+1
8.716311E+2	3.790391E+1
8.718766E+2	3.749407E+1
8.721220E+2	3.686019E+1
8.723674E+2	3.646129E+1
8.726129E+2	3.607877E+1
8.728583E+2	3.572358E+1
8.731037E+2	3.511702E+1
8.733491E+2	3.460883E+1
8.735945E+2	3.383834E+1
8.738399E+2	3.351047E+1
8.740853E+2	3.331375E+1
8.743307E+2	3.313342E+1
8.745760E+2	3.268533E+1
8.748214E+2	3.232467E+1
8.750667E+2	3.196402E+1
8.753121E+2	3.117167E+1
8.755574E+2	3.087659E+1
8.758027E+2	3.038478E+1
8.760480E+2	3.034107E+1
8.762933E+2	3.019899E+1
8.765386E+2	2.960336E+1
8.767839E+2	2.921538E+1
8.770291E+2	2.900773E+1
8.772744E+2	2.853779E+1
8.775196E+2	2.833014E+1
8.777649E+2	2.811702E+1
8.780101E+2	2.802413E+1
8.782553E+2	2.783287E+1
8.785006E+2	2.745582E+1
8.787458E+2	2.690937E+1
8.789910E+2	2.655418E+1
8.792361E+2	2.647222E+1
8.794813E+2	2.631375E+1
8.797265E+2	2.592577E+1
8.799717E+2	2.593123E+1
8.802168E+2	2.587659E+1
8.804619E+2	2.551593E+1
8.807071E+2	2.537385E+1
8.809522E+2	2.521538E+1
8.811973E+2	2.492577E+1
8.814424E+2	2.469626E+1
8.816875E+2	2.446129E+1
8.819326E+2	2.429735E+1
8.821777E+2	2.401866E+1
8.824227E+2	2.369626E+1
8.826678E+2	2.350500E+1
8.829128E+2	2.343396E+1
8.831579E+2	2.320992E+1
8.834029E+2	2.312249E+1
8.836479E+2	2.286566E+1
8.838929E+2	2.296402E+1
8.841379E+2	2.276183E+1
8.843829E+2	2.253232E+1
8.846279E+2	2.259243E+1
8.848729E+2	2.222631E+1
8.851179E+2	2.201320E+1
8.853628E+2	2.151593E+1
8.856078E+2	2.154325E+1
8.858527E+2	2.155418E+1
8.860976E+2	2.122631E+1
8.863425E+2	2.104599E+1
8.865875E+2	2.081648E+1
8.868324E+2	2.071265E+1
8.870772E+2	2.067440E+1
8.873221E+2	2.056511E+1
8.875670E+2	2.031921E+1
8.878119E+2	2.019353E+1
8.880567E+2	2.018806E+1
8.883016E+2	2.021538E+1
8.885464E+2	2.016620E+1
8.887912E+2	2.023724E+1
8.890360E+2	2.002959E+1
8.892809E+2	1.994216E+1
8.895257E+2	1.975090E+1
8.897704E+2	1.951047E+1
8.900152E+2	1.944489E+1
8.902600E+2	1.947768E+1
8.905048E+2	1.939571E+1
8.907495E+2	1.930282E+1
8.909943E+2	1.895309E+1
8.912390E+2	1.895309E+1
8.914837E+2	1.903506E+1
8.917284E+2	1.912249E+1
8.919731E+2	1.902959E+1
8.922178E+2	1.884926E+1
8.924625E+2	1.885473E+1
8.927072E+2	1.887659E+1
8.929519E+2	1.853779E+1
8.931965E+2	1.866894E+1
8.934412E+2	1.860336E+1
8.936858E+2	1.890391E+1
8.939305E+2	1.898588E+1
8.941751E+2	1.872905E+1
8.944197E+2	1.844489E+1
8.946643E+2	1.819899E+1
8.949089E+2	1.786019E+1
8.951535E+2	1.762522E+1
8.953981E+2	1.764161E+1
8.956426E+2	1.753779E+1
8.958872E+2	1.746675E+1
8.961317E+2	1.738478E+1
8.963763E+2	1.719899E+1
8.966208E+2	1.717713E+1
8.968653E+2	1.711702E+1
8.971098E+2	1.690391E+1
8.973543E+2	1.699681E+1
8.975988E+2	1.714435E+1
8.978433E+2	1.712795E+1
8.980878E+2	1.707877E+1
8.983323E+2	1.694763E+1
8.985767E+2	1.688205E+1
8.988212E+2	1.661976E+1
8.990656E+2	1.675637E+1
8.993100E+2	1.671265E+1
8.995545E+2	1.654872E+1
8.997989E+2	1.634653E+1
9.000433E+2	1.612249E+1
9.002877E+2	1.589298E+1
9.005320E+2	1.591484E+1
9.007764E+2	1.591484E+1
9.010208E+2	1.587659E+1
9.012651E+2	1.570719E+1
9.015095E+2	1.555965E+1
9.017538E+2	1.545036E+1
9.019981E+2	1.527549E+1
9.022425E+2	1.533560E+1
9.024868E+2	1.559243E+1
9.027311E+2	1.551593E+1
9.029754E+2	1.534653E+1
9.032196E+2	1.523724E+1
9.034639E+2	1.528642E+1
9.037082E+2	1.498041E+1
9.039524E+2	1.481648E+1
9.041967E+2	1.464708E+1
9.044409E+2	1.473997E+1
9.046851E+2	1.499134E+1
9.049293E+2	1.519353E+1
9.051736E+2	1.518806E+1
9.054177E+2	1.507331E+1
9.056619E+2	1.516074E+1
9.059061E+2	1.528096E+1
9.061503E+2	1.507877E+1
9.063944E+2	1.504599E+1
9.066386E+2	1.488205E+1
9.068827E+2	1.495855E+1
9.071269E+2	1.509517E+1
9.073710E+2	1.504052E+1
9.076151E+2	1.494216E+1
9.078592E+2	1.503506E+1
9.081033E+2	1.473997E+1
9.083474E+2	1.486566E+1
9.085915E+2	1.470719E+1
9.088355E+2	1.464161E+1
9.090796E+2	1.467987E+1
9.093236E+2	1.474544E+1
9.095677E+2	1.489844E+1
9.098117E+2	1.478369E+1
9.100557E+2	1.490391E+1
9.102997E+2	1.490937E+1
9.105437E+2	1.473997E+1
9.107877E+2	1.483834E+1
9.110317E+2	1.499134E+1
9.112757E+2	1.499134E+1
9.115197E+2	1.486566E+1
9.117636E+2	1.480008E+1
9.120076E+2	1.490391E+1
9.122515E+2	1.464708E+1
9.124954E+2	1.431921E+1
9.127393E+2	1.434653E+1
9.129832E+2	1.440118E+1
9.132271E+2	1.435746E+1
9.134710E+2	1.449407E+1
9.137149E+2	1.442850E+1
9.139588E+2	1.430828E+1
9.142026E+2	1.433560E+1
9.144465E+2	1.429189E+1
9.146903E+2	1.451593E+1
9.149342E+2	1.442303E+1
9.151780E+2	1.443396E+1
9.154218E+2	1.438478E+1
9.156656E+2	1.442303E+1
9.159094E+2	1.457058E+1
9.161532E+2	1.464161E+1
9.163970E+2	1.465801E+1
9.166408E+2	1.454325E+1
9.168845E+2	1.461976E+1
9.171283E+2	1.443396E+1
9.173720E+2	1.412249E+1
9.176157E+2	1.427003E+1
9.178595E+2	1.447768E+1
9.181032E+2	1.459790E+1
9.183469E+2	1.430282E+1
9.185906E+2	1.434653E+1
9.188343E+2	1.443943E+1
9.190779E+2	1.445036E+1
9.193216E+2	1.439571E+1
9.195653E+2	1.414981E+1
9.198089E+2	1.409517E+1
9.200525E+2	1.412249E+1
9.202962E+2	1.419353E+1
9.205398E+2	1.416620E+1
9.207834E+2	1.411156E+1
9.210270E+2	1.411702E+1
9.212706E+2	1.429735E+1
9.215142E+2	1.430282E+1
9.217577E+2	1.416620E+1
9.220013E+2	1.416074E+1
9.222449E+2	1.387112E+1
9.224884E+2	1.377823E+1
9.227319E+2	1.376730E+1
9.229755E+2	1.363069E+1
9.232190E+2	1.328096E+1
9.234625E+2	1.320992E+1
9.237060E+2	1.302959E+1
9.239495E+2	1.296402E+1
9.241930E+2	1.277823E+1
9.244364E+2	1.265801E+1
9.246799E+2	1.279462E+1
9.249233E+2	1.267987E+1
9.251668E+2	1.261976E+1
9.254102E+2	1.239025E+1
9.256536E+2	1.216620E+1
9.258971E+2	1.212795E+1
9.261405E+2	1.208970E+1
9.263839E+2	1.217167E+1
9.266272E+2	1.204052E+1
9.268706E+2	1.192577E+1
9.271140E+2	1.196402E+1
9.273573E+2	1.197495E+1
9.276007E+2	1.193123E+1
9.278440E+2	1.187112E+1
9.280874E+2	1.190937E+1
9.283307E+2	1.178916E+1
9.285740E+2	1.179462E+1
9.288173E+2	1.175090E+1
9.290606E+2	1.170719E+1
9.293039E+2	1.173451E+1
9.295471E+2	1.159243E+1
9.297904E+2	1.169079E+1
9.300337E+2	1.173997E+1
9.302769E+2	1.175637E+1
9.305201E+2	1.160336E+1
9.307634E+2	1.139571E+1
9.310066E+2	1.142850E+1
9.312498E+2	1.158150E+1
9.314930E+2	1.172358E+1
9.317362E+2	1.157604E+1
9.319794E+2	1.172905E+1
9.322225E+2	1.192577E+1
9.324657E+2	1.176730E+1
9.327088E+2	1.161976E+1
9.329520E+2	1.145582E+1
9.331951E+2	1.179462E+1
9.334382E+2	1.193670E+1
9.336814E+2	1.180008E+1
9.339245E+2	1.166894E+1
9.341676E+2	1.161976E+1
9.344106E+2	1.166894E+1
9.346537E+2	1.142303E+1
9.348968E+2	1.142303E+1
9.351398E+2	1.153232E+1
9.353829E+2	1.161429E+1
9.356259E+2	1.159790E+1
9.358690E+2	1.170719E+1
9.361120E+2	1.153232E+1
9.363550E+2	1.170719E+1
9.365980E+2	1.180555E+1
9.368410E+2	1.177276E+1
9.370840E+2	1.200227E+1
9.373269E+2	1.192577E+1
9.375699E+2	1.180555E+1
9.378129E+2	1.191484E+1
9.380558E+2	1.198588E+1
9.382987E+2	1.173451E+1
9.385417E+2	1.197495E+1
9.387846E+2	1.165254E+1
9.390275E+2	1.197495E+1
9.392704E+2	1.235200E+1
9.395133E+2	1.257058E+1
9.397562E+2	1.266347E+1
9.399990E+2	1.252686E+1
9.402419E+2	1.278369E+1
9.404847E+2	1.292030E+1
9.407276E+2	1.287659E+1
9.409704E+2	1.287659E+1
9.412132E+2	1.273451E+1
9.414560E+2	1.299681E+1
9.416988E+2	1.296948E+1
9.419416E+2	1.315528E+1
9.421844E+2	1.317713E+1
9.424272E+2	1.315528E+1
9.426700E+2	1.316620E+1
9.429127E+2	1.307877E+1
9.431555E+2	1.311702E+1
9.433982E+2	1.317713E+1
9.436409E+2	1.301866E+1
9.438837E+2	1.307877E+1
9.441264E+2	1.298041E+1
9.443691E+2	1.296948E+1
9.446118E+2	1.305145E+1
9.448544E+2	1.317167E+1
9.450971E+2	1.320992E+1
9.453398E+2	1.329189E+1
9.455824E+2	1.348314E+1
9.458251E+2	1.337932E+1
9.460677E+2	1.334653E+1
9.463103E+2	1.342303E+1
9.465530E+2	1.352686E+1
9.467956E+2	1.344489E+1
9.470382E+2	1.328642E+1
9.472807E+2	1.327549E+1
9.475233E+2	1.314981E+1
9.477659E+2	1.299134E+1
9.480084E+2	1.263069E+1
9.482510E+2	1.246129E+1
9.484935E+2	1.270172E+1
9.487361E+2	1.287112E+1
9.489786E+2	1.295309E+1
9.492211E+2	1.277276E+1
9.494636E+2	1.287112E+1
9.497061E+2	1.267987E+1
9.499486E+2	1.245036E+1
9.501911E+2	1.236839E+1
9.504335E+2	1.234107E+1
9.506760E+2	1.210063E+1
9.509184E+2	1.199681E+1
9.511609E+2	1.196948E+1
9.514033E+2	1.186566E+1
9.516457E+2	1.186019E+1
9.518881E+2	1.188205E+1
9.521305E+2	1.193123E+1
9.523729E+2	1.209517E+1
9.526153E+2	1.231921E+1
9.528576E+2	1.217713E+1
9.531000E+2	1.227549E+1
9.533424E+2	1.229735E+1
9.535847E+2	1.248861E+1
9.538270E+2	1.230282E+1
9.540694E+2	1.189844E+1
9.543117E+2	1.151047E+1
9.545540E+2	1.145036E+1
9.547963E+2	1.155965E+1
9.550386E+2	1.175090E+1
9.552808E+2	1.166347E+1
9.555231E+2	1.174544E+1
9.557654E+2	1.161429E+1
9.560076E+2	1.180008E+1
9.562498E+2	1.161429E+1
9.564921E+2	1.182741E+1
9.567343E+2	1.153779E+1
9.569765E+2	1.153779E+1
9.572187E+2	1.142850E+1
9.574609E+2	1.127549E+1
9.577031E+2	1.109517E+1
9.579452E+2	1.100773E+1
9.581874E+2	1.089844E+1
9.584296E+2	1.115528E+1
9.586717E+2	1.124817E+1
9.589138E+2	1.122085E+1
9.591560E+2	1.112795E+1
9.593981E+2	1.104052E+1
9.596402E+2	1.099134E+1
9.598823E+2	1.096402E+1
9.601244E+2	1.086566E+1
9.603664E+2	1.077276E+1
9.606085E+2	1.070172E+1
9.608506E+2	1.049407E+1
9.610926E+2	1.039025E+1
9.613347E+2	1.024817E+1
9.615767E+2	1.008424E+1
9.618187E+2	1.035200E+1
9.620607E+2	1.026456E+1
9.623027E+2	1.040664E+1
9.625447E+2	1.058150E+1
9.627867E+2	1.071265E+1
9.630287E+2	1.046675E+1
9.632706E+2	1.024817E+1
9.635126E+2	1.022631E+1
9.637545E+2	1.002959E+1
9.639965E+2	1.031375E+1
9.642384E+2	1.021538E+1
9.644803E+2	1.038478E+1
9.647222E+2	1.041757E+1
9.649641E+2	1.026456E+1
9.652060E+2	1.024271E+1
9.654479E+2	1.034653E+1
9.656897E+2	1.030828E+1
9.659316E+2	9.936696E+0
9.661734E+2	9.794620E+0
9.664153E+2	9.647079E+0
9.666571E+2	9.319210E+0
9.668989E+2	9.472215E+0
9.671408E+2	9.614292E+0
9.673826E+2	9.379319E+0
9.676243E+2	9.794620E+0
9.678661E+2	9.898445E+0
9.681079E+2	9.849264E+0
9.683497E+2	9.882051E+0
9.685914E+2	1.004052E+1
9.688332E+2	1.019899E+1
9.690749E+2	1.055418E+1
9.693166E+2	1.042303E+1
9.695583E+2	1.039025E+1
9.698001E+2	1.010609E+1
9.700417E+2	9.953090E+0
9.702834E+2	9.652543E+0
9.705251E+2	9.936696E+0
9.707668E+2	9.980412E+0
9.710084E+2	9.821942E+0
9.712501E+2	9.701723E+0
9.714917E+2	1.006784E+1
9.717334E+2	1.001866E+1
9.719750E+2	1.002959E+1
9.722166E+2	1.011702E+1
9.724582E+2	1.034653E+1
9.726998E+2	1.037932E+1
9.729414E+2	1.035200E+1
9.731830E+2	1.006784E+1
9.734245E+2	9.969483E+0
9.736661E+2	1.004052E+1
9.739076E+2	1.032467E+1
9.741492E+2	1.033560E+1
9.743907E+2	1.038478E+1
9.746322E+2	1.043943E+1
9.748737E+2	1.052686E+1
9.751152E+2	1.065254E+1
9.753567E+2	1.082194E+1
9.755982E+2	1.098041E+1
9.758396E+2	1.095309E+1
9.760811E+2	1.105691E+1
9.763226E+2	1.132467E+1
9.765640E+2	1.101320E+1
9.768054E+2	1.078369E+1
9.770468E+2	1.048861E+1
9.772883E+2	1.051593E+1
9.775297E+2	1.039025E+1
9.777711E+2	1.060336E+1
9.780124E+2	1.056511E+1
9.782538E+2	1.051593E+1
9.784952E+2	1.051047E+1
9.787365E+2	1.028642E+1
9.789779E+2	1.034107E+1
9.792192E+2	1.049407E+1
9.794605E+2	1.045036E+1
9.797019E+2	1.067987E+1
9.799432E+2	1.067440E+1
9.801845E+2	1.070172E+1
9.804257E+2	1.075637E+1
9.806670E+2	1.093123E+1
9.809083E+2	1.115528E+1
9.811496E+2	1.136839E+1
9.813908E+2	1.146129E+1
9.816320E+2	1.143396E+1
9.818733E+2	1.120992E+1
9.821145E+2	1.119353E+1
9.823557E+2	1.096402E+1
9.825969E+2	1.076183E+1
9.828381E+2	1.065801E+1
9.830793E+2	1.080555E+1
9.833205E+2	1.059243E+1
9.835616E+2	1.037385E+1
9.838028E+2	1.010609E+1
9.840439E+2	1.025364E+1
9.842851E+2	1.007331E+1
9.845262E+2	1.002959E+1
9.847673E+2	9.909374E+0
9.850084E+2	9.942161E+0
9.852495E+2	9.903909E+0
9.854906E+2	9.816478E+0
9.857317E+2	9.854729E+0
9.859727E+2	9.783691E+0
9.862138E+2	9.832871E+0
9.864549E+2	9.936696E+0
9.866959E+2	9.947625E+0
9.869369E+2	9.898445E+0
9.871779E+2	9.729046E+0
9.874190E+2	9.559647E+0
9.876600E+2	9.630685E+0
9.879010E+2	9.996805E+0
9.881419E+2	9.942161E+0
9.883829E+2	9.991341E+0
9.886239E+2	9.734510E+0
9.888648E+2	9.658008E+0
9.891058E+2	9.789155E+0
9.893467E+2	9.865658E+0
9.895876E+2	9.953090E+0
9.898285E+2	9.811013E+0
9.900695E+2	9.570576E+0
9.903104E+2	9.619756E+0
9.905512E+2	9.739975E+0
9.907921E+2	9.838335E+0
9.910330E+2	9.843800E+0
9.912738E+2	1.006238E+1
9.915147E+2	1.048314E+1
9.917555E+2	1.081648E+1
9.919964E+2	1.093123E+1
9.922372E+2	1.112795E+1
9.924780E+2	1.111702E+1
9.927188E+2	1.114981E+1
9.929596E+2	1.130828E+1
9.932004E+2	1.135200E+1
9.934411E+2	1.131375E+1
9.936819E+2	1.113342E+1
9.939227E+2	1.096948E+1
9.941634E+2	1.114435E+1
9.944041E+2	1.116074E+1
9.946449E+2	1.135200E+1
9.948856E+2	1.130282E+1
9.951263E+2	1.123724E+1
9.953670E+2	1.148861E+1
9.956077E+2	1.146129E+1
9.958483E+2	1.153779E+1
9.960890E+2	1.165801E+1
9.963297E+2	1.161976E+1
9.965703E+2	1.155418E+1
9.968109E+2	1.177276E+1
9.970516E+2	1.171265E+1
9.972922E+2	1.191484E+1
9.975328E+2	1.182741E+1
9.977734E+2	1.160883E+1
9.980140E+2	1.153779E+1
9.982546E+2	1.160336E+1
9.984951E+2	1.154872E+1
9.987357E+2	1.129735E+1
9.989763E+2	1.158697E+1
9.992168E+2	1.169626E+1
9.994573E+2	1.191484E+1
9.996978E+2	1.190937E+1
9.999384E+2	1.165254E+1
1.000179E+3	1.140664E+1
1.000419E+3	1.151047E+1
1.000660E+3	1.159243E+1
1.000900E+3	1.136839E+1
1.001141E+3	1.135746E+1
1.001381E+3	1.134107E+1
1.001622E+3	1.141757E+1
1.001862E+3	1.176730E+1
1.002103E+3	1.187112E+1
1.002343E+3	1.195855E+1
1.002583E+3	1.184926E+1
1.002824E+3	1.176183E+1
1.003064E+3	1.179462E+1
1.003305E+3	1.198041E+1
1.003545E+3	1.191484E+1
1.003785E+3	1.166894E+1
1.004026E+3	1.134107E+1
1.004266E+3	1.127003E+1
1.004506E+3	1.143943E+1
1.004747E+3	1.172358E+1
1.004987E+3	1.166347E+1
1.005227E+3	1.168533E+1
1.005468E+3	1.142303E+1
1.005708E+3	1.134107E+1
1.005948E+3	1.122085E+1
1.006188E+3	1.111702E+1
1.006429E+3	1.121538E+1
1.006669E+3	1.111702E+1
1.006909E+3	1.111156E+1
1.007149E+3	1.124271E+1
1.007390E+3	1.136839E+1
1.007630E+3	1.120992E+1
1.007870E+3	1.118260E+1
1.008110E+3	1.111702E+1
1.008350E+3	1.138478E+1
1.008590E+3	1.155418E+1
1.008831E+3	1.145036E+1
1.009071E+3	1.149407E+1
1.009311E+3	1.125364E+1
1.009551E+3	1.116620E+1
1.009791E+3	1.122631E+1
1.010031E+3	1.110609E+1
1.010271E+3	1.123724E+1
1.010511E+3	1.102959E+1
1.010752E+3	1.104599E+1
1.010992E+3	1.095309E+1
1.011232E+3	1.120992E+1
1.011472E+3	1.104052E+1
1.011712E+3	1.095855E+1
1.011952E+3	1.105691E+1
1.012192E+3	1.115528E+1
1.012432E+3	1.117713E+1
1.012672E+3	1.125364E+1
1.012912E+3	1.156511E+1
1.013152E+3	1.175090E+1
1.013392E+3	1.190937E+1
1.013632E+3	1.156511E+1
1.013872E+3	1.152686E+1
1.014112E+3	1.155418E+1
1.014352E+3	1.171812E+1
1.014591E+3	1.180555E+1
1.014831E+3	1.190937E+1
1.015071E+3	1.188205E+1
1.015311E+3	1.167440E+1
1.015551E+3	1.173997E+1
1.015791E+3	1.175637E+1
1.016031E+3	1.194763E+1
1.016271E+3	1.205691E+1
1.016511E+3	1.179462E+1
1.016750E+3	1.193123E+1
1.016990E+3	1.193670E+1
1.017230E+3	1.192030E+1
1.017470E+3	1.206238E+1
1.017710E+3	1.214435E+1
1.017949E+3	1.213342E+1
1.018189E+3	1.234653E+1
1.018429E+3	1.221538E+1
1.018669E+3	1.240118E+1
1.018908E+3	1.233014E+1
1.019148E+3	1.213342E+1
1.019388E+3	1.192577E+1
1.019628E+3	1.206238E+1
1.019867E+3	1.198041E+1
1.020107E+3	1.217713E+1
1.020347E+3	1.199134E+1
1.020586E+3	1.184926E+1
1.020826E+3	1.168533E+1
1.021066E+3	1.139025E+1
1.021305E+3	1.136293E+1
1.021545E+3	1.142303E+1
1.021785E+3	1.135200E+1
1.022024E+3	1.129189E+1
1.022264E+3	1.143943E+1
1.022504E+3	1.163615E+1
1.022743E+3	1.176730E+1
1.022983E+3	1.173997E+1
1.023222E+3	1.154872E+1
1.023462E+3	1.145036E+1
1.023702E+3	1.120446E+1
1.023941E+3	1.139025E+1
1.024181E+3	1.146675E+1
1.024420E+3	1.126456E+1
1.024660E+3	1.128642E+1
1.024899E+3	1.114435E+1
1.025139E+3	1.124817E+1
1.025378E+3	1.111702E+1
1.025618E+3	1.123724E+1
1.025857E+3	1.120992E+1
1.026097E+3	1.106784E+1
1.026336E+3	1.122085E+1
1.026575E+3	1.137385E+1
1.026815E+3	1.129189E+1
1.027054E+3	1.134107E+1
1.027294E+3	1.134653E+1
1.027533E+3	1.100227E+1
1.027773E+3	1.089844E+1
1.028012E+3	1.101866E+1
1.028251E+3	1.128642E+1
1.028491E+3	1.154872E+1
1.028730E+3	1.152686E+1
1.028969E+3	1.146675E+1
1.029209E+3	1.142850E+1
1.029448E+3	1.158697E+1
1.029687E+3	1.183287E+1
1.029927E+3	1.193123E+1
1.030166E+3	1.176183E+1
1.030405E+3	1.158697E+1
1.030645E+3	1.144489E+1
1.030884E+3	1.129735E+1
1.031123E+3	1.118260E+1
1.031362E+3	1.090391E+1
1.031602E+3	1.114981E+1
1.031841E+3	1.106238E+1
1.032080E+3	1.094216E+1
1.032319E+3	1.058150E+1
1.032558E+3	1.064708E+1
1.032798E+3	1.037385E+1
1.033037E+3	1.044489E+1
1.033276E+3	1.031921E+1
1.033515E+3	1.036293E+1
1.033754E+3	1.032467E+1
1.033993E+3	1.035746E+1
1.034233E+3	1.005691E+1
1.034472E+3	9.958554E+0
1.034711E+3	9.903909E+0
1.034950E+3	1.001320E+1
1.035189E+3	1.008970E+1
1.035428E+3	1.018260E+1
1.035667E+3	1.027549E+1
1.035906E+3	1.018260E+1
1.036145E+3	1.031921E+1
1.036384E+3	1.025910E+1
1.036623E+3	1.022085E+1
1.036862E+3	1.013888E+1
1.037101E+3	9.838335E+0
1.037340E+3	9.827406E+0
1.037579E+3	9.745439E+0
1.037818E+3	9.636150E+0
1.038057E+3	9.483144E+0
1.038296E+3	9.472215E+0
1.038535E+3	9.319210E+0
1.038774E+3	9.379319E+0
1.039013E+3	9.466751E+0
1.039252E+3	9.198991E+0
1.039491E+3	9.177133E+0
1.039730E+3	9.051450E+0
1.039969E+3	9.406641E+0
1.040208E+3	9.242707E+0
1.040447E+3	9.051450E+0
1.040685E+3	9.264565E+0
1.040924E+3	9.122488E+0
1.041163E+3	8.920303E+0
1.041402E+3	8.696259E+0
1.041641E+3	8.712652E+0
1.041880E+3	8.843800E+0
1.042118E+3	9.051450E+0
1.042357E+3	9.040521E+0
1.042596E+3	8.947625E+0
1.042835E+3	8.707188E+0
1.043074E+3	8.351997E+0
1.043312E+3	8.182598E+0
1.043551E+3	8.045986E+0
1.043790E+3	8.171669E+0
1.044029E+3	8.111559E+0
1.044267E+3	7.783691E+0
1.044506E+3	7.903909E+0
1.044745E+3	7.969483E+0
1.044983E+3	8.171669E+0
1.045222E+3	7.974947E+0
1.045461E+3	8.253636E+0
1.045699E+3	8.259100E+0
1.045938E+3	8.095166E+0
1.046177E+3	7.543253E+0
1.046415E+3	7.494073E+0
1.046654E+3	7.455822E+0
1.046893E+3	7.712652E+0
1.047131E+3	7.614292E+0
1.047370E+3	7.734510E+0
1.047608E+3	7.811013E+0
1.047847E+3	8.100631E+0
1.048086E+3	8.007734E+0
1.048324E+3	8.308281E+0
1.048563E+3	8.297352E+0
1.048801E+3	8.384784E+0
1.049040E+3	8.494073E+0
1.049278E+3	8.395712E+0
1.049517E+3	8.477680E+0
1.049755E+3	8.729046E+0
1.049994E+3	8.718117E+0
1.050232E+3	8.668937E+0
1.050471E+3	8.663472E+0
1.050709E+3	8.346532E+0
1.050948E+3	8.455822E+0
1.051186E+3	8.554182E+0
1.051424E+3	8.450357E+0
1.051663E+3	8.521396E+0
1.051901E+3	8.559647E+0
1.052140E+3	8.718117E+0
1.052378E+3	9.062379E+0
1.052616E+3	9.122488E+0
1.052855E+3	9.204456E+0
1.053093E+3	9.297352E+0
1.053332E+3	9.209920E+0
1.053570E+3	9.286423E+0
1.053808E+3	9.526860E+0
1.054047E+3	9.450357E+0
1.054285E+3	9.586969E+0
1.054523E+3	9.264565E+0
1.054761E+3	9.242707E+0
1.055000E+3	9.270029E+0
1.055238E+3	9.193527E+0
1.055476E+3	9.264565E+0
1.055715E+3	9.242707E+0
1.055953E+3	9.412106E+0
1.056191E+3	9.204456E+0
1.056429E+3	9.215385E+0
1.056667E+3	8.991341E+0
1.056906E+3	9.171669E+0
1.057144E+3	9.100631E+0
1.057382E+3	9.177133E+0
1.057620E+3	9.423035E+0
1.057858E+3	9.505002E+0
1.058097E+3	9.586969E+0
1.058335E+3	9.351997E+0
1.058573E+3	9.390248E+0
1.058811E+3	9.537789E+0
1.059049E+3	9.652543E+0
1.059287E+3	9.756368E+0
1.059525E+3	9.658008E+0
1.059763E+3	9.521396E+0
1.060001E+3	9.297352E+0
1.060239E+3	9.412106E+0
1.060478E+3	9.619756E+0
1.060716E+3	9.805549E+0
1.060954E+3	1.005145E+1
1.061192E+3	1.002413E+1
1.061430E+3	9.969483E+0
1.061668E+3	9.854729E+0
1.061906E+3	9.854729E+0
1.062144E+3	9.964018E+0
1.062382E+3	9.674401E+0
1.062620E+3	9.838335E+0
1.062858E+3	9.335603E+0
1.063096E+3	9.160740E+0
1.063333E+3	8.871122E+0
1.063571E+3	8.603363E+0
1.063809E+3	8.723581E+0
1.064047E+3	8.783691E+0
1.064285E+3	8.592434E+0
1.064523E+3	8.499538E+0
1.064761E+3	8.559647E+0
1.064999E+3	8.477680E+0
1.065237E+3	8.401177E+0
1.065474E+3	8.351997E+0
1.065712E+3	8.193527E+0
1.065950E+3	8.062379E+0
1.066188E+3	7.942161E+0
1.066426E+3	7.756368E+0
1.066664E+3	7.450357E+0
1.066901E+3	7.177133E+0
1.067139E+3	7.215385E+0
1.067377E+3	7.248172E+0
1.067615E+3	7.297352E+0
1.067852E+3	7.368390E+0
1.068090E+3	7.138882E+0
1.068328E+3	6.980412E+0
1.068566E+3	6.832871E+0
1.068803E+3	6.641614E+0
1.069041E+3	6.537789E+0
1.069279E+3	6.647079E+0
1.069516E+3	6.444893E+0
1.069754E+3	6.373855E+0
1.069992E+3	6.242707E+0
1.070229E+3	6.106095E+0
1.070467E+3	6.171669E+0
1.070705E+3	6.341068E+0
1.070942E+3	6.188062E+0
1.071180E+3	6.313745E+0
1.071418E+3	5.991341E+0
1.071655E+3	5.903909E+0
1.071893E+3	5.794620E+0
1.072130E+3	5.707188E+0
1.072368E+3	5.767297E+0
1.072605E+3	5.745439E+0
1.072843E+3	5.882051E+0
1.073081E+3	5.723581E+0
1.073318E+3	5.663472E+0
1.073556E+3	5.494073E+0
1.073793E+3	5.417570E+0
1.074031E+3	5.417570E+0
1.074268E+3	5.658008E+0
1.074506E+3	5.811013E+0
1.074743E+3	5.843800E+0
1.074981E+3	5.876587E+0
1.075218E+3	5.969483E+0
1.075455E+3	5.794620E+0
1.075693E+3	5.860193E+0
1.075930E+3	5.871122E+0
1.076168E+3	5.783691E+0
1.076405E+3	5.931232E+0
1.076642E+3	5.931232E+0
1.076880E+3	6.084237E+0
1.077117E+3	5.996805E+0
1.077355E+3	6.248172E+0
1.077592E+3	6.488609E+0
1.077829E+3	6.707188E+0
1.078067E+3	6.871122E+0
1.078304E+3	6.909374E+0
1.078541E+3	6.953090E+0
1.078779E+3	6.871122E+0
1.079016E+3	7.084237E+0
1.079253E+3	7.095166E+0
1.079490E+3	7.084237E+0
1.079728E+3	7.373855E+0
1.079965E+3	7.231778E+0
1.080202E+3	7.253636E+0
1.080439E+3	7.379319E+0
1.080677E+3	7.543253E+0
1.080914E+3	7.739975E+0
1.081151E+3	8.007734E+0
1.081388E+3	8.084237E+0
1.081625E+3	8.188062E+0
1.081863E+3	8.127953E+0
1.082100E+3	8.122488E+0
1.082337E+3	8.007734E+0
1.082574E+3	8.177133E+0
1.082811E+3	8.341068E+0
1.083048E+3	8.592434E+0
1.083285E+3	8.543253E+0
1.083522E+3	8.750904E+0
1.083760E+3	8.800084E+0
1.083997E+3	9.188062E+0
1.084234E+3	9.253636E+0
1.084471E+3	9.417570E+0
1.084708E+3	9.483144E+0
1.084945E+3	9.537789E+0
1.085182E+3	9.433964E+0
1.085419E+3	9.395712E+0
1.085656E+3	9.603363E+0
1.085893E+3	9.811013E+0
1.086130E+3	1.006784E+1
1.086367E+3	1.031921E+1
1.086604E+3	1.030828E+1
1.086841E+3	1.022631E+1
1.087078E+3	1.012249E+1
1.087315E+3	1.019899E+1
1.087552E+3	1.025364E+1
1.087789E+3	1.016074E+1
1.088026E+3	9.882051E+0
1.088262E+3	9.767297E+0
1.088499E+3	9.843800E+0
1.088736E+3	9.865658E+0
1.088973E+3	9.696259E+0
1.089210E+3	9.783691E+0
1.089447E+3	9.838335E+0
1.089684E+3	9.783691E+0
1.089921E+3	9.843800E+0
1.090157E+3	1.000227E+1
1.090394E+3	9.931232E+0
1.090631E+3	1.000773E+1
1.090868E+3	9.996805E+0
1.091105E+3	9.909374E+0
1.091341E+3	9.903909E+0
1.091578E+3	9.811013E+0
1.091815E+3	9.543253E+0
1.092052E+3	9.586969E+0
1.092288E+3	9.674401E+0
1.092525E+3	9.690794E+0
1.092762E+3	9.384784E+0
1.092999E+3	9.062379E+0
1.093235E+3	9.182598E+0
1.093472E+3	8.925767E+0
1.093709E+3	8.734510E+0
1.093945E+3	8.860193E+0
1.094182E+3	8.821942E+0
1.094419E+3	8.882051E+0
1.094655E+3	8.903909E+0
1.094892E+3	9.035057E+0
1.095128E+3	9.051450E+0
1.095365E+3	8.996805E+0
1.095602E+3	8.772762E+0
1.095838E+3	8.647079E+0
1.096075E+3	8.461286E+0
1.096311E+3	8.395712E+0
1.096548E+3	8.106095E+0
1.096784E+3	8.040521E+0
1.097021E+3	8.084237E+0
1.097258E+3	7.936696E+0
1.097494E+3	7.701723E+0
1.097731E+3	7.729046E+0
1.097967E+3	7.707188E+0
1.098204E+3	7.696259E+0
1.098440E+3	7.455822E+0
1.098677E+3	7.734510E+0
1.098913E+3	7.800084E+0
1.099149E+3	7.898445E+0
1.099386E+3	7.794620E+0
1.099622E+3	7.969483E+0
1.099859E+3	7.958554E+0
1.100095E+3	7.608827E+0
1.100332E+3	7.505002E+0
1.100568E+3	7.395712E+0
1.100804E+3	7.297352E+0
1.101041E+3	7.117024E+0
1.101277E+3	7.248172E+0
1.101513E+3	7.406641E+0
1.101750E+3	7.543253E+0
1.101986E+3	7.843800E+0
1.102222E+3	7.964018E+0
1.102459E+3	8.302816E+0
1.102695E+3	8.597898E+0
1.102931E+3	8.761833E+0
1.103168E+3	8.685330E+0
1.103404E+3	8.832871E+0
1.103640E+3	8.658008E+0
1.103876E+3	8.614292E+0
1.104113E+3	8.789155E+0
1.104349E+3	8.734510E+0
1.104585E+3	8.745439E+0
1.104821E+3	8.690794E+0
1.105057E+3	8.597898E+0
1.105294E+3	8.526860E+0
1.105530E+3	8.401177E+0
1.105766E+3	8.357461E+0
1.106002E+3	8.515931E+0
1.106238E+3	8.887516E+0
1.106474E+3	8.887516E+0
1.106711E+3	8.865658E+0
1.106947E+3	8.789155E+0
1.107183E+3	8.750904E+0
1.107419E+3	8.756368E+0
1.107655E+3	8.592434E+0
1.107891E+3	8.920303E+0
1.108127E+3	8.820513E-1
1.108363E+3	1.021538E+1
1.108599E+3	9.548718E+0
1.108835E+3	2.021538E+1
1.109071E+3	2.288205E+1
1.109307E+3	1.121538E+1
1.109543E+3	1.321538E+1
1.109779E+3	2.188205E+1
1.110015E+3	1.988205E+1
1.110251E+3	4.548718E+0
1.110487E+3	1.754872E+1
1.110723E+3	4.215385E+0
1.110959E+3	1.021538E+1
1.111195E+3	2.188205E+1
1.111431E+3	9.882051E+0
1.111667E+3	1.554872E+1
1.111903E+3	8.820513E-1
1.112139E+3	-1.117949E+0
1.112375E+3	1.021538E+1
1.112611E+3	2.548718E+0
1.112847E+3	1.054872E+1
1.113082E+3	1.354872E+1
1.113318E+3	1.421538E+1
1.113554E+3	1.088205E+1
1.113790E+3	5.882051E+0
1.114026E+3	1.548718E+0
1.114262E+3	-8.451282E+0
1.114497E+3	-1.179487E-1
1.114733E+3	2.548718E+0
1.114969E+3	1.921538E+1
