1.951292E+2	0.000000E+0
1.953960E+2	0.000000E+0
1.956629E+2	0.000000E+0
1.959298E+2	0.000000E+0
1.961966E+2	0.000000E+0
1.964635E+2	0.000000E+0
1.967303E+2	0.000000E+0
1.969972E+2	0.000000E+0
1.972640E+2	0.000000E+0
1.975308E+2	0.000000E+0
1.977977E+2	0.000000E+0
1.980645E+2	0.000000E+0
1.983313E+2	0.000000E+0
1.985981E+2	0.000000E+0
1.988649E+2	0.000000E+0
1.991316E+2	0.000000E+0
1.993984E+2	0.000000E+0
1.996652E+2	0.000000E+0
1.999320E+2	0.000000E+0
2.001987E+2	0.000000E+0
2.004655E+2	0.000000E+0
2.007322E+2	0.000000E+0
2.009989E+2	0.000000E+0
2.012657E+2	0.000000E+0
2.015324E+2	0.000000E+0
2.017991E+2	0.000000E+0
2.020658E+2	0.000000E+0
2.023325E+2	0.000000E+0
2.025992E+2	0.000000E+0
2.028659E+2	0.000000E+0
2.031326E+2	0.000000E+0
2.033992E+2	0.000000E+0
2.036659E+2	0.000000E+0
2.039325E+2	0.000000E+0
2.041992E+2	0.000000E+0
2.044658E+2	0.000000E+0
2.047325E+2	0.000000E+0
2.049991E+2	0.000000E+0
2.052657E+2	0.000000E+0
2.055323E+2	0.000000E+0
2.057989E+2	0.000000E+0
2.060655E+2	0.000000E+0
2.063321E+2	0.000000E+0
2.065987E+2	0.000000E+0
2.068653E+2	0.000000E+0
2.071319E+2	0.000000E+0
2.073984E+2	0.000000E+0
2.076650E+2	0.000000E+0
2.079315E+2	0.000000E+0
2.081981E+2	0.000000E+0
2.084646E+2	0.000000E+0
2.087311E+2	0.000000E+0
2.089977E+2	0.000000E+0
2.092642E+2	0.000000E+0
2.095307E+2	0.000000E+0
2.097972E+2	0.000000E+0
2.100637E+2	0.000000E+0
2.103302E+2	0.000000E+0
2.105966E+2	0.000000E+0
2.108631E+2	0.000000E+0
2.111296E+2	0.000000E+0
2.113960E+2	0.000000E+0
2.116625E+2	0.000000E+0
2.119289E+2	0.000000E+0
2.121954E+2	0.000000E+0
2.124618E+2	0.000000E+0
2.127282E+2	0.000000E+0
2.129946E+2	0.000000E+0
2.132610E+2	0.000000E+0
2.135274E+2	0.000000E+0
2.137938E+2	0.000000E+0
2.140602E+2	0.000000E+0
2.143266E+2	0.000000E+0
2.145930E+2	0.000000E+0
2.148593E+2	0.000000E+0
2.151257E+2	0.000000E+0
2.153920E+2	0.000000E+0
2.156584E+2	0.000000E+0
2.159247E+2	0.000000E+0
2.161910E+2	0.000000E+0
2.164574E+2	0.000000E+0
2.167237E+2	0.000000E+0
2.169900E+2	0.000000E+0
2.172563E+2	0.000000E+0
2.175226E+2	0.000000E+0
2.177889E+2	0.000000E+0
2.180551E+2	0.000000E+0
2.183214E+2	0.000000E+0
2.185877E+2	0.000000E+0
2.188539E+2	0.000000E+0
2.191202E+2	0.000000E+0
2.193864E+2	0.000000E+0
2.196527E+2	0.000000E+0
2.199189E+2	0.000000E+0
2.201851E+2	0.000000E+0
2.204513E+2	0.000000E+0
2.207175E+2	0.000000E+0
2.209837E+2	0.000000E+0
2.212499E+2	0.000000E+0
2.215161E+2	0.000000E+0
2.217823E+2	0.000000E+0
2.220485E+2	0.000000E+0
2.223146E+2	0.000000E+0
2.225808E+2	0.000000E+0
2.228469E+2	0.000000E+0
2.231131E+2	0.000000E+0
2.233792E+2	0.000000E+0
2.236453E+2	0.000000E+0
2.239115E+2	0.000000E+0
2.241776E+2	0.000000E+0
2.244437E+2	0.000000E+0
2.247098E+2	0.000000E+0
2.249759E+2	0.000000E+0
2.252420E+2	0.000000E+0
2.255080E+2	0.000000E+0
2.257741E+2	0.000000E+0
2.260402E+2	0.000000E+0
2.263062E+2	0.000000E+0
2.265723E+2	0.000000E+0
2.268383E+2	0.000000E+0
2.271044E+2	0.000000E+0
2.273704E+2	0.000000E+0
2.276364E+2	0.000000E+0
2.279024E+2	0.000000E+0
2.281684E+2	0.000000E+0
2.284344E+2	0.000000E+0
2.287004E+2	0.000000E+0
2.289664E+2	0.000000E+0
2.292324E+2	0.000000E+0
2.294984E+2	0.000000E+0
2.297643E+2	0.000000E+0
2.300303E+2	0.000000E+0
2.302962E+2	0.000000E+0
2.305622E+2	0.000000E+0
2.308281E+2	0.000000E+0
2.310940E+2	0.000000E+0
2.313599E+2	0.000000E+0
2.316259E+2	0.000000E+0
2.318918E+2	0.000000E+0
2.321577E+2	0.000000E+0
2.324236E+2	0.000000E+0
2.326894E+2	0.000000E+0
2.329553E+2	0.000000E+0
2.332212E+2	0.000000E+0
2.334871E+2	0.000000E+0
2.337529E+2	0.000000E+0
2.340188E+2	0.000000E+0
2.342846E+2	0.000000E+0
2.345504E+2	0.000000E+0
2.348163E+2	0.000000E+0
2.350821E+2	0.000000E+0
2.353479E+2	0.000000E+0
2.356137E+2	0.000000E+0
2.358795E+2	0.000000E+0
2.361453E+2	0.000000E+0
2.364111E+2	0.000000E+0
2.366769E+2	0.000000E+0
2.369426E+2	0.000000E+0
2.372084E+2	0.000000E+0
2.374741E+2	0.000000E+0
2.377399E+2	0.000000E+0
2.380056E+2	0.000000E+0
2.382714E+2	0.000000E+0
2.385371E+2	0.000000E+0
2.388028E+2	0.000000E+0
2.390685E+2	0.000000E+0
2.393342E+2	0.000000E+0
2.395999E+2	0.000000E+0
2.398656E+2	0.000000E+0
2.401313E+2	0.000000E+0
2.403970E+2	0.000000E+0
2.406626E+2	0.000000E+0
2.409283E+2	0.000000E+0
2.411940E+2	0.000000E+0
2.414596E+2	0.000000E+0
2.417252E+2	0.000000E+0
2.419909E+2	0.000000E+0
2.422565E+2	0.000000E+0
2.425221E+2	0.000000E+0
2.427877E+2	0.000000E+0
2.430533E+2	0.000000E+0
2.433189E+2	0.000000E+0
2.435845E+2	0.000000E+0
2.438501E+2	0.000000E+0
2.441157E+2	0.000000E+0
2.443812E+2	0.000000E+0
2.446468E+2	0.000000E+0
2.449124E+2	0.000000E+0
2.451779E+2	0.000000E+0
2.454434E+2	0.000000E+0
2.457090E+2	0.000000E+0
2.459745E+2	0.000000E+0
2.462400E+2	0.000000E+0
2.465055E+2	0.000000E+0
2.467710E+2	0.000000E+0
2.470365E+2	0.000000E+0
2.473020E+2	0.000000E+0
2.475675E+2	0.000000E+0
2.478330E+2	0.000000E+0
2.480984E+2	0.000000E+0
2.483639E+2	0.000000E+0
2.486294E+2	0.000000E+0
2.488948E+2	0.000000E+0
2.491602E+2	0.000000E+0
2.494257E+2	0.000000E+0
2.496911E+2	0.000000E+0
2.499565E+2	0.000000E+0
2.502219E+2	2.105170E+0
2.504873E+2	2.290963E+0
2.507527E+2	2.088777E+0
2.510181E+2	2.088777E+0
2.512835E+2	2.143422E+0
2.515489E+2	2.127028E+0
2.518142E+2	1.984952E+0
2.520796E+2	2.367465E+0
2.523449E+2	2.553258E+0
2.526103E+2	2.383859E+0
2.528756E+2	2.312821E+0
2.531409E+2	2.247247E+0
2.534063E+2	2.225389E+0
2.536716E+2	2.427575E+0
2.539369E+2	2.372930E+0
2.542022E+2	2.564187E+0
2.544675E+2	2.345607E+0
2.547328E+2	2.454897E+0
2.549980E+2	2.728121E+0
2.552633E+2	2.400252E+0
2.555286E+2	2.378394E+0
2.557938E+2	2.471290E+0
2.560591E+2	2.831946E+0
2.563243E+2	2.979487E+0
2.565896E+2	2.799159E+0
2.568548E+2	2.782766E+0
2.571200E+2	2.717192E+0
2.573852E+2	2.864733E+0
2.576504E+2	2.520471E+0
2.579156E+2	2.586045E+0
2.581808E+2	2.591509E+0
2.584460E+2	2.635225E+0
2.587112E+2	2.433039E+0
2.589763E+2	2.099706E+0
2.592415E+2	1.771837E+0
2.595067E+2	1.722657E+0
2.597718E+2	1.749979E+0
2.600369E+2	2.001345E+0
2.603021E+2	2.045061E+0
2.605672E+2	2.219924E+0
2.608323E+2	2.405717E+0
2.610974E+2	2.121564E+0
2.613625E+2	2.039596E+0
2.616276E+2	2.203531E+0
2.618927E+2	2.110635E+0
2.621578E+2	2.072383E+0
2.624229E+2	1.859269E+0
2.626880E+2	1.957629E+0
2.629530E+2	2.099706E+0
2.632181E+2	2.203531E+0
2.634831E+2	2.039596E+0
2.637482E+2	2.274569E+0
2.640132E+2	2.345607E+0
2.642782E+2	2.433039E+0
2.645432E+2	2.072383E+0
2.648082E+2	2.110635E+0
2.650732E+2	1.979487E+0
2.653382E+2	1.881127E+0
2.656032E+2	1.853804E+0
2.658682E+2	2.050525E+0
2.661332E+2	2.301892E+0
2.663981E+2	2.274569E+0
2.666631E+2	2.105170E+0
2.669281E+2	2.263640E+0
2.671930E+2	2.116099E+0
2.674579E+2	1.984952E+0
2.677229E+2	2.017739E+0
2.679878E+2	2.039596E+0
2.682527E+2	1.782766E+0
2.685176E+2	1.689870E+0
2.687825E+2	1.755443E+0
2.690474E+2	1.755443E+0
2.693123E+2	1.596974E+0
2.695772E+2	1.487684E+0
2.698420E+2	1.290963E+0
2.701069E+2	1.394788E+0
2.703718E+2	1.323749E+0
2.706366E+2	1.400252E+0
2.709014E+2	1.072383E+0
2.711663E+2	7.773014E-1
2.714311E+2	1.017739E+0
2.716959E+2	1.061454E+0
2.719607E+2	8.483396E-1
2.722255E+2	5.860446E-1
2.724903E+2	4.986129E-1
2.727551E+2	6.406894E-1
2.730199E+2	6.079025E-1
2.732847E+2	7.991593E-1
2.735495E+2	5.915090E-1
2.738142E+2	7.718369E-1
2.740790E+2	6.133670E-1
2.743437E+2	6.680118E-1
2.746085E+2	6.789407E-1
2.748732E+2	9.029844E-1
2.751379E+2	8.210172E-1
2.754026E+2	9.084489E-1
2.756674E+2	7.991593E-1
2.759321E+2	7.663724E-1
2.761968E+2	4.494325E-1
2.764614E+2	4.439681E-1
2.767261E+2	5.915090E-1
2.769908E+2	4.330391E-1
2.772555E+2	5.204708E-1
2.775201E+2	5.587222E-1
2.777848E+2	6.024380E-1
2.780494E+2	6.844052E-1
2.783141E+2	5.969735E-1
2.785787E+2	8.756620E-1
2.788433E+2	9.958806E-1
2.791079E+2	7.335855E-1
2.793725E+2	3.947877E-1
2.796371E+2	3.783943E-1
2.799017E+2	1.270282E-1
2.801663E+2	9.424128E-2
2.804309E+2	1.345103E-3
2.806955E+2	1.980664E-1
2.809600E+2	-2.051282E-2
2.812246E+2	7.238335E-2
2.814891E+2	4.506095E-2
2.817537E+2	-4.237074E-2
2.820182E+2	-2.937369E-1
2.822827E+2	-3.210593E-1
2.825473E+2	-2.445565E-1
2.828118E+2	-2.172341E-1
2.830763E+2	-3.920975E-1
2.833408E+2	-5.013871E-1
2.836053E+2	-3.538462E-1
2.838697E+2	-3.647751E-1
2.841342E+2	-5.341740E-1
2.843987E+2	-6.106768E-1
2.846632E+2	-6.434636E-1
2.849276E+2	-6.598571E-1
2.851921E+2	-4.412778E-1
2.854565E+2	-2.828079E-1
2.857209E+2	-2.281631E-1
2.859853E+2	-3.647751E-1
2.862498E+2	-4.904582E-1
2.865142E+2	-6.707860E-1
2.867786E+2	-5.177806E-1
2.870430E+2	-4.522068E-1
2.873074E+2	-5.833544E-1
2.875717E+2	-6.926440E-1
2.878361E+2	-7.145019E-1
2.881005E+2	-6.543926E-1
2.883648E+2	-5.560319E-1
2.886292E+2	-7.254309E-1
2.888935E+2	-5.287095E-1
2.891579E+2	-2.281631E-1
2.894222E+2	-2.882724E-1
2.896865E+2	-9.701555E-2
2.899508E+2	-2.051282E-2
2.902151E+2	1.324926E-1
2.904794E+2	2.144599E-1
2.907437E+2	2.909626E-1
2.910080E+2	6.809584E-3
2.912723E+2	8.331232E-2
2.915366E+2	2.308533E-1
2.918008E+2	2.363178E-1
2.920651E+2	1.707440E-1
2.923293E+2	2.964271E-1
2.925936E+2	2.527112E-1
2.928578E+2	1.051702E-1
2.931220E+2	3.413199E-2
2.933863E+2	-3.690626E-2
2.936505E+2	2.320303E-2
2.939147E+2	-1.516604E-1
2.941789E+2	-2.390921E-1
2.944431E+2	-2.117697E-1
2.947072E+2	-3.429172E-1
2.949714E+2	-3.975620E-1
2.952356E+2	-2.500210E-1
2.954997E+2	1.379571E-1
2.957639E+2	2.964271E-1
2.960280E+2	4.603615E-1
2.962922E+2	3.292140E-1
2.965563E+2	2.035309E-1
2.968204E+2	-2.937369E-1
2.970845E+2	-3.429172E-1
2.973486E+2	-4.631358E-1
2.976127E+2	-3.374527E-1
2.978768E+2	-2.554855E-1
2.981409E+2	-1.024800E-1
2.984050E+2	-2.828079E-1
2.986691E+2	-1.571248E-1
2.989331E+2	-1.079445E-1
2.991972E+2	1.270282E-1
2.994612E+2	1.773855E-2
2.997253E+2	-6.969315E-2
2.999893E+2	-6.422867E-2
3.002534E+2	1.816730E-1
3.005174E+2	3.073560E-1
3.007814E+2	3.620008E-1
3.010454E+2	3.456074E-1
3.013094E+2	1.652795E-1
3.015734E+2	3.018916E-1
3.018374E+2	4.876839E-1
3.021013E+2	8.374107E-1
3.023653E+2	9.248424E-1
3.026293E+2	9.303069E-1
3.028932E+2	7.663724E-1
3.031572E+2	9.029844E-1
3.034211E+2	1.176208E+0
3.036850E+2	1.329214E+0
3.039489E+2	1.515006E+0
3.042129E+2	1.673476E+0
3.044768E+2	1.733586E+0
3.047407E+2	1.848340E+0
3.050046E+2	1.646154E+0
3.052685E+2	1.433039E+0
3.055323E+2	1.651618E+0
3.057962E+2	1.635225E+0
3.060601E+2	1.788230E+0
3.063239E+2	1.624296E+0
3.065878E+2	1.487684E+0
3.068516E+2	1.351072E+0
3.071155E+2	1.476755E+0
3.073793E+2	1.372930E+0
3.076431E+2	1.225389E+0
3.079069E+2	1.258176E+0
3.081707E+2	1.536864E+0
3.084345E+2	1.607902E+0
3.086983E+2	1.782766E+0
3.089621E+2	1.744515E+0
3.092259E+2	1.831946E+0
3.094896E+2	2.028668E+0
3.097534E+2	1.908449E+0
3.100171E+2	2.012274E+0
3.102809E+2	1.957629E+0
3.105446E+2	2.099706E+0
3.108084E+2	2.219924E+0
3.110721E+2	2.274569E+0
3.113358E+2	2.356536E+0
3.115995E+2	2.214460E+0
3.118632E+2	2.006810E+0
3.121269E+2	2.077848E+0
3.123906E+2	2.280034E+0
3.126543E+2	2.394788E+0
3.129179E+2	2.678941E+0
3.131816E+2	2.788230E+0
3.134453E+2	2.897520E+0
3.137089E+2	2.662547E+0
3.139725E+2	2.760908E+0
3.142362E+2	2.777301E+0
3.144998E+2	2.842875E+0
3.147634E+2	2.788230E+0
3.150270E+2	2.974023E+0
3.152906E+2	3.028668E+0
3.155542E+2	3.422110E+0
3.158178E+2	3.799159E+0
3.160814E+2	3.788230E+0
3.163450E+2	3.515006E+0
3.166086E+2	3.536864E+0
3.168721E+2	3.558722E+0
3.171357E+2	3.580580E+0
3.173992E+2	3.427575E+0
3.176627E+2	3.110635E+0
3.179263E+2	2.892055E+0
3.181898E+2	2.717192E+0
3.184533E+2	2.591509E+0
3.187168E+2	2.728121E+0
3.189803E+2	2.689870E+0
3.192438E+2	2.542329E+0
3.195073E+2	2.575116E+0
3.197708E+2	2.607902E+0
3.200342E+2	2.465826E+0
3.202977E+2	2.241782E+0
3.205612E+2	2.351072E+0
3.208246E+2	2.525935E+0
3.210881E+2	2.717192E+0
3.213515E+2	2.842875E+0
3.216149E+2	2.613367E+0
3.218783E+2	2.367465E+0
3.221417E+2	2.219924E+0
3.224051E+2	2.203531E+0
3.226685E+2	2.012274E+0
3.229319E+2	2.012274E+0
3.231953E+2	2.121564E+0
3.234587E+2	2.219924E+0
3.237221E+2	2.127028E+0
3.239854E+2	2.055990E+0
3.242488E+2	1.777301E+0
3.245121E+2	1.646154E+0
3.247754E+2	1.449433E+0
3.250388E+2	1.449433E+0
3.253021E+2	1.460361E+0
3.255654E+2	1.591509E+0
3.258287E+2	1.831946E+0
3.260920E+2	1.755443E+0
3.263553E+2	1.821017E+0
3.266186E+2	1.596974E+0
3.268819E+2	1.482219E+0
3.271451E+2	1.476755E+0
3.274084E+2	1.301892E+0
3.276717E+2	1.487684E+0
3.279349E+2	1.782766E+0
3.281981E+2	1.640689E+0
3.284614E+2	1.504077E+0
3.287246E+2	1.542329E+0
3.289878E+2	1.739050E+0
3.292510E+2	1.744515E+0
3.295142E+2	2.001345E+0
3.297774E+2	2.280034E+0
3.300406E+2	2.274569E+0
3.303038E+2	2.187137E+0
3.305670E+2	2.427575E+0
3.308301E+2	2.318285E+0
3.310933E+2	2.219924E+0
3.313564E+2	1.968558E+0
3.316196E+2	1.717192E+0
3.318827E+2	1.263640E+0
3.321458E+2	1.329214E+0
3.324089E+2	1.662547E+0
3.326721E+2	1.875662E+0
3.329352E+2	1.919378E+0
3.331983E+2	1.815553E+0
3.334614E+2	2.061454E+0
3.337244E+2	2.362001E+0
3.339875E+2	2.400252E+0
3.342506E+2	2.531400E+0
3.345136E+2	2.651618E+0
3.347767E+2	2.498613E+0
3.350397E+2	2.405717E+0
3.353028E+2	2.547793E+0
3.355658E+2	2.607902E+0
3.358288E+2	2.755443E+0
3.360918E+2	2.668012E+0
3.363548E+2	2.930307E+0
3.366178E+2	2.744515E+0
3.368808E+2	2.400252E+0
3.371438E+2	2.214460E+0
3.374068E+2	1.952165E+0
3.376698E+2	2.006810E+0
3.379327E+2	2.132493E+0
3.381957E+2	1.930307E+0
3.384586E+2	1.804624E+0
3.387216E+2	2.187137E+0
3.389845E+2	2.176208E+0
3.392474E+2	2.280034E+0
3.395103E+2	2.400252E+0
3.397733E+2	2.520471E+0
3.400362E+2	2.498613E+0
3.402990E+2	2.405717E+0
3.405619E+2	2.525935E+0
3.408248E+2	2.678941E+0
3.410877E+2	2.810088E+0
3.413506E+2	2.924842E+0
3.416134E+2	2.553258E+0
3.418763E+2	2.312821E+0
3.421391E+2	2.433039E+0
3.424019E+2	2.312821E+0
3.426648E+2	2.312821E+0
3.429276E+2	2.329214E+0
3.431904E+2	2.438504E+0
3.434532E+2	2.536864E+0
3.437160E+2	2.247247E+0
3.439788E+2	2.066919E+0
3.442416E+2	1.919378E+0
3.445043E+2	2.121564E+0
3.447671E+2	2.072383E+0
3.450299E+2	1.892055E+0
3.452926E+2	1.804624E+0
3.455554E+2	1.252711E+0
3.458181E+2	1.154351E+0
3.460808E+2	8.811265E-1
3.463436E+2	1.181673E+0
3.466063E+2	9.849517E-1
3.468690E+2	9.029844E-1
3.471317E+2	6.188314E-1
3.473944E+2	6.898697E-1
3.476570E+2	7.882303E-1
3.479197E+2	9.357713E-1
3.481824E+2	1.034132E+0
3.484451E+2	8.647331E-1
3.487077E+2	6.024380E-1
3.489704E+2	4.986129E-1
3.492330E+2	4.986129E-1
3.494956E+2	5.040773E-1
3.497582E+2	3.237495E-1
3.500209E+2	2.199243E-1
3.502835E+2	-1.504834E-2
3.505461E+2	-1.134090E-1
3.508087E+2	3.959647E-2
3.510713E+2	3.413199E-2
3.513338E+2	-1.516604E-1
3.515964E+2	-3.920975E-1
3.518590E+2	-6.379992E-1
3.521215E+2	-6.161412E-1
3.523841E+2	-9.767970E-1
3.526466E+2	-1.064229E+0
3.529091E+2	-5.778899E-1
3.531717E+2	-7.308953E-1
3.534342E+2	-2.281631E-1
3.536967E+2	-2.609500E-1
3.539592E+2	-4.303489E-1
3.542217E+2	-3.811686E-1
3.544842E+2	-2.882724E-1
3.547467E+2	-6.216057E-1
3.550091E+2	-5.451030E-1
3.552716E+2	-5.833544E-1
3.555341E+2	-5.614964E-1
3.557965E+2	-4.740647E-1
3.560590E+2	-2.008407E-1
3.563214E+2	3.959647E-2
3.565838E+2	1.215637E-1
3.568462E+2	1.324926E-1
3.571086E+2	8.877680E-2
3.573711E+2	1.926019E-1
3.576335E+2	4.876839E-1
3.578958E+2	4.330391E-1
3.581582E+2	3.456074E-1
3.584206E+2	3.346784E-1
3.586830E+2	4.931484E-1
3.589453E+2	2.691047E-1
3.592077E+2	2.089954E-1
3.594700E+2	1.816730E-1
3.597324E+2	3.620008E-1
3.599947E+2	3.893232E-1
3.602570E+2	5.423287E-1
3.605193E+2	2.199243E-1
3.607816E+2	2.800336E-1
3.610439E+2	4.439681E-1
3.613062E+2	5.805801E-1
3.615685E+2	7.827659E-1
3.618308E+2	7.499790E-1
3.620930E+2	1.154351E+0
3.623553E+2	7.991593E-1
3.626176E+2	8.210172E-1
3.628798E+2	1.045061E+0
3.631420E+2	1.198066E+0
3.634043E+2	1.192602E+0
3.636665E+2	1.318285E+0
3.639287E+2	1.312821E+0
3.641909E+2	1.170744E+0
3.644531E+2	1.247247E+0
3.647153E+2	1.028668E+0
3.649775E+2	9.576293E-1
3.652397E+2	1.208995E+0
3.655018E+2	1.127028E+0
3.657640E+2	1.219924E+0
3.660262E+2	1.290963E+0
3.662883E+2	1.411181E+0
3.665505E+2	1.553258E+0
3.668126E+2	1.258176E+0
3.670747E+2	1.269105E+0
3.673368E+2	1.208995E+0
3.675989E+2	1.258176E+0
3.678610E+2	1.269105E+0
3.681231E+2	1.269105E+0
3.683852E+2	1.482219E+0
3.686473E+2	1.689870E+0
3.689094E+2	1.405717E+0
3.691714E+2	1.307356E+0
3.694335E+2	9.029844E-1
3.696955E+2	1.028668E+0
3.699576E+2	1.247247E+0
3.702196E+2	1.285498E+0
3.704816E+2	1.356536E+0
3.707437E+2	1.345607E+0
3.710057E+2	1.307356E+0
3.712677E+2	1.159815E+0
3.715297E+2	8.319462E-1
3.717917E+2	7.390500E-1
3.720536E+2	7.773014E-1
3.723156E+2	6.898697E-1
3.725776E+2	5.969735E-1
3.728395E+2	6.352249E-1
3.731015E+2	5.915090E-1
3.733634E+2	3.128205E-1
3.736254E+2	6.691887E-2
3.738873E+2	1.598150E-1
3.741492E+2	1.324926E-1
3.744111E+2	4.057167E-1
3.746730E+2	3.729298E-1
3.749349E+2	7.062631E-1
3.751968E+2	5.696511E-1
3.754587E+2	4.439681E-1
3.757206E+2	4.166456E-1
3.759824E+2	4.221101E-1
3.762443E+2	6.461538E-1
3.765061E+2	7.335855E-1
3.767680E+2	7.718369E-1
3.770298E+2	7.445145E-1
3.772916E+2	6.734763E-1
3.775535E+2	5.805801E-1
3.778153E+2	5.805801E-1
3.780771E+2	3.893232E-1
3.783389E+2	4.986129E-1
3.786007E+2	3.620008E-1
3.788624E+2	2.199243E-1
3.791242E+2	3.073560E-1
3.793860E+2	3.783943E-1
3.796477E+2	1.926019E-1
3.799095E+2	1.543506E-1
3.801712E+2	1.543506E-1
3.804330E+2	1.434216E-1
3.806947E+2	5.368642E-1
3.809564E+2	7.226566E-1
3.812181E+2	5.805801E-1
3.814798E+2	3.674653E-1
3.817415E+2	5.477932E-1
3.820032E+2	9.303069E-1
3.822649E+2	7.882303E-1
3.825266E+2	5.095418E-1
3.827883E+2	7.773014E-1
3.830499E+2	7.554435E-1
3.833116E+2	7.499790E-1
3.835732E+2	9.303069E-1
3.838348E+2	1.006810E+0
3.840965E+2	1.061454E+0
3.843581E+2	1.301892E+0
3.846197E+2	1.241782E+0
3.848813E+2	1.252711E+0
3.851429E+2	1.433039E+0
3.854045E+2	1.575116E+0
3.856661E+2	1.443968E+0
3.859277E+2	1.334678E+0
3.861892E+2	1.367465E+0
3.864508E+2	1.274569E+0
3.867124E+2	1.301892E+0
3.869739E+2	1.301892E+0
3.872354E+2	1.711728E+0
3.874970E+2	2.077848E+0
3.877585E+2	2.225389E+0
3.880200E+2	2.017739E+0
3.882815E+2	2.290963E+0
3.885430E+2	2.465826E+0
3.888045E+2	2.274569E+0
3.890660E+2	2.301892E+0
3.893275E+2	2.362001E+0
3.895889E+2	2.624296E+0
3.898504E+2	2.728121E+0
3.901118E+2	2.717192E+0
3.903733E+2	2.449433E+0
3.906347E+2	2.362001E+0
3.908962E+2	2.323749E+0
3.911576E+2	2.493148E+0
3.914190E+2	2.596974E+0
3.916804E+2	2.553258E+0
3.919418E+2	2.443968E+0
3.922032E+2	2.323749E+0
3.924646E+2	2.247247E+0
3.927260E+2	2.137957E+0
3.929873E+2	2.110635E+0
3.932487E+2	2.247247E+0
3.935100E+2	2.285498E+0
3.937714E+2	2.301892E+0
3.940327E+2	2.203531E+0
3.942941E+2	2.258176E+0
3.945554E+2	2.383859E+0
3.948167E+2	2.389323E+0
3.950780E+2	2.498613E+0
3.953393E+2	2.487684E+0
3.956006E+2	2.580580E+0
3.958619E+2	2.525935E+0
3.961232E+2	2.531400E+0
3.963844E+2	2.586045E+0
3.966457E+2	2.405717E+0
3.969069E+2	2.334678E+0
3.971682E+2	2.269105E+0
3.974294E+2	2.591509E+0
3.976907E+2	2.536864E+0
3.979519E+2	2.187137E+0
3.982131E+2	2.318285E+0
3.984743E+2	2.657083E+0
3.987355E+2	2.651618E+0
3.989967E+2	2.826482E+0
3.992579E+2	2.755443E+0
3.995191E+2	2.454897E+0
3.997802E+2	2.301892E+0
4.000414E+2	2.247247E+0
4.003025E+2	2.170744E+0
4.005637E+2	2.050525E+0
4.008248E+2	1.935771E+0
4.010860E+2	2.072383E+0
4.013471E+2	1.924842E+0
4.016082E+2	1.810088E+0
4.018693E+2	1.744515E+0
4.021304E+2	1.815553E+0
4.023915E+2	1.870198E+0
4.026526E+2	1.946700E+0
4.029137E+2	2.034132E+0
4.031747E+2	1.892055E+0
4.034358E+2	1.799159E+0
4.036968E+2	1.728121E+0
4.039579E+2	1.837411E+0
4.042189E+2	1.498613E+0
4.044800E+2	1.345607E+0
4.047410E+2	1.607902E+0
4.050020E+2	1.717192E+0
4.052630E+2	1.591509E+0
4.055240E+2	1.657083E+0
4.057850E+2	1.662547E+0
4.060460E+2	1.821017E+0
4.063070E+2	1.859269E+0
4.065679E+2	1.870198E+0
4.068289E+2	1.755443E+0
4.070898E+2	1.558722E+0
4.073508E+2	1.618831E+0
4.076117E+2	1.553258E+0
4.078727E+2	1.525935E+0
4.081336E+2	1.607902E+0
4.083945E+2	1.739050E+0
4.086554E+2	1.815553E+0
4.089163E+2	1.799159E+0
4.091772E+2	1.717192E+0
4.094381E+2	1.957629E+0
4.096990E+2	1.930307E+0
4.099598E+2	1.995881E+0
4.102207E+2	1.886591E+0
4.104815E+2	1.821017E+0
4.107424E+2	1.952165E+0
4.110032E+2	1.760908E+0
4.112640E+2	1.788230E+0
4.115249E+2	1.575116E+0
4.117857E+2	1.640689E+0
4.120465E+2	1.558722E+0
4.123073E+2	1.498613E+0
4.125681E+2	1.821017E+0
4.128289E+2	1.678941E+0
4.130896E+2	1.913913E+0
4.133504E+2	1.657083E+0
4.136112E+2	1.569651E+0
4.138719E+2	1.471290E+0
4.141327E+2	1.433039E+0
4.143934E+2	1.181673E+0
4.146541E+2	1.219924E+0
4.149149E+2	1.132493E+0
4.151756E+2	1.351072E+0
4.154363E+2	1.558722E+0
4.156970E+2	1.553258E+0
4.159577E+2	1.602438E+0
4.162184E+2	1.449433E+0
4.164790E+2	1.591509E+0
4.167397E+2	1.711728E+0
4.170004E+2	1.558722E+0
4.172610E+2	1.771837E+0
4.175217E+2	1.875662E+0
4.177823E+2	1.881127E+0
4.180429E+2	1.826482E+0
4.183035E+2	1.870198E+0
4.185642E+2	2.066919E+0
4.188248E+2	1.941236E+0
4.190854E+2	1.689870E+0
4.193459E+2	1.974023E+0
4.196065E+2	2.258176E+0
4.198671E+2	2.066919E+0
4.201277E+2	2.083312E+0
4.203882E+2	1.952165E+0
4.206488E+2	1.629760E+0
4.209093E+2	1.285498E+0
4.211699E+2	1.127028E+0
4.214304E+2	9.958806E-1
4.216909E+2	1.110635E+0
4.219514E+2	8.756620E-1
4.222119E+2	8.155528E-1
4.224724E+2	1.083312E+0
4.227329E+2	1.192602E+0
4.229934E+2	1.290963E+0
4.232539E+2	1.143422E+0
4.235143E+2	1.258176E+0
4.237748E+2	1.263640E+0
4.240352E+2	1.214460E+0
4.242957E+2	1.143422E+0
4.245561E+2	1.301892E+0
4.248166E+2	1.143422E+0
4.250770E+2	1.017739E+0
4.253374E+2	7.773014E-1
4.255978E+2	7.773014E-1
4.258582E+2	8.155528E-1
4.261186E+2	8.155528E-1
4.263790E+2	8.538041E-1
4.266393E+2	6.898697E-1
4.268997E+2	8.100883E-1
4.271600E+2	7.499790E-1
4.274204E+2	8.592686E-1
4.276807E+2	8.483396E-1
4.279411E+2	8.592686E-1
4.282014E+2	8.592686E-1
4.284617E+2	2.800336E-1
4.287220E+2	3.565364E-1
4.289823E+2	1.652795E-1
4.292426E+2	3.182850E-1
4.295029E+2	3.292140E-1
4.297632E+2	4.658260E-1
4.300235E+2	3.073560E-1
4.302837E+2	3.893232E-1
4.305440E+2	1.652795E-1
4.308042E+2	1.652795E-1
4.310645E+2	1.543506E-1
4.313247E+2	1.270282E-1
4.315849E+2	1.160992E-1
4.318451E+2	1.980664E-1
4.321054E+2	2.417823E-1
4.323656E+2	2.253888E-1
4.326258E+2	3.073560E-1
4.328859E+2	1.434216E-1
4.331461E+2	-1.735183E-1
4.334063E+2	-6.969315E-2
4.336665E+2	1.762085E-1
4.339266E+2	2.472467E-1
4.341868E+2	-1.024800E-1
4.344469E+2	-2.992013E-1
4.347070E+2	-2.336276E-1
4.349671E+2	-3.811686E-1
4.352273E+2	-6.379992E-1
4.354874E+2	-1.069693E+0
4.357475E+2	-9.221522E-1
4.360076E+2	-8.019336E-1
4.362677E+2	-7.199664E-1
4.365277E+2	-6.981084E-1
4.367878E+2	-6.052123E-1
4.370479E+2	-2.828079E-1
4.373079E+2	-2.773434E-1
4.375680E+2	-1.735183E-1
4.378280E+2	8.331232E-2
4.380880E+2	1.543506E-1
4.383480E+2	-1.024800E-1
4.386081E+2	-2.063052E-1
4.388681E+2	9.970576E-2
4.391281E+2	3.729298E-1
4.393881E+2	3.182850E-1
4.396480E+2	3.292140E-1
4.399080E+2	3.620008E-1
4.401680E+2	4.876839E-1
4.404279E+2	3.237495E-1
4.406879E+2	4.658260E-1
4.409478E+2	5.150063E-1
4.412078E+2	6.242959E-1
4.414677E+2	7.226566E-1
4.417276E+2	7.335855E-1
4.419875E+2	9.685582E-1
4.422474E+2	1.148886E+0
4.425073E+2	1.312821E+0
4.427672E+2	1.170744E+0
4.430271E+2	1.274569E+0
4.432870E+2	1.454897E+0
4.435469E+2	1.531400E+0
4.438067E+2	1.383859E+0
4.440666E+2	1.258176E+0
4.443264E+2	1.596974E+0
4.445862E+2	1.744515E+0
4.448461E+2	1.815553E+0
4.451059E+2	1.695334E+0
4.453657E+2	1.569651E+0
4.456255E+2	1.744515E+0
4.458853E+2	2.012274E+0
4.461451E+2	2.148886E+0
4.464049E+2	2.301892E+0
4.466646E+2	2.219924E+0
4.469244E+2	2.394788E+0
4.471842E+2	2.531400E+0
4.474439E+2	2.870198E+0
4.477036E+2	3.012274E+0
4.479634E+2	3.006810E+0
4.482231E+2	2.913913E+0
4.484828E+2	2.782766E+0
4.487425E+2	2.995881E+0
4.490022E+2	3.203531E+0
4.492619E+2	3.181673E+0
4.495216E+2	3.132493E+0
4.497813E+2	2.990416E+0
4.500410E+2	3.405717E+0
4.503006E+2	3.433039E+0
4.505603E+2	3.394788E+0
4.508199E+2	3.662547E+0
4.510796E+2	3.531400E+0
4.513392E+2	3.678941E+0
4.515988E+2	3.777301E+0
4.518584E+2	3.815553E+0
4.521180E+2	4.045061E+0
4.523776E+2	4.154351E+0
4.526372E+2	4.137957E+0
4.528968E+2	3.815553E+0
4.531564E+2	3.547793E+0
4.534160E+2	3.334678E+0
4.536755E+2	3.263640E+0
4.539351E+2	3.301892E+0
4.541946E+2	3.323749E+0
4.544541E+2	3.208995E+0
4.547137E+2	2.897520E+0
4.549732E+2	2.848340E+0
4.552327E+2	2.777301E+0
4.554922E+2	2.651618E+0
4.557517E+2	2.564187E+0
4.560112E+2	2.471290E+0
4.562707E+2	2.569651E+0
4.565302E+2	2.372930E+0
4.567896E+2	2.607902E+0
4.570491E+2	2.575116E+0
4.573085E+2	2.471290E+0
4.575680E+2	2.323749E+0
4.578274E+2	2.176208E+0
4.580868E+2	1.946700E+0
4.583463E+2	1.952165E+0
4.586057E+2	1.935771E+0
4.588651E+2	2.165280E+0
4.591245E+2	1.963094E+0
4.593838E+2	2.055990E+0
4.596432E+2	2.329214E+0
4.599026E+2	2.635225E+0
4.601620E+2	2.706263E+0
4.604213E+2	2.498613E+0
4.606807E+2	2.312821E+0
4.609400E+2	2.640689E+0
4.611993E+2	2.575116E+0
4.614587E+2	2.427575E+0
4.617180E+2	2.438504E+0
4.619773E+2	2.498613E+0
4.622366E+2	2.449433E+0
4.624959E+2	2.711728E+0
4.627552E+2	2.547793E+0
4.630144E+2	2.383859E+0
4.632737E+2	2.143422E+0
4.635330E+2	1.974023E+0
4.637922E+2	2.094241E+0
4.640515E+2	1.919378E+0
4.643107E+2	1.864733E+0
4.645699E+2	1.804624E+0
4.648292E+2	1.853804E+0
4.650884E+2	1.892055E+0
4.653476E+2	1.864733E+0
4.656068E+2	2.006810E+0
4.658660E+2	1.941236E+0
4.661251E+2	2.208995E+0
4.663843E+2	2.083312E+0
4.666435E+2	1.908449E+0
4.669026E+2	2.241782E+0
4.671618E+2	2.105170E+0
4.674209E+2	2.083312E+0
4.676801E+2	1.913913E+0
4.679392E+2	1.640689E+0
4.681983E+2	1.657083E+0
4.684574E+2	1.766372E+0
4.687165E+2	2.263640E+0
4.689756E+2	2.356536E+0
4.692347E+2	2.318285E+0
4.694938E+2	2.148886E+0
4.697529E+2	2.083312E+0
4.700119E+2	2.099706E+0
4.702710E+2	2.061454E+0
4.705300E+2	2.181673E+0
4.707891E+2	1.974023E+0
4.710481E+2	1.957629E+0
4.713071E+2	2.039596E+0
4.715661E+2	2.132493E+0
4.718252E+2	2.116099E+0
4.720842E+2	1.979487E+0
4.723431E+2	1.963094E+0
4.726021E+2	1.810088E+0
4.728611E+2	1.624296E+0
4.731201E+2	1.684405E+0
4.733790E+2	1.946700E+0
4.736380E+2	1.957629E+0
4.738969E+2	2.017739E+0
4.741559E+2	1.990416E+0
4.744148E+2	2.159815E+0
4.746737E+2	2.034132E+0
4.749326E+2	2.318285E+0
4.751915E+2	2.154351E+0
4.754504E+2	2.208995E+0
4.757093E+2	2.345607E+0
4.759682E+2	2.362001E+0
4.762271E+2	2.613367E+0
4.764859E+2	2.804624E+0
4.767448E+2	2.525935E+0
4.770037E+2	2.629760E+0
4.772625E+2	2.755443E+0
4.775213E+2	2.531400E+0
4.777802E+2	2.460361E+0
4.780390E+2	2.334678E+0
4.782978E+2	1.902984E+0
4.785566E+2	2.034132E+0
4.788154E+2	1.990416E+0
4.790742E+2	1.990416E+0
4.793329E+2	1.902984E+0
4.795917E+2	2.088777E+0
4.798505E+2	2.230853E+0
4.801092E+2	2.192602E+0
4.803680E+2	2.252711E+0
4.806267E+2	2.203531E+0
4.808854E+2	1.935771E+0
4.811442E+2	1.646154E+0
4.814029E+2	1.547793E+0
4.816616E+2	1.711728E+0
4.819203E+2	1.411181E+0
4.821790E+2	1.553258E+0
4.824377E+2	1.870198E+0
4.826963E+2	1.596974E+0
4.829550E+2	1.580580E+0
4.832137E+2	1.498613E+0
4.834723E+2	1.739050E+0
4.837310E+2	1.793695E+0
4.839896E+2	1.946700E+0
4.842482E+2	2.066919E+0
4.845068E+2	1.739050E+0
4.847655E+2	1.963094E+0
4.850241E+2	1.870198E+0
4.852827E+2	1.924842E+0
4.855412E+2	1.919378E+0
4.857998E+2	1.782766E+0
4.860584E+2	1.842875E+0
4.863170E+2	1.613367E+0
4.865755E+2	1.766372E+0
4.868341E+2	1.935771E+0
4.870926E+2	1.853804E+0
4.873511E+2	1.635225E+0
4.876097E+2	1.799159E+0
4.878682E+2	1.984952E+0
4.881267E+2	2.181673E+0
4.883852E+2	2.301892E+0
4.886437E+2	2.586045E+0
4.889022E+2	2.509542E+0
4.891606E+2	2.340143E+0
4.894191E+2	2.362001E+0
4.896776E+2	2.553258E+0
4.899360E+2	2.678941E+0
4.901945E+2	2.460361E+0
4.904529E+2	2.285498E+0
4.907113E+2	2.105170E+0
4.909697E+2	2.187137E+0
4.912282E+2	2.219924E+0
4.914866E+2	2.077848E+0
4.917450E+2	1.859269E+0
4.920034E+2	1.842875E+0
4.922617E+2	1.536864E+0
4.925201E+2	1.427575E+0
4.927785E+2	1.312821E+0
4.930368E+2	1.143422E+0
4.932952E+2	1.334678E+0
4.935535E+2	1.416646E+0
4.938118E+2	1.689870E+0
4.940702E+2	1.990416E+0
4.943285E+2	1.717192E+0
4.945868E+2	1.848340E+0
4.948451E+2	2.001345E+0
4.951034E+2	2.105170E+0
4.953617E+2	1.848340E+0
4.956200E+2	2.039596E+0
4.958782E+2	2.006810E+0
4.961365E+2	2.181673E+0
4.963947E+2	2.269105E+0
4.966530E+2	2.165280E+0
4.969112E+2	2.192602E+0
4.971694E+2	2.405717E+0
4.974277E+2	2.187137E+0
4.976859E+2	2.214460E+0
4.979441E+2	2.307356E+0
4.982023E+2	2.296427E+0
4.984605E+2	2.509542E+0
4.987187E+2	2.678941E+0
4.989768E+2	2.471290E+0
4.992350E+2	2.411181E+0
4.994931E+2	2.252711E+0
4.997513E+2	1.935771E+0
5.000094E+2	1.651618E+0
5.002676E+2	1.531400E+0
5.005257E+2	1.307356E+0
5.007838E+2	1.334678E+0
5.010419E+2	1.383859E+0
5.013000E+2	1.646154E+0
5.015581E+2	1.793695E+0
5.018162E+2	1.886591E+0
5.020743E+2	1.968558E+0
5.023323E+2	1.902984E+0
5.025904E+2	1.777301E+0
5.028485E+2	2.012274E+0
5.031065E+2	2.154351E+0
5.033645E+2	1.892055E+0
5.036226E+2	1.657083E+0
5.038806E+2	1.646154E+0
5.041386E+2	1.782766E+0
5.043966E+2	1.821017E+0
5.046546E+2	1.717192E+0
5.049126E+2	1.771837E+0
5.051706E+2	2.006810E+0
5.054285E+2	2.132493E+0
5.056865E+2	2.203531E+0
5.059445E+2	2.493148E+0
5.062024E+2	2.635225E+0
5.064604E+2	2.405717E+0
5.067183E+2	2.225389E+0
5.069762E+2	2.132493E+0
5.072341E+2	1.755443E+0
5.074920E+2	1.919378E+0
5.077499E+2	1.755443E+0
5.080078E+2	2.323749E+0
5.082657E+2	2.312821E+0
5.085236E+2	2.471290E+0
5.087815E+2	2.678941E+0
5.090393E+2	2.629760E+0
5.092972E+2	2.613367E+0
5.095550E+2	2.460361E+0
5.098129E+2	2.351072E+0
5.100707E+2	2.504077E+0
5.103285E+2	2.564187E+0
5.105863E+2	2.378394E+0
5.108441E+2	2.318285E+0
5.111019E+2	2.427575E+0
5.113597E+2	2.170744E+0
5.116175E+2	2.110635E+0
5.118753E+2	1.826482E+0
5.121330E+2	1.684405E+0
5.123908E+2	1.902984E+0
5.126485E+2	2.187137E+0
5.129063E+2	2.066919E+0
5.131640E+2	2.323749E+0
5.134217E+2	2.443968E+0
5.136794E+2	2.520471E+0
5.139371E+2	2.422110E+0
5.141948E+2	2.345607E+0
5.144525E+2	2.411181E+0
5.147102E+2	2.586045E+0
5.149679E+2	2.651618E+0
5.152256E+2	2.788230E+0
5.154832E+2	2.881127E+0
5.157409E+2	3.023203E+0
5.159985E+2	3.318285E+0
5.162562E+2	3.394788E+0
5.165138E+2	3.531400E+0
5.167714E+2	3.684405E+0
5.170290E+2	3.749979E+0
5.172866E+2	3.837411E+0
5.175442E+2	3.657083E+0
5.178018E+2	3.739050E+0
5.180594E+2	3.941236E+0
5.183170E+2	4.088777E+0
5.185745E+2	4.023203E+0
5.188321E+2	3.821017E+0
5.190896E+2	3.821017E+0
5.193472E+2	3.908449E+0
5.196047E+2	3.728121E+0
5.198622E+2	3.198066E+0
5.201197E+2	2.968558E+0
5.203772E+2	3.116099E+0
5.206347E+2	3.318285E+0
5.208922E+2	2.995881E+0
5.211497E+2	2.509542E+0
5.214072E+2	2.214460E+0
5.216646E+2	2.127028E+0
5.219221E+2	1.853804E+0
5.221795E+2	1.859269E+0
5.224370E+2	2.083312E+0
5.226944E+2	2.148886E+0
5.229519E+2	2.465826E+0
5.232093E+2	2.487684E+0
5.234667E+2	2.400252E+0
5.237241E+2	2.137957E+0
5.239815E+2	2.285498E+0
5.242389E+2	2.148886E+0
5.244962E+2	1.864733E+0
5.247536E+2	1.842875E+0
5.250110E+2	1.711728E+0
5.252683E+2	1.760908E+0
5.255257E+2	1.963094E+0
5.257830E+2	1.892055E+0
5.260403E+2	1.864733E+0
5.262977E+2	1.995881E+0
5.265550E+2	2.012274E+0
5.268123E+2	1.941236E+0
5.270696E+2	2.137957E+0
5.273269E+2	2.438504E+0
5.275841E+2	2.531400E+0
5.278414E+2	2.400252E+0
5.280987E+2	2.208995E+0
5.283559E+2	1.870198E+0
5.286132E+2	1.760908E+0
5.288704E+2	1.378394E+0
5.291276E+2	1.323749E+0
5.293849E+2	1.176208E+0
5.296421E+2	1.039596E+0
5.298993E+2	9.029844E-1
5.301565E+2	9.467003E-1
5.304137E+2	9.630937E-1
5.306709E+2	9.084489E-1
5.309280E+2	9.357713E-1
5.311852E+2	9.630937E-1
5.314424E+2	9.248424E-1
5.316995E+2	9.958806E-1
5.319567E+2	8.647331E-1
5.322138E+2	8.975200E-1
5.324709E+2	8.538041E-1
5.327280E+2	7.663724E-1
5.329852E+2	7.171921E-1
5.332423E+2	9.630937E-1
5.334994E+2	8.319462E-1
5.337564E+2	5.313997E-1
5.340135E+2	4.712905E-1
5.342706E+2	5.477932E-1
5.345276E+2	7.882303E-1
5.347847E+2	1.148886E+0
5.350417E+2	1.121564E+0
5.352988E+2	1.241782E+0
5.355558E+2	1.531400E+0
5.358128E+2	1.564187E+0
5.360698E+2	1.553258E+0
5.363269E+2	1.460361E+0
5.365839E+2	1.624296E+0
5.368408E+2	1.848340E+0
5.370978E+2	1.744515E+0
5.373548E+2	1.618831E+0
5.376118E+2	1.782766E+0
5.378687E+2	2.143422E+0
5.381257E+2	2.329214E+0
5.383826E+2	2.099706E+0
5.386395E+2	2.077848E+0
5.388965E+2	1.897520E+0
5.391534E+2	1.848340E+0
5.394103E+2	1.892055E+0
5.396672E+2	2.094241E+0
5.399241E+2	2.159815E+0
5.401810E+2	2.307356E+0
5.404378E+2	2.356536E+0
5.406947E+2	2.356536E+0
5.409516E+2	2.367465E+0
5.412084E+2	2.280034E+0
5.414653E+2	2.405717E+0
5.417221E+2	2.433039E+0
5.419789E+2	2.351072E+0
5.422357E+2	2.236318E+0
5.424925E+2	2.263640E+0
5.427493E+2	2.208995E+0
5.430061E+2	2.214460E+0
5.432629E+2	2.258176E+0
5.435197E+2	2.673476E+0
5.437765E+2	2.864733E+0
5.440332E+2	3.214460E+0
5.442900E+2	3.394788E+0
5.445467E+2	3.695334E+0
5.448035E+2	3.695334E+0
5.450602E+2	3.946700E+0
5.453169E+2	4.148886E+0
5.455736E+2	4.247247E+0
5.458303E+2	4.006810E+0
5.460870E+2	4.116099E+0
5.463437E+2	4.127028E+0
5.466004E+2	4.143422E+0
5.468571E+2	4.154351E+0
5.471137E+2	4.225389E+0
5.473704E+2	4.110635E+0
5.476270E+2	4.591509E+0
5.478837E+2	4.454897E+0
5.481403E+2	4.214460E+0
5.483969E+2	3.968558E+0
5.486535E+2	3.935771E+0
5.489101E+2	3.952165E+0
5.491667E+2	4.088777E+0
5.494233E+2	4.023203E+0
5.496799E+2	3.935771E+0
5.499365E+2	3.881127E+0
5.501931E+2	3.946700E+0
5.504496E+2	3.963094E+0
5.507062E+2	4.143422E+0
5.509627E+2	4.066919E+0
5.512192E+2	4.159815E+0
5.514758E+2	4.274569E+0
5.517323E+2	4.290963E+0
5.519888E+2	4.181673E+0
5.522453E+2	4.159815E+0
5.525018E+2	4.159815E+0
5.527583E+2	4.165280E+0
5.530147E+2	4.312821E+0
5.532712E+2	4.334678E+0
5.535277E+2	4.088777E+0
5.537841E+2	3.897520E+0
5.540406E+2	4.159815E+0
5.542970E+2	4.159815E+0
5.545534E+2	4.575116E+0
5.548098E+2	4.662547E+0
5.550663E+2	4.618831E+0
5.553227E+2	4.525935E+0
5.555791E+2	4.586045E+0
5.558354E+2	4.591509E+0
5.560918E+2	4.618831E+0
5.563482E+2	4.766372E+0
5.566046E+2	4.952165E+0
5.568609E+2	4.886591E+0
5.571173E+2	4.635225E+0
5.573736E+2	4.443968E+0
5.576299E+2	4.646154E+0
5.578862E+2	4.875662E+0
5.581426E+2	4.793695E+0
5.583989E+2	4.788230E+0
5.586552E+2	4.624296E+0
5.589114E+2	4.591509E+0
5.591677E+2	4.187137E+0
5.594240E+2	4.214460E+0
5.596803E+2	4.285498E+0
5.599365E+2	4.225389E+0
5.601928E+2	4.088777E+0
5.604490E+2	4.127028E+0
5.607052E+2	3.930307E+0
5.609614E+2	3.722657E+0
5.612177E+2	3.684405E+0
5.614739E+2	3.902984E+0
5.617301E+2	3.777301E+0
5.619863E+2	3.821017E+0
5.622424E+2	3.946700E+0
5.624986E+2	3.963094E+0
5.627548E+2	3.717192E+0
5.630109E+2	3.711728E+0
5.632671E+2	3.301892E+0
5.635232E+2	3.285498E+0
5.637794E+2	3.296427E+0
5.640355E+2	3.334678E+0
5.642916E+2	3.290963E+0
5.645477E+2	3.454897E+0
5.648038E+2	3.542329E+0
5.650599E+2	3.799159E+0
5.653160E+2	3.913913E+0
5.655721E+2	3.902984E+0
5.658281E+2	3.974023E+0
5.660842E+2	3.711728E+0
5.663402E+2	3.657083E+0
5.665963E+2	3.607902E+0
5.668523E+2	3.618831E+0
5.671083E+2	3.651618E+0
5.673644E+2	3.668012E+0
5.676204E+2	3.591509E+0
5.678764E+2	3.596974E+0
5.681324E+2	3.760908E+0
5.683883E+2	4.006810E+0
5.686443E+2	3.974023E+0
5.689003E+2	3.990416E+0
5.691562E+2	4.187137E+0
5.694122E+2	4.055990E+0
5.696681E+2	3.782766E+0
5.699241E+2	3.564187E+0
5.701800E+2	3.280034E+0
5.704359E+2	3.422110E+0
5.706918E+2	3.356536E+0
5.709477E+2	3.154351E+0
5.712036E+2	3.258176E+0
5.714595E+2	3.509542E+0
5.717154E+2	3.443968E+0
5.719713E+2	3.230853E+0
5.722271E+2	2.760908E+0
5.724830E+2	2.984952E+0
5.727388E+2	3.192602E+0
5.729947E+2	3.121564E+0
5.732505E+2	3.017739E+0
5.735063E+2	3.023203E+0
5.737621E+2	3.247247E+0
5.740179E+2	3.198066E+0
5.742737E+2	3.378394E+0
5.745295E+2	3.372930E+0
5.747853E+2	3.482219E+0
5.750411E+2	3.580580E+0
5.752968E+2	3.629760E+0
5.755526E+2	3.766372E+0
5.758083E+2	3.668012E+0
5.760641E+2	3.618831E+0
5.763198E+2	3.673476E+0
5.765755E+2	3.689870E+0
5.768312E+2	3.870198E+0
5.770869E+2	3.881127E+0
5.773426E+2	4.001345E+0
5.775983E+2	3.749979E+0
5.778540E+2	3.569651E+0
5.781097E+2	3.684405E+0
5.783653E+2	4.066919E+0
5.786210E+2	4.034132E+0
5.788766E+2	4.066919E+0
5.791323E+2	4.269105E+0
5.793879E+2	4.433039E+0
5.796435E+2	4.454897E+0
5.798991E+2	4.684405E+0
5.801547E+2	4.476755E+0
5.804103E+2	4.476755E+0
5.806659E+2	4.296427E+0
5.809215E+2	4.367465E+0
5.811771E+2	4.050525E+0
5.814327E+2	3.766372E+0
5.816882E+2	3.755443E+0
5.819438E+2	3.678941E+0
5.821993E+2	3.979487E+0
5.824548E+2	3.684405E+0
5.827104E+2	3.378394E+0
5.829659E+2	3.580580E+0
5.832214E+2	3.536864E+0
5.834769E+2	3.340143E+0
5.837324E+2	3.181673E+0
5.839878E+2	3.198066E+0
5.842433E+2	3.105170E+0
5.844988E+2	3.351072E+0
5.847542E+2	3.203531E+0
5.850097E+2	3.334678E+0
5.852651E+2	3.438504E+0
5.855206E+2	3.853804E+0
5.857760E+2	3.788230E+0
5.860314E+2	3.733586E+0
5.862868E+2	3.569651E+0
5.865422E+2	3.711728E+0
5.867976E+2	3.651618E+0
5.870530E+2	3.170744E+0
5.873084E+2	3.072383E+0
5.875637E+2	2.930307E+0
5.878191E+2	3.017739E+0
5.880744E+2	2.842875E+0
5.883298E+2	2.875662E+0
5.885851E+2	2.974023E+0
5.888404E+2	2.913913E+0
5.890958E+2	2.821017E+0
5.893511E+2	2.602438E+0
5.896064E+2	2.443968E+0
5.898617E+2	2.378394E+0
5.901169E+2	2.416646E+0
5.903722E+2	2.427575E+0
5.906275E+2	2.367465E+0
5.908827E+2	2.345607E+0
5.911380E+2	2.176208E+0
5.913932E+2	2.236318E+0
5.916485E+2	2.383859E+0
5.919037E+2	2.509542E+0
5.921589E+2	2.662547E+0
5.924141E+2	2.159815E+0
5.926693E+2	2.050525E+0
5.929245E+2	1.881127E+0
5.931797E+2	2.023203E+0
5.934349E+2	1.700799E+0
5.936900E+2	1.340143E+0
5.939452E+2	1.083312E+0
5.942004E+2	1.219924E+0
5.944555E+2	1.296427E+0
5.947106E+2	1.241782E+0
5.949658E+2	1.006810E+0
5.952209E+2	9.904161E-1
5.954760E+2	8.647331E-1
5.957311E+2	8.155528E-1
5.959862E+2	7.281211E-1
5.962413E+2	8.319462E-1
5.964963E+2	7.226566E-1
5.967514E+2	1.099706E+0
5.970065E+2	1.099706E+0
5.972615E+2	1.137957E+0
5.975166E+2	1.045061E+0
5.977716E+2	8.647331E-1
5.980266E+2	1.148886E+0
5.982816E+2	1.427575E+0
5.985367E+2	1.105170E+0
5.987917E+2	1.471290E+0
5.990467E+2	1.460361E+0
5.993016E+2	1.323749E+0
5.995566E+2	1.263640E+0
5.998116E+2	1.657083E+0
6.000665E+2	1.427575E+0
6.003215E+2	1.547793E+0
6.005764E+2	1.602438E+0
6.008314E+2	1.919378E+0
6.010863E+2	1.766372E+0
6.013412E+2	1.717192E+0
6.015961E+2	1.722657E+0
6.018510E+2	2.072383E+0
6.021059E+2	2.110635E+0
6.023608E+2	2.208995E+0
6.026157E+2	2.509542E+0
6.028706E+2	2.749979E+0
6.031254E+2	3.214460E+0
6.033803E+2	3.454897E+0
6.036351E+2	3.504077E+0
6.038900E+2	3.383859E+0
6.041448E+2	3.525935E+0
6.043996E+2	3.569651E+0
6.046544E+2	3.476755E+0
6.049092E+2	3.476755E+0
6.051640E+2	3.875662E+0
6.054188E+2	3.963094E+0
6.056736E+2	3.913913E+0
6.059283E+2	3.804624E+0
6.061831E+2	3.831946E+0
6.064378E+2	3.662547E+0
6.066926E+2	3.602438E+0
6.069473E+2	3.689870E+0
6.072021E+2	3.558722E+0
6.074568E+2	3.269105E+0
6.077115E+2	3.105170E+0
6.079662E+2	3.509542E+0
6.082209E+2	3.498613E+0
6.084756E+2	3.777301E+0
6.087302E+2	3.755443E+0
6.089849E+2	3.913913E+0
6.092396E+2	3.979487E+0
6.094942E+2	3.963094E+0
6.097489E+2	3.799159E+0
6.100035E+2	3.788230E+0
6.102581E+2	3.662547E+0
6.105127E+2	3.799159E+0
6.107674E+2	3.886591E+0
6.110220E+2	3.924842E+0
6.112766E+2	3.990416E+0
6.115311E+2	3.924842E+0
6.117857E+2	3.995881E+0
6.120403E+2	3.799159E+0
6.122948E+2	3.771837E+0
6.125494E+2	3.788230E+0
6.128039E+2	3.782766E+0
6.130585E+2	3.766372E+0
6.133130E+2	4.066919E+0
6.135675E+2	4.028668E+0
6.138220E+2	4.055990E+0
6.140765E+2	4.192602E+0
6.143310E+2	3.859269E+0
6.145855E+2	4.077848E+0
6.148400E+2	4.329214E+0
6.150945E+2	4.498613E+0
6.153489E+2	4.252711E+0
6.156034E+2	3.995881E+0
6.158578E+2	3.717192E+0
6.161123E+2	3.640689E+0
6.163667E+2	3.438504E+0
6.166211E+2	3.465826E+0
6.168755E+2	3.613367E+0
6.171299E+2	3.482219E+0
6.173843E+2	3.241782E+0
6.176387E+2	3.088777E+0
6.178931E+2	3.017739E+0
6.181474E+2	2.963094E+0
6.184018E+2	2.821017E+0
6.186561E+2	2.427575E+0
6.189105E+2	2.181673E+0
6.191648E+2	2.198066E+0
6.194191E+2	2.072383E+0
6.196735E+2	2.050525E+0
6.199278E+2	2.012274E+0
6.201821E+2	2.061454E+0
6.204364E+2	2.187137E+0
6.206907E+2	1.842875E+0
6.209449E+2	1.547793E+0
6.211992E+2	1.520471E+0
6.214535E+2	1.875662E+0
6.217077E+2	1.979487E+0
6.219619E+2	1.689870E+0
6.222162E+2	1.711728E+0
6.224704E+2	1.596974E+0
6.227246E+2	1.739050E+0
6.229788E+2	2.072383E+0
6.232330E+2	2.269105E+0
6.234872E+2	2.132493E+0
6.237414E+2	2.241782E+0
6.239956E+2	1.864733E+0
6.242498E+2	1.810088E+0
6.245039E+2	2.012274E+0
6.247581E+2	2.214460E+0
6.250122E+2	2.236318E+0
6.252663E+2	2.241782E+0
6.255205E+2	2.372930E+0
6.257746E+2	2.668012E+0
6.260287E+2	2.859269E+0
6.262828E+2	2.766372E+0
6.265369E+2	2.493148E+0
6.267910E+2	2.640689E+0
6.270450E+2	2.596974E+0
6.272991E+2	2.678941E+0
6.275532E+2	3.072383E+0
6.278072E+2	3.132493E+0
6.280613E+2	3.312821E+0
6.283153E+2	3.280034E+0
6.285693E+2	3.525935E+0
6.288233E+2	3.258176E+0
6.290773E+2	3.055990E+0
6.293313E+2	3.023203E+0
6.295853E+2	3.132493E+0
6.298393E+2	3.340143E+0
6.300933E+2	3.340143E+0
6.303472E+2	3.203531E+0
6.306012E+2	3.012274E+0
6.308551E+2	3.017739E+0
6.311091E+2	3.236318E+0
6.313630E+2	3.493148E+0
6.316169E+2	3.482219E+0
6.318709E+2	3.356536E+0
6.321248E+2	3.236318E+0
6.323787E+2	3.127028E+0
6.326326E+2	3.192602E+0
6.328864E+2	3.312821E+0
6.331403E+2	3.673476E+0
6.333942E+2	3.695334E+0
6.336480E+2	3.662547E+0
6.339019E+2	3.607902E+0
6.341557E+2	3.618831E+0
6.344095E+2	3.804624E+0
6.346634E+2	3.744515E+0
6.349172E+2	3.815553E+0
6.351710E+2	3.733586E+0
6.354248E+2	3.875662E+0
6.356786E+2	3.875662E+0
6.359324E+2	3.815553E+0
6.361861E+2	4.241782E+0
6.364399E+2	4.443968E+0
6.366936E+2	4.509542E+0
6.369474E+2	4.083312E+0
6.372011E+2	3.706263E+0
6.374549E+2	3.968558E+0
6.377086E+2	3.810088E+0
6.379623E+2	3.782766E+0
6.382160E+2	3.744515E+0
6.384697E+2	3.422110E+0
6.387234E+2	3.312821E+0
6.389771E+2	3.498613E+0
6.392307E+2	3.356536E+0
6.394844E+2	3.269105E+0
6.397380E+2	3.236318E+0
6.399917E+2	3.280034E+0
6.402453E+2	3.236318E+0
6.404990E+2	3.531400E+0
6.407526E+2	3.881127E+0
6.410062E+2	3.793695E+0
6.412598E+2	3.367465E+0
6.415134E+2	3.274569E+0
6.417670E+2	3.520471E+0
6.420206E+2	3.717192E+0
6.422741E+2	3.596974E+0
6.425277E+2	3.564187E+0
6.427812E+2	3.651618E+0
6.430348E+2	3.389323E+0
6.432883E+2	3.416646E+0
6.435418E+2	3.345607E+0
6.437954E+2	3.449433E+0
6.440489E+2	3.586045E+0
6.443024E+2	3.536864E+0
6.445559E+2	3.793695E+0
6.448094E+2	3.821017E+0
6.450628E+2	3.842875E+0
6.453163E+2	3.777301E+0
6.455698E+2	3.673476E+0
6.458232E+2	3.493148E+0
6.460767E+2	3.547793E+0
6.463301E+2	3.181673E+0
6.465835E+2	3.143422E+0
6.468369E+2	3.187137E+0
6.470903E+2	3.416646E+0
6.473437E+2	3.383859E+0
6.475971E+2	3.318285E+0
6.478505E+2	3.389323E+0
6.481039E+2	3.460361E+0
6.483573E+2	3.449433E+0
6.486106E+2	3.296427E+0
6.488640E+2	3.274569E+0
6.491173E+2	3.351072E+0
6.493706E+2	3.356536E+0
6.496240E+2	3.684405E+0
6.498773E+2	3.810088E+0
6.501306E+2	3.804624E+0
6.503839E+2	4.198066E+0
6.506372E+2	4.203531E+0
6.508905E+2	4.176208E+0
6.511437E+2	4.241782E+0
6.513970E+2	4.121564E+0
6.516503E+2	3.695334E+0
6.519035E+2	3.515006E+0
6.521567E+2	3.591509E+0
6.524100E+2	3.717192E+0
6.526632E+2	3.913913E+0
6.529164E+2	3.990416E+0
6.531696E+2	4.280034E+0
6.534228E+2	4.312821E+0
6.536760E+2	4.269105E+0
6.539292E+2	4.154351E+0
6.541824E+2	4.236318E+0
6.544355E+2	4.017739E+0
6.546887E+2	3.984952E+0
6.549418E+2	4.105170E+0
6.551950E+2	4.066919E+0
6.554481E+2	3.821017E+0
6.557012E+2	3.695334E+0
6.559543E+2	3.498613E+0
6.562074E+2	3.077848E+0
6.564605E+2	3.006810E+0
6.567136E+2	3.411181E+0
6.569667E+2	3.383859E+0
6.572198E+2	3.487684E+0
6.574728E+2	3.416646E+0
6.577259E+2	3.258176E+0
6.579789E+2	3.405717E+0
6.582319E+2	3.356536E+0
6.584850E+2	3.482219E+0
6.587380E+2	3.405717E+0
6.589910E+2	3.159815E+0
6.592440E+2	3.159815E+0
6.594970E+2	2.875662E+0
6.597500E+2	2.946700E+0
6.600030E+2	2.799159E+0
6.602559E+2	2.804624E+0
6.605089E+2	2.607902E+0
6.607618E+2	2.482219E+0
6.610148E+2	2.602438E+0
6.612677E+2	2.908449E+0
6.615206E+2	2.815553E+0
6.617736E+2	3.301892E+0
6.620265E+2	3.307356E+0
6.622794E+2	3.045061E+0
6.625323E+2	2.853804E+0
6.627851E+2	2.979487E+0
6.630380E+2	2.902984E+0
6.632909E+2	2.924842E+0
6.635437E+2	3.088777E+0
6.637966E+2	3.176208E+0
6.640494E+2	2.886591E+0
6.643023E+2	2.957629E+0
6.645551E+2	3.159815E+0
6.648079E+2	3.547793E+0
6.650607E+2	3.542329E+0
6.653135E+2	3.520471E+0
6.655663E+2	3.362001E+0
6.658191E+2	2.941236E+0
6.660718E+2	2.935771E+0
6.663246E+2	2.739050E+0
6.665774E+2	2.706263E+0
6.668301E+2	2.624296E+0
6.670828E+2	3.077848E+0
6.673356E+2	3.307356E+0
6.675883E+2	3.099706E+0
6.678410E+2	3.083312E+0
6.680937E+2	3.285498E+0
6.683464E+2	3.263640E+0
6.685991E+2	3.225389E+0
6.688518E+2	3.383859E+0
6.691044E+2	3.285498E+0
6.693571E+2	3.323749E+0
6.696098E+2	3.301892E+0
6.698624E+2	3.269105E+0
6.701150E+2	3.405717E+0
6.703677E+2	3.586045E+0
6.706203E+2	3.706263E+0
6.708729E+2	4.039596E+0
6.711255E+2	4.340143E+0
6.713781E+2	4.274569E+0
6.716307E+2	4.454897E+0
6.718832E+2	4.635225E+0
6.721358E+2	4.531400E+0
6.723884E+2	4.678941E+0
6.726409E+2	4.695334E+0
6.728935E+2	5.137957E+0
6.731460E+2	5.438504E+0
6.733985E+2	5.607902E+0
6.736510E+2	5.564187E+0
6.739035E+2	5.433039E+0
6.741560E+2	5.159815E+0
6.744085E+2	5.405717E+0
6.746610E+2	5.493148E+0
6.749135E+2	5.777301E+0
6.751660E+2	5.717192E+0
6.754184E+2	5.689870E+0
6.756709E+2	5.591509E+0
6.759233E+2	5.613367E+0
6.761757E+2	5.695334E+0
6.764282E+2	5.711728E+0
6.766806E+2	5.569651E+0
6.769330E+2	5.733586E+0
6.771854E+2	5.749979E+0
6.774378E+2	5.886591E+0
6.776901E+2	6.219924E+0
6.779425E+2	6.274569E+0
6.781949E+2	6.274569E+0
6.784472E+2	6.482219E+0
6.786996E+2	6.307356E+0
6.789519E+2	6.252711E+0
6.792042E+2	6.307356E+0
6.794566E+2	6.569651E+0
6.797089E+2	6.586045E+0
6.799612E+2	6.351072E+0
6.802135E+2	5.821017E+0
6.804657E+2	5.678941E+0
6.807180E+2	5.493148E+0
6.809703E+2	5.804624E+0
6.812226E+2	5.897520E+0
6.814748E+2	5.941236E+0
6.817270E+2	6.001345E+0
6.819793E+2	6.039596E+0
6.822315E+2	6.263640E+0
6.824837E+2	6.110635E+0
6.827359E+2	5.957629E+0
6.829881E+2	5.995881E+0
6.832403E+2	6.159815E+0
6.834925E+2	6.077848E+0
6.837447E+2	6.110635E+0
6.839968E+2	6.066919E+0
6.842490E+2	5.924842E+0
6.845011E+2	5.957629E+0
6.847533E+2	6.170744E+0
6.850054E+2	6.192602E+0
6.852575E+2	6.296427E+0
6.855097E+2	6.236318E+0
6.857618E+2	6.110635E+0
6.860139E+2	6.312821E+0
6.862659E+2	6.296427E+0
6.865180E+2	6.127028E+0
6.867701E+2	5.974023E+0
6.870222E+2	5.952165E+0
6.872742E+2	5.810088E+0
6.875263E+2	5.881127E+0
6.877783E+2	5.640689E+0
6.880303E+2	5.340143E+0
6.882823E+2	4.919378E+0
6.885343E+2	4.864733E+0
6.887864E+2	4.963094E+0
6.890383E+2	4.799159E+0
6.892903E+2	4.902984E+0
6.895423E+2	5.159815E+0
6.897943E+2	5.241782E+0
6.900462E+2	4.968558E+0
6.902982E+2	4.831946E+0
6.905501E+2	4.979487E+0
6.908021E+2	5.072383E+0
6.910540E+2	5.187137E+0
6.913059E+2	5.110635E+0
6.915578E+2	5.077848E+0
6.918097E+2	5.181673E+0
6.920616E+2	5.208995E+0
6.923135E+2	5.301892E+0
6.925654E+2	5.252711E+0
6.928172E+2	5.028668E+0
6.930691E+2	5.061454E+0
6.933209E+2	5.028668E+0
6.935728E+2	4.946700E+0
6.938246E+2	4.995881E+0
6.940764E+2	5.170744E+0
6.943282E+2	5.219924E+0
6.945800E+2	5.137957E+0
6.948318E+2	5.127028E+0
6.950836E+2	5.045061E+0
6.953354E+2	5.028668E+0
6.955872E+2	5.362001E+0
6.958389E+2	5.389323E+0
6.960907E+2	5.586045E+0
6.963424E+2	5.602438E+0
6.965942E+2	5.749979E+0
6.968459E+2	5.733586E+0
6.970976E+2	5.607902E+0
6.973493E+2	5.542329E+0
6.976010E+2	5.515006E+0
6.978527E+2	5.427575E+0
6.981044E+2	5.668012E+0
6.983561E+2	5.821017E+0
6.986077E+2	5.700799E+0
6.988594E+2	5.700799E+0
6.991110E+2	5.668012E+0
6.993627E+2	5.646154E+0
6.996143E+2	5.678941E+0
6.998659E+2	5.596974E+0
7.001175E+2	5.433039E+0
7.003692E+2	5.362001E+0
7.006207E+2	5.520471E+0
7.008723E+2	5.433039E+0
7.011239E+2	5.378394E+0
7.013755E+2	5.083312E+0
7.016271E+2	5.077848E+0
7.018786E+2	5.208995E+0
7.021302E+2	5.635225E+0
7.023817E+2	5.602438E+0
7.026332E+2	5.640689E+0
7.028847E+2	5.236318E+0
7.031362E+2	5.454897E+0
7.033878E+2	5.558722E+0
7.036392E+2	5.777301E+0
7.038907E+2	5.624296E+0
7.041422E+2	5.378394E+0
7.043937E+2	5.586045E+0
7.046451E+2	5.542329E+0
7.048966E+2	5.569651E+0
7.051480E+2	5.443968E+0
7.053995E+2	5.542329E+0
7.056509E+2	5.476755E+0
7.059023E+2	5.493148E+0
7.061537E+2	5.575116E+0
7.064051E+2	5.487684E+0
7.066565E+2	5.771837E+0
7.069079E+2	5.908449E+0
7.071593E+2	5.842875E+0
7.074106E+2	5.771837E+0
7.076620E+2	5.476755E+0
7.079133E+2	5.438504E+0
7.081647E+2	5.575116E+0
7.084160E+2	5.525935E+0
7.086673E+2	5.662547E+0
7.089186E+2	5.520471E+0
7.091699E+2	5.372930E+0
7.094212E+2	5.383859E+0
7.096725E+2	5.312821E+0
7.099238E+2	5.247247E+0
7.101751E+2	5.340143E+0
7.104263E+2	5.416646E+0
7.106776E+2	5.389323E+0
7.109288E+2	5.137957E+0
7.111800E+2	5.219924E+0
7.114313E+2	5.285498E+0
7.116825E+2	5.208995E+0
7.119337E+2	5.225389E+0
7.121849E+2	5.176208E+0
7.124361E+2	5.099706E+0
7.126873E+2	5.154351E+0
7.129384E+2	5.329214E+0
7.131896E+2	5.301892E+0
7.134408E+2	5.312821E+0
7.136919E+2	5.323749E+0
7.139430E+2	5.383859E+0
7.141942E+2	5.427575E+0
7.144453E+2	5.372930E+0
7.146964E+2	5.471290E+0
7.149475E+2	5.618831E+0
7.151986E+2	5.859269E+0
7.154497E+2	5.990416E+0
7.157008E+2	5.930307E+0
7.159518E+2	5.941236E+0
7.162029E+2	6.028668E+0
7.164540E+2	6.269105E+0
7.167050E+2	6.433039E+0
7.169560E+2	6.465826E+0
7.172071E+2	6.345607E+0
7.174581E+2	6.367465E+0
7.177091E+2	6.487684E+0
7.179601E+2	6.345607E+0
7.182111E+2	6.722657E+0
7.184621E+2	6.558722E+0
7.187130E+2	6.766372E+0
7.189640E+2	6.974023E+0
7.192150E+2	7.045061E+0
7.194659E+2	7.132493E+0
7.197169E+2	6.826482E+0
7.199678E+2	6.744515E+0
7.202187E+2	6.804624E+0
7.204696E+2	6.733586E+0
7.207205E+2	6.826482E+0
7.209714E+2	6.722657E+0
7.212223E+2	6.411181E+0
7.214732E+2	6.208995E+0
7.217241E+2	6.247247E+0
7.219749E+2	6.148886E+0
7.222258E+2	6.121564E+0
7.224766E+2	5.935771E+0
7.227274E+2	6.170744E+0
7.229783E+2	6.367465E+0
7.232291E+2	6.427575E+0
7.234799E+2	6.460361E+0
7.237307E+2	6.416646E+0
7.239815E+2	6.187137E+0
7.242323E+2	6.536864E+0
7.244830E+2	6.804624E+0
7.247338E+2	6.913913E+0
7.249846E+2	7.055990E+0
7.252353E+2	7.219924E+0
7.254861E+2	7.077848E+0
7.257368E+2	7.039596E+0
7.259875E+2	7.099706E+0
7.262382E+2	7.318285E+0
7.264889E+2	7.099706E+0
7.267396E+2	6.946700E+0
7.269903E+2	6.678941E+0
7.272410E+2	6.564187E+0
7.274917E+2	6.668012E+0
7.277423E+2	7.241782E+0
7.279930E+2	7.367465E+0
7.282436E+2	7.116099E+0
7.284942E+2	7.170744E+0
7.287449E+2	7.187137E+0
7.289955E+2	7.269105E+0
7.292461E+2	7.372930E+0
7.294967E+2	7.356536E+0
7.297473E+2	7.465826E+0
7.299979E+2	7.515006E+0
7.302484E+2	7.586045E+0
7.304990E+2	7.651618E+0
7.307496E+2	7.607902E+0
7.310001E+2	7.897520E+0
7.312507E+2	7.793695E+0
7.315012E+2	7.749979E+0
7.317517E+2	7.793695E+0
7.320022E+2	8.012274E+0
7.322527E+2	7.897520E+0
7.325032E+2	8.121564E+0
7.327537E+2	8.143422E+0
7.330042E+2	8.143422E+0
7.332547E+2	8.367465E+0
7.335051E+2	8.476755E+0
7.337556E+2	8.657083E+0
7.340060E+2	8.613367E+0
7.342564E+2	8.815553E+0
7.345069E+2	9.416646E+0
7.347573E+2	9.913913E+0
7.350077E+2	1.059151E+1
7.352581E+2	1.098495E+1
7.355085E+2	1.103960E+1
7.357589E+2	1.140572E+1
7.360092E+2	1.174451E+1
7.362596E+2	1.254233E+1
7.365100E+2	1.406145E+1
7.367603E+2	1.521446E+1
7.370106E+2	1.619260E+1
7.372610E+2	1.742211E+1
7.375113E+2	1.868987E+1
7.377616E+2	1.996856E+1
7.380119E+2	2.128003E+1
7.382622E+2	2.291938E+1
7.385125E+2	2.487566E+1
7.387628E+2	2.707785E+1
7.390130E+2	2.949861E+1
7.392633E+2	3.199588E+1
7.395135E+2	3.446583E+1
7.397638E+2	3.716528E+1
7.400140E+2	4.005053E+1
7.402642E+2	4.324725E+1
7.405144E+2	4.656965E+1
7.407647E+2	4.993577E+1
7.410149E+2	5.293031E+1
7.412650E+2	5.555872E+1
7.415152E+2	5.772266E+1
7.417654E+2	6.015435E+1
7.420156E+2	6.306145E+1
7.422657E+2	6.700681E+1
7.425159E+2	7.165162E+1
7.427660E+2	7.634561E+1
7.430161E+2	7.970626E+1
7.432662E+2	8.244943E+1
7.435164E+2	8.532921E+1
7.437665E+2	8.942211E+1
7.440165E+2	9.444943E+1
7.442666E+2	1.002636E+2
7.445167E+2	1.060232E+2
7.447668E+2	1.122527E+2
7.450168E+2	1.194385E+2
7.452669E+2	1.269358E+2
7.455169E+2	1.339686E+2
7.457669E+2	1.400396E+2
7.460170E+2	1.457008E+2
7.462670E+2	1.514658E+2
7.465170E+2	1.580833E+2
7.467670E+2	1.658483E+2
7.470170E+2	1.747008E+2
7.472670E+2	1.856735E+2
7.475169E+2	1.990396E+2
7.477669E+2	2.124658E+2
7.480168E+2	2.250888E+2
7.482668E+2	2.372746E+2
7.485167E+2	2.489358E+2
7.487666E+2	2.597828E+2
7.490166E+2	2.702309E+2
7.492665E+2	2.806079E+2
7.495164E+2	2.913401E+2
7.497663E+2	3.017609E+2
7.500161E+2	3.112418E+2
7.502660E+2	3.191707E+2
7.505159E+2	3.262199E+2
7.507657E+2	3.328429E+2
7.510156E+2	3.400123E+2
7.512654E+2	3.475095E+2
7.515152E+2	3.556024E+2
7.517651E+2	3.635095E+2
7.520149E+2	3.725369E+2
7.522647E+2	3.823784E+2
7.525145E+2	3.935478E+2
7.527643E+2	4.061926E+2
7.530140E+2	4.197227E+2
7.532638E+2	4.336680E+2
7.535136E+2	4.467609E+2
7.537633E+2	4.583019E+2
7.540131E+2	4.690833E+2
7.542628E+2	4.804877E+2
7.545125E+2	4.929631E+2
7.547622E+2	5.063292E+2
7.550119E+2	5.198483E+2
7.552616E+2	5.328593E+2
7.555113E+2	5.447227E+2
7.557610E+2	5.566462E+2
7.560107E+2	5.674166E+2
7.562603E+2	5.777609E+2
7.565100E+2	5.873620E+2
7.567596E+2	5.962309E+2
7.570093E+2	6.040778E+2
7.572589E+2	6.105150E+2
7.575085E+2	6.154276E+2
7.577581E+2	6.183347E+2
7.580077E+2	6.211325E+2
7.582573E+2	6.249959E+2
7.585069E+2	6.291762E+2
7.587565E+2	6.329412E+2
7.590060E+2	6.343347E+2
7.592556E+2	6.341544E+2
7.595051E+2	6.331544E+2
7.597547E+2	6.322363E+2
7.600042E+2	6.305970E+2
7.602537E+2	6.280615E+2
7.605032E+2	6.249850E+2
7.607527E+2	6.227937E+2
7.610022E+2	6.218210E+2
7.612517E+2	6.220177E+2
7.615012E+2	6.221817E+2
7.617507E+2	6.228101E+2
7.620001E+2	6.228866E+2
7.622496E+2	6.224003E+2
7.624990E+2	6.205806E+2
7.627485E+2	6.162910E+2
7.629979E+2	6.120669E+2
7.632473E+2	6.087172E+2
7.634967E+2	6.061216E+2
7.637461E+2	6.040287E+2
7.639955E+2	6.023839E+2
7.642449E+2	6.013074E+2
7.644942E+2	5.997336E+2
7.647436E+2	5.967554E+2
7.649930E+2	5.932964E+2
7.652423E+2	5.903675E+2
7.654916E+2	5.886407E+2
7.657410E+2	5.879194E+2
7.659903E+2	5.869194E+2
7.662396E+2	5.848101E+2
7.664889E+2	5.823456E+2
7.667382E+2	5.782199E+2
7.669875E+2	5.730615E+2
7.672367E+2	5.668265E+2
7.674860E+2	5.593237E+2
7.677353E+2	5.501325E+2
7.679845E+2	5.393784E+2
7.682337E+2	5.284604E+2
7.684830E+2	5.177554E+2
7.687322E+2	5.084057E+2
7.689814E+2	5.016243E+2
7.692306E+2	4.963620E+2
7.694798E+2	4.912746E+2
7.697290E+2	4.863565E+2
7.699782E+2	4.817882E+2
7.702273E+2	4.777445E+2
7.704765E+2	4.751270E+2
7.707256E+2	4.742199E+2
7.709748E+2	4.736407E+2
7.712239E+2	4.759194E+2
7.714730E+2	4.802145E+2
7.717222E+2	4.873565E+2
7.719713E+2	4.966735E+2
7.722204E+2	5.070232E+2
7.724694E+2	5.185533E+2
7.727185E+2	5.306953E+2
7.729676E+2	5.438156E+2
7.732167E+2	5.567063E+2
7.734657E+2	5.681981E+2
7.737147E+2	5.786899E+2
7.739638E+2	5.885150E+2
7.742128E+2	5.976243E+2
7.744618E+2	6.060396E+2
7.747108E+2	6.134112E+2
7.749598E+2	6.195587E+2
7.752088E+2	6.253347E+2
7.754578E+2	6.307937E+2
7.757068E+2	6.357664E+2
7.759557E+2	6.399522E+2
7.762047E+2	6.433456E+2
7.764536E+2	6.457609E+2
7.767026E+2	6.470942E+2
7.769515E+2	6.466844E+2
7.772004E+2	6.455041E+2
7.774493E+2	6.436352E+2
7.776982E+2	6.409358E+2
7.779471E+2	6.392145E+2
7.781960E+2	6.373893E+2
7.784449E+2	6.360396E+2
7.786938E+2	6.349194E+2
7.789426E+2	6.343019E+2
7.791915E+2	6.348757E+2
7.794403E+2	6.370341E+2
7.796891E+2	6.408538E+2
7.799380E+2	6.466134E+2
7.801868E+2	6.541981E+2
7.804356E+2	6.631161E+2
7.806844E+2	6.732472E+2
7.809332E+2	6.841434E+2
7.811819E+2	6.962145E+2
7.814307E+2	7.089412E+2
7.816795E+2	7.216407E+2
7.819282E+2	7.350942E+2
7.821770E+2	7.497063E+2
7.824257E+2	7.644440E+2
7.826744E+2	7.794166E+2
7.829231E+2	7.933839E+2
7.831718E+2	8.067937E+2
7.834205E+2	8.188593E+2
7.836692E+2	8.289303E+2
7.839179E+2	8.373401E+2
7.841666E+2	8.433893E+2
7.844152E+2	8.471598E+2
7.846639E+2	8.494877E+2
7.849125E+2	8.494440E+2
7.851612E+2	8.475915E+2
7.854098E+2	8.438921E+2
7.856584E+2	8.388647E+2
7.859070E+2	8.326789E+2
7.861556E+2	8.263511E+2
7.864042E+2	8.188374E+2
7.866528E+2	8.103948E+2
7.869014E+2	8.007445E+2
7.871499E+2	7.901981E+2
7.873985E+2	7.801926E+2
7.876470E+2	7.708101E+2
7.878956E+2	7.617227E+2
7.881441E+2	7.539467E+2
7.883926E+2	7.472254E+2
7.886411E+2	7.427937E+2
7.888896E+2	7.407773E+2
7.891381E+2	7.402472E+2
7.893866E+2	7.427500E+2
7.896351E+2	7.464768E+2
7.898835E+2	7.517445E+2
7.901320E+2	7.583456E+2
7.903804E+2	7.657391E+2
7.906289E+2	7.738374E+2
7.908773E+2	7.827773E+2
7.911257E+2	7.922855E+2
7.913742E+2	8.023784E+2
7.916226E+2	8.128483E+2
7.918709E+2	8.231106E+2
7.921193E+2	8.336571E+2
7.923677E+2	8.437554E+2
7.926161E+2	8.533292E+2
7.928644E+2	8.624931E+2
7.931128E+2	8.695423E+2
7.933611E+2	8.756243E+2
7.936095E+2	8.805806E+2
7.938578E+2	8.841106E+2
7.941061E+2	8.863565E+2
7.943544E+2	8.871161E+2
7.946027E+2	8.854330E+2
7.948510E+2	8.816407E+2
7.950993E+2	8.762309E+2
7.953475E+2	8.694658E+2
7.955958E+2	8.616462E+2
7.958440E+2	8.527937E+2
7.960923E+2	8.434057E+2
7.963405E+2	8.340888E+2
7.965887E+2	8.247609E+2
7.968370E+2	8.163237E+2
7.970852E+2	8.084604E+2
7.973334E+2	8.010724E+2
7.975816E+2	7.946462E+2
7.978297E+2	7.898975E+2
7.980779E+2	7.874057E+2
7.983261E+2	7.863347E+2
7.985742E+2	7.877063E+2
7.988224E+2	7.908811E+2
7.990705E+2	7.961981E+2
7.993186E+2	8.033237E+2
7.995668E+2	8.115860E+2
7.998149E+2	8.204440E+2
8.000630E+2	8.307718E+2
8.003111E+2	8.409740E+2
8.005591E+2	8.515041E+2
8.008072E+2	8.612309E+2
8.010553E+2	8.702145E+2
8.013033E+2	8.776516E+2
8.015514E+2	8.834276E+2
8.017994E+2	8.874385E+2
8.020474E+2	8.901981E+2
8.022955E+2	8.910997E+2
8.025435E+2	8.903893E+2
8.027915E+2	8.877008E+2
8.030395E+2	8.839631E+2
8.032874E+2	8.786516E+2
8.035354E+2	8.724549E+2
8.037834E+2	8.651270E+2
8.040313E+2	8.574494E+2
8.042793E+2	8.495915E+2
8.045272E+2	8.410287E+2
8.047752E+2	8.328921E+2
8.050231E+2	8.252309E+2
8.052710E+2	8.178429E+2
8.055189E+2	8.106953E+2
8.057668E+2	8.039576E+2
8.060147E+2	7.979139E+2
8.062625E+2	7.920232E+2
8.065104E+2	7.868975E+2
8.067583E+2	7.826625E+2
8.070061E+2	7.806352E+2
8.072540E+2	7.797664E+2
8.075018E+2	7.807117E+2
8.077496E+2	7.830724E+2
8.079974E+2	7.873401E+2
8.082452E+2	7.948319E+2
8.084930E+2	8.040778E+2
8.087408E+2	8.157172E+2
8.089886E+2	8.292582E+2
8.092364E+2	8.444768E+2
8.094841E+2	8.613456E+2
8.097319E+2	8.796680E+2
8.099796E+2	8.992145E+2
8.102273E+2	9.198046E+2
8.104751E+2	9.407500E+2
8.107228E+2	9.613948E+2
8.109705E+2	9.821598E+2
8.112182E+2	1.001941E+3
8.114659E+2	1.020373E+3
8.117135E+2	1.037001E+3
8.119612E+2	1.051898E+3
8.122089E+2	1.064848E+3
8.124565E+2	1.075471E+3
8.127042E+2	1.084056E+3
8.129518E+2	1.089449E+3
8.131994E+2	1.091766E+3
8.134470E+2	1.091602E+3
8.136946E+2	1.087990E+3
8.139422E+2	1.082018E+3
8.141898E+2	1.073351E+3
8.144374E+2	1.062668E+3
8.146850E+2	1.051072E+3
8.149325E+2	1.038941E+3
8.151801E+2	1.026291E+3
8.154276E+2	1.014176E+3
8.156752E+2	1.003444E+3
8.159227E+2	9.944549E+2
8.161702E+2	9.870232E+2
8.164177E+2	9.816625E+2
8.166652E+2	9.783292E+2
8.169127E+2	9.776352E+2
8.171602E+2	9.783456E+2
8.174077E+2	9.813511E+2
8.176551E+2	9.858538E+2
8.179026E+2	9.919030E+2
8.181500E+2	9.986625E+2
8.183975E+2	1.006132E+3
8.186449E+2	1.013613E+3
8.188923E+2	1.021220E+3
8.191397E+2	1.027723E+3
8.193871E+2	1.033493E+3
8.196345E+2	1.038214E+3
8.198819E+2	1.041488E+3
8.201293E+2	1.043094E+3
8.203766E+2	1.043236E+3
8.206240E+2	1.041898E+3
8.208713E+2	1.038214E+3
8.211187E+2	1.032712E+3
8.213660E+2	1.025745E+3
8.216133E+2	1.017089E+3
8.218606E+2	1.006537E+3
8.221079E+2	9.939795E+2
8.223552E+2	9.800505E+2
8.226025E+2	9.647227E+2
8.228498E+2	9.480123E+2
8.230970E+2	9.294549E+2
8.233443E+2	9.090287E+2
8.235915E+2	8.874057E+2
8.238388E+2	8.638101E+2
8.240860E+2	8.394112E+2
8.243332E+2	8.140669E+2
8.245804E+2	7.874822E+2
8.248276E+2	7.603784E+2
8.250748E+2	7.330232E+2
8.253220E+2	7.050013E+2
8.255692E+2	6.767664E+2
8.258163E+2	6.490997E+2
8.260635E+2	6.217117E+2
8.263106E+2	5.951762E+2
8.265578E+2	5.696680E+2
8.268049E+2	5.456079E+2
8.270520E+2	5.224658E+2
8.272991E+2	5.006462E+2
8.275462E+2	4.800997E+2
8.277933E+2	4.605697E+2
8.280404E+2	4.429576E+2
8.282875E+2	4.270232E+2
8.285345E+2	4.128538E+2
8.287816E+2	4.004166E+2
8.290287E+2	3.893675E+2
8.292757E+2	3.799139E+2
8.295227E+2	3.714713E+2
8.297697E+2	3.641106E+2
8.300168E+2	3.571762E+2
8.302638E+2	3.503019E+2
8.305107E+2	3.433511E+2
8.307577E+2	3.355697E+2
8.310047E+2	3.271598E+2
8.312517E+2	3.181270E+2
8.314986E+2	3.079576E+2
8.317456E+2	2.970505E+2
8.319925E+2	2.849412E+2
8.322394E+2	2.720942E+2
8.324864E+2	2.587664E+2
8.327333E+2	2.449686E+2
8.329802E+2	2.304112E+2
8.332271E+2	2.159084E+2
8.334740E+2	2.010560E+2
8.337208E+2	1.862855E+2
8.339677E+2	1.717172E+2
8.342146E+2	1.574986E+2
8.344614E+2	1.438975E+2
8.347082E+2	1.309795E+2
8.349551E+2	1.189850E+2
8.352019E+2	1.074768E+2
8.354487E+2	9.722539E+1
8.356955E+2	8.818167E+1
8.359423E+2	8.059151E+1
8.361891E+2	7.403960E+1
8.364359E+2	6.821992E+1
8.366826E+2	6.359697E+1
8.369294E+2	5.982648E+1
8.371761E+2	5.682102E+1
8.374229E+2	5.433468E+1
8.376696E+2	5.210517E+1
8.379163E+2	5.053140E+1
8.381630E+2	4.901227E+1
8.384097E+2	4.768987E+1
8.386564E+2	4.668441E+1
8.389031E+2	4.578277E+1
8.391498E+2	4.472812E+1
8.393965E+2	4.375544E+1
8.396431E+2	4.280462E+1
8.398898E+2	4.190845E+1
8.401364E+2	4.069533E+1
8.403830E+2	3.965708E+1
8.406297E+2	3.864069E+1
8.408763E+2	3.757512E+1
8.411229E+2	3.620900E+1
8.413695E+2	3.484834E+1
8.416161E+2	3.340025E+1
8.418626E+2	3.242211E+1
8.421092E+2	3.128003E+1
8.423558E+2	3.015982E+1
8.426023E+2	2.904506E+1
8.428489E+2	2.784834E+1
8.430954E+2	2.672812E+1
8.433419E+2	2.567348E+1
8.435884E+2	2.450954E+1
8.438349E+2	2.343850E+1
8.440814E+2	2.243850E+1
8.443279E+2	2.155872E+1
8.445744E+2	2.082102E+1
8.448208E+2	1.996309E+1
8.450673E+2	1.907238E+1
8.453138E+2	1.859697E+1
8.455602E+2	1.798495E+1
8.458066E+2	1.748222E+1
8.460530E+2	1.694124E+1
8.462995E+2	1.647129E+1
8.465459E+2	1.638932E+1
8.467923E+2	1.602867E+1
8.470386E+2	1.578277E+1
8.472850E+2	1.548222E+1
8.475314E+2	1.515982E+1
8.477777E+2	1.478823E+1
8.480241E+2	1.477730E+1
8.482704E+2	1.458058E+1
8.485168E+2	1.440025E+1
8.487631E+2	1.420900E+1
8.490094E+2	1.383195E+1
8.492557E+2	1.383195E+1
8.495020E+2	1.385927E+1
8.497483E+2	1.352047E+1
8.499946E+2	1.316528E+1
8.502408E+2	1.333468E+1
8.504871E+2	1.322539E+1
8.507333E+2	1.308331E+1
8.509796E+2	1.293031E+1
8.512258E+2	1.266255E+1
8.514720E+2	1.281555E+1
8.517182E+2	1.235107E+1
8.519644E+2	1.223085E+1
8.522106E+2	1.188659E+1
8.524568E+2	1.200681E+1
8.527030E+2	1.209424E+1
8.529492E+2	1.189752E+1
8.531953E+2	1.194670E+1
8.534415E+2	1.187566E+1
8.536876E+2	1.171719E+1
8.539337E+2	1.138932E+1
8.541799E+2	1.124178E+1
8.544260E+2	1.120900E+1
8.546721E+2	1.128550E+1
8.549182E+2	1.093031E+1
8.551643E+2	1.109424E+1
8.554103E+2	1.084834E+1
8.556564E+2	1.083195E+1
8.559024E+2	1.079369E+1
8.561485E+2	1.067894E+1
8.563945E+2	1.073905E+1
8.566406E+2	1.107238E+1
8.568866E+2	1.107785E+1
8.571326E+2	1.077730E+1
8.573786E+2	1.053140E+1
8.576246E+2	1.034561E+1
8.578706E+2	1.031282E+1
8.581166E+2	1.037839E+1
8.583625E+2	1.066255E+1
8.586085E+2	1.082648E+1
8.588544E+2	1.070626E+1
8.591004E+2	1.089752E+1
8.593463E+2	1.066255E+1
8.595922E+2	1.053686E+1
8.598381E+2	1.038932E+1
8.600840E+2	1.026910E+1
8.603299E+2	1.043850E+1
8.605758E+2	1.053686E+1
8.608217E+2	1.019260E+1
8.610675E+2	1.017621E+1
8.613134E+2	1.017621E+1
8.615592E+2	1.017621E+1
8.618051E+2	1.015435E+1
8.620509E+2	9.995881E+0
8.622967E+2	1.012703E+1
8.625425E+2	1.008331E+1
8.627883E+2	1.001227E+1
8.630341E+2	9.706263E+0
8.632799E+2	9.498613E+0
8.635257E+2	9.635225E+0
8.637715E+2	9.618831E+0
8.640172E+2	9.744515E+0
8.642630E+2	9.946700E+0
8.645087E+2	9.777301E+0
8.647544E+2	9.733586E+0
8.650001E+2	9.782766E+0
8.652459E+2	9.646154E+0
8.654916E+2	9.662547E+0
8.657372E+2	9.586045E+0
8.659829E+2	9.629760E+0
8.662286E+2	9.646154E+0
8.664743E+2	9.591509E+0
8.667199E+2	9.837411E+0
8.669656E+2	9.842875E+0
8.672112E+2	1.006145E+1
8.674568E+2	9.821017E+0
8.677024E+2	9.629760E+0
8.679481E+2	9.515006E+0
8.681937E+2	9.181673E+0
8.684392E+2	8.930307E+0
8.686848E+2	8.689870E+0
8.689304E+2	8.892055E+0
8.691760E+2	8.875662E+0
8.694215E+2	8.793695E+0
8.696671E+2	8.536864E+0
8.699126E+2	8.782766E+0
8.701581E+2	8.717192E+0
8.704036E+2	8.815553E+0
8.706491E+2	8.804624E+0
8.708946E+2	8.646154E+0
8.711401E+2	8.629760E+0
8.713856E+2	8.635225E+0
8.716311E+2	8.422110E+0
8.718766E+2	8.230853E+0
8.721220E+2	8.515006E+0
8.723674E+2	8.613367E+0
8.726129E+2	8.618831E+0
8.728583E+2	8.788230E+0
8.731037E+2	8.624296E+0
8.733491E+2	8.290963E+0
8.735945E+2	8.181673E+0
8.738399E+2	8.219924E+0
8.740853E+2	8.181673E+0
8.743307E+2	8.422110E+0
8.745760E+2	8.411181E+0
8.748214E+2	8.586045E+0
8.750667E+2	8.870198E+0
8.753121E+2	8.465826E+0
8.755574E+2	8.362001E+0
8.758027E+2	8.263640E+0
8.760480E+2	8.269105E+0
8.762933E+2	8.023203E+0
8.765386E+2	7.624296E+0
8.767839E+2	7.618831E+0
8.770291E+2	7.706263E+0
8.772744E+2	7.591509E+0
8.775196E+2	7.629760E+0
8.777649E+2	7.454897E+0
8.780101E+2	7.580580E+0
8.782553E+2	7.733586E+0
8.785006E+2	7.760908E+0
8.787458E+2	7.678941E+0
8.789910E+2	7.678941E+0
8.792361E+2	7.575116E+0
8.794813E+2	7.673476E+0
8.797265E+2	7.886591E+0
8.799717E+2	8.034132E+0
8.802168E+2	7.990416E+0
8.804619E+2	8.039596E+0
8.807071E+2	7.881127E+0
8.809522E+2	7.657083E+0
8.811973E+2	7.531400E+0
8.814424E+2	7.400252E+0
8.816875E+2	7.198066E+0
8.819326E+2	7.367465E+0
8.821777E+2	7.340143E+0
8.824227E+2	7.269105E+0
8.826678E+2	7.290963E+0
8.829128E+2	7.329214E+0
8.831579E+2	7.509542E+0
8.834029E+2	7.662547E+0
8.836479E+2	7.892055E+0
8.838929E+2	7.902984E+0
8.841379E+2	7.995881E+0
8.843829E+2	7.946700E+0
8.846279E+2	7.974023E+0
8.848729E+2	7.897520E+0
8.851179E+2	7.831946E+0
8.853628E+2	7.908449E+0
8.856078E+2	7.782766E+0
8.858527E+2	7.777301E+0
8.860976E+2	7.804624E+0
8.863425E+2	7.837411E+0
8.865875E+2	7.706263E+0
8.868324E+2	7.389323E+0
8.870772E+2	7.214460E+0
8.873221E+2	7.110635E+0
8.875670E+2	6.859269E+0
8.878119E+2	6.760908E+0
8.880567E+2	6.897520E+0
8.883016E+2	6.848340E+0
8.885464E+2	6.766372E+0
8.887912E+2	6.777301E+0
8.890360E+2	6.793695E+0
8.892809E+2	6.744515E+0
8.895257E+2	6.821017E+0
8.897704E+2	6.651618E+0
8.900152E+2	6.525935E+0
8.902600E+2	6.602438E+0
8.905048E+2	6.493148E+0
8.907495E+2	6.542329E+0
8.909943E+2	6.471290E+0
8.912390E+2	6.668012E+0
8.914837E+2	6.700799E+0
8.917284E+2	6.821017E+0
8.919731E+2	6.525935E+0
8.922178E+2	6.427575E+0
8.924625E+2	6.646154E+0
8.927072E+2	6.804624E+0
8.929519E+2	6.640689E+0
8.931965E+2	6.810088E+0
8.934412E+2	6.678941E+0
8.936858E+2	6.952165E+0
8.939305E+2	7.050525E+0
8.941751E+2	6.771837E+0
8.944197E+2	6.777301E+0
8.946643E+2	6.493148E+0
8.949089E+2	6.411181E+0
8.951535E+2	6.285498E+0
8.953981E+2	5.902984E+0
8.956426E+2	6.247247E+0
8.958872E+2	6.225389E+0
8.961317E+2	6.247247E+0
8.963763E+2	6.301892E+0
8.966208E+2	6.356536E+0
8.968653E+2	6.236318E+0
8.971098E+2	6.225389E+0
8.973543E+2	6.301892E+0
8.975988E+2	6.367465E+0
8.978433E+2	6.301892E+0
8.980878E+2	6.165280E+0
8.983323E+2	6.176208E+0
8.985767E+2	6.028668E+0
8.988212E+2	5.957629E+0
8.990656E+2	5.968558E+0
8.993100E+2	6.099706E+0
8.995545E+2	6.247247E+0
8.997989E+2	6.039596E+0
9.000433E+2	5.990416E+0
9.002877E+2	5.728121E+0
9.005320E+2	5.875662E+0
9.007764E+2	5.892055E+0
9.010208E+2	5.984952E+0
9.012651E+2	5.749979E+0
9.015095E+2	5.831946E+0
9.017538E+2	5.968558E+0
9.019981E+2	5.810088E+0
9.022425E+2	6.045061E+0
9.024868E+2	6.296427E+0
9.027311E+2	6.192602E+0
9.029754E+2	5.864733E+0
9.032196E+2	5.957629E+0
9.034639E+2	5.859269E+0
9.037082E+2	5.640689E+0
9.039524E+2	5.717192E+0
9.041967E+2	5.493148E+0
9.044409E+2	5.504077E+0
9.046851E+2	5.842875E+0
9.049293E+2	5.979487E+0
9.051736E+2	5.815553E+0
9.054177E+2	6.050525E+0
9.056619E+2	6.465826E+0
9.059061E+2	6.471290E+0
9.061503E+2	6.427575E+0
9.063944E+2	6.531400E+0
9.066386E+2	6.274569E+0
9.068827E+2	6.252711E+0
9.071269E+2	6.454897E+0
9.073710E+2	6.307356E+0
9.076151E+2	6.416646E+0
9.078592E+2	6.482219E+0
9.081033E+2	6.542329E+0
9.083474E+2	6.706263E+0
9.085915E+2	6.400252E+0
9.088355E+2	6.203531E+0
9.090796E+2	6.525935E+0
9.093236E+2	6.498613E+0
9.095677E+2	6.733586E+0
9.098117E+2	6.717192E+0
9.100557E+2	7.001345E+0
9.102997E+2	7.383859E+0
9.105437E+2	7.187137E+0
9.107877E+2	7.362001E+0
9.110317E+2	7.509542E+0
9.112757E+2	7.591509E+0
9.115197E+2	7.646154E+0
9.117636E+2	7.553258E+0
9.120076E+2	7.602438E+0
9.122515E+2	7.531400E+0
9.124954E+2	7.498613E+0
9.127393E+2	7.651618E+0
9.129832E+2	7.935771E+0
9.132271E+2	8.028668E+0
9.134710E+2	8.208995E+0
9.137149E+2	8.187137E+0
9.139588E+2	8.088777E+0
9.142026E+2	7.908449E+0
9.144465E+2	7.755443E+0
9.146903E+2	7.771837E+0
9.149342E+2	7.668012E+0
9.151780E+2	7.870198E+0
9.154218E+2	7.963094E+0
9.156656E+2	7.974023E+0
9.159094E+2	8.061454E+0
9.161532E+2	8.159815E+0
9.163970E+2	8.170744E+0
9.166408E+2	8.362001E+0
9.168845E+2	8.531400E+0
9.171283E+2	8.340143E+0
9.173720E+2	8.383859E+0
9.176157E+2	8.668012E+0
9.178595E+2	8.881127E+0
9.181032E+2	8.908449E+0
9.183469E+2	8.919378E+0
9.185906E+2	9.099706E+0
9.188343E+2	8.892055E+0
9.190779E+2	8.984952E+0
9.193216E+2	8.821017E+0
9.195653E+2	8.607902E+0
9.198089E+2	8.482219E+0
9.200525E+2	8.536864E+0
9.202962E+2	8.493148E+0
9.205398E+2	8.170744E+0
9.207834E+2	8.219924E+0
9.210270E+2	8.219924E+0
9.212706E+2	8.438504E+0
9.215142E+2	8.744515E+0
9.217577E+2	8.924842E+0
9.220013E+2	8.782766E+0
9.222449E+2	8.487684E+0
9.224884E+2	8.394788E+0
9.227319E+2	8.351072E+0
9.229755E+2	8.203531E+0
9.232190E+2	8.077848E+0
9.234625E+2	8.460361E+0
9.237060E+2	8.575116E+0
9.239495E+2	8.602438E+0
9.241930E+2	8.586045E+0
9.244364E+2	8.449433E+0
9.246799E+2	8.536864E+0
9.249233E+2	8.285498E+0
9.251668E+2	8.225389E+0
9.254102E+2	7.946700E+0
9.256536E+2	7.853804E+0
9.258971E+2	7.908449E+0
9.261405E+2	7.935771E+0
9.263839E+2	7.979487E+0
9.266272E+2	8.006810E+0
9.268706E+2	8.219924E+0
9.271140E+2	8.340143E+0
9.273573E+2	8.301892E+0
9.276007E+2	8.318285E+0
9.278440E+2	8.301892E+0
9.280874E+2	8.208995E+0
9.283307E+2	8.077848E+0
9.285740E+2	8.116099E+0
9.288173E+2	8.323749E+0
9.290606E+2	8.208995E+0
9.293039E+2	8.372930E+0
9.295471E+2	8.487684E+0
9.297904E+2	8.689870E+0
9.300337E+2	8.722657E+0
9.302769E+2	8.542329E+0
9.305201E+2	8.542329E+0
9.307634E+2	8.504077E+0
9.310066E+2	8.733586E+0
9.312498E+2	8.673476E+0
9.314930E+2	8.531400E+0
9.317362E+2	8.504077E+0
9.319794E+2	8.389323E+0
9.322225E+2	8.438504E+0
9.324657E+2	8.034132E+0
9.327088E+2	8.006810E+0
9.329520E+2	7.924842E+0
9.331951E+2	7.995881E+0
9.334382E+2	8.116099E+0
9.336814E+2	8.012274E+0
9.339245E+2	7.821017E+0
9.341676E+2	7.946700E+0
9.344106E+2	8.198066E+0
9.346537E+2	8.192602E+0
9.348968E+2	8.296427E+0
9.351398E+2	8.307356E+0
9.353829E+2	8.411181E+0
9.356259E+2	8.405717E+0
9.358690E+2	8.372930E+0
9.361120E+2	8.127028E+0
9.363550E+2	7.984952E+0
9.365980E+2	8.006810E+0
9.368410E+2	8.077848E+0
9.370840E+2	8.438504E+0
9.373269E+2	8.274569E+0
9.375699E+2	8.334678E+0
9.378129E+2	8.372930E+0
9.380558E+2	8.269105E+0
9.382987E+2	7.875662E+0
9.385417E+2	7.924842E+0
9.387846E+2	7.728121E+0
9.390275E+2	7.919378E+0
9.392704E+2	8.110635E+0
9.395133E+2	8.143422E+0
9.397562E+2	8.258176E+0
9.399990E+2	8.176208E+0
9.402419E+2	8.493148E+0
9.404847E+2	8.558722E+0
9.407276E+2	8.482219E+0
9.409704E+2	8.471290E+0
9.412132E+2	8.465826E+0
9.414560E+2	8.602438E+0
9.416988E+2	8.389323E+0
9.419416E+2	8.280034E+0
9.421844E+2	8.148886E+0
9.424272E+2	8.017739E+0
9.426700E+2	7.831946E+0
9.429127E+2	7.864733E+0
9.431555E+2	7.826482E+0
9.433982E+2	7.864733E+0
9.436409E+2	7.454897E+0
9.438837E+2	7.624296E+0
9.441264E+2	7.558722E+0
9.443691E+2	7.596974E+0
9.446118E+2	7.498613E+0
9.448544E+2	7.547793E+0
9.450971E+2	7.476755E+0
9.453398E+2	7.416646E+0
9.455824E+2	7.329214E+0
9.458251E+2	7.148886E+0
9.460677E+2	7.280034E+0
9.463103E+2	7.553258E+0
9.465530E+2	7.493148E+0
9.467956E+2	7.744515E+0
9.470382E+2	7.651618E+0
9.472807E+2	7.799159E+0
9.475233E+2	7.766372E+0
9.477659E+2	7.749979E+0
9.480084E+2	7.640689E+0
9.482510E+2	7.351072E+0
9.484935E+2	7.711728E+0
9.487361E+2	7.930307E+0
9.489786E+2	8.154351E+0
9.492211E+2	7.913913E+0
9.494636E+2	7.902984E+0
9.497061E+2	7.777301E+0
9.499486E+2	7.575116E+0
9.501911E+2	7.804624E+0
9.504335E+2	7.722657E+0
9.506760E+2	7.799159E+0
9.509184E+2	7.842875E+0
9.511609E+2	7.908449E+0
9.514033E+2	7.990416E+0
9.516457E+2	7.963094E+0
9.518881E+2	7.941236E+0
9.521305E+2	7.952165E+0
9.523729E+2	8.012274E+0
9.526153E+2	7.968558E+0
9.528576E+2	8.012274E+0
9.531000E+2	8.198066E+0
9.533424E+2	8.241782E+0
9.535847E+2	8.192602E+0
9.538270E+2	7.974023E+0
9.540694E+2	7.799159E+0
9.543117E+2	7.607902E+0
9.545540E+2	7.678941E+0
9.547963E+2	7.755443E+0
9.550386E+2	7.722657E+0
9.552808E+2	7.673476E+0
9.555231E+2	7.580580E+0
9.557654E+2	7.449433E+0
9.560076E+2	7.269105E+0
9.562498E+2	7.066919E+0
9.564921E+2	7.028668E+0
9.567343E+2	6.870198E+0
9.569765E+2	6.864733E+0
9.572187E+2	6.782766E+0
9.574609E+2	6.902984E+0
9.577031E+2	6.782766E+0
9.579452E+2	6.848340E+0
9.581874E+2	6.749979E+0
9.584296E+2	6.924842E+0
9.586717E+2	6.799159E+0
9.589138E+2	6.799159E+0
9.591560E+2	6.821017E+0
9.593981E+2	6.826482E+0
9.596402E+2	6.700799E+0
9.598823E+2	6.733586E+0
9.601244E+2	6.695334E+0
9.603664E+2	6.815553E+0
9.606085E+2	6.586045E+0
9.608506E+2	6.422110E+0
9.610926E+2	6.116099E+0
9.613347E+2	6.285498E+0
9.615767E+2	5.902984E+0
9.618187E+2	5.963094E+0
9.620607E+2	5.886591E+0
9.623027E+2	5.974023E+0
9.625447E+2	5.968558E+0
9.627867E+2	6.066919E+0
9.630287E+2	6.105170E+0
9.632706E+2	5.788230E+0
9.635126E+2	5.799159E+0
9.637545E+2	5.711728E+0
9.639965E+2	6.034132E+0
9.642384E+2	6.121564E+0
9.644803E+2	6.214460E+0
9.647222E+2	6.187137E+0
9.649641E+2	5.881127E+0
9.652060E+2	5.793695E+0
9.654479E+2	5.788230E+0
9.656897E+2	5.525935E+0
9.659316E+2	5.285498E+0
9.661734E+2	5.143422E+0
9.664153E+2	5.055990E+0
9.666571E+2	4.935771E+0
9.668989E+2	5.372930E+0
9.671408E+2	5.476755E+0
9.673826E+2	5.422110E+0
9.676243E+2	5.449433E+0
9.678661E+2	5.465826E+0
9.681079E+2	5.400252E+0
9.683497E+2	5.318285E+0
9.685914E+2	5.285498E+0
9.688332E+2	5.416646E+0
9.690749E+2	5.591509E+0
9.693166E+2	5.695334E+0
9.695583E+2	5.689870E+0
9.698001E+2	5.635225E+0
9.700417E+2	5.717192E+0
9.702834E+2	5.831946E+0
9.705251E+2	5.717192E+0
9.707668E+2	5.935771E+0
9.710084E+2	6.045061E+0
9.712501E+2	6.132493E+0
9.714917E+2	6.318285E+0
9.717334E+2	6.657083E+0
9.719750E+2	6.815553E+0
9.722166E+2	6.930307E+0
9.724582E+2	7.121564E+0
9.726998E+2	7.066919E+0
9.729414E+2	7.127028E+0
9.731830E+2	7.165280E+0
9.734245E+2	7.411181E+0
9.736661E+2	7.263640E+0
9.739076E+2	7.372930E+0
9.741492E+2	7.329214E+0
9.743907E+2	7.165280E+0
9.746322E+2	7.116099E+0
9.748737E+2	7.187137E+0
9.751152E+2	7.367465E+0
9.753567E+2	7.618831E+0
9.755982E+2	7.678941E+0
9.758396E+2	7.673476E+0
9.760811E+2	7.471290E+0
9.763226E+2	7.842875E+0
9.765640E+2	7.815553E+0
9.768054E+2	7.881127E+0
9.770468E+2	7.586045E+0
9.772883E+2	7.657083E+0
9.775297E+2	7.711728E+0
9.777711E+2	7.859269E+0
9.780124E+2	7.974023E+0
9.782538E+2	7.913913E+0
9.784952E+2	7.646154E+0
9.787365E+2	7.225389E+0
9.789779E+2	7.105170E+0
9.792192E+2	6.995881E+0
9.794605E+2	7.028668E+0
9.797019E+2	7.110635E+0
9.799432E+2	7.208995E+0
9.801845E+2	7.039596E+0
9.804257E+2	7.236318E+0
9.806670E+2	7.296427E+0
9.809083E+2	7.312821E+0
9.811496E+2	7.525935E+0
9.813908E+2	7.460361E+0
9.816320E+2	7.192602E+0
9.818733E+2	7.028668E+0
9.821145E+2	6.974023E+0
9.823557E+2	7.001345E+0
9.825969E+2	7.137957E+0
9.828381E+2	7.045061E+0
9.830793E+2	7.203531E+0
9.833205E+2	7.110635E+0
9.835616E+2	6.875662E+0
9.838028E+2	6.558722E+0
9.840439E+2	6.460361E+0
9.842851E+2	6.301892E+0
9.845262E+2	5.941236E+0
9.847673E+2	5.706263E+0
9.850084E+2	5.465826E+0
9.852495E+2	5.646154E+0
9.854906E+2	5.520471E+0
9.857317E+2	5.422110E+0
9.859727E+2	5.181673E+0
9.862138E+2	5.187137E+0
9.864549E+2	5.099706E+0
9.866959E+2	4.892055E+0
9.869369E+2	4.668012E+0
9.871779E+2	4.509542E+0
9.874190E+2	4.547793E+0
9.876600E+2	4.646154E+0
9.879010E+2	4.739050E+0
9.881419E+2	4.558722E+0
9.883829E+2	4.782766E+0
9.886239E+2	4.493148E+0
9.888648E+2	4.591509E+0
9.891058E+2	4.881127E+0
9.893467E+2	5.127028E+0
9.895876E+2	5.236318E+0
9.898285E+2	4.990416E+0
9.900695E+2	4.957629E+0
9.903104E+2	4.908449E+0
9.905512E+2	5.039596E+0
9.907921E+2	5.143422E+0
9.910330E+2	5.028668E+0
9.912738E+2	5.055990E+0
9.915147E+2	5.372930E+0
9.917555E+2	5.591509E+0
9.919964E+2	5.810088E+0
9.922372E+2	5.744515E+0
9.924780E+2	5.673476E+0
9.927188E+2	5.586045E+0
9.929596E+2	5.706263E+0
9.932004E+2	5.558722E+0
9.934411E+2	5.618831E+0
9.936819E+2	5.542329E+0
9.939227E+2	5.596974E+0
9.941634E+2	5.902984E+0
9.944041E+2	5.881127E+0
9.946449E+2	5.968558E+0
9.948856E+2	6.116099E+0
9.951263E+2	6.143422E+0
9.953670E+2	6.378394E+0
9.956077E+2	6.531400E+0
9.958483E+2	6.487684E+0
9.960890E+2	6.564187E+0
9.963297E+2	6.515006E+0
9.965703E+2	6.547793E+0
9.968109E+2	6.821017E+0
9.970516E+2	6.706263E+0
9.972922E+2	6.476755E+0
9.975328E+2	6.678941E+0
9.977734E+2	6.602438E+0
9.980140E+2	6.689870E+0
9.982546E+2	6.782766E+0
9.984951E+2	7.132493E+0
9.987357E+2	6.853804E+0
9.989763E+2	7.154351E+0
9.992168E+2	7.389323E+0
9.994573E+2	7.553258E+0
9.996978E+2	7.711728E+0
9.999384E+2	7.695334E+0
1.000179E+3	7.443968E+0
1.000419E+3	7.498613E+0
1.000660E+3	7.815553E+0
1.000900E+3	8.006810E+0
1.001141E+3	7.892055E+0
1.001381E+3	8.225389E+0
1.001622E+3	8.137957E+0
1.001862E+3	8.045061E+0
1.002103E+3	8.050525E+0
1.002343E+3	8.012274E+0
1.002583E+3	7.859269E+0
1.002824E+3	7.853804E+0
1.003064E+3	7.646154E+0
1.003305E+3	7.662547E+0
1.003545E+3	7.504077E+0
1.003785E+3	7.301892E+0
1.004026E+3	7.269105E+0
1.004266E+3	7.362001E+0
1.004506E+3	7.449433E+0
1.004747E+3	7.460361E+0
1.004987E+3	7.296427E+0
1.005227E+3	7.154351E+0
1.005468E+3	7.143422E+0
1.005708E+3	7.039596E+0
1.005948E+3	6.990416E+0
1.006188E+3	6.788230E+0
1.006429E+3	6.777301E+0
1.006669E+3	6.706263E+0
1.006909E+3	6.810088E+0
1.007149E+3	6.979487E+0
1.007390E+3	7.198066E+0
1.007630E+3	7.165280E+0
1.007870E+3	7.181673E+0
1.008110E+3	7.225389E+0
1.008350E+3	7.383859E+0
1.008590E+3	7.422110E+0
1.008831E+3	7.154351E+0
1.009071E+3	7.252711E+0
1.009311E+3	7.208995E+0
1.009551E+3	7.105170E+0
1.009791E+3	7.110635E+0
1.010031E+3	7.039596E+0
1.010271E+3	6.952165E+0
1.010511E+3	6.946700E+0
1.010752E+3	7.105170E+0
1.010992E+3	7.105170E+0
1.011232E+3	7.055990E+0
1.011472E+3	6.946700E+0
1.011712E+3	6.881127E+0
1.011952E+3	7.028668E+0
1.012192E+3	6.848340E+0
1.012432E+3	6.766372E+0
1.012672E+3	6.717192E+0
1.012912E+3	6.837411E+0
1.013152E+3	6.853804E+0
1.013392E+3	7.012274E+0
1.013632E+3	6.695334E+0
1.013872E+3	6.799159E+0
1.014112E+3	6.897520E+0
1.014352E+3	6.935771E+0
1.014591E+3	7.088777E+0
1.014831E+3	7.307356E+0
1.015071E+3	7.389323E+0
1.015311E+3	7.132493E+0
1.015551E+3	7.034132E+0
1.015791E+3	7.230853E+0
1.016031E+3	7.192602E+0
1.016271E+3	7.471290E+0
1.016511E+3	7.509542E+0
1.016750E+3	7.711728E+0
1.016990E+3	7.613367E+0
1.017230E+3	7.760908E+0
1.017470E+3	7.749979E+0
1.017710E+3	7.924842E+0
1.017949E+3	8.077848E+0
1.018189E+3	8.159815E+0
1.018429E+3	8.187137E+0
1.018669E+3	8.192602E+0
1.018908E+3	8.028668E+0
1.019148E+3	7.777301E+0
1.019388E+3	7.755443E+0
1.019628E+3	8.088777E+0
1.019867E+3	8.192602E+0
1.020107E+3	8.372930E+0
1.020347E+3	8.345607E+0
1.020586E+3	8.307356E+0
1.020826E+3	8.372930E+0
1.021066E+3	8.411181E+0
1.021305E+3	8.340143E+0
1.021545E+3	8.542329E+0
1.021785E+3	8.433039E+0
1.022024E+3	8.400252E+0
1.022264E+3	8.411181E+0
1.022504E+3	8.646154E+0
1.022743E+3	8.673476E+0
1.022983E+3	8.596974E+0
1.023222E+3	8.629760E+0
1.023462E+3	8.711728E+0
1.023702E+3	8.536864E+0
1.023941E+3	8.525935E+0
1.024181E+3	8.771837E+0
1.024420E+3	8.793695E+0
1.024660E+3	8.771837E+0
1.024899E+3	8.536864E+0
1.025139E+3	8.405717E+0
1.025378E+3	8.110635E+0
1.025618E+3	8.105170E+0
1.025857E+3	8.066919E+0
1.026097E+3	7.946700E+0
1.026336E+3	8.121564E+0
1.026575E+3	8.116099E+0
1.026815E+3	8.083312E+0
1.027054E+3	8.165280E+0
1.027294E+3	8.252711E+0
1.027533E+3	8.290963E+0
1.027773E+3	8.318285E+0
1.028012E+3	8.389323E+0
1.028251E+3	8.449433E+0
1.028491E+3	8.728121E+0
1.028730E+3	8.662547E+0
1.028969E+3	8.618831E+0
1.029209E+3	8.318285E+0
1.029448E+3	8.465826E+0
1.029687E+3	8.405717E+0
1.029927E+3	8.433039E+0
1.030166E+3	8.438504E+0
1.030405E+3	8.296427E+0
1.030645E+3	8.061454E+0
1.030884E+3	7.799159E+0
1.031123E+3	7.810088E+0
1.031362E+3	7.684405E+0
1.031602E+3	7.766372E+0
1.031841E+3	7.657083E+0
1.032080E+3	7.695334E+0
1.032319E+3	7.607902E+0
1.032558E+3	7.553258E+0
1.032798E+3	7.728121E+0
1.033037E+3	7.859269E+0
1.033276E+3	7.760908E+0
1.033515E+3	7.635225E+0
1.033754E+3	7.602438E+0
1.033993E+3	7.635225E+0
1.034233E+3	7.493148E+0
1.034472E+3	7.323749E+0
1.034711E+3	7.208995E+0
1.034950E+3	7.263640E+0
1.035189E+3	7.252711E+0
1.035428E+3	7.121564E+0
1.035667E+3	7.121564E+0
1.035906E+3	7.023203E+0
1.036145E+3	7.099706E+0
1.036384E+3	7.230853E+0
1.036623E+3	7.214460E+0
1.036862E+3	7.077848E+0
1.037101E+3	6.984952E+0
1.037340E+3	7.143422E+0
1.037579E+3	7.088777E+0
1.037818E+3	7.001345E+0
1.038057E+3	6.875662E+0
1.038296E+3	7.023203E+0
1.038535E+3	7.116099E+0
1.038774E+3	6.946700E+0
1.039013E+3	6.815553E+0
1.039252E+3	6.684405E+0
1.039491E+3	6.979487E+0
1.039730E+3	7.083312E+0
1.039969E+3	7.345607E+0
1.040208E+3	7.263640E+0
1.040447E+3	7.334678E+0
1.040685E+3	7.553258E+0
1.040924E+3	7.482219E+0
1.041163E+3	7.170744E+0
1.041402E+3	7.230853E+0
1.041641E+3	7.405717E+0
1.041880E+3	7.318285E+0
1.042118E+3	7.214460E+0
1.042357E+3	6.984952E+0
1.042596E+3	6.995881E+0
1.042835E+3	6.968558E+0
1.043074E+3	6.536864E+0
1.043312E+3	6.405717E+0
1.043551E+3	6.290963E+0
1.043790E+3	6.831946E+0
1.044029E+3	6.870198E+0
1.044267E+3	6.678941E+0
1.044506E+3	6.853804E+0
1.044745E+3	6.815553E+0
1.044983E+3	6.875662E+0
1.045222E+3	6.902984E+0
1.045461E+3	7.165280E+0
1.045699E+3	7.121564E+0
1.045938E+3	7.148886E+0
1.046177E+3	6.793695E+0
1.046415E+3	6.782766E+0
1.046654E+3	6.722657E+0
1.046893E+3	6.941236E+0
1.047131E+3	7.105170E+0
1.047370E+3	7.034132E+0
1.047608E+3	7.028668E+0
1.047847E+3	7.137957E+0
1.048086E+3	7.258176E+0
1.048324E+3	7.542329E+0
1.048563E+3	7.515006E+0
1.048801E+3	7.607902E+0
1.049040E+3	7.793695E+0
1.049278E+3	7.760908E+0
1.049517E+3	7.733586E+0
1.049755E+3	7.902984E+0
1.049994E+3	8.034132E+0
1.050232E+3	8.050525E+0
1.050471E+3	7.935771E+0
1.050709E+3	7.624296E+0
1.050948E+3	7.613367E+0
1.051186E+3	7.646154E+0
1.051424E+3	7.826482E+0
1.051663E+3	7.837411E+0
1.051901E+3	7.564187E+0
1.052140E+3	7.482219E+0
1.052378E+3	7.635225E+0
1.052616E+3	7.678941E+0
1.052855E+3	7.771837E+0
1.053093E+3	7.842875E+0
1.053332E+3	7.782766E+0
1.053570E+3	8.017739E+0
1.053808E+3	8.165280E+0
1.054047E+3	8.132493E+0
1.054285E+3	8.329214E+0
1.054523E+3	8.165280E+0
1.054761E+3	8.236318E+0
1.055000E+3	8.181673E+0
1.055238E+3	7.892055E+0
1.055476E+3	7.952165E+0
1.055715E+3	8.219924E+0
1.055953E+3	8.219924E+0
1.056191E+3	8.039596E+0
1.056429E+3	8.105170E+0
1.056667E+3	8.203531E+0
1.056906E+3	8.405717E+0
1.057144E+3	8.219924E+0
1.057382E+3	8.296427E+0
1.057620E+3	8.651618E+0
1.057858E+3	8.695334E+0
1.058097E+3	8.673476E+0
1.058335E+3	8.219924E+0
1.058573E+3	8.154351E+0
1.058811E+3	8.498613E+0
1.059049E+3	8.607902E+0
1.059287E+3	8.504077E+0
1.059525E+3	8.323749E+0
1.059763E+3	8.176208E+0
1.060001E+3	8.110635E+0
1.060239E+3	8.198066E+0
1.060478E+3	8.094241E+0
1.060716E+3	8.274569E+0
1.060954E+3	8.362001E+0
1.061192E+3	8.482219E+0
1.061430E+3	8.247247E+0
1.061668E+3	8.001345E+0
1.061906E+3	7.897520E+0
1.062144E+3	7.788230E+0
1.062382E+3	7.711728E+0
1.062620E+3	7.711728E+0
1.062858E+3	7.618831E+0
1.063096E+3	7.640689E+0
1.063333E+3	7.591509E+0
1.063571E+3	7.241782E+0
1.063809E+3	7.137957E+0
1.064047E+3	7.187137E+0
1.064285E+3	7.050525E+0
1.064523E+3	6.924842E+0
1.064761E+3	6.941236E+0
1.064999E+3	7.050525E+0
1.065237E+3	7.006810E+0
1.065474E+3	7.001345E+0
1.065712E+3	6.902984E+0
1.065950E+3	6.728121E+0
1.066188E+3	6.853804E+0
1.066426E+3	7.105170E+0
1.066664E+3	7.105170E+0
1.066901E+3	6.984952E+0
1.067139E+3	7.066919E+0
1.067377E+3	6.990416E+0
1.067615E+3	6.810088E+0
1.067852E+3	6.777301E+0
1.068090E+3	6.520471E+0
1.068328E+3	6.471290E+0
1.068566E+3	6.351072E+0
1.068803E+3	6.006810E+0
1.069041E+3	5.728121E+0
1.069279E+3	5.678941E+0
1.069516E+3	5.575116E+0
1.069754E+3	5.607902E+0
1.069992E+3	5.668012E+0
1.070229E+3	5.678941E+0
1.070467E+3	5.804624E+0
1.070705E+3	5.935771E+0
1.070942E+3	5.919378E+0
1.071180E+3	5.678941E+0
1.071418E+3	5.334678E+0
1.071655E+3	5.515006E+0
1.071893E+3	5.449433E+0
1.072130E+3	5.247247E+0
1.072368E+3	5.405717E+0
1.072605E+3	5.580580E+0
1.072843E+3	5.580580E+0
1.073081E+3	5.351072E+0
1.073318E+3	5.274569E+0
1.073556E+3	5.318285E+0
1.073793E+3	5.422110E+0
1.074031E+3	5.493148E+0
1.074268E+3	5.515006E+0
1.074506E+3	5.651618E+0
1.074743E+3	5.881127E+0
1.074981E+3	5.897520E+0
1.075218E+3	6.083312E+0
1.075455E+3	6.001345E+0
1.075693E+3	5.913913E+0
1.075930E+3	5.984952E+0
1.076168E+3	5.984952E+0
1.076405E+3	6.170744E+0
1.076642E+3	6.280034E+0
1.076880E+3	6.307356E+0
1.077117E+3	6.208995E+0
1.077355E+3	6.389323E+0
1.077592E+3	6.427575E+0
1.077829E+3	6.394788E+0
1.078067E+3	6.755443E+0
1.078304E+3	6.897520E+0
1.078541E+3	7.077848E+0
1.078779E+3	7.127028E+0
1.079016E+3	7.225389E+0
1.079253E+3	7.039596E+0
1.079490E+3	7.055990E+0
1.079728E+3	7.121564E+0
1.079965E+3	6.957629E+0
1.080202E+3	7.023203E+0
1.080439E+3	7.012274E+0
1.080677E+3	6.881127E+0
1.080914E+3	6.684405E+0
1.081151E+3	6.662547E+0
1.081388E+3	6.547793E+0
1.081625E+3	6.575116E+0
1.081863E+3	6.509542E+0
1.082100E+3	6.405717E+0
1.082337E+3	6.247247E+0
1.082574E+3	6.493148E+0
1.082811E+3	6.575116E+0
1.083048E+3	6.629760E+0
1.083285E+3	6.624296E+0
1.083522E+3	6.897520E+0
1.083760E+3	6.919378E+0
1.083997E+3	7.192602E+0
1.084234E+3	7.340143E+0
1.084471E+3	7.296427E+0
1.084708E+3	7.187137E+0
1.084945E+3	7.110635E+0
1.085182E+3	6.968558E+0
1.085419E+3	7.039596E+0
1.085656E+3	7.290963E+0
1.085893E+3	7.542329E+0
1.086130E+3	7.476755E+0
1.086367E+3	7.749979E+0
1.086604E+3	8.001345E+0
1.086841E+3	7.984952E+0
1.087078E+3	7.711728E+0
1.087315E+3	7.941236E+0
1.087552E+3	8.006810E+0
1.087789E+3	7.974023E+0
1.088026E+3	7.678941E+0
1.088262E+3	7.646154E+0
1.088499E+3	7.744515E+0
1.088736E+3	7.968558E+0
1.088973E+3	7.651618E+0
1.089210E+3	7.433039E+0
1.089447E+3	7.443968E+0
1.089684E+3	7.323749E+0
1.089921E+3	7.252711E+0
1.090157E+3	7.411181E+0
1.090394E+3	7.465826E+0
1.090631E+3	7.613367E+0
1.090868E+3	7.362001E+0
1.091105E+3	7.192602E+0
1.091341E+3	7.340143E+0
1.091578E+3	7.575116E+0
1.091815E+3	7.476755E+0
1.092052E+3	7.356536E+0
1.092288E+3	7.323749E+0
1.092525E+3	7.416646E+0
1.092762E+3	7.263640E+0
1.092999E+3	7.181673E+0
1.093235E+3	6.979487E+0
1.093472E+3	6.870198E+0
1.093709E+3	6.886591E+0
1.093945E+3	6.848340E+0
1.094182E+3	6.853804E+0
1.094419E+3	6.886591E+0
1.094655E+3	6.733586E+0
1.094892E+3	6.826482E+0
1.095128E+3	6.924842E+0
1.095365E+3	7.050525E+0
1.095602E+3	7.143422E+0
1.095838E+3	7.285498E+0
1.096075E+3	7.198066E+0
1.096311E+3	7.170744E+0
1.096548E+3	7.225389E+0
1.096784E+3	7.334678E+0
1.097021E+3	7.236318E+0
1.097258E+3	7.318285E+0
1.097494E+3	7.334678E+0
1.097731E+3	7.378394E+0
1.097967E+3	7.230853E+0
1.098204E+3	7.045061E+0
1.098440E+3	6.799159E+0
1.098677E+3	6.689870E+0
1.098913E+3	6.678941E+0
1.099149E+3	6.984952E+0
1.099386E+3	6.963094E+0
1.099622E+3	7.061454E+0
1.099859E+3	7.072383E+0
1.100095E+3	6.892055E+0
1.100332E+3	6.777301E+0
1.100568E+3	6.886591E+0
1.100804E+3	6.684405E+0
1.101041E+3	6.476755E+0
1.101277E+3	6.520471E+0
1.101513E+3	6.733586E+0
1.101750E+3	6.739050E+0
1.101986E+3	7.077848E+0
1.102222E+3	7.187137E+0
1.102459E+3	7.274569E+0
1.102695E+3	7.416646E+0
1.102931E+3	7.334678E+0
1.103168E+3	7.427575E+0
1.103404E+3	7.733586E+0
1.103640E+3	7.711728E+0
1.103876E+3	7.689870E+0
1.104113E+3	7.924842E+0
1.104349E+3	7.995881E+0
1.104585E+3	7.853804E+0
1.104821E+3	7.810088E+0
1.105057E+3	7.569651E+0
1.105294E+3	7.542329E+0
1.105530E+3	7.733586E+0
1.105766E+3	7.602438E+0
1.106002E+3	7.443968E+0
1.106238E+3	7.449433E+0
1.106474E+3	7.575116E+0
1.106711E+3	7.558722E+0
1.106947E+3	7.296427E+0
1.107183E+3	7.247247E+0
1.107419E+3	7.050525E+0
1.107655E+3	7.148886E+0
1.107891E+3	7.274569E+0
1.108127E+3	8.646154E+0
1.108363E+3	1.331282E+1
1.108599E+3	5.979487E+0
1.108835E+3	1.797949E+1
1.109071E+3	2.231282E+1
1.109307E+3	1.531282E+1
1.109543E+3	7.312821E+0
1.109779E+3	1.564615E+1
1.110015E+3	5.646154E+0
1.110251E+3	1.431282E+1
1.110487E+3	1.564615E+1
1.110723E+3	2.979487E+0
1.110959E+3	6.979487E+0
1.111195E+3	1.964615E+1
1.111431E+3	5.646154E+0
1.111667E+3	3.979487E+0
1.111903E+3	8.312821E+0
1.112139E+3	-5.020513E+0
1.112375E+3	-1.020513E+0
1.112611E+3	1.197949E+1
1.112847E+3	1.197949E+1
1.113082E+3	7.312821E+0
1.113318E+3	1.231282E+1
1.113554E+3	9.312821E+0
1.113790E+3	4.312821E+0
1.114026E+3	-1.687179E+0
1.114262E+3	3.128205E-1
1.114497E+3	-2.051282E-2
1.114733E+3	2.979487E+0
1.114969E+3	1.131282E+1
