1.951292E+2	0.000000E+0
1.953960E+2	0.000000E+0
1.956629E+2	0.000000E+0
1.959298E+2	0.000000E+0
1.961966E+2	0.000000E+0
1.964635E+2	0.000000E+0
1.967303E+2	0.000000E+0
1.969972E+2	0.000000E+0
1.972640E+2	0.000000E+0
1.975308E+2	0.000000E+0
1.977977E+2	0.000000E+0
1.980645E+2	0.000000E+0
1.983313E+2	0.000000E+0
1.985981E+2	0.000000E+0
1.988649E+2	0.000000E+0
1.991316E+2	0.000000E+0
1.993984E+2	0.000000E+0
1.996652E+2	0.000000E+0
1.999320E+2	0.000000E+0
2.001987E+2	0.000000E+0
2.004655E+2	0.000000E+0
2.007322E+2	0.000000E+0
2.009989E+2	0.000000E+0
2.012657E+2	0.000000E+0
2.015324E+2	0.000000E+0
2.017991E+2	0.000000E+0
2.020658E+2	0.000000E+0
2.023325E+2	0.000000E+0
2.025992E+2	0.000000E+0
2.028659E+2	0.000000E+0
2.031326E+2	0.000000E+0
2.033992E+2	0.000000E+0
2.036659E+2	0.000000E+0
2.039325E+2	0.000000E+0
2.041992E+2	0.000000E+0
2.044658E+2	0.000000E+0
2.047325E+2	0.000000E+0
2.049991E+2	0.000000E+0
2.052657E+2	0.000000E+0
2.055323E+2	0.000000E+0
2.057989E+2	0.000000E+0
2.060655E+2	0.000000E+0
2.063321E+2	0.000000E+0
2.065987E+2	0.000000E+0
2.068653E+2	0.000000E+0
2.071319E+2	0.000000E+0
2.073984E+2	0.000000E+0
2.076650E+2	0.000000E+0
2.079315E+2	0.000000E+0
2.081981E+2	0.000000E+0
2.084646E+2	0.000000E+0
2.087311E+2	0.000000E+0
2.089977E+2	0.000000E+0
2.092642E+2	0.000000E+0
2.095307E+2	0.000000E+0
2.097972E+2	0.000000E+0
2.100637E+2	0.000000E+0
2.103302E+2	0.000000E+0
2.105966E+2	0.000000E+0
2.108631E+2	0.000000E+0
2.111296E+2	0.000000E+0
2.113960E+2	0.000000E+0
2.116625E+2	0.000000E+0
2.119289E+2	0.000000E+0
2.121954E+2	0.000000E+0
2.124618E+2	0.000000E+0
2.127282E+2	0.000000E+0
2.129946E+2	0.000000E+0
2.132610E+2	0.000000E+0
2.135274E+2	0.000000E+0
2.137938E+2	0.000000E+0
2.140602E+2	0.000000E+0
2.143266E+2	0.000000E+0
2.145930E+2	0.000000E+0
2.148593E+2	0.000000E+0
2.151257E+2	0.000000E+0
2.153920E+2	0.000000E+0
2.156584E+2	0.000000E+0
2.159247E+2	0.000000E+0
2.161910E+2	0.000000E+0
2.164574E+2	0.000000E+0
2.167237E+2	0.000000E+0
2.169900E+2	0.000000E+0
2.172563E+2	0.000000E+0
2.175226E+2	0.000000E+0
2.177889E+2	0.000000E+0
2.180551E+2	0.000000E+0
2.183214E+2	0.000000E+0
2.185877E+2	0.000000E+0
2.188539E+2	0.000000E+0
2.191202E+2	0.000000E+0
2.193864E+2	0.000000E+0
2.196527E+2	0.000000E+0
2.199189E+2	0.000000E+0
2.201851E+2	0.000000E+0
2.204513E+2	0.000000E+0
2.207175E+2	0.000000E+0
2.209837E+2	0.000000E+0
2.212499E+2	0.000000E+0
2.215161E+2	0.000000E+0
2.217823E+2	0.000000E+0
2.220485E+2	0.000000E+0
2.223146E+2	0.000000E+0
2.225808E+2	0.000000E+0
2.228469E+2	0.000000E+0
2.231131E+2	0.000000E+0
2.233792E+2	0.000000E+0
2.236453E+2	0.000000E+0
2.239115E+2	0.000000E+0
2.241776E+2	0.000000E+0
2.244437E+2	0.000000E+0
2.247098E+2	0.000000E+0
2.249759E+2	0.000000E+0
2.252420E+2	0.000000E+0
2.255080E+2	0.000000E+0
2.257741E+2	0.000000E+0
2.260402E+2	0.000000E+0
2.263062E+2	0.000000E+0
2.265723E+2	0.000000E+0
2.268383E+2	0.000000E+0
2.271044E+2	0.000000E+0
2.273704E+2	0.000000E+0
2.276364E+2	0.000000E+0
2.279024E+2	0.000000E+0
2.281684E+2	0.000000E+0
2.284344E+2	0.000000E+0
2.287004E+2	0.000000E+0
2.289664E+2	0.000000E+0
2.292324E+2	0.000000E+0
2.294984E+2	0.000000E+0
2.297643E+2	0.000000E+0
2.300303E+2	0.000000E+0
2.302962E+2	0.000000E+0
2.305622E+2	0.000000E+0
2.308281E+2	0.000000E+0
2.310940E+2	0.000000E+0
2.313599E+2	0.000000E+0
2.316259E+2	0.000000E+0
2.318918E+2	0.000000E+0
2.321577E+2	0.000000E+0
2.324236E+2	0.000000E+0
2.326894E+2	0.000000E+0
2.329553E+2	0.000000E+0
2.332212E+2	0.000000E+0
2.334871E+2	0.000000E+0
2.337529E+2	0.000000E+0
2.340188E+2	0.000000E+0
2.342846E+2	0.000000E+0
2.345504E+2	0.000000E+0
2.348163E+2	0.000000E+0
2.350821E+2	0.000000E+0
2.353479E+2	0.000000E+0
2.356137E+2	0.000000E+0
2.358795E+2	0.000000E+0
2.361453E+2	0.000000E+0
2.364111E+2	0.000000E+0
2.366769E+2	0.000000E+0
2.369426E+2	0.000000E+0
2.372084E+2	0.000000E+0
2.374741E+2	0.000000E+0
2.377399E+2	0.000000E+0
2.380056E+2	0.000000E+0
2.382714E+2	0.000000E+0
2.385371E+2	0.000000E+0
2.388028E+2	0.000000E+0
2.390685E+2	0.000000E+0
2.393342E+2	0.000000E+0
2.395999E+2	0.000000E+0
2.398656E+2	0.000000E+0
2.401313E+2	0.000000E+0
2.403970E+2	0.000000E+0
2.406626E+2	0.000000E+0
2.409283E+2	0.000000E+0
2.411940E+2	0.000000E+0
2.414596E+2	0.000000E+0
2.417252E+2	0.000000E+0
2.419909E+2	0.000000E+0
2.422565E+2	0.000000E+0
2.425221E+2	0.000000E+0
2.427877E+2	0.000000E+0
2.430533E+2	0.000000E+0
2.433189E+2	0.000000E+0
2.435845E+2	0.000000E+0
2.438501E+2	0.000000E+0
2.441157E+2	0.000000E+0
2.443812E+2	0.000000E+0
2.446468E+2	0.000000E+0
2.449124E+2	0.000000E+0
2.451779E+2	0.000000E+0
2.454434E+2	0.000000E+0
2.457090E+2	0.000000E+0
2.459745E+2	0.000000E+0
2.462400E+2	0.000000E+0
2.465055E+2	0.000000E+0
2.467710E+2	0.000000E+0
2.470365E+2	0.000000E+0
2.473020E+2	0.000000E+0
2.475675E+2	0.000000E+0
2.478330E+2	0.000000E+0
2.480984E+2	0.000000E+0
2.483639E+2	0.000000E+0
2.486294E+2	0.000000E+0
2.488948E+2	0.000000E+0
2.491602E+2	0.000000E+0
2.494257E+2	0.000000E+0
2.496911E+2	0.000000E+0
2.499565E+2	0.000000E+0
2.502219E+2	6.545103E+0
2.504873E+2	6.490458E+0
2.507527E+2	6.288272E+0
2.510181E+2	6.446742E+0
2.512835E+2	6.719966E+0
2.515489E+2	6.856578E+0
2.518142E+2	7.015048E+0
2.520796E+2	7.206305E+0
2.523449E+2	7.583354E+0
2.526103E+2	7.725431E+0
2.528756E+2	7.709037E+0
2.531409E+2	7.785540E+0
2.534063E+2	8.135267E+0
2.536716E+2	8.599748E+0
2.539369E+2	8.791005E+0
2.542022E+2	9.266414E+0
2.544675E+2	9.304666E+0
2.547328E+2	9.304666E+0
2.549980E+2	9.594283E+0
2.552633E+2	9.703573E+0
2.555286E+2	9.643464E+0
2.557938E+2	9.840185E+0
2.560591E+2	1.030467E+1
2.563243E+2	1.041942E+1
2.565896E+2	1.065986E+1
2.568548E+2	1.085111E+1
2.571200E+2	1.114620E+1
2.573852E+2	1.119538E+1
2.576504E+2	1.127188E+1
2.579156E+2	1.132652E+1
2.581808E+2	1.157243E+1
2.584460E+2	1.181286E+1
2.587112E+2	1.237024E+1
2.589763E+2	1.241396E+1
2.592415E+2	1.247406E+1
2.595067E+2	1.271450E+1
2.597718E+2	1.274182E+1
2.600369E+2	1.267079E+1
2.603021E+2	1.248499E+1
2.605672E+2	1.264346E+1
2.608323E+2	1.258335E+1
2.610974E+2	1.260521E+1
2.613625E+2	1.250685E+1
2.616276E+2	1.244674E+1
2.618927E+2	1.233745E+1
2.621578E+2	1.227734E+1
2.624229E+2	1.201505E+1
2.626880E+2	1.222270E+1
2.629530E+2	1.234292E+1
2.632181E+2	1.203144E+1
2.634831E+2	1.186751E+1
2.637482E+2	1.188390E+1
2.640132E+2	1.194401E+1
2.642782E+2	1.198226E+1
2.645432E+2	1.170357E+1
2.648082E+2	1.183472E+1
2.650732E+2	1.171997E+1
2.653382E+2	1.174729E+1
2.656032E+2	1.163800E+1
2.658682E+2	1.164346E+1
2.661332E+2	1.158882E+1
2.663981E+2	1.169811E+1
2.666631E+2	1.163800E+1
2.669281E+2	1.147953E+1
2.671930E+2	1.099319E+1
2.674579E+2	1.065986E+1
2.677229E+2	1.080740E+1
2.679878E+2	1.073090E+1
2.682527E+2	1.043581E+1
2.685176E+2	1.002051E+1
2.687825E+2	9.676251E+0
2.690474E+2	9.654393E+0
2.693123E+2	9.408491E+0
2.695772E+2	8.976797E+0
2.698420E+2	8.528710E+0
2.701069E+2	8.342917E+0
2.703718E+2	8.031442E+0
2.706366E+2	7.785540E+0
2.709014E+2	7.687179E+0
2.711663E+2	7.239092E+0
2.714311E+2	7.146196E+0
2.716959E+2	7.069693E+0
2.719607E+2	6.889365E+0
2.722255E+2	6.528710E+0
2.724903E+2	6.452207E+0
2.727551E+2	6.239092E+0
2.730199E+2	6.020513E+0
2.732847E+2	5.823792E+0
2.735495E+2	5.714502E+0
2.738142E+2	5.627070E+0
2.740790E+2	5.845649E+0
2.743437E+2	5.840185E+0
2.746085E+2	5.818327E+0
2.748732E+2	5.545103E+0
2.751379E+2	5.222699E+0
2.754026E+2	5.189912E+0
2.756674E+2	5.025977E+0
2.759321E+2	4.916688E+0
2.761968E+2	4.769147E+0
2.764614E+2	4.780076E+0
2.767261E+2	4.845649E+0
2.769908E+2	4.769147E+0
2.772555E+2	4.534174E+0
2.775201E+2	4.348382E+0
2.777848E+2	4.413955E+0
2.780494E+2	4.774611E+0
2.783141E+2	4.889365E+0
2.785787E+2	5.250021E+0
2.788433E+2	4.774611E+0
2.791079E+2	4.654393E+0
2.793725E+2	4.894830E+0
2.796371E+2	4.933081E+0
2.799017E+2	4.703573E+0
2.801663E+2	4.468600E+0
2.804309E+2	4.386633E+0
2.806955E+2	4.468600E+0
2.809600E+2	3.987726E+0
2.812246E+2	4.157125E+0
2.814891E+2	4.173518E+0
2.817537E+2	4.146196E+0
2.820182E+2	4.168054E+0
2.822827E+2	4.217234E+0
2.825473E+2	4.189912E+0
2.828118E+2	4.140731E+0
2.830763E+2	4.250021E+0
2.833408E+2	4.353846E+0
2.836053E+2	4.419420E+0
2.838697E+2	4.375704E+0
2.841342E+2	4.195376E+0
2.843987E+2	4.157125E+0
2.846632E+2	4.064229E+0
2.849276E+2	4.310130E+0
2.851921E+2	4.424884E+0
2.854565E+2	4.326524E+0
2.857209E+2	4.331988E+0
2.859853E+2	4.168054E+0
2.862498E+2	3.960404E+0
2.865142E+2	3.976797E+0
2.867786E+2	4.047835E+0
2.870430E+2	4.102480E+0
2.873074E+2	4.069693E+0
2.875717E+2	3.823792E+0
2.878361E+2	3.807398E+0
2.881005E+2	3.905759E+0
2.883648E+2	3.982261E+0
2.886292E+2	3.982261E+0
2.888935E+2	4.118873E+0
2.891579E+2	4.080622E+0
2.894222E+2	4.239092E+0
2.896865E+2	4.255485E+0
2.899508E+2	4.151660E+0
2.902151E+2	4.107945E+0
2.904794E+2	4.189912E+0
2.907437E+2	4.321059E+0
2.910080E+2	4.315595E+0
2.912723E+2	4.610677E+0
2.915366E+2	4.545103E+0
2.918008E+2	4.654393E+0
2.920651E+2	4.703573E+0
2.923293E+2	4.818327E+0
2.925936E+2	4.736360E+0
2.928578E+2	4.435813E+0
2.931220E+2	4.277343E+0
2.933863E+2	4.162589E+0
2.936505E+2	4.479529E+0
2.939147E+2	4.517781E+0
2.941789E+2	4.162589E+0
2.944431E+2	4.250021E+0
2.947072E+2	4.140731E+0
2.949714E+2	4.310130E+0
2.952356E+2	4.441278E+0
2.954997E+2	4.266414E+0
2.957639E+2	4.348382E+0
2.960280E+2	4.561496E+0
2.962922E+2	4.583354E+0
2.965563E+2	4.566961E+0
2.968204E+2	4.556032E+0
2.970845E+2	4.648928E+0
2.973486E+2	4.397562E+0
2.976127E+2	4.315595E+0
2.978768E+2	4.539639E+0
2.981409E+2	4.577890E+0
2.984050E+2	4.392098E+0
2.986691E+2	4.474065E+0
2.989331E+2	4.528710E+0
2.991972E+2	4.709037E+0
2.994612E+2	4.665322E+0
2.997253E+2	4.676251E+0
2.999893E+2	4.676251E+0
3.002534E+2	4.812863E+0
3.005174E+2	4.894830E+0
3.007814E+2	4.845649E+0
3.010454E+2	4.621606E+0
3.013094E+2	4.386633E+0
3.015734E+2	4.583354E+0
3.018374E+2	4.714502E+0
3.021013E+2	4.818327E+0
3.023653E+2	4.987726E+0
3.026293E+2	4.845649E+0
3.028932E+2	4.862043E+0
3.031572E+2	4.681715E+0
3.034211E+2	4.867507E+0
3.036850E+2	5.135267E+0
3.039489E+2	5.200841E+0
3.042129E+2	5.200841E+0
3.044768E+2	5.408491E+0
3.047407E+2	5.435813E+0
3.050046E+2	5.239092E+0
3.052685E+2	5.151660E+0
3.055323E+2	4.883901E+0
3.057962E+2	4.856578E+0
3.060601E+2	4.905759E+0
3.063239E+2	4.637999E+0
3.065878E+2	4.484994E+0
3.068516E+2	4.255485E+0
3.071155E+2	4.288272E+0
3.073793E+2	4.184447E+0
3.076431E+2	3.982261E+0
3.079069E+2	3.818327E+0
3.081707E+2	4.064229E+0
3.084345E+2	4.206305E+0
3.086983E+2	4.392098E+0
3.089621E+2	4.572425E+0
3.092259E+2	4.785540E+0
3.094896E+2	4.965868E+0
3.097534E+2	4.829256E+0
3.100171E+2	4.900294E+0
3.102809E+2	4.987726E+0
3.105446E+2	5.064229E+0
3.108084E+2	5.064229E+0
3.110721E+2	5.086087E+0
3.113358E+2	4.916688E+0
3.115995E+2	4.883901E+0
3.118632E+2	4.763682E+0
3.121269E+2	4.758218E+0
3.123906E+2	4.539639E+0
3.126543E+2	4.364775E+0
3.129179E+2	4.293737E+0
3.131816E+2	4.468600E+0
3.134453E+2	4.561496E+0
3.137089E+2	4.468600E+0
3.139725E+2	4.260950E+0
3.142362E+2	4.113409E+0
3.144998E+2	4.047835E+0
3.147634E+2	3.840185E+0
3.150270E+2	4.058764E+0
3.152906E+2	3.982261E+0
3.155542E+2	4.266414E+0
3.158178E+2	4.479529E+0
3.160814E+2	4.457671E+0
3.163450E+2	4.359311E+0
3.166086E+2	4.452207E+0
3.168721E+2	4.747289E+0
3.171357E+2	4.922152E+0
3.173992E+2	5.031442E+0
3.176627E+2	4.900294E+0
3.179263E+2	4.965868E+0
3.181898E+2	5.206305E+0
3.184533E+2	5.304666E+0
3.187168E+2	5.408491E+0
3.189803E+2	5.397562E+0
3.192438E+2	5.359311E+0
3.195073E+2	5.348382E+0
3.197708E+2	5.495923E+0
3.200342E+2	5.523245E+0
3.202977E+2	5.616141E+0
3.205612E+2	5.397562E+0
3.208246E+2	5.364775E+0
3.210881E+2	5.490458E+0
3.213515E+2	5.654393E+0
3.216149E+2	5.670786E+0
3.218783E+2	5.791005E+0
3.221417E+2	5.905759E+0
3.224051E+2	5.949475E+0
3.226685E+2	5.807398E+0
3.229319E+2	5.911223E+0
3.231953E+2	5.944010E+0
3.234587E+2	6.036906E+0
3.237221E+2	6.086087E+0
3.239854E+2	6.321059E+0
3.242488E+2	6.129802E+0
3.245121E+2	5.780076E+0
3.247754E+2	5.621606E+0
3.250388E+2	5.637999E+0
3.253021E+2	5.479529E+0
3.255654E+2	5.512316E+0
3.258287E+2	5.545103E+0
3.260920E+2	5.495923E+0
3.263553E+2	5.495923E+0
3.266186E+2	5.124338E+0
3.268819E+2	5.222699E+0
3.271451E+2	5.337453E+0
3.274084E+2	5.446742E+0
3.276717E+2	5.703573E+0
3.279349E+2	5.834720E+0
3.281981E+2	5.774611E+0
3.284614E+2	6.107945E+0
3.287246E+2	6.315595E+0
3.289878E+2	6.463136E+0
3.292510E+2	6.310130E+0
3.295142E+2	6.523245E+0
3.297774E+2	6.681715E+0
3.300406E+2	6.823792E+0
3.303038E+2	6.916688E+0
3.305670E+2	7.064229E+0
3.308301E+2	7.107945E+0
3.310933E+2	6.872972E+0
3.313564E+2	6.654393E+0
3.316196E+2	6.457671E+0
3.318827E+2	6.331988E+0
3.321458E+2	6.211770E+0
3.324089E+2	6.288272E+0
3.326721E+2	6.413955E+0
3.329352E+2	6.331988E+0
3.331983E+2	6.337453E+0
3.334614E+2	6.392098E+0
3.337244E+2	6.375704E+0
3.339875E+2	6.397562E+0
3.342506E+2	6.331988E+0
3.345136E+2	6.353846E+0
3.347767E+2	6.299201E+0
3.350397E+2	6.271879E+0
3.353028E+2	6.304666E+0
3.355658E+2	6.282808E+0
3.358288E+2	5.960404E+0
3.360918E+2	5.883901E+0
3.363548E+2	5.801934E+0
3.366178E+2	5.883901E+0
3.368808E+2	5.829256E+0
3.371438E+2	5.566961E+0
3.374068E+2	5.370240E+0
3.376698E+2	5.654393E+0
3.379327E+2	5.495923E+0
3.381957E+2	5.403026E+0
3.384586E+2	5.250021E+0
3.387216E+2	5.550567E+0
3.389845E+2	5.572425E+0
3.392474E+2	5.566961E+0
3.395103E+2	5.375704E+0
3.397733E+2	5.534174E+0
3.400362E+2	5.293737E+0
3.402990E+2	5.118873E+0
3.405619E+2	5.293737E+0
3.408248E+2	5.364775E+0
3.410877E+2	5.211770E+0
3.413506E+2	5.424884E+0
3.416134E+2	5.206305E+0
3.418763E+2	5.097016E+0
3.421391E+2	5.107945E+0
3.424019E+2	5.058764E+0
3.426648E+2	5.255485E+0
3.429276E+2	5.299201E+0
3.431904E+2	5.282808E+0
3.434532E+2	5.271879E+0
3.437160E+2	5.195376E+0
3.439788E+2	5.113409E+0
3.442416E+2	5.271879E+0
3.445043E+2	5.364775E+0
3.447671E+2	5.260950E+0
3.450299E+2	5.118873E+0
3.452926E+2	5.173518E+0
3.455554E+2	4.960404E+0
3.458181E+2	4.659857E+0
3.460808E+2	4.430349E+0
3.463436E+2	4.501387E+0
3.466063E+2	4.233628E+0
3.468690E+2	3.993190E+0
3.471317E+2	3.933081E+0
3.473944E+2	3.894830E+0
3.476570E+2	3.862043E+0
3.479197E+2	3.927617E+0
3.481824E+2	3.785540E+0
3.484451E+2	3.687179E+0
3.487077E+2	3.643464E+0
3.489704E+2	3.709037E+0
3.492330E+2	3.599748E+0
3.494956E+2	3.610677E+0
3.497582E+2	3.736360E+0
3.500209E+2	3.725431E+0
3.502835E+2	3.714502E+0
3.505461E+2	3.632535E+0
3.508087E+2	3.719966E+0
3.510713E+2	3.725431E+0
3.513338E+2	3.834720E+0
3.515964E+2	3.774611E+0
3.518590E+2	3.922152E+0
3.521215E+2	4.036906E+0
3.523841E+2	3.736360E+0
3.526466E+2	3.556032E+0
3.529091E+2	3.719966E+0
3.531717E+2	3.769147E+0
3.534342E+2	4.058764E+0
3.536967E+2	4.009584E+0
3.539592E+2	4.069693E+0
3.542217E+2	3.812863E+0
3.544842E+2	4.140731E+0
3.547467E+2	3.971332E+0
3.550091E+2	4.004119E+0
3.552716E+2	3.949475E+0
3.555341E+2	4.173518E+0
3.557965E+2	4.244557E+0
3.560590E+2	4.566961E+0
3.563214E+2	4.938546E+0
3.565838E+2	4.801934E+0
3.568462E+2	4.670786E+0
3.571086E+2	4.681715E+0
3.573711E+2	4.763682E+0
3.576335E+2	5.118873E+0
3.578958E+2	5.020513E+0
3.581582E+2	4.867507E+0
3.584206E+2	4.883901E+0
3.586830E+2	4.856578E+0
3.589453E+2	4.474065E+0
3.592077E+2	4.260950E+0
3.594700E+2	4.250021E+0
3.597324E+2	4.304666E+0
3.599947E+2	4.293737E+0
3.602570E+2	4.086087E+0
3.605193E+2	3.862043E+0
3.607816E+2	4.053300E+0
3.610439E+2	4.381169E+0
3.613062E+2	4.572425E+0
3.615685E+2	4.419420E+0
3.618308E+2	4.621606E+0
3.620930E+2	4.709037E+0
3.623553E+2	4.714502E+0
3.626176E+2	5.080622E+0
3.628798E+2	5.468600E+0
3.631420E+2	5.403026E+0
3.634043E+2	5.452207E+0
3.636665E+2	5.588819E+0
3.639287E+2	5.495923E+0
3.641909E+2	5.528710E+0
3.644531E+2	5.823792E+0
3.647153E+2	5.457671E+0
3.649775E+2	5.228163E+0
3.652397E+2	5.512316E+0
3.655018E+2	5.452207E+0
3.657640E+2	5.583354E+0
3.660262E+2	5.632535E+0
3.662883E+2	5.627070E+0
3.665505E+2	5.703573E+0
3.668126E+2	5.468600E+0
3.670747E+2	5.321059E+0
3.673368E+2	5.310130E+0
3.675989E+2	5.326524E+0
3.678610E+2	5.353846E+0
3.681231E+2	5.326524E+0
3.683852E+2	5.703573E+0
3.686473E+2	5.949475E+0
3.689094E+2	5.878436E+0
3.691714E+2	5.840185E+0
3.694335E+2	5.769147E+0
3.696955E+2	5.681715E+0
3.699576E+2	5.807398E+0
3.702196E+2	6.080622E+0
3.704816E+2	5.905759E+0
3.707437E+2	5.916688E+0
3.710057E+2	5.927617E+0
3.712677E+2	6.091551E+0
3.715297E+2	5.872972E+0
3.717917E+2	5.719966E+0
3.720536E+2	5.364775E+0
3.723156E+2	5.157125E+0
3.725776E+2	5.643464E+0
3.728395E+2	6.168054E+0
3.731015E+2	6.233628E+0
3.733634E+2	6.250021E+0
3.736254E+2	5.944010E+0
3.738873E+2	6.025977E+0
3.741492E+2	6.173518E+0
3.744111E+2	6.310130E+0
3.746730E+2	6.326524E+0
3.749349E+2	6.692644E+0
3.751968E+2	6.965868E+0
3.754587E+2	6.954939E+0
3.757206E+2	6.774611E+0
3.759824E+2	6.594283E+0
3.762443E+2	6.681715E+0
3.765061E+2	6.851114E+0
3.767680E+2	6.643464E+0
3.770298E+2	6.419420E+0
3.772916E+2	6.217234E+0
3.775535E+2	6.337453E+0
3.778153E+2	6.271879E+0
3.780771E+2	6.337453E+0
3.783389E+2	6.151660E+0
3.786007E+2	5.883901E+0
3.788624E+2	5.632535E+0
3.791242E+2	6.020513E+0
3.793860E+2	6.222699E+0
3.796477E+2	6.211770E+0
3.799095E+2	6.495923E+0
3.801712E+2	6.823792E+0
3.804330E+2	6.719966E+0
3.806947E+2	7.053300E+0
3.809564E+2	7.260950E+0
3.812181E+2	7.031442E+0
3.814798E+2	7.058764E+0
3.817415E+2	7.168054E+0
3.820032E+2	7.162589E+0
3.822649E+2	6.911223E+0
3.825266E+2	6.665322E+0
3.827883E+2	6.692644E+0
3.830499E+2	6.621606E+0
3.833116E+2	6.375704E+0
3.835732E+2	6.566961E+0
3.838348E+2	6.616141E+0
3.840965E+2	6.550567E+0
3.843581E+2	6.545103E+0
3.846197E+2	6.331988E+0
3.848813E+2	6.239092E+0
3.851429E+2	6.403026E+0
3.854045E+2	6.304666E+0
3.856661E+2	6.326524E+0
3.859277E+2	6.293737E+0
3.861892E+2	6.315595E+0
3.864508E+2	6.342917E+0
3.867124E+2	6.233628E+0
3.869739E+2	6.107945E+0
3.872354E+2	6.102480E+0
3.874970E+2	6.517781E+0
3.877585E+2	6.741824E+0
3.880200E+2	6.878436E+0
3.882815E+2	7.162589E+0
3.885430E+2	6.725431E+0
3.888045E+2	6.375704E+0
3.890660E+2	6.523245E+0
3.893275E+2	6.233628E+0
3.895889E+2	6.452207E+0
3.898504E+2	6.424884E+0
3.901118E+2	6.490458E+0
3.903733E+2	6.583354E+0
3.906347E+2	6.517781E+0
3.908962E+2	6.403026E+0
3.911576E+2	6.474065E+0
3.914190E+2	6.468600E+0
3.916804E+2	6.676251E+0
3.919418E+2	6.938546E+0
3.922032E+2	6.889365E+0
3.924646E+2	6.725431E+0
3.927260E+2	6.747289E+0
3.929873E+2	6.747289E+0
3.932487E+2	6.714502E+0
3.935100E+2	6.752753E+0
3.937714E+2	6.982261E+0
3.940327E+2	7.053300E+0
3.942941E+2	7.031442E+0
3.945554E+2	6.944010E+0
3.948167E+2	7.140731E+0
3.950780E+2	6.976797E+0
3.953393E+2	6.976797E+0
3.956006E+2	7.151660E+0
3.958619E+2	6.927617E+0
3.961232E+2	6.714502E+0
3.963844E+2	6.851114E+0
3.966457E+2	6.900294E+0
3.969069E+2	6.944010E+0
3.971682E+2	7.015048E+0
3.974294E+2	7.086087E+0
3.976907E+2	6.922152E+0
3.979519E+2	6.905759E+0
3.982131E+2	7.200841E+0
3.984743E+2	7.495923E+0
3.987355E+2	7.556032E+0
3.989967E+2	7.714502E+0
3.992579E+2	7.807398E+0
3.995191E+2	7.648928E+0
3.997802E+2	7.539639E+0
4.000414E+2	7.490458E+0
4.003025E+2	7.211770E+0
4.005637E+2	7.140731E+0
4.008248E+2	7.151660E+0
4.010860E+2	7.228163E+0
4.013471E+2	7.239092E+0
4.016082E+2	7.097016E+0
4.018693E+2	6.894830E+0
4.021304E+2	6.894830E+0
4.023915E+2	6.900294E+0
4.026526E+2	7.124338E+0
4.029137E+2	7.304666E+0
4.031747E+2	7.386633E+0
4.034358E+2	7.173518E+0
4.036968E+2	7.168054E+0
4.039579E+2	7.326524E+0
4.042189E+2	7.113409E+0
4.044800E+2	7.381169E+0
4.047410E+2	7.397562E+0
4.050020E+2	7.479529E+0
4.052630E+2	7.474065E+0
4.055240E+2	7.348382E+0
4.057850E+2	7.506852E+0
4.060460E+2	7.758218E+0
4.063070E+2	7.801934E+0
4.065679E+2	7.905759E+0
4.068289E+2	7.867507E+0
4.070898E+2	7.676251E+0
4.073508E+2	7.572425E+0
4.076117E+2	7.545103E+0
4.078727E+2	7.419420E+0
4.081336E+2	7.588819E+0
4.083945E+2	7.632535E+0
4.086554E+2	7.730895E+0
4.089163E+2	7.801934E+0
4.091772E+2	8.064229E+0
4.094381E+2	8.195376E+0
4.096990E+2	8.135267E+0
4.099598E+2	8.364775E+0
4.102207E+2	8.605212E+0
4.104815E+2	8.976797E+0
4.107424E+2	8.758218E+0
4.110032E+2	8.654393E+0
4.112640E+2	8.577890E+0
4.115249E+2	8.441278E+0
4.117857E+2	8.468600E+0
4.120465E+2	8.545103E+0
4.123073E+2	8.419420E+0
4.125681E+2	8.550567E+0
4.128289E+2	8.479529E+0
4.130896E+2	8.572425E+0
4.133504E+2	8.271879E+0
4.136112E+2	8.075158E+0
4.138719E+2	8.091551E+0
4.141327E+2	8.075158E+0
4.143934E+2	7.982261E+0
4.146541E+2	8.102480E+0
4.149149E+2	8.157125E+0
4.151756E+2	8.501387E+0
4.154363E+2	8.637999E+0
4.156970E+2	8.889365E+0
4.159577E+2	9.097016E+0
4.162184E+2	9.321059E+0
4.164790E+2	9.539639E+0
4.167397E+2	9.561496E+0
4.170004E+2	9.342917E+0
4.172610E+2	9.413955E+0
4.175217E+2	9.550567E+0
4.177823E+2	9.698108E+0
4.180429E+2	9.763682E+0
4.183035E+2	1.001505E+1
4.185642E+2	1.014620E+1
4.188248E+2	1.003691E+1
4.190854E+2	9.845649E+0
4.193459E+2	9.872972E+0
4.196065E+2	1.009702E+1
4.198671E+2	9.769147E+0
4.201277E+2	9.681715E+0
4.203882E+2	9.654393E+0
4.206488E+2	9.566961E+0
4.209093E+2	9.572425E+0
4.211699E+2	9.916688E+0
4.214304E+2	1.008062E+1
4.216909E+2	1.004237E+1
4.219514E+2	9.769147E+0
4.222119E+2	9.643464E+0
4.224724E+2	9.736360E+0
4.227329E+2	9.883901E+0
4.229934E+2	9.900294E+0
4.232539E+2	1.002051E+1
4.235143E+2	1.005330E+1
4.237748E+2	9.938546E+0
4.240352E+2	1.005876E+1
4.242957E+2	1.011887E+1
4.245561E+2	1.027188E+1
4.248166E+2	1.028827E+1
4.250770E+2	1.002598E+1
4.253374E+2	9.845649E+0
4.255978E+2	9.889365E+0
4.258582E+2	9.938546E+0
4.261186E+2	9.944010E+0
4.263790E+2	1.000958E+1
4.266393E+2	1.032106E+1
4.268997E+2	1.030467E+1
4.271600E+2	1.035931E+1
4.274204E+2	1.062161E+1
4.276807E+2	1.064893E+1
4.279411E+2	1.053417E+1
4.282014E+2	1.034838E+1
4.284617E+2	1.020631E+1
4.287220E+2	1.025002E+1
4.289823E+2	1.009702E+1
4.292426E+2	1.045221E+1
4.295029E+2	1.063800E+1
4.297632E+2	1.058882E+1
4.300235E+2	1.063253E+1
4.302837E+2	1.073636E+1
4.305440E+2	1.073090E+1
4.308042E+2	1.079647E+1
4.310645E+2	1.056696E+1
4.313247E+2	1.042488E+1
4.315849E+2	1.025549E+1
4.318451E+2	1.026641E+1
4.321054E+2	1.038663E+1
4.323656E+2	1.017352E+1
4.326258E+2	1.029374E+1
4.328859E+2	1.029920E+1
4.331461E+2	9.998655E+0
4.334063E+2	1.016259E+1
4.336665E+2	1.010794E+1
4.339266E+2	1.014620E+1
4.341868E+2	1.000412E+1
4.344469E+2	9.763682E+0
4.347070E+2	9.670786E+0
4.349671E+2	9.605212E+0
4.352273E+2	9.588819E+0
4.354874E+2	9.342917E+0
4.357475E+2	9.719966E+0
4.360076E+2	9.829256E+0
4.362677E+2	9.944010E+0
4.365277E+2	9.944010E+0
4.367878E+2	9.851114E+0
4.370479E+2	9.954939E+0
4.373079E+2	1.000412E+1
4.375680E+2	1.021723E+1
4.378280E+2	1.027188E+1
4.380880E+2	1.039756E+1
4.383480E+2	1.046860E+1
4.386081E+2	1.043035E+1
4.388681E+2	1.069811E+1
4.391281E+2	1.077461E+1
4.393881E+2	1.071997E+1
4.396480E+2	1.084018E+1
4.399080E+2	1.076368E+1
4.401680E+2	1.061614E+1
4.404279E+2	1.070904E+1
4.406879E+2	1.104784E+1
4.409478E+2	1.130467E+1
4.412078E+2	1.141942E+1
4.414677E+2	1.141396E+1
4.417276E+2	1.117898E+1
4.419875E+2	1.131559E+1
4.422474E+2	1.118445E+1
4.425073E+2	1.127734E+1
4.427672E+2	1.144128E+1
4.430271E+2	1.151232E+1
4.432870E+2	1.135931E+1
4.435469E+2	1.127188E+1
4.438067E+2	1.135385E+1
4.440666E+2	1.155057E+1
4.443264E+2	1.163800E+1
4.445862E+2	1.160521E+1
4.448461E+2	1.176368E+1
4.451059E+2	1.171450E+1
4.453657E+2	1.182379E+1
4.456255E+2	1.203691E+1
4.458853E+2	1.197133E+1
4.461451E+2	1.213527E+1
4.464049E+2	1.220084E+1
4.466646E+2	1.234838E+1
4.469244E+2	1.260521E+1
4.471842E+2	1.263253E+1
4.474439E+2	1.271997E+1
4.477036E+2	1.275822E+1
4.479634E+2	1.255603E+1
4.482231E+2	1.262707E+1
4.484828E+2	1.261068E+1
4.487425E+2	1.277461E+1
4.490022E+2	1.331013E+1
4.492619E+2	1.334292E+1
4.495216E+2	1.356150E+1
4.497813E+2	1.348499E+1
4.500410E+2	1.345221E+1
4.503006E+2	1.367079E+1
4.505603E+2	1.409702E+1
4.508199E+2	1.425549E+1
4.510796E+2	1.432106E+1
4.513392E+2	1.438663E+1
4.515988E+2	1.433745E+1
4.518584E+2	1.452871E+1
4.521180E+2	1.461068E+1
4.523776E+2	1.470904E+1
4.526372E+2	1.470904E+1
4.528968E+2	1.453964E+1
4.531564E+2	1.439756E+1
4.534160E+2	1.427188E+1
4.536755E+2	1.429374E+1
4.539351E+2	1.434838E+1
4.541946E+2	1.458882E+1
4.544541E+2	1.480740E+1
4.547137E+2	1.465439E+1
4.549732E+2	1.474182E+1
4.552327E+2	1.486751E+1
4.554922E+2	1.503691E+1
4.557517E+2	1.514073E+1
4.560112E+2	1.543581E+1
4.562707E+2	1.528827E+1
4.565302E+2	1.499865E+1
4.567896E+2	1.510248E+1
4.570491E+2	1.542488E+1
4.573085E+2	1.556150E+1
4.575680E+2	1.597133E+1
4.578274E+2	1.598226E+1
4.580868E+2	1.592215E+1
4.583463E+2	1.605330E+1
4.586057E+2	1.615712E+1
4.588651E+2	1.661068E+1
4.591245E+2	1.689483E+1
4.593838E+2	1.711887E+1
4.596432E+2	1.750139E+1
4.599026E+2	1.776368E+1
4.601620E+2	1.773090E+1
4.604213E+2	1.814073E+1
4.606807E+2	1.820084E+1
4.609400E+2	1.835385E+1
4.611993E+2	1.832106E+1
4.614587E+2	1.836478E+1
4.617180E+2	1.870904E+1
4.619773E+2	1.880193E+1
4.622366E+2	1.897680E+1
4.624959E+2	1.924456E+1
4.627552E+2	1.928281E+1
4.630144E+2	1.949592E+1
4.632737E+2	1.961068E+1
4.635330E+2	1.985111E+1
4.637922E+2	2.039210E+1
4.640515E+2	2.086204E+1
4.643107E+2	2.116805E+1
4.645699E+2	2.143581E+1
4.648292E+2	2.156696E+1
4.650884E+2	2.180193E+1
4.653476E+2	2.190576E+1
4.656068E+2	2.211887E+1
4.658660E+2	2.241942E+1
4.661251E+2	2.276368E+1
4.663843E+2	2.280193E+1
4.666435E+2	2.300412E+1
4.669026E+2	2.328827E+1
4.671618E+2	2.355603E+1
4.674209E+2	2.381833E+1
4.676801E+2	2.392762E+1
4.679392E+2	2.408609E+1
4.681983E+2	2.444674E+1
4.684574E+2	2.480193E+1
4.687165E+2	2.512434E+1
4.689756E+2	2.541396E+1
4.692347E+2	2.564346E+1
4.694938E+2	2.598226E+1
4.697529E+2	2.606969E+1
4.700119E+2	2.611341E+1
4.702710E+2	2.604784E+1
4.705300E+2	2.626641E+1
4.707891E+2	2.647406E+1
4.710481E+2	2.674182E+1
4.713071E+2	2.702051E+1
4.715661E+2	2.741942E+1
4.718252E+2	2.760521E+1
4.720842E+2	2.803144E+1
4.723431E+2	2.846860E+1
4.726021E+2	2.899319E+1
4.728611E+2	2.894401E+1
4.731201E+2	2.945221E+1
4.733790E+2	2.956696E+1
4.736380E+2	2.997680E+1
4.738969E+2	3.078554E+1
4.741559E+2	3.091669E+1
4.744148E+2	3.139756E+1
4.746737E+2	3.156696E+1
4.749326E+2	3.176368E+1
4.751915E+2	3.214073E+1
4.754504E+2	3.244674E+1
4.757093E+2	3.280740E+1
4.759682E+2	3.343035E+1
4.762271E+2	3.382379E+1
4.764859E+2	3.416805E+1
4.767448E+2	3.462707E+1
4.770037E+2	3.510794E+1
4.772625E+2	3.554510E+1
4.775213E+2	3.580193E+1
4.777802E+2	3.621723E+1
4.780390E+2	3.664893E+1
4.782978E+2	3.694947E+1
4.785566E+2	3.748499E+1
4.788154E+2	3.816259E+1
4.790742E+2	3.877461E+1
4.793329E+2	3.914620E+1
4.795917E+2	3.964346E+1
4.798505E+2	4.007516E+1
4.801092E+2	4.043581E+1
4.803680E+2	4.118445E+1
4.806267E+2	4.182926E+1
4.808854E+2	4.214073E+1
4.811442E+2	4.277461E+1
4.814029E+2	4.331013E+1
4.816616E+2	4.411341E+1
4.819203E+2	4.449046E+1
4.821790E+2	4.504237E+1
4.824377E+2	4.573636E+1
4.826963E+2	4.637024E+1
4.829550E+2	4.691669E+1
4.832137E+2	4.748499E+1
4.834723E+2	4.825549E+1
4.837310E+2	4.908609E+1
4.839896E+2	5.002051E+1
4.842482E+2	5.071450E+1
4.845068E+2	5.141396E+1
4.847655E+2	5.248499E+1
4.850241E+2	5.317352E+1
4.852827E+2	5.382379E+1
4.855412E+2	5.480740E+1
4.857998E+2	5.546860E+1
4.860584E+2	5.647406E+1
4.863170E+2	5.741396E+1
4.865755E+2	5.843581E+1
4.868341E+2	5.918445E+1
4.870926E+2	5.993308E+1
4.873511E+2	6.073090E+1
4.876097E+2	6.175275E+1
4.878682E+2	6.280193E+1
4.881267E+2	6.374182E+1
4.883852E+2	6.458335E+1
4.886437E+2	6.581833E+1
4.889022E+2	6.657789E+1
4.891606E+2	6.764893E+1
4.894191E+2	6.844674E+1
4.896776E+2	6.927734E+1
4.899360E+2	7.065439E+1
4.901945E+2	7.144128E+1
4.904529E+2	7.218991E+1
4.907113E+2	7.319538E+1
4.909697E+2	7.450685E+1
4.912282E+2	7.569811E+1
4.914866E+2	7.692215E+1
4.917450E+2	7.809155E+1
4.920034E+2	7.898773E+1
4.922617E+2	8.018445E+1
4.925201E+2	8.150685E+1
4.927785E+2	8.269811E+1
4.930368E+2	8.386204E+1
4.932952E+2	8.521177E+1
4.935535E+2	8.645767E+1
4.938118E+2	8.788937E+1
4.940702E+2	8.935385E+1
4.943285E+2	9.065439E+1
4.945868E+2	9.199865E+1
4.948451E+2	9.356150E+1
4.951034E+2	9.486204E+1
4.953617E+2	9.618991E+1
4.956200E+2	9.754510E+1
4.958782E+2	9.930467E+1
4.961365E+2	1.008402E+2
4.963947E+2	1.021571E+2
4.966530E+2	1.037036E+2
4.969112E+2	1.053757E+2
4.971694E+2	1.069877E+2
4.974277E+2	1.082555E+2
4.976859E+2	1.100861E+2
4.979441E+2	1.117528E+2
4.982023E+2	1.132719E+2
4.984605E+2	1.149222E+2
4.987187E+2	1.167418E+2
4.989768E+2	1.183156E+2
4.992350E+2	1.199003E+2
4.994931E+2	1.214140E+2
4.997513E+2	1.227910E+2
5.000094E+2	1.244303E+2
5.002676E+2	1.259440E+2
5.005257E+2	1.274249E+2
5.007838E+2	1.292282E+2
5.010419E+2	1.310369E+2
5.013000E+2	1.328238E+2
5.015581E+2	1.348894E+2
5.018162E+2	1.368620E+2
5.020743E+2	1.389385E+2
5.023323E+2	1.408675E+2
5.025904E+2	1.429112E+2
5.028485E+2	1.451025E+2
5.031065E+2	1.472227E+2
5.033645E+2	1.492118E+2
5.036226E+2	1.510314E+2
5.038806E+2	1.530806E+2
5.041386E+2	1.550314E+2
5.043966E+2	1.571899E+2
5.046546E+2	1.592172E+2
5.049126E+2	1.614085E+2
5.051706E+2	1.640369E+2
5.054285E+2	1.663976E+2
5.056865E+2	1.687364E+2
5.059445E+2	1.713538E+2
5.062024E+2	1.740260E+2
5.064604E+2	1.765724E+2
5.067183E+2	1.787746E+2
5.069762E+2	1.810970E+2
5.072341E+2	1.834140E+2
5.074920E+2	1.859003E+2
5.077499E+2	1.887637E+2
5.080078E+2	1.916161E+2
5.082657E+2	1.941189E+2
5.085236E+2	1.968620E+2
5.087815E+2	1.995997E+2
5.090393E+2	2.023593E+2
5.092972E+2	2.050041E+2
5.095550E+2	2.078238E+2
5.098129E+2	2.107855E+2
5.100707E+2	2.138183E+2
5.103285E+2	2.167637E+2
5.105863E+2	2.196161E+2
5.108441E+2	2.226926E+2
5.111019E+2	2.256981E+2
5.113597E+2	2.286599E+2
5.116175E+2	2.316107E+2
5.118753E+2	2.344959E+2
5.121330E+2	2.374467E+2
5.123908E+2	2.407910E+2
5.126485E+2	2.440424E+2
5.129063E+2	2.472500E+2
5.131640E+2	2.510096E+2
5.134217E+2	2.543866E+2
5.136794E+2	2.580588E+2
5.139371E+2	2.616599E+2
5.141948E+2	2.656052E+2
5.144525E+2	2.690260E+2
5.147102E+2	2.725615E+2
5.149679E+2	2.762883E+2
5.152256E+2	2.801462E+2
5.154832E+2	2.842391E+2
5.157409E+2	2.883757E+2
5.159985E+2	2.927691E+2
5.162562E+2	2.966981E+2
5.165138E+2	3.007801E+2
5.167714E+2	3.049549E+2
5.170290E+2	3.091571E+2
5.172866E+2	3.135506E+2
5.175442E+2	3.179440E+2
5.178018E+2	3.222282E+2
5.180594E+2	3.263702E+2
5.183170E+2	3.309823E+2
5.185745E+2	3.353976E+2
5.188321E+2	3.393812E+2
5.190896E+2	3.439823E+2
5.193472E+2	3.487145E+2
5.196047E+2	3.533484E+2
5.198622E+2	3.581134E+2
5.201197E+2	3.627910E+2
5.203772E+2	3.677200E+2
5.206347E+2	3.729768E+2
5.208922E+2	3.776052E+2
5.211497E+2	3.823538E+2
5.214072E+2	3.871844E+2
5.216646E+2	3.921517E+2
5.219221E+2	3.970588E+2
5.221795E+2	4.020861E+2
5.224370E+2	4.073593E+2
5.226944E+2	4.124194E+2
5.229519E+2	4.177910E+2
5.232093E+2	4.232992E+2
5.234667E+2	4.285506E+2
5.237241E+2	4.342172E+2
5.239815E+2	4.401681E+2
5.242389E+2	4.459713E+2
5.244962E+2	4.516653E+2
5.247536E+2	4.573866E+2
5.250110E+2	4.634741E+2
5.252683E+2	4.691079E+2
5.255257E+2	4.747200E+2
5.257830E+2	4.807855E+2
5.260403E+2	4.866653E+2
5.262977E+2	4.924085E+2
5.265550E+2	4.984522E+2
5.268123E+2	5.041517E+2
5.270696E+2	5.105123E+2
5.273269E+2	5.171189E+2
5.275841E+2	5.232773E+2
5.278414E+2	5.298620E+2
5.280987E+2	5.361790E+2
5.283559E+2	5.425779E+2
5.286132E+2	5.495834E+2
5.288704E+2	5.561189E+2
5.291276E+2	5.628129E+2
5.293849E+2	5.693156E+2
5.296421E+2	5.760806E+2
5.298993E+2	5.824522E+2
5.301565E+2	5.893047E+2
5.304137E+2	5.963757E+2
5.306709E+2	6.035123E+2
5.309280E+2	6.109768E+2
5.311852E+2	6.179276E+2
5.314424E+2	6.249003E+2
5.316995E+2	6.322391E+2
5.319567E+2	6.393265E+2
5.322138E+2	6.468238E+2
5.324709E+2	6.545069E+2
5.327280E+2	6.621079E+2
5.329852E+2	6.696544E+2
5.332423E+2	6.771298E+2
5.334994E+2	6.848402E+2
5.337564E+2	6.929058E+2
5.340135E+2	7.011517E+2
5.342706E+2	7.095943E+2
5.345276E+2	7.183812E+2
5.347847E+2	7.272282E+2
5.350417E+2	7.355779E+2
5.352988E+2	7.442555E+2
5.355558E+2	7.527855E+2
5.358128E+2	7.615342E+2
5.360698E+2	7.698511E+2
5.363269E+2	7.782883E+2
5.365839E+2	7.874467E+2
5.368408E+2	7.966544E+2
5.370978E+2	8.058402E+2
5.373548E+2	8.148894E+2
5.376118E+2	8.242883E+2
5.378687E+2	8.334194E+2
5.381257E+2	8.430314E+2
5.383826E+2	8.528238E+2
5.386395E+2	8.624959E+2
5.388965E+2	8.719768E+2
5.391534E+2	8.817309E+2
5.394103E+2	8.917200E+2
5.396672E+2	9.018566E+2
5.399241E+2	9.119331E+2
5.401810E+2	9.221134E+2
5.404378E+2	9.325506E+2
5.406947E+2	9.425123E+2
5.409516E+2	9.530752E+2
5.412084E+2	9.636380E+2
5.414653E+2	9.740041E+2
5.417221E+2	9.848293E+2
5.419789E+2	9.960369E+2
5.422357E+2	1.006911E+3
5.424925E+2	1.017999E+3
5.427493E+2	1.028911E+3
5.430061E+2	1.039895E+3
5.432629E+2	1.051507E+3
5.435197E+2	1.063337E+3
5.437765E+2	1.075168E+3
5.440332E+2	1.086900E+3
5.442900E+2	1.098124E+3
5.445467E+2	1.109496E+3
5.448035E+2	1.121747E+3
5.450602E+2	1.133999E+3
5.453169E+2	1.146217E+3
5.455736E+2	1.158791E+3
5.458303E+2	1.171261E+3
5.460870E+2	1.183939E+3
5.463437E+2	1.196272E+3
5.466004E+2	1.208567E+3
5.468571E+2	1.221332E+3
5.471137E+2	1.234376E+3
5.473704E+2	1.247097E+3
5.476270E+2	1.261130E+3
5.478837E+2	1.274561E+3
5.481403E+2	1.287441E+3
5.483969E+2	1.300758E+3
5.486535E+2	1.314097E+3
5.489101E+2	1.327802E+3
5.491667E+2	1.341075E+3
5.494233E+2	1.354813E+3
5.496799E+2	1.368343E+3
5.499365E+2	1.382021E+3
5.501931E+2	1.395796E+3
5.504496E+2	1.409671E+3
5.507062E+2	1.424578E+3
5.509627E+2	1.438408E+3
5.512192E+2	1.453425E+3
5.514758E+2	1.468048E+3
5.517323E+2	1.483217E+3
5.519888E+2	1.498206E+3
5.522453E+2	1.513228E+3
5.525018E+2	1.528682E+3
5.527583E+2	1.543501E+3
5.530147E+2	1.559015E+3
5.532712E+2	1.574600E+3
5.535277E+2	1.590693E+3
5.537841E+2	1.606332E+3
5.540406E+2	1.621791E+3
5.542970E+2	1.637212E+3
5.545534E+2	1.652900E+3
5.548098E+2	1.669053E+3
5.550663E+2	1.685059E+3
5.553227E+2	1.700807E+3
5.555791E+2	1.716966E+3
5.558354E+2	1.733261E+3
5.560918E+2	1.749305E+3
5.563482E+2	1.766616E+3
5.566046E+2	1.783982E+3
5.568609E+2	1.801840E+3
5.571173E+2	1.819731E+3
5.573736E+2	1.837627E+3
5.576299E+2	1.854960E+3
5.578862E+2	1.872988E+3
5.581426E+2	1.890977E+3
5.583989E+2	1.909343E+3
5.586552E+2	1.927900E+3
5.589114E+2	1.946081E+3
5.591677E+2	1.964665E+3
5.594240E+2	1.983392E+3
5.596803E+2	2.002512E+3
5.599365E+2	2.022190E+3
5.601928E+2	2.042283E+3
5.604490E+2	2.061113E+3
5.607052E+2	2.080337E+3
5.609614E+2	2.099933E+3
5.612177E+2	2.119911E+3
5.614739E+2	2.140092E+3
5.617301E+2	2.160332E+3
5.619863E+2	2.180835E+3
5.622424E+2	2.201021E+3
5.624986E+2	2.221589E+3
5.627548E+2	2.242283E+3
5.630109E+2	2.263135E+3
5.632671E+2	2.283911E+3
5.635232E+2	2.305157E+3
5.637794E+2	2.327348E+3
5.640355E+2	2.349452E+3
5.642916E+2	2.371928E+3
5.645477E+2	2.394092E+3
5.648038E+2	2.416534E+3
5.650599E+2	2.438807E+3
5.653160E+2	2.461261E+3
5.655721E+2	2.483829E+3
5.658281E+2	2.507124E+3
5.660842E+2	2.530261E+3
5.663402E+2	2.552889E+3
5.665963E+2	2.576376E+3
5.668523E+2	2.599600E+3
5.671083E+2	2.623184E+3
5.673644E+2	2.647862E+3
5.676204E+2	2.672288E+3
5.678764E+2	2.696490E+3
5.681324E+2	2.721392E+3
5.683883E+2	2.746485E+3
5.686443E+2	2.770971E+3
5.689003E+2	2.795977E+3
5.691562E+2	2.821015E+3
5.694122E+2	2.846441E+3
5.696681E+2	2.872452E+3
5.699241E+2	2.899255E+3
5.701800E+2	2.925698E+3
5.704359E+2	2.952266E+3
5.706918E+2	2.979059E+3
5.709477E+2	3.005523E+3
5.712036E+2	3.032179E+3
5.714595E+2	3.059447E+3
5.717154E+2	3.087469E+3
5.719713E+2	3.114146E+3
5.722271E+2	3.141201E+3
5.724830E+2	3.168217E+3
5.727388E+2	3.195638E+3
5.729947E+2	3.222698E+3
5.732505E+2	3.251359E+3
5.735063E+2	3.278851E+3
5.737621E+2	3.308217E+3
5.740179E+2	3.337004E+3
5.742737E+2	3.366223E+3
5.745295E+2	3.394616E+3
5.747853E+2	3.423113E+3
5.750411E+2	3.452321E+3
5.752968E+2	3.481430E+3
5.755526E+2	3.510343E+3
5.758083E+2	3.539174E+3
5.760641E+2	3.569381E+3
5.763198E+2	3.600245E+3
5.765755E+2	3.630496E+3
5.768312E+2	3.660802E+3
5.770869E+2	3.690944E+3
5.773426E+2	3.721594E+3
5.775983E+2	3.751818E+3
5.778540E+2	3.782102E+3
5.781097E+2	3.813780E+3
5.783653E+2	3.844665E+3
5.786210E+2	3.876021E+3
5.788766E+2	3.907704E+3
5.791323E+2	3.939343E+3
5.793879E+2	3.971463E+3
5.796435E+2	4.003048E+3
5.798991E+2	4.034660E+3
5.801547E+2	4.066146E+3
5.804103E+2	4.098381E+3
5.806659E+2	4.130769E+3
5.809215E+2	4.163157E+3
5.811771E+2	4.196370E+3
5.814327E+2	4.229179E+3
5.816882E+2	4.261518E+3
5.819438E+2	4.294704E+3
5.821993E+2	4.327764E+3
5.824548E+2	4.359988E+3
5.827104E+2	4.393627E+3
5.829659E+2	4.426223E+3
5.832214E+2	4.458392E+3
5.834769E+2	4.491534E+3
5.837324E+2	4.523682E+3
5.839878E+2	4.557102E+3
5.842433E+2	4.590551E+3
5.844988E+2	4.624408E+3
5.847542E+2	4.658906E+3
5.850097E+2	4.691949E+3
5.852651E+2	4.725911E+3
5.855206E+2	4.759305E+3
5.857760E+2	4.793889E+3
5.860314E+2	4.827742E+3
5.862868E+2	4.861234E+3
5.865422E+2	4.895512E+3
5.867976E+2	4.930627E+3
5.870530E+2	4.966124E+3
5.873084E+2	5.000070E+3
5.875637E+2	5.034857E+3
5.878191E+2	5.069414E+3
5.880744E+2	5.105228E+3
5.883298E+2	5.140611E+3
5.885851E+2	5.176988E+3
5.888404E+2	5.212988E+3
5.890958E+2	5.249633E+3
5.893511E+2	5.284917E+3
5.896064E+2	5.320862E+3
5.898617E+2	5.356086E+3
5.901169E+2	5.392802E+3
5.903722E+2	5.429469E+3
5.906275E+2	5.465469E+3
5.908827E+2	5.501458E+3
5.911380E+2	5.537534E+3
5.913932E+2	5.574086E+3
5.916485E+2	5.610758E+3
5.919037E+2	5.648665E+3
5.921589E+2	5.685988E+3
5.924141E+2	5.723354E+3
5.926693E+2	5.761124E+3
5.929245E+2	5.799064E+3
5.931797E+2	5.838529E+3
5.934349E+2	5.877906E+3
5.936900E+2	5.916266E+3
5.939452E+2	5.956900E+3
5.942004E+2	5.996053E+3
5.944555E+2	6.035709E+3
5.947106E+2	6.075715E+3
5.949658E+2	6.114359E+3
5.952209E+2	6.154753E+3
5.954760E+2	6.195337E+3
5.957311E+2	6.236747E+3
5.959862E+2	6.277840E+3
5.962413E+2	6.319168E+3
5.964963E+2	6.359824E+3
5.967514E+2	6.400988E+3
5.970065E+2	6.442949E+3
5.972615E+2	6.486370E+3
5.975166E+2	6.528294E+3
5.977716E+2	6.571523E+3
5.980266E+2	6.615725E+3
5.982816E+2	6.659272E+3
5.985367E+2	6.703561E+3
5.987917E+2	6.748277E+3
5.990467E+2	6.792796E+3
5.993016E+2	6.838064E+3
5.995566E+2	6.883567E+3
5.998116E+2	6.929381E+3
6.000665E+2	6.976064E+3
6.003215E+2	7.020933E+3
6.005764E+2	7.068365E+3
6.008314E+2	7.115283E+3
6.010863E+2	7.162359E+3
6.013412E+2	7.209174E+3
6.015961E+2	7.256392E+3
6.018510E+2	7.305217E+3
6.021059E+2	7.354654E+3
6.023608E+2	7.403277E+3
6.026157E+2	7.451021E+3
6.028706E+2	7.499529E+3
6.031254E+2	7.548829E+3
6.033803E+2	7.597807E+3
6.036351E+2	7.645430E+3
6.038900E+2	7.694971E+3
6.041448E+2	7.743966E+3
6.043996E+2	7.793977E+3
6.046544E+2	7.843561E+3
6.049092E+2	7.893501E+3
6.051640E+2	7.943343E+3
6.054188E+2	7.994403E+3
6.056736E+2	8.046567E+3
6.059283E+2	8.097928E+3
6.061831E+2	8.148665E+3
6.064378E+2	8.200414E+3
6.066926E+2	8.252419E+3
6.069473E+2	8.305064E+3
6.072021E+2	8.356070E+3
6.074568E+2	8.405228E+3
6.077115E+2	8.455283E+3
6.079662E+2	8.506359E+3
6.082209E+2	8.558163E+3
6.084756E+2	8.608053E+3
6.087302E+2	8.657977E+3
6.089849E+2	8.709348E+3
6.092396E+2	8.761053E+3
6.094942E+2	8.811829E+3
6.097489E+2	8.864053E+3
6.100035E+2	8.913933E+3
6.102581E+2	8.964846E+3
6.105127E+2	9.016206E+3
6.107674E+2	9.065873E+3
6.110220E+2	9.115764E+3
6.112766E+2	9.166971E+3
6.115311E+2	9.218529E+3
6.117857E+2	9.270496E+3
6.120403E+2	9.321775E+3
6.122948E+2	9.372135E+3
6.125494E+2	9.421911E+3
6.128039E+2	9.471195E+3
6.130585E+2	9.520758E+3
6.133130E+2	9.569365E+3
6.135675E+2	9.617829E+3
6.138220E+2	9.666851E+3
6.140765E+2	9.715250E+3
6.143310E+2	9.764021E+3
6.145855E+2	9.811223E+3
6.148400E+2	9.859277E+3
6.150945E+2	9.906337E+3
6.153489E+2	9.954567E+3
6.156034E+2	9.999496E+3
6.158578E+2	1.004749E+4
6.161123E+2	1.009365E+4
6.163667E+2	1.013887E+4
6.166211E+2	1.018436E+4
6.168755E+2	1.022946E+4
6.171299E+2	1.027508E+4
6.173843E+2	1.032039E+4
6.176387E+2	1.036414E+4
6.178931E+2	1.040662E+4
6.181474E+2	1.045072E+4
6.184018E+2	1.049491E+4
6.186561E+2	1.053703E+4
6.189105E+2	1.058036E+4
6.191648E+2	1.062357E+4
6.194191E+2	1.066414E+4
6.196735E+2	1.070540E+4
6.199278E+2	1.074395E+4
6.201821E+2	1.078446E+4
6.204364E+2	1.082330E+4
6.206907E+2	1.086045E+4
6.209449E+2	1.089809E+4
6.211992E+2	1.093600E+4
6.214535E+2	1.097193E+4
6.217077E+2	1.101075E+4
6.219619E+2	1.104691E+4
6.222162E+2	1.108323E+4
6.224704E+2	1.111811E+4
6.227246E+2	1.115445E+4
6.229788E+2	1.119088E+4
6.232330E+2	1.122832E+4
6.234872E+2	1.126348E+4
6.237414E+2	1.129703E+4
6.239956E+2	1.132929E+4
6.242498E+2	1.136295E+4
6.245039E+2	1.139371E+4
6.247581E+2	1.142635E+4
6.250122E+2	1.145717E+4
6.252663E+2	1.148765E+4
6.255205E+2	1.151775E+4
6.257746E+2	1.154581E+4
6.260287E+2	1.157470E+4
6.262828E+2	1.160294E+4
6.265369E+2	1.163168E+4
6.267910E+2	1.165653E+4
6.270450E+2	1.168126E+4
6.272991E+2	1.170400E+4
6.275532E+2	1.172820E+4
6.278072E+2	1.175127E+4
6.280613E+2	1.177370E+4
6.283153E+2	1.179392E+4
6.285693E+2	1.181645E+4
6.288233E+2	1.183552E+4
6.290773E+2	1.185502E+4
6.293313E+2	1.187191E+4
6.295853E+2	1.189002E+4
6.298393E+2	1.190668E+4
6.300933E+2	1.192269E+4
6.303472E+2	1.193791E+4
6.306012E+2	1.195179E+4
6.308551E+2	1.196350E+4
6.311091E+2	1.197624E+4
6.313630E+2	1.198695E+4
6.316169E+2	1.199689E+4
6.318709E+2	1.200702E+4
6.321248E+2	1.201572E+4
6.323787E+2	1.202308E+4
6.326326E+2	1.202795E+4
6.328864E+2	1.203221E+4
6.331403E+2	1.203620E+4
6.333942E+2	1.203952E+4
6.336480E+2	1.204169E+4
6.339019E+2	1.204304E+4
6.341557E+2	1.204476E+4
6.344095E+2	1.204564E+4
6.346634E+2	1.204489E+4
6.349172E+2	1.204379E+4
6.351710E+2	1.204164E+4
6.354248E+2	1.203943E+4
6.356786E+2	1.203540E+4
6.359324E+2	1.203181E+4
6.361861E+2	1.202755E+4
6.364399E+2	1.202066E+4
6.366936E+2	1.201186E+4
6.369474E+2	1.200705E+4
6.372011E+2	1.199642E+4
6.374549E+2	1.198787E+4
6.377086E+2	1.197631E+4
6.379623E+2	1.196508E+4
6.382160E+2	1.195280E+4
6.384697E+2	1.193809E+4
6.387234E+2	1.192236E+4
6.389771E+2	1.190729E+4
6.392307E+2	1.189175E+4
6.394844E+2	1.187815E+4
6.397380E+2	1.186146E+4
6.399917E+2	1.184459E+4
6.402453E+2	1.182495E+4
6.404990E+2	1.180380E+4
6.407526E+2	1.178212E+4
6.410062E+2	1.176018E+4
6.412598E+2	1.173933E+4
6.415134E+2	1.171499E+4
6.417670E+2	1.169161E+4
6.420206E+2	1.166533E+4
6.422741E+2	1.164130E+4
6.425277E+2	1.161673E+4
6.427812E+2	1.159272E+4
6.430348E+2	1.156607E+4
6.432883E+2	1.154033E+4
6.435418E+2	1.151251E+4
6.437954E+2	1.148599E+4
6.440489E+2	1.145734E+4
6.443024E+2	1.143021E+4
6.445559E+2	1.140076E+4
6.448094E+2	1.137180E+4
6.450628E+2	1.134008E+4
6.453163E+2	1.131055E+4
6.455698E+2	1.128121E+4
6.458232E+2	1.125055E+4
6.460767E+2	1.122022E+4
6.463301E+2	1.119045E+4
6.465835E+2	1.115958E+4
6.468369E+2	1.112785E+4
6.470903E+2	1.109527E+4
6.473437E+2	1.106236E+4
6.475971E+2	1.102979E+4
6.478505E+2	1.099650E+4
6.481039E+2	1.096428E+4
6.483573E+2	1.093097E+4
6.486106E+2	1.089753E+4
6.488640E+2	1.086369E+4
6.491173E+2	1.082923E+4
6.493706E+2	1.079456E+4
6.496240E+2	1.075950E+4
6.498773E+2	1.072467E+4
6.501306E+2	1.068923E+4
6.503839E+2	1.065414E+4
6.506372E+2	1.061873E+4
6.508905E+2	1.058398E+4
6.511437E+2	1.054934E+4
6.513970E+2	1.051490E+4
6.516503E+2	1.048128E+4
6.519035E+2	1.044780E+4
6.521567E+2	1.041322E+4
6.524100E+2	1.037705E+4
6.526632E+2	1.034294E+4
6.529164E+2	1.030737E+4
6.531696E+2	1.027346E+4
6.534228E+2	1.023880E+4
6.536760E+2	1.020316E+4
6.539292E+2	1.016923E+4
6.541824E+2	1.013495E+4
6.544355E+2	1.010001E+4
6.546887E+2	1.006510E+4
6.549418E+2	1.002968E+4
6.551950E+2	9.995873E+3
6.554481E+2	9.960715E+3
6.557012E+2	9.925868E+3
6.559543E+2	9.891627E+3
6.562074E+2	9.856376E+3
6.564605E+2	9.822594E+3
6.567136E+2	9.789223E+3
6.569667E+2	9.756966E+3
6.572198E+2	9.724070E+3
6.574728E+2	9.691343E+3
6.577259E+2	9.657398E+3
6.579789E+2	9.624086E+3
6.582319E+2	9.590687E+3
6.584850E+2	9.559157E+3
6.587380E+2	9.525490E+3
6.589910E+2	9.494523E+3
6.592440E+2	9.463403E+3
6.594970E+2	9.430775E+3
6.597500E+2	9.400999E+3
6.600030E+2	9.370917E+3
6.602559E+2	9.342332E+3
6.605089E+2	9.313392E+3
6.607618E+2	9.281643E+3
6.610148E+2	9.252141E+3
6.612677E+2	9.221102E+3
6.615206E+2	9.192359E+3
6.617736E+2	9.162851E+3
6.620265E+2	9.133316E+3
6.622794E+2	9.104053E+3
6.625323E+2	9.076266E+3
6.627851E+2	9.047408E+3
6.630380E+2	9.020113E+3
6.632909E+2	8.992993E+3
6.635437E+2	8.967802E+3
6.637966E+2	8.940392E+3
6.640494E+2	8.913955E+3
6.643023E+2	8.889540E+3
6.645551E+2	8.864611E+3
6.648079E+2	8.840731E+3
6.650607E+2	8.816654E+3
6.653135E+2	8.791234E+3
6.655663E+2	8.768223E+3
6.658191E+2	8.744086E+3
6.660718E+2	8.720687E+3
6.663246E+2	8.697906E+3
6.665774E+2	8.676042E+3
6.668301E+2	8.651878E+3
6.670828E+2	8.630704E+3
6.673356E+2	8.610015E+3
6.675883E+2	8.590086E+3
6.678410E+2	8.569589E+3
6.680937E+2	8.548780E+3
6.683464E+2	8.529403E+3
6.685991E+2	8.509818E+3
6.688518E+2	8.490354E+3
6.691044E+2	8.471092E+3
6.693571E+2	8.452764E+3
6.696098E+2	8.434753E+3
6.698624E+2	8.415359E+3
6.701150E+2	8.396671E+3
6.703677E+2	8.378791E+3
6.706203E+2	8.359775E+3
6.708729E+2	8.342567E+3
6.711255E+2	8.324529E+3
6.713781E+2	8.308261E+3
6.716307E+2	8.292977E+3
6.718832E+2	8.278097E+3
6.721358E+2	8.260113E+3
6.723884E+2	8.245064E+3
6.726409E+2	8.229654E+3
6.728935E+2	8.214933E+3
6.731460E+2	8.201436E+3
6.733985E+2	8.189015E+3
6.736510E+2	8.175556E+3
6.739035E+2	8.162622E+3
6.741560E+2	8.151130E+3
6.744085E+2	8.138704E+3
6.746610E+2	8.126911E+3
6.749135E+2	8.115939E+3
6.751660E+2	8.105184E+3
6.754184E+2	8.094337E+3
6.756709E+2	8.082922E+3
6.759233E+2	8.072113E+3
6.761757E+2	8.063370E+3
6.764282E+2	8.053228E+3
6.766806E+2	8.044725E+3
6.769330E+2	8.034217E+3
6.771854E+2	8.023212E+3
6.774378E+2	8.013081E+3
6.776901E+2	8.002889E+3
6.779425E+2	7.992141E+3
6.781949E+2	7.982015E+3
6.784472E+2	7.970119E+3
6.786996E+2	7.960425E+3
6.789519E+2	7.949474E+3
6.792042E+2	7.940190E+3
6.794566E+2	7.930015E+3
6.797089E+2	7.920469E+3
6.799612E+2	7.911288E+3
6.802135E+2	7.901496E+3
6.804657E+2	7.892480E+3
6.807180E+2	7.884999E+3
6.809703E+2	7.876556E+3
6.812226E+2	7.870786E+3
6.814748E+2	7.863195E+3
6.817270E+2	7.856829E+3
6.819793E+2	7.849130E+3
6.822315E+2	7.842835E+3
6.824837E+2	7.835529E+3
6.827359E+2	7.828441E+3
6.829881E+2	7.821693E+3
6.832403E+2	7.815523E+3
6.834925E+2	7.809556E+3
6.837447E+2	7.802725E+3
6.839968E+2	7.796769E+3
6.842490E+2	7.789824E+3
6.845011E+2	7.783135E+3
6.847533E+2	7.774709E+3
6.850054E+2	7.767053E+3
6.852575E+2	7.760332E+3
6.855097E+2	7.753731E+3
6.857618E+2	7.745447E+3
6.860139E+2	7.736070E+3
6.862659E+2	7.728436E+3
6.865180E+2	7.720829E+3
6.867701E+2	7.711818E+3
6.870222E+2	7.704294E+3
6.872742E+2	7.696299E+3
6.875263E+2	7.690217E+3
6.877783E+2	7.682234E+3
6.880303E+2	7.675720E+3
6.882823E+2	7.669747E+3
6.885343E+2	7.664534E+3
6.887864E+2	7.657955E+3
6.890383E+2	7.653135E+3
6.892903E+2	7.647190E+3
6.895423E+2	7.641993E+3
6.897943E+2	7.638135E+3
6.900462E+2	7.632955E+3
6.902982E+2	7.629419E+3
6.905501E+2	7.623829E+3
6.908021E+2	7.619982E+3
6.910540E+2	7.614212E+3
6.913059E+2	7.608955E+3
6.915578E+2	7.601354E+3
6.918097E+2	7.594414E+3
6.920616E+2	7.587102E+3
6.923135E+2	7.579545E+3
6.925654E+2	7.572704E+3
6.928172E+2	7.565753E+3
6.930691E+2	7.557589E+3
6.933209E+2	7.548922E+3
6.935728E+2	7.542277E+3
6.938246E+2	7.535474E+3
6.940764E+2	7.527015E+3
6.943282E+2	7.518239E+3
6.945800E+2	7.508878E+3
6.948318E+2	7.500835E+3
6.950836E+2	7.490600E+3
6.953354E+2	7.481868E+3
6.955872E+2	7.472966E+3
6.958389E+2	7.464633E+3
6.960907E+2	7.455217E+3
6.963424E+2	7.445611E+3
6.965942E+2	7.435245E+3
6.968459E+2	7.427627E+3
6.970976E+2	7.419370E+3
6.973493E+2	7.411551E+3
6.976010E+2	7.404469E+3
6.978527E+2	7.397704E+3
6.981044E+2	7.389796E+3
6.983561E+2	7.381900E+3
6.986077E+2	7.373097E+3
6.988594E+2	7.364824E+3
6.991110E+2	7.356911E+3
6.993627E+2	7.348337E+3
6.996143E+2	7.339540E+3
6.998659E+2	7.330010E+3
7.001175E+2	7.321294E+3
7.003692E+2	7.310922E+3
7.006207E+2	7.300354E+3
7.008723E+2	7.289179E+3
7.011239E+2	7.278097E+3
7.013755E+2	7.268392E+3
7.016271E+2	7.255682E+3
7.018786E+2	7.243168E+3
7.021302E+2	7.231184E+3
7.023817E+2	7.218518E+3
7.026332E+2	7.204643E+3
7.028847E+2	7.190600E+3
7.031362E+2	7.176988E+3
7.033878E+2	7.163102E+3
7.036392E+2	7.149332E+3
7.038907E+2	7.134425E+3
7.041422E+2	7.119660E+3
7.043937E+2	7.104720E+3
7.046451E+2	7.090884E+3
7.048966E+2	7.076299E+3
7.051480E+2	7.060786E+3
7.053995E+2	7.045605E+3
7.056509E+2	7.030889E+3
7.059023E+2	7.015928E+3
7.061537E+2	7.001343E+3
7.064051E+2	6.987829E+3
7.066565E+2	6.975343E+3
7.069079E+2	6.964665E+3
7.071593E+2	6.952725E+3
7.074106E+2	6.941709E+3
7.076620E+2	6.930589E+3
7.079133E+2	6.918529E+3
7.081647E+2	6.906949E+3
7.084160E+2	6.896195E+3
7.086673E+2	6.885665E+3
7.089186E+2	6.872572E+3
7.091699E+2	6.859327E+3
7.094212E+2	6.845802E+3
7.096725E+2	6.831245E+3
7.099238E+2	6.817097E+3
7.101751E+2	6.801725E+3
7.104263E+2	6.787419E+3
7.106776E+2	6.770873E+3
7.109288E+2	6.754922E+3
7.111800E+2	6.737551E+3
7.114313E+2	6.720818E+3
7.116825E+2	6.703807E+3
7.119337E+2	6.688037E+3
7.121849E+2	6.669889E+3
7.124361E+2	6.651168E+3
7.126873E+2	6.632960E+3
7.129384E+2	6.615753E+3
7.131896E+2	6.598075E+3
7.134408E+2	6.581201E+3
7.136919E+2	6.563627E+3
7.139430E+2	6.547316E+3
7.141942E+2	6.533988E+3
7.144453E+2	6.519851E+3
7.146964E+2	6.505988E+3
7.149475E+2	6.494261E+3
7.151986E+2	6.483955E+3
7.154497E+2	6.474567E+3
7.157008E+2	6.464813E+3
7.159518E+2	6.456015E+3
7.162029E+2	6.447398E+3
7.164540E+2	6.441578E+3
7.167050E+2	6.433561E+3
7.169560E+2	6.428048E+3
7.172071E+2	6.420742E+3
7.174581E+2	6.413736E+3
7.177091E+2	6.405146E+3
7.179601E+2	6.396578E+3
7.182111E+2	6.387857E+3
7.184621E+2	6.377583E+3
7.187130E+2	6.367092E+3
7.189640E+2	6.356228E+3
7.192150E+2	6.342955E+3
7.194659E+2	6.329643E+3
7.197169E+2	6.314359E+3
7.199678E+2	6.299600E+3
7.202187E+2	6.284037E+3
7.204696E+2	6.269255E+3
7.207205E+2	6.254988E+3
7.209714E+2	6.240633E+3
7.212223E+2	6.227556E+3
7.214732E+2	6.214370E+3
7.217241E+2	6.203545E+3
7.219749E+2	6.192616E+3
7.222258E+2	6.182605E+3
7.224766E+2	6.175780E+3
7.227274E+2	6.169982E+3
7.229783E+2	6.166551E+3
7.232291E+2	6.165676E+3
7.234799E+2	6.166654E+3
7.237307E+2	6.170097E+3
7.239815E+2	6.175288E+3
7.242323E+2	6.182436E+3
7.244830E+2	6.190873E+3
7.247338E+2	6.199796E+3
7.249846E+2	6.209900E+3
7.252353E+2	6.220561E+3
7.254861E+2	6.231824E+3
7.257368E+2	6.242184E+3
7.259875E+2	6.252327E+3
7.262382E+2	6.261578E+3
7.264889E+2	6.269884E+3
7.267396E+2	6.276966E+3
7.269903E+2	6.283682E+3
7.272410E+2	6.288266E+3
7.274917E+2	6.293348E+3
7.277423E+2	6.297381E+3
7.279930E+2	6.301255E+3
7.282436E+2	6.304414E+3
7.284942E+2	6.305949E+3
7.287449E+2	6.308507E+3
7.289955E+2	6.312070E+3
7.292461E+2	6.314862E+3
7.294967E+2	6.316463E+3
7.297473E+2	6.319152E+3
7.299979E+2	6.322441E+3
7.302484E+2	6.325900E+3
7.304990E+2	6.329255E+3
7.307496E+2	6.333403E+3
7.310001E+2	6.340163E+3
7.312507E+2	6.350408E+3
7.315012E+2	6.362283E+3
7.317517E+2	6.375857E+3
7.320022E+2	6.396567E+3
7.322527E+2	6.421266E+3
7.325032E+2	6.453633E+3
7.327537E+2	6.488398E+3
7.330042E+2	6.525993E+3
7.332547E+2	6.565671E+3
7.335051E+2	6.609108E+3
7.337556E+2	6.656960E+3
7.340060E+2	6.712064E+3
7.342564E+2	6.776392E+3
7.345069E+2	6.846611E+3
7.347573E+2	6.913168E+3
7.350077E+2	6.972321E+3
7.352581E+2	7.019135E+3
7.355085E+2	7.065277E+3
7.357589E+2	7.124512E+3
7.360092E+2	7.204556E+3
7.362596E+2	7.305911E+3
7.365100E+2	7.417348E+3
7.367603E+2	7.525518E+3
7.370106E+2	7.623206E+3
7.372610E+2	7.707529E+3
7.375113E+2	7.785113E+3
7.377616E+2	7.858731E+3
7.380119E+2	7.938469E+3
7.382622E+2	8.026846E+3
7.385125E+2	8.123818E+3
7.387628E+2	8.224643E+3
7.390130E+2	8.328119E+3
7.392633E+2	8.437348E+3
7.395135E+2	8.553070E+3
7.397638E+2	8.676414E+3
7.400140E+2	8.809857E+3
7.402642E+2	8.954004E+3
7.405144E+2	9.100960E+3
7.407647E+2	9.247889E+3
7.410149E+2	9.394715E+3
7.412650E+2	9.533862E+3
7.415152E+2	9.664507E+3
7.417654E+2	9.796283E+3
7.420156E+2	9.936447E+3
7.422657E+2	1.008599E+4
7.425159E+2	1.023450E+4
7.427660E+2	1.037068E+4
7.430161E+2	1.048629E+4
7.432662E+2	1.058941E+4
7.435164E+2	1.071923E+4
7.437665E+2	1.087495E+4
7.440165E+2	1.102959E+4
7.442666E+2	1.118392E+4
7.445167E+2	1.133807E+4
7.447668E+2	1.149124E+4
7.450168E+2	1.164382E+4
7.452669E+2	1.178821E+4
7.455169E+2	1.191377E+4
7.457669E+2	1.202788E+4
7.460170E+2	1.213704E+4
7.462670E+2	1.224964E+4
7.465170E+2	1.236731E+4
7.467670E+2	1.250096E+4
7.470170E+2	1.264160E+4
7.472670E+2	1.277677E+4
7.475169E+2	1.290774E+4
7.477669E+2	1.303277E+4
7.480168E+2	1.315589E+4
7.482668E+2	1.327710E+4
7.485167E+2	1.339741E+4
7.487666E+2	1.351423E+4
7.490166E+2	1.362799E+4
7.492665E+2	1.371192E+4
7.495164E+2	1.377843E+4
7.497663E+2	1.383275E+4
7.500161E+2	1.388075E+4
7.502660E+2	1.392486E+4
7.505159E+2	1.396887E+4
7.507657E+2	1.401064E+4
7.510156E+2	1.404254E+4
7.512654E+2	1.405750E+4
7.515152E+2	1.405120E+4
7.517651E+2	1.403499E+4
7.520149E+2	1.402218E+4
7.522647E+2	1.402688E+4
7.525145E+2	1.405316E+4
7.527643E+2	1.409045E+4
7.530140E+2	1.412847E+4
7.532638E+2	1.415034E+4
7.535136E+2	1.415282E+4
7.537633E+2	1.414239E+4
7.540131E+2	1.413580E+4
7.542628E+2	1.414479E+4
7.545125E+2	1.416858E+4
7.547622E+2	1.419758E+4
7.550119E+2	1.422036E+4
7.552616E+2	1.423077E+4
7.555113E+2	1.422679E+4
7.557610E+2	1.421680E+4
7.560107E+2	1.419641E+4
7.562603E+2	1.416235E+4
7.565100E+2	1.412012E+4
7.567596E+2	1.407697E+4
7.570093E+2	1.402502E+4
7.572589E+2	1.395181E+4
7.575085E+2	1.385295E+4
7.577581E+2	1.374175E+4
7.580077E+2	1.363182E+4
7.582573E+2	1.353363E+4
7.585069E+2	1.343355E+4
7.587565E+2	1.329605E+4
7.590060E+2	1.312436E+4
7.592556E+2	1.295115E+4
7.595051E+2	1.277760E+4
7.597547E+2	1.260762E+4
7.600042E+2	1.244168E+4
7.602537E+2	1.227758E+4
7.605032E+2	1.212362E+4
7.607527E+2	1.199089E+4
7.610022E+2	1.187124E+4
7.612517E+2	1.175670E+4
7.615012E+2	1.163858E+4
7.617507E+2	1.151451E+4
7.620001E+2	1.137382E+4
7.622496E+2	1.122022E+4
7.624990E+2	1.106346E+4
7.627485E+2	1.090363E+4
7.629979E+2	1.074242E+4
7.632473E+2	1.058211E+4
7.634967E+2	1.042397E+4
7.637461E+2	1.026834E+4
7.639955E+2	1.011588E+4
7.642449E+2	9.965824E+3
7.644942E+2	9.839255E+3
7.647436E+2	9.722228E+3
7.649930E+2	9.611419E+3
7.652423E+2	9.510753E+3
7.654916E+2	9.422982E+3
7.657410E+2	9.346616E+3
7.659903E+2	9.274097E+3
7.662396E+2	9.197895E+3
7.664889E+2	9.118004E+3
7.667382E+2	9.037354E+3
7.669875E+2	8.956949E+3
7.672367E+2	8.875988E+3
7.674860E+2	8.785441E+3
7.677353E+2	8.685824E+3
7.679845E+2	8.581490E+3
7.682337E+2	8.477600E+3
7.684830E+2	8.381463E+3
7.687322E+2	8.294846E+3
7.689814E+2	8.211474E+3
7.692306E+2	8.119851E+3
7.694798E+2	8.011463E+3
7.697290E+2	7.880966E+3
7.699782E+2	7.738234E+3
7.702273E+2	7.590026E+3
7.704765E+2	7.443042E+3
7.707256E+2	7.299048E+3
7.709748E+2	7.161108E+3
7.712239E+2	7.038933E+3
7.714730E+2	6.937824E+3
7.717222E+2	6.858179E+3
7.719713E+2	6.788245E+3
7.722204E+2	6.727933E+3
7.724694E+2	6.680387E+3
7.727185E+2	6.651469E+3
7.729676E+2	6.639966E+3
7.732167E+2	6.641255E+3
7.734657E+2	6.651693E+3
7.737147E+2	6.671354E+3
7.739638E+2	6.697949E+3
7.742128E+2	6.726671E+3
7.744618E+2	6.749796E+3
7.747108E+2	6.765589E+3
7.749598E+2	6.772616E+3
7.752088E+2	6.770288E+3
7.754578E+2	6.762518E+3
7.757068E+2	6.749452E+3
7.759557E+2	6.729212E+3
7.762047E+2	6.704682E+3
7.764536E+2	6.674294E+3
7.767026E+2	6.638447E+3
7.769515E+2	6.596381E+3
7.772004E+2	6.551545E+3
7.774493E+2	6.507818E+3
7.776982E+2	6.466141E+3
7.779471E+2	6.428556E+3
7.781960E+2	6.394775E+3
7.784449E+2	6.363693E+3
7.786938E+2	6.333758E+3
7.789426E+2	6.304124E+3
7.791915E+2	6.274223E+3
7.794403E+2	6.243758E+3
7.796891E+2	6.213660E+3
7.799380E+2	6.182026E+3
7.801868E+2	6.150698E+3
7.804356E+2	6.116862E+3
7.806844E+2	6.081059E+3
7.809332E+2	6.043857E+3
7.811819E+2	6.005780E+3
7.814307E+2	5.968343E+3
7.816795E+2	5.932835E+3
7.819282E+2	5.898835E+3
7.821770E+2	5.865261E+3
7.824257E+2	5.835622E+3
7.826744E+2	5.808529E+3
7.829231E+2	5.783266E+3
7.831718E+2	5.759064E+3
7.834205E+2	5.736053E+3
7.836692E+2	5.712835E+3
7.839179E+2	5.689490E+3
7.841666E+2	5.664387E+3
7.844152E+2	5.634026E+3
7.846639E+2	5.597654E+3
7.849125E+2	5.557545E+3
7.851612E+2	5.513425E+3
7.854098E+2	5.468578E+3
7.856584E+2	5.420496E+3
7.859070E+2	5.369966E+3
7.861556E+2	5.314310E+3
7.864042E+2	5.251578E+3
7.866528E+2	5.180408E+3
7.869014E+2	5.103868E+3
7.871499E+2	5.027496E+3
7.873985E+2	4.951343E+3
7.876470E+2	4.876119E+3
7.878956E+2	4.799490E+3
7.881441E+2	4.719441E+3
7.883926E+2	4.637813E+3
7.886411E+2	4.557146E+3
7.888896E+2	4.481796E+3
7.891381E+2	4.409255E+3
7.893866E+2	4.343152E+3
7.896351E+2	4.283075E+3
7.898835E+2	4.230212E+3
7.901320E+2	4.182458E+3
7.903804E+2	4.139775E+3
7.906289E+2	4.101130E+3
7.908773E+2	4.066212E+3
7.911257E+2	4.035212E+3
7.913742E+2	4.007430E+3
7.916226E+2	3.984622E+3
7.918709E+2	3.965999E+3
7.921193E+2	3.951086E+3
7.923677E+2	3.937993E+3
7.926161E+2	3.926283E+3
7.928644E+2	3.915414E+3
7.931128E+2	3.901900E+3
7.933611E+2	3.885939E+3
7.936095E+2	3.864578E+3
7.938578E+2	3.839501E+3
7.941061E+2	3.810184E+3
7.943544E+2	3.776676E+3
7.946027E+2	3.740348E+3
7.948510E+2	3.701971E+3
7.950993E+2	3.663889E+3
7.953475E+2	3.629463E+3
7.955958E+2	3.597709E+3
7.958440E+2	3.568917E+3
7.960923E+2	3.544179E+3
7.963405E+2	3.521720E+3
7.965887E+2	3.499982E+3
7.968370E+2	3.478469E+3
7.970852E+2	3.457108E+3
7.973334E+2	3.435294E+3
7.975816E+2	3.411102E+3
7.978297E+2	3.386878E+3
7.980779E+2	3.362403E+3
7.983261E+2	3.336933E+3
7.985742E+2	3.310365E+3
7.988224E+2	3.285545E+3
7.990705E+2	3.260015E+3
7.993186E+2	3.236649E+3
7.995668E+2	3.216829E+3
7.998149E+2	3.199370E+3
8.000630E+2	3.187212E+3
8.003111E+2	3.178305E+3
8.005591E+2	3.173698E+3
8.008072E+2	3.174561E+3
8.010553E+2	3.178398E+3
8.013033E+2	3.183398E+3
8.015514E+2	3.190064E+3
8.017994E+2	3.199190E+3
8.020474E+2	3.208086E+3
8.022955E+2	3.216769E+3
8.025435E+2	3.224818E+3
8.027915E+2	3.232015E+3
8.030395E+2	3.239556E+3
8.032874E+2	3.247081E+3
8.035354E+2	3.255135E+3
8.037834E+2	3.262480E+3
8.040313E+2	3.269878E+3
8.042793E+2	3.279108E+3
8.045272E+2	3.290261E+3
8.047752E+2	3.303113E+3
8.050231E+2	3.317851E+3
8.052710E+2	3.335889E+3
8.055189E+2	3.355878E+3
8.057668E+2	3.378004E+3
8.060147E+2	3.404332E+3
8.062625E+2	3.434141E+3
8.065104E+2	3.467425E+3
8.067583E+2	3.504059E+3
8.070061E+2	3.545250E+3
8.072540E+2	3.592031E+3
8.075018E+2	3.643239E+3
8.077496E+2	3.699387E+3
8.079974E+2	3.759895E+3
8.082452E+2	3.823480E+3
8.084930E+2	3.886436E+3
8.087408E+2	3.953999E+3
8.089886E+2	4.022840E+3
8.092364E+2	4.093037E+3
8.094841E+2	4.166977E+3
8.097319E+2	4.244769E+3
8.099796E+2	4.326223E+3
8.102273E+2	4.412272E+3
8.104751E+2	4.501419E+3
8.107228E+2	4.595469E+3
8.109705E+2	4.693436E+3
8.112182E+2	4.795070E+3
8.114659E+2	4.903190E+3
8.117135E+2	5.016540E+3
8.119612E+2	5.135102E+3
8.122089E+2	5.257572E+3
8.124565E+2	5.384840E+3
8.127042E+2	5.510343E+3
8.129518E+2	5.634496E+3
8.131994E+2	5.751119E+3
8.134470E+2	5.861086E+3
8.136946E+2	5.959534E+3
8.139422E+2	6.042387E+3
8.141898E+2	6.108272E+3
8.144374E+2	6.157305E+3
8.146850E+2	6.190321E+3
8.149325E+2	6.209840E+3
8.151801E+2	6.219447E+3
8.154276E+2	6.222075E+3
8.156752E+2	6.220332E+3
8.159227E+2	6.216048E+3
8.161702E+2	6.210660E+3
8.164177E+2	6.205507E+3
8.166652E+2	6.198818E+3
8.169127E+2	6.192223E+3
8.171602E+2	6.185818E+3
8.174077E+2	6.180376E+3
8.176551E+2	6.176917E+3
8.179026E+2	6.176070E+3
8.181500E+2	6.177764E+3
8.183975E+2	6.184048E+3
8.186449E+2	6.193884E+3
8.188923E+2	6.209561E+3
8.191397E+2	6.231086E+3
8.193871E+2	6.258163E+3
8.196345E+2	6.291370E+3
8.198819E+2	6.330059E+3
8.201293E+2	6.375977E+3
8.203766E+2	6.422917E+3
8.206240E+2	6.473381E+3
8.208713E+2	6.523234E+3
8.211187E+2	6.568649E+3
8.213660E+2	6.608141E+3
8.216133E+2	6.638135E+3
8.218606E+2	6.659179E+3
8.221079E+2	6.668436E+3
8.223552E+2	6.664283E+3
8.226025E+2	6.647239E+3
8.228498E+2	6.617693E+3
8.230970E+2	6.575627E+3
8.233443E+2	6.525059E+3
8.235915E+2	6.468059E+3
8.238388E+2	6.402671E+3
8.240860E+2	6.331474E+3
8.243332E+2	6.255660E+3
8.245804E+2	6.173725E+3
8.248276E+2	6.085381E+3
8.250748E+2	5.990829E+3
8.253220E+2	5.889857E+3
8.255692E+2	5.782742E+3
8.258163E+2	5.668070E+3
8.260635E+2	5.547163E+3
8.263106E+2	5.418900E+3
8.265578E+2	5.281939E+3
8.268049E+2	5.137288E+3
8.270520E+2	4.984365E+3
8.272991E+2	4.824895E+3
8.275462E+2	4.659321E+3
8.277933E+2	4.492643E+3
8.280404E+2	4.325245E+3
8.282875E+2	4.163813E+3
8.285345E+2	4.007944E+3
8.287816E+2	3.863878E+3
8.290287E+2	3.734059E+3
8.292757E+2	3.621616E+3
8.295227E+2	3.525234E+3
8.297697E+2	3.445010E+3
8.300168E+2	3.378922E+3
8.302638E+2	3.322113E+3
8.305107E+2	3.273092E+3
8.307577E+2	3.228430E+3
8.310047E+2	3.185715E+3
8.312517E+2	3.144485E+3
8.314986E+2	3.104206E+3
8.317456E+2	3.065682E+3
8.319925E+2	3.027337E+3
8.322394E+2	2.989578E+3
8.324864E+2	2.951370E+3
8.327333E+2	2.911709E+3
8.329802E+2	2.869780E+3
8.332271E+2	2.825179E+3
8.334740E+2	2.775840E+3
8.337208E+2	2.722873E+3
8.339677E+2	2.663889E+3
8.342146E+2	2.598146E+3
8.344614E+2	2.525654E+3
8.347082E+2	2.445463E+3
8.349551E+2	2.358704E+3
8.352019E+2	2.262846E+3
8.354487E+2	2.162835E+3
8.356955E+2	2.057261E+3
8.359423E+2	1.949791E+3
8.361891E+2	1.841643E+3
8.364359E+2	1.735102E+3
8.366826E+2	1.633567E+3
8.369294E+2	1.536561E+3
8.371761E+2	1.446835E+3
8.374229E+2	1.364206E+3
8.376696E+2	1.290387E+3
8.379163E+2	1.224168E+3
8.381630E+2	1.165939E+3
8.384097E+2	1.114512E+3
8.386564E+2	1.069775E+3
8.389031E+2	1.030031E+3
8.391498E+2	9.949768E+2
8.393965E+2	9.641298E+2
8.396431E+2	9.365888E+2
8.398898E+2	9.124085E+2
8.401364E+2	8.909112E+2
8.403830E+2	8.715123E+2
8.406297E+2	8.532227E+2
8.408763E+2	8.360588E+2
8.411229E+2	8.199932E+2
8.413695E+2	8.047145E+2
8.416161E+2	7.900150E+2
8.418626E+2	7.757200E+2
8.421092E+2	7.619768E+2
8.423558E+2	7.485451E+2
8.426023E+2	7.352719E+2
8.428489E+2	7.223866E+2
8.430954E+2	7.096981E+2
8.433419E+2	6.971462E+2
8.435884E+2	6.849112E+2
8.438349E+2	6.728784E+2
8.440814E+2	6.615451E+2
8.443279E+2	6.501462E+2
8.445744E+2	6.390369E+2
8.448208E+2	6.281407E+2
8.450673E+2	6.168948E+2
8.453138E+2	6.055123E+2
8.455602E+2	5.939987E+2
8.458066E+2	5.825014E+2
8.460530E+2	5.705178E+2
8.462995E+2	5.585779E+2
8.465459E+2	5.468620E+2
8.467923E+2	5.346817E+2
8.470386E+2	5.224467E+2
8.472850E+2	5.100150E+2
8.475314E+2	4.979385E+2
8.477777E+2	4.858620E+2
8.480241E+2	4.737910E+2
8.482704E+2	4.614959E+2
8.485168E+2	4.494249E+2
8.487631E+2	4.369167E+2
8.490094E+2	4.245834E+2
8.492557E+2	4.125560E+2
8.495020E+2	4.009604E+2
8.497483E+2	3.892609E+2
8.499946E+2	3.778894E+2
8.502408E+2	3.670697E+2
8.504871E+2	3.563156E+2
8.507333E+2	3.456653E+2
8.509796E+2	3.347090E+2
8.512258E+2	3.239549E+2
8.514720E+2	3.139549E+2
8.517182E+2	3.040861E+2
8.519644E+2	2.944413E+2
8.522106E+2	2.847090E+2
8.524568E+2	2.757145E+2
8.527030E+2	2.666926E+2
8.529492E+2	2.578511E+2
8.531953E+2	2.495069E+2
8.534415E+2	2.412883E+2
8.536876E+2	2.333265E+2
8.539337E+2	2.260150E+2
8.541799E+2	2.189549E+2
8.544260E+2	2.121735E+2
8.546721E+2	2.059549E+2
8.549182E+2	1.997090E+2
8.551643E+2	1.940478E+2
8.554103E+2	1.882227E+2
8.556564E+2	1.827309E+2
8.559024E+2	1.776052E+2
8.561485E+2	1.725342E+2
8.563945E+2	1.678293E+2
8.566406E+2	1.637910E+2
8.568866E+2	1.598293E+2
8.571326E+2	1.557746E+2
8.573786E+2	1.516216E+2
8.576246E+2	1.479112E+2
8.578706E+2	1.448839E+2
8.581166E+2	1.419495E+2
8.583625E+2	1.392773E+2
8.586085E+2	1.366708E+2
8.588544E+2	1.336763E+2
8.591004E+2	1.308129E+2
8.593463E+2	1.280806E+2
8.595922E+2	1.256708E+2
8.598381E+2	1.229932E+2
8.600840E+2	1.206489E+2
8.603299E+2	1.186926E+2
8.605758E+2	1.163648E+2
8.608217E+2	1.137582E+2
8.610675E+2	1.118839E+2
8.613134E+2	1.096216E+2
8.615592E+2	1.073429E+2
8.618051E+2	1.051844E+2
8.620509E+2	1.028293E+2
8.622967E+2	1.008456E+2
8.625425E+2	9.862707E+1
8.627883E+2	9.618991E+1
8.630341E+2	9.385111E+1
8.632799E+2	9.174182E+1
8.635257E+2	8.982379E+1
8.637715E+2	8.795494E+1
8.640172E+2	8.602051E+1
8.642630E+2	8.432106E+1
8.645087E+2	8.239756E+1
8.647544E+2	8.058882E+1
8.650001E+2	7.900958E+1
8.652459E+2	7.727734E+1
8.654916E+2	7.540849E+1
8.657372E+2	7.376368E+1
8.659829E+2	7.239756E+1
8.662286E+2	7.119538E+1
8.664743E+2	6.972543E+1
8.667199E+2	6.838663E+1
8.669656E+2	6.701505E+1
8.672112E+2	6.571997E+1
8.674568E+2	6.452325E+1
8.677024E+2	6.337570E+1
8.679481E+2	6.237024E+1
8.681937E+2	6.127734E+1
8.684392E+2	6.010794E+1
8.686848E+2	5.910248E+1
8.689304E+2	5.812980E+1
8.691760E+2	5.721177E+1
8.694215E+2	5.641942E+1
8.696671E+2	5.527188E+1
8.699126E+2	5.471450E+1
8.701581E+2	5.373636E+1
8.704036E+2	5.312980E+1
8.706491E+2	5.221723E+1
8.708946E+2	5.139210E+1
8.711401E+2	5.074729E+1
8.713856E+2	5.033199E+1
8.716311E+2	4.946314E+1
8.718766E+2	4.861614E+1
8.721220E+2	4.813527E+1
8.723674E+2	4.772543E+1
8.726129E+2	4.719538E+1
8.728583E+2	4.669264E+1
8.731037E+2	4.602598E+1
8.733491E+2	4.526641E+1
8.735945E+2	4.454510E+1
8.738399E+2	4.420084E+1
8.740853E+2	4.350685E+1
8.743307E+2	4.292762E+1
8.745760E+2	4.218991E+1
8.748214E+2	4.154510E+1
8.750667E+2	4.115166E+1
8.753121E+2	4.024456E+1
8.755574E+2	3.953417E+1
8.758027E+2	3.905876E+1
8.760480E+2	3.847953E+1
8.762933E+2	3.787297E+1
8.765386E+2	3.708609E+1
8.767839E+2	3.663800E+1
8.770291E+2	3.606969E+1
8.772744E+2	3.541396E+1
8.775196E+2	3.493308E+1
8.777649E+2	3.439756E+1
8.780101E+2	3.403144E+1
8.782553E+2	3.375275E+1
8.785006E+2	3.304784E+1
8.787458E+2	3.242488E+1
8.789910E+2	3.203691E+1
8.792361E+2	3.169811E+1
8.794813E+2	3.137570E+1
8.797265E+2	3.105330E+1
8.799717E+2	3.074182E+1
8.802168E+2	3.036478E+1
8.804619E+2	2.997680E+1
8.807071E+2	2.960521E+1
8.809522E+2	2.908609E+1
8.811973E+2	2.851232E+1
8.814424E+2	2.809702E+1
8.816875E+2	2.784565E+1
8.819326E+2	2.778008E+1
8.821777E+2	2.738117E+1
8.824227E+2	2.690576E+1
8.826678E+2	2.662707E+1
8.829128E+2	2.630467E+1
8.831579E+2	2.578008E+1
8.834029E+2	2.575275E+1
8.836479E+2	2.561614E+1
8.838929E+2	2.556696E+1
8.841379E+2	2.530467E+1
8.843829E+2	2.519538E+1
8.846279E+2	2.513527E+1
8.848729E+2	2.485111E+1
8.851179E+2	2.487297E+1
8.853628E+2	2.435385E+1
8.856078E+2	2.409155E+1
8.858527E+2	2.385658E+1
8.860976E+2	2.371997E+1
8.863425E+2	2.329920E+1
8.865875E+2	2.274729E+1
8.868324E+2	2.252871E+1
8.870772E+2	2.218991E+1
8.873221E+2	2.185658E+1
8.875670E+2	2.134838E+1
8.878119E+2	2.112980E+1
8.880567E+2	2.113527E+1
8.883016E+2	2.107516E+1
8.885464E+2	2.103691E+1
8.887912E+2	2.101505E+1
8.890360E+2	2.109702E+1
8.892809E+2	2.094401E+1
8.895257E+2	2.083472E+1
8.897704E+2	2.062161E+1
8.900152E+2	2.021723E+1
8.902600E+2	2.010248E+1
8.905048E+2	2.002051E+1
8.907495E+2	1.989483E+1
8.909943E+2	1.947406E+1
8.912390E+2	1.937570E+1
8.914837E+2	1.932652E+1
8.917284E+2	1.933199E+1
8.919731E+2	1.922270E+1
8.922178E+2	1.898226E+1
8.924625E+2	1.884565E+1
8.927072E+2	1.859975E+1
8.929519E+2	1.831013E+1
8.931965E+2	1.812434E+1
8.934412E+2	1.802598E+1
8.936858E+2	1.825549E+1
8.939305E+2	1.810794E+1
8.941751E+2	1.803144E+1
8.944197E+2	1.797133E+1
8.946643E+2	1.786204E+1
8.949089E+2	1.769811E+1
8.951535E+2	1.752871E+1
8.953981E+2	1.750139E+1
8.956426E+2	1.738117E+1
8.958872E+2	1.723909E+1
8.961317E+2	1.714073E+1
8.963763E+2	1.708609E+1
8.966208E+2	1.710248E+1
8.968653E+2	1.709702E+1
8.971098E+2	1.692215E+1
8.973543E+2	1.697133E+1
8.975988E+2	1.699319E+1
8.978433E+2	1.699865E+1
8.980878E+2	1.705876E+1
8.983323E+2	1.697133E+1
8.985767E+2	1.693855E+1
8.988212E+2	1.676915E+1
8.990656E+2	1.675275E+1
8.993100E+2	1.675822E+1
8.995545E+2	1.677461E+1
8.997989E+2	1.651778E+1
9.000433E+2	1.617352E+1
9.002877E+2	1.597680E+1
9.005320E+2	1.592215E+1
9.007764E+2	1.601505E+1
9.010208E+2	1.598773E+1
9.012651E+2	1.600412E+1
9.015095E+2	1.610248E+1
9.017538E+2	1.597133E+1
9.019981E+2	1.588390E+1
9.022425E+2	1.589483E+1
9.024868E+2	1.610794E+1
9.027311E+2	1.585111E+1
9.029754E+2	1.559428E+1
9.032196E+2	1.540303E+1
9.034639E+2	1.528281E+1
9.037082E+2	1.502598E+1
9.039524E+2	1.512980E+1
9.041967E+2	1.499865E+1
9.044409E+2	1.498773E+1
9.046851E+2	1.525002E+1
9.049293E+2	1.541942E+1
9.051736E+2	1.542488E+1
9.054177E+2	1.531013E+1
9.056619E+2	1.527734E+1
9.059061E+2	1.544128E+1
9.061503E+2	1.533745E+1
9.063944E+2	1.557243E+1
9.066386E+2	1.534838E+1
9.068827E+2	1.534838E+1
9.071269E+2	1.572543E+1
9.073710E+2	1.544674E+1
9.076151E+2	1.549046E+1
9.078592E+2	1.556150E+1
9.081033E+2	1.547406E+1
9.083474E+2	1.571997E+1
9.085915E+2	1.559975E+1
9.088355E+2	1.561614E+1
9.090796E+2	1.559428E+1
9.093236E+2	1.579100E+1
9.095677E+2	1.583472E+1
9.098117E+2	1.578554E+1
9.100557E+2	1.589483E+1
9.102997E+2	1.558335E+1
9.105437E+2	1.551232E+1
9.107877E+2	1.569264E+1
9.110317E+2	1.585658E+1
9.112757E+2	1.578008E+1
9.115197E+2	1.553417E+1
9.117636E+2	1.532652E+1
9.120076E+2	1.550139E+1
9.122515E+2	1.527188E+1
9.124954E+2	1.517898E+1
9.127393E+2	1.531013E+1
9.129832E+2	1.565986E+1
9.132271E+2	1.564346E+1
9.134710E+2	1.567625E+1
9.137149E+2	1.569811E+1
9.139588E+2	1.579647E+1
9.142026E+2	1.558335E+1
9.144465E+2	1.534292E+1
9.146903E+2	1.532106E+1
9.149342E+2	1.535385E+1
9.151780E+2	1.541942E+1
9.154218E+2	1.556696E+1
9.156656E+2	1.553964E+1
9.159094E+2	1.543035E+1
9.161532E+2	1.531013E+1
9.163970E+2	1.540303E+1
9.166408E+2	1.541396E+1
9.168845E+2	1.561614E+1
9.171283E+2	1.580193E+1
9.173720E+2	1.584565E+1
9.176157E+2	1.625549E+1
9.178595E+2	1.623909E+1
9.181032E+2	1.612434E+1
9.183469E+2	1.579100E+1
9.185906E+2	1.562161E+1
9.188343E+2	1.508062E+1
9.190779E+2	1.505876E+1
9.193216E+2	1.496040E+1
9.195653E+2	1.491669E+1
9.198089E+2	1.482926E+1
9.200525E+2	1.476368E+1
9.202962E+2	1.487844E+1
9.205398E+2	1.466532E+1
9.207834E+2	1.449592E+1
9.210270E+2	1.465986E+1
9.212706E+2	1.463800E+1
9.215142E+2	1.475822E+1
9.217577E+2	1.464346E+1
9.220013E+2	1.446314E+1
9.222449E+2	1.447953E+1
9.224884E+2	1.470904E+1
9.227319E+2	1.478008E+1
9.229755E+2	1.479647E+1
9.232190E+2	1.456696E+1
9.234625E+2	1.451778E+1
9.237060E+2	1.447406E+1
9.239495E+2	1.443581E+1
9.241930E+2	1.404784E+1
9.244364E+2	1.371997E+1
9.246799E+2	1.358882E+1
9.249233E+2	1.345221E+1
9.251668E+2	1.357243E+1
9.254102E+2	1.347953E+1
9.256536E+2	1.326641E+1
9.258971E+2	1.317898E+1
9.261405E+2	1.318445E+1
9.263839E+2	1.345221E+1
9.266272E+2	1.334292E+1
9.268706E+2	1.332652E+1
9.271140E+2	1.346860E+1
9.273573E+2	1.346314E+1
9.276007E+2	1.335385E+1
9.278440E+2	1.311887E+1
9.280874E+2	1.305330E+1
9.283307E+2	1.300412E+1
9.285740E+2	1.281833E+1
9.288173E+2	1.262161E+1
9.290606E+2	1.270357E+1
9.293039E+2	1.287297E+1
9.295471E+2	1.282926E+1
9.297904E+2	1.320084E+1
9.300337E+2	1.312980E+1
9.302769E+2	1.296040E+1
9.305201E+2	1.276368E+1
9.307634E+2	1.291669E+1
9.310066E+2	1.302051E+1
9.312498E+2	1.304784E+1
9.314930E+2	1.320084E+1
9.317362E+2	1.294947E+1
9.319794E+2	1.274182E+1
9.322225E+2	1.262707E+1
9.324657E+2	1.226095E+1
9.327088E+2	1.219538E+1
9.329520E+2	1.218445E+1
9.331951E+2	1.254510E+1
9.334382E+2	1.280740E+1
9.336814E+2	1.299319E+1
9.339245E+2	1.285111E+1
9.341676E+2	1.281833E+1
9.344106E+2	1.273636E+1
9.346537E+2	1.259975E+1
9.348968E+2	1.273090E+1
9.351398E+2	1.279100E+1
9.353829E+2	1.286204E+1
9.356259E+2	1.286751E+1
9.358690E+2	1.268718E+1
9.361120E+2	1.239210E+1
9.363550E+2	1.216805E+1
9.365980E+2	1.205876E+1
9.368410E+2	1.198226E+1
9.370840E+2	1.197680E+1
9.373269E+2	1.169264E+1
9.375699E+2	1.151778E+1
9.378129E+2	1.139756E+1
9.380558E+2	1.127734E+1
9.382987E+2	1.112980E+1
9.385417E+2	1.127734E+1
9.387846E+2	1.100958E+1
9.390275E+2	1.114073E+1
9.392704E+2	1.128827E+1
9.395133E+2	1.140303E+1
9.397562E+2	1.161614E+1
9.399990E+2	1.164346E+1
9.402419E+2	1.188390E+1
9.404847E+2	1.200958E+1
9.407276E+2	1.221177E+1
9.409704E+2	1.232652E+1
9.412132E+2	1.221177E+1
9.414560E+2	1.241942E+1
9.416988E+2	1.236478E+1
9.419416E+2	1.217352E+1
9.421844E+2	1.185658E+1
9.424272E+2	1.154510E+1
9.426700E+2	1.146860E+1
9.429127E+2	1.150685E+1
9.431555E+2	1.155057E+1
9.433982E+2	1.181286E+1
9.436409E+2	1.180740E+1
9.438837E+2	1.179100E+1
9.441264E+2	1.175275E+1
9.443691E+2	1.181833E+1
9.446118E+2	1.151232E+1
9.448544E+2	1.174182E+1
9.450971E+2	1.179647E+1
9.453398E+2	1.196587E+1
9.455824E+2	1.193308E+1
9.458251E+2	1.196587E+1
9.460677E+2	1.205330E+1
9.463103E+2	1.197680E+1
9.465530E+2	1.193855E+1
9.467956E+2	1.199319E+1
9.470382E+2	1.184018E+1
9.472807E+2	1.198773E+1
9.475233E+2	1.193855E+1
9.477659E+2	1.189483E+1
9.480084E+2	1.169264E+1
9.482510E+2	1.163800E+1
9.484935E+2	1.186751E+1
9.487361E+2	1.217898E+1
9.489786E+2	1.222816E+1
9.492211E+2	1.218991E+1
9.494636E+2	1.226095E+1
9.497061E+2	1.200412E+1
9.499486E+2	1.173636E+1
9.501911E+2	1.188937E+1
9.504335E+2	1.194947E+1
9.506760E+2	1.186204E+1
9.509184E+2	1.186751E+1
9.511609E+2	1.174729E+1
9.514033E+2	1.194947E+1
9.516457E+2	1.191669E+1
9.518881E+2	1.202598E+1
9.521305E+2	1.203144E+1
9.523729E+2	1.232652E+1
9.526153E+2	1.247406E+1
9.528576E+2	1.241942E+1
9.531000E+2	1.250685E+1
9.533424E+2	1.234838E+1
9.535847E+2	1.265986E+1
9.538270E+2	1.271450E+1
9.540694E+2	1.291669E+1
9.543117E+2	1.316805E+1
9.545540E+2	1.314073E+1
9.547963E+2	1.323363E+1
9.550386E+2	1.323909E+1
9.552808E+2	1.329374E+1
9.555231E+2	1.305876E+1
9.557654E+2	1.290029E+1
9.560076E+2	1.291122E+1
9.562498E+2	1.280740E+1
9.564921E+2	1.294947E+1
9.567343E+2	1.318991E+1
9.569765E+2	1.336478E+1
9.572187E+2	1.349046E+1
9.574609E+2	1.339210E+1
9.577031E+2	1.323363E+1
9.579452E+2	1.316259E+1
9.581874E+2	1.297133E+1
9.584296E+2	1.310794E+1
9.586717E+2	1.306969E+1
9.589138E+2	1.304237E+1
9.591560E+2	1.292762E+1
9.593981E+2	1.291122E+1
9.596402E+2	1.282379E+1
9.598823E+2	1.287844E+1
9.601244E+2	1.273090E+1
9.603664E+2	1.257789E+1
9.606085E+2	1.249046E+1
9.608506E+2	1.225549E+1
9.610926E+2	1.215166E+1
9.613347E+2	1.228281E+1
9.615767E+2	1.218991E+1
9.618187E+2	1.244128E+1
9.620607E+2	1.236478E+1
9.623027E+2	1.273636E+1
9.625447E+2	1.312980E+1
9.627867E+2	1.310794E+1
9.630287E+2	1.300958E+1
9.632706E+2	1.267625E+1
9.635126E+2	1.252325E+1
9.637545E+2	1.255603E+1
9.639965E+2	1.283472E+1
9.642384E+2	1.280740E+1
9.644803E+2	1.273090E+1
9.647222E+2	1.286204E+1
9.649641E+2	1.290029E+1
9.652060E+2	1.294947E+1
9.654479E+2	1.300412E+1
9.656897E+2	1.305876E+1
9.659316E+2	1.308062E+1
9.661734E+2	1.298773E+1
9.664153E+2	1.300412E+1
9.666571E+2	1.303691E+1
9.668989E+2	1.334292E+1
9.671408E+2	1.338117E+1
9.673826E+2	1.347406E+1
9.676243E+2	1.375822E+1
9.678661E+2	1.386204E+1
9.681079E+2	1.400412E+1
9.683497E+2	1.370904E+1
9.685914E+2	1.368172E+1
9.688332E+2	1.370357E+1
9.690749E+2	1.367625E+1
9.693166E+2	1.360521E+1
9.695583E+2	1.363253E+1
9.698001E+2	1.368172E+1
9.700417E+2	1.370357E+1
9.702834E+2	1.367625E+1
9.705251E+2	1.364893E+1
9.707668E+2	1.353964E+1
9.710084E+2	1.347953E+1
9.712501E+2	1.344674E+1
9.714917E+2	1.349046E+1
9.717334E+2	1.365986E+1
9.719750E+2	1.381286E+1
9.722166E+2	1.414073E+1
9.724582E+2	1.457243E+1
9.726998E+2	1.476368E+1
9.729414E+2	1.465439E+1
9.731830E+2	1.437570E+1
9.734245E+2	1.443581E+1
9.736661E+2	1.454510E+1
9.739076E+2	1.481833E+1
9.741492E+2	1.458882E+1
9.743907E+2	1.459975E+1
9.746322E+2	1.454510E+1
9.748737E+2	1.474182E+1
9.751152E+2	1.511341E+1
9.753567E+2	1.512434E+1
9.755982E+2	1.521723E+1
9.758396E+2	1.526095E+1
9.760811E+2	1.529374E+1
9.763226E+2	1.547953E+1
9.765640E+2	1.532652E+1
9.768054E+2	1.519538E+1
9.770468E+2	1.479100E+1
9.772883E+2	1.477461E+1
9.775297E+2	1.492762E+1
9.777711E+2	1.486204E+1
9.780124E+2	1.481286E+1
9.782538E+2	1.462707E+1
9.784952E+2	1.452871E+1
9.787365E+2	1.440303E+1
9.789779E+2	1.433745E+1
9.792192E+2	1.453417E+1
9.794605E+2	1.445221E+1
9.797019E+2	1.442488E+1
9.799432E+2	1.439756E+1
9.801845E+2	1.435385E+1
9.804257E+2	1.442488E+1
9.806670E+2	1.458335E+1
9.809083E+2	1.452871E+1
9.811496E+2	1.474182E+1
9.813908E+2	1.467079E+1
9.816320E+2	1.435385E+1
9.818733E+2	1.417352E+1
9.821145E+2	1.399319E+1
9.823557E+2	1.381286E+1
9.825969E+2	1.377461E+1
9.828381E+2	1.375275E+1
9.830793E+2	1.378554E+1
9.833205E+2	1.365986E+1
9.835616E+2	1.347953E+1
9.838028E+2	1.324456E+1
9.840439E+2	1.333199E+1
9.842851E+2	1.307516E+1
9.845262E+2	1.290029E+1
9.847673E+2	1.288390E+1
9.850084E+2	1.293855E+1
9.852495E+2	1.317352E+1
9.854906E+2	1.325002E+1
9.857317E+2	1.325002E+1
9.859727E+2	1.311887E+1
9.862138E+2	1.306423E+1
9.864549E+2	1.280193E+1
9.866959E+2	1.268718E+1
9.869369E+2	1.240303E+1
9.871779E+2	1.194947E+1
9.874190E+2	1.172543E+1
9.876600E+2	1.202051E+1
9.879010E+2	1.252325E+1
9.881419E+2	1.265439E+1
9.883829E+2	1.276915E+1
9.886239E+2	1.241396E+1
9.888648E+2	1.258882E+1
9.891058E+2	1.244674E+1
9.893467E+2	1.249592E+1
9.895876E+2	1.246860E+1
9.898285E+2	1.216805E+1
9.900695E+2	1.210794E+1
9.903104E+2	1.207516E+1
9.905512E+2	1.216805E+1
9.907921E+2	1.210794E+1
9.910330E+2	1.202051E+1
9.912738E+2	1.213527E+1
9.915147E+2	1.227188E+1
9.917555E+2	1.239210E+1
9.919964E+2	1.226641E+1
9.922372E+2	1.229374E+1
9.924780E+2	1.245767E+1
9.927188E+2	1.258335E+1
9.929596E+2	1.286751E+1
9.932004E+2	1.281286E+1
9.934411E+2	1.247406E+1
9.936819E+2	1.234292E+1
9.939227E+2	1.233745E+1
9.941634E+2	1.245221E+1
9.944041E+2	1.256150E+1
9.946449E+2	1.264893E+1
9.948856E+2	1.272543E+1
9.951263E+2	1.261614E+1
9.953670E+2	1.280193E+1
9.956077E+2	1.303144E+1
9.958483E+2	1.292215E+1
9.960890E+2	1.303691E+1
9.963297E+2	1.300412E+1
9.965703E+2	1.295494E+1
9.968109E+2	1.321177E+1
9.970516E+2	1.334838E+1
9.972922E+2	1.335931E+1
9.975328E+2	1.329920E+1
9.977734E+2	1.349046E+1
9.980140E+2	1.356696E+1
9.982546E+2	1.380740E+1
9.984951E+2	1.384018E+1
9.987357E+2	1.367625E+1
9.989763E+2	1.394401E+1
9.992168E+2	1.400958E+1
9.994573E+2	1.398226E+1
9.996978E+2	1.392762E+1
9.999384E+2	1.368172E+1
1.000179E+3	1.356696E+1
1.000419E+3	1.371450E+1
1.000660E+3	1.373090E+1
1.000900E+3	1.370357E+1
1.001141E+3	1.404784E+1
1.001381E+3	1.416259E+1
1.001622E+3	1.416805E+1
1.001862E+3	1.444674E+1
1.002103E+3	1.447406E+1
1.002343E+3	1.428281E+1
1.002583E+3	1.405330E+1
1.002824E+3	1.389483E+1
1.003064E+3	1.382379E+1
1.003305E+3	1.412980E+1
1.003545E+3	1.404784E+1
1.003785E+3	1.411341E+1
1.004026E+3	1.404784E+1
1.004266E+3	1.413527E+1
1.004506E+3	1.429374E+1
1.004747E+3	1.448499E+1
1.004987E+3	1.439210E+1
1.005227E+3	1.443035E+1
1.005468E+3	1.439756E+1
1.005708E+3	1.446314E+1
1.005948E+3	1.437024E+1
1.006188E+3	1.449592E+1
1.006429E+3	1.443581E+1
1.006669E+3	1.461068E+1
1.006909E+3	1.475275E+1
1.007149E+3	1.476368E+1
1.007390E+3	1.493308E+1
1.007630E+3	1.475822E+1
1.007870E+3	1.476368E+1
1.008110E+3	1.486204E+1
1.008350E+3	1.504784E+1
1.008590E+3	1.500412E+1
1.008831E+3	1.484018E+1
1.009071E+3	1.458335E+1
1.009311E+3	1.458335E+1
1.009551E+3	1.461614E+1
1.009791E+3	1.460521E+1
1.010031E+3	1.451778E+1
1.010271E+3	1.449046E+1
1.010511E+3	1.438117E+1
1.010752E+3	1.437024E+1
1.010992E+3	1.450685E+1
1.011232E+3	1.458335E+1
1.011472E+3	1.452871E+1
1.011712E+3	1.438117E+1
1.011952E+3	1.446860E+1
1.012192E+3	1.461068E+1
1.012432E+3	1.448499E+1
1.012672E+3	1.425549E+1
1.012912E+3	1.441396E+1
1.013152E+3	1.436478E+1
1.013392E+3	1.422816E+1
1.013632E+3	1.428281E+1
1.013872E+3	1.442488E+1
1.014112E+3	1.443035E+1
1.014352E+3	1.447406E+1
1.014591E+3	1.452325E+1
1.014831E+3	1.462161E+1
1.015071E+3	1.467079E+1
1.015311E+3	1.464346E+1
1.015551E+3	1.461068E+1
1.015791E+3	1.448499E+1
1.016031E+3	1.469264E+1
1.016271E+3	1.498773E+1
1.016511E+3	1.494401E+1
1.016750E+3	1.516259E+1
1.016990E+3	1.511887E+1
1.017230E+3	1.519538E+1
1.017470E+3	1.521723E+1
1.017710E+3	1.528281E+1
1.017949E+3	1.534838E+1
1.018189E+3	1.538117E+1
1.018429E+3	1.541942E+1
1.018669E+3	1.558882E+1
1.018908E+3	1.550685E+1
1.019148E+3	1.533199E+1
1.019388E+3	1.508609E+1
1.019628E+3	1.533745E+1
1.019867E+3	1.539756E+1
1.020107E+3	1.543581E+1
1.020347E+3	1.527734E+1
1.020586E+3	1.531013E+1
1.020826E+3	1.517352E+1
1.021066E+3	1.522270E+1
1.021305E+3	1.508062E+1
1.021545E+3	1.488937E+1
1.021785E+3	1.485111E+1
1.022024E+3	1.478008E+1
1.022264E+3	1.489483E+1
1.022504E+3	1.504784E+1
1.022743E+3	1.516259E+1
1.022983E+3	1.521723E+1
1.023222E+3	1.521723E+1
1.023462E+3	1.532652E+1
1.023702E+3	1.522270E+1
1.023941E+3	1.512980E+1
1.024181E+3	1.511887E+1
1.024420E+3	1.516259E+1
1.024660E+3	1.537024E+1
1.024899E+3	1.516259E+1
1.025139E+3	1.526641E+1
1.025378E+3	1.521723E+1
1.025618E+3	1.526641E+1
1.025857E+3	1.532652E+1
1.026097E+3	1.509702E+1
1.026336E+3	1.498226E+1
1.026575E+3	1.492215E+1
1.026815E+3	1.459428E+1
1.027054E+3	1.463800E+1
1.027294E+3	1.475822E+1
1.027533E+3	1.453417E+1
1.027773E+3	1.463253E+1
1.028012E+3	1.494401E+1
1.028251E+3	1.483472E+1
1.028491E+3	1.453964E+1
1.028730E+3	1.425002E+1
1.028969E+3	1.416805E+1
1.029209E+3	1.436478E+1
1.029448E+3	1.453417E+1
1.029687E+3	1.457243E+1
1.029927E+3	1.467079E+1
1.030166E+3	1.478008E+1
1.030405E+3	1.462161E+1
1.030645E+3	1.417352E+1
1.030884E+3	1.373090E+1
1.031123E+3	1.364346E+1
1.031362E+3	1.366532E+1
1.031602E+3	1.378554E+1
1.031841E+3	1.353417E+1
1.032080E+3	1.349592E+1
1.032319E+3	1.344128E+1
1.032558E+3	1.340303E+1
1.032798E+3	1.341942E+1
1.033037E+3	1.328827E+1
1.033276E+3	1.298773E+1
1.033515E+3	1.289483E+1
1.033754E+3	1.288937E+1
1.033993E+3	1.315712E+1
1.034233E+3	1.313527E+1
1.034472E+3	1.280193E+1
1.034711E+3	1.299319E+1
1.034950E+3	1.311341E+1
1.035189E+3	1.293855E+1
1.035428E+3	1.279647E+1
1.035667E+3	1.273636E+1
1.035906E+3	1.257789E+1
1.036145E+3	1.290029E+1
1.036384E+3	1.289483E+1
1.036623E+3	1.274729E+1
1.036862E+3	1.273636E+1
1.037101E+3	1.262707E+1
1.037340E+3	1.253417E+1
1.037579E+3	1.244674E+1
1.037818E+3	1.237024E+1
1.038057E+3	1.219538E+1
1.038296E+3	1.232652E+1
1.038535E+3	1.240303E+1
1.038774E+3	1.249592E+1
1.039013E+3	1.250685E+1
1.039252E+3	1.220084E+1
1.039491E+3	1.237570E+1
1.039730E+3	1.235385E+1
1.039969E+3	1.251778E+1
1.040208E+3	1.224456E+1
1.040447E+3	1.214620E+1
1.040685E+3	1.233199E+1
1.040924E+3	1.267625E+1
1.041163E+3	1.257789E+1
1.041402E+3	1.271997E+1
1.041641E+3	1.288390E+1
1.041880E+3	1.288937E+1
1.042118E+3	1.292762E+1
1.042357E+3	1.278008E+1
1.042596E+3	1.266532E+1
1.042835E+3	1.255057E+1
1.043074E+3	1.269264E+1
1.043312E+3	1.275822E+1
1.043551E+3	1.274729E+1
1.043790E+3	1.287297E+1
1.044029E+3	1.288937E+1
1.044267E+3	1.275822E+1
1.044506E+3	1.277461E+1
1.044745E+3	1.271997E+1
1.044983E+3	1.281833E+1
1.045222E+3	1.305876E+1
1.045461E+3	1.343581E+1
1.045699E+3	1.344674E+1
1.045938E+3	1.334292E+1
1.046177E+3	1.315166E+1
1.046415E+3	1.318445E+1
1.046654E+3	1.314073E+1
1.046893E+3	1.307516E+1
1.047131E+3	1.296587E+1
1.047370E+3	1.315166E+1
1.047608E+3	1.316805E+1
1.047847E+3	1.338663E+1
1.048086E+3	1.327734E+1
1.048324E+3	1.356150E+1
1.048563E+3	1.339210E+1
1.048801E+3	1.311887E+1
1.049040E+3	1.332106E+1
1.049278E+3	1.309702E+1
1.049517E+3	1.296587E+1
1.049755E+3	1.291122E+1
1.049994E+3	1.297133E+1
1.050232E+3	1.300958E+1
1.050471E+3	1.300958E+1
1.050709E+3	1.263800E+1
1.050948E+3	1.259428E+1
1.051186E+3	1.264346E+1
1.051424E+3	1.270357E+1
1.051663E+3	1.261614E+1
1.051901E+3	1.258882E+1
1.052140E+3	1.239210E+1
1.052378E+3	1.241396E+1
1.052616E+3	1.239756E+1
1.052855E+3	1.242488E+1
1.053093E+3	1.241396E+1
1.053332E+3	1.234292E+1
1.053570E+3	1.237570E+1
1.053808E+3	1.240849E+1
1.054047E+3	1.232106E+1
1.054285E+3	1.244674E+1
1.054523E+3	1.226095E+1
1.054761E+3	1.250139E+1
1.055000E+3	1.247953E+1
1.055238E+3	1.239756E+1
1.055476E+3	1.203144E+1
1.055715E+3	1.174182E+1
1.055953E+3	1.153964E+1
1.056191E+3	1.113527E+1
1.056429E+3	1.122270E+1
1.056667E+3	1.102051E+1
1.056906E+3	1.104237E+1
1.057144E+3	1.080193E+1
1.057382E+3	1.080193E+1
1.057620E+3	1.085111E+1
1.057858E+3	1.097680E+1
1.058097E+3	1.106969E+1
1.058335E+3	1.072543E+1
1.058573E+3	1.060521E+1
1.058811E+3	1.070904E+1
1.059049E+3	1.080193E+1
1.059287E+3	1.093308E+1
1.059525E+3	1.078008E+1
1.059763E+3	1.060521E+1
1.060001E+3	1.047953E+1
1.060239E+3	1.027188E+1
1.060478E+3	1.018991E+1
1.060716E+3	1.011887E+1
1.060954E+3	1.023363E+1
1.061192E+3	1.031013E+1
1.061430E+3	1.026641E+1
1.061668E+3	1.014620E+1
1.061906E+3	9.944010E+0
1.062144E+3	9.982261E+0
1.062382E+3	9.834720E+0
1.062620E+3	9.971332E+0
1.062858E+3	9.512316E+0
1.063096E+3	9.288272E+0
1.063333E+3	9.315595E+0
1.063571E+3	9.299201E+0
1.063809E+3	9.266414E+0
1.064047E+3	9.184447E+0
1.064285E+3	9.408491E+0
1.064523E+3	9.463136E+0
1.064761E+3	9.665322E+0
1.064999E+3	9.648928E+0
1.065237E+3	9.556032E+0
1.065474E+3	9.550567E+0
1.065712E+3	9.375704E+0
1.065950E+3	9.239092E+0
1.066188E+3	9.206305E+0
1.066426E+3	9.189912E+0
1.066664E+3	9.271879E+0
1.066901E+3	9.375704E+0
1.067139E+3	9.506852E+0
1.067377E+3	9.523245E+0
1.067615E+3	9.331988E+0
1.067852E+3	9.178983E+0
1.068090E+3	8.954939E+0
1.068328E+3	8.676251E+0
1.068566E+3	8.484994E+0
1.068803E+3	8.370240E+0
1.069041E+3	8.342917E+0
1.069279E+3	8.118873E+0
1.069516E+3	7.878436E+0
1.069754E+3	7.725431E+0
1.069992E+3	7.736360E+0
1.070229E+3	8.091551E+0
1.070467E+3	8.282808E+0
1.070705E+3	8.545103E+0
1.070942E+3	8.501387E+0
1.071180E+3	8.561496E+0
1.071418E+3	8.506852E+0
1.071655E+3	8.730895E+0
1.071893E+3	8.796469E+0
1.072130E+3	8.665322E+0
1.072368E+3	8.687179E+0
1.072605E+3	8.523245E+0
1.072843E+3	8.709037E+0
1.073081E+3	8.714502E+0
1.073318E+3	8.643464E+0
1.073556E+3	8.594283E+0
1.073793E+3	8.359311E+0
1.074031E+3	8.474065E+0
1.074268E+3	8.463136E+0
1.074506E+3	8.490458E+0
1.074743E+3	8.610677E+0
1.074981E+3	8.457671E+0
1.075218E+3	8.648928E+0
1.075455E+3	8.643464E+0
1.075693E+3	8.561496E+0
1.075930E+3	8.495923E+0
1.076168E+3	8.403026E+0
1.076405E+3	8.561496E+0
1.076642E+3	8.501387E+0
1.076880E+3	8.659857E+0
1.077117E+3	8.637999E+0
1.077355E+3	8.862043E+0
1.077592E+3	9.015048E+0
1.077829E+3	9.036906E+0
1.078067E+3	9.113409E+0
1.078304E+3	8.998655E+0
1.078541E+3	9.151660E+0
1.078779E+3	9.293737E+0
1.079016E+3	9.452207E+0
1.079253E+3	9.457671E+0
1.079490E+3	9.310130E+0
1.079728E+3	9.408491E+0
1.079965E+3	9.337453E+0
1.080202E+3	9.506852E+0
1.080439E+3	9.250021E+0
1.080677E+3	9.353846E+0
1.080914E+3	9.392098E+0
1.081151E+3	9.446742E+0
1.081388E+3	9.370240E+0
1.081625E+3	9.413955E+0
1.081863E+3	9.277343E+0
1.082100E+3	9.260950E+0
1.082337E+3	9.293737E+0
1.082574E+3	9.479529E+0
1.082811E+3	9.594283E+0
1.083048E+3	9.883901E+0
1.083285E+3	9.484994E+0
1.083522E+3	9.315595E+0
1.083760E+3	9.648928E+0
1.083997E+3	9.867507E+0
1.084234E+3	9.829256E+0
1.084471E+3	9.922152E+0
1.084708E+3	9.916688E+0
1.084945E+3	9.987726E+0
1.085182E+3	9.758218E+0
1.085419E+3	9.872972E+0
1.085656E+3	9.982261E+0
1.085893E+3	1.009702E+1
1.086130E+3	1.003144E+1
1.086367E+3	1.010794E+1
1.086604E+3	1.015166E+1
1.086841E+3	1.022270E+1
1.087078E+3	1.014073E+1
1.087315E+3	9.922152E+0
1.087552E+3	9.698108E+0
1.087789E+3	9.648928E+0
1.088026E+3	9.315595E+0
1.088262E+3	9.168054E+0
1.088499E+3	9.211770E+0
1.088736E+3	9.250021E+0
1.088973E+3	9.015048E+0
1.089210E+3	8.960404E+0
1.089447E+3	8.905759E+0
1.089684E+3	9.009584E+0
1.089921E+3	8.862043E+0
1.090157E+3	8.856578E+0
1.090394E+3	8.818327E+0
1.090631E+3	9.053300E+0
1.090868E+3	8.944010E+0
1.091105E+3	8.905759E+0
1.091341E+3	8.818327E+0
1.091578E+3	8.692644E+0
1.091815E+3	8.528710E+0
1.092052E+3	8.637999E+0
1.092288E+3	8.654393E+0
1.092525E+3	8.583354E+0
1.092762E+3	8.621606E+0
1.092999E+3	8.583354E+0
1.093235E+3	8.424884E+0
1.093472E+3	8.118873E+0
1.093709E+3	7.894830E+0
1.093945E+3	8.015048E+0
1.094182E+3	8.047835E+0
1.094419E+3	7.954939E+0
1.094655E+3	7.878436E+0
1.094892E+3	7.954939E+0
1.095128E+3	7.894830E+0
1.095365E+3	7.856578E+0
1.095602E+3	7.900294E+0
1.095838E+3	7.791005E+0
1.096075E+3	7.637999E+0
1.096311E+3	7.610677E+0
1.096548E+3	7.621606E+0
1.096784E+3	7.430349E+0
1.097021E+3	7.348382E+0
1.097258E+3	7.364775E+0
1.097494E+3	7.173518E+0
1.097731E+3	7.512316E+0
1.097967E+3	7.545103E+0
1.098204E+3	7.195376E+0
1.098440E+3	6.998655E+0
1.098677E+3	7.189912E+0
1.098913E+3	7.157125E+0
1.099149E+3	6.949475E+0
1.099386E+3	6.801934E+0
1.099622E+3	6.845649E+0
1.099859E+3	6.583354E+0
1.100095E+3	6.441278E+0
1.100332E+3	6.408491E+0
1.100568E+3	6.484994E+0
1.100804E+3	6.408491E+0
1.101041E+3	6.299201E+0
1.101277E+3	6.157125E+0
1.101513E+3	6.288272E+0
1.101750E+3	6.479529E+0
1.101986E+3	6.741824E+0
1.102222E+3	6.659857E+0
1.102459E+3	6.812863E+0
1.102695E+3	6.900294E+0
1.102931E+3	6.763682E+0
1.103168E+3	6.938546E+0
1.103404E+3	7.293737E+0
1.103640E+3	7.359311E+0
1.103876E+3	7.692644E+0
1.104113E+3	7.577890E+0
1.104349E+3	7.468600E+0
1.104585E+3	7.556032E+0
1.104821E+3	7.457671E+0
1.105057E+3	7.222699E+0
1.105294E+3	7.102480E+0
1.105530E+3	7.015048E+0
1.105766E+3	6.944010E+0
1.106002E+3	7.064229E+0
1.106238E+3	7.211770E+0
1.106474E+3	7.178983E+0
1.106711E+3	7.140731E+0
1.106947E+3	6.954939E+0
1.107183E+3	6.894830E+0
1.107419E+3	6.840185E+0
1.107655E+3	6.780076E+0
1.107891E+3	7.004119E+0
1.108127E+3	5.353846E+0
1.108363E+3	4.687179E+0
1.108599E+3	1.068718E+1
1.108835E+3	1.668718E+1
1.109071E+3	1.768718E+1
1.109307E+3	6.020513E+0
1.109543E+3	2.687179E+0
1.109779E+3	5.020513E+0
1.110015E+3	4.020513E+0
1.110251E+3	1.735385E+1
1.110487E+3	1.968718E+1
1.110723E+3	6.353846E+0
1.110959E+3	2.068718E+1
1.111195E+3	9.353846E+0
1.111431E+3	2.051282E-2
1.111667E+3	1.368718E+1
1.111903E+3	-9.794872E-1
1.112139E+3	-1.646154E+0
1.112375E+3	4.020513E+0
1.112611E+3	-9.794872E-1
1.112847E+3	5.687179E+0
1.113082E+3	9.353846E+0
1.113318E+3	1.102051E+1
1.113554E+3	8.020513E+0
1.113790E+3	3.687179E+0
1.114026E+3	3.538462E-1
1.114262E+3	3.538462E-1
1.114497E+3	6.020513E+0
1.114733E+3	9.687179E+0
1.114969E+3	1.502051E+1
