1.951292E+2	0.000000E+0
1.953960E+2	0.000000E+0
1.956629E+2	0.000000E+0
1.959298E+2	0.000000E+0
1.961966E+2	0.000000E+0
1.964635E+2	0.000000E+0
1.967303E+2	0.000000E+0
1.969972E+2	0.000000E+0
1.972640E+2	0.000000E+0
1.975308E+2	0.000000E+0
1.977977E+2	0.000000E+0
1.980645E+2	0.000000E+0
1.983313E+2	0.000000E+0
1.985981E+2	0.000000E+0
1.988649E+2	0.000000E+0
1.991316E+2	0.000000E+0
1.993984E+2	0.000000E+0
1.996652E+2	0.000000E+0
1.999320E+2	0.000000E+0
2.001987E+2	0.000000E+0
2.004655E+2	0.000000E+0
2.007322E+2	0.000000E+0
2.009989E+2	0.000000E+0
2.012657E+2	0.000000E+0
2.015324E+2	0.000000E+0
2.017991E+2	0.000000E+0
2.020658E+2	0.000000E+0
2.023325E+2	0.000000E+0
2.025992E+2	0.000000E+0
2.028659E+2	0.000000E+0
2.031326E+2	0.000000E+0
2.033992E+2	0.000000E+0
2.036659E+2	0.000000E+0
2.039325E+2	0.000000E+0
2.041992E+2	0.000000E+0
2.044658E+2	0.000000E+0
2.047325E+2	0.000000E+0
2.049991E+2	0.000000E+0
2.052657E+2	0.000000E+0
2.055323E+2	0.000000E+0
2.057989E+2	0.000000E+0
2.060655E+2	0.000000E+0
2.063321E+2	0.000000E+0
2.065987E+2	0.000000E+0
2.068653E+2	0.000000E+0
2.071319E+2	0.000000E+0
2.073984E+2	0.000000E+0
2.076650E+2	0.000000E+0
2.079315E+2	0.000000E+0
2.081981E+2	0.000000E+0
2.084646E+2	0.000000E+0
2.087311E+2	0.000000E+0
2.089977E+2	0.000000E+0
2.092642E+2	0.000000E+0
2.095307E+2	0.000000E+0
2.097972E+2	0.000000E+0
2.100637E+2	0.000000E+0
2.103302E+2	0.000000E+0
2.105966E+2	0.000000E+0
2.108631E+2	0.000000E+0
2.111296E+2	0.000000E+0
2.113960E+2	0.000000E+0
2.116625E+2	0.000000E+0
2.119289E+2	0.000000E+0
2.121954E+2	0.000000E+0
2.124618E+2	0.000000E+0
2.127282E+2	0.000000E+0
2.129946E+2	0.000000E+0
2.132610E+2	0.000000E+0
2.135274E+2	0.000000E+0
2.137938E+2	0.000000E+0
2.140602E+2	0.000000E+0
2.143266E+2	0.000000E+0
2.145930E+2	0.000000E+0
2.148593E+2	0.000000E+0
2.151257E+2	0.000000E+0
2.153920E+2	0.000000E+0
2.156584E+2	0.000000E+0
2.159247E+2	0.000000E+0
2.161910E+2	0.000000E+0
2.164574E+2	0.000000E+0
2.167237E+2	0.000000E+0
2.169900E+2	0.000000E+0
2.172563E+2	0.000000E+0
2.175226E+2	0.000000E+0
2.177889E+2	0.000000E+0
2.180551E+2	0.000000E+0
2.183214E+2	0.000000E+0
2.185877E+2	0.000000E+0
2.188539E+2	0.000000E+0
2.191202E+2	0.000000E+0
2.193864E+2	0.000000E+0
2.196527E+2	0.000000E+0
2.199189E+2	0.000000E+0
2.201851E+2	0.000000E+0
2.204513E+2	0.000000E+0
2.207175E+2	0.000000E+0
2.209837E+2	0.000000E+0
2.212499E+2	0.000000E+0
2.215161E+2	0.000000E+0
2.217823E+2	0.000000E+0
2.220485E+2	0.000000E+0
2.223146E+2	0.000000E+0
2.225808E+2	0.000000E+0
2.228469E+2	0.000000E+0
2.231131E+2	0.000000E+0
2.233792E+2	0.000000E+0
2.236453E+2	0.000000E+0
2.239115E+2	0.000000E+0
2.241776E+2	0.000000E+0
2.244437E+2	0.000000E+0
2.247098E+2	0.000000E+0
2.249759E+2	0.000000E+0
2.252420E+2	0.000000E+0
2.255080E+2	0.000000E+0
2.257741E+2	0.000000E+0
2.260402E+2	0.000000E+0
2.263062E+2	0.000000E+0
2.265723E+2	0.000000E+0
2.268383E+2	0.000000E+0
2.271044E+2	0.000000E+0
2.273704E+2	0.000000E+0
2.276364E+2	0.000000E+0
2.279024E+2	0.000000E+0
2.281684E+2	0.000000E+0
2.284344E+2	0.000000E+0
2.287004E+2	0.000000E+0
2.289664E+2	0.000000E+0
2.292324E+2	0.000000E+0
2.294984E+2	0.000000E+0
2.297643E+2	0.000000E+0
2.300303E+2	0.000000E+0
2.302962E+2	0.000000E+0
2.305622E+2	0.000000E+0
2.308281E+2	0.000000E+0
2.310940E+2	0.000000E+0
2.313599E+2	0.000000E+0
2.316259E+2	0.000000E+0
2.318918E+2	0.000000E+0
2.321577E+2	0.000000E+0
2.324236E+2	0.000000E+0
2.326894E+2	0.000000E+0
2.329553E+2	0.000000E+0
2.332212E+2	0.000000E+0
2.334871E+2	0.000000E+0
2.337529E+2	0.000000E+0
2.340188E+2	0.000000E+0
2.342846E+2	0.000000E+0
2.345504E+2	0.000000E+0
2.348163E+2	0.000000E+0
2.350821E+2	0.000000E+0
2.353479E+2	0.000000E+0
2.356137E+2	0.000000E+0
2.358795E+2	0.000000E+0
2.361453E+2	0.000000E+0
2.364111E+2	0.000000E+0
2.366769E+2	0.000000E+0
2.369426E+2	0.000000E+0
2.372084E+2	0.000000E+0
2.374741E+2	0.000000E+0
2.377399E+2	0.000000E+0
2.380056E+2	0.000000E+0
2.382714E+2	0.000000E+0
2.385371E+2	0.000000E+0
2.388028E+2	0.000000E+0
2.390685E+2	0.000000E+0
2.393342E+2	0.000000E+0
2.395999E+2	0.000000E+0
2.398656E+2	0.000000E+0
2.401313E+2	0.000000E+0
2.403970E+2	0.000000E+0
2.406626E+2	0.000000E+0
2.409283E+2	0.000000E+0
2.411940E+2	0.000000E+0
2.414596E+2	0.000000E+0
2.417252E+2	0.000000E+0
2.419909E+2	0.000000E+0
2.422565E+2	0.000000E+0
2.425221E+2	0.000000E+0
2.427877E+2	0.000000E+0
2.430533E+2	0.000000E+0
2.433189E+2	0.000000E+0
2.435845E+2	0.000000E+0
2.438501E+2	0.000000E+0
2.441157E+2	0.000000E+0
2.443812E+2	0.000000E+0
2.446468E+2	0.000000E+0
2.449124E+2	0.000000E+0
2.451779E+2	0.000000E+0
2.454434E+2	0.000000E+0
2.457090E+2	0.000000E+0
2.459745E+2	0.000000E+0
2.462400E+2	0.000000E+0
2.465055E+2	0.000000E+0
2.467710E+2	0.000000E+0
2.470365E+2	0.000000E+0
2.473020E+2	0.000000E+0
2.475675E+2	0.000000E+0
2.478330E+2	0.000000E+0
2.480984E+2	0.000000E+0
2.483639E+2	0.000000E+0
2.486294E+2	0.000000E+0
2.488948E+2	0.000000E+0
2.491602E+2	0.000000E+0
2.494257E+2	0.000000E+0
2.496911E+2	0.000000E+0
2.499565E+2	0.000000E+0
2.502219E+2	4.890850E-1
2.504873E+2	5.929102E-1
2.507527E+2	2.868993E-1
2.510181E+2	3.524730E-1
2.512835E+2	5.273364E-1
2.515489E+2	6.639484E-1
2.518142E+2	5.273364E-1
2.520796E+2	7.623091E-1
2.523449E+2	8.606697E-1
2.526103E+2	9.317080E-1
2.528756E+2	6.530195E-1
2.531409E+2	5.000140E-1
2.534063E+2	5.546588E-1
2.536716E+2	1.204932E+0
2.539369E+2	1.068320E+0
2.542022E+2	1.439905E+0
2.544675E+2	1.133894E+0
2.547328E+2	1.133894E+0
2.549980E+2	1.407118E+0
2.552633E+2	1.396189E+0
2.555286E+2	1.390724E+0
2.557938E+2	1.325151E+0
2.560591E+2	1.680342E+0
2.563243E+2	1.745916E+0
2.565896E+2	1.953566E+0
2.568548E+2	2.265041E+0
2.571200E+2	2.275970E+0
2.573852E+2	2.357938E+0
2.576504E+2	2.500014E+0
2.579156E+2	2.510943E+0
2.581808E+2	2.434440E+0
2.584460E+2	2.423511E+0
2.587112E+2	2.456298E+0
2.589763E+2	2.297828E+0
2.592415E+2	2.314222E+0
2.595067E+2	2.319686E+0
2.597718E+2	2.319686E+0
2.600369E+2	2.647555E+0
2.603021E+2	2.292364E+0
2.605672E+2	2.456298E+0
2.608323E+2	2.319686E+0
2.610974E+2	2.423511E+0
2.613625E+2	2.325151E+0
2.616276E+2	2.275970E+0
2.618927E+2	1.980888E+0
2.621578E+2	2.024604E+0
2.624229E+2	2.226790E+0
2.626880E+2	2.642091E+0
2.629530E+2	2.784167E+0
2.632181E+2	2.631162E+0
2.634831E+2	2.571052E+0
2.637482E+2	2.909850E+0
2.640132E+2	3.035533E+0
2.642782E+2	2.931708E+0
2.645432E+2	2.745916E+0
2.648082E+2	3.090178E+0
2.650732E+2	2.909850E+0
2.653382E+2	2.855205E+0
2.656032E+2	2.849741E+0
2.658682E+2	2.767774E+0
2.661332E+2	2.784167E+0
2.663981E+2	2.718593E+0
2.666631E+2	2.428976E+0
2.669281E+2	2.663948E+0
2.671930E+2	2.527336E+0
2.674579E+2	2.489085E+0
2.677229E+2	2.674877E+0
2.679878E+2	2.729522E+0
2.682527E+2	2.505478E+0
2.685176E+2	2.308757E+0
2.687825E+2	2.133894E+0
2.690474E+2	2.341544E+0
2.693123E+2	2.144823E+0
2.695772E+2	1.893457E+0
2.698420E+2	1.532801E+0
2.701069E+2	1.647555E+0
2.703718E+2	1.554659E+0
2.706366E+2	1.980888E+0
2.709014E+2	2.172145E+0
2.711663E+2	2.051927E+0
2.714311E+2	1.975424E+0
2.716959E+2	1.882528E+0
2.719607E+2	1.893457E+0
2.722255E+2	1.816954E+0
2.724903E+2	1.942637E+0
2.727551E+2	2.079249E+0
2.730199E+2	1.822418E+0
2.732847E+2	1.986353E+0
2.735495E+2	2.019140E+0
2.738142E+2	1.882528E+0
2.740790E+2	2.046462E+0
2.743437E+2	1.931708E+0
2.746085E+2	1.751380E+0
2.748732E+2	2.008211E+0
2.751379E+2	2.172145E+0
2.754026E+2	2.292364E+0
2.756674E+2	2.046462E+0
2.759321E+2	2.073785E+0
2.761968E+2	1.696735E+0
2.764614E+2	1.833347E+0
2.767261E+2	1.838812E+0
2.769908E+2	1.920779E+0
2.772555E+2	1.937172E+0
2.775201E+2	2.019140E+0
2.777848E+2	2.068320E+0
2.780494E+2	2.188539E+0
2.783141E+2	2.183074E+0
2.785787E+2	2.204932E+0
2.788433E+2	1.980888E+0
2.791079E+2	1.702200E+0
2.793725E+2	1.532801E+0
2.796371E+2	1.658484E+0
2.799017E+2	1.314222E+0
2.801663E+2	1.194003E+0
2.804309E+2	1.210397E+0
2.806955E+2	1.210397E+0
2.809600E+2	1.079249E+0
2.812246E+2	1.084713E+0
2.814891E+2	9.207790E-1
2.817537E+2	1.057391E+0
2.820182E+2	1.013675E+0
2.822827E+2	8.442763E-1
2.825473E+2	6.530195E-1
2.828118E+2	5.874457E-1
2.830763E+2	5.983747E-1
2.833408E+2	5.382654E-1
2.836053E+2	3.579375E-1
2.838697E+2	9.017795E-2
2.841342E+2	1.367521E-2
2.843987E+2	-4.096960E-2
2.846632E+2	1.284293E-1
2.849276E+2	2.978282E-1
2.851921E+2	5.546588E-1
2.854565E+2	8.879922E-1
2.857209E+2	1.095642E+0
2.859853E+2	1.024604E+0
2.862498E+2	9.754238E-1
2.865142E+2	7.841670E-1
2.867786E+2	6.038391E-1
2.870430E+2	6.420905E-1
2.873074E+2	4.562982E-1
2.875717E+2	2.923637E-1
2.878361E+2	5.164075E-1
2.881005E+2	4.836206E-1
2.883648E+2	4.125823E-1
2.886292E+2	3.797954E-1
2.888935E+2	3.634020E-1
2.891579E+2	4.617626E-1
2.894222E+2	4.399047E-1
2.896865E+2	5.874457E-1
2.899508E+2	7.021998E-1
2.902151E+2	8.879922E-1
2.904794E+2	9.808883E-1
2.907437E+2	1.330615E+0
2.910080E+2	1.166681E+0
2.912723E+2	1.183074E+0
2.915366E+2	1.204932E+0
2.918008E+2	1.494550E+0
2.920651E+2	1.609304E+0
2.923293E+2	1.718593E+0
2.925936E+2	1.434440E+0
2.928578E+2	1.357938E+0
2.931220E+2	1.336080E+0
2.933863E+2	1.314222E+0
2.936505E+2	1.571052E+0
2.939147E+2	1.609304E+0
2.941789E+2	1.636626E+0
2.944431E+2	1.696735E+0
2.947072E+2	1.740451E+0
2.949714E+2	1.592910E+0
2.952356E+2	1.614768E+0
2.954997E+2	1.713129E+0
2.957639E+2	1.521872E+0
2.960280E+2	1.740451E+0
2.962922E+2	1.827883E+0
2.965563E+2	1.740451E+0
2.968204E+2	1.390724E+0
2.970845E+2	1.319686E+0
2.973486E+2	1.303293E+0
2.976127E+2	1.325151E+0
2.978768E+2	1.090178E+0
2.981409E+2	1.368866E+0
2.984050E+2	1.095642E+0
2.986691E+2	1.177610E+0
2.989331E+2	1.292364E+0
2.991972E+2	1.265041E+0
2.994612E+2	1.303293E+0
2.997253E+2	1.303293E+0
2.999893E+2	1.532801E+0
3.002534E+2	1.909850E+0
3.005174E+2	2.040998E+0
3.007814E+2	2.008211E+0
3.010454E+2	2.057391E+0
3.013094E+2	1.877063E+0
3.015734E+2	1.751380E+0
3.018374E+2	1.642091E+0
3.021013E+2	1.718593E+0
3.023653E+2	1.887992E+0
3.026293E+2	1.767774E+0
3.028932E+2	1.609304E+0
3.031572E+2	1.674877E+0
3.034211E+2	1.898921E+0
3.036850E+2	1.838812E+0
3.039489E+2	1.773238E+0
3.042129E+2	1.833347E+0
3.044768E+2	1.866134E+0
3.047407E+2	2.002746E+0
3.050046E+2	1.948101E+0
3.052685E+2	1.904386E+0
3.055323E+2	1.871599E+0
3.057962E+2	1.609304E+0
3.060601E+2	1.685806E+0
3.063239E+2	1.297828E+0
3.065878E+2	1.428976E+0
3.068516E+2	1.450834E+0
3.071155E+2	1.423511E+0
3.073793E+2	1.549194E+0
3.076431E+2	1.347009E+0
3.079069E+2	1.008211E+0
3.081707E+2	1.068320E+0
3.084345E+2	1.286899E+0
3.086983E+2	1.527336E+0
3.089621E+2	1.560123E+0
3.092259E+2	1.483621E+0
3.094896E+2	1.478156E+0
3.097534E+2	1.374331E+0
3.100171E+2	1.347009E+0
3.102809E+2	1.161216E+0
3.105446E+2	1.139358E+0
3.108084E+2	1.194003E+0
3.110721E+2	1.347009E+0
3.113358E+2	1.603839E+0
3.115995E+2	1.724058E+0
3.118632E+2	1.838812E+0
3.121269E+2	1.685806E+0
3.123906E+2	1.434440E+0
3.126543E+2	1.341544E+0
3.129179E+2	1.625697E+0
3.131816E+2	1.614768E+0
3.134453E+2	1.691271E+0
3.137089E+2	1.806025E+0
3.139725E+2	2.013675E+0
3.142362E+2	1.915315E+0
3.144998E+2	2.166681E+0
3.147634E+2	2.046462E+0
3.150270E+2	1.926244E+0
3.152906E+2	1.811489E+0
3.155542E+2	2.002746E+0
3.158178E+2	2.112036E+0
3.160814E+2	1.980888E+0
3.163450E+2	1.647555E+0
3.166086E+2	1.948101E+0
3.168721E+2	2.106571E+0
3.171357E+2	2.040998E+0
3.173992E+2	2.068320E+0
3.176627E+2	1.986353E+0
3.179263E+2	1.959030E+0
3.181898E+2	2.013675E+0
3.184533E+2	1.942637E+0
3.187168E+2	2.177610E+0
3.189803E+2	2.166681E+0
3.192438E+2	2.057391E+0
3.195073E+2	1.991817E+0
3.197708E+2	2.297828E+0
3.200342E+2	2.161216E+0
3.202977E+2	2.259577E+0
3.205612E+2	1.975424E+0
3.208246E+2	1.964495E+0
3.210881E+2	1.953566E+0
3.213515E+2	1.931708E+0
3.216149E+2	1.964495E+0
3.218783E+2	1.866134E+0
3.221417E+2	1.734987E+0
3.224051E+2	1.860670E+0
3.226685E+2	1.669413E+0
3.229319E+2	1.592910E+0
3.231953E+2	1.571052E+0
3.234587E+2	1.396189E+0
3.237221E+2	1.489085E+0
3.239854E+2	1.871599E+0
3.242488E+2	1.674877E+0
3.245121E+2	1.385260E+0
3.247754E+2	1.221325E+0
3.250388E+2	1.057391E+0
3.253021E+2	1.314222E+0
3.255654E+2	1.341544E+0
3.258287E+2	1.292364E+0
3.260920E+2	1.084713E+0
3.263553E+2	1.122965E+0
3.266186E+2	1.008211E+0
3.268819E+2	1.013675E+0
3.271451E+2	1.112036E+0
3.274084E+2	9.153146E-1
3.276717E+2	1.106571E+0
3.279349E+2	1.254112E+0
3.281981E+2	1.538265E+0
3.284614E+2	1.778703E+0
3.287246E+2	2.062856E+0
3.289878E+2	2.040998E+0
3.292510E+2	1.991817E+0
3.295142E+2	2.133894E+0
3.297774E+2	2.215861E+0
3.300406E+2	2.379795E+0
3.303038E+2	2.489085E+0
3.305670E+2	2.554659E+0
3.308301E+2	2.904386E+0
3.310933E+2	3.040998E+0
3.313564E+2	3.155752E+0
3.316196E+2	3.008211E+0
3.318827E+2	3.002746E+0
3.321458E+2	2.882528E+0
3.324089E+2	3.095642E+0
3.326721E+2	3.013675E+0
3.329352E+2	2.822418E+0
3.331983E+2	2.756845E+0
3.334614E+2	2.838812E+0
3.337244E+2	2.915315E+0
3.339875E+2	2.937172E+0
3.342506E+2	2.576517E+0
3.345136E+2	2.718593E+0
3.347767E+2	2.685806E+0
3.350397E+2	2.718593E+0
3.353028E+2	2.904386E+0
3.355658E+2	2.816954E+0
3.358288E+2	2.827883E+0
3.360918E+2	2.991817E+0
3.363548E+2	2.898921E+0
3.366178E+2	3.084713E+0
3.368808E+2	2.980888E+0
3.371438E+2	2.816954E+0
3.374068E+2	2.822418E+0
3.376698E+2	2.816954E+0
3.379327E+2	3.040998E+0
3.381957E+2	2.860670E+0
3.384586E+2	2.882528E+0
3.387216E+2	3.139358E+0
3.389845E+2	3.073785E+0
3.392474E+2	3.183074E+0
3.395103E+2	3.117500E+0
3.397733E+2	3.144823E+0
3.400362E+2	2.795096E+0
3.402990E+2	2.904386E+0
3.405619E+2	2.953566E+0
3.408248E+2	3.024604E+0
3.410877E+2	3.248648E+0
3.413506E+2	3.221325E+0
3.416134E+2	3.030069E+0
3.418763E+2	3.144823E+0
3.421391E+2	3.259577E+0
3.424019E+2	3.281435E+0
3.426648E+2	3.232254E+0
3.429276E+2	3.297828E+0
3.431904E+2	3.390724E+0
3.434532E+2	3.314222E+0
3.437160E+2	3.237719E+0
3.439788E+2	3.073785E+0
3.442416E+2	3.024604E+0
3.445043E+2	3.035533E+0
3.447671E+2	2.942637E+0
3.450299E+2	3.013675E+0
3.452926E+2	3.188539E+0
3.455554E+2	3.139358E+0
3.458181E+2	2.937172E+0
3.460808E+2	2.702200E+0
3.463436E+2	2.674877E+0
3.466063E+2	2.532801E+0
3.468690E+2	2.226790E+0
3.471317E+2	2.144823E+0
3.473944E+2	2.265041E+0
3.476570E+2	2.374331E+0
3.479197E+2	2.439905E+0
3.481824E+2	2.379795E+0
3.484451E+2	2.194003E+0
3.487077E+2	1.920779E+0
3.489704E+2	1.806025E+0
3.492330E+2	1.920779E+0
3.494956E+2	1.860670E+0
3.497582E+2	1.866134E+0
3.500209E+2	1.740451E+0
3.502835E+2	1.991817E+0
3.505461E+2	1.898921E+0
3.508087E+2	1.800560E+0
3.510713E+2	1.964495E+0
3.513338E+2	1.745916E+0
3.515964E+2	1.975424E+0
3.518590E+2	1.816954E+0
3.521215E+2	1.505478E+0
3.523841E+2	1.183074E+0
3.526466E+2	1.265041E+0
3.529091E+2	1.270506E+0
3.531717E+2	1.478156E+0
3.534342E+2	1.953566E+0
3.536967E+2	1.997282E+0
3.539592E+2	1.855205E+0
3.542217E+2	1.920779E+0
3.544842E+2	1.904386E+0
3.547467E+2	1.647555E+0
3.550091E+2	1.500014E+0
3.552716E+2	1.592910E+0
3.555341E+2	1.942637E+0
3.557965E+2	1.740451E+0
3.560590E+2	2.194003E+0
3.563214E+2	2.308757E+0
3.565838E+2	2.139358E+0
3.568462E+2	2.133894E+0
3.571086E+2	2.139358E+0
3.573711E+2	2.297828E+0
3.576335E+2	2.713129E+0
3.578958E+2	2.510943E+0
3.581582E+2	2.592910E+0
3.584206E+2	2.647555E+0
3.586830E+2	2.871599E+0
3.589453E+2	2.521872E+0
3.592077E+2	2.172145E+0
3.594700E+2	2.199468E+0
3.597324E+2	2.155752E+0
3.599947E+2	1.964495E+0
3.602570E+2	2.084713E+0
3.605193E+2	1.942637E+0
3.607816E+2	2.051927E+0
3.610439E+2	2.194003E+0
3.613062E+2	2.030069E+0
3.615685E+2	1.751380E+0
3.618308E+2	1.866134E+0
3.620930E+2	2.095642E+0
3.623553E+2	1.969959E+0
3.626176E+2	1.991817E+0
3.628798E+2	2.265041E+0
3.631420E+2	2.112036E+0
3.634043E+2	2.040998E+0
3.636665E+2	2.008211E+0
3.639287E+2	2.030069E+0
3.641909E+2	2.040998E+0
3.644531E+2	2.319686E+0
3.647153E+2	2.303293E+0
3.649775E+2	2.232254E+0
3.652397E+2	2.412582E+0
3.655018E+2	2.314222E+0
3.657640E+2	2.128429E+0
3.660262E+2	2.286899E+0
3.662883E+2	2.122965E+0
3.665505E+2	2.183074E+0
3.668126E+2	2.183074E+0
3.670747E+2	1.931708E+0
3.673368E+2	1.877063E+0
3.675989E+2	1.762309E+0
3.678610E+2	1.980888E+0
3.681231E+2	2.221325E+0
3.683852E+2	2.609304E+0
3.686473E+2	2.587446E+0
3.689094E+2	2.576517E+0
3.691714E+2	2.357938E+0
3.694335E+2	1.713129E+0
3.696955E+2	1.663948E+0
3.699576E+2	1.718593E+0
3.702196E+2	1.729522E+0
3.704816E+2	1.745916E+0
3.707437E+2	1.718593E+0
3.710057E+2	2.002746E+0
3.712677E+2	1.822418E+0
3.715297E+2	1.527336E+0
3.717917E+2	1.789631E+0
3.720536E+2	1.357938E+0
3.723156E+2	1.243183E+0
3.725776E+2	1.614768E+0
3.728395E+2	1.887992E+0
3.731015E+2	1.762309E+0
3.733634E+2	1.598375E+0
3.736254E+2	1.308757E+0
3.738873E+2	1.325151E+0
3.741492E+2	1.418047E+0
3.744111E+2	1.510943E+0
3.746730E+2	1.314222E+0
3.749349E+2	1.718593E+0
3.751968E+2	1.991817E+0
3.754587E+2	2.002746E+0
3.757206E+2	1.893457E+0
3.759824E+2	1.969959E+0
3.762443E+2	1.762309E+0
3.765061E+2	1.653019E+0
3.767680E+2	1.636626E+0
3.770298E+2	1.483621E+0
3.772916E+2	1.494550E+0
3.775535E+2	1.707664E+0
3.778153E+2	1.707664E+0
3.780771E+2	1.418047E+0
3.783389E+2	1.379795E+0
3.786007E+2	1.325151E+0
3.788624E+2	9.754238E-1
3.791242E+2	1.133894E+0
3.793860E+2	1.133894E+0
3.796477E+2	1.139358E+0
3.799095E+2	1.194003E+0
3.801712E+2	1.461763E+0
3.804330E+2	1.292364E+0
3.806947E+2	1.516407E+0
3.809564E+2	1.887992E+0
3.812181E+2	1.729522E+0
3.814798E+2	1.603839E+0
3.817415E+2	1.871599E+0
3.820032E+2	1.811489E+0
3.822649E+2	1.942637E+0
3.825266E+2	1.800560E+0
3.827883E+2	1.827883E+0
3.830499E+2	1.915315E+0
3.833116E+2	1.898921E+0
3.835732E+2	1.986353E+0
3.838348E+2	1.942637E+0
3.840965E+2	1.789631E+0
3.843581E+2	1.685806E+0
3.846197E+2	1.811489E+0
3.848813E+2	2.002746E+0
3.851429E+2	2.128429E+0
3.854045E+2	2.325151E+0
3.856661E+2	2.319686E+0
3.859277E+2	2.489085E+0
3.861892E+2	2.428976E+0
3.864508E+2	2.347009E+0
3.867124E+2	2.423511E+0
3.869739E+2	2.215861E+0
3.872354E+2	2.489085E+0
3.874970E+2	2.816954E+0
3.877585E+2	2.795096E+0
3.880200E+2	2.756845E+0
3.882815E+2	3.073785E+0
3.885430E+2	2.909850E+0
3.888045E+2	2.702200E+0
3.890660E+2	2.751380E+0
3.893275E+2	2.587446E+0
3.895889E+2	2.740451E+0
3.898504E+2	2.658484E+0
3.901118E+2	2.642091E+0
3.903733E+2	2.685806E+0
3.906347E+2	2.636626E+0
3.908962E+2	2.374331E+0
3.911576E+2	2.275970E+0
3.914190E+2	2.385260E+0
3.916804E+2	2.680342E+0
3.919418E+2	2.696735E+0
3.922032E+2	2.576517E+0
3.924646E+2	2.680342E+0
3.927260E+2	2.308757E+0
3.929873E+2	1.991817E+0
3.932487E+2	1.980888E+0
3.935100E+2	1.707664E+0
3.937714E+2	1.707664E+0
3.940327E+2	1.844276E+0
3.942941E+2	1.833347E+0
3.945554E+2	1.931708E+0
3.948167E+2	2.122965E+0
3.950780E+2	2.210397E+0
3.953393E+2	1.986353E+0
3.956006E+2	2.024604E+0
3.958619E+2	1.734987E+0
3.961232E+2	1.603839E+0
3.963844E+2	1.571052E+0
3.966457E+2	1.456298E+0
3.969069E+2	1.281435E+0
3.971682E+2	1.270506E+0
3.974294E+2	1.418047E+0
3.976907E+2	1.472692E+0
3.979519E+2	1.368866E+0
3.982131E+2	1.445369E+0
3.984743E+2	1.478156E+0
3.987355E+2	1.439905E+0
3.989967E+2	1.478156E+0
3.992579E+2	1.265041E+0
3.995191E+2	9.644949E-1
3.997802E+2	7.677736E-1
4.000414E+2	9.481014E-1
4.003025E+2	9.371725E-1
4.005637E+2	8.989211E-1
4.008248E+2	8.005605E-1
4.010860E+2	7.240577E-1
4.013471E+2	8.715987E-1
4.016082E+2	6.202326E-1
4.018693E+2	4.016534E-1
4.021304E+2	5.874457E-1
4.023915E+2	8.169539E-1
4.026526E+2	9.754238E-1
4.029137E+2	9.371725E-1
4.031747E+2	5.437299E-1
4.034358E+2	2.486479E-1
4.036968E+2	1.229648E-1
4.039579E+2	1.666807E-1
4.042189E+2	-2.212975E-1
4.044800E+2	-3.251226E-1
4.047410E+2	-3.415160E-1
4.050020E+2	-2.322264E-1
4.052630E+2	-2.704778E-1
4.055240E+2	-3.141936E-1
4.057850E+2	-8.182710E-3
4.060460E+2	-2.718229E-3
4.063070E+2	-1.010789E-1
4.065679E+2	-1.174723E-1
4.068289E+2	-5.736304E-2
4.070898E+2	4.099762E-2
4.073508E+2	2.460418E-2
4.076117E+2	-3.906964E-1
4.078727E+2	-4.398767E-1
4.081336E+2	-1.994395E-1
4.083945E+2	-1.885106E-1
4.086554E+2	9.564243E-2
4.089163E+2	2.650413E-1
4.091772E+2	3.470085E-1
4.094381E+2	4.836206E-1
4.096990E+2	4.235113E-1
4.099598E+2	4.836206E-1
4.102207E+2	7.568446E-1
4.104815E+2	8.388118E-1
4.107424E+2	6.256971E-1
4.110032E+2	3.961889E-1
4.112640E+2	5.218719E-1
4.115249E+2	5.765167E-1
4.117857E+2	8.388118E-1
4.120465E+2	9.153146E-1
4.123073E+2	8.442763E-1
4.125681E+2	9.590304E-1
4.128289E+2	1.095642E+0
4.130896E+2	1.095642E+0
4.133504E+2	1.019140E+0
4.136112E+2	6.694129E-1
4.138719E+2	8.278829E-1
4.141327E+2	8.661342E-1
4.143934E+2	9.098501E-1
4.146541E+2	1.051927E+0
4.149149E+2	1.062856E+0
4.151756E+2	1.418047E+0
4.154363E+2	1.598375E+0
4.156970E+2	1.713129E+0
4.159577E+2	1.724058E+0
4.162184E+2	1.838812E+0
4.164790E+2	1.795096E+0
4.167397E+2	1.620233E+0
4.170004E+2	1.576517E+0
4.172610E+2	1.549194E+0
4.175217E+2	1.959030E+0
4.177823E+2	2.161216E+0
4.180429E+2	2.286899E+0
4.183035E+2	2.084713E+0
4.185642E+2	2.024604E+0
4.188248E+2	2.106571E+0
4.190854E+2	2.172145E+0
4.193459E+2	2.428976E+0
4.196065E+2	2.510943E+0
4.198671E+2	2.390724E+0
4.201277E+2	2.412582E+0
4.203882E+2	2.412582E+0
4.206488E+2	2.418047E+0
4.209093E+2	2.221325E+0
4.211699E+2	2.347009E+0
4.214304E+2	2.161216E+0
4.216909E+2	1.948101E+0
4.219514E+2	1.674877E+0
4.222119E+2	1.543730E+0
4.224724E+2	1.729522E+0
4.227329E+2	1.609304E+0
4.229934E+2	1.472692E+0
4.232539E+2	1.554659E+0
4.235143E+2	1.838812E+0
4.237748E+2	1.816954E+0
4.240352E+2	1.784167E+0
4.242957E+2	1.718593E+0
4.245561E+2	1.729522E+0
4.248166E+2	1.789631E+0
4.250770E+2	1.636626E+0
4.253374E+2	1.663948E+0
4.255978E+2	1.860670E+0
4.258582E+2	1.909850E+0
4.261186E+2	1.669413E+0
4.263790E+2	1.959030E+0
4.266393E+2	2.204932E+0
4.268997E+2	2.434440E+0
4.271600E+2	2.521872E+0
4.274204E+2	2.368866E+0
4.276807E+2	2.215861E+0
4.279411E+2	2.079249E+0
4.282014E+2	1.969959E+0
4.284617E+2	1.718593E+0
4.287220E+2	1.587446E+0
4.289823E+2	1.631162E+0
4.292426E+2	1.631162E+0
4.295029E+2	1.937172E+0
4.297632E+2	1.838812E+0
4.300235E+2	1.576517E+0
4.302837E+2	1.527336E+0
4.305440E+2	1.658484E+0
4.308042E+2	1.663948E+0
4.310645E+2	1.527336E+0
4.313247E+2	1.401653E+0
4.315849E+2	1.330615E+0
4.318451E+2	1.172145E+0
4.321054E+2	1.106571E+0
4.323656E+2	9.481014E-1
4.326258E+2	1.040998E+0
4.328859E+2	8.661342E-1
4.331461E+2	6.366260E-1
4.334063E+2	4.508337E-1
4.336665E+2	5.164075E-1
4.339266E+2	4.562982E-1
4.341868E+2	4.890850E-1
4.344469E+2	4.289758E-1
4.347070E+2	3.524730E-1
4.349671E+2	4.508337E-1
4.352273E+2	1.120359E-1
4.354874E+2	8.210733E-3
4.357475E+2	1.448228E-1
4.360076E+2	3.553314E-2
4.362677E+2	3.196861E-1
4.365277E+2	1.994676E-1
4.367878E+2	2.541124E-1
4.370479E+2	2.103965E-1
4.373079E+2	4.289758E-1
4.375680E+2	8.114894E-1
4.378280E+2	1.215861E+0
4.380880E+2	1.521872E+0
4.383480E+2	1.489085E+0
4.386081E+2	1.702200E+0
4.388681E+2	1.948101E+0
4.391281E+2	1.931708E+0
4.393881E+2	1.822418E+0
4.396480E+2	1.937172E+0
4.399080E+2	1.806025E+0
4.401680E+2	1.762309E+0
4.404279E+2	1.696735E+0
4.406879E+2	1.778703E+0
4.409478E+2	1.931708E+0
4.412078E+2	2.057391E+0
4.414677E+2	1.909850E+0
4.417276E+2	1.680342E+0
4.419875E+2	1.980888E+0
4.422474E+2	1.756845E+0
4.425073E+2	1.986353E+0
4.427672E+2	1.942637E+0
4.430271E+2	1.926244E+0
4.432870E+2	2.051927E+0
4.435469E+2	2.226790E+0
4.438067E+2	2.314222E+0
4.440666E+2	2.401653E+0
4.443264E+2	2.439905E+0
4.445862E+2	2.286899E+0
4.448461E+2	2.150287E+0
4.451059E+2	2.314222E+0
4.453657E+2	2.341544E+0
4.456255E+2	2.456298E+0
4.458853E+2	2.844276E+0
4.461451E+2	2.969959E+0
4.464049E+2	2.855205E+0
4.466646E+2	2.685806E+0
4.469244E+2	2.898921E+0
4.471842E+2	3.062856E+0
4.474439E+2	3.194003E+0
4.477036E+2	3.347009E+0
4.479634E+2	3.210397E+0
4.482231E+2	3.254112E+0
4.484828E+2	3.237719E+0
4.487425E+2	3.428976E+0
4.490022E+2	3.674877E+0
4.492619E+2	3.734987E+0
4.495216E+2	3.691271E+0
4.497813E+2	3.505478E+0
4.500410E+2	3.549194E+0
4.503006E+2	3.740451E+0
4.505603E+2	3.784167E+0
4.508199E+2	3.800560E+0
4.510796E+2	3.822418E+0
4.513392E+2	3.904386E+0
4.515988E+2	4.079249E+0
4.518584E+2	4.374331E+0
4.521180E+2	4.527336E+0
4.523776E+2	4.756845E+0
4.526372E+2	4.838812E+0
4.528968E+2	4.751380E+0
4.531564E+2	4.543730E+0
4.534160E+2	4.286899E+0
4.536755E+2	4.341544E+0
4.539351E+2	4.347009E+0
4.541946E+2	4.631162E+0
4.544541E+2	4.691271E+0
4.547137E+2	4.581981E+0
4.549732E+2	4.713129E+0
4.552327E+2	4.762309E+0
4.554922E+2	4.636626E+0
4.557517E+2	4.691271E+0
4.560112E+2	4.980888E+0
4.562707E+2	5.336080E+0
4.565302E+2	5.204932E+0
4.567896E+2	5.445369E+0
4.570491E+2	5.396189E+0
4.573085E+2	5.636626E+0
4.575680E+2	5.838812E+0
4.578274E+2	5.549194E+0
4.580868E+2	5.303293E+0
4.583463E+2	5.461763E+0
4.586057E+2	5.778703E+0
4.588651E+2	6.073785E+0
4.591245E+2	6.210397E+0
4.593838E+2	6.325151E+0
4.596432E+2	6.538265E+0
4.599026E+2	6.871599E+0
4.601620E+2	6.964495E+0
4.604213E+2	7.297828E+0
4.606807E+2	7.642091E+0
4.609400E+2	7.849741E+0
4.611993E+2	7.866134E+0
4.614587E+2	7.964495E+0
4.617180E+2	8.128429E+0
4.619773E+2	8.112036E+0
4.622366E+2	8.254112E+0
4.624959E+2	8.953566E+0
4.627552E+2	9.013675E+0
4.630144E+2	9.128429E+0
4.632737E+2	9.319686E+0
4.635330E+2	9.330615E+0
4.637922E+2	9.740451E+0
4.640515E+2	1.001914E+1
4.643107E+2	1.045630E+1
4.645699E+2	1.088253E+1
4.648292E+2	1.095357E+1
4.650884E+2	1.128143E+1
4.653476E+2	1.162023E+1
4.656068E+2	1.221040E+1
4.658660E+2	1.241258E+1
4.661251E+2	1.310111E+1
4.663843E+2	1.343444E+1
4.666435E+2	1.369674E+1
4.669026E+2	1.447816E+1
4.671618E+2	1.491531E+1
4.674209E+2	1.523772E+1
4.676801E+2	1.542351E+1
4.679392E+2	1.562570E+1
4.681983E+2	1.596449E+1
4.684574E+2	1.664755E+1
4.687165E+2	1.776231E+1
4.689756E+2	1.833608E+1
4.692347E+2	1.885521E+1
4.694938E+2	1.915029E+1
4.697529E+2	1.964209E+1
4.700119E+2	2.003007E+1
4.702710E+2	2.012843E+1
4.705300E+2	2.096996E+1
4.707891E+2	2.150548E+1
4.710481E+2	2.212843E+1
4.713071E+2	2.310111E+1
4.715661E+2	2.409018E+1
4.718252E+2	2.514482E+1
4.720842E+2	2.573499E+1
4.723431E+2	2.686613E+1
4.726021E+2	2.789892E+1
4.728611E+2	2.881149E+1
4.731201E+2	3.006832E+1
4.733790E+2	3.114482E+1
4.736380E+2	3.264755E+1
4.738969E+2	3.413936E+1
4.741559E+2	3.533608E+1
4.744148E+2	3.676231E+1
4.746737E+2	3.821586E+1
4.749326E+2	3.965848E+1
4.751915E+2	4.124318E+1
4.754504E+2	4.290985E+1
4.757093E+2	4.465302E+1
4.759682E+2	4.710657E+1
4.762271E+2	4.923225E+1
4.764859E+2	5.099728E+1
4.767448E+2	5.345630E+1
4.770037E+2	5.548909E+1
4.772625E+2	5.816122E+1
4.775213E+2	5.992078E+1
4.777802E+2	6.268034E+1
4.780390E+2	6.505193E+1
4.782978E+2	6.725411E+1
4.785566E+2	7.078963E+1
4.788154E+2	7.450001E+1
4.790742E+2	7.705193E+1
4.793329E+2	8.046723E+1
4.795917E+2	8.415029E+1
4.798505E+2	8.736887E+1
4.801092E+2	9.006832E+1
4.803680E+2	9.334701E+1
4.806267E+2	9.734701E+1
4.808854E+2	1.012323E+2
4.811442E+2	1.042814E+2
4.814029E+2	1.080137E+2
4.816616E+2	1.119645E+2
4.819203E+2	1.153415E+2
4.821790E+2	1.196366E+2
4.824377E+2	1.241011E+2
4.826963E+2	1.281230E+2
4.829550E+2	1.325711E+2
4.832137E+2	1.372486E+2
4.834723E+2	1.419426E+2
4.837310E+2	1.470738E+2
4.839896E+2	1.523907E+2
4.842482E+2	1.574126E+2
4.845068E+2	1.622814E+2
4.847655E+2	1.678825E+2
4.850241E+2	1.733689E+2
4.852827E+2	1.785000E+2
4.855412E+2	1.838060E+2
4.857998E+2	1.890355E+2
4.860584E+2	1.948661E+2
4.863170E+2	1.999864E+2
4.865755E+2	2.060738E+2
4.868341E+2	2.120137E+2
4.870926E+2	2.178279E+2
4.873511E+2	2.241394E+2
4.876097E+2	2.300574E+2
4.878682E+2	2.369044E+2
4.881267E+2	2.434836E+2
4.883852E+2	2.496202E+2
4.886437E+2	2.568716E+2
4.889022E+2	2.631503E+2
4.891606E+2	2.700082E+2
4.894191E+2	2.766366E+2
4.896776E+2	2.841175E+2
4.899360E+2	2.912705E+2
4.901945E+2	2.980137E+2
4.904529E+2	3.050792E+2
4.907113E+2	3.124344E+2
4.909697E+2	3.192486E+2
4.912282E+2	3.274508E+2
4.914866E+2	3.348279E+2
4.917450E+2	3.419864E+2
4.920034E+2	3.491448E+2
4.922617E+2	3.567022E+2
4.925201E+2	3.635984E+2
4.927785E+2	3.719536E+2
4.930368E+2	3.794017E+2
4.932952E+2	3.880301E+2
4.935535E+2	3.957295E+2
4.938118E+2	4.042596E+2
4.940702E+2	4.125000E+2
4.943285E+2	4.197732E+2
4.945868E+2	4.267678E+2
4.948451E+2	4.352650E+2
4.951034E+2	4.434071E+2
4.953617E+2	4.515000E+2
4.956200E+2	4.595711E+2
4.958782E+2	4.684235E+2
4.961365E+2	4.770082E+2
4.963947E+2	4.850301E+2
4.966530E+2	4.925656E+2
4.969112E+2	5.016202E+2
4.971694E+2	5.101940E+2
4.974277E+2	5.191011E+2
4.976859E+2	5.277405E+2
4.979441E+2	5.364618E+2
4.982023E+2	5.451667E+2
4.984605E+2	5.542323E+2
4.987187E+2	5.628825E+2
4.989768E+2	5.714727E+2
4.992350E+2	5.799809E+2
4.994931E+2	5.884180E+2
4.997513E+2	5.966639E+2
5.000094E+2	6.057623E+2
5.002676E+2	6.140902E+2
5.005257E+2	6.224399E+2
5.007838E+2	6.309426E+2
5.010419E+2	6.402814E+2
5.013000E+2	6.494071E+2
5.015581E+2	6.589918E+2
5.018162E+2	6.684836E+2
5.020743E+2	6.782049E+2
5.023323E+2	6.874945E+2
5.025904E+2	6.968388E+2
5.028485E+2	7.062978E+2
5.031065E+2	7.153088E+2
5.033645E+2	7.249153E+2
5.036226E+2	7.338224E+2
5.038806E+2	7.432650E+2
5.041386E+2	7.531612E+2
5.043966E+2	7.623743E+2
5.046546E+2	7.719536E+2
5.049126E+2	7.814563E+2
5.051706E+2	7.914180E+2
5.054285E+2	8.010027E+2
5.056865E+2	8.105711E+2
5.059445E+2	8.205492E+2
5.062024E+2	8.303743E+2
5.064604E+2	8.400629E+2
5.067183E+2	8.502869E+2
5.069762E+2	8.595109E+2
5.072341E+2	8.696530E+2
5.074920E+2	8.796913E+2
5.077499E+2	8.896585E+2
5.080078E+2	9.000191E+2
5.082657E+2	9.102213E+2
5.085236E+2	9.199372E+2
5.087815E+2	9.303525E+2
5.090393E+2	9.404290E+2
5.092972E+2	9.507732E+2
5.095550E+2	9.604454E+2
5.098129E+2	9.704508E+2
5.100707E+2	9.808497E+2
5.103285E+2	9.915492E+2
5.105863E+2	1.001505E+3
5.108441E+2	1.011604E+3
5.111019E+2	1.021751E+3
5.113597E+2	1.032139E+3
5.116175E+2	1.042653E+3
5.118753E+2	1.052833E+3
5.121330E+2	1.063495E+3
5.123908E+2	1.074484E+3
5.126485E+2	1.085276E+3
5.129063E+2	1.095888E+3
5.131640E+2	1.106549E+3
5.134217E+2	1.117500E+3
5.136794E+2	1.128380E+3
5.139371E+2	1.138893E+3
5.141948E+2	1.150150E+3
5.144525E+2	1.161003E+3
5.147102E+2	1.172150E+3
5.149679E+2	1.183828E+3
5.152256E+2	1.195227E+3
5.154832E+2	1.206620E+3
5.157409E+2	1.217489E+3
5.159985E+2	1.229249E+3
5.162562E+2	1.240735E+3
5.165138E+2	1.252167E+3
5.167714E+2	1.263445E+3
5.170290E+2	1.274877E+3
5.172866E+2	1.286276E+3
5.175442E+2	1.297527E+3
5.178018E+2	1.308658E+3
5.180594E+2	1.319872E+3
5.183170E+2	1.331352E+3
5.185745E+2	1.342637E+3
5.188321E+2	1.353910E+3
5.190896E+2	1.365118E+3
5.193472E+2	1.376839E+3
5.196047E+2	1.388456E+3
5.198622E+2	1.399921E+3
5.201197E+2	1.411932E+3
5.203772E+2	1.423702E+3
5.206347E+2	1.435954E+3
5.208922E+2	1.447068E+3
5.211497E+2	1.458637E+3
5.214072E+2	1.470128E+3
5.216646E+2	1.481478E+3
5.219221E+2	1.492850E+3
5.221795E+2	1.505014E+3
5.224370E+2	1.516768E+3
5.226944E+2	1.528161E+3
5.229519E+2	1.539921E+3
5.232093E+2	1.551505E+3
5.234667E+2	1.563309E+3
5.237241E+2	1.574828E+3
5.239815E+2	1.586544E+3
5.242389E+2	1.597637E+3
5.244962E+2	1.608932E+3
5.247536E+2	1.620303E+3
5.250110E+2	1.631997E+3
5.252683E+2	1.643735E+3
5.255257E+2	1.655292E+3
5.257830E+2	1.667057E+3
5.260403E+2	1.678669E+3
5.262977E+2	1.690806E+3
5.265550E+2	1.702801E+3
5.268123E+2	1.714101E+3
5.270696E+2	1.725872E+3
5.273269E+2	1.737555E+3
5.275841E+2	1.749210E+3
5.278414E+2	1.760959E+3
5.280987E+2	1.772609E+3
5.283559E+2	1.783937E+3
5.286132E+2	1.795593E+3
5.288704E+2	1.807139E+3
5.291276E+2	1.818658E+3
5.293849E+2	1.830107E+3
5.296421E+2	1.841271E+3
5.298993E+2	1.852516E+3
5.301565E+2	1.864199E+3
5.304137E+2	1.875309E+3
5.306709E+2	1.886380E+3
5.309280E+2	1.897631E+3
5.311852E+2	1.908948E+3
5.314424E+2	1.919637E+3
5.316995E+2	1.931090E+3
5.319567E+2	1.941943E+3
5.322138E+2	1.953216E+3
5.324709E+2	1.964806E+3
5.327280E+2	1.976249E+3
5.329852E+2	1.987292E+3
5.332423E+2	1.998254E+3
5.334994E+2	2.009637E+3
5.337564E+2	2.020817E+3
5.340135E+2	2.031861E+3
5.342706E+2	2.043593E+3
5.345276E+2	2.055232E+3
5.347847E+2	2.066434E+3
5.350417E+2	2.077260E+3
5.352988E+2	2.088309E+3
5.355558E+2	2.099757E+3
5.358128E+2	2.110128E+3
5.360698E+2	2.121112E+3
5.363269E+2	2.131877E+3
5.365839E+2	2.143511E+3
5.368408E+2	2.154046E+3
5.370978E+2	2.165445E+3
5.373548E+2	2.176948E+3
5.376118E+2	2.188675E+3
5.378687E+2	2.199074E+3
5.381257E+2	2.210314E+3
5.383826E+2	2.220970E+3
5.386395E+2	2.231434E+3
5.388965E+2	2.242249E+3
5.391534E+2	2.252828E+3
5.394103E+2	2.263385E+3
5.396672E+2	2.274811E+3
5.399241E+2	2.286522E+3
5.401810E+2	2.297626E+3
5.404378E+2	2.308320E+3
5.406947E+2	2.318522E+3
5.409516E+2	2.329888E+3
5.412084E+2	2.340555E+3
5.414653E+2	2.351604E+3
5.417221E+2	2.362784E+3
5.419789E+2	2.373620E+3
5.422357E+2	2.383964E+3
5.424925E+2	2.395516E+3
5.427493E+2	2.406773E+3
5.430061E+2	2.417861E+3
5.432629E+2	2.428937E+3
5.435197E+2	2.439467E+3
5.437765E+2	2.450451E+3
5.440332E+2	2.461697E+3
5.442900E+2	2.471795E+3
5.445467E+2	2.482615E+3
5.448035E+2	2.493642E+3
5.450602E+2	2.504577E+3
5.453169E+2	2.515844E+3
5.455736E+2	2.526582E+3
5.458303E+2	2.537057E+3
5.460870E+2	2.548036E+3
5.463437E+2	2.558822E+3
5.466004E+2	2.569123E+3
5.468571E+2	2.579587E+3
5.471137E+2	2.590369E+3
5.473704E+2	2.600445E+3
5.476270E+2	2.611653E+3
5.478837E+2	2.622030E+3
5.481403E+2	2.632068E+3
5.483969E+2	2.642424E+3
5.486535E+2	2.652587E+3
5.489101E+2	2.663391E+3
5.491667E+2	2.674057E+3
5.494233E+2	2.684216E+3
5.496799E+2	2.694434E+3
5.499365E+2	2.704915E+3
5.501931E+2	2.715243E+3
5.504496E+2	2.725899E+3
5.507062E+2	2.736948E+3
5.509627E+2	2.746658E+3
5.512192E+2	2.757260E+3
5.514758E+2	2.768238E+3
5.517323E+2	2.778697E+3
5.519888E+2	2.788724E+3
5.522453E+2	2.799467E+3
5.525018E+2	2.810123E+3
5.527583E+2	2.819675E+3
5.530147E+2	2.829883E+3
5.532712E+2	2.839118E+3
5.535277E+2	2.849921E+3
5.537841E+2	2.860128E+3
5.540406E+2	2.871303E+3
5.542970E+2	2.881385E+3
5.545534E+2	2.891757E+3
5.548098E+2	2.902680E+3
5.550663E+2	2.913331E+3
5.553227E+2	2.923899E+3
5.555791E+2	2.934380E+3
5.558354E+2	2.944593E+3
5.560918E+2	2.955325E+3
5.563482E+2	2.966669E+3
5.566046E+2	2.976587E+3
5.568609E+2	2.987352E+3
5.571173E+2	2.996811E+3
5.573736E+2	3.006921E+3
5.576299E+2	3.017227E+3
5.578862E+2	3.027893E+3
5.581426E+2	3.038221E+3
5.583989E+2	3.048347E+3
5.586552E+2	3.059025E+3
5.589114E+2	3.069560E+3
5.591677E+2	3.080063E+3
5.594240E+2	3.090325E+3
5.596803E+2	3.100331E+3
5.599365E+2	3.111369E+3
5.601928E+2	3.122008E+3
5.604490E+2	3.132271E+3
5.607052E+2	3.142342E+3
5.609614E+2	3.153139E+3
5.612177E+2	3.163112E+3
5.614739E+2	3.173167E+3
5.617301E+2	3.184210E+3
5.619863E+2	3.195210E+3
5.622424E+2	3.206757E+3
5.624986E+2	3.217260E+3
5.627548E+2	3.228243E+3
5.630109E+2	3.239052E+3
5.632671E+2	3.249243E+3
5.635232E+2	3.260107E+3
5.637794E+2	3.271582E+3
5.640355E+2	3.283271E+3
5.642916E+2	3.294746E+3
5.645477E+2	3.305549E+3
5.648038E+2	3.316134E+3
5.650599E+2	3.327697E+3
5.653160E+2	3.338899E+3
5.655721E+2	3.350063E+3
5.658281E+2	3.360915E+3
5.660842E+2	3.372030E+3
5.663402E+2	3.382970E+3
5.665963E+2	3.394369E+3
5.668523E+2	3.404986E+3
5.671083E+2	3.415352E+3
5.673644E+2	3.427074E+3
5.676204E+2	3.438538E+3
5.678764E+2	3.448560E+3
5.681324E+2	3.460199E+3
5.683883E+2	3.471735E+3
5.686443E+2	3.482648E+3
5.689003E+2	3.495052E+3
5.691562E+2	3.506587E+3
5.694122E+2	3.517992E+3
5.696681E+2	3.529352E+3
5.699241E+2	3.541571E+3
5.701800E+2	3.552697E+3
5.704359E+2	3.564068E+3
5.706918E+2	3.575839E+3
5.709477E+2	3.586500E+3
5.712036E+2	3.597167E+3
5.714595E+2	3.609342E+3
5.717154E+2	3.620626E+3
5.719713E+2	3.631675E+3
5.722271E+2	3.643478E+3
5.724830E+2	3.655303E+3
5.727388E+2	3.667773E+3
5.729947E+2	3.679374E+3
5.732505E+2	3.690888E+3
5.735063E+2	3.702249E+3
5.737621E+2	3.713795E+3
5.740179E+2	3.725057E+3
5.742737E+2	3.736178E+3
5.745295E+2	3.747555E+3
5.747853E+2	3.759648E+3
5.750411E+2	3.772156E+3
5.752968E+2	3.784648E+3
5.755526E+2	3.796555E+3
5.758083E+2	3.807691E+3
5.760641E+2	3.819932E+3
5.763198E+2	3.831970E+3
5.765755E+2	3.843473E+3
5.768312E+2	3.855921E+3
5.770869E+2	3.868325E+3
5.773426E+2	3.879538E+3
5.775983E+2	3.891014E+3
5.778540E+2	3.902484E+3
5.781097E+2	3.915260E+3
5.783653E+2	3.927221E+3
5.786210E+2	3.939713E+3
5.788766E+2	3.952265E+3
5.791323E+2	3.963997E+3
5.793879E+2	3.976150E+3
5.796435E+2	3.986839E+3
5.798991E+2	3.998331E+3
5.801547E+2	4.009981E+3
5.804103E+2	4.021424E+3
5.806659E+2	4.031806E+3
5.809215E+2	4.043123E+3
5.811771E+2	4.054560E+3
5.814327E+2	4.066063E+3
5.816882E+2	4.076773E+3
5.819438E+2	4.087271E+3
5.821993E+2	4.098429E+3
5.824548E+2	4.109074E+3
5.827104E+2	4.120342E+3
5.829659E+2	4.131199E+3
5.832214E+2	4.140893E+3
5.834769E+2	4.153008E+3
5.837324E+2	4.163063E+3
5.839878E+2	4.173287E+3
5.842433E+2	4.183866E+3
5.844988E+2	4.194418E+3
5.847542E+2	4.204298E+3
5.850097E+2	4.214183E+3
5.852651E+2	4.223948E+3
5.855206E+2	4.233265E+3
5.857760E+2	4.243429E+3
5.860314E+2	4.252642E+3
5.862868E+2	4.262265E+3
5.865422E+2	4.272380E+3
5.867976E+2	4.282954E+3
5.870530E+2	4.292533E+3
5.873084E+2	4.302424E+3
5.875637E+2	4.311418E+3
5.878191E+2	4.320331E+3
5.880744E+2	4.329156E+3
5.883298E+2	4.338440E+3
5.885851E+2	4.347975E+3
5.888404E+2	4.357309E+3
5.890958E+2	4.366167E+3
5.893511E+2	4.374276E+3
5.896064E+2	4.383959E+3
5.898617E+2	4.392730E+3
5.901169E+2	4.401571E+3
5.903722E+2	4.409915E+3
5.906275E+2	4.417975E+3
5.908827E+2	4.425462E+3
5.911380E+2	4.433309E+3
5.913932E+2	4.441008E+3
5.916485E+2	4.448057E+3
5.919037E+2	4.456593E+3
5.921589E+2	4.464276E+3
5.924141E+2	4.471872E+3
5.926693E+2	4.479850E+3
5.929245E+2	4.486921E+3
5.931797E+2	4.494292E+3
5.934349E+2	4.500964E+3
5.936900E+2	4.507719E+3
5.939452E+2	4.514828E+3
5.942004E+2	4.520713E+3
5.944555E+2	4.528128E+3
5.947106E+2	4.536046E+3
5.949658E+2	4.542336E+3
5.952209E+2	4.550276E+3
5.954760E+2	4.557183E+3
5.957311E+2	4.563806E+3
5.959862E+2	4.571096E+3
5.962413E+2	4.579227E+3
5.964963E+2	4.586320E+3
5.967514E+2	4.593052E+3
5.970065E+2	4.599385E+3
5.972615E+2	4.606986E+3
5.975166E+2	4.613675E+3
5.977716E+2	4.619757E+3
5.980266E+2	4.626850E+3
5.982816E+2	4.633467E+3
5.985367E+2	4.638970E+3
5.987917E+2	4.646779E+3
5.990467E+2	4.652074E+3
5.993016E+2	4.658391E+3
5.995566E+2	4.664740E+3
5.998116E+2	4.670992E+3
6.000665E+2	4.676522E+3
6.003215E+2	4.681626E+3
6.005764E+2	4.688123E+3
6.008314E+2	4.693986E+3
6.010863E+2	4.700424E+3
6.013412E+2	4.706544E+3
6.015961E+2	4.713921E+3
6.018510E+2	4.720407E+3
6.021059E+2	4.727085E+3
6.023608E+2	4.732828E+3
6.026157E+2	4.737385E+3
6.028706E+2	4.742555E+3
6.031254E+2	4.748347E+3
6.033803E+2	4.753533E+3
6.036351E+2	4.758686E+3
6.038900E+2	4.763615E+3
6.041448E+2	4.767680E+3
6.043996E+2	4.773057E+3
6.046544E+2	4.778402E+3
6.049092E+2	4.783598E+3
6.051640E+2	4.787899E+3
6.054188E+2	4.793637E+3
6.056736E+2	4.798243E+3
6.059283E+2	4.801768E+3
6.061831E+2	4.805243E+3
6.064378E+2	4.809560E+3
6.066926E+2	4.814473E+3
6.069473E+2	4.820189E+3
6.072021E+2	4.824429E+3
6.074568E+2	4.827620E+3
6.077115E+2	4.831855E+3
6.079662E+2	4.835975E+3
6.082209E+2	4.840205E+3
6.084756E+2	4.844478E+3
6.087302E+2	4.848773E+3
6.089849E+2	4.852959E+3
6.092396E+2	4.855954E+3
6.094942E+2	4.859271E+3
6.097489E+2	4.863779E+3
6.100035E+2	4.866374E+3
6.102581E+2	4.869424E+3
6.105127E+2	4.872374E+3
6.107674E+2	4.875172E+3
6.110220E+2	4.878292E+3
6.112766E+2	4.881440E+3
6.115311E+2	4.884883E+3
6.117857E+2	4.887582E+3
6.120403E+2	4.890199E+3
6.122948E+2	4.892817E+3
6.125494E+2	4.895730E+3
6.128039E+2	4.897724E+3
6.130585E+2	4.900850E+3
6.133130E+2	4.904085E+3
6.135675E+2	4.905811E+3
6.138220E+2	4.907822E+3
6.140765E+2	4.910533E+3
6.143310E+2	4.911959E+3
6.145855E+2	4.913779E+3
6.148400E+2	4.915822E+3
6.150945E+2	4.918096E+3
6.153489E+2	4.920702E+3
6.156034E+2	4.923085E+3
6.158578E+2	4.926708E+3
6.161123E+2	4.929145E+3
6.163667E+2	4.931648E+3
6.166211E+2	4.934128E+3
6.168755E+2	4.936145E+3
6.171299E+2	4.938019E+3
6.173843E+2	4.939757E+3
6.176387E+2	4.941243E+3
6.178931E+2	4.943577E+3
6.181474E+2	4.946735E+3
6.184018E+2	4.950030E+3
6.186561E+2	4.952844E+3
6.189105E+2	4.955418E+3
6.191648E+2	4.958336E+3
6.194191E+2	4.960057E+3
6.196735E+2	4.963516E+3
6.199278E+2	4.966145E+3
6.201821E+2	4.969620E+3
6.204364E+2	4.972937E+3
6.206907E+2	4.976057E+3
6.209449E+2	4.978107E+3
6.211992E+2	4.982139E+3
6.214535E+2	4.985653E+3
6.217077E+2	4.990768E+3
6.219619E+2	4.995090E+3
6.222162E+2	4.998385E+3
6.224704E+2	5.001664E+3
6.227246E+2	5.006866E+3
6.229788E+2	5.011779E+3
6.232330E+2	5.016544E+3
6.234872E+2	5.021363E+3
6.237414E+2	5.025888E+3
6.239956E+2	5.030052E+3
6.242498E+2	5.034811E+3
6.245039E+2	5.039959E+3
6.247581E+2	5.046238E+3
6.250122E+2	5.051773E+3
6.252663E+2	5.058112E+3
6.255205E+2	5.063932E+3
6.257746E+2	5.069178E+3
6.260287E+2	5.074997E+3
6.262828E+2	5.080238E+3
6.265369E+2	5.086833E+3
6.267910E+2	5.093708E+3
6.270450E+2	5.099544E+3
6.272991E+2	5.106046E+3
6.275532E+2	5.113418E+3
6.278072E+2	5.119899E+3
6.280613E+2	5.127085E+3
6.283153E+2	5.134724E+3
6.285693E+2	5.142402E+3
6.288233E+2	5.149046E+3
6.290773E+2	5.157128E+3
6.293313E+2	5.164582E+3
6.295853E+2	5.172822E+3
6.298393E+2	5.180680E+3
6.300933E+2	5.188577E+3
6.303472E+2	5.196495E+3
6.306012E+2	5.204948E+3
6.308551E+2	5.212861E+3
6.311091E+2	5.220932E+3
6.313630E+2	5.228822E+3
6.316169E+2	5.236713E+3
6.318709E+2	5.244669E+3
6.321248E+2	5.252866E+3
6.323787E+2	5.261992E+3
6.326326E+2	5.270090E+3
6.328864E+2	5.278593E+3
6.331403E+2	5.287806E+3
6.333942E+2	5.296735E+3
6.336480E+2	5.306254E+3
6.339019E+2	5.315014E+3
6.341557E+2	5.324205E+3
6.344095E+2	5.334391E+3
6.346634E+2	5.343456E+3
6.349172E+2	5.353456E+3
6.351710E+2	5.363068E+3
6.354248E+2	5.372522E+3
6.356786E+2	5.382779E+3
6.359324E+2	5.392899E+3
6.361861E+2	5.402669E+3
6.364399E+2	5.412997E+3
6.366936E+2	5.421986E+3
6.369474E+2	5.433959E+3
6.372011E+2	5.442921E+3
6.374549E+2	5.453118E+3
6.377086E+2	5.463648E+3
6.379623E+2	5.473724E+3
6.382160E+2	5.483221E+3
6.384697E+2	5.493063E+3
6.387234E+2	5.502112E+3
6.389771E+2	5.511484E+3
6.392307E+2	5.521413E+3
6.394844E+2	5.532746E+3
6.397380E+2	5.543194E+3
6.399917E+2	5.553615E+3
6.402453E+2	5.563910E+3
6.404990E+2	5.575014E+3
6.407526E+2	5.584915E+3
6.410062E+2	5.595522E+3
6.412598E+2	5.606844E+3
6.415134E+2	5.617003E+3
6.417670E+2	5.628757E+3
6.420206E+2	5.638538E+3
6.422741E+2	5.649287E+3
6.425277E+2	5.660424E+3
6.427812E+2	5.671697E+3
6.430348E+2	5.681615E+3
6.432883E+2	5.692183E+3
6.435418E+2	5.702303E+3
6.437954E+2	5.713374E+3
6.440489E+2	5.724478E+3
6.443024E+2	5.735271E+3
6.445559E+2	5.746456E+3
6.448094E+2	5.757806E+3
6.450628E+2	5.767653E+3
6.453163E+2	5.780019E+3
6.455698E+2	5.791478E+3
6.458232E+2	5.803079E+3
6.460767E+2	5.814811E+3
6.463301E+2	5.827445E+3
6.465835E+2	5.838642E+3
6.468369E+2	5.850352E+3
6.470903E+2	5.861413E+3
6.473437E+2	5.873194E+3
6.475971E+2	5.885156E+3
6.478505E+2	5.895697E+3
6.481039E+2	5.907292E+3
6.483573E+2	5.918904E+3
6.486106E+2	5.929451E+3
6.488640E+2	5.939811E+3
6.491173E+2	5.950139E+3
6.493706E+2	5.960112E+3
6.496240E+2	5.970708E+3
6.498773E+2	5.981806E+3
6.501306E+2	5.992391E+3
6.503839E+2	6.003653E+3
6.506372E+2	6.014331E+3
6.508905E+2	6.024533E+3
6.511437E+2	6.033751E+3
6.513970E+2	6.044074E+3
6.516503E+2	6.054637E+3
6.519035E+2	6.064396E+3
6.521567E+2	6.074238E+3
6.524100E+2	6.083369E+3
6.526632E+2	6.092855E+3
6.529164E+2	6.102522E+3
6.531696E+2	6.112719E+3
6.534228E+2	6.123216E+3
6.536760E+2	6.132943E+3
6.539292E+2	6.142434E+3
6.541824E+2	6.154161E+3
6.544355E+2	6.164790E+3
6.546887E+2	6.174801E+3
6.549418E+2	6.184407E+3
6.551950E+2	6.194156E+3
6.554481E+2	6.202604E+3
6.557012E+2	6.212358E+3
6.559543E+2	6.221265E+3
6.562074E+2	6.228254E+3
6.564605E+2	6.236424E+3
6.567136E+2	6.244538E+3
6.569667E+2	6.253762E+3
6.572198E+2	6.261216E+3
6.574728E+2	6.269134E+3
6.577259E+2	6.276025E+3
6.579789E+2	6.282478E+3
6.582319E+2	6.288347E+3
6.584850E+2	6.295314E+3
6.587380E+2	6.302391E+3
6.589910E+2	6.309899E+3
6.592440E+2	6.316101E+3
6.594970E+2	6.321571E+3
6.597500E+2	6.329276E+3
6.600030E+2	6.334795E+3
6.602559E+2	6.341429E+3
6.605089E+2	6.349063E+3
6.607618E+2	6.353762E+3
6.610148E+2	6.360413E+3
6.612677E+2	6.364784E+3
6.615206E+2	6.370964E+3
6.617736E+2	6.375801E+3
6.620265E+2	6.380276E+3
6.622794E+2	6.384981E+3
6.625323E+2	6.390314E+3
6.627851E+2	6.393992E+3
6.630380E+2	6.398112E+3
6.632909E+2	6.402724E+3
6.635437E+2	6.406008E+3
6.637966E+2	6.407232E+3
6.640494E+2	6.410243E+3
6.643023E+2	6.413855E+3
6.645551E+2	6.415336E+3
6.648079E+2	6.418090E+3
6.650607E+2	6.419975E+3
6.653135E+2	6.420888E+3
6.655663E+2	6.423347E+3
6.658191E+2	6.423669E+3
6.660718E+2	6.424587E+3
6.663246E+2	6.425451E+3
6.665774E+2	6.427462E+3
6.668301E+2	6.426790E+3
6.670828E+2	6.427713E+3
6.673356E+2	6.428030E+3
6.675883E+2	6.429194E+3
6.678410E+2	6.429844E+3
6.680937E+2	6.429959E+3
6.683464E+2	6.429768E+3
6.685991E+2	6.428822E+3
6.688518E+2	6.427658E+3
6.691044E+2	6.426413E+3
6.693571E+2	6.425030E+3
6.696098E+2	6.422598E+3
6.698624E+2	6.419801E+3
6.701150E+2	6.417265E+3
6.703677E+2	6.414112E+3
6.706203E+2	6.410352E+3
6.708729E+2	6.406719E+3
6.711255E+2	6.400850E+3
6.713781E+2	6.395970E+3
6.716307E+2	6.392287E+3
6.718832E+2	6.387872E+3
6.721358E+2	6.382260E+3
6.723884E+2	6.376429E+3
6.726409E+2	6.370096E+3
6.728935E+2	6.363850E+3
6.731460E+2	6.357478E+3
6.733985E+2	6.351850E+3
6.736510E+2	6.346309E+3
6.739035E+2	6.340467E+3
6.741560E+2	6.334369E+3
6.744085E+2	6.327724E+3
6.746610E+2	6.321495E+3
6.749135E+2	6.314495E+3
6.751660E+2	6.307697E+3
6.754184E+2	6.300855E+3
6.756709E+2	6.293473E+3
6.759233E+2	6.284861E+3
6.761757E+2	6.277314E+3
6.764282E+2	6.268959E+3
6.766806E+2	6.261943E+3
6.769330E+2	6.252418E+3
6.771854E+2	6.242478E+3
6.774378E+2	6.232948E+3
6.776901E+2	6.221680E+3
6.779425E+2	6.209413E+3
6.781949E+2	6.197560E+3
6.784472E+2	6.184642E+3
6.786996E+2	6.171145E+3
6.789519E+2	6.159150E+3
6.792042E+2	6.148167E+3
6.794566E+2	6.135287E+3
6.797089E+2	6.122254E+3
6.799612E+2	6.110456E+3
6.802135E+2	6.097451E+3
6.804657E+2	6.084172E+3
6.807180E+2	6.070571E+3
6.809703E+2	6.057265E+3
6.812226E+2	6.045243E+3
6.814748E+2	6.032260E+3
6.817270E+2	6.019314E+3
6.819793E+2	6.004587E+3
6.822315E+2	5.991456E+3
6.824837E+2	5.977806E+3
6.827359E+2	5.963888E+3
6.829881E+2	5.948997E+3
6.832403E+2	5.934516E+3
6.834925E+2	5.921320E+3
6.837447E+2	5.906954E+3
6.839968E+2	5.892199E+3
6.842490E+2	5.876970E+3
6.845011E+2	5.862926E+3
6.847533E+2	5.847243E+3
6.850054E+2	5.831085E+3
6.852575E+2	5.814658E+3
6.855097E+2	5.797549E+3
6.857618E+2	5.781363E+3
6.860139E+2	5.764549E+3
6.862659E+2	5.748331E+3
6.865180E+2	5.731861E+3
6.867701E+2	5.713872E+3
6.870222E+2	5.696544E+3
6.872742E+2	5.679118E+3
6.875263E+2	5.661992E+3
6.877783E+2	5.644669E+3
6.880303E+2	5.627708E+3
6.882823E+2	5.610861E+3
6.885343E+2	5.594680E+3
6.887864E+2	5.577915E+3
6.890383E+2	5.561637E+3
6.892903E+2	5.545194E+3
6.895423E+2	5.528216E+3
6.897943E+2	5.512347E+3
6.900462E+2	5.495090E+3
6.902982E+2	5.479079E+3
6.905501E+2	5.462516E+3
6.908021E+2	5.446549E+3
6.910540E+2	5.429396E+3
6.913059E+2	5.413090E+3
6.915578E+2	5.395762E+3
6.918097E+2	5.379620E+3
6.920616E+2	5.363216E+3
6.923135E+2	5.346287E+3
6.925654E+2	5.329413E+3
6.928172E+2	5.313511E+3
6.930691E+2	5.297527E+3
6.933209E+2	5.281205E+3
6.935728E+2	5.265156E+3
6.938246E+2	5.248899E+3
6.940764E+2	5.233025E+3
6.943282E+2	5.215926E+3
6.945800E+2	5.198970E+3
6.948318E+2	5.181937E+3
6.950836E+2	5.163107E+3
6.953354E+2	5.144954E+3
6.955872E+2	5.126915E+3
6.958389E+2	5.109391E+3
6.960907E+2	5.091850E+3
6.963424E+2	5.073598E+3
6.965942E+2	5.054828E+3
6.968459E+2	5.036997E+3
6.970976E+2	5.020008E+3
6.973493E+2	5.002986E+3
6.976010E+2	4.986489E+3
6.978527E+2	4.969708E+3
6.981044E+2	4.953254E+3
6.983561E+2	4.937751E+3
6.986077E+2	4.922128E+3
6.988594E+2	4.905260E+3
6.991110E+2	4.889811E+3
6.993627E+2	4.875424E+3
6.996143E+2	4.861560E+3
6.998659E+2	4.846167E+3
7.001175E+2	4.831888E+3
7.003692E+2	4.818336E+3
7.006207E+2	4.804779E+3
7.008723E+2	4.790779E+3
7.011239E+2	4.775582E+3
7.013755E+2	4.761074E+3
7.016271E+2	4.745342E+3
7.018786E+2	4.730522E+3
7.021302E+2	4.715309E+3
7.023817E+2	4.699254E+3
7.026332E+2	4.682735E+3
7.028847E+2	4.665762E+3
7.031362E+2	4.648538E+3
7.033878E+2	4.630806E+3
7.036392E+2	4.613456E+3
7.038907E+2	4.595762E+3
7.041422E+2	4.577790E+3
7.043937E+2	4.560025E+3
7.046451E+2	4.542216E+3
7.048966E+2	4.525139E+3
7.051480E+2	4.507658E+3
7.053995E+2	4.490680E+3
7.056509E+2	4.474740E+3
7.059023E+2	4.458118E+3
7.061537E+2	4.442374E+3
7.064051E+2	4.428167E+3
7.066565E+2	4.413937E+3
7.069079E+2	4.401238E+3
7.071593E+2	4.386735E+3
7.074106E+2	4.373462E+3
7.076620E+2	4.361265E+3
7.079133E+2	4.348735E+3
7.081647E+2	4.336904E+3
7.084160E+2	4.326101E+3
7.086673E+2	4.315861E+3
7.089186E+2	4.304653E+3
7.091699E+2	4.293462E+3
7.094212E+2	4.281839E+3
7.096725E+2	4.269861E+3
7.099238E+2	4.258172E+3
7.101751E+2	4.245954E+3
7.104263E+2	4.234249E+3
7.106776E+2	4.221041E+3
7.109288E+2	4.207380E+3
7.111800E+2	4.193161E+3
7.114313E+2	4.178751E+3
7.116825E+2	4.163462E+3
7.119337E+2	4.148691E+3
7.121849E+2	4.133484E+3
7.124361E+2	4.117784E+3
7.126873E+2	4.102407E+3
7.129384E+2	4.087019E+3
7.131896E+2	4.072101E+3
7.134408E+2	4.057516E+3
7.136919E+2	4.042380E+3
7.139430E+2	4.027986E+3
7.141942E+2	4.016112E+3
7.144453E+2	4.003680E+3
7.146964E+2	3.991440E+3
7.149475E+2	3.980527E+3
7.151986E+2	3.971544E+3
7.154497E+2	3.963320E+3
7.157008E+2	3.954648E+3
7.159518E+2	3.947025E+3
7.162029E+2	3.940331E+3
7.164540E+2	3.935533E+3
7.167050E+2	3.930068E+3
7.169560E+2	3.926407E+3
7.172071E+2	3.921817E+3
7.174581E+2	3.917822E+3
7.177091E+2	3.913719E+3
7.179601E+2	3.908462E+3
7.182111E+2	3.903292E+3
7.184621E+2	3.897085E+3
7.187130E+2	3.891959E+3
7.189640E+2	3.885456E+3
7.192150E+2	3.877462E+3
7.194659E+2	3.869817E+3
7.197169E+2	3.860014E+3
7.199678E+2	3.850380E+3
7.202187E+2	3.839642E+3
7.204696E+2	3.828615E+3
7.207205E+2	3.817637E+3
7.209714E+2	3.805587E+3
7.212223E+2	3.794046E+3
7.214732E+2	3.783156E+3
7.217241E+2	3.772828E+3
7.219749E+2	3.762762E+3
7.222258E+2	3.753522E+3
7.224766E+2	3.746374E+3
7.227274E+2	3.740287E+3
7.229783E+2	3.735658E+3
7.232291E+2	3.733877E+3
7.234799E+2	3.733074E+3
7.237307E+2	3.733937E+3
7.239815E+2	3.735522E+3
7.242323E+2	3.739669E+3
7.244830E+2	3.744604E+3
7.247338E+2	3.750806E+3
7.249846E+2	3.757757E+3
7.252353E+2	3.765904E+3
7.254861E+2	3.773921E+3
7.257368E+2	3.781713E+3
7.259875E+2	3.790478E+3
7.262382E+2	3.798997E+3
7.264889E+2	3.806839E+3
7.267396E+2	3.814937E+3
7.269903E+2	3.822352E+3
7.272410E+2	3.828396E+3
7.274917E+2	3.833500E+3
7.277423E+2	3.837992E+3
7.279930E+2	3.841975E+3
7.282436E+2	3.845183E+3
7.284942E+2	3.847052E+3
7.287449E+2	3.849467E+3
7.289955E+2	3.852440E+3
7.292461E+2	3.853702E+3
7.294967E+2	3.854806E+3
7.297473E+2	3.856424E+3
7.299979E+2	3.857046E+3
7.302484E+2	3.857199E+3
7.304990E+2	3.856533E+3
7.307496E+2	3.855773E+3
7.310001E+2	3.855511E+3
7.312507E+2	3.857156E+3
7.315012E+2	3.860473E+3
7.317517E+2	3.864281E+3
7.320022E+2	3.872030E+3
7.322527E+2	3.883604E+3
7.325032E+2	3.900587E+3
7.327537E+2	3.922118E+3
7.330042E+2	3.946380E+3
7.332547E+2	3.972872E+3
7.335051E+2	4.002276E+3
7.337556E+2	4.036402E+3
7.340060E+2	4.075915E+3
7.342564E+2	4.124811E+3
7.345069E+2	4.179440E+3
7.347573E+2	4.233642E+3
7.350077E+2	4.283620E+3
7.352581E+2	4.324702E+3
7.355085E+2	4.361451E+3
7.357589E+2	4.404549E+3
7.360092E+2	4.462626E+3
7.362596E+2	4.537363E+3
7.365100E+2	4.623303E+3
7.367603E+2	4.708478E+3
7.370106E+2	4.787566E+3
7.372610E+2	4.857145E+3
7.375113E+2	4.918303E+3
7.377616E+2	4.974620E+3
7.380119E+2	5.033118E+3
7.382622E+2	5.096888E+3
7.385125E+2	5.167249E+3
7.387628E+2	5.241380E+3
7.390130E+2	5.317555E+3
7.392633E+2	5.399303E+3
7.395135E+2	5.485429E+3
7.397638E+2	5.576751E+3
7.400140E+2	5.676751E+3
7.402642E+2	5.786773E+3
7.405144E+2	5.907385E+3
7.407647E+2	6.035254E+3
7.410149E+2	6.159134E+3
7.412650E+2	6.275352E+3
7.415152E+2	6.386194E+3
7.417654E+2	6.498675E+3
7.420156E+2	6.619249E+3
7.422657E+2	6.751238E+3
7.425159E+2	6.886189E+3
7.427660E+2	7.013287E+3
7.430161E+2	7.123533E+3
7.432662E+2	7.218495E+3
7.435164E+2	7.325118E+3
7.437665E+2	7.488516E+3
7.440165E+2	7.686068E+3
7.442666E+2	7.883096E+3
7.445167E+2	8.080150E+3
7.447668E+2	8.243910E+3
7.450168E+2	8.382724E+3
7.452669E+2	8.508139E+3
7.455169E+2	8.620658E+3
7.457669E+2	8.723391E+3
7.460170E+2	8.821959E+3
7.462670E+2	8.921314E+3
7.465170E+2	9.022981E+3
7.467670E+2	9.133325E+3
7.470170E+2	9.261582E+3
7.472670E+2	9.420385E+3
7.475169E+2	9.599199E+3
7.477669E+2	9.776413E+3
7.480168E+2	9.949861E+3
7.482668E+2	1.011960E+4
7.485167E+2	1.028184E+4
7.487666E+2	1.041581E+4
7.490166E+2	1.051490E+4
7.492665E+2	1.058808E+4
7.495164E+2	1.064516E+4
7.497663E+2	1.069175E+4
7.500161E+2	1.073406E+4
7.502660E+2	1.077246E+4
7.505159E+2	1.081281E+4
7.507657E+2	1.085611E+4
7.510156E+2	1.089660E+4
7.512654E+2	1.092713E+4
7.515152E+2	1.094312E+4
7.517651E+2	1.094935E+4
7.520149E+2	1.095805E+4
7.522647E+2	1.097945E+4
7.525145E+2	1.101891E+4
7.527643E+2	1.107059E+4
7.530140E+2	1.112664E+4
7.532638E+2	1.117306E+4
7.535136E+2	1.120617E+4
7.537633E+2	1.122646E+4
7.540131E+2	1.124815E+4
7.542628E+2	1.128082E+4
7.545125E+2	1.132542E+4
7.547622E+2	1.137697E+4
7.550119E+2	1.142552E+4
7.552616E+2	1.146194E+4
7.555113E+2	1.148477E+4
7.557610E+2	1.149193E+4
7.560107E+2	1.148313E+4
7.562603E+2	1.146786E+4
7.565100E+2	1.144573E+4
7.567596E+2	1.142037E+4
7.570093E+2	1.138344E+4
7.572589E+2	1.132640E+4
7.575085E+2	1.124457E+4
7.577581E+2	1.114835E+4
7.580077E+2	1.105047E+4
7.582573E+2	1.096149E+4
7.585069E+2	1.087817E+4
7.587565E+2	1.077504E+4
7.590060E+2	1.060841E+4
7.592556E+2	1.040524E+4
7.595051E+2	1.020106E+4
7.597547E+2	9.999642E+3
7.600042E+2	9.832533E+3
7.602537E+2	9.689850E+3
7.605032E+2	9.562309E+3
7.607527E+2	9.450216E+3
7.610022E+2	9.349795E+3
7.612517E+2	9.255429E+3
7.615012E+2	9.162336E+3
7.617507E+2	9.067298E+3
7.620001E+2	8.964413E+3
7.622496E+2	8.842391E+3
7.624990E+2	8.686309E+3
7.627485E+2	8.505380E+3
7.629979E+2	8.320669E+3
7.632473E+2	8.137199E+3
7.634967E+2	7.958418E+3
7.637461E+2	7.787702E+3
7.639955E+2	7.646030E+3
7.642449E+2	7.538358E+3
7.644942E+2	7.451516E+3
7.647436E+2	7.373899E+3
7.649930E+2	7.299615E+3
7.652423E+2	7.230456E+3
7.654916E+2	7.170374E+3
7.657410E+2	7.116702E+3
7.659903E+2	7.064582E+3
7.662396E+2	7.007713E+3
7.664889E+2	6.944587E+3
7.667382E+2	6.877604E+3
7.669875E+2	6.806751E+3
7.672367E+2	6.730828E+3
7.674860E+2	6.645527E+3
7.677353E+2	6.548560E+3
7.679845E+2	6.444757E+3
7.682337E+2	6.337828E+3
7.684830E+2	6.233560E+3
7.687322E+2	6.133505E+3
7.689814E+2	6.036347E+3
7.692306E+2	5.932074E+3
7.694798E+2	5.814932E+3
7.697290E+2	5.680861E+3
7.699782E+2	5.535216E+3
7.702273E+2	5.386626E+3
7.704765E+2	5.241680E+3
7.707256E+2	5.100937E+3
7.709748E+2	4.968199E+3
7.712239E+2	4.850560E+3
7.714730E+2	4.749648E+3
7.717222E+2	4.667910E+3
7.719713E+2	4.597019E+3
7.722204E+2	4.536719E+3
7.724694E+2	4.489915E+3
7.727185E+2	4.460194E+3
7.729676E+2	4.444964E+3
7.732167E+2	4.441462E+3
7.734657E+2	4.447183E+3
7.737147E+2	4.460407E+3
7.739638E+2	4.478904E+3
7.742128E+2	4.500385E+3
7.744618E+2	4.519052E+3
7.747108E+2	4.534746E+3
7.749598E+2	4.543648E+3
7.752088E+2	4.546904E+3
7.754578E+2	4.547675E+3
7.757068E+2	4.543970E+3
7.759557E+2	4.534784E+3
7.762047E+2	4.521336E+3
7.764536E+2	4.503068E+3
7.767026E+2	4.478620E+3
7.769515E+2	4.449112E+3
7.772004E+2	4.415281E+3
7.774493E+2	4.379478E+3
7.776982E+2	4.342139E+3
7.779471E+2	4.306910E+3
7.781960E+2	4.272686E+3
7.784449E+2	4.238642E+3
7.786938E+2	4.202008E+3
7.789426E+2	4.165391E+3
7.791915E+2	4.125872E+3
7.794403E+2	4.085014E+3
7.796891E+2	4.043609E+3
7.799380E+2	4.000975E+3
7.801868E+2	3.961336E+3
7.804356E+2	3.921014E+3
7.806844E+2	3.880910E+3
7.809332E+2	3.842003E+3
7.811819E+2	3.804380E+3
7.814307E+2	3.769669E+3
7.816795E+2	3.737773E+3
7.819282E+2	3.709478E+3
7.821770E+2	3.685456E+3
7.824257E+2	3.666074E+3
7.826744E+2	3.650232E+3
7.829231E+2	3.637489E+3
7.831718E+2	3.628019E+3
7.834205E+2	3.620937E+3
7.836692E+2	3.615669E+3
7.839179E+2	3.611325E+3
7.841666E+2	3.606232E+3
7.844152E+2	3.599036E+3
7.846639E+2	3.587522E+3
7.849125E+2	3.572128E+3
7.851612E+2	3.552872E+3
7.854098E+2	3.530724E+3
7.856584E+2	3.505697E+3
7.859070E+2	3.478118E+3
7.861556E+2	3.444981E+3
7.864042E+2	3.405467E+3
7.866528E+2	3.359921E+3
7.869014E+2	3.309429E+3
7.871499E+2	3.257593E+3
7.873985E+2	3.206724E+3
7.876470E+2	3.154352E+3
7.878956E+2	3.099418E+3
7.881441E+2	3.042571E+3
7.883926E+2	2.983773E+3
7.886411E+2	2.923970E+3
7.888896E+2	2.866702E+3
7.891381E+2	2.812041E+3
7.893866E+2	2.761298E+3
7.896351E+2	2.715396E+3
7.898835E+2	2.673331E+3
7.901320E+2	2.635708E+3
7.903804E+2	2.602128E+3
7.906289E+2	2.570653E+3
7.908773E+2	2.543746E+3
7.911257E+2	2.520063E+3
7.913742E+2	2.498702E+3
7.916226E+2	2.480637E+3
7.918709E+2	2.466320E+3
7.921193E+2	2.455221E+3
7.923677E+2	2.445833E+3
7.926161E+2	2.438178E+3
7.928644E+2	2.431320E+3
7.931128E+2	2.422751E+3
7.933611E+2	2.413210E+3
7.936095E+2	2.400915E+3
7.938578E+2	2.387418E+3
7.941061E+2	2.371456E+3
7.943544E+2	2.354533E+3
7.946027E+2	2.336068E+3
7.948510E+2	2.316577E+3
7.950993E+2	2.297287E+3
7.953475E+2	2.278429E+3
7.955958E+2	2.260243E+3
7.958440E+2	2.243057E+3
7.960923E+2	2.227118E+3
7.963405E+2	2.211008E+3
7.965887E+2	2.193773E+3
7.968370E+2	2.176587E+3
7.970852E+2	2.158281E+3
7.973334E+2	2.138626E+3
7.975816E+2	2.117063E+3
7.978297E+2	2.094975E+3
7.980779E+2	2.073500E+3
7.983261E+2	2.051008E+3
7.985742E+2	2.028943E+3
7.988224E+2	2.008751E+3
7.990705E+2	1.990598E+3
7.993186E+2	1.975260E+3
7.995668E+2	1.962850E+3
7.998149E+2	1.953626E+3
8.000630E+2	1.948571E+3
8.003111E+2	1.947030E+3
8.005591E+2	1.948467E+3
8.008072E+2	1.953014E+3
8.010553E+2	1.959260E+3
8.013033E+2	1.967527E+3
8.015514E+2	1.976369E+3
8.017994E+2	1.985779E+3
8.020474E+2	1.995167E+3
8.022955E+2	2.003101E+3
8.025435E+2	2.009221E+3
8.027915E+2	2.014347E+3
8.030395E+2	2.019161E+3
8.032874E+2	2.023183E+3
8.035354E+2	2.027899E+3
8.037834E+2	2.032167E+3
8.040313E+2	2.037003E+3
8.042793E+2	2.043074E+3
8.045272E+2	2.050063E+3
8.047752E+2	2.057883E+3
8.050231E+2	2.067281E+3
8.052710E+2	2.079118E+3
8.055189E+2	2.092719E+3
8.057668E+2	2.108205E+3
8.060147E+2	2.125746E+3
8.062625E+2	2.145178E+3
8.065104E+2	2.167527E+3
8.067583E+2	2.192456E+3
8.070061E+2	2.220631E+3
8.072540E+2	2.250828E+3
8.075018E+2	2.283314E+3
8.077496E+2	2.318735E+3
8.079974E+2	2.356303E+3
8.082452E+2	2.395210E+3
8.084930E+2	2.434719E+3
8.087408E+2	2.476801E+3
8.089886E+2	2.519107E+3
8.092364E+2	2.563495E+3
8.094841E+2	2.611139E+3
8.097319E+2	2.661768E+3
8.099796E+2	2.716336E+3
8.102273E+2	2.774456E+3
8.104751E+2	2.835751E+3
8.107228E+2	2.901571E+3
8.109705E+2	2.971456E+3
8.112182E+2	3.045008E+3
8.114659E+2	3.123784E+3
8.117135E+2	3.207806E+3
8.119612E+2	3.296128E+3
8.122089E+2	3.390063E+3
8.124565E+2	3.487085E+3
8.127042E+2	3.585893E+3
8.129518E+2	3.682926E+3
8.131994E+2	3.776046E+3
8.134470E+2	3.863063E+3
8.136946E+2	3.940806E+3
8.139422E+2	4.007210E+3
8.141898E+2	4.060303E+3
8.144374E+2	4.100358E+3
8.146850E+2	4.127664E+3
8.149325E+2	4.144243E+3
8.151801E+2	4.153139E+3
8.154276E+2	4.155691E+3
8.156752E+2	4.154369E+3
8.159227E+2	4.150839E+3
8.161702E+2	4.146331E+3
8.164177E+2	4.140680E+3
8.166652E+2	4.134631E+3
8.169127E+2	4.128751E+3
8.171602E+2	4.123587E+3
8.174077E+2	4.120194E+3
8.176551E+2	4.119232E+3
8.179026E+2	4.121090E+3
8.181500E+2	4.125631E+3
8.183975E+2	4.134107E+3
8.186449E+2	4.145691E+3
8.188923E+2	4.162582E+3
8.191397E+2	4.183522E+3
8.193871E+2	4.209276E+3
8.196345E+2	4.239609E+3
8.198819E+2	4.274150E+3
8.201293E+2	4.312997E+3
8.203766E+2	4.352970E+3
8.206240E+2	4.393516E+3
8.208713E+2	4.434844E+3
8.211187E+2	4.472325E+3
8.213660E+2	4.507254E+3
8.216133E+2	4.534975E+3
8.218606E+2	4.556363E+3
8.221079E+2	4.569281E+3
8.223552E+2	4.573352E+3
8.226025E+2	4.569161E+3
8.228498E+2	4.558128E+3
8.230970E+2	4.540046E+3
8.233443E+2	4.515598E+3
8.235915E+2	4.486331E+3
8.238388E+2	4.451598E+3
8.240860E+2	4.413708E+3
8.243332E+2	4.371358E+3
8.245804E+2	4.323975E+3
8.248276E+2	4.271811E+3
8.250748E+2	4.214500E+3
8.253220E+2	4.151779E+3
8.255692E+2	4.084156E+3
8.258163E+2	4.010413E+3
8.260635E+2	3.930883E+3
8.263106E+2	3.844844E+3
8.265578E+2	3.751872E+3
8.268049E+2	3.652675E+3
8.270520E+2	3.547238E+3
8.272991E+2	3.434806E+3
8.275462E+2	3.318391E+3
8.277933E+2	3.198904E+3
8.280404E+2	3.079992E+3
8.282875E+2	2.963178E+3
8.285345E+2	2.851773E+3
8.287816E+2	2.748484E+3
8.290287E+2	2.655478E+3
8.292757E+2	2.574713E+3
8.295227E+2	2.506413E+3
8.297697E+2	2.450325E+3
8.300168E+2	2.404265E+3
8.302638E+2	2.365287E+3
8.305107E+2	2.332068E+3
8.307577E+2	2.302921E+3
8.310047E+2	2.275658E+3
8.312517E+2	2.249511E+3
8.314986E+2	2.224500E+3
8.317456E+2	2.200445E+3
8.319925E+2	2.176817E+3
8.322394E+2	2.153019E+3
8.324864E+2	2.129331E+3
8.327333E+2	2.104484E+3
8.329802E+2	2.077708E+3
8.332271E+2	2.049456E+3
8.334740E+2	2.017724E+3
8.337208E+2	1.983019E+3
8.339677E+2	1.943626E+3
8.342146E+2	1.899478E+3
8.344614E+2	1.849861E+3
8.347082E+2	1.795320E+3
8.349551E+2	1.735063E+3
8.352019E+2	1.668844E+3
8.354487E+2	1.599063E+3
8.356955E+2	1.526434E+3
8.359423E+2	1.450604E+3
8.361891E+2	1.374970E+3
8.364359E+2	1.298473E+3
8.366826E+2	1.225926E+3
8.369294E+2	1.156451E+3
8.371761E+2	1.091478E+3
8.374229E+2	1.032609E+3
8.376696E+2	9.793743E+2
8.379163E+2	9.297077E+2
8.381630E+2	8.857241E+2
8.384097E+2	8.470847E+2
8.386564E+2	8.133415E+2
8.389031E+2	7.833962E+2
8.391498E+2	7.569700E+2
8.393965E+2	7.339590E+2
8.396431E+2	7.130956E+2
8.398898E+2	6.945000E+2
8.401364E+2	6.775383E+2
8.403830E+2	6.625765E+2
8.406297E+2	6.482541E+2
8.408763E+2	6.348333E+2
8.411229E+2	6.219700E+2
8.413695E+2	6.101066E+2
8.416161E+2	5.993470E+2
8.418626E+2	5.888333E+2
8.421092E+2	5.789099E+2
8.423558E+2	5.692924E+2
8.426023E+2	5.591667E+2
8.428489E+2	5.494454E+2
8.430954E+2	5.393743E+2
8.433419E+2	5.303470E+2
8.435884E+2	5.214290E+2
8.438349E+2	5.126093E+2
8.440814E+2	5.042486E+2
8.443279E+2	4.961120E+2
8.445744E+2	4.878552E+2
8.448208E+2	4.794618E+2
8.450673E+2	4.709754E+2
8.453138E+2	4.621885E+2
8.455602E+2	4.534836E+2
8.458066E+2	4.446585E+2
8.460530E+2	4.354290E+2
8.462995E+2	4.263361E+2
8.465459E+2	4.170792E+2
8.467923E+2	4.077732E+2
8.470386E+2	3.980683E+2
8.472850E+2	3.883798E+2
8.475314E+2	3.784508E+2
8.477777E+2	3.687405E+2
8.480241E+2	3.593525E+2
8.482704E+2	3.494836E+2
8.485168E+2	3.398880E+2
8.487631E+2	3.299536E+2
8.490094E+2	3.201394E+2
8.492557E+2	3.105601E+2
8.495020E+2	3.013088E+2
8.497483E+2	2.915383E+2
8.499946E+2	2.825000E+2
8.502408E+2	2.736421E+2
8.504871E+2	2.646038E+2
8.507333E+2	2.556476E+2
8.509796E+2	2.468279E+2
8.512258E+2	2.381066E+2
8.514720E+2	2.297678E+2
8.517182E+2	2.214017E+2
8.519644E+2	2.132486E+2
8.522106E+2	2.056257E+2
8.524568E+2	1.980465E+2
8.527030E+2	1.907405E+2
8.529492E+2	1.838388E+2
8.531953E+2	1.770792E+2
8.534415E+2	1.705383E+2
8.536876E+2	1.640519E+2
8.539337E+2	1.578552E+2
8.541799E+2	1.518716E+2
8.544260E+2	1.461558E+2
8.546721E+2	1.410847E+2
8.549182E+2	1.358935E+2
8.551643E+2	1.314891E+2
8.554103E+2	1.264945E+2
8.556564E+2	1.218825E+2
8.559024E+2	1.175984E+2
8.561485E+2	1.134290E+2
8.563945E+2	1.096038E+2
8.566406E+2	1.059208E+2
8.568866E+2	1.023689E+2
8.571326E+2	9.883335E+1
8.573786E+2	9.533608E+1
8.576246E+2	9.260384E+1
8.578706E+2	8.989346E+1
8.581166E+2	8.747816E+1
8.583625E+2	8.509018E+1
8.586085E+2	8.283881E+1
8.588544E+2	8.054373E+1
8.591004E+2	7.823772E+1
8.593463E+2	7.585521E+1
8.595922E+2	7.357105E+1
8.598381E+2	7.130329E+1
8.600840E+2	6.917215E+1
8.603299E+2	6.745083E+1
8.605758E+2	6.541258E+1
8.608217E+2	6.335247E+1
8.610675E+2	6.151641E+1
8.613134E+2	5.947816E+1
8.615592E+2	5.760384E+1
8.618051E+2	5.546176E+1
8.620509E+2	5.350001E+1
8.622967E+2	5.169674E+1
8.625425E+2	4.987160E+1
8.627883E+2	4.771313E+1
8.630341E+2	4.564755E+1
8.632799E+2	4.380056E+1
8.635257E+2	4.211750E+1
8.637715E+2	4.034701E+1
8.640172E+2	3.877324E+1
8.642630E+2	3.740712E+1
8.645087E+2	3.576777E+1
8.647544E+2	3.435247E+1
8.650001E+2	3.280602E+1
8.652459E+2	3.116668E+1
8.654916E+2	2.990985E+1
8.657372E+2	2.858198E+1
8.659829E+2	2.756559E+1
8.662286E+2	2.664755E+1
8.664743E+2	2.574045E+1
8.667199E+2	2.505193E+1
8.669656E+2	2.411750E+1
8.672112E+2	2.304646E+1
8.674568E+2	2.226504E+1
8.677024E+2	2.184974E+1
8.679481E+2	2.118854E+1
8.681937E+2	2.049455E+1
8.684392E+2	1.983881E+1
8.686848E+2	1.929236E+1
8.689304E+2	1.899728E+1
8.691760E+2	1.886613E+1
8.694215E+2	1.876777E+1
8.696671E+2	1.837980E+1
8.699126E+2	1.817215E+1
8.701581E+2	1.784974E+1
8.704036E+2	1.776231E+1
8.706491E+2	1.768034E+1
8.708946E+2	1.730329E+1
8.711401E+2	1.732515E+1
8.713856E+2	1.719947E+1
8.716311E+2	1.675138E+1
8.718766E+2	1.640165E+1
8.721220E+2	1.611204E+1
8.723674E+2	1.593171E+1
8.726129E+2	1.575138E+1
8.728583E+2	1.571859E+1
8.731037E+2	1.548909E+1
8.733491E+2	1.514482E+1
8.735945E+2	1.474592E+1
8.738399E+2	1.477870E+1
8.740853E+2	1.469674E+1
8.743307E+2	1.460384E+1
8.745760E+2	1.447816E+1
8.748214E+2	1.436887E+1
8.750667E+2	1.423772E+1
8.753121E+2	1.361477E+1
8.755574E+2	1.342351E+1
8.758027E+2	1.316122E+1
8.760480E+2	1.293171E+1
8.762933E+2	1.264209E+1
8.765386E+2	1.211750E+1
8.767839E+2	1.177324E+1
8.770291E+2	1.146723E+1
8.772744E+2	1.109018E+1
8.775196E+2	1.087706E+1
8.777649E+2	1.079510E+1
8.780101E+2	1.083881E+1
8.782553E+2	1.076231E+1
8.785006E+2	1.058745E+1
8.787458E+2	1.045083E+1
8.789910E+2	1.023225E+1
8.792361E+2	1.011204E+1
8.794813E+2	9.964495E+0
8.797265E+2	9.800560E+0
8.799717E+2	9.740451E+0
8.802168E+2	9.871599E+0
8.804619E+2	9.762309E+0
8.807071E+2	9.614768E+0
8.809522E+2	9.472692E+0
8.811973E+2	9.232254E+0
8.814424E+2	8.948101E+0
8.816875E+2	8.669413E+0
8.819326E+2	8.904386E+0
8.821777E+2	8.915315E+0
8.824227E+2	8.734987E+0
8.826678E+2	8.598375E+0
8.829128E+2	8.554659E+0
8.831579E+2	8.592910E+0
8.834029E+2	8.636626E+0
8.836479E+2	8.860670E+0
8.838929E+2	9.002746E+0
8.841379E+2	8.948101E+0
8.843829E+2	8.718593E+0
8.846279E+2	8.494550E+0
8.848729E+2	8.581981E+0
8.851179E+2	8.543730E+0
8.853628E+2	8.418047E+0
8.856078E+2	8.297828E+0
8.858527E+2	8.379795E+0
8.860976E+2	8.270506E+0
8.863425E+2	8.183074E+0
8.865875E+2	8.210397E+0
8.868324E+2	8.024604E+0
8.870772E+2	7.937172E+0
8.873221E+2	8.002746E+0
8.875670E+2	7.904386E+0
8.878119E+2	7.975424E+0
8.880567E+2	8.226790E+0
8.883016E+2	8.112036E+0
8.885464E+2	7.942637E+0
8.887912E+2	7.740451E+0
8.890360E+2	7.636626E+0
8.892809E+2	7.729522E+0
8.895257E+2	7.560123E+0
8.897704E+2	7.751380E+0
8.900152E+2	7.718593E+0
8.902600E+2	7.751380E+0
8.905048E+2	7.904386E+0
8.907495E+2	7.887992E+0
8.909943E+2	7.669413E+0
8.912390E+2	7.647555E+0
8.914837E+2	7.800560E+0
8.917284E+2	8.172145E+0
8.919731E+2	8.297828E+0
8.922178E+2	8.226790E+0
8.924625E+2	8.325151E+0
8.927072E+2	8.390724E+0
8.929519E+2	8.172145E+0
8.931965E+2	8.254112E+0
8.934412E+2	8.243183E+0
8.936858E+2	8.281435E+0
8.939305E+2	8.259577E+0
8.941751E+2	8.210397E+0
8.944197E+2	8.445369E+0
8.946643E+2	8.401653E+0
8.949089E+2	8.303293E+0
8.951535E+2	8.117500E+0
8.953981E+2	7.931708E+0
8.956426E+2	8.139358E+0
8.958872E+2	8.019140E+0
8.961317E+2	8.002746E+0
8.963763E+2	8.139358E+0
8.966208E+2	8.308757E+0
8.968653E+2	8.177610E+0
8.971098E+2	8.330615E+0
8.973543E+2	8.456298E+0
8.975988E+2	8.461763E+0
8.978433E+2	8.598375E+0
8.980878E+2	8.620233E+0
8.983323E+2	8.729522E+0
8.985767E+2	8.489085E+0
8.988212E+2	8.281435E+0
8.990656E+2	8.445369E+0
8.993100E+2	8.483621E+0
8.995545E+2	8.461763E+0
8.997989E+2	8.161216E+0
9.000433E+2	8.002746E+0
9.002877E+2	7.844276E+0
9.005320E+2	7.822418E+0
9.007764E+2	7.767774E+0
9.010208E+2	7.800560E+0
9.012651E+2	7.806025E+0
9.015095E+2	7.953566E+0
9.017538E+2	8.117500E+0
9.019981E+2	7.959030E+0
9.022425E+2	8.035533E+0
9.024868E+2	8.286899E+0
9.027311E+2	8.161216E+0
9.029754E+2	7.926244E+0
9.032196E+2	7.838812E+0
9.034639E+2	7.789631E+0
9.037082E+2	7.833347E+0
9.039524E+2	7.855205E+0
9.041967E+2	7.516407E+0
9.044409E+2	7.603839E+0
9.046851E+2	7.696735E+0
9.049293E+2	7.915315E+0
9.051736E+2	7.882528E+0
9.054177E+2	7.734987E+0
9.056619E+2	7.855205E+0
9.059061E+2	8.008211E+0
9.061503E+2	7.844276E+0
9.063944E+2	7.647555E+0
9.066386E+2	7.390724E+0
9.068827E+2	7.286899E+0
9.071269E+2	7.472692E+0
9.073710E+2	7.259577E+0
9.076151E+2	7.314222E+0
9.078592E+2	7.390724E+0
9.081033E+2	7.297828E+0
9.083474E+2	7.379795E+0
9.085915E+2	7.270506E+0
9.088355E+2	7.297828E+0
9.090796E+2	7.172145E+0
9.093236E+2	7.106571E+0
9.095677E+2	7.155752E+0
9.098117E+2	7.232254E+0
9.100557E+2	7.286899E+0
9.102997E+2	7.270506E+0
9.105437E+2	7.139358E+0
9.107877E+2	7.319686E+0
9.110317E+2	7.658484E+0
9.112757E+2	7.565588E+0
9.115197E+2	7.396189E+0
9.117636E+2	7.297828E+0
9.120076E+2	7.079249E+0
9.122515E+2	7.024604E+0
9.124954E+2	6.866134E+0
9.127393E+2	6.860670E+0
9.129832E+2	6.997282E+0
9.132271E+2	6.991817E+0
9.134710E+2	7.150287E+0
9.137149E+2	7.068320E+0
9.139588E+2	6.937172E+0
9.142026E+2	6.964495E+0
9.144465E+2	7.035533E+0
9.146903E+2	7.035533E+0
9.149342E+2	6.740451E+0
9.151780E+2	6.778703E+0
9.154218E+2	6.844276E+0
9.156656E+2	6.893457E+0
9.159094E+2	7.095642E+0
9.161532E+2	7.046462E+0
9.163970E+2	6.811489E+0
9.166408E+2	6.844276E+0
9.168845E+2	7.166681E+0
9.171283E+2	6.959030E+0
9.173720E+2	6.893457E+0
9.176157E+2	7.112036E+0
9.178595E+2	7.270506E+0
9.181032E+2	7.347009E+0
9.183469E+2	7.461763E+0
9.185906E+2	7.412582E+0
9.188343E+2	7.374331E+0
9.190779E+2	7.521872E+0
9.193216E+2	7.434440E+0
9.195653E+2	7.265041E+0
9.198089E+2	7.008211E+0
9.200525E+2	7.090178E+0
9.202962E+2	7.106571E+0
9.205398E+2	7.008211E+0
9.207834E+2	6.920779E+0
9.210270E+2	7.150287E+0
9.212706E+2	7.478156E+0
9.215142E+2	7.505478E+0
9.217577E+2	7.581981E+0
9.220013E+2	7.647555E+0
9.222449E+2	7.560123E+0
9.224884E+2	7.696735E+0
9.227319E+2	7.642091E+0
9.229755E+2	7.407118E+0
9.232190E+2	7.303293E+0
9.234625E+2	7.521872E+0
9.237060E+2	7.314222E+0
9.239495E+2	7.527336E+0
9.241930E+2	7.292364E+0
9.244364E+2	7.166681E+0
9.246799E+2	7.188539E+0
9.249233E+2	7.281435E+0
9.251668E+2	7.510943E+0
9.254102E+2	7.571052E+0
9.256536E+2	7.352473E+0
9.258971E+2	7.117500E+0
9.261405E+2	7.254112E+0
9.263839E+2	7.483621E+0
9.266272E+2	7.560123E+0
9.268706E+2	7.756845E+0
9.271140E+2	7.653019E+0
9.273573E+2	7.560123E+0
9.276007E+2	7.642091E+0
9.278440E+2	7.461763E+0
9.280874E+2	7.325151E+0
9.283307E+2	7.188539E+0
9.285740E+2	7.286899E+0
9.288173E+2	7.281435E+0
9.290606E+2	7.161216E+0
9.293039E+2	7.161216E+0
9.295471E+2	7.150287E+0
9.297904E+2	7.543730E+0
9.300337E+2	7.516407E+0
9.302769E+2	7.516407E+0
9.305201E+2	7.565588E+0
9.307634E+2	7.407118E+0
9.310066E+2	7.543730E+0
9.312498E+2	7.751380E+0
9.314930E+2	7.565588E+0
9.317362E+2	7.401653E+0
9.319794E+2	7.494550E+0
9.322225E+2	7.439905E+0
9.324657E+2	7.390724E+0
9.327088E+2	7.079249E+0
9.329520E+2	6.980888E+0
9.331951E+2	6.964495E+0
9.334382E+2	7.035533E+0
9.336814E+2	7.139358E+0
9.339245E+2	7.046462E+0
9.341676E+2	6.975424E+0
9.344106E+2	6.980888E+0
9.346537E+2	7.008211E+0
9.348968E+2	7.144823E+0
9.351398E+2	7.166681E+0
9.353829E+2	7.040998E+0
9.356259E+2	7.117500E+0
9.358690E+2	7.144823E+0
9.361120E+2	6.948101E+0
9.363550E+2	6.877063E+0
9.365980E+2	6.827883E+0
9.368410E+2	6.696735E+0
9.370840E+2	6.948101E+0
9.373269E+2	6.587446E+0
9.375699E+2	6.565588E+0
9.378129E+2	6.456298E+0
9.380558E+2	6.347009E+0
9.382987E+2	6.112036E+0
9.385417E+2	6.407118E+0
9.387846E+2	6.008211E+0
9.390275E+2	6.215861E+0
9.392704E+2	6.325151E+0
9.395133E+2	6.538265E+0
9.397562E+2	6.663948E+0
9.399990E+2	6.598375E+0
9.402419E+2	6.510943E+0
9.404847E+2	6.734987E+0
9.407276E+2	6.620233E+0
9.409704E+2	6.707664E+0
9.412132E+2	6.734987E+0
9.414560E+2	7.008211E+0
9.416988E+2	6.871599E+0
9.419416E+2	6.980888E+0
9.421844E+2	6.969959E+0
9.424272E+2	6.811489E+0
9.426700E+2	6.937172E+0
9.429127E+2	6.980888E+0
9.431555E+2	7.030069E+0
9.433982E+2	7.177610E+0
9.436409E+2	7.133894E+0
9.438837E+2	7.079249E+0
9.441264E+2	7.090178E+0
9.443691E+2	7.035533E+0
9.446118E+2	6.882528E+0
9.448544E+2	7.046462E+0
9.450971E+2	7.051927E+0
9.453398E+2	7.084713E+0
9.455824E+2	7.030069E+0
9.458251E+2	7.155752E+0
9.460677E+2	7.347009E+0
9.463103E+2	7.521872E+0
9.465530E+2	7.543730E+0
9.467956E+2	7.516407E+0
9.470382E+2	7.215861E+0
9.472807E+2	7.002746E+0
9.475233E+2	7.210397E+0
9.477659E+2	7.363402E+0
9.480084E+2	7.215861E+0
9.482510E+2	7.194003E+0
9.484935E+2	7.368866E+0
9.487361E+2	7.347009E+0
9.489786E+2	7.494550E+0
9.492211E+2	7.368866E+0
9.494636E+2	7.336080E+0
9.497061E+2	7.183074E+0
9.499486E+2	7.030069E+0
9.501911E+2	7.286899E+0
9.504335E+2	7.270506E+0
9.506760E+2	7.243183E+0
9.509184E+2	7.237719E+0
9.511609E+2	7.336080E+0
9.514033E+2	7.396189E+0
9.516457E+2	7.341544E+0
9.518881E+2	7.144823E+0
9.521305E+2	7.275970E+0
9.523729E+2	7.549194E+0
9.526153E+2	7.953566E+0
9.528576E+2	8.243183E+0
9.531000E+2	8.418047E+0
9.533424E+2	8.423511E+0
9.535847E+2	8.445369E+0
9.538270E+2	8.407118E+0
9.540694E+2	8.374331E+0
9.543117E+2	8.139358E+0
9.545540E+2	8.101107E+0
9.547963E+2	8.122965E+0
9.550386E+2	8.172145E+0
9.552808E+2	8.155752E+0
9.555231E+2	8.330615E+0
9.557654E+2	8.013675E+0
9.560076E+2	7.937172E+0
9.562498E+2	7.685806E+0
9.564921E+2	7.751380E+0
9.567343E+2	7.795096E+0
9.569765E+2	8.051927E+0
9.572187E+2	8.079249E+0
9.574609E+2	8.046462E+0
9.577031E+2	7.800560E+0
9.579452E+2	7.822418E+0
9.581874E+2	7.625697E+0
9.584296E+2	7.603839E+0
9.586717E+2	7.571052E+0
9.589138E+2	7.461763E+0
9.591560E+2	7.571052E+0
9.593981E+2	7.653019E+0
9.596402E+2	7.609304E+0
9.598823E+2	7.538265E+0
9.601244E+2	7.418047E+0
9.603664E+2	7.489085E+0
9.606085E+2	7.232254E+0
9.608506E+2	6.904386E+0
9.610926E+2	6.696735E+0
9.613347E+2	6.663948E+0
9.615767E+2	6.756845E+0
9.618187E+2	7.068320E+0
9.620607E+2	7.051927E+0
9.623027E+2	7.035533E+0
9.625447E+2	6.838812E+0
9.627867E+2	6.636626E+0
9.630287E+2	6.521872E+0
9.632706E+2	6.122965E+0
9.635126E+2	6.199468E+0
9.637545E+2	6.172145E+0
9.639965E+2	6.609304E+0
9.642384E+2	6.767774E+0
9.644803E+2	6.795096E+0
9.647222E+2	6.920779E+0
9.649641E+2	6.707664E+0
9.652060E+2	6.734987E+0
9.654479E+2	6.762309E+0
9.656897E+2	6.527336E+0
9.659316E+2	6.439905E+0
9.661734E+2	6.297828E+0
9.664153E+2	6.297828E+0
9.666571E+2	6.352473E+0
9.668989E+2	6.560123E+0
9.671408E+2	6.396189E+0
9.673826E+2	6.303293E+0
9.676243E+2	6.215861E+0
9.678661E+2	6.319686E+0
9.681079E+2	6.275970E+0
9.683497E+2	6.445369E+0
9.685914E+2	6.620233E+0
9.688332E+2	6.724058E+0
9.690749E+2	6.942637E+0
9.693166E+2	6.762309E+0
9.695583E+2	6.762309E+0
9.698001E+2	6.855205E+0
9.700417E+2	6.789631E+0
9.702834E+2	6.576517E+0
9.705251E+2	6.500014E+0
9.707668E+2	6.647555E+0
9.710084E+2	6.696735E+0
9.712501E+2	6.860670E+0
9.714917E+2	6.909850E+0
9.717334E+2	7.068320E+0
9.719750E+2	7.204932E+0
9.722166E+2	7.423511E+0
9.724582E+2	7.778703E+0
9.726998E+2	7.931708E+0
9.729414E+2	8.068320E+0
9.731830E+2	7.997282E+0
9.734245E+2	8.188539E+0
9.736661E+2	8.062856E+0
9.739076E+2	8.259577E+0
9.741492E+2	8.172145E+0
9.743907E+2	8.019140E+0
9.746322E+2	8.008211E+0
9.748737E+2	7.926244E+0
9.751152E+2	8.024604E+0
9.753567E+2	8.303293E+0
9.755982E+2	8.549194E+0
9.758396E+2	8.745916E+0
9.760811E+2	8.762309E+0
9.763226E+2	8.860670E+0
9.765640E+2	8.816954E+0
9.768054E+2	8.663948E+0
9.770468E+2	8.516407E+0
9.772883E+2	8.866134E+0
9.775297E+2	9.254112E+0
9.777711E+2	9.347009E+0
9.780124E+2	9.363402E+0
9.782538E+2	9.385260E+0
9.784952E+2	9.308757E+0
9.787365E+2	9.035533E+0
9.789779E+2	9.051927E+0
9.792192E+2	9.199468E+0
9.794605E+2	9.221325E+0
9.797019E+2	9.314222E+0
9.799432E+2	9.297828E+0
9.801845E+2	9.232254E+0
9.804257E+2	9.538265E+0
9.806670E+2	9.729522E+0
9.809083E+2	9.827883E+0
9.811496E+2	1.001914E+1
9.813908E+2	1.001914E+1
9.816320E+2	9.724058E+0
9.818733E+2	9.680342E+0
9.821145E+2	9.658484E+0
9.823557E+2	9.625697E+0
9.825969E+2	9.565588E+0
9.828381E+2	9.494550E+0
9.830793E+2	9.625697E+0
9.833205E+2	9.144823E+0
9.835616E+2	9.128429E+0
9.838028E+2	8.838812E+0
9.840439E+2	8.931708E+0
9.842851E+2	8.920779E+0
9.845262E+2	8.751380E+0
9.847673E+2	8.800560E+0
9.850084E+2	8.882528E+0
9.852495E+2	9.281435E+0
9.854906E+2	9.079249E+0
9.857317E+2	9.040998E+0
9.859727E+2	8.926244E+0
9.862138E+2	8.887992E+0
9.864549E+2	8.658484E+0
9.866959E+2	8.199468E+0
9.869369E+2	7.882528E+0
9.871779E+2	7.740451E+0
9.874190E+2	7.658484E+0
9.876600E+2	7.833347E+0
9.879010E+2	7.980888E+0
9.881419E+2	7.942637E+0
9.883829E+2	8.248648E+0
9.886239E+2	7.980888E+0
9.888648E+2	8.090178E+0
9.891058E+2	8.363402E+0
9.893467E+2	8.483621E+0
9.895876E+2	8.647555E+0
9.898285E+2	8.581981E+0
9.900695E+2	8.500014E+0
9.903104E+2	8.401653E+0
9.905512E+2	8.505478E+0
9.907921E+2	8.603839E+0
9.910330E+2	8.560123E+0
9.912738E+2	8.549194E+0
9.915147E+2	8.948101E+0
9.917555E+2	9.428976E+0
9.919964E+2	9.472692E+0
9.922372E+2	9.521872E+0
9.924780E+2	9.647555E+0
9.927188E+2	9.745916E+0
9.929596E+2	9.849741E+0
9.932004E+2	9.713129E+0
9.934411E+2	9.554659E+0
9.936819E+2	9.434440E+0
9.939227E+2	9.439905E+0
9.941634E+2	9.565588E+0
9.944041E+2	9.614768E+0
9.946449E+2	9.510943E+0
9.948856E+2	9.352473E+0
9.951263E+2	9.308757E+0
9.953670E+2	9.172145E+0
9.956077E+2	9.166681E+0
9.958483E+2	9.122965E+0
9.960890E+2	9.166681E+0
9.963297E+2	9.183074E+0
9.965703E+2	9.144823E+0
9.968109E+2	9.385260E+0
9.970516E+2	9.270506E+0
9.972922E+2	9.204932E+0
9.975328E+2	9.221325E+0
9.977734E+2	9.095642E+0
9.980140E+2	9.226790E+0
9.982546E+2	9.035533E+0
9.984951E+2	9.297828E+0
9.987357E+2	9.303293E+0
9.989763E+2	9.357938E+0
9.992168E+2	9.456298E+0
9.994573E+2	9.543730E+0
9.996978E+2	9.565588E+0
9.999384E+2	9.396189E+0
1.000179E+3	9.325151E+0
1.000419E+3	9.166681E+0
1.000660E+3	9.237719E+0
1.000900E+3	9.489085E+0
1.001141E+3	9.472692E+0
1.001381E+3	9.838812E+0
1.001622E+3	9.816954E+0
1.001862E+3	9.816954E+0
1.002103E+3	9.811489E+0
1.002343E+3	9.538265E+0
1.002583E+3	9.516407E+0
1.002824E+3	9.374331E+0
1.003064E+3	9.166681E+0
1.003305E+3	9.396189E+0
1.003545E+3	9.390724E+0
1.003785E+3	9.270506E+0
1.004026E+3	9.199468E+0
1.004266E+3	9.385260E+0
1.004506E+3	9.494550E+0
1.004747E+3	9.439905E+0
1.004987E+3	9.374331E+0
1.005227E+3	9.308757E+0
1.005468E+3	9.188539E+0
1.005708E+3	8.882528E+0
1.005948E+3	8.920779E+0
1.006188E+3	8.806025E+0
1.006429E+3	8.636626E+0
1.006669E+3	8.598375E+0
1.006909E+3	8.565588E+0
1.007149E+3	8.549194E+0
1.007390E+3	8.806025E+0
1.007630E+3	8.784167E+0
1.007870E+3	8.833347E+0
1.008110E+3	8.838812E+0
1.008350E+3	8.991817E+0
1.008590E+3	9.057391E+0
1.008831E+3	8.866134E+0
1.009071E+3	8.915315E+0
1.009311E+3	9.024604E+0
1.009551E+3	8.959030E+0
1.009791E+3	8.920779E+0
1.010031E+3	8.844276E+0
1.010271E+3	8.800560E+0
1.010511E+3	8.860670E+0
1.010752E+3	9.019140E+0
1.010992E+3	9.319686E+0
1.011232E+3	9.532801E+0
1.011472E+3	9.281435E+0
1.011712E+3	9.434440E+0
1.011952E+3	9.554659E+0
1.012192E+3	9.576517E+0
1.012432E+3	9.549194E+0
1.012672E+3	9.576517E+0
1.012912E+3	9.975424E+0
1.013152E+3	9.773238E+0
1.013392E+3	9.685806E+0
1.013632E+3	9.653019E+0
1.013872E+3	9.789631E+0
1.014112E+3	9.631162E+0
1.014352E+3	9.855205E+0
1.014591E+3	9.953566E+0
1.014831E+3	9.904386E+0
1.015071E+3	1.008471E+1
1.015311E+3	9.915315E+0
1.015551E+3	9.729522E+0
1.015791E+3	9.827883E+0
1.016031E+3	9.986353E+0
1.016271E+3	1.029236E+1
1.016511E+3	1.025411E+1
1.016750E+3	1.019947E+1
1.016990E+3	1.043444E+1
1.017230E+3	1.043990E+1
1.017470E+3	1.062023E+1
1.017710E+3	1.076777E+1
1.017949E+3	1.075138E+1
1.018189E+3	1.093717E+1
1.018429E+3	1.100275E+1
1.018669E+3	1.106286E+1
1.018908E+3	1.089892E+1
1.019148E+3	1.093171E+1
1.019388E+3	1.089892E+1
1.019628E+3	1.099728E+1
1.019867E+3	1.093717E+1
1.020107E+3	1.090985E+1
1.020347E+3	1.106832E+1
1.020586E+3	1.081149E+1
1.020826E+3	1.076777E+1
1.021066E+3	1.065848E+1
1.021305E+3	1.048909E+1
1.021545E+3	1.048362E+1
1.021785E+3	1.027597E+1
1.022024E+3	1.021586E+1
1.022264E+3	1.021586E+1
1.022504E+3	1.035247E+1
1.022743E+3	1.058745E+1
1.022983E+3	1.068034E+1
1.023222E+3	1.060930E+1
1.023462E+3	1.052187E+1
1.023702E+3	1.028143E+1
1.023941E+3	1.032515E+1
1.024181E+3	1.059837E+1
1.024420E+3	1.054919E+1
1.024660E+3	1.064209E+1
1.024899E+3	1.077870E+1
1.025139E+3	1.054373E+1
1.025378E+3	1.021040E+1
1.025618E+3	9.931708E+0
1.025857E+3	9.538265E+0
1.026097E+3	9.434440E+0
1.026336E+3	9.286899E+0
1.026575E+3	9.144823E+0
1.026815E+3	9.319686E+0
1.027054E+3	9.505478E+0
1.027294E+3	9.663948E+0
1.027533E+3	9.297828E+0
1.027773E+3	9.510943E+0
1.028012E+3	9.674877E+0
1.028251E+3	9.822418E+0
1.028491E+3	9.822418E+0
1.028730E+3	1.007378E+1
1.028969E+3	9.909850E+0
1.029209E+3	9.811489E+0
1.029448E+3	9.980888E+0
1.029687E+3	1.016122E+1
1.029927E+3	1.022679E+1
1.030166E+3	1.021040E+1
1.030405E+3	1.016668E+1
1.030645E+3	9.948101E+0
1.030884E+3	9.696735E+0
1.031123E+3	9.680342E+0
1.031362E+3	9.680342E+0
1.031602E+3	9.674877E+0
1.031841E+3	9.560123E+0
1.032080E+3	9.461763E+0
1.032319E+3	9.308757E+0
1.032558E+3	9.210397E+0
1.032798E+3	8.811489E+0
1.033037E+3	8.827883E+0
1.033276E+3	8.609304E+0
1.033515E+3	8.532801E+0
1.033754E+3	8.494550E+0
1.033993E+3	8.428976E+0
1.034233E+3	8.390724E+0
1.034472E+3	8.483621E+0
1.034711E+3	8.685806E+0
1.034950E+3	8.685806E+0
1.035189E+3	8.767774E+0
1.035428E+3	8.581981E+0
1.035667E+3	8.297828E+0
1.035906E+3	8.275970E+0
1.036145E+3	8.401653E+0
1.036384E+3	8.483621E+0
1.036623E+3	8.467227E+0
1.036862E+3	8.478156E+0
1.037101E+3	8.527336E+0
1.037340E+3	8.516407E+0
1.037579E+3	8.161216E+0
1.037818E+3	8.188539E+0
1.038057E+3	8.286899E+0
1.038296E+3	8.478156E+0
1.038535E+3	8.472692E+0
1.038774E+3	8.489085E+0
1.039013E+3	8.450834E+0
1.039252E+3	8.500014E+0
1.039491E+3	8.396189E+0
1.039730E+3	8.483621E+0
1.039969E+3	8.926244E+0
1.040208E+3	8.822418E+0
1.040447E+3	9.040998E+0
1.040685E+3	9.150287E+0
1.040924E+3	9.210397E+0
1.041163E+3	9.172145E+0
1.041402E+3	9.030069E+0
1.041641E+3	9.002746E+0
1.041880E+3	8.866134E+0
1.042118E+3	8.909850E+0
1.042357E+3	8.598375E+0
1.042596E+3	8.379795E+0
1.042835E+3	8.183074E+0
1.043074E+3	7.942637E+0
1.043312E+3	7.592910E+0
1.043551E+3	7.625697E+0
1.043790E+3	8.117500E+0
1.044029E+3	8.352473E+0
1.044267E+3	8.226790E+0
1.044506E+3	8.101107E+0
1.044745E+3	8.106571E+0
1.044983E+3	8.215861E+0
1.045222E+3	8.352473E+0
1.045461E+3	8.472692E+0
1.045699E+3	8.478156E+0
1.045938E+3	8.456298E+0
1.046177E+3	8.013675E+0
1.046415E+3	7.887992E+0
1.046654E+3	7.669413E+0
1.046893E+3	7.816954E+0
1.047131E+3	7.855205E+0
1.047370E+3	8.133894E+0
1.047608E+3	8.068320E+0
1.047847E+3	8.357938E+0
1.048086E+3	8.325151E+0
1.048324E+3	8.254112E+0
1.048563E+3	8.308757E+0
1.048801E+3	8.210397E+0
1.049040E+3	8.084713E+0
1.049278E+3	7.866134E+0
1.049517E+3	7.920779E+0
1.049755E+3	8.117500E+0
1.049994E+3	8.314222E+0
1.050232E+3	8.516407E+0
1.050471E+3	8.478156E+0
1.050709E+3	8.341544E+0
1.050948E+3	8.581981E+0
1.051186E+3	8.532801E+0
1.051424E+3	8.603839E+0
1.051663E+3	8.603839E+0
1.051901E+3	8.560123E+0
1.052140E+3	8.734987E+0
1.052378E+3	8.762309E+0
1.052616E+3	8.724058E+0
1.052855E+3	8.702200E+0
1.053093E+3	8.631162E+0
1.053332E+3	8.609304E+0
1.053570E+3	8.866134E+0
1.053808E+3	8.685806E+0
1.054047E+3	8.702200E+0
1.054285E+3	8.882528E+0
1.054523E+3	8.527336E+0
1.054761E+3	8.849741E+0
1.055000E+3	8.942637E+0
1.055238E+3	9.051927E+0
1.055476E+3	9.008211E+0
1.055715E+3	8.898921E+0
1.055953E+3	8.620233E+0
1.056191E+3	8.549194E+0
1.056429E+3	8.855205E+0
1.056667E+3	8.931708E+0
1.056906E+3	9.303293E+0
1.057144E+3	9.379795E+0
1.057382E+3	9.259577E+0
1.057620E+3	9.243183E+0
1.057858E+3	9.330615E+0
1.058097E+3	9.434440E+0
1.058335E+3	8.882528E+0
1.058573E+3	8.620233E+0
1.058811E+3	8.696735E+0
1.059049E+3	9.046462E+0
1.059287E+3	8.915315E+0
1.059525E+3	8.953566E+0
1.059763E+3	8.767774E+0
1.060001E+3	8.691271E+0
1.060239E+3	8.904386E+0
1.060478E+3	8.904386E+0
1.060716E+3	9.035533E+0
1.060954E+3	9.286899E+0
1.061192E+3	9.614768E+0
1.061430E+3	9.527336E+0
1.061668E+3	9.423511E+0
1.061906E+3	9.286899E+0
1.062144E+3	9.144823E+0
1.062382E+3	9.122965E+0
1.062620E+3	9.265041E+0
1.062858E+3	9.084713E+0
1.063096E+3	9.068320E+0
1.063333E+3	9.133894E+0
1.063571E+3	8.909850E+0
1.063809E+3	8.909850E+0
1.064047E+3	8.795096E+0
1.064285E+3	8.647555E+0
1.064523E+3	8.816954E+0
1.064761E+3	8.898921E+0
1.064999E+3	9.002746E+0
1.065237E+3	8.969959E+0
1.065474E+3	8.806025E+0
1.065712E+3	8.647555E+0
1.065950E+3	8.543730E+0
1.066188E+3	8.390724E+0
1.066426E+3	8.292364E+0
1.066664E+3	8.030069E+0
1.066901E+3	7.702200E+0
1.067139E+3	7.833347E+0
1.067377E+3	8.019140E+0
1.067615E+3	8.008211E+0
1.067852E+3	8.019140E+0
1.068090E+3	7.800560E+0
1.068328E+3	7.953566E+0
1.068566E+3	7.942637E+0
1.068803E+3	7.833347E+0
1.069041E+3	7.887992E+0
1.069279E+3	7.724058E+0
1.069516E+3	7.734987E+0
1.069754E+3	7.478156E+0
1.069992E+3	7.412582E+0
1.070229E+3	7.674877E+0
1.070467E+3	7.762309E+0
1.070705E+3	7.800560E+0
1.070942E+3	7.527336E+0
1.071180E+3	7.401653E+0
1.071418E+3	7.051927E+0
1.071655E+3	6.959030E+0
1.071893E+3	6.882528E+0
1.072130E+3	6.866134E+0
1.072368E+3	6.953566E+0
1.072605E+3	6.959030E+0
1.072843E+3	7.024604E+0
1.073081E+3	7.095642E+0
1.073318E+3	7.057391E+0
1.073556E+3	6.931708E+0
1.073793E+3	7.030069E+0
1.074031E+3	6.827883E+0
1.074268E+3	6.745916E+0
1.074506E+3	6.806025E+0
1.074743E+3	6.674877E+0
1.074981E+3	6.609304E+0
1.075218E+3	6.751380E+0
1.075455E+3	6.631162E+0
1.075693E+3	6.456298E+0
1.075930E+3	6.472692E+0
1.076168E+3	6.598375E+0
1.076405E+3	6.729522E+0
1.076642E+3	6.827883E+0
1.076880E+3	6.778703E+0
1.077117E+3	6.653019E+0
1.077355E+3	6.849741E+0
1.077592E+3	6.948101E+0
1.077829E+3	6.991817E+0
1.078067E+3	7.161216E+0
1.078304E+3	7.275970E+0
1.078541E+3	7.472692E+0
1.078779E+3	7.631162E+0
1.079016E+3	7.724058E+0
1.079253E+3	7.625697E+0
1.079490E+3	7.467227E+0
1.079728E+3	7.461763E+0
1.079965E+3	7.341544E+0
1.080202E+3	7.352473E+0
1.080439E+3	7.314222E+0
1.080677E+3	7.336080E+0
1.080914E+3	7.385260E+0
1.081151E+3	7.696735E+0
1.081388E+3	7.893457E+0
1.081625E+3	7.740451E+0
1.081863E+3	7.434440E+0
1.082100E+3	7.483621E+0
1.082337E+3	7.265041E+0
1.082574E+3	7.336080E+0
1.082811E+3	7.445369E+0
1.083048E+3	7.428976E+0
1.083285E+3	7.177610E+0
1.083522E+3	7.112036E+0
1.083760E+3	7.303293E+0
1.083997E+3	7.505478E+0
1.084234E+3	7.636626E+0
1.084471E+3	7.877063E+0
1.084708E+3	7.833347E+0
1.084945E+3	8.035533E+0
1.085182E+3	8.008211E+0
1.085419E+3	7.898921E+0
1.085656E+3	8.073785E+0
1.085893E+3	8.101107E+0
1.086130E+3	8.188539E+0
1.086367E+3	8.374331E+0
1.086604E+3	8.478156E+0
1.086841E+3	8.510943E+0
1.087078E+3	8.379795E+0
1.087315E+3	8.494550E+0
1.087552E+3	8.390724E+0
1.087789E+3	8.122965E+0
1.088026E+3	7.849741E+0
1.088262E+3	7.609304E+0
1.088499E+3	7.702200E+0
1.088736E+3	7.827883E+0
1.088973E+3	7.718593E+0
1.089210E+3	7.773238E+0
1.089447E+3	7.740451E+0
1.089684E+3	7.560123E+0
1.089921E+3	7.560123E+0
1.090157E+3	7.745916E+0
1.090394E+3	7.718593E+0
1.090631E+3	7.789631E+0
1.090868E+3	7.653019E+0
1.091105E+3	7.696735E+0
1.091341E+3	7.647555E+0
1.091578E+3	7.571052E+0
1.091815E+3	7.385260E+0
1.092052E+3	7.423511E+0
1.092288E+3	7.489085E+0
1.092525E+3	7.685806E+0
1.092762E+3	7.418047E+0
1.092999E+3	7.478156E+0
1.093235E+3	7.412582E+0
1.093472E+3	7.194003E+0
1.093709E+3	7.106571E+0
1.093945E+3	7.084713E+0
1.094182E+3	7.019140E+0
1.094419E+3	7.013675E+0
1.094655E+3	6.789631E+0
1.094892E+3	6.576517E+0
1.095128E+3	6.636626E+0
1.095365E+3	6.833347E+0
1.095602E+3	6.636626E+0
1.095838E+3	6.734987E+0
1.096075E+3	6.882528E+0
1.096311E+3	7.090178E+0
1.096548E+3	6.778703E+0
1.096784E+3	6.762309E+0
1.097021E+3	6.909850E+0
1.097258E+3	6.882528E+0
1.097494E+3	6.893457E+0
1.097731E+3	7.144823E+0
1.097967E+3	7.155752E+0
1.098204E+3	7.062856E+0
1.098440E+3	6.740451E+0
1.098677E+3	6.734987E+0
1.098913E+3	6.494550E+0
1.099149E+3	6.439905E+0
1.099386E+3	6.297828E+0
1.099622E+3	6.254112E+0
1.099859E+3	6.270506E+0
1.100095E+3	6.166681E+0
1.100332E+3	6.325151E+0
1.100568E+3	6.292364E+0
1.100804E+3	6.297828E+0
1.101041E+3	6.292364E+0
1.101277E+3	6.199468E+0
1.101513E+3	6.226790E+0
1.101750E+3	6.095642E+0
1.101986E+3	6.232254E+0
1.102222E+3	6.439905E+0
1.102459E+3	6.674877E+0
1.102695E+3	7.057391E+0
1.102931E+3	7.008211E+0
1.103168E+3	7.024604E+0
1.103404E+3	7.035533E+0
1.103640E+3	7.035533E+0
1.103876E+3	7.199468E+0
1.104113E+3	7.489085E+0
1.104349E+3	7.592910E+0
1.104585E+3	7.729522E+0
1.104821E+3	7.718593E+0
1.105057E+3	7.647555E+0
1.105294E+3	7.494550E+0
1.105530E+3	7.434440E+0
1.105766E+3	7.467227E+0
1.106002E+3	7.560123E+0
1.106238E+3	7.571052E+0
1.106474E+3	7.532801E+0
1.106711E+3	7.494550E+0
1.106947E+3	7.133894E+0
1.107183E+3	7.172145E+0
1.107419E+3	6.816954E+0
1.107655E+3	6.702200E+0
1.107891E+3	6.631162E+0
1.108127E+3	8.680342E+0
1.108363E+3	3.347009E+0
1.108599E+3	9.347009E+0
1.108835E+3	7.013675E+0
1.109071E+3	1.468034E+1
1.109307E+3	8.347009E+0
1.109543E+3	1.168034E+1
1.109779E+3	1.834701E+1
1.110015E+3	6.347009E+0
1.110251E+3	8.013675E+0
1.110487E+3	3.013675E+0
1.110723E+3	9.680342E+0
1.110959E+3	1.101368E+1
1.111195E+3	1.668034E+1
1.111431E+3	1.201368E+1
1.111667E+3	2.234701E+1
1.111903E+3	3.013675E+0
1.112139E+3	8.680342E+0
1.112375E+3	-3.986325E+0
1.112611E+3	5.013675E+0
1.112847E+3	9.347009E+0
1.113082E+3	5.013675E+0
1.113318E+3	1.013675E+0
1.113554E+3	9.347009E+0
1.113790E+3	1.034701E+1
1.114026E+3	-6.986325E+0
1.114262E+3	-2.319658E+0
1.114497E+3	-1.986325E+0
1.114733E+3	4.013675E+0
1.114969E+3	6.347009E+0
