1.951292E+2	0.000000E+0
1.953960E+2	0.000000E+0
1.956629E+2	0.000000E+0
1.959298E+2	0.000000E+0
1.961966E+2	0.000000E+0
1.964635E+2	0.000000E+0
1.967303E+2	0.000000E+0
1.969972E+2	0.000000E+0
1.972640E+2	0.000000E+0
1.975308E+2	0.000000E+0
1.977977E+2	0.000000E+0
1.980645E+2	0.000000E+0
1.983313E+2	0.000000E+0
1.985981E+2	0.000000E+0
1.988649E+2	0.000000E+0
1.991316E+2	0.000000E+0
1.993984E+2	0.000000E+0
1.996652E+2	0.000000E+0
1.999320E+2	0.000000E+0
2.001987E+2	0.000000E+0
2.004655E+2	0.000000E+0
2.007322E+2	0.000000E+0
2.009989E+2	0.000000E+0
2.012657E+2	0.000000E+0
2.015324E+2	0.000000E+0
2.017991E+2	0.000000E+0
2.020658E+2	0.000000E+0
2.023325E+2	0.000000E+0
2.025992E+2	0.000000E+0
2.028659E+2	0.000000E+0
2.031326E+2	0.000000E+0
2.033992E+2	0.000000E+0
2.036659E+2	0.000000E+0
2.039325E+2	0.000000E+0
2.041992E+2	0.000000E+0
2.044658E+2	0.000000E+0
2.047325E+2	0.000000E+0
2.049991E+2	0.000000E+0
2.052657E+2	0.000000E+0
2.055323E+2	0.000000E+0
2.057989E+2	0.000000E+0
2.060655E+2	0.000000E+0
2.063321E+2	0.000000E+0
2.065987E+2	0.000000E+0
2.068653E+2	0.000000E+0
2.071319E+2	0.000000E+0
2.073984E+2	0.000000E+0
2.076650E+2	0.000000E+0
2.079315E+2	0.000000E+0
2.081981E+2	0.000000E+0
2.084646E+2	0.000000E+0
2.087311E+2	0.000000E+0
2.089977E+2	0.000000E+0
2.092642E+2	0.000000E+0
2.095307E+2	0.000000E+0
2.097972E+2	0.000000E+0
2.100637E+2	0.000000E+0
2.103302E+2	0.000000E+0
2.105966E+2	0.000000E+0
2.108631E+2	0.000000E+0
2.111296E+2	0.000000E+0
2.113960E+2	0.000000E+0
2.116625E+2	0.000000E+0
2.119289E+2	0.000000E+0
2.121954E+2	0.000000E+0
2.124618E+2	0.000000E+0
2.127282E+2	0.000000E+0
2.129946E+2	0.000000E+0
2.132610E+2	0.000000E+0
2.135274E+2	0.000000E+0
2.137938E+2	0.000000E+0
2.140602E+2	0.000000E+0
2.143266E+2	0.000000E+0
2.145930E+2	0.000000E+0
2.148593E+2	0.000000E+0
2.151257E+2	0.000000E+0
2.153920E+2	0.000000E+0
2.156584E+2	0.000000E+0
2.159247E+2	0.000000E+0
2.161910E+2	0.000000E+0
2.164574E+2	0.000000E+0
2.167237E+2	0.000000E+0
2.169900E+2	0.000000E+0
2.172563E+2	0.000000E+0
2.175226E+2	0.000000E+0
2.177889E+2	0.000000E+0
2.180551E+2	0.000000E+0
2.183214E+2	0.000000E+0
2.185877E+2	0.000000E+0
2.188539E+2	0.000000E+0
2.191202E+2	0.000000E+0
2.193864E+2	0.000000E+0
2.196527E+2	0.000000E+0
2.199189E+2	0.000000E+0
2.201851E+2	0.000000E+0
2.204513E+2	0.000000E+0
2.207175E+2	0.000000E+0
2.209837E+2	0.000000E+0
2.212499E+2	0.000000E+0
2.215161E+2	0.000000E+0
2.217823E+2	0.000000E+0
2.220485E+2	0.000000E+0
2.223146E+2	0.000000E+0
2.225808E+2	0.000000E+0
2.228469E+2	0.000000E+0
2.231131E+2	0.000000E+0
2.233792E+2	0.000000E+0
2.236453E+2	0.000000E+0
2.239115E+2	0.000000E+0
2.241776E+2	0.000000E+0
2.244437E+2	0.000000E+0
2.247098E+2	0.000000E+0
2.249759E+2	0.000000E+0
2.252420E+2	0.000000E+0
2.255080E+2	0.000000E+0
2.257741E+2	0.000000E+0
2.260402E+2	0.000000E+0
2.263062E+2	0.000000E+0
2.265723E+2	0.000000E+0
2.268383E+2	0.000000E+0
2.271044E+2	0.000000E+0
2.273704E+2	0.000000E+0
2.276364E+2	0.000000E+0
2.279024E+2	0.000000E+0
2.281684E+2	0.000000E+0
2.284344E+2	0.000000E+0
2.287004E+2	0.000000E+0
2.289664E+2	0.000000E+0
2.292324E+2	0.000000E+0
2.294984E+2	0.000000E+0
2.297643E+2	0.000000E+0
2.300303E+2	0.000000E+0
2.302962E+2	0.000000E+0
2.305622E+2	0.000000E+0
2.308281E+2	0.000000E+0
2.310940E+2	0.000000E+0
2.313599E+2	0.000000E+0
2.316259E+2	0.000000E+0
2.318918E+2	0.000000E+0
2.321577E+2	0.000000E+0
2.324236E+2	0.000000E+0
2.326894E+2	0.000000E+0
2.329553E+2	0.000000E+0
2.332212E+2	0.000000E+0
2.334871E+2	0.000000E+0
2.337529E+2	0.000000E+0
2.340188E+2	0.000000E+0
2.342846E+2	0.000000E+0
2.345504E+2	0.000000E+0
2.348163E+2	0.000000E+0
2.350821E+2	0.000000E+0
2.353479E+2	0.000000E+0
2.356137E+2	0.000000E+0
2.358795E+2	0.000000E+0
2.361453E+2	0.000000E+0
2.364111E+2	0.000000E+0
2.366769E+2	0.000000E+0
2.369426E+2	0.000000E+0
2.372084E+2	0.000000E+0
2.374741E+2	0.000000E+0
2.377399E+2	0.000000E+0
2.380056E+2	0.000000E+0
2.382714E+2	0.000000E+0
2.385371E+2	0.000000E+0
2.388028E+2	0.000000E+0
2.390685E+2	0.000000E+0
2.393342E+2	0.000000E+0
2.395999E+2	0.000000E+0
2.398656E+2	0.000000E+0
2.401313E+2	0.000000E+0
2.403970E+2	0.000000E+0
2.406626E+2	0.000000E+0
2.409283E+2	0.000000E+0
2.411940E+2	0.000000E+0
2.414596E+2	0.000000E+0
2.417252E+2	0.000000E+0
2.419909E+2	0.000000E+0
2.422565E+2	0.000000E+0
2.425221E+2	0.000000E+0
2.427877E+2	0.000000E+0
2.430533E+2	0.000000E+0
2.433189E+2	0.000000E+0
2.435845E+2	0.000000E+0
2.438501E+2	0.000000E+0
2.441157E+2	0.000000E+0
2.443812E+2	0.000000E+0
2.446468E+2	0.000000E+0
2.449124E+2	0.000000E+0
2.451779E+2	0.000000E+0
2.454434E+2	0.000000E+0
2.457090E+2	0.000000E+0
2.459745E+2	0.000000E+0
2.462400E+2	0.000000E+0
2.465055E+2	0.000000E+0
2.467710E+2	0.000000E+0
2.470365E+2	0.000000E+0
2.473020E+2	0.000000E+0
2.475675E+2	0.000000E+0
2.478330E+2	0.000000E+0
2.480984E+2	0.000000E+0
2.483639E+2	0.000000E+0
2.486294E+2	0.000000E+0
2.488948E+2	0.000000E+0
2.491602E+2	0.000000E+0
2.494257E+2	0.000000E+0
2.496911E+2	0.000000E+0
2.499565E+2	0.000000E+0
2.502219E+2	2.297940E+0
2.504873E+2	2.440017E+0
2.507527E+2	2.237831E+0
2.510181E+2	2.270618E+0
2.512835E+2	2.489197E+0
2.515489E+2	2.254224E+0
2.518142E+2	2.287011E+0
2.520796E+2	2.385372E+0
2.523449E+2	2.674989E+0
2.526103E+2	2.767886E+0
2.528756E+2	2.538377E+0
2.531409E+2	2.418159E+0
2.534063E+2	2.352585E+0
2.536716E+2	2.680454E+0
2.539369E+2	2.516520E+0
2.542022E+2	2.549306E+0
2.544675E+2	2.390836E+0
2.547328E+2	2.817066E+0
2.549980E+2	2.691383E+0
2.552633E+2	2.521984E+0
2.555286E+2	2.276082E+0
2.557938E+2	2.319798E+0
2.560591E+2	2.363514E+0
2.563243E+2	2.614880E+0
2.565896E+2	2.724170E+0
2.568548E+2	2.827995E+0
2.571200E+2	2.942749E+0
2.573852E+2	3.172257E+0
2.576504E+2	3.368979E+0
2.579156E+2	3.281547E+0
2.581808E+2	3.265153E+0
2.584460E+2	3.538377E+0
2.587112E+2	3.598487E+0
2.589763E+2	3.598487E+0
2.592415E+2	3.259689E+0
2.595067E+2	3.363514E+0
2.597718E+2	3.582093E+0
2.600369E+2	3.620345E+0
2.603021E+2	3.647667E+0
2.605672E+2	3.789744E+0
2.608323E+2	4.123077E+0
2.610974E+2	3.942749E+0
2.613625E+2	3.773350E+0
2.616276E+2	3.822530E+0
2.618927E+2	3.964607E+0
2.621578E+2	3.844388E+0
2.624229E+2	3.724170E+0
2.626880E+2	3.827995E+0
2.629530E+2	3.849853E+0
2.632181E+2	3.931820E+0
2.634831E+2	4.144935E+0
2.637482E+2	4.128541E+0
2.640132E+2	4.254224E+0
2.642782E+2	4.155864E+0
2.645432E+2	4.052039E+0
2.648082E+2	4.062968E+0
2.650732E+2	4.150399E+0
2.653382E+2	4.128541E+0
2.656032E+2	4.052039E+0
2.658682E+2	4.248760E+0
2.661332E+2	4.341656E+0
2.663981E+2	4.450946E+0
2.666631E+2	4.401765E+0
2.669281E+2	4.461875E+0
2.671930E+2	4.352585E+0
2.674579E+2	4.243296E+0
2.677229E+2	4.516520E+0
2.679878E+2	4.756957E+0
2.682527E+2	4.565700E+0
2.685176E+2	4.139470E+0
2.687825E+2	3.882640E+0
2.690474E+2	3.931820E+0
2.693123E+2	3.827995E+0
2.695772E+2	3.669525E+0
2.698420E+2	3.593022E+0
2.701069E+2	3.664061E+0
2.703718E+2	3.838924E+0
2.706366E+2	3.937285E+0
2.709014E+2	3.549306E+0
2.711663E+2	3.521984E+0
2.714311E+2	3.429088E+0
2.716959E+2	3.587558E+0
2.719607E+2	3.598487E+0
2.722255E+2	3.549306E+0
2.724903E+2	3.221438E+0
2.727551E+2	3.325263E+0
2.730199E+2	3.450946E+0
2.732847E+2	3.412694E+0
2.735495E+2	3.500126E+0
2.738142E+2	3.243296E+0
2.740790E+2	3.461875E+0
2.743437E+2	3.532913E+0
2.746085E+2	3.347121E+0
2.748732E+2	3.232367E+0
2.751379E+2	3.330727E+0
2.754026E+2	3.767886E+0
2.756674E+2	3.625809E+0
2.759321E+2	3.363514E+0
2.761968E+2	3.002858E+0
2.764614E+2	2.975536E+0
2.767261E+2	2.855317E+0
2.769908E+2	2.554771E+0
2.772555E+2	2.685918E+0
2.775201E+2	2.636738E+0
2.777848E+2	2.598487E+0
2.780494E+2	2.511055E+0
2.783141E+2	2.374443E+0
2.785787E+2	2.407230E+0
2.788433E+2	2.243296E+0
2.791079E+2	2.057503E+0
2.793725E+2	1.680454E+0
2.796371E+2	1.385372E+0
2.799017E+2	1.188651E+0
2.801663E+2	9.372846E-1
2.804309E+2	1.035645E+0
2.806955E+2	1.210509E+0
2.809600E+2	1.259689E+0
2.812246E+2	1.500126E+0
2.814891E+2	1.505591E+0
2.817537E+2	1.549306E+0
2.820182E+2	1.287011E+0
2.822827E+2	1.194115E+0
2.825473E+2	1.046574E+0
2.828118E+2	8.225305E-1
2.830763E+2	6.749895E-1
2.833408E+2	4.618747E-1
2.836053E+2	1.722573E-1
2.838697E+2	2.471627E-2
2.841342E+2	-3.851198E-1
2.843987E+2	-2.922236E-1
2.846632E+2	-1.392182E-1
2.849276E+2	-5.178646E-2
2.851921E+2	1.925179E-2
2.854565E+2	2.050441E-1
2.857209E+2	2.979403E-1
2.859853E+2	1.667928E-1
2.862498E+2	1.394704E-1
2.865142E+2	-2.446406E-2
2.867786E+2	-1.353510E-2
2.870430E+2	9.575452E-2
2.873074E+2	-4.085750E-2
2.875717E+2	2.858344E-3
2.878361E+2	-1.774695E-1
2.881005E+2	-3.140815E-1
2.883648E+2	-4.015132E-1
2.886292E+2	-4.506936E-1
2.888935E+2	-4.670870E-1
2.891579E+2	-5.599832E-1
2.894222E+2	-6.255570E-1
2.896865E+2	-8.823876E-1
2.899508E+2	-7.949559E-1
2.902151E+2	-8.823876E-1
2.904794E+2	-1.002606E+0
2.907437E+2	-8.605296E-1
2.910080E+2	-8.441362E-1
2.912723E+2	-7.020597E-1
2.915366E+2	-7.293821E-1
2.918008E+2	-7.075242E-1
2.920651E+2	-9.534258E-1
2.923293E+2	-7.949559E-1
2.925936E+2	-7.075242E-1
2.928578E+2	-5.709121E-1
2.931220E+2	-4.670870E-1
2.933863E+2	-5.053384E-1
2.936505E+2	-4.561580E-1
2.939147E+2	-2.485078E-1
2.941789E+2	-2.758302E-1
2.944431E+2	-6.817991E-2
2.947072E+2	1.941152E-1
2.949714E+2	2.979403E-1
2.952356E+2	3.307272E-1
2.954997E+2	6.148802E-1
2.957639E+2	5.001261E-1
2.960280E+2	7.023119E-1
2.962922E+2	7.624212E-1
2.965563E+2	8.006726E-1
2.968204E+2	2.979403E-1
2.970845E+2	5.203867E-2
2.973486E+2	-3.687264E-1
2.976127E+2	-3.960488E-1
2.978768E+2	-1.118958E-1
2.981409E+2	3.018075E-2
2.984050E+2	-1.064313E-1
2.986691E+2	-1.353510E-2
2.989331E+2	7.936108E-2
2.991972E+2	1.394704E-1
2.994612E+2	4.181589E-1
2.997253E+2	6.367381E-1
2.999893E+2	7.405633E-1
3.002534E+2	8.662463E-1
3.005174E+2	7.952081E-1
3.007814E+2	7.569567E-1
3.010454E+2	8.334594E-1
3.013094E+2	6.203447E-1
3.015734E+2	5.875578E-1
3.018374E+2	7.897436E-1
3.021013E+2	8.717108E-1
3.023653E+2	9.864649E-1
3.026293E+2	1.073897E+0
3.028932E+2	9.755359E-1
3.031572E+2	1.030181E+0
3.034211E+2	1.084826E+0
3.036850E+2	9.700715E-1
3.039489E+2	1.008323E+0
3.042129E+2	1.292476E+0
3.044768E+2	1.549306E+0
3.047407E+2	1.664061E+0
3.050046E+2	1.440017E+0
3.052685E+2	1.292476E+0
3.055323E+2	1.516520E+0
3.057962E+2	1.532913E+0
3.060601E+2	1.751492E+0
3.063239E+2	1.631274E+0
3.065878E+2	1.691383E+0
3.068516E+2	1.795208E+0
3.071155E+2	1.767886E+0
3.073793E+2	1.691383E+0
3.076431E+2	1.483733E+0
3.079069E+2	1.500126E+0
3.081707E+2	1.729634E+0
3.084345E+2	1.822530E+0
3.086983E+2	1.718705E+0
3.089621E+2	1.620345E+0
3.092259E+2	1.450946E+0
3.094896E+2	1.582093E+0
3.097534E+2	1.467339E+0
3.100171E+2	1.248760E+0
3.102809E+2	1.199580E+0
3.105446E+2	1.358050E+0
3.108084E+2	1.390836E+0
3.110721E+2	1.472804E+0
3.113358E+2	1.450946E+0
3.115995E+2	1.379908E+0
3.118632E+2	1.379908E+0
3.121269E+2	1.571164E+0
3.123906E+2	1.450946E+0
3.126543E+2	1.374443E+0
3.129179E+2	1.631274E+0
3.131816E+2	1.784279E+0
3.134453E+2	1.789744E+0
3.137089E+2	1.964607E+0
3.139725E+2	1.614880E+0
3.142362E+2	1.636738E+0
3.144998E+2	1.740563E+0
3.147634E+2	1.593022E+0
3.150270E+2	1.696847E+0
3.152906E+2	1.778815E+0
3.155542E+2	1.882640E+0
3.158178E+2	2.188651E+0
3.160814E+2	2.308869E+0
3.163450E+2	2.412694E+0
3.166086E+2	2.549306E+0
3.168721E+2	2.647667E+0
3.171357E+2	2.658596E+0
3.173992E+2	2.778815E+0
3.176627E+2	2.866246E+0
3.179263E+2	2.740563E+0
3.181898E+2	2.620345E+0
3.184533E+2	2.325263E+0
3.187168E+2	2.363514E+0
3.189803E+2	2.516520E+0
3.192438E+2	2.407230E+0
3.195073E+2	2.456410E+0
3.197708E+2	2.888104E+0
3.200342E+2	2.893569E+0
3.202977E+2	2.614880E+0
3.205612E+2	2.440017E+0
3.208246E+2	2.521984E+0
3.210881E+2	2.691383E+0
3.213515E+2	3.205044E+0
3.216149E+2	2.964607E+0
3.218783E+2	2.871711E+0
3.221417E+2	2.871711E+0
3.224051E+2	2.844388E+0
3.226685E+2	2.713241E+0
3.229319E+2	2.511055E+0
3.231953E+2	2.412694E+0
3.234587E+2	1.981000E+0
3.237221E+2	2.046574E+0
3.239854E+2	2.046574E+0
3.242488E+2	1.800673E+0
3.245121E+2	1.576629E+0
3.247754E+2	1.440017E+0
3.250388E+2	1.440017E+0
3.253021E+2	1.707776E+0
3.255654E+2	1.538377E+0
3.258287E+2	1.620345E+0
3.260920E+2	1.729634E+0
3.263553E+2	1.483733E+0
3.266186E+2	1.259689E+0
3.268819E+2	1.254224E+0
3.271451E+2	1.287011E+0
3.274084E+2	1.467339E+0
3.276717E+2	1.707776E+0
3.279349E+2	1.915427E+0
3.281981E+2	1.893569E+0
3.284614E+2	2.155864E+0
3.287246E+2	2.314334E+0
3.289878E+2	2.276082E+0
3.292510E+2	2.232367E+0
3.295142E+2	2.653132E+0
3.297774E+2	2.642203E+0
3.300406E+2	2.811602E+0
3.303038E+2	2.756957E+0
3.305670E+2	2.986465E+0
3.308301E+2	3.183186E+0
3.310933E+2	3.281547E+0
3.313564E+2	3.281547E+0
3.316196E+2	3.128541E+0
3.318827E+2	2.959142E+0
3.321458E+2	2.740563E+0
3.324089E+2	2.970071E+0
3.326721E+2	3.062968E+0
3.329352E+2	2.970071E+0
3.331983E+2	2.964607E+0
3.334614E+2	3.117612E+0
3.337244E+2	3.024716E+0
3.339875E+2	2.882640E+0
3.342506E+2	2.931820E+0
3.345136E+2	3.292476E+0
3.347767E+2	3.210509E+0
3.350397E+2	2.991929E+0
3.353028E+2	3.155864E+0
3.355658E+2	3.106683E+0
3.358288E+2	2.986465E+0
3.360918E+2	3.073897E+0
3.363548E+2	3.248760E+0
3.366178E+2	3.101219E+0
3.368808E+2	2.909962E+0
3.371438E+2	2.822530E+0
3.374068E+2	2.543842E+0
3.376698E+2	2.385372E+0
3.379327E+2	2.669525E+0
3.381957E+2	2.429088E+0
3.384586E+2	2.265153E+0
3.387216E+2	2.401765E+0
3.389845E+2	2.330727E+0
3.392474E+2	2.396301E+0
3.395103E+2	2.702312E+0
3.397733E+2	2.620345E+0
3.400362E+2	2.631274E+0
3.402990E+2	2.953678E+0
3.405619E+2	3.221438E+0
3.408248E+2	3.232367E+0
3.410877E+2	3.095755E+0
3.413506E+2	2.975536E+0
3.416134E+2	2.838924E+0
3.418763E+2	2.631274E+0
3.421391E+2	2.396301E+0
3.424019E+2	2.434552E+0
3.426648E+2	2.576629E+0
3.429276E+2	2.751492E+0
3.431904E+2	2.751492E+0
3.434532E+2	2.806137E+0
3.437160E+2	2.647667E+0
3.439788E+2	2.429088E+0
3.442416E+2	2.013787E+0
3.445043E+2	1.866246E+0
3.447671E+2	1.636738E+0
3.450299E+2	1.838924E+0
3.452926E+2	1.844388E+0
3.455554E+2	1.527449E+0
3.458181E+2	1.314334E+0
3.460808E+2	1.134006E+0
3.463436E+2	1.374443E+0
3.466063E+2	1.194115E+0
3.468690E+2	8.279950E-1
3.471317E+2	4.946616E-1
3.473944E+2	4.946616E-1
3.476570E+2	4.946616E-1
3.479197E+2	5.930223E-1
3.481824E+2	5.820933E-1
3.484451E+2	2.760824E-1
3.487077E+2	2.050441E-1
3.489704E+2	1.613283E-1
3.492330E+2	1.722573E-1
3.494956E+2	3.018075E-2
3.497582E+2	6.296763E-2
3.500209E+2	2.105086E-1
3.502835E+2	2.651534E-1
3.505461E+2	1.012190E-1
3.508087E+2	2.214376E-1
3.510713E+2	2.815469E-1
3.513338E+2	2.870113E-1
3.515964E+2	2.378310E-1
3.518590E+2	1.230769E-1
3.521215E+2	-6.817991E-2
3.523841E+2	-2.976881E-1
3.526466E+2	-6.817991E-2
3.529091E+2	1.667928E-1
3.531717E+2	3.252627E-1
3.534342E+2	5.274485E-1
3.536967E+2	7.733501E-1
3.539592E+2	5.820933E-1
3.542217E+2	6.804540E-1
3.544842E+2	9.536780E-1
3.547467E+2	8.935687E-1
3.550091E+2	1.041110E+0
3.552716E+2	1.084826E+0
3.555341E+2	1.062968E+0
3.557965E+2	1.035645E+0
3.560590E+2	1.352585E+0
3.563214E+2	1.500126E+0
3.565838E+2	1.297940E+0
3.568462E+2	1.396301E+0
3.571086E+2	1.707776E+0
3.573711E+2	1.800673E+0
3.576335E+2	1.981000E+0
3.578958E+2	2.199580E+0
3.581582E+2	2.336192E+0
3.584206E+2	2.254224E+0
3.586830E+2	2.052039E+0
3.589453E+2	1.614880E+0
3.592077E+2	1.543842E+0
3.594700E+2	1.500126E+0
3.597324E+2	1.521984E+0
3.599947E+2	1.472804E+0
3.602570E+2	1.800673E+0
3.605193E+2	1.521984E+0
3.607816E+2	1.516520E+0
3.610439E+2	1.724170E+0
3.613062E+2	1.866246E+0
3.615685E+2	1.762421E+0
3.618308E+2	1.866246E+0
3.620930E+2	1.915427E+0
3.623553E+2	1.817066E+0
3.626176E+2	1.669525E+0
3.628798E+2	1.931820E+0
3.631420E+2	1.920891E+0
3.634043E+2	1.975536E+0
3.636665E+2	2.057503E+0
3.639287E+2	1.882640E+0
3.641909E+2	2.052039E+0
3.644531E+2	2.144935E+0
3.647153E+2	2.112148E+0
3.649775E+2	2.073897E+0
3.652397E+2	2.177722E+0
3.655018E+2	2.139470E+0
3.657640E+2	1.997394E+0
3.660262E+2	2.079361E+0
3.662883E+2	2.161328E+0
3.665505E+2	2.084826E+0
3.668126E+2	1.931820E+0
3.670747E+2	1.888104E+0
3.673368E+2	1.707776E+0
3.675989E+2	1.888104E+0
3.678610E+2	1.871711E+0
3.681231E+2	1.833459E+0
3.683852E+2	1.904498E+0
3.686473E+2	1.866246E+0
3.689094E+2	1.773350E+0
3.691714E+2	1.713241E+0
3.694335E+2	1.478268E+0
3.696955E+2	1.385372E+0
3.699576E+2	1.396301E+0
3.702196E+2	1.237831E+0
3.704816E+2	1.445481E+0
3.707437E+2	1.511055E+0
3.710057E+2	1.423623E+0
3.712677E+2	1.456410E+0
3.715297E+2	1.330727E+0
3.717917E+2	1.352585E+0
3.720536E+2	1.106683E+0
3.723156E+2	1.166793E+0
3.725776E+2	1.385372E+0
3.728395E+2	1.450946E+0
3.731015E+2	1.259689E+0
3.733634E+2	1.270618E+0
3.736254E+2	1.166793E+0
3.738873E+2	1.374443E+0
3.741492E+2	1.593022E+0
3.744111E+2	1.888104E+0
3.746730E+2	2.013787E+0
3.749349E+2	2.368979E+0
3.751968E+2	2.330727E+0
3.754587E+2	2.090290E+0
3.757206E+2	1.849853E+0
3.759824E+2	1.827995E+0
3.762443E+2	1.565700E+0
3.765061E+2	1.811602E+0
3.767680E+2	1.866246E+0
3.770298E+2	1.614880E+0
3.772916E+2	1.587558E+0
3.775535E+2	1.844388E+0
3.778153E+2	1.784279E+0
3.780771E+2	1.855317E+0
3.783389E+2	1.882640E+0
3.786007E+2	2.013787E+0
3.788624E+2	1.931820E+0
3.791242E+2	2.166793E+0
3.793860E+2	2.139470E+0
3.796477E+2	2.052039E+0
3.799095E+2	2.046574E+0
3.801712E+2	1.822530E+0
3.804330E+2	1.964607E+0
3.806947E+2	2.030181E+0
3.809564E+2	2.390836E+0
3.812181E+2	2.188651E+0
3.814798E+2	2.112148E+0
3.817415E+2	2.363514E+0
3.820032E+2	2.336192E+0
3.822649E+2	2.079361E+0
3.825266E+2	2.002858E+0
3.827883E+2	1.931820E+0
3.830499E+2	2.057503E+0
3.833116E+2	1.920891E+0
3.835732E+2	1.806137E+0
3.838348E+2	1.795208E+0
3.840965E+2	1.926356E+0
3.843581E+2	2.237831E+0
3.846197E+2	2.314334E+0
3.848813E+2	2.461875E+0
3.851429E+2	2.603951E+0
3.854045E+2	2.631274E+0
3.856661E+2	2.685918E+0
3.859277E+2	2.735099E+0
3.861892E+2	2.773350E+0
3.864508E+2	2.505591E+0
3.867124E+2	2.418159E+0
3.869739E+2	2.478268E+0
3.872354E+2	2.729634E+0
3.874970E+2	2.970071E+0
3.877585E+2	3.046574E+0
3.880200E+2	3.172257E+0
3.882815E+2	3.041110E+0
3.885430E+2	2.893569E+0
3.888045E+2	2.713241E+0
3.890660E+2	2.778815E+0
3.893275E+2	2.500126E+0
3.895889E+2	2.756957E+0
3.898504E+2	2.347121E+0
3.901118E+2	2.073897E+0
3.903733E+2	2.101219E+0
3.906347E+2	2.013787E+0
3.908962E+2	1.571164E+0
3.911576E+2	1.664061E+0
3.914190E+2	1.795208E+0
3.916804E+2	2.030181E+0
3.919418E+2	2.188651E+0
3.922032E+2	2.385372E+0
3.924646E+2	2.374443E+0
3.927260E+2	2.287011E+0
3.929873E+2	2.134006E+0
3.932487E+2	1.746028E+0
3.935100E+2	1.423623E+0
3.937714E+2	1.560235E+0
3.940327E+2	1.609416E+0
3.942941E+2	1.587558E+0
3.945554E+2	1.778815E+0
3.948167E+2	1.931820E+0
3.950780E+2	2.150399E+0
3.953393E+2	2.128541E+0
3.956006E+2	2.194115E+0
3.958619E+2	2.128541E+0
3.961232E+2	2.062968E+0
3.963844E+2	1.931820E+0
3.966457E+2	1.767886E+0
3.969069E+2	1.636738E+0
3.971682E+2	1.713241E+0
3.974294E+2	1.800673E+0
3.976907E+2	1.778815E+0
3.979519E+2	1.767886E+0
3.982131E+2	1.888104E+0
3.984743E+2	1.991929E+0
3.987355E+2	1.959142E+0
3.989967E+2	1.953678E+0
3.992579E+2	1.855317E+0
3.995191E+2	1.767886E+0
3.997802E+2	1.582093E+0
4.000414E+2	1.571164E+0
4.003025E+2	1.232367E+0
4.005637E+2	1.013787E+0
4.008248E+2	8.826398E-1
4.010860E+2	8.061370E-1
4.013471E+2	8.826398E-1
4.016082E+2	6.422026E-1
4.018693E+2	6.258092E-1
4.021304E+2	7.897436E-1
4.023915E+2	8.717108E-1
4.026526E+2	9.810004E-1
4.029137E+2	8.662463E-1
4.031747E+2	7.077764E-1
4.034358E+2	5.602354E-1
4.036968E+2	5.055906E-1
4.039579E+2	4.400168E-1
4.042189E+2	4.728037E-1
4.044800E+2	6.258092E-1
4.047410E+2	8.170660E-1
4.050020E+2	9.044977E-1
4.052630E+2	1.030181E+0
4.055240E+2	1.046574E+0
4.057850E+2	1.336192E+0
4.060460E+2	1.478268E+0
4.063070E+2	1.123077E+0
4.065679E+2	1.084826E+0
4.068289E+2	1.319798E+0
4.070898E+2	1.194115E+0
4.073508E+2	1.106683E+0
4.076117E+2	8.881042E-1
4.078727E+2	7.405633E-1
4.081336E+2	9.646070E-1
4.083945E+2	9.919294E-1
4.086554E+2	1.068432E+0
4.089163E+2	1.188651E+0
4.091772E+2	1.625809E+0
4.094381E+2	1.680454E+0
4.096990E+2	1.724170E+0
4.099598E+2	1.751492E+0
4.102207E+2	1.625809E+0
4.104815E+2	1.418159E+0
4.107424E+2	1.385372E+0
4.110032E+2	1.199580E+0
4.112640E+2	1.155864E+0
4.115249E+2	9.919294E-1
4.117857E+2	1.117612E+0
4.120465E+2	1.254224E+0
4.123073E+2	1.068432E+0
4.125681E+2	1.243296E+0
4.128289E+2	1.155864E+0
4.130896E+2	1.292476E+0
4.133504E+2	1.177722E+0
4.136112E+2	1.030181E+0
4.138719E+2	9.810004E-1
4.141327E+2	1.221438E+0
4.143934E+2	1.199580E+0
4.146541E+2	1.511055E+0
4.149149E+2	1.549306E+0
4.151756E+2	1.915427E+0
4.154363E+2	1.991929E+0
4.156970E+2	2.287011E+0
4.159577E+2	2.423623E+0
4.162184E+2	2.560235E+0
4.164790E+2	2.800673E+0
4.167397E+2	2.784279E+0
4.170004E+2	2.674989E+0
4.172610E+2	2.516520E+0
4.175217E+2	2.696847E+0
4.177823E+2	2.582093E+0
4.180429E+2	2.603951E+0
4.183035E+2	2.472804E+0
4.185642E+2	2.445481E+0
4.188248E+2	2.363514E+0
4.190854E+2	2.188651E+0
4.193459E+2	2.390836E+0
4.196065E+2	2.429088E+0
4.198671E+2	2.325263E+0
4.201277E+2	2.008323E+0
4.203882E+2	1.860782E+0
4.206488E+2	1.882640E+0
4.209093E+2	1.625809E+0
4.211699E+2	1.587558E+0
4.214304E+2	1.385372E+0
4.216909E+2	1.516520E+0
4.219514E+2	1.358050E+0
4.222119E+2	1.478268E+0
4.224724E+2	1.609416E+0
4.227329E+2	1.521984E+0
4.229934E+2	1.330727E+0
4.232539E+2	1.281547E+0
4.235143E+2	1.669525E+0
4.237748E+2	1.735099E+0
4.240352E+2	1.396301E+0
4.242957E+2	1.379908E+0
4.245561E+2	1.582093E+0
4.248166E+2	1.527449E+0
4.250770E+2	1.330727E+0
4.253374E+2	1.396301E+0
4.255978E+2	1.150399E+0
4.258582E+2	1.117612E+0
4.261186E+2	1.117612E+0
4.263790E+2	1.265153E+0
4.266393E+2	1.194115E+0
4.268997E+2	1.008323E+0
4.271600E+2	1.079361E+0
4.274204E+2	1.123077E+0
4.276807E+2	1.046574E+0
4.279411E+2	1.041110E+0
4.282014E+2	1.035645E+0
4.284617E+2	7.241698E-1
4.287220E+2	7.624212E-1
4.289823E+2	5.438420E-1
4.292426E+2	7.132409E-1
4.295029E+2	9.208911E-1
4.297632E+2	9.919294E-1
4.300235E+2	9.427491E-1
4.302837E+2	1.024716E+0
4.305440E+2	8.717108E-1
4.308042E+2	1.019252E+0
4.310645E+2	1.095755E+0
4.313247E+2	1.046574E+0
4.315849E+2	7.678857E-1
4.318451E+2	8.498529E-1
4.321054E+2	9.427491E-1
4.323656E+2	7.842791E-1
4.326258E+2	8.607818E-1
4.328859E+2	6.476671E-1
4.331461E+2	5.547709E-1
4.334063E+2	4.728037E-1
4.336665E+2	5.820933E-1
4.339266E+2	4.072299E-1
4.341868E+2	3.252627E-1
4.344469E+2	3.143338E-1
4.347070E+2	3.689786E-1
4.349671E+2	4.673392E-1
4.352273E+2	2.706179E-1
4.354874E+2	1.394704E-1
4.357475E+2	1.176124E-1
4.360076E+2	3.525851E-1
4.362677E+2	3.908365E-1
4.365277E+2	2.870113E-1
4.367878E+2	3.908365E-1
4.370479E+2	6.695250E-1
4.373079E+2	8.443884E-1
4.375680E+2	7.405633E-1
4.378280E+2	7.842791E-1
4.380880E+2	1.008323E+0
4.383480E+2	9.646070E-1
4.386081E+2	1.276082E+0
4.388681E+2	1.680454E+0
4.391281E+2	1.877175E+0
4.393881E+2	1.554771E+0
4.396480E+2	1.614880E+0
4.399080E+2	1.729634E+0
4.401680E+2	1.593022E+0
4.404279E+2	1.609416E+0
4.406879E+2	1.746028E+0
4.409478E+2	1.795208E+0
4.412078E+2	1.696847E+0
4.414677E+2	1.926356E+0
4.417276E+2	1.806137E+0
4.419875E+2	1.986465E+0
4.422474E+2	1.959142E+0
4.425073E+2	1.986465E+0
4.427672E+2	2.019252E+0
4.430271E+2	1.893569E+0
4.432870E+2	1.926356E+0
4.435469E+2	1.882640E+0
4.438067E+2	1.860782E+0
4.440666E+2	2.112148E+0
4.443264E+2	2.412694E+0
4.445862E+2	2.467339E+0
4.448461E+2	2.609416E+0
4.451059E+2	2.674989E+0
4.453657E+2	2.724170E+0
4.456255E+2	2.746028E+0
4.458853E+2	2.669525E+0
4.461451E+2	2.871711E+0
4.464049E+2	2.964607E+0
4.466646E+2	2.724170E+0
4.469244E+2	2.680454E+0
4.471842E+2	2.888104E+0
4.474439E+2	3.101219E+0
4.477036E+2	2.986465E+0
4.479634E+2	2.899033E+0
4.482231E+2	2.899033E+0
4.484828E+2	2.915427E+0
4.487425E+2	3.123077E+0
4.490022E+2	3.314334E+0
4.492619E+2	3.319798E+0
4.495216E+2	3.336192E+0
4.497813E+2	3.276082E+0
4.500410E+2	3.358050E+0
4.503006E+2	3.254224E+0
4.505603E+2	3.150399E+0
4.508199E+2	3.215973E+0
4.510796E+2	3.243296E+0
4.513392E+2	3.368979E+0
4.515988E+2	3.511055E+0
4.518584E+2	3.740563E+0
4.521180E+2	3.964607E+0
4.523776E+2	4.068432E+0
4.526372E+2	4.035645E+0
4.528968E+2	3.800673E+0
4.531564E+2	3.718705E+0
4.534160E+2	3.904498E+0
4.536755E+2	4.177722E+0
4.539351E+2	4.210509E+0
4.541946E+2	4.101219E+0
4.544541E+2	3.746028E+0
4.547137E+2	3.483733E+0
4.549732E+2	3.385372E+0
4.552327E+2	3.363514E+0
4.554922E+2	3.215973E+0
4.557517E+2	3.134006E+0
4.560112E+2	3.166793E+0
4.562707E+2	2.888104E+0
4.565302E+2	2.784279E+0
4.567896E+2	2.899033E+0
4.570491E+2	3.259689E+0
4.573085E+2	3.150399E+0
4.575680E+2	3.281547E+0
4.578274E+2	2.991929E+0
4.580868E+2	2.735099E+0
4.583463E+2	2.800673E+0
4.586057E+2	2.964607E+0
4.588651E+2	3.292476E+0
4.591245E+2	3.297940E+0
4.593838E+2	3.478268E+0
4.596432E+2	3.609416E+0
4.599026E+2	3.554771E+0
4.601620E+2	3.478268E+0
4.604213E+2	3.385372E+0
4.606807E+2	3.281547E+0
4.609400E+2	3.319798E+0
4.611993E+2	3.068432E+0
4.614587E+2	2.789744E+0
4.617180E+2	3.008323E+0
4.619773E+2	2.784279E+0
4.622366E+2	2.642203E+0
4.624959E+2	2.959142E+0
4.627552E+2	2.942749E+0
4.630144E+2	2.882640E+0
4.632737E+2	2.904498E+0
4.635330E+2	3.002858E+0
4.637922E+2	3.188651E+0
4.640515E+2	3.134006E+0
4.643107E+2	3.254224E+0
4.645699E+2	3.336192E+0
4.648292E+2	3.325263E+0
4.650884E+2	3.390836E+0
4.653476E+2	3.472804E+0
4.656068E+2	3.751492E+0
4.658660E+2	3.893569E+0
4.661251E+2	4.084826E+0
4.663843E+2	4.215973E+0
4.666435E+2	4.161328E+0
4.669026E+2	4.281547E+0
4.671618E+2	4.221438E+0
4.674209E+2	4.041110E+0
4.676801E+2	3.833459E+0
4.679392E+2	3.576629E+0
4.681983E+2	3.609416E+0
4.684574E+2	3.789744E+0
4.687165E+2	3.696847E+0
4.689756E+2	3.636738E+0
4.692347E+2	3.172257E+0
4.694938E+2	3.117612E+0
4.697529E+2	3.183186E+0
4.700119E+2	3.237831E+0
4.702710E+2	3.052039E+0
4.705300E+2	3.303405E+0
4.707891E+2	3.205044E+0
4.710481E+2	3.248760E+0
4.713071E+2	3.582093E+0
4.715661E+2	3.811602E+0
4.718252E+2	4.002858E+0
4.720842E+2	3.931820E+0
4.723431E+2	4.046574E+0
4.726021E+2	3.970071E+0
4.728611E+2	3.582093E+0
4.731201E+2	3.631274E+0
4.733790E+2	3.582093E+0
4.736380E+2	3.866246E+0
4.738969E+2	4.144935E+0
4.741559E+2	4.079361E+0
4.744148E+2	4.177722E+0
4.746737E+2	4.259689E+0
4.749326E+2	4.532913E+0
4.751915E+2	4.489197E+0
4.754504E+2	4.363514E+0
4.757093E+2	4.582093E+0
4.759682E+2	4.631274E+0
4.762271E+2	4.664061E+0
4.764859E+2	4.822530E+0
4.767448E+2	4.904498E+0
4.770037E+2	4.762421E+0
4.772625E+2	4.981000E+0
4.775213E+2	4.718705E+0
4.777802E+2	4.669525E+0
4.780390E+2	4.751492E+0
4.782978E+2	4.434552E+0
4.785566E+2	4.489197E+0
4.788154E+2	4.483733E+0
4.790742E+2	4.401765E+0
4.793329E+2	4.314334E+0
4.795917E+2	4.139470E+0
4.798505E+2	4.155864E+0
4.801092E+2	4.079361E+0
4.803680E+2	4.024716E+0
4.806267E+2	4.052039E+0
4.808854E+2	3.948214E+0
4.811442E+2	3.691383E+0
4.814029E+2	3.833459E+0
4.816616E+2	4.030181E+0
4.819203E+2	3.915427E+0
4.821790E+2	4.073897E+0
4.824377E+2	3.844388E+0
4.826963E+2	3.609416E+0
4.829550E+2	3.560235E+0
4.832137E+2	3.751492E+0
4.834723E+2	3.631274E+0
4.837310E+2	3.827995E+0
4.839896E+2	3.877175E+0
4.842482E+2	3.849853E+0
4.845068E+2	3.953678E+0
4.847655E+2	4.183186E+0
4.850241E+2	4.254224E+0
4.852827E+2	4.052039E+0
4.855412E+2	3.800673E+0
4.857998E+2	3.997394E+0
4.860584E+2	4.303405E+0
4.863170E+2	4.134006E+0
4.865755E+2	4.319798E+0
4.868341E+2	4.341656E+0
4.870926E+2	4.139470E+0
4.873511E+2	3.882640E+0
4.876097E+2	3.849853E+0
4.878682E+2	4.084826E+0
4.881267E+2	4.112148E+0
4.883852E+2	4.150399E+0
4.886437E+2	4.243296E+0
4.889022E+2	4.194115E+0
4.891606E+2	4.226902E+0
4.894191E+2	4.019252E+0
4.896776E+2	4.128541E+0
4.899360E+2	4.270618E+0
4.901945E+2	4.024716E+0
4.904529E+2	3.527449E+0
4.907113E+2	3.330727E+0
4.909697E+2	3.259689E+0
4.912282E+2	3.521984E+0
4.914866E+2	3.352585E+0
4.917450E+2	3.330727E+0
4.920034E+2	3.423623E+0
4.922617E+2	3.150399E+0
4.925201E+2	2.986465E+0
4.927785E+2	3.101219E+0
4.930368E+2	2.997394E+0
4.932952E+2	3.008323E+0
4.935535E+2	2.964607E+0
4.938118E+2	2.975536E+0
4.940702E+2	3.183186E+0
4.943285E+2	3.123077E+0
4.945868E+2	3.030181E+0
4.948451E+2	3.106683E+0
4.951034E+2	3.177722E+0
4.953617E+2	3.281547E+0
4.956200E+2	3.521984E+0
4.958782E+2	3.494662E+0
4.961365E+2	3.751492E+0
4.963947E+2	3.789744E+0
4.966530E+2	3.647667E+0
4.969112E+2	3.724170E+0
4.971694E+2	3.516520E+0
4.974277E+2	3.188651E+0
4.976859E+2	3.418159E+0
4.979441E+2	3.390836E+0
4.982023E+2	3.620345E+0
4.984605E+2	3.817066E+0
4.987187E+2	4.123077E+0
4.989768E+2	3.849853E+0
4.992350E+2	3.778815E+0
4.994931E+2	3.407230E+0
4.997513E+2	3.254224E+0
5.000094E+2	3.090290E+0
5.002676E+2	2.899033E+0
5.005257E+2	2.789744E+0
5.007838E+2	2.920891E+0
5.010419E+2	2.986465E+0
5.013000E+2	3.035645E+0
5.015581E+2	2.664061E+0
5.018162E+2	2.609416E+0
5.020743E+2	2.576629E+0
5.023323E+2	2.614880E+0
5.025904E+2	2.593022E+0
5.028485E+2	2.735099E+0
5.031065E+2	2.991929E+0
5.033645E+2	2.844388E+0
5.036226E+2	2.762421E+0
5.038806E+2	2.707776E+0
5.041386E+2	2.521984E+0
5.043966E+2	2.740563E+0
5.046546E+2	2.603951E+0
5.049126E+2	2.560235E+0
5.051706E+2	2.866246E+0
5.054285E+2	2.909962E+0
5.056865E+2	2.964607E+0
5.059445E+2	3.150399E+0
5.062024E+2	3.429088E+0
5.064604E+2	3.554771E+0
5.067183E+2	3.554771E+0
5.069762E+2	3.483733E+0
5.072341E+2	3.505591E+0
5.074920E+2	3.724170E+0
5.077499E+2	3.500126E+0
5.080078E+2	3.718705E+0
5.082657E+2	3.800673E+0
5.085236E+2	3.762421E+0
5.087815E+2	3.970071E+0
5.090393E+2	4.068432E+0
5.092972E+2	4.166793E+0
5.095550E+2	4.106683E+0
5.098129E+2	4.052039E+0
5.100707E+2	4.254224E+0
5.103285E+2	4.401765E+0
5.105863E+2	4.696847E+0
5.108441E+2	4.735099E+0
5.111019E+2	4.669525E+0
5.113597E+2	4.412694E+0
5.116175E+2	4.128541E+0
5.118753E+2	3.838924E+0
5.121330E+2	3.866246E+0
5.123908E+2	4.166793E+0
5.126485E+2	4.374443E+0
5.129063E+2	4.292476E+0
5.131640E+2	4.658596E+0
5.134217E+2	4.669525E+0
5.136794E+2	4.767886E+0
5.139371E+2	4.920891E+0
5.141948E+2	5.079361E+0
5.144525E+2	4.849853E+0
5.147102E+2	5.024716E+0
5.149679E+2	5.270618E+0
5.152256E+2	5.549306E+0
5.154832E+2	5.494662E+0
5.157409E+2	5.702312E+0
5.159985E+2	6.057503E+0
5.162562E+2	6.112148E+0
5.165138E+2	6.194115E+0
5.167714E+2	6.396301E+0
5.170290E+2	6.532913E+0
5.172866E+2	6.931820E+0
5.175442E+2	6.822530E+0
5.178018E+2	6.899033E+0
5.180594E+2	6.789744E+0
5.183170E+2	6.855317E+0
5.185745E+2	6.888104E+0
5.188321E+2	6.680454E+0
5.190896E+2	6.751492E+0
5.193472E+2	6.899033E+0
5.196047E+2	6.740563E+0
5.198622E+2	6.751492E+0
5.201197E+2	6.642203E+0
5.203772E+2	6.920891E+0
5.206347E+2	7.188651E+0
5.208922E+2	7.002858E+0
5.211497E+2	6.833459E+0
5.214072E+2	6.756957E+0
5.216646E+2	6.855317E+0
5.219221E+2	7.035645E+0
5.221795E+2	6.920891E+0
5.224370E+2	6.975536E+0
5.226944E+2	6.937285E+0
5.229519E+2	7.084826E+0
5.232093E+2	7.095755E+0
5.234667E+2	7.237831E+0
5.237241E+2	7.379908E+0
5.239815E+2	7.440017E+0
5.242389E+2	7.472804E+0
5.244962E+2	7.199580E+0
5.247536E+2	7.407230E+0
5.250110E+2	7.532913E+0
5.252683E+2	7.467339E+0
5.255257E+2	7.450946E+0
5.257830E+2	7.407230E+0
5.260403E+2	7.358050E+0
5.262977E+2	7.057503E+0
5.265550E+2	6.991929E+0
5.268123E+2	6.970071E+0
5.270696E+2	7.265153E+0
5.273269E+2	7.724170E+0
5.275841E+2	7.773350E+0
5.278414E+2	7.587558E+0
5.280987E+2	7.620345E+0
5.283559E+2	7.494662E+0
5.286132E+2	7.653132E+0
5.288704E+2	7.308869E+0
5.291276E+2	7.483733E+0
5.293849E+2	7.456410E+0
5.296421E+2	7.396301E+0
5.298993E+2	7.336192E+0
5.301565E+2	7.521984E+0
5.304137E+2	7.532913E+0
5.306709E+2	7.571164E+0
5.309280E+2	7.631274E+0
5.311852E+2	7.817066E+0
5.314424E+2	7.658596E+0
5.316995E+2	7.702312E+0
5.319567E+2	7.494662E+0
5.322138E+2	7.554771E+0
5.324709E+2	7.532913E+0
5.327280E+2	7.636738E+0
5.329852E+2	7.636738E+0
5.332423E+2	8.062968E+0
5.334994E+2	8.161328E+0
5.337564E+2	8.358050E+0
5.340135E+2	8.625809E+0
5.342706E+2	8.751492E+0
5.345276E+2	9.046574E+0
5.347847E+2	9.718705E+0
5.350417E+2	9.707776E+0
5.352988E+2	9.844388E+0
5.355558E+2	1.010122E+1
5.358128E+2	1.028155E+1
5.360698E+2	1.030887E+1
5.363269E+2	1.034712E+1
5.365839E+2	1.078974E+1
5.368408E+2	1.093728E+1
5.370978E+2	1.089903E+1
5.373548E+2	1.084439E+1
5.376118E+2	1.101925E+1
5.378687E+2	1.137444E+1
5.381257E+2	1.203018E+1
5.383826E+2	1.215040E+1
5.386395E+2	1.210122E+1
5.388965E+2	1.223783E+1
5.391534E+2	1.253291E+1
5.394103E+2	1.264767E+1
5.396672E+2	1.303565E+1
5.399241E+2	1.342909E+1
5.401810E+2	1.395368E+1
5.404378E+2	1.403565E+1
5.406947E+2	1.436898E+1
5.409516E+2	1.475149E+1
5.412084E+2	1.507390E+1
5.414653E+2	1.517772E+1
5.417221E+2	1.564767E+1
5.419789E+2	1.623237E+1
5.422357E+2	1.630887E+1
5.424925E+2	1.676242E+1
5.427493E+2	1.694275E+1
5.430061E+2	1.705750E+1
5.432629E+2	1.769685E+1
5.435197E+2	1.823783E+1
5.437765E+2	1.847280E+1
5.440332E+2	1.887171E+1
5.442900E+2	1.913947E+1
5.445467E+2	2.011215E+1
5.448035E+2	2.048920E+1
5.450602E+2	2.094821E+1
5.453169E+2	2.132526E+1
5.455736E+2	2.145095E+1
5.458303E+2	2.194275E+1
5.460870E+2	2.240723E+1
5.463437E+2	2.244002E+1
5.466004E+2	2.272963E+1
5.468571E+2	2.315586E+1
5.471137E+2	2.356570E+1
5.473704E+2	2.381707E+1
5.476270E+2	2.446734E+1
5.478837E+2	2.473510E+1
5.481403E+2	2.541816E+1
5.483969E+2	2.557116E+1
5.486535E+2	2.577881E+1
5.489101E+2	2.581160E+1
5.491667E+2	2.630887E+1
5.494233E+2	2.699193E+1
5.496799E+2	2.747280E+1
5.499365E+2	2.793182E+1
5.501931E+2	2.854931E+1
5.504496E+2	2.889903E+1
5.507062E+2	2.935259E+1
5.509627E+2	2.977881E+1
5.512192E+2	3.068592E+1
5.514758E+2	3.115586E+1
5.517323E+2	3.170231E+1
5.519888E+2	3.238537E+1
5.522453E+2	3.282799E+1
5.525018E+2	3.321051E+1
5.527583E+2	3.356024E+1
5.530147E+2	3.412308E+1
5.532712E+2	3.438537E+1
5.535277E+2	3.519958E+1
5.537841E+2	3.532526E+1
5.540406E+2	3.552198E+1
5.542970E+2	3.635805E+1
5.545534E+2	3.700286E+1
5.548098E+2	3.741269E+1
5.550663E+2	3.811215E+1
5.553227E+2	3.840177E+1
5.555791E+2	3.923783E+1
5.558354E+2	4.014493E+1
5.560918E+2	4.088810E+1
5.563482E+2	4.175149E+1
5.566046E+2	4.288264E+1
5.568609E+2	4.366953E+1
5.571173E+2	4.436351E+1
5.573736E+2	4.511215E+1
5.576299E+2	4.625422E+1
5.578862E+2	4.746734E+1
5.581426E+2	4.828701E+1
5.583989E+2	4.892636E+1
5.586552E+2	5.046734E+1
5.589114E+2	5.119958E+1
5.591677E+2	5.186625E+1
5.594240E+2	5.274603E+1
5.596803E+2	5.404657E+1
5.599365E+2	5.533619E+1
5.601928E+2	5.629794E+1
5.604490E+2	5.711761E+1
5.607052E+2	5.834712E+1
5.609614E+2	5.962581E+1
5.612177E+2	6.174603E+1
5.614739E+2	6.301925E+1
5.617301E+2	6.410668E+1
5.619863E+2	6.574603E+1
5.622424E+2	6.743455E+1
5.624986E+2	6.886078E+1
5.627548E+2	7.006843E+1
5.630109E+2	7.118319E+1
5.632671E+2	7.267499E+1
5.635232E+2	7.413401E+1
5.637794E+2	7.555477E+1
5.640355E+2	7.733073E+1
5.642916E+2	7.957663E+1
5.645477E+2	8.151106E+1
5.648038E+2	8.378428E+1
5.650599E+2	8.524876E+1
5.653160E+2	8.747827E+1
5.655721E+2	8.997554E+1
5.658281E+2	9.193728E+1
5.660842E+2	9.392089E+1
5.663402E+2	9.622690E+1
5.665963E+2	9.835259E+1
5.668523E+2	1.003089E+2
5.671083E+2	1.019045E+2
5.673644E+2	1.049591E+2
5.676204E+2	1.065657E+2
5.678764E+2	1.087679E+2
5.681324E+2	1.115001E+2
5.683883E+2	1.145274E+2
5.686443E+2	1.170903E+2
5.689003E+2	1.204182E+2
5.691562E+2	1.226641E+2
5.694122E+2	1.254728E+2
5.696681E+2	1.281340E+2
5.699241E+2	1.308116E+2
5.701800E+2	1.335657E+2
5.704359E+2	1.371231E+2
5.706918E+2	1.402105E+2
5.709477E+2	1.433089E+2
5.712036E+2	1.458881E+2
5.714595E+2	1.492925E+2
5.717154E+2	1.520411E+2
5.719713E+2	1.556805E+2
5.722271E+2	1.585111E+2
5.724830E+2	1.620247E+2
5.727388E+2	1.661832E+2
5.729947E+2	1.693690E+2
5.732505E+2	1.721668E+2
5.735063E+2	1.761941E+2
5.737621E+2	1.803253E+2
5.740179E+2	1.845930E+2
5.742737E+2	1.876805E+2
5.745295E+2	1.916258E+2
5.747853E+2	1.961613E+2
5.750411E+2	2.009209E+2
5.752968E+2	2.048990E+2
5.755526E+2	2.091777E+2
5.758083E+2	2.129865E+2
5.760641E+2	2.177351E+2
5.763198E+2	2.222979E+2
5.765755E+2	2.267078E+2
5.768312E+2	2.309209E+2
5.770869E+2	2.361777E+2
5.773426E+2	2.407242E+2
5.775983E+2	2.453471E+2
5.778540E+2	2.492706E+2
5.781097E+2	2.545329E+2
5.783653E+2	2.604783E+2
5.786210E+2	2.660411E+2
5.788766E+2	2.707952E+2
5.791323E+2	2.763580E+2
5.793879E+2	2.820575E+2
5.796435E+2	2.875329E+2
5.798991E+2	2.925384E+2
5.801547E+2	2.984400E+2
5.804103E+2	3.038116E+2
5.806659E+2	3.104892E+2
5.809215E+2	3.159427E+2
5.811771E+2	3.212706E+2
5.814327E+2	3.265657E+2
5.816882E+2	3.323744E+2
5.819438E+2	3.379154E+2
5.821993E+2	3.443089E+2
5.824548E+2	3.495548E+2
5.827104E+2	3.571067E+2
5.829659E+2	3.624455E+2
5.832214E+2	3.693253E+2
5.834769E+2	3.758717E+2
5.837324E+2	3.824673E+2
5.839878E+2	3.890684E+2
5.842433E+2	3.954564E+2
5.844988E+2	4.018936E+2
5.847542E+2	4.087187E+2
5.850097E+2	4.151340E+2
5.852651E+2	4.224455E+2
5.855206E+2	4.288553E+2
5.857760E+2	4.362706E+2
5.860314E+2	4.426695E+2
5.862868E+2	4.499427E+2
5.865422E+2	4.571121E+2
5.867976E+2	4.653362E+2
5.870530E+2	4.719482E+2
5.873084E+2	4.796859E+2
5.875637E+2	4.858335E+2
5.878191E+2	4.935657E+2
5.880744E+2	5.011340E+2
5.883298E+2	5.080575E+2
5.885851E+2	5.156040E+2
5.888404E+2	5.241777E+2
5.890958E+2	5.317023E+2
5.893511E+2	5.401668E+2
5.896064E+2	5.478717E+2
5.898617E+2	5.560630E+2
5.901169E+2	5.645274E+2
5.903722E+2	5.718335E+2
5.906275E+2	5.795602E+2
5.908827E+2	5.888061E+2
5.911380E+2	5.969537E+2
5.913932E+2	6.054236E+2
5.916485E+2	6.131668E+2
5.919037E+2	6.217351E+2
5.921589E+2	6.299045E+2
5.924141E+2	6.382706E+2
5.926693E+2	6.458499E+2
5.929245E+2	6.555712E+2
5.931797E+2	6.647788E+2
5.934349E+2	6.743908E+2
5.936900E+2	6.828717E+2
5.939452E+2	6.920575E+2
5.942004E+2	7.013799E+2
5.944555E+2	7.110794E+2
5.947106E+2	7.209373E+2
5.949658E+2	7.301504E+2
5.952209E+2	7.403963E+2
5.954760E+2	7.506313E+2
5.957311E+2	7.599373E+2
5.959862E+2	7.691996E+2
5.962413E+2	7.778772E+2
5.964963E+2	7.874619E+2
5.967514E+2	7.975657E+2
5.970065E+2	8.082706E+2
5.972615E+2	8.179701E+2
5.975166E+2	8.281613E+2
5.977716E+2	8.384018E+2
5.980266E+2	8.498990E+2
5.982816E+2	8.593799E+2
5.985367E+2	8.703253E+2
5.987917E+2	8.809810E+2
5.990467E+2	8.913963E+2
5.993016E+2	9.014728E+2
5.995566E+2	9.124072E+2
5.998116E+2	9.239755E+2
6.000665E+2	9.355548E+2
6.003215E+2	9.460193E+2
6.005764E+2	9.575657E+2
6.008314E+2	9.687187E+2
6.010863E+2	9.811231E+2
6.013412E+2	9.914673E+2
6.015961E+2	1.003473E+3
6.018510E+2	1.014741E+3
6.021059E+2	1.026544E+3
6.023608E+2	1.037844E+3
6.026157E+2	1.050085E+3
6.028706E+2	1.061445E+3
6.031254E+2	1.074058E+3
6.033803E+2	1.085790E+3
6.036351E+2	1.098172E+3
6.038900E+2	1.109899E+3
6.041448E+2	1.122342E+3
6.043996E+2	1.134435E+3
6.046544E+2	1.146473E+3
6.049092E+2	1.157680E+3
6.051640E+2	1.170276E+3
6.054188E+2	1.182680E+3
6.056736E+2	1.195200E+3
6.059283E+2	1.207904E+3
6.061831E+2	1.220986E+3
6.064378E+2	1.232615E+3
6.066926E+2	1.245424E+3
6.069473E+2	1.258194E+3
6.072021E+2	1.271976E+3
6.074568E+2	1.283784E+3
6.077115E+2	1.297014E+3
6.079662E+2	1.310052E+3
6.082209E+2	1.323795E+3
6.084756E+2	1.337653E+3
6.087302E+2	1.351664E+3
6.089849E+2	1.364626E+3
6.092396E+2	1.377303E+3
6.094942E+2	1.389211E+3
6.097489E+2	1.402451E+3
6.100035E+2	1.415041E+3
6.102581E+2	1.428019E+3
6.105127E+2	1.440549E+3
6.107674E+2	1.453243E+3
6.110220E+2	1.465708E+3
6.112766E+2	1.478773E+3
6.115311E+2	1.492844E+3
6.117857E+2	1.507178E+3
6.120403E+2	1.520063E+3
6.122948E+2	1.533374E+3
6.125494E+2	1.546757E+3
6.128039E+2	1.560631E+3
6.130585E+2	1.574090E+3
6.133130E+2	1.586844E+3
6.135675E+2	1.598861E+3
6.138220E+2	1.612178E+3
6.140765E+2	1.625374E+3
6.143310E+2	1.638888E+3
6.145855E+2	1.651801E+3
6.148400E+2	1.665872E+3
6.150945E+2	1.678915E+3
6.153489E+2	1.692107E+3
6.156034E+2	1.703369E+3
6.158578E+2	1.717134E+3
6.161123E+2	1.730812E+3
6.163667E+2	1.744659E+3
6.166211E+2	1.756959E+3
6.168755E+2	1.770773E+3
6.171299E+2	1.783544E+3
6.173843E+2	1.796713E+3
6.176387E+2	1.809527E+3
6.178931E+2	1.822506E+3
6.181474E+2	1.834702E+3
6.184018E+2	1.849221E+3
6.186561E+2	1.862653E+3
6.189105E+2	1.876096E+3
6.191648E+2	1.888478E+3
6.194191E+2	1.901904E+3
6.196735E+2	1.914877E+3
6.199278E+2	1.927757E+3
6.201821E+2	1.940937E+3
6.204364E+2	1.953598E+3
6.206907E+2	1.965850E+3
6.209449E+2	1.979030E+3
6.211992E+2	1.991959E+3
6.214535E+2	2.005549E+3
6.217077E+2	2.018473E+3
6.219619E+2	2.031872E+3
6.222162E+2	2.044626E+3
6.224704E+2	2.058085E+3
6.227246E+2	2.070030E+3
6.229788E+2	2.083544E+3
6.232330E+2	2.096047E+3
6.234872E+2	2.108577E+3
6.237414E+2	2.120271E+3
6.239956E+2	2.131183E+3
6.242498E+2	2.142451E+3
6.245039E+2	2.155538E+3
6.247581E+2	2.168844E+3
6.250122E+2	2.182232E+3
6.252663E+2	2.194342E+3
6.255205E+2	2.208079E+3
6.257746E+2	2.220801E+3
6.260287E+2	2.234014E+3
6.262828E+2	2.246396E+3
6.265369E+2	2.260101E+3
6.267910E+2	2.273167E+3
6.270450E+2	2.285380E+3
6.272991E+2	2.297653E+3
6.275532E+2	2.311489E+3
6.278072E+2	2.324047E+3
6.280613E+2	2.336992E+3
6.283153E+2	2.349741E+3
6.285693E+2	2.363243E+3
6.288233E+2	2.375855E+3
6.290773E+2	2.390626E+3
6.293313E+2	2.403101E+3
6.295853E+2	2.416424E+3
6.298393E+2	2.429211E+3
6.300933E+2	2.442659E+3
6.303472E+2	2.455150E+3
6.306012E+2	2.468058E+3
6.308551E+2	2.479910E+3
6.311091E+2	2.493812E+3
6.313630E+2	2.507063E+3
6.316169E+2	2.519823E+3
6.318709E+2	2.531582E+3
6.321248E+2	2.544063E+3
6.323787E+2	2.556511E+3
6.326326E+2	2.569101E+3
6.328864E+2	2.581741E+3
6.331403E+2	2.595068E+3
6.333942E+2	2.607456E+3
6.336480E+2	2.620850E+3
6.339019E+2	2.632506E+3
6.341557E+2	2.644527E+3
6.344095E+2	2.656167E+3
6.346634E+2	2.668948E+3
6.349172E+2	2.681085E+3
6.351710E+2	2.693680E+3
6.354248E+2	2.705757E+3
6.356786E+2	2.718380E+3
6.359324E+2	2.731538E+3
6.361861E+2	2.745063E+3
6.364399E+2	2.756866E+3
6.366936E+2	2.769506E+3
6.369474E+2	2.781708E+3
6.372011E+2	2.792943E+3
6.374549E+2	2.804413E+3
6.377086E+2	2.816762E+3
6.379623E+2	2.827932E+3
6.382160E+2	2.840653E+3
6.384697E+2	2.852238E+3
6.387234E+2	2.864134E+3
6.389771E+2	2.876653E+3
6.392307E+2	2.889511E+3
6.394844E+2	2.900888E+3
6.397380E+2	2.912768E+3
6.399917E+2	2.923462E+3
6.402453E+2	2.935254E+3
6.404990E+2	2.946577E+3
6.407526E+2	2.959385E+3
6.410062E+2	2.970238E+3
6.412598E+2	2.981801E+3
6.415134E+2	2.992653E+3
6.417670E+2	3.004380E+3
6.420206E+2	3.014506E+3
6.422741E+2	3.025877E+3
6.425277E+2	3.036467E+3
6.427812E+2	3.047615E+3
6.430348E+2	3.057424E+3
6.432883E+2	3.068615E+3
6.435418E+2	3.078795E+3
6.437954E+2	3.089670E+3
6.440489E+2	3.099593E+3
6.443024E+2	3.110211E+3
6.445559E+2	3.118741E+3
6.448094E+2	3.129500E+3
6.450628E+2	3.137965E+3
6.453163E+2	3.147921E+3
6.455698E+2	3.157276E+3
6.458232E+2	3.167440E+3
6.460767E+2	3.176544E+3
6.463301E+2	3.187642E+3
6.465835E+2	3.197533E+3
6.468369E+2	3.206932E+3
6.470903E+2	3.216320E+3
6.473437E+2	3.226396E+3
6.475971E+2	3.236096E+3
6.478505E+2	3.245320E+3
6.481039E+2	3.254227E+3
6.483573E+2	3.263495E+3
6.486106E+2	3.271833E+3
6.488640E+2	3.280735E+3
6.491173E+2	3.289096E+3
6.493706E+2	3.297784E+3
6.496240E+2	3.306342E+3
6.498773E+2	3.315899E+3
6.501306E+2	3.324303E+3
6.503839E+2	3.333937E+3
6.506372E+2	3.342489E+3
6.508905E+2	3.350899E+3
6.511437E+2	3.359161E+3
6.513970E+2	3.367566E+3
6.516503E+2	3.375571E+3
6.519035E+2	3.384899E+3
6.521567E+2	3.391833E+3
6.524100E+2	3.400429E+3
6.526632E+2	3.409074E+3
6.529164E+2	3.417489E+3
6.531696E+2	3.424954E+3
6.534228E+2	3.433883E+3
6.536760E+2	3.441227E+3
6.539292E+2	3.449451E+3
6.541824E+2	3.458194E+3
6.544355E+2	3.465976E+3
6.546887E+2	3.473910E+3
6.549418E+2	3.483096E+3
6.551950E+2	3.491243E+3
6.554481E+2	3.499336E+3
6.557012E+2	3.506773E+3
6.559543E+2	3.514735E+3
6.562074E+2	3.520500E+3
6.564605E+2	3.528489E+3
6.567136E+2	3.535954E+3
6.569667E+2	3.543648E+3
6.572198E+2	3.551183E+3
6.574728E+2	3.559511E+3
6.577259E+2	3.565500E+3
6.579789E+2	3.573888E+3
6.582319E+2	3.580478E+3
6.584850E+2	3.588855E+3
6.587380E+2	3.595178E+3
6.589910E+2	3.602353E+3
6.592440E+2	3.608806E+3
6.594970E+2	3.615609E+3
6.597500E+2	3.623238E+3
6.600030E+2	3.631347E+3
6.602559E+2	3.638615E+3
6.605089E+2	3.647866E+3
6.607618E+2	3.654413E+3
6.610148E+2	3.662642E+3
6.612677E+2	3.668090E+3
6.615206E+2	3.676374E+3
6.617736E+2	3.683303E+3
6.620265E+2	3.690374E+3
6.622794E+2	3.697052E+3
6.625323E+2	3.703691E+3
6.627851E+2	3.710227E+3
6.630380E+2	3.717588E+3
6.632909E+2	3.725047E+3
6.635437E+2	3.732823E+3
6.637966E+2	3.739451E+3
6.640494E+2	3.747325E+3
6.643023E+2	3.755374E+3
6.645551E+2	3.763079E+3
6.648079E+2	3.770691E+3
6.650607E+2	3.778118E+3
6.653135E+2	3.784762E+3
6.655663E+2	3.791948E+3
6.658191E+2	3.797762E+3
6.660718E+2	3.804757E+3
6.663246E+2	3.812243E+3
6.665774E+2	3.819129E+3
6.668301E+2	3.824527E+3
6.670828E+2	3.831872E+3
6.673356E+2	3.837976E+3
6.675883E+2	3.845549E+3
6.678410E+2	3.851577E+3
6.680937E+2	3.858107E+3
6.683464E+2	3.864391E+3
6.685991E+2	3.871265E+3
6.688518E+2	3.877041E+3
6.691044E+2	3.883560E+3
6.693571E+2	3.890183E+3
6.696098E+2	3.896664E+3
6.698624E+2	3.903030E+3
6.701150E+2	3.909724E+3
6.703677E+2	3.915943E+3
6.706203E+2	3.922702E+3
6.708729E+2	3.929484E+3
6.711255E+2	3.936331E+3
6.713781E+2	3.943232E+3
6.716307E+2	3.951019E+3
6.718832E+2	3.957353E+3
6.721358E+2	3.963112E+3
6.723884E+2	3.969659E+3
6.726409E+2	3.975784E+3
6.728935E+2	3.981298E+3
6.731460E+2	3.988407E+3
6.733985E+2	3.993396E+3
6.736510E+2	3.999866E+3
6.739035E+2	4.004943E+3
6.741560E+2	4.011129E+3
6.744085E+2	4.016735E+3
6.746610E+2	4.022680E+3
6.749135E+2	4.027801E+3
6.751660E+2	4.033249E+3
6.754184E+2	4.038429E+3
6.756709E+2	4.043784E+3
6.759233E+2	4.048025E+3
6.761757E+2	4.054014E+3
6.764282E+2	4.058702E+3
6.766806E+2	4.065445E+3
6.769330E+2	4.070052E+3
6.771854E+2	4.074161E+3
6.774378E+2	4.078424E+3
6.776901E+2	4.083172E+3
6.779425E+2	4.087566E+3
6.781949E+2	4.092489E+3
6.784472E+2	4.097079E+3
6.786996E+2	4.100981E+3
6.789519E+2	4.105074E+3
6.792042E+2	4.109036E+3
6.794566E+2	4.112675E+3
6.797089E+2	4.116134E+3
6.799612E+2	4.119823E+3
6.802135E+2	4.123189E+3
6.804657E+2	4.126948E+3
6.807180E+2	4.130522E+3
6.809703E+2	4.133429E+3
6.812226E+2	4.137631E+3
6.814748E+2	4.140429E+3
6.817270E+2	4.143019E+3
6.819793E+2	4.145068E+3
6.822315E+2	4.148702E+3
6.824837E+2	4.150391E+3
6.827359E+2	4.152467E+3
6.829881E+2	4.154435E+3
6.832403E+2	4.157025E+3
6.834925E+2	4.159085E+3
6.837447E+2	4.161227E+3
6.839968E+2	4.163670E+3
6.842490E+2	4.165588E+3
6.845011E+2	4.168380E+3
6.847533E+2	4.170265E+3
6.850054E+2	4.172058E+3
6.852575E+2	4.173560E+3
6.855097E+2	4.174609E+3
6.857618E+2	4.176216E+3
6.860139E+2	4.177178E+3
6.862659E+2	4.179041E+3
6.865180E+2	4.181074E+3
6.867701E+2	4.181167E+3
6.870222E+2	4.182265E+3
6.872742E+2	4.183292E+3
6.875263E+2	4.184670E+3
6.877783E+2	4.185052E+3
6.880303E+2	4.184790E+3
6.882823E+2	4.185451E+3
6.885343E+2	4.186445E+3
6.887864E+2	4.187724E+3
6.890383E+2	4.188156E+3
6.892903E+2	4.189041E+3
6.895423E+2	4.189391E+3
6.897943E+2	4.189981E+3
6.900462E+2	4.189691E+3
6.902982E+2	4.191680E+3
6.905501E+2	4.191265E+3
6.908021E+2	4.191413E+3
6.910540E+2	4.191670E+3
6.913059E+2	4.191735E+3
6.915578E+2	4.190855E+3
6.918097E+2	4.191451E+3
6.920616E+2	4.192380E+3
6.923135E+2	4.192708E+3
6.925654E+2	4.193538E+3
6.928172E+2	4.194910E+3
6.930691E+2	4.194894E+3
6.933209E+2	4.195495E+3
6.935728E+2	4.196555E+3
6.938246E+2	4.197424E+3
6.940764E+2	4.198336E+3
6.943282E+2	4.199008E+3
6.945800E+2	4.199762E+3
6.948318E+2	4.199637E+3
6.950836E+2	4.198544E+3
6.953354E+2	4.197965E+3
6.955872E+2	4.197161E+3
6.958389E+2	4.196429E+3
6.960907E+2	4.195538E+3
6.963424E+2	4.194413E+3
6.965942E+2	4.192309E+3
6.968459E+2	4.191123E+3
6.970976E+2	4.190511E+3
6.973493E+2	4.189577E+3
6.976010E+2	4.187232E+3
6.978527E+2	4.185741E+3
6.981044E+2	4.184812E+3
6.983561E+2	4.184019E+3
6.986077E+2	4.182762E+3
6.988594E+2	4.181948E+3
6.991110E+2	4.180981E+3
6.993627E+2	4.180200E+3
6.996143E+2	4.180063E+3
6.998659E+2	4.178588E+3
7.001175E+2	4.177894E+3
7.003692E+2	4.177276E+3
7.006207E+2	4.177129E+3
7.008723E+2	4.176571E+3
7.011239E+2	4.175435E+3
7.013755E+2	4.174626E+3
7.016271E+2	4.172877E+3
7.018786E+2	4.170648E+3
7.021302E+2	4.169604E+3
7.023817E+2	4.167484E+3
7.026332E+2	4.164981E+3
7.028847E+2	4.162604E+3
7.031362E+2	4.160489E+3
7.033878E+2	4.159085E+3
7.036392E+2	4.155626E+3
7.038907E+2	4.152139E+3
7.041422E+2	4.147997E+3
7.043937E+2	4.144544E+3
7.046451E+2	4.140025E+3
7.048966E+2	4.135451E+3
7.051480E+2	4.130517E+3
7.053995E+2	4.125981E+3
7.056509E+2	4.120538E+3
7.059023E+2	4.116506E+3
7.061537E+2	4.112271E+3
7.064051E+2	4.107178E+3
7.066565E+2	4.102844E+3
7.069079E+2	4.099068E+3
7.071593E+2	4.093741E+3
7.074106E+2	4.088713E+3
7.076620E+2	4.084926E+3
7.079133E+2	4.080844E+3
7.081647E+2	4.076702E+3
7.084160E+2	4.073588E+3
7.086673E+2	4.069680E+3
7.089186E+2	4.065194E+3
7.091699E+2	4.060566E+3
7.094212E+2	4.055795E+3
7.096725E+2	4.050391E+3
7.099238E+2	4.045424E+3
7.101751E+2	4.041003E+3
7.104263E+2	4.036959E+3
7.106776E+2	4.031637E+3
7.109288E+2	4.025697E+3
7.111800E+2	4.019161E+3
7.114313E+2	4.013642E+3
7.116825E+2	4.007746E+3
7.119337E+2	4.001680E+3
7.121849E+2	3.994232E+3
7.124361E+2	3.985593E+3
7.126873E+2	3.977883E+3
7.129384E+2	3.970713E+3
7.131896E+2	3.962921E+3
7.134408E+2	3.954145E+3
7.136919E+2	3.944872E+3
7.139430E+2	3.935211E+3
7.141942E+2	3.926118E+3
7.144453E+2	3.917047E+3
7.146964E+2	3.907391E+3
7.149475E+2	3.897451E+3
7.151986E+2	3.888784E+3
7.154497E+2	3.880265E+3
7.157008E+2	3.870926E+3
7.159518E+2	3.861664E+3
7.162029E+2	3.853347E+3
7.164540E+2	3.845615E+3
7.167050E+2	3.837211E+3
7.169560E+2	3.829227E+3
7.172071E+2	3.821200E+3
7.174581E+2	3.813959E+3
7.177091E+2	3.806598E+3
7.179601E+2	3.799626E+3
7.182111E+2	3.792500E+3
7.184621E+2	3.785041E+3
7.187130E+2	3.777265E+3
7.189640E+2	3.770107E+3
7.192150E+2	3.761194E+3
7.194659E+2	3.753058E+3
7.197169E+2	3.743615E+3
7.199678E+2	3.734806E+3
7.202187E+2	3.725664E+3
7.204696E+2	3.716435E+3
7.207205E+2	3.706429E+3
7.209714E+2	3.695768E+3
7.212223E+2	3.684440E+3
7.214732E+2	3.672746E+3
7.217241E+2	3.661861E+3
7.219749E+2	3.649506E+3
7.222258E+2	3.636970E+3
7.224766E+2	3.625642E+3
7.227274E+2	3.613211E+3
7.229783E+2	3.600872E+3
7.232291E+2	3.588943E+3
7.234799E+2	3.577030E+3
7.237307E+2	3.566429E+3
7.239815E+2	3.556904E+3
7.242323E+2	3.548276E+3
7.244830E+2	3.539915E+3
7.247338E+2	3.532724E+3
7.249846E+2	3.526008E+3
7.252353E+2	3.519861E+3
7.254861E+2	3.513478E+3
7.257368E+2	3.507276E+3
7.259875E+2	3.501986E+3
7.262382E+2	3.497932E+3
7.264889E+2	3.493997E+3
7.267396E+2	3.489418E+3
7.269903E+2	3.484680E+3
7.272410E+2	3.480637E+3
7.274917E+2	3.476773E+3
7.277423E+2	3.472702E+3
7.279930E+2	3.468877E+3
7.282436E+2	3.464790E+3
7.284942E+2	3.460025E+3
7.287449E+2	3.455828E+3
7.289955E+2	3.451691E+3
7.292461E+2	3.447107E+3
7.294967E+2	3.441910E+3
7.297473E+2	3.437402E+3
7.299979E+2	3.431806E+3
7.302484E+2	3.426254E+3
7.304990E+2	3.419358E+3
7.307496E+2	3.410965E+3
7.310001E+2	3.402211E+3
7.312507E+2	3.392806E+3
7.315012E+2	3.382779E+3
7.317517E+2	3.372741E+3
7.320022E+2	3.365336E+3
7.322527E+2	3.359325E+3
7.325032E+2	3.355833E+3
7.327537E+2	3.353817E+3
7.330042E+2	3.354194E+3
7.332547E+2	3.355342E+3
7.335051E+2	3.357500E+3
7.337556E+2	3.360981E+3
7.340060E+2	3.366817E+3
7.342564E+2	3.380145E+3
7.345069E+2	3.400577E+3
7.347573E+2	3.424292E+3
7.350077E+2	3.446303E+3
7.352581E+2	3.462686E+3
7.355085E+2	3.474331E+3
7.357589E+2	3.487598E+3
7.360092E+2	3.511342E+3
7.362596E+2	3.547435E+3
7.365100E+2	3.593478E+3
7.367603E+2	3.643571E+3
7.370106E+2	3.692713E+3
7.372610E+2	3.737227E+3
7.375113E+2	3.777511E+3
7.377616E+2	3.813555E+3
7.380119E+2	3.849489E+3
7.382622E+2	3.887691E+3
7.385125E+2	3.929724E+3
7.387628E+2	3.974620E+3
7.390130E+2	4.019904E+3
7.392633E+2	4.066309E+3
7.395135E+2	4.113899E+3
7.397638E+2	4.166112E+3
7.400140E+2	4.223183E+3
7.402642E+2	4.287019E+3
7.405144E+2	4.356522E+3
7.407647E+2	4.430637E+3
7.410149E+2	4.501746E+3
7.412650E+2	4.567150E+3
7.415152E+2	4.625265E+3
7.417654E+2	4.680292E+3
7.420156E+2	4.736271E+3
7.422657E+2	4.798096E+3
7.425159E+2	4.862653E+3
7.427660E+2	4.925549E+3
7.430161E+2	4.983030E+3
7.432662E+2	5.033118E+3
7.435164E+2	5.092309E+3
7.437665E+2	5.191664E+3
7.440165E+2	5.345090E+3
7.442666E+2	5.528183E+3
7.445167E+2	5.690910E+3
7.447668E+2	5.817047E+3
7.450168E+2	5.921970E+3
7.452669E+2	6.010522E+3
7.455169E+2	6.088216E+3
7.457669E+2	6.159123E+3
7.460170E+2	6.230402E+3
7.462670E+2	6.306211E+3
7.465170E+2	6.387511E+3
7.467670E+2	6.476139E+3
7.470170E+2	6.574648E+3
7.472670E+2	6.691855E+3
7.475169E+2	6.830937E+3
7.477669E+2	6.980921E+3
7.480168E+2	7.125894E+3
7.482668E+2	7.257850E+3
7.485167E+2	7.375735E+3
7.487666E+2	7.470648E+3
7.490166E+2	7.541937E+3
7.492665E+2	7.595533E+3
7.495164E+2	7.634134E+3
7.497663E+2	7.659626E+3
7.500161E+2	7.675178E+3
7.502660E+2	7.687604E+3
7.505159E+2	7.702129E+3
7.507657E+2	7.723265E+3
7.510156E+2	7.747462E+3
7.512654E+2	7.766462E+3
7.515152E+2	7.776161E+3
7.517651E+2	7.778839E+3
7.520149E+2	7.779795E+3
7.522647E+2	7.788052E+3
7.525145E+2	7.808429E+3
7.527643E+2	7.837948E+3
7.530140E+2	7.872314E+3
7.532638E+2	7.903648E+3
7.535136E+2	7.928068E+3
7.537633E+2	7.944495E+3
7.540131E+2	7.961292E+3
7.542628E+2	7.986719E+3
7.545125E+2	8.022719E+3
7.547622E+2	8.064500E+3
7.550119E+2	8.103036E+3
7.552616E+2	8.133637E+3
7.555113E+2	8.156773E+3
7.557610E+2	8.170751E+3
7.560107E+2	8.175303E+3
7.562603E+2	8.176500E+3
7.565100E+2	8.174877E+3
7.567596E+2	8.174741E+3
7.570093E+2	8.171036E+3
7.572589E+2	8.157631E+3
7.575085E+2	8.128402E+3
7.577581E+2	8.085325E+3
7.580077E+2	8.037391E+3
7.582573E+2	7.988899E+3
7.585069E+2	7.939604E+3
7.587565E+2	7.875150E+3
7.590060E+2	7.766074E+3
7.592556E+2	7.601631E+3
7.595051E+2	7.406473E+3
7.597547E+2	7.233325E+3
7.600042E+2	7.096150E+3
7.602537E+2	6.978976E+3
7.605032E+2	6.877904E+3
7.607527E+2	6.787872E+3
7.610022E+2	6.704670E+3
7.612517E+2	6.621271E+3
7.615012E+2	6.534926E+3
7.617507E+2	6.445183E+3
7.620001E+2	6.350598E+3
7.622496E+2	6.248369E+3
7.624990E+2	6.128741E+3
7.627485E+2	5.989309E+3
7.629979E+2	5.839216E+3
7.632473E+2	5.696396E+3
7.634967E+2	5.568303E+3
7.637461E+2	5.456620E+3
7.639955E+2	5.369872E+3
7.642449E+2	5.308981E+3
7.644942E+2	5.266134E+3
7.647436E+2	5.232686E+3
7.649930E+2	5.205238E+3
7.652423E+2	5.183746E+3
7.654916E+2	5.167282E+3
7.657410E+2	5.153189E+3
7.659903E+2	5.137773E+3
7.662396E+2	5.118189E+3
7.664889E+2	5.093358E+3
7.667382E+2	5.065418E+3
7.669875E+2	5.034970E+3
7.672367E+2	5.001533E+3
7.674860E+2	4.961877E+3
7.677353E+2	4.916549E+3
7.679845E+2	4.867391E+3
7.682337E+2	4.817282E+3
7.684830E+2	4.768872E+3
7.687322E+2	4.721680E+3
7.689814E+2	4.676500E+3
7.692306E+2	4.624172E+3
7.694798E+2	4.559391E+3
7.697290E+2	4.480085E+3
7.699782E+2	4.391741E+3
7.702273E+2	4.299451E+3
7.704765E+2	4.207866E+3
7.707256E+2	4.116211E+3
7.709748E+2	4.028932E+3
7.712239E+2	3.950068E+3
7.714730E+2	3.881730E+3
7.717222E+2	3.825833E+3
7.719713E+2	3.776784E+3
7.722204E+2	3.734861E+3
7.724694E+2	3.703227E+3
7.727185E+2	3.684894E+3
7.729676E+2	3.679954E+3
7.732167E+2	3.684194E+3
7.734657E+2	3.696101E+3
7.737147E+2	3.714424E+3
7.739638E+2	3.736500E+3
7.742128E+2	3.760571E+3
7.744618E+2	3.782260E+3
7.747108E+2	3.801364E+3
7.749598E+2	3.816527E+3
7.752088E+2	3.829926E+3
7.754578E+2	3.842713E+3
7.757068E+2	3.855079E+3
7.759557E+2	3.865205E+3
7.762047E+2	3.873790E+3
7.764536E+2	3.881150E+3
7.767026E+2	3.884915E+3
7.769515E+2	3.885227E+3
7.772004E+2	3.882036E+3
7.774493E+2	3.877003E+3
7.776982E+2	3.868200E+3
7.779471E+2	3.858227E+3
7.781960E+2	3.846380E+3
7.784449E+2	3.831538E+3
7.786938E+2	3.813364E+3
7.789426E+2	3.792965E+3
7.791915E+2	3.768970E+3
7.794403E+2	3.741451E+3
7.796891E+2	3.709686E+3
7.799380E+2	3.675030E+3
7.801868E+2	3.639741E+3
7.804356E+2	3.602915E+3
7.806844E+2	3.565331E+3
7.809332E+2	3.528549E+3
7.811819E+2	3.492784E+3
7.814307E+2	3.457795E+3
7.816795E+2	3.425954E+3
7.819282E+2	3.397402E+3
7.821770E+2	3.372134E+3
7.824257E+2	3.349598E+3
7.826744E+2	3.329730E+3
7.829231E+2	3.310823E+3
7.831718E+2	3.292724E+3
7.834205E+2	3.275183E+3
7.836692E+2	3.259478E+3
7.839179E+2	3.246342E+3
7.841666E+2	3.233577E+3
7.844152E+2	3.221664E+3
7.846639E+2	3.209751E+3
7.849125E+2	3.196238E+3
7.851612E+2	3.181216E+3
7.854098E+2	3.166292E+3
7.856584E+2	3.150921E+3
7.859070E+2	3.134544E+3
7.861556E+2	3.115495E+3
7.864042E+2	3.093090E+3
7.866528E+2	3.065675E+3
7.869014E+2	3.034686E+3
7.871499E+2	3.002653E+3
7.873985E+2	2.970686E+3
7.876470E+2	2.937533E+3
7.878956E+2	2.902353E+3
7.881441E+2	2.864817E+3
7.883926E+2	2.824741E+3
7.886411E+2	2.783407E+3
7.888896E+2	2.742768E+3
7.891381E+2	2.703478E+3
7.893866E+2	2.665926E+3
7.896351E+2	2.630205E+3
7.898835E+2	2.596910E+3
7.901320E+2	2.565997E+3
7.903804E+2	2.536965E+3
7.906289E+2	2.508872E+3
7.908773E+2	2.482500E+3
7.911257E+2	2.458691E+3
7.913742E+2	2.437544E+3
7.916226E+2	2.418653E+3
7.918709E+2	2.403025E+3
7.921193E+2	2.389943E+3
7.923677E+2	2.377986E+3
7.926161E+2	2.365265E+3
7.928644E+2	2.353691E+3
7.931128E+2	2.339260E+3
7.933611E+2	2.323047E+3
7.936095E+2	2.304544E+3
7.938578E+2	2.284795E+3
7.941061E+2	2.263577E+3
7.943544E+2	2.242079E+3
7.946027E+2	2.220533E+3
7.948510E+2	2.200063E+3
7.950993E+2	2.181823E+3
7.953475E+2	2.166391E+3
7.955958E+2	2.154036E+3
7.958440E+2	2.143861E+3
7.960923E+2	2.136058E+3
7.963405E+2	2.129025E+3
7.965887E+2	2.122282E+3
7.968370E+2	2.114888E+3
7.970852E+2	2.105866E+3
7.973334E+2	2.093724E+3
7.975816E+2	2.080320E+3
7.978297E+2	2.064495E+3
7.980779E+2	2.046790E+3
7.983261E+2	2.026522E+3
7.985742E+2	2.004823E+3
7.988224E+2	1.982227E+3
7.990705E+2	1.959047E+3
7.993186E+2	1.937626E+3
7.995668E+2	1.917986E+3
7.998149E+2	1.900631E+3
8.000630E+2	1.887320E+3
8.003111E+2	1.876697E+3
8.005591E+2	1.868724E+3
8.008072E+2	1.863915E+3
8.010553E+2	1.861134E+3
8.013033E+2	1.859817E+3
8.015514E+2	1.858724E+3
8.017994E+2	1.858385E+3
8.020474E+2	1.857385E+3
8.022955E+2	1.855713E+3
8.025435E+2	1.852844E+3
8.027915E+2	1.849123E+3
8.030395E+2	1.845178E+3
8.032874E+2	1.840435E+3
8.035354E+2	1.837473E+3
8.037834E+2	1.834653E+3
8.040313E+2	1.832943E+3
8.042793E+2	1.833249E+3
8.045272E+2	1.834812E+3
8.047752E+2	1.838462E+3
8.050231E+2	1.843659E+3
8.052710E+2	1.850211E+3
8.055189E+2	1.857997E+3
8.057668E+2	1.867653E+3
8.060147E+2	1.878757E+3
8.062625E+2	1.891981E+3
8.065104E+2	1.906850E+3
8.067583E+2	1.924451E+3
8.070061E+2	1.944719E+3
8.072540E+2	1.968107E+3
8.075018E+2	1.994085E+3
8.077496E+2	2.023615E+3
8.079974E+2	2.054626E+3
8.082452E+2	2.088495E+3
8.084930E+2	2.123560E+3
8.087408E+2	2.159823E+3
8.089886E+2	2.196489E+3
8.092364E+2	2.233413E+3
8.094841E+2	2.270527E+3
8.097319E+2	2.308309E+3
8.099796E+2	2.346205E+3
8.102273E+2	2.384609E+3
8.104751E+2	2.422249E+3
8.107228E+2	2.460549E+3
8.109705E+2	2.499598E+3
8.112182E+2	2.539664E+3
8.114659E+2	2.580292E+3
8.117135E+2	2.622615E+3
8.119612E+2	2.668052E+3
8.122089E+2	2.715779E+3
8.124565E+2	2.766008E+3
8.127042E+2	2.817014E+3
8.129518E+2	2.868883E+3
8.131994E+2	2.918506E+3
8.134470E+2	2.965795E+3
8.136946E+2	3.008588E+3
8.139422E+2	3.045620E+3
8.141898E+2	3.075227E+3
8.144374E+2	3.096877E+3
8.146850E+2	3.111123E+3
8.149325E+2	3.119227E+3
8.151801E+2	3.121997E+3
8.154276E+2	3.121145E+3
8.156752E+2	3.118101E+3
8.159227E+2	3.112817E+3
8.161702E+2	3.106620E+3
8.164177E+2	3.099883E+3
8.166652E+2	3.092566E+3
8.169127E+2	3.085670E+3
8.171602E+2	3.078369E+3
8.174077E+2	3.071659E+3
8.176551E+2	3.066402E+3
8.179026E+2	3.062670E+3
8.181500E+2	3.058997E+3
8.183975E+2	3.057451E+3
8.186449E+2	3.056456E+3
8.188923E+2	3.057691E+3
8.191397E+2	3.061325E+3
8.193871E+2	3.066560E+3
8.196345E+2	3.074773E+3
8.198819E+2	3.086150E+3
8.201293E+2	3.100112E+3
8.203766E+2	3.115817E+3
8.206240E+2	3.132451E+3
8.208713E+2	3.149047E+3
8.211187E+2	3.164260E+3
8.213660E+2	3.176112E+3
8.216133E+2	3.183276E+3
8.218606E+2	3.186276E+3
8.221079E+2	3.182675E+3
8.223552E+2	3.171200E+3
8.226025E+2	3.153680E+3
8.228498E+2	3.129058E+3
8.230970E+2	3.098921E+3
8.233443E+2	3.063249E+3
8.235915E+2	3.024353E+3
8.238388E+2	2.983243E+3
8.240860E+2	2.940139E+3
8.243332E+2	2.895205E+3
8.245804E+2	2.849183E+3
8.248276E+2	2.801670E+3
8.250748E+2	2.753538E+3
8.253220E+2	2.703533E+3
8.255692E+2	2.652730E+3
8.258163E+2	2.599571E+3
8.260635E+2	2.544735E+3
8.263106E+2	2.486522E+3
8.265578E+2	2.425691E+3
8.268049E+2	2.361517E+3
8.270520E+2	2.292538E+3
8.272991E+2	2.219675E+3
8.275462E+2	2.144183E+3
8.277933E+2	2.066795E+3
8.280404E+2	1.988074E+3
8.282875E+2	1.910932E+3
8.285345E+2	1.836566E+3
8.287816E+2	1.766566E+3
8.290287E+2	1.703156E+3
8.292757E+2	1.647533E+3
8.295227E+2	1.599675E+3
8.297697E+2	1.559675E+3
8.300168E+2	1.525790E+3
8.302638E+2	1.496899E+3
8.305107E+2	1.471768E+3
8.307577E+2	1.448336E+3
8.310047E+2	1.426238E+3
8.312517E+2	1.404560E+3
8.314986E+2	1.383642E+3
8.317456E+2	1.362708E+3
8.319925E+2	1.341976E+3
8.322394E+2	1.321877E+3
8.324864E+2	1.301768E+3
8.327333E+2	1.280746E+3
8.329802E+2	1.258806E+3
8.332271E+2	1.236598E+3
8.334740E+2	1.212784E+3
8.337208E+2	1.187511E+3
8.339677E+2	1.160254E+3
8.342146E+2	1.130047E+3
8.344614E+2	1.097801E+3
8.347082E+2	1.062118E+3
8.349551E+2	1.023653E+3
8.352019E+2	9.817843E+2
8.354487E+2	9.380193E+2
8.356955E+2	8.926367E+2
8.359423E+2	8.458608E+2
8.361891E+2	7.984346E+2
8.364359E+2	7.518444E+2
8.366826E+2	7.073854E+2
8.369294E+2	6.644182E+2
8.371761E+2	6.243417E+2
8.374229E+2	5.880302E+2
8.376696E+2	5.552160E+2
8.379163E+2	5.257406E+2
8.381630E+2	4.992979E+2
8.384097E+2	4.758007E+2
8.386564E+2	4.549100E+2
8.389031E+2	4.360356E+2
8.391498E+2	4.191668E+2
8.393965E+2	4.045876E+2
8.396431E+2	3.914182E+2
8.398898E+2	3.800302E+2
8.401364E+2	3.690193E+2
8.403830E+2	3.592214E+2
8.406297E+2	3.496094E+2
8.408763E+2	3.408717E+2
8.411229E+2	3.318007E+2
8.413695E+2	3.235111E+2
8.416161E+2	3.154837E+2
8.418626E+2	3.080138E+2
8.421092E+2	3.005821E+2
8.423558E+2	2.934619E+2
8.426023E+2	2.861668E+2
8.428489E+2	2.792105E+2
8.430954E+2	2.718499E+2
8.433419E+2	2.653690E+2
8.435884E+2	2.588225E+2
8.438349E+2	2.528990E+2
8.440814E+2	2.468335E+2
8.443279E+2	2.413034E+2
8.445744E+2	2.358335E+2
8.448208E+2	2.305657E+2
8.450673E+2	2.252979E+2
8.453138E+2	2.200138E+2
8.455602E+2	2.145220E+2
8.458066E+2	2.091504E+2
8.460530E+2	2.036531E+2
8.462995E+2	1.984947E+2
8.465459E+2	1.928389E+2
8.467923E+2	1.874783E+2
8.470386E+2	1.818826E+2
8.472850E+2	1.761777E+2
8.475314E+2	1.703362E+2
8.477777E+2	1.648662E+2
8.480241E+2	1.595111E+2
8.482704E+2	1.540520E+2
8.485168E+2	1.487351E+2
8.487631E+2	1.434728E+2
8.490094E+2	1.378116E+2
8.492557E+2	1.324673E+2
8.495020E+2	1.272870E+2
8.497483E+2	1.225329E+2
8.499946E+2	1.172925E+2
8.502408E+2	1.125438E+2
8.504871E+2	1.073253E+2
8.507333E+2	1.022979E+2
8.509796E+2	9.703565E+1
8.512258E+2	9.213947E+1
8.514720E+2	8.757116E+1
8.517182E+2	8.275696E+1
8.519644E+2	7.823237E+1
8.522106E+2	7.419412E+1
8.524568E+2	7.014493E+1
8.527030E+2	6.570231E+1
8.529492E+2	6.183892E+1
8.531953E+2	5.837444E+1
8.534415E+2	5.530340E+1
8.536876E+2	5.224876E+1
8.539337E+2	4.922144E+1
8.541799E+2	4.651652E+1
8.544260E+2	4.395368E+1
8.546721E+2	4.187718E+1
8.549182E+2	3.936351E+1
8.551643E+2	3.744548E+1
8.554103E+2	3.545095E+1
8.556564E+2	3.395368E+1
8.559024E+2	3.230887E+1
8.561485E+2	3.114493E+1
8.563945E+2	2.986625E+1
8.566406E+2	2.880614E+1
8.568866E+2	2.783346E+1
8.571326E+2	2.687718E+1
8.573786E+2	2.560942E+1
8.576246E+2	2.495368E+1
8.578706E+2	2.424876E+1
8.581166E+2	2.373510E+1
8.583625E+2	2.310122E+1
8.586085E+2	2.276242E+1
8.588544E+2	2.207390E+1
8.591004E+2	2.165860E+1
8.593463E+2	2.102472E+1
8.595922E+2	2.066406E+1
8.598381E+2	2.022690E+1
8.600840E+2	1.977335E+1
8.603299E+2	1.972417E+1
8.605758E+2	1.937991E+1
8.608217E+2	1.899193E+1
8.610675E+2	1.883892E+1
8.613134E+2	1.851106E+1
8.615592E+2	1.822690E+1
8.618051E+2	1.758756E+1
8.620509E+2	1.707936E+1
8.622967E+2	1.655477E+1
8.625425E+2	1.613947E+1
8.627883E+2	1.570778E+1
8.630341E+2	1.512854E+1
8.632799E+2	1.495368E+1
8.635257E+2	1.464767E+1
8.637715E+2	1.427062E+1
8.640172E+2	1.389903E+1
8.642630E+2	1.388810E+1
8.645087E+2	1.346734E+1
8.647544E+2	1.310122E+1
8.650001E+2	1.286078E+1
8.652459E+2	1.248920E+1
8.654916E+2	1.262581E+1
8.657372E+2	1.249466E+1
8.659829E+2	1.217772E+1
8.662286E+2	1.219412E+1
8.664743E+2	1.193728E+1
8.667199E+2	1.185532E+1
8.669656E+2	1.153291E+1
8.672112E+2	1.095914E+1
8.674568E+2	1.093728E+1
8.677024E+2	1.106297E+1
8.679481E+2	1.089357E+1
8.681937E+2	1.068592E+1
8.684392E+2	1.053838E+1
8.686848E+2	1.034166E+1
8.689304E+2	1.029248E+1
8.691760E+2	1.024330E+1
8.694215E+2	1.022144E+1
8.696671E+2	1.008483E+1
8.699126E+2	1.014493E+1
8.701581E+2	1.015040E+1
8.704036E+2	1.013947E+1
8.706491E+2	1.012854E+1
8.708946E+2	9.899033E+0
8.711401E+2	9.740563E+0
8.713856E+2	9.735099E+0
8.716311E+2	9.658596E+0
8.718766E+2	9.445481E+0
8.721220E+2	9.265153E+0
8.723674E+2	9.226902E+0
8.726129E+2	8.937285E+0
8.728583E+2	8.904498E+0
8.731037E+2	8.844388E+0
8.733491E+2	8.899033E+0
8.735945E+2	8.970071E+0
8.738399E+2	9.183186E+0
8.740853E+2	9.243296E+0
8.743307E+2	9.396301E+0
8.745760E+2	9.248760E+0
8.748214E+2	9.002858E+0
8.750667E+2	9.358050E+0
8.753121E+2	8.882640E+0
8.755574E+2	8.789744E+0
8.758027E+2	8.609416E+0
8.760480E+2	8.658596E+0
8.762933E+2	8.467339E+0
8.765386E+2	8.221438E+0
8.767839E+2	8.265153E+0
8.770291E+2	8.008323E+0
8.772744E+2	8.123077E+0
8.775196E+2	7.970071E+0
8.777649E+2	8.052039E+0
8.780101E+2	8.062968E+0
8.782553E+2	7.964607E+0
8.785006E+2	7.658596E+0
8.787458E+2	7.489197E+0
8.789910E+2	7.680454E+0
8.792361E+2	7.735099E+0
8.794813E+2	7.981000E+0
8.797265E+2	8.073897E+0
8.799717E+2	7.937285E+0
8.802168E+2	7.991929E+0
8.804619E+2	7.587558E+0
8.807071E+2	7.429088E+0
8.809522E+2	7.456410E+0
8.811973E+2	7.259689E+0
8.814424E+2	7.101219E+0
8.816875E+2	7.123077E+0
8.819326E+2	7.347121E+0
8.821777E+2	7.467339E+0
8.824227E+2	7.412694E+0
8.826678E+2	7.642203E+0
8.829128E+2	7.893569E+0
8.831579E+2	7.838924E+0
8.834029E+2	7.762421E+0
8.836479E+2	7.888104E+0
8.838929E+2	8.084826E+0
8.841379E+2	8.008323E+0
8.843829E+2	7.756957E+0
8.846279E+2	7.658596E+0
8.848729E+2	7.685918E+0
8.851179E+2	7.614880E+0
8.853628E+2	7.401765E+0
8.856078E+2	7.194115E+0
8.858527E+2	7.363514E+0
8.860976E+2	7.489197E+0
8.863425E+2	7.532913E+0
8.865875E+2	7.472804E+0
8.868324E+2	7.287011E+0
8.870772E+2	7.379908E+0
8.873221E+2	7.505591E+0
8.875670E+2	7.587558E+0
8.878119E+2	7.691383E+0
8.880567E+2	7.844388E+0
8.883016E+2	7.735099E+0
8.885464E+2	7.647667E+0
8.887912E+2	7.751492E+0
8.890360E+2	7.440017E+0
8.892809E+2	7.297940E+0
8.895257E+2	7.390836E+0
8.897704E+2	7.674989E+0
8.900152E+2	7.456410E+0
8.902600E+2	7.620345E+0
8.905048E+2	7.724170E+0
8.907495E+2	7.784279E+0
8.909943E+2	7.516520E+0
8.912390E+2	7.412694E+0
8.914837E+2	7.511055E+0
8.917284E+2	7.740563E+0
8.919731E+2	7.855317E+0
8.922178E+2	7.822530E+0
8.924625E+2	7.920891E+0
8.927072E+2	7.964607E+0
8.929519E+2	7.899033E+0
8.931965E+2	7.959142E+0
8.934412E+2	8.199580E+0
8.936858E+2	8.494662E+0
8.939305E+2	8.440017E+0
8.941751E+2	8.205044E+0
8.944197E+2	8.150399E+0
8.946643E+2	8.002858E+0
8.949089E+2	8.155864E+0
8.951535E+2	8.052039E+0
8.953981E+2	8.084826E+0
8.956426E+2	8.188651E+0
8.958872E+2	8.062968E+0
8.961317E+2	7.964607E+0
8.963763E+2	7.937285E+0
8.966208E+2	7.926356E+0
8.968653E+2	7.713241E+0
8.971098E+2	7.647667E+0
8.973543E+2	7.625809E+0
8.975988E+2	7.429088E+0
8.978433E+2	7.308869E+0
8.980878E+2	7.368979E+0
8.983323E+2	7.407230E+0
8.985767E+2	7.368979E+0
8.988212E+2	7.183186E+0
8.990656E+2	7.505591E+0
8.993100E+2	7.773350E+0
8.995545E+2	7.696847E+0
8.997989E+2	7.554771E+0
9.000433E+2	7.511055E+0
9.002877E+2	7.478268E+0
9.005320E+2	7.724170E+0
9.007764E+2	7.827995E+0
9.010208E+2	7.620345E+0
9.012651E+2	7.396301E+0
9.015095E+2	7.385372E+0
9.017538E+2	7.554771E+0
9.019981E+2	7.396301E+0
9.022425E+2	7.543842E+0
9.024868E+2	7.751492E+0
9.027311E+2	7.461875E+0
9.029754E+2	7.379908E+0
9.032196E+2	7.325263E+0
9.034639E+2	7.368979E+0
9.037082E+2	7.308869E+0
9.039524E+2	7.653132E+0
9.041967E+2	7.631274E+0
9.044409E+2	7.653132E+0
9.046851E+2	7.636738E+0
9.049293E+2	7.844388E+0
9.051736E+2	7.653132E+0
9.054177E+2	7.423623E+0
9.056619E+2	7.368979E+0
9.059061E+2	7.368979E+0
9.061503E+2	7.593022E+0
9.063944E+2	7.702312E+0
9.066386E+2	7.516520E+0
9.068827E+2	7.740563E+0
9.071269E+2	7.773350E+0
9.073710E+2	7.729634E+0
9.076151E+2	7.587558E+0
9.078592E+2	7.740563E+0
9.081033E+2	7.740563E+0
9.083474E+2	7.931820E+0
9.085915E+2	7.664061E+0
9.088355E+2	7.877175E+0
9.090796E+2	7.882640E+0
9.093236E+2	7.696847E+0
9.095677E+2	7.713241E+0
9.098117E+2	7.543842E+0
9.100557E+2	7.762421E+0
9.102997E+2	7.713241E+0
9.105437E+2	7.669525E+0
9.107877E+2	7.827995E+0
9.110317E+2	8.079361E+0
9.112757E+2	8.013787E+0
9.115197E+2	8.084826E+0
9.117636E+2	7.997394E+0
9.120076E+2	8.052039E+0
9.122515E+2	7.888104E+0
9.124954E+2	7.882640E+0
9.127393E+2	7.953678E+0
9.129832E+2	8.095755E+0
9.132271E+2	8.068432E+0
9.134710E+2	8.265153E+0
9.137149E+2	8.259689E+0
9.139588E+2	8.052039E+0
9.142026E+2	7.909962E+0
9.144465E+2	7.664061E+0
9.146903E+2	7.609416E+0
9.149342E+2	7.642203E+0
9.151780E+2	7.778815E+0
9.154218E+2	7.778815E+0
9.156656E+2	7.680454E+0
9.159094E+2	7.860782E+0
9.161532E+2	8.002858E+0
9.163970E+2	8.134006E+0
9.166408E+2	7.986465E+0
9.168845E+2	8.019252E+0
9.171283E+2	7.997394E+0
9.173720E+2	8.073897E+0
9.176157E+2	8.401765E+0
9.178595E+2	8.571164E+0
9.181032E+2	8.560235E+0
9.183469E+2	8.292476E+0
9.185906E+2	8.172257E+0
9.188343E+2	7.871711E+0
9.190779E+2	7.948214E+0
9.193216E+2	7.740563E+0
9.195653E+2	7.669525E+0
9.198089E+2	7.374443E+0
9.200525E+2	7.571164E+0
9.202962E+2	7.658596E+0
9.205398E+2	7.767886E+0
9.207834E+2	7.822530E+0
9.210270E+2	7.893569E+0
9.212706E+2	8.057503E+0
9.215142E+2	8.019252E+0
9.217577E+2	7.724170E+0
9.220013E+2	7.702312E+0
9.222449E+2	7.636738E+0
9.224884E+2	7.773350E+0
9.227319E+2	7.882640E+0
9.229755E+2	7.773350E+0
9.232190E+2	7.598487E+0
9.234625E+2	7.554771E+0
9.237060E+2	7.150399E+0
9.239495E+2	7.325263E+0
9.241930E+2	7.336192E+0
9.244364E+2	7.177722E+0
9.246799E+2	7.232367E+0
9.249233E+2	7.079361E+0
9.251668E+2	7.084826E+0
9.254102E+2	6.970071E+0
9.256536E+2	6.975536E+0
9.258971E+2	6.953678E+0
9.261405E+2	7.177722E+0
9.263839E+2	7.046574E+0
9.266272E+2	7.057503E+0
9.268706E+2	7.287011E+0
9.271140E+2	7.440017E+0
9.273573E+2	7.368979E+0
9.276007E+2	7.363514E+0
9.278440E+2	7.243296E+0
9.280874E+2	7.259689E+0
9.283307E+2	6.975536E+0
9.285740E+2	6.827995E+0
9.288173E+2	6.696847E+0
9.290606E+2	6.603951E+0
9.293039E+2	6.953678E+0
9.295471E+2	7.117612E+0
9.297904E+2	7.297940E+0
9.300337E+2	7.232367E+0
9.302769E+2	7.177722E+0
9.305201E+2	7.434552E+0
9.307634E+2	7.352585E+0
9.310066E+2	7.314334E+0
9.312498E+2	7.226902E+0
9.314930E+2	7.297940E+0
9.317362E+2	7.183186E+0
9.319794E+2	6.953678E+0
9.322225E+2	6.926356E+0
9.324657E+2	6.674989E+0
9.327088E+2	6.363514E+0
9.329520E+2	6.330727E+0
9.331951E+2	6.724170E+0
9.334382E+2	6.888104E+0
9.336814E+2	7.068432E+0
9.339245E+2	7.112148E+0
9.341676E+2	7.123077E+0
9.344106E+2	7.237831E+0
9.346537E+2	7.325263E+0
9.348968E+2	7.303405E+0
9.351398E+2	7.494662E+0
9.353829E+2	7.450946E+0
9.356259E+2	7.467339E+0
9.358690E+2	7.653132E+0
9.361120E+2	7.511055E+0
9.363550E+2	7.554771E+0
9.365980E+2	7.560235E+0
9.368410E+2	7.625809E+0
9.370840E+2	7.631274E+0
9.373269E+2	7.434552E+0
9.375699E+2	7.155864E+0
9.378129E+2	7.243296E+0
9.380558E+2	7.079361E+0
9.382987E+2	7.112148E+0
9.385417E+2	7.319798E+0
9.387846E+2	7.013787E+0
9.390275E+2	7.232367E+0
9.392704E+2	7.385372E+0
9.395133E+2	7.549306E+0
9.397562E+2	7.582093E+0
9.399990E+2	7.669525E+0
9.402419E+2	7.751492E+0
9.404847E+2	7.669525E+0
9.407276E+2	7.631274E+0
9.409704E+2	7.691383E+0
9.412132E+2	7.904498E+0
9.414560E+2	8.150399E+0
9.416988E+2	7.795208E+0
9.419416E+2	7.756957E+0
9.421844E+2	7.664061E+0
9.424272E+2	7.511055E+0
9.426700E+2	7.516520E+0
9.429127E+2	7.549306E+0
9.431555E+2	7.866246E+0
9.433982E+2	8.073897E+0
9.436409E+2	7.882640E+0
9.438837E+2	8.024716E+0
9.441264E+2	7.970071E+0
9.443691E+2	7.871711E+0
9.446118E+2	7.735099E+0
9.448544E+2	7.778815E+0
9.450971E+2	7.620345E+0
9.453398E+2	7.292476E+0
9.455824E+2	7.276082E+0
9.458251E+2	7.401765E+0
9.460677E+2	7.401765E+0
9.463103E+2	7.554771E+0
9.465530E+2	7.511055E+0
9.467956E+2	7.521984E+0
9.470382E+2	7.281547E+0
9.472807E+2	7.270618E+0
9.475233E+2	7.237831E+0
9.477659E+2	7.270618E+0
9.480084E+2	7.013787E+0
9.482510E+2	6.920891E+0
9.484935E+2	7.155864E+0
9.487361E+2	7.194115E+0
9.489786E+2	7.560235E+0
9.492211E+2	7.412694E+0
9.494636E+2	7.352585E+0
9.497061E+2	7.188651E+0
9.499486E+2	6.981000E+0
9.501911E+2	7.068432E+0
9.504335E+2	7.084826E+0
9.506760E+2	6.724170E+0
9.509184E+2	6.620345E+0
9.511609E+2	6.587558E+0
9.514033E+2	6.800673E+0
9.516457E+2	6.893569E+0
9.518881E+2	7.052039E+0
9.521305E+2	7.117612E+0
9.523729E+2	7.407230E+0
9.526153E+2	7.461875E+0
9.528576E+2	7.582093E+0
9.531000E+2	7.718705E+0
9.533424E+2	7.795208E+0
9.535847E+2	7.959142E+0
9.538270E+2	7.991929E+0
9.540694E+2	7.937285E+0
9.543117E+2	7.685918E+0
9.545540E+2	7.664061E+0
9.547963E+2	7.598487E+0
9.550386E+2	7.653132E+0
9.552808E+2	7.778815E+0
9.555231E+2	7.658596E+0
9.557654E+2	7.450946E+0
9.560076E+2	7.609416E+0
9.562498E+2	7.483733E+0
9.564921E+2	7.844388E+0
9.567343E+2	7.882640E+0
9.569765E+2	8.084826E+0
9.572187E+2	8.144935E+0
9.574609E+2	8.134006E+0
9.577031E+2	8.095755E+0
9.579452E+2	7.981000E+0
9.581874E+2	8.019252E+0
9.584296E+2	8.297940E+0
9.586717E+2	8.330727E+0
9.589138E+2	8.363514E+0
9.591560E+2	8.461875E+0
9.593981E+2	8.500126E+0
9.596402E+2	8.467339E+0
9.598823E+2	8.478268E+0
9.601244E+2	8.341656E+0
9.603664E+2	8.347121E+0
9.606085E+2	8.248760E+0
9.608506E+2	8.270618E+0
9.610926E+2	8.205044E+0
9.613347E+2	8.472804E+0
9.615767E+2	8.500126E+0
9.618187E+2	8.702312E+0
9.620607E+2	8.680454E+0
9.623027E+2	8.937285E+0
9.625447E+2	9.068432E+0
9.627867E+2	9.144935E+0
9.630287E+2	9.035645E+0
9.632706E+2	8.882640E+0
9.635126E+2	8.746028E+0
9.637545E+2	8.390836E+0
9.639965E+2	8.642203E+0
9.642384E+2	8.707776E+0
9.644803E+2	8.838924E+0
9.647222E+2	8.915427E+0
9.649641E+2	8.707776E+0
9.652060E+2	8.751492E+0
9.654479E+2	8.931820E+0
9.656897E+2	8.942749E+0
9.659316E+2	9.052039E+0
9.661734E+2	8.920891E+0
9.664153E+2	8.860782E+0
9.666571E+2	8.970071E+0
9.668989E+2	9.423623E+0
9.671408E+2	9.521984E+0
9.673826E+2	9.576629E+0
9.676243E+2	9.598487E+0
9.678661E+2	9.450946E+0
9.681079E+2	9.521984E+0
9.683497E+2	9.603951E+0
9.685914E+2	9.554771E+0
9.688332E+2	9.636738E+0
9.690749E+2	9.827995E+0
9.693166E+2	9.778815E+0
9.695583E+2	9.877175E+0
9.698001E+2	9.811602E+0
9.700417E+2	9.756957E+0
9.702834E+2	9.664061E+0
9.705251E+2	9.778815E+0
9.707668E+2	9.456410E+0
9.710084E+2	9.276082E+0
9.712501E+2	9.248760E+0
9.714917E+2	9.325263E+0
9.717334E+2	9.620345E+0
9.719750E+2	9.806137E+0
9.722166E+2	9.931820E+0
9.724582E+2	1.003565E+1
9.726998E+2	9.795208E+0
9.729414E+2	9.773350E+0
9.731830E+2	9.653132E+0
9.734245E+2	9.729634E+0
9.736661E+2	9.713241E+0
9.739076E+2	9.915427E+0
9.741492E+2	9.986465E+0
9.743907E+2	1.004657E+1
9.746322E+2	1.029794E+1
9.748737E+2	1.054384E+1
9.751152E+2	1.071871E+1
9.753567E+2	1.082253E+1
9.755982E+2	1.084439E+1
9.758396E+2	1.086625E+1
9.760811E+2	1.075149E+1
9.763226E+2	1.113401E+1
9.765640E+2	1.089357E+1
9.768054E+2	1.081160E+1
9.770468E+2	1.050559E+1
9.772883E+2	1.022690E+1
9.775297E+2	1.020504E+1
9.777711E+2	1.045641E+1
9.780124E+2	1.046734E+1
9.782538E+2	1.047827E+1
9.784952E+2	1.051106E+1
9.787365E+2	1.018865E+1
9.789779E+2	1.007390E+1
9.792192E+2	1.015586E+1
9.794605E+2	1.012308E+1
9.797019E+2	1.031433E+1
9.799432E+2	1.029794E+1
9.801845E+2	1.018865E+1
9.804257E+2	1.045095E+1
9.806670E+2	1.044548E+1
9.809083E+2	1.063127E+1
9.811496E+2	1.078428E+1
9.813908E+2	1.051106E+1
9.816320E+2	1.017226E+1
9.818733E+2	9.942749E+0
9.821145E+2	9.888104E+0
9.823557E+2	1.004657E+1
9.825969E+2	1.023237E+1
9.828381E+2	1.020504E+1
9.830793E+2	1.019412E+1
9.833205E+2	1.005204E+1
9.835616E+2	1.012854E+1
9.838028E+2	9.948214E+0
9.840439E+2	1.009029E+1
9.842851E+2	9.986465E+0
9.845262E+2	9.964607E+0
9.847673E+2	9.981000E+0
9.850084E+2	9.964607E+0
9.852495E+2	9.915427E+0
9.854906E+2	1.011761E+1
9.857317E+2	1.035805E+1
9.859727E+2	1.018319E+1
9.862138E+2	1.033073E+1
9.864549E+2	1.006843E+1
9.866959E+2	9.653132E+0
9.869369E+2	9.461875E+0
9.871779E+2	9.303405E+0
9.874190E+2	9.538377E+0
9.876600E+2	9.729634E+0
9.879010E+2	1.011215E+1
9.881419E+2	1.004657E+1
9.883829E+2	1.046187E+1
9.886239E+2	9.964607E+0
9.888648E+2	9.888104E+0
9.891058E+2	1.006843E+1
9.893467E+2	1.008483E+1
9.895876E+2	9.948214E+0
9.898285E+2	9.877175E+0
9.900695E+2	9.773350E+0
9.903104E+2	9.855317E+0
9.905512E+2	9.789744E+0
9.907921E+2	9.920891E+0
9.910330E+2	9.636738E+0
9.912738E+2	9.991929E+0
9.915147E+2	1.027062E+1
9.917555E+2	1.057116E+1
9.919964E+2	1.079521E+1
9.922372E+2	1.087718E+1
9.924780E+2	1.080614E+1
9.927188E+2	1.082253E+1
9.929596E+2	1.101925E+1
9.932004E+2	1.109029E+1
9.934411E+2	1.108483E+1
9.936819E+2	1.109029E+1
9.939227E+2	1.098646E+1
9.941634E+2	1.121051E+1
9.944041E+2	1.133619E+1
9.946449E+2	1.137991E+1
9.948856E+2	1.147827E+1
9.951263E+2	1.125422E+1
9.953670E+2	1.128155E+1
9.956077E+2	1.126515E+1
9.958483E+2	1.117226E+1
9.960890E+2	1.142362E+1
9.963297E+2	1.144002E+1
9.965703E+2	1.125969E+1
9.968109E+2	1.131433E+1
9.970516E+2	1.113401E+1
9.972922E+2	1.125422E+1
9.975328E+2	1.130887E+1
9.977734E+2	1.109575E+1
9.980140E+2	1.101925E+1
9.982546E+2	1.086078E+1
9.984951E+2	1.104111E+1
9.987357E+2	1.072963E+1
9.989763E+2	1.082253E+1
9.992168E+2	1.081707E+1
9.994573E+2	1.078974E+1
9.996978E+2	1.074056E+1
9.999384E+2	1.064767E+1
1.000179E+3	1.050013E+1
1.000419E+3	1.037991E+1
1.000660E+3	1.055477E+1
1.000900E+3	1.036898E+1
1.001141E+3	1.034166E+1
1.001381E+3	1.065313E+1
1.001622E+3	1.063674E+1
1.001862E+3	1.071871E+1
1.002103E+3	1.075696E+1
1.002343E+3	1.069685E+1
1.002583E+3	1.063674E+1
1.002824E+3	1.057663E+1
1.003064E+3	1.025969E+1
1.003305E+3	1.065313E+1
1.003545E+3	1.058756E+1
1.003785E+3	1.036351E+1
1.004026E+3	1.031980E+1
1.004266E+3	1.070778E+1
1.004506E+3	1.089357E+1
1.004747E+3	1.115040E+1
1.004987E+3	1.082799E+1
1.005227E+3	1.073510E+1
1.005468E+3	1.063127E+1
1.005708E+3	1.059849E+1
1.005948E+3	1.031980E+1
1.006188E+3	1.008483E+1
1.006429E+3	1.016133E+1
1.006669E+3	1.023237E+1
1.006909E+3	1.027062E+1
1.007149E+3	1.021597E+1
1.007390E+3	1.028155E+1
1.007630E+3	1.020504E+1
1.007870E+3	1.002472E+1
1.008110E+3	9.964607E+0
1.008350E+3	1.007390E+1
1.008590E+3	1.011761E+1
1.008831E+3	9.931820E+0
1.009071E+3	9.871711E+0
1.009311E+3	9.800673E+0
1.009551E+3	9.702312E+0
1.009791E+3	9.696847E+0
1.010031E+3	9.702312E+0
1.010271E+3	9.696847E+0
1.010511E+3	9.674989E+0
1.010752E+3	9.680454E+0
1.010992E+3	9.631274E+0
1.011232E+3	9.964607E+0
1.011472E+3	9.893569E+0
1.011712E+3	9.937285E+0
1.011952E+3	9.756957E+0
1.012192E+3	9.445481E+0
1.012432E+3	9.390836E+0
1.012672E+3	9.319798E+0
1.012912E+3	9.538377E+0
1.013152E+3	9.516520E+0
1.013392E+3	9.729634E+0
1.013632E+3	9.593022E+0
1.013872E+3	9.756957E+0
1.014112E+3	9.554771E+0
1.014352E+3	9.822530E+0
1.014591E+3	1.009575E+1
1.014831E+3	1.007390E+1
1.015071E+3	1.016133E+1
1.015311E+3	1.005750E+1
1.015551E+3	9.915427E+0
1.015791E+3	9.953678E+0
1.016031E+3	9.997394E+0
1.016271E+3	1.010122E+1
1.016511E+3	1.011215E+1
1.016750E+3	1.011215E+1
1.016990E+3	1.002472E+1
1.017230E+3	9.838924E+0
1.017470E+3	9.849853E+0
1.017710E+3	9.795208E+0
1.017949E+3	9.696847E+0
1.018189E+3	9.833459E+0
1.018429E+3	9.806137E+0
1.018669E+3	9.838924E+0
1.018908E+3	9.423623E+0
1.019148E+3	9.150399E+0
1.019388E+3	8.735099E+0
1.019628E+3	9.106683E+0
1.019867E+3	9.144935E+0
1.020107E+3	9.084826E+0
1.020347E+3	8.888104E+0
1.020586E+3	8.822530E+0
1.020826E+3	8.729634E+0
1.021066E+3	8.582093E+0
1.021305E+3	8.653132E+0
1.021545E+3	8.735099E+0
1.021785E+3	8.587558E+0
1.022024E+3	8.653132E+0
1.022264E+3	8.636738E+0
1.022504E+3	8.844388E+0
1.022743E+3	9.139470E+0
1.022983E+3	9.210509E+0
1.023222E+3	9.084826E+0
1.023462E+3	8.986465E+0
1.023702E+3	8.713241E+0
1.023941E+3	8.685918E+0
1.024181E+3	8.658596E+0
1.024420E+3	8.565700E+0
1.024660E+3	8.647667E+0
1.024899E+3	8.450946E+0
1.025139E+3	8.390836E+0
1.025378E+3	8.281547E+0
1.025618E+3	8.297940E+0
1.025857E+3	7.964607E+0
1.026097E+3	7.860782E+0
1.026336E+3	8.030181E+0
1.026575E+3	8.057503E+0
1.026815E+3	8.259689E+0
1.027054E+3	8.292476E+0
1.027294E+3	8.374443E+0
1.027533E+3	8.046574E+0
1.027773E+3	8.013787E+0
1.028012E+3	8.013787E+0
1.028251E+3	8.319798E+0
1.028491E+3	8.226902E+0
1.028730E+3	8.543842E+0
1.028969E+3	8.467339E+0
1.029209E+3	8.292476E+0
1.029448E+3	8.527449E+0
1.029687E+3	8.680454E+0
1.029927E+3	8.631274E+0
1.030166E+3	8.702312E+0
1.030405E+3	8.494662E+0
1.030645E+3	8.390836E+0
1.030884E+3	8.232367E+0
1.031123E+3	8.259689E+0
1.031362E+3	8.292476E+0
1.031602E+3	8.243296E+0
1.031841E+3	8.303405E+0
1.032080E+3	8.347121E+0
1.032319E+3	8.215973E+0
1.032558E+3	8.139470E+0
1.032798E+3	7.866246E+0
1.033037E+3	7.959142E+0
1.033276E+3	7.871711E+0
1.033515E+3	7.937285E+0
1.033754E+3	7.822530E+0
1.033993E+3	7.860782E+0
1.034233E+3	7.713241E+0
1.034472E+3	7.691383E+0
1.034711E+3	7.778815E+0
1.034950E+3	7.970071E+0
1.035189E+3	7.844388E+0
1.035428E+3	7.888104E+0
1.035667E+3	7.691383E+0
1.035906E+3	7.560235E+0
1.036145E+3	7.543842E+0
1.036384E+3	7.855317E+0
1.036623E+3	7.549306E+0
1.036862E+3	7.407230E+0
1.037101E+3	7.330727E+0
1.037340E+3	7.336192E+0
1.037579E+3	7.134006E+0
1.037818E+3	7.303405E+0
1.038057E+3	7.379908E+0
1.038296E+3	7.505591E+0
1.038535E+3	7.789744E+0
1.038774E+3	7.866246E+0
1.039013E+3	7.718705E+0
1.039252E+3	7.303405E+0
1.039491E+3	7.188651E+0
1.039730E+3	7.101219E+0
1.039969E+3	7.358050E+0
1.040208E+3	7.183186E+0
1.040447E+3	7.292476E+0
1.040685E+3	7.483733E+0
1.040924E+3	7.478268E+0
1.041163E+3	7.450946E+0
1.041402E+3	7.281547E+0
1.041641E+3	7.450946E+0
1.041880E+3	7.478268E+0
1.042118E+3	7.767886E+0
1.042357E+3	7.920891E+0
1.042596E+3	7.931820E+0
1.042835E+3	7.674989E+0
1.043074E+3	7.664061E+0
1.043312E+3	7.505591E+0
1.043551E+3	7.642203E+0
1.043790E+3	7.953678E+0
1.044029E+3	7.844388E+0
1.044267E+3	7.565700E+0
1.044506E+3	7.521984E+0
1.044745E+3	7.756957E+0
1.044983E+3	8.128541E+0
1.045222E+3	8.117612E+0
1.045461E+3	8.319798E+0
1.045699E+3	8.243296E+0
1.045938E+3	7.970071E+0
1.046177E+3	7.855317E+0
1.046415E+3	7.838924E+0
1.046654E+3	7.789744E+0
1.046893E+3	7.784279E+0
1.047131E+3	7.822530E+0
1.047370E+3	8.199580E+0
1.047608E+3	8.237831E+0
1.047847E+3	8.319798E+0
1.048086E+3	8.265153E+0
1.048324E+3	8.489197E+0
1.048563E+3	8.669525E+0
1.048801E+3	8.603951E+0
1.049040E+3	8.511055E+0
1.049278E+3	8.505591E+0
1.049517E+3	8.527449E+0
1.049755E+3	8.614880E+0
1.049994E+3	8.609416E+0
1.050232E+3	8.653132E+0
1.050471E+3	8.489197E+0
1.050709E+3	8.150399E+0
1.050948E+3	8.139470E+0
1.051186E+3	8.358050E+0
1.051424E+3	8.276082E+0
1.051663E+3	8.281547E+0
1.051901E+3	8.101219E+0
1.052140E+3	8.095755E+0
1.052378E+3	8.134006E+0
1.052616E+3	7.970071E+0
1.052855E+3	7.822530E+0
1.053093E+3	7.636738E+0
1.053332E+3	7.631274E+0
1.053570E+3	7.871711E+0
1.053808E+3	8.139470E+0
1.054047E+3	8.554771E+0
1.054285E+3	8.729634E+0
1.054523E+3	8.401765E+0
1.054761E+3	8.505591E+0
1.055000E+3	8.603951E+0
1.055238E+3	8.658596E+0
1.055476E+3	8.478268E+0
1.055715E+3	8.511055E+0
1.055953E+3	8.560235E+0
1.056191E+3	8.532913E+0
1.056429E+3	8.653132E+0
1.056667E+3	8.543842E+0
1.056906E+3	8.483733E+0
1.057144E+3	8.445481E+0
1.057382E+3	8.358050E+0
1.057620E+3	8.358050E+0
1.057858E+3	8.341656E+0
1.058097E+3	8.259689E+0
1.058335E+3	7.674989E+0
1.058573E+3	7.587558E+0
1.058811E+3	7.756957E+0
1.059049E+3	7.915427E+0
1.059287E+3	7.844388E+0
1.059525E+3	7.625809E+0
1.059763E+3	7.418159E+0
1.060001E+3	7.363514E+0
1.060239E+3	7.505591E+0
1.060478E+3	7.478268E+0
1.060716E+3	7.505591E+0
1.060954E+3	7.587558E+0
1.061192E+3	7.653132E+0
1.061430E+3	7.511055E+0
1.061668E+3	7.363514E+0
1.061906E+3	7.155864E+0
1.062144E+3	6.991929E+0
1.062382E+3	6.822530E+0
1.062620E+3	6.915427E+0
1.062858E+3	6.702312E+0
1.063096E+3	6.642203E+0
1.063333E+3	6.620345E+0
1.063571E+3	6.625809E+0
1.063809E+3	6.565700E+0
1.064047E+3	6.516520E+0
1.064285E+3	6.642203E+0
1.064523E+3	6.614880E+0
1.064761E+3	6.795208E+0
1.064999E+3	6.888104E+0
1.065237E+3	7.062968E+0
1.065474E+3	7.019252E+0
1.065712E+3	6.822530E+0
1.065950E+3	6.800673E+0
1.066188E+3	6.773350E+0
1.066426E+3	6.959142E+0
1.066664E+3	7.144935E+0
1.066901E+3	6.942749E+0
1.067139E+3	7.123077E+0
1.067377E+3	7.292476E+0
1.067615E+3	7.314334E+0
1.067852E+3	7.281547E+0
1.068090E+3	7.101219E+0
1.068328E+3	6.860782E+0
1.068566E+3	6.489197E+0
1.068803E+3	6.368979E+0
1.069041E+3	6.259689E+0
1.069279E+3	6.155864E+0
1.069516E+3	5.959142E+0
1.069754E+3	5.800673E+0
1.069992E+3	5.767886E+0
1.070229E+3	5.680454E+0
1.070467E+3	5.866246E+0
1.070705E+3	6.057503E+0
1.070942E+3	6.079361E+0
1.071180E+3	6.221438E+0
1.071418E+3	5.991929E+0
1.071655E+3	5.888104E+0
1.071893E+3	5.953678E+0
1.072130E+3	5.838924E+0
1.072368E+3	5.827995E+0
1.072605E+3	5.735099E+0
1.072843E+3	5.991929E+0
1.073081E+3	6.139470E+0
1.073318E+3	6.199580E+0
1.073556E+3	6.084826E+0
1.073793E+3	5.888104E+0
1.074031E+3	6.013787E+0
1.074268E+3	6.073897E+0
1.074506E+3	6.281547E+0
1.074743E+3	6.232367E+0
1.074981E+3	6.358050E+0
1.075218E+3	6.565700E+0
1.075455E+3	6.620345E+0
1.075693E+3	6.434552E+0
1.075930E+3	6.685918E+0
1.076168E+3	6.871711E+0
1.076405E+3	6.942749E+0
1.076642E+3	7.106683E+0
1.076880E+3	7.407230E+0
1.077117E+3	7.489197E+0
1.077355E+3	7.729634E+0
1.077592E+3	7.915427E+0
1.077829E+3	7.959142E+0
1.078067E+3	8.052039E+0
1.078304E+3	8.046574E+0
1.078541E+3	8.336192E+0
1.078779E+3	8.319798E+0
1.079016E+3	8.571164E+0
1.079253E+3	8.516520E+0
1.079490E+3	8.511055E+0
1.079728E+3	8.696847E+0
1.079965E+3	8.674989E+0
1.080202E+3	8.756957E+0
1.080439E+3	8.888104E+0
1.080677E+3	9.013787E+0
1.080914E+3	8.838924E+0
1.081151E+3	8.669525E+0
1.081388E+3	8.800673E+0
1.081625E+3	8.871711E+0
1.081863E+3	8.833459E+0
1.082100E+3	8.543842E+0
1.082337E+3	8.281547E+0
1.082574E+3	8.319798E+0
1.082811E+3	8.625809E+0
1.083048E+3	8.746028E+0
1.083285E+3	8.696847E+0
1.083522E+3	8.806137E+0
1.083760E+3	8.964607E+0
1.083997E+3	9.073897E+0
1.084234E+3	9.046574E+0
1.084471E+3	9.166793E+0
1.084708E+3	9.385372E+0
1.084945E+3	9.199580E+0
1.085182E+3	9.084826E+0
1.085419E+3	9.052039E+0
1.085656E+3	8.904498E+0
1.085893E+3	9.215973E+0
1.086130E+3	9.248760E+0
1.086367E+3	9.248760E+0
1.086604E+3	9.374443E+0
1.086841E+3	9.265153E+0
1.087078E+3	9.150399E+0
1.087315E+3	9.139470E+0
1.087552E+3	9.057503E+0
1.087789E+3	9.002858E+0
1.088026E+3	9.013787E+0
1.088262E+3	9.057503E+0
1.088499E+3	9.243296E+0
1.088736E+3	9.450946E+0
1.088973E+3	9.226902E+0
1.089210E+3	9.090290E+0
1.089447E+3	9.079361E+0
1.089684E+3	8.997394E+0
1.089921E+3	8.909962E+0
1.090157E+3	9.062968E+0
1.090394E+3	8.915427E+0
1.090631E+3	8.855317E+0
1.090868E+3	8.669525E+0
1.091105E+3	8.401765E+0
1.091341E+3	8.188651E+0
1.091578E+3	8.101219E+0
1.091815E+3	7.904498E+0
1.092052E+3	7.888104E+0
1.092288E+3	7.997394E+0
1.092525E+3	7.991929E+0
1.092762E+3	7.833459E+0
1.092999E+3	7.352585E+0
1.093235E+3	7.461875E+0
1.093472E+3	7.390836E+0
1.093709E+3	7.232367E+0
1.093945E+3	7.090290E+0
1.094182E+3	6.953678E+0
1.094419E+3	6.767886E+0
1.094655E+3	6.724170E+0
1.094892E+3	6.767886E+0
1.095128E+3	6.625809E+0
1.095365E+3	6.620345E+0
1.095602E+3	6.756957E+0
1.095838E+3	6.691383E+0
1.096075E+3	6.778815E+0
1.096311E+3	7.008323E+0
1.096548E+3	7.095755E+0
1.096784E+3	7.194115E+0
1.097021E+3	7.401765E+0
1.097258E+3	7.297940E+0
1.097494E+3	7.336192E+0
1.097731E+3	7.396301E+0
1.097967E+3	7.210509E+0
1.098204E+3	7.232367E+0
1.098440E+3	7.199580E+0
1.098677E+3	7.287011E+0
1.098913E+3	7.205044E+0
1.099149E+3	7.002858E+0
1.099386E+3	7.002858E+0
1.099622E+3	6.981000E+0
1.099859E+3	6.877175E+0
1.100095E+3	6.827995E+0
1.100332E+3	6.729634E+0
1.100568E+3	6.959142E+0
1.100804E+3	6.959142E+0
1.101041E+3	6.702312E+0
1.101277E+3	6.953678E+0
1.101513E+3	7.128541E+0
1.101750E+3	7.254224E+0
1.101986E+3	7.423623E+0
1.102222E+3	7.330727E+0
1.102459E+3	7.516520E+0
1.102695E+3	7.658596E+0
1.102931E+3	7.276082E+0
1.103168E+3	7.379908E+0
1.103404E+3	7.401765E+0
1.103640E+3	7.494662E+0
1.103876E+3	7.625809E+0
1.104113E+3	7.707776E+0
1.104349E+3	7.412694E+0
1.104585E+3	7.445481E+0
1.104821E+3	7.560235E+0
1.105057E+3	7.565700E+0
1.105294E+3	7.582093E+0
1.105530E+3	7.860782E+0
1.105766E+3	7.844388E+0
1.106002E+3	7.838924E+0
1.106238E+3	7.997394E+0
1.106474E+3	7.866246E+0
1.106711E+3	7.800673E+0
1.106947E+3	7.784279E+0
1.107183E+3	7.866246E+0
1.107419E+3	7.833459E+0
1.107655E+3	7.691383E+0
1.107891E+3	7.702312E+0
1.108127E+3	-4.210256E+0
1.108363E+3	1.078974E+1
1.108599E+3	1.112308E+1
1.108835E+3	1.445641E+1
1.109071E+3	1.812308E+1
1.109307E+3	8.123077E+0
1.109543E+3	1.612308E+1
1.109779E+3	1.545641E+1
1.110015E+3	3.456410E+0
1.110251E+3	1.912308E+1
1.110487E+3	6.123077E+0
1.110723E+3	9.789744E+0
1.110959E+3	1.345641E+1
1.111195E+3	1.745641E+1
1.111431E+3	-4.876923E+0
1.111667E+3	9.123077E+0
1.111903E+3	6.123077E+0
1.112139E+3	5.123077E+0
1.112375E+3	1.230769E-1
1.112611E+3	1.412308E+1
1.112847E+3	9.123077E+0
1.113082E+3	6.789744E+0
1.113318E+3	1.178974E+1
1.113554E+3	5.789744E+0
1.113790E+3	6.123077E+0
1.114026E+3	4.456410E+0
1.114262E+3	1.789744E+0
1.114497E+3	-4.543590E+0
1.114733E+3	2.789744E+0
1.114969E+3	9.123077E+0
