1.951292E+2	0.000000E+0
1.953960E+2	0.000000E+0
1.956629E+2	0.000000E+0
1.959298E+2	0.000000E+0
1.961966E+2	0.000000E+0
1.964635E+2	0.000000E+0
1.967303E+2	0.000000E+0
1.969972E+2	0.000000E+0
1.972640E+2	0.000000E+0
1.975308E+2	0.000000E+0
1.977977E+2	0.000000E+0
1.980645E+2	0.000000E+0
1.983313E+2	0.000000E+0
1.985981E+2	0.000000E+0
1.988649E+2	0.000000E+0
1.991316E+2	0.000000E+0
1.993984E+2	0.000000E+0
1.996652E+2	0.000000E+0
1.999320E+2	0.000000E+0
2.001987E+2	0.000000E+0
2.004655E+2	0.000000E+0
2.007322E+2	0.000000E+0
2.009989E+2	0.000000E+0
2.012657E+2	0.000000E+0
2.015324E+2	0.000000E+0
2.017991E+2	0.000000E+0
2.020658E+2	0.000000E+0
2.023325E+2	0.000000E+0
2.025992E+2	0.000000E+0
2.028659E+2	0.000000E+0
2.031326E+2	0.000000E+0
2.033992E+2	0.000000E+0
2.036659E+2	0.000000E+0
2.039325E+2	0.000000E+0
2.041992E+2	0.000000E+0
2.044658E+2	0.000000E+0
2.047325E+2	0.000000E+0
2.049991E+2	0.000000E+0
2.052657E+2	0.000000E+0
2.055323E+2	0.000000E+0
2.057989E+2	0.000000E+0
2.060655E+2	0.000000E+0
2.063321E+2	0.000000E+0
2.065987E+2	0.000000E+0
2.068653E+2	0.000000E+0
2.071319E+2	0.000000E+0
2.073984E+2	0.000000E+0
2.076650E+2	0.000000E+0
2.079315E+2	0.000000E+0
2.081981E+2	0.000000E+0
2.084646E+2	0.000000E+0
2.087311E+2	0.000000E+0
2.089977E+2	0.000000E+0
2.092642E+2	0.000000E+0
2.095307E+2	0.000000E+0
2.097972E+2	0.000000E+0
2.100637E+2	0.000000E+0
2.103302E+2	0.000000E+0
2.105966E+2	0.000000E+0
2.108631E+2	0.000000E+0
2.111296E+2	0.000000E+0
2.113960E+2	0.000000E+0
2.116625E+2	0.000000E+0
2.119289E+2	0.000000E+0
2.121954E+2	0.000000E+0
2.124618E+2	0.000000E+0
2.127282E+2	0.000000E+0
2.129946E+2	0.000000E+0
2.132610E+2	0.000000E+0
2.135274E+2	0.000000E+0
2.137938E+2	0.000000E+0
2.140602E+2	0.000000E+0
2.143266E+2	0.000000E+0
2.145930E+2	0.000000E+0
2.148593E+2	0.000000E+0
2.151257E+2	0.000000E+0
2.153920E+2	0.000000E+0
2.156584E+2	0.000000E+0
2.159247E+2	0.000000E+0
2.161910E+2	0.000000E+0
2.164574E+2	0.000000E+0
2.167237E+2	0.000000E+0
2.169900E+2	0.000000E+0
2.172563E+2	0.000000E+0
2.175226E+2	0.000000E+0
2.177889E+2	0.000000E+0
2.180551E+2	0.000000E+0
2.183214E+2	0.000000E+0
2.185877E+2	0.000000E+0
2.188539E+2	0.000000E+0
2.191202E+2	0.000000E+0
2.193864E+2	0.000000E+0
2.196527E+2	0.000000E+0
2.199189E+2	0.000000E+0
2.201851E+2	0.000000E+0
2.204513E+2	0.000000E+0
2.207175E+2	0.000000E+0
2.209837E+2	0.000000E+0
2.212499E+2	0.000000E+0
2.215161E+2	0.000000E+0
2.217823E+2	0.000000E+0
2.220485E+2	0.000000E+0
2.223146E+2	0.000000E+0
2.225808E+2	0.000000E+0
2.228469E+2	0.000000E+0
2.231131E+2	0.000000E+0
2.233792E+2	0.000000E+0
2.236453E+2	0.000000E+0
2.239115E+2	0.000000E+0
2.241776E+2	0.000000E+0
2.244437E+2	0.000000E+0
2.247098E+2	0.000000E+0
2.249759E+2	0.000000E+0
2.252420E+2	0.000000E+0
2.255080E+2	0.000000E+0
2.257741E+2	0.000000E+0
2.260402E+2	0.000000E+0
2.263062E+2	0.000000E+0
2.265723E+2	0.000000E+0
2.268383E+2	0.000000E+0
2.271044E+2	0.000000E+0
2.273704E+2	0.000000E+0
2.276364E+2	0.000000E+0
2.279024E+2	0.000000E+0
2.281684E+2	0.000000E+0
2.284344E+2	0.000000E+0
2.287004E+2	0.000000E+0
2.289664E+2	0.000000E+0
2.292324E+2	0.000000E+0
2.294984E+2	0.000000E+0
2.297643E+2	0.000000E+0
2.300303E+2	0.000000E+0
2.302962E+2	0.000000E+0
2.305622E+2	0.000000E+0
2.308281E+2	0.000000E+0
2.310940E+2	0.000000E+0
2.313599E+2	0.000000E+0
2.316259E+2	0.000000E+0
2.318918E+2	0.000000E+0
2.321577E+2	0.000000E+0
2.324236E+2	0.000000E+0
2.326894E+2	0.000000E+0
2.329553E+2	0.000000E+0
2.332212E+2	0.000000E+0
2.334871E+2	0.000000E+0
2.337529E+2	0.000000E+0
2.340188E+2	0.000000E+0
2.342846E+2	0.000000E+0
2.345504E+2	0.000000E+0
2.348163E+2	0.000000E+0
2.350821E+2	0.000000E+0
2.353479E+2	0.000000E+0
2.356137E+2	0.000000E+0
2.358795E+2	0.000000E+0
2.361453E+2	0.000000E+0
2.364111E+2	0.000000E+0
2.366769E+2	0.000000E+0
2.369426E+2	0.000000E+0
2.372084E+2	0.000000E+0
2.374741E+2	0.000000E+0
2.377399E+2	0.000000E+0
2.380056E+2	0.000000E+0
2.382714E+2	0.000000E+0
2.385371E+2	0.000000E+0
2.388028E+2	0.000000E+0
2.390685E+2	0.000000E+0
2.393342E+2	0.000000E+0
2.395999E+2	0.000000E+0
2.398656E+2	0.000000E+0
2.401313E+2	0.000000E+0
2.403970E+2	0.000000E+0
2.406626E+2	0.000000E+0
2.409283E+2	0.000000E+0
2.411940E+2	0.000000E+0
2.414596E+2	0.000000E+0
2.417252E+2	0.000000E+0
2.419909E+2	0.000000E+0
2.422565E+2	0.000000E+0
2.425221E+2	0.000000E+0
2.427877E+2	0.000000E+0
2.430533E+2	0.000000E+0
2.433189E+2	0.000000E+0
2.435845E+2	0.000000E+0
2.438501E+2	0.000000E+0
2.441157E+2	0.000000E+0
2.443812E+2	0.000000E+0
2.446468E+2	0.000000E+0
2.449124E+2	0.000000E+0
2.451779E+2	0.000000E+0
2.454434E+2	0.000000E+0
2.457090E+2	0.000000E+0
2.459745E+2	0.000000E+0
2.462400E+2	0.000000E+0
2.465055E+2	0.000000E+0
2.467710E+2	0.000000E+0
2.470365E+2	0.000000E+0
2.473020E+2	0.000000E+0
2.475675E+2	0.000000E+0
2.478330E+2	0.000000E+0
2.480984E+2	0.000000E+0
2.483639E+2	0.000000E+0
2.486294E+2	0.000000E+0
2.488948E+2	0.000000E+0
2.491602E+2	0.000000E+0
2.494257E+2	0.000000E+0
2.496911E+2	0.000000E+0
2.499565E+2	0.000000E+0
2.502219E+2	7.879053E+0
2.504873E+2	7.971949E+0
2.507527E+2	8.070310E+0
2.510181E+2	8.174135E+0
2.512835E+2	8.447359E+0
2.515489E+2	8.649545E+0
2.518142E+2	8.950091E+0
2.520796E+2	9.086703E+0
2.523449E+2	9.512933E+0
2.526103E+2	9.496539E+0
2.528756E+2	9.578506E+0
2.531409E+2	9.704189E+0
2.534063E+2	9.895446E+0
2.536716E+2	1.045829E+1
2.539369E+2	1.057304E+1
2.542022E+2	1.101566E+1
2.544675E+2	1.094463E+1
2.547328E+2	1.125064E+1
2.549980E+2	1.143097E+1
2.552633E+2	1.140364E+1
2.555286E+2	1.133260E+1
2.557938E+2	1.145282E+1
2.560591E+2	1.186266E+1
2.563243E+2	1.209763E+1
2.565896E+2	1.229982E+1
2.568548E+2	1.249654E+1
2.571200E+2	1.278069E+1
2.573852E+2	1.302113E+1
2.576504E+2	1.322878E+1
2.579156E+2	1.355118E+1
2.581808E+2	1.366594E+1
2.584460E+2	1.391184E+1
2.587112E+2	1.406485E+1
2.589763E+2	1.412495E+1
2.592415E+2	1.412495E+1
2.595067E+2	1.430528E+1
2.597718E+2	1.431621E+1
2.600369E+2	1.439271E+1
2.603021E+2	1.405938E+1
2.605672E+2	1.403206E+1
2.608323E+2	1.410856E+1
2.610974E+2	1.415774E+1
2.613625E+2	1.403206E+1
2.616276E+2	1.410310E+1
2.618927E+2	1.389545E+1
2.621578E+2	1.361676E+1
2.624229E+2	1.347468E+1
2.626880E+2	1.364954E+1
2.629530E+2	1.385173E+1
2.632181E+2	1.380801E+1
2.634831E+2	1.372058E+1
2.637482E+2	1.376976E+1
2.640132E+2	1.379162E+1
2.642782E+2	1.373151E+1
2.645432E+2	1.343097E+1
2.648082E+2	1.333260E+1
2.650732E+2	1.309217E+1
2.653382E+2	1.289545E+1
2.656032E+2	1.274244E+1
2.658682E+2	1.281894E+1
2.661332E+2	1.273151E+1
2.663981E+2	1.250747E+1
2.666631E+2	1.227796E+1
2.669281E+2	1.226157E+1
2.671930E+2	1.213042E+1
2.674579E+2	1.168780E+1
2.677229E+2	1.162222E+1
2.679878E+2	1.126703E+1
2.682527E+2	1.107031E+1
2.685176E+2	1.048561E+1
2.687825E+2	1.037086E+1
2.690474E+2	1.037632E+1
2.693123E+2	1.005938E+1
2.695772E+2	9.753370E+0
2.698420E+2	9.163206E+0
2.701069E+2	8.889982E+0
2.703718E+2	8.753370E+0
2.706366E+2	8.502004E+0
2.709014E+2	8.092168E+0
2.711663E+2	7.687796E+0
2.714311E+2	7.414572E+0
2.716959E+2	7.321676E+0
2.719607E+2	6.917304E+0
2.722255E+2	6.523862E+0
2.724903E+2	6.234244E+0
2.727551E+2	6.135883E+0
2.730199E+2	6.048452E+0
2.732847E+2	5.939162E+0
2.735495E+2	5.414572E+0
2.738142E+2	5.190528E+0
2.740790E+2	5.037523E+0
2.743437E+2	5.004736E+0
2.746085E+2	4.611293E+0
2.748732E+2	4.452823E+0
2.751379E+2	4.256102E+0
2.754026E+2	4.053916E+0
2.756674E+2	3.769763E+0
2.759321E+2	3.786157E+0
2.761968E+2	3.512933E+0
2.764614E+2	3.594900E+0
2.767261E+2	3.534791E+0
2.769908E+2	3.436430E+0
2.772555E+2	3.135883E+0
2.775201E+2	3.234244E+0
2.777848E+2	3.299818E+0
2.780494E+2	3.507468E+0
2.783141E+2	3.747905E+0
2.785787E+2	3.862659E+0
2.788433E+2	3.895446E+0
2.791079E+2	3.551184E+0
2.793725E+2	3.332605E+0
2.796371E+2	3.288889E+0
2.799017E+2	3.081239E+0
2.801663E+2	2.993807E+0
2.804309E+2	2.928233E+0
2.806955E+2	2.922769E+0
2.809600E+2	2.846266E+0
2.812246E+2	3.327140E+0
2.814891E+2	3.480146E+0
2.817537E+2	3.496539E+0
2.820182E+2	3.458288E+0
2.822827E+2	3.310747E+0
2.825473E+2	3.190528E+0
2.828118E+2	3.283424E+0
2.830763E+2	3.288889E+0
2.833408E+2	3.332605E+0
2.836053E+2	3.469217E+0
2.838697E+2	3.458288E+0
2.841342E+2	3.305282E+0
2.843987E+2	3.163206E+0
2.846632E+2	3.239709E+0
2.849276E+2	3.212386E+0
2.851921E+2	3.212386E+0
2.854565E+2	3.316211E+0
2.857209E+2	3.305282E+0
2.859853E+2	3.305282E+0
2.862498E+2	3.141348E+0
2.865142E+2	2.933698E+0
2.867786E+2	3.190528E+0
2.870430E+2	3.316211E+0
2.873074E+2	3.256102E+0
2.875717E+2	3.387250E+0
2.878361E+2	3.441894E+0
2.881005E+2	3.868124E+0
2.883648E+2	3.939162E+0
2.886292E+2	3.906375E+0
2.888935E+2	4.021129E+0
2.891579E+2	3.977413E+0
2.894222E+2	3.862659E+0
2.896865E+2	4.392714E+0
2.899508E+2	4.600364E+0
2.902151E+2	4.704189E+0
2.904794E+2	4.562113E+0
2.907437E+2	4.868124E+0
2.910080E+2	4.824408E+0
2.912723E+2	4.895446E+0
2.915366E+2	5.245173E+0
2.918008E+2	5.496539E+0
2.920651E+2	5.474681E+0
2.923293E+2	5.578506E+0
2.925936E+2	5.556648E+0
2.928578E+2	5.622222E+0
2.931220E+2	5.496539E+0
2.933863E+2	5.354463E+0
2.936505E+2	5.354463E+0
2.939147E+2	5.141348E+0
2.941789E+2	4.999271E+0
2.944431E+2	5.124954E+0
2.947072E+2	5.190528E+0
2.949714E+2	4.971949E+0
2.952356E+2	5.130419E+0
2.954997E+2	5.234244E+0
2.957639E+2	5.086703E+0
2.960280E+2	5.299818E+0
2.962922E+2	5.649545E+0
2.965563E+2	5.736976E+0
2.968204E+2	5.562113E+0
2.970845E+2	5.485610E+0
2.973486E+2	5.168670E+0
2.976127E+2	5.086703E+0
2.978768E+2	5.157741E+0
2.981409E+2	5.316211E+0
2.984050E+2	5.256102E+0
2.986691E+2	5.458288E+0
2.989331E+2	5.239709E+0
2.991972E+2	5.174135E+0
2.994612E+2	5.212386E+0
2.997253E+2	5.283424E+0
2.999893E+2	5.245173E+0
3.002534E+2	5.387250E+0
3.005174E+2	5.420036E+0
3.007814E+2	5.611293E+0
3.010454E+2	5.671403E+0
3.013094E+2	5.720583E+0
3.015734E+2	5.562113E+0
3.018374E+2	5.633151E+0
3.021013E+2	5.622222E+0
3.023653E+2	5.665938E+0
3.026293E+2	5.682332E+0
3.028932E+2	5.742441E+0
3.031572E+2	5.682332E+0
3.034211E+2	5.939162E+0
3.036850E+2	5.906375E+0
3.039489E+2	5.922769E+0
3.042129E+2	5.961020E+0
3.044768E+2	6.086703E+0
3.047407E+2	6.108561E+0
3.050046E+2	6.037523E+0
3.052685E+2	5.982878E+0
3.055323E+2	6.015665E+0
3.057962E+2	5.605829E+0
3.060601E+2	5.534791E+0
3.063239E+2	5.507468E+0
3.065878E+2	5.742441E+0
3.068516E+2	5.764299E+0
3.071155E+2	5.764299E+0
3.073793E+2	6.053916E+0
3.076431E+2	5.868124E+0
3.079069E+2	5.693260E+0
3.081707E+2	5.840801E+0
3.084345E+2	6.092168E+0
3.086983E+2	6.146812E+0
3.089621E+2	6.070310E+0
3.092259E+2	6.327140E+0
3.094896E+2	6.698725E+0
3.097534E+2	6.720583E+0
3.100171E+2	6.775228E+0
3.102809E+2	6.622222E+0
3.105446E+2	6.425501E+0
3.108084E+2	6.567577E+0
3.110721E+2	6.813479E+0
3.113358E+2	6.562113E+0
3.115995E+2	6.540255E+0
3.118632E+2	6.491075E+0
3.121269E+2	6.567577E+0
3.123906E+2	6.365392E+0
3.126543E+2	6.425501E+0
3.129179E+2	6.644080E+0
3.131816E+2	6.846266E+0
3.134453E+2	6.917304E+0
3.137089E+2	6.993807E+0
3.139725E+2	6.818944E+0
3.142362E+2	6.687796E+0
3.144998E+2	6.676867E+0
3.147634E+2	6.387250E+0
3.150270E+2	6.556648E+0
3.152906E+2	6.556648E+0
3.155542E+2	6.573042E+0
3.158178E+2	6.469217E+0
3.160814E+2	6.430965E+0
3.163450E+2	6.392714E+0
3.166086E+2	6.753370E+0
3.168721E+2	6.818944E+0
3.171357E+2	6.731512E+0
3.173992E+2	6.381785E+0
3.176627E+2	6.327140E+0
3.179263E+2	6.512933E+0
3.181898E+2	6.594900E+0
3.184533E+2	6.682332E+0
3.187168E+2	6.900911E+0
3.189803E+2	6.747905E+0
3.192438E+2	6.835337E+0
3.195073E+2	6.824408E+0
3.197708E+2	6.999271E+0
3.200342E+2	7.108561E+0
3.202977E+2	7.212386E+0
3.205612E+2	7.114026E+0
3.208246E+2	7.332605E+0
3.210881E+2	7.605829E+0
3.213515E+2	7.840801E+0
3.216149E+2	7.851730E+0
3.218783E+2	8.015665E+0
3.221417E+2	7.971949E+0
3.224051E+2	7.862659E+0
3.226685E+2	7.693260E+0
3.229319E+2	7.540255E+0
3.231953E+2	7.496539E+0
3.234587E+2	7.119490E+0
3.237221E+2	6.873588E+0
3.239854E+2	6.971949E+0
3.242488E+2	6.693260E+0
3.245121E+2	6.141348E+0
3.247754E+2	5.955556E+0
3.250388E+2	6.064845E+0
3.253021E+2	5.944627E+0
3.255654E+2	5.802550E+0
3.258287E+2	5.961020E+0
3.260920E+2	5.922769E+0
3.263553E+2	6.037523E+0
3.266186E+2	5.895446E+0
3.268819E+2	5.731512E+0
3.271451E+2	5.769763E+0
3.274084E+2	6.146812E+0
3.276717E+2	6.573042E+0
3.279349E+2	6.933698E+0
3.281981E+2	6.742441E+0
3.284614E+2	6.928233E+0
3.287246E+2	7.075774E+0
3.289878E+2	7.097632E+0
3.292510E+2	6.950091E+0
3.295142E+2	7.032058E+0
3.297774E+2	6.917304E+0
3.300406E+2	6.977413E+0
3.303038E+2	6.993807E+0
3.305670E+2	7.234244E+0
3.308301E+2	7.676867E+0
3.310933E+2	7.769763E+0
3.313564E+2	7.742441E+0
3.316196E+2	7.578506E+0
3.318827E+2	7.518397E+0
3.321458E+2	7.726047E+0
3.324089E+2	7.933698E+0
3.326721E+2	7.884517E+0
3.329352E+2	7.791621E+0
3.331983E+2	7.802550E+0
3.334614E+2	8.119490E+0
3.337244E+2	8.321676E+0
3.339875E+2	8.141348E+0
3.342506E+2	8.092168E+0
3.345136E+2	8.179599E+0
3.347767E+2	7.982878E+0
3.350397E+2	7.928233E+0
3.353028E+2	7.950091E+0
3.355658E+2	7.786157E+0
3.358288E+2	7.687796E+0
3.360918E+2	7.600364E+0
3.363548E+2	7.409107E+0
3.366178E+2	7.414572E+0
3.368808E+2	7.217851E+0
3.371438E+2	7.010200E+0
3.374068E+2	6.835337E+0
3.376698E+2	6.950091E+0
3.379327E+2	7.075774E+0
3.381957E+2	7.042987E+0
3.384586E+2	7.021129E+0
3.387216E+2	7.168670E+0
3.389845E+2	7.277960E+0
3.392474E+2	7.398179E+0
3.395103E+2	7.507468E+0
3.397733E+2	7.726047E+0
3.400362E+2	7.764299E+0
3.402990E+2	7.758834E+0
3.405619E+2	8.097632E+0
3.408248E+2	8.185064E+0
3.410877E+2	8.168670E+0
3.413506E+2	8.168670E+0
3.416134E+2	8.103097E+0
3.418763E+2	7.906375E+0
3.421391E+2	7.911840E+0
3.424019E+2	7.835337E+0
3.426648E+2	7.922769E+0
3.429276E+2	8.217851E+0
3.431904E+2	8.294353E+0
3.434532E+2	8.201457E+0
3.437160E+2	7.939162E+0
3.439788E+2	7.786157E+0
3.442416E+2	7.922769E+0
3.445043E+2	7.824408E+0
3.447671E+2	7.775228E+0
3.450299E+2	7.720583E+0
3.452926E+2	7.485610E+0
3.455554E+2	7.310747E+0
3.458181E+2	7.485610E+0
3.460808E+2	7.671403E+0
3.463436E+2	7.977413E+0
3.466063E+2	7.961020E+0
3.468690E+2	7.627687E+0
3.471317E+2	7.480146E+0
3.473944E+2	7.540255E+0
3.476570E+2	7.698725E+0
3.479197E+2	7.742441E+0
3.481824E+2	7.507468E+0
3.484451E+2	7.441894E+0
3.487077E+2	7.321676E+0
3.489704E+2	7.217851E+0
3.492330E+2	7.458288E+0
3.494956E+2	7.441894E+0
3.497582E+2	7.600364E+0
3.500209E+2	7.573042E+0
3.502835E+2	7.545719E+0
3.505461E+2	7.370856E+0
3.508087E+2	7.316211E+0
3.510713E+2	7.469217E+0
3.513338E+2	7.321676E+0
3.515964E+2	7.529326E+0
3.518590E+2	7.452823E+0
3.521215E+2	7.327140E+0
3.523841E+2	7.179599E+0
3.526466E+2	7.168670E+0
3.529091E+2	7.496539E+0
3.531717E+2	7.594900E+0
3.534342E+2	7.889982E+0
3.536967E+2	7.786157E+0
3.539592E+2	7.447359E+0
3.542217E+2	7.288889E+0
3.544842E+2	7.321676E+0
3.547467E+2	7.070310E+0
3.550091E+2	7.108561E+0
3.552716E+2	7.234244E+0
3.555341E+2	7.294353E+0
3.557965E+2	7.250638E+0
3.560590E+2	7.256102E+0
3.563214E+2	7.414572E+0
3.565838E+2	7.387250E+0
3.568462E+2	7.573042E+0
3.571086E+2	7.343534E+0
3.573711E+2	7.425501E+0
3.576335E+2	7.687796E+0
3.578958E+2	7.611293E+0
3.581582E+2	7.518397E+0
3.584206E+2	7.458288E+0
3.586830E+2	7.381785E+0
3.589453E+2	6.982878E+0
3.592077E+2	6.709654E+0
3.594700E+2	6.753370E+0
3.597324E+2	6.857195E+0
3.599947E+2	6.791621E+0
3.602570E+2	6.862659E+0
3.605193E+2	6.660474E+0
3.607816E+2	6.589435E+0
3.610439E+2	6.808015E+0
3.613062E+2	7.338069E+0
3.615685E+2	7.256102E+0
3.618308E+2	7.277960E+0
3.620930E+2	7.217851E+0
3.623553E+2	6.797086E+0
3.626176E+2	6.709654E+0
3.628798E+2	7.070310E+0
3.631420E+2	7.021129E+0
3.634043E+2	6.971949E+0
3.636665E+2	6.950091E+0
3.639287E+2	7.037523E+0
3.641909E+2	7.004736E+0
3.644531E+2	6.895446E+0
3.647153E+2	6.813479E+0
3.649775E+2	6.873588E+0
3.652397E+2	6.660474E+0
3.655018E+2	6.474681E+0
3.657640E+2	6.092168E+0
3.660262E+2	6.092168E+0
3.662883E+2	6.048452E+0
3.665505E+2	6.163206E+0
3.668126E+2	6.032058E+0
3.670747E+2	6.092168E+0
3.673368E+2	5.988342E+0
3.675989E+2	5.726047E+0
3.678610E+2	5.895446E+0
3.681231E+2	5.939162E+0
3.683852E+2	6.108561E+0
3.686473E+2	6.059381E+0
3.689094E+2	5.693260E+0
3.691714E+2	5.436430E+0
3.694335E+2	5.075774E+0
3.696955E+2	5.070310E+0
3.699576E+2	5.212386E+0
3.702196E+2	5.256102E+0
3.704816E+2	5.414572E+0
3.707437E+2	5.502004E+0
3.710057E+2	5.403643E+0
3.712677E+2	5.321676E+0
3.715297E+2	5.026594E+0
3.717917E+2	4.911840E+0
3.720536E+2	4.818944E+0
3.723156E+2	4.917304E+0
3.725776E+2	4.895446E+0
3.728395E+2	4.917304E+0
3.731015E+2	4.922769E+0
3.733634E+2	4.939162E+0
3.736254E+2	4.851730E+0
3.738873E+2	4.879053E+0
3.741492E+2	5.004736E+0
3.744111E+2	5.130419E+0
3.746730E+2	5.398179E+0
3.749349E+2	5.786157E+0
3.751968E+2	5.928233E+0
3.754587E+2	5.775228E+0
3.757206E+2	5.463752E+0
3.759824E+2	5.256102E+0
3.762443E+2	4.944627E+0
3.765061E+2	4.868124E+0
3.767680E+2	4.693260E+0
3.770298E+2	4.469217E+0
3.772916E+2	4.070310E+0
3.775535E+2	4.212386E+0
3.778153E+2	4.206922E+0
3.780771E+2	4.157741E+0
3.783389E+2	4.288889E+0
3.786007E+2	4.201457E+0
3.788624E+2	3.950091E+0
3.791242E+2	3.797086E+0
3.793860E+2	3.862659E+0
3.796477E+2	3.736976E+0
3.799095E+2	3.687796E+0
3.801712E+2	3.868124E+0
3.804330E+2	4.010200E+0
3.806947E+2	4.157741E+0
3.809564E+2	4.190528E+0
3.812181E+2	4.212386E+0
3.814798E+2	4.146812E+0
3.817415E+2	4.376321E+0
3.820032E+2	4.299818E+0
3.822649E+2	4.359927E+0
3.825266E+2	4.392714E+0
3.827883E+2	4.518397E+0
3.830499E+2	4.294353E+0
3.833116E+2	4.321676E+0
3.835732E+2	4.540255E+0
3.838348E+2	4.354463E+0
3.840965E+2	4.480146E+0
3.843581E+2	4.387250E+0
3.846197E+2	4.403643E+0
3.848813E+2	4.502004E+0
3.851429E+2	4.420036E+0
3.854045E+2	4.354463E+0
3.856661E+2	4.283424E+0
3.859277E+2	4.425501E+0
3.861892E+2	4.556648E+0
3.864508E+2	4.338069E+0
3.867124E+2	4.338069E+0
3.869739E+2	4.420036E+0
3.872354E+2	4.720583E+0
3.874970E+2	5.267031E+0
3.877585E+2	5.452823E+0
3.880200E+2	5.414572E+0
3.882815E+2	5.545719E+0
3.885430E+2	5.338069E+0
3.888045E+2	5.206922E+0
3.890660E+2	5.447359E+0
3.893275E+2	5.250638E+0
3.895889E+2	5.288889E+0
3.898504E+2	5.217851E+0
3.901118E+2	5.239709E+0
3.903733E+2	5.496539E+0
3.906347E+2	5.359927E+0
3.908962E+2	4.971949E+0
3.911576E+2	4.933698E+0
3.914190E+2	5.135883E+0
3.916804E+2	5.294353E+0
3.919418E+2	5.594900E+0
3.922032E+2	5.660474E+0
3.924646E+2	5.551184E+0
3.927260E+2	5.611293E+0
3.929873E+2	5.638616E+0
3.932487E+2	5.611293E+0
3.935100E+2	5.469217E+0
3.937714E+2	5.343534E+0
3.940327E+2	5.272495E+0
3.942941E+2	5.376321E+0
3.945554E+2	5.567577E+0
3.948167E+2	5.644080E+0
3.950780E+2	6.146812E+0
3.953393E+2	6.310747E+0
3.956006E+2	6.534791E+0
3.958619E+2	6.583971E+0
3.961232E+2	6.425501E+0
3.963844E+2	6.343534E+0
3.966457E+2	6.310747E+0
3.969069E+2	6.480146E+0
3.971682E+2	6.430965E+0
3.974294E+2	6.611293E+0
3.976907E+2	6.649545E+0
3.979519E+2	6.791621E+0
3.982131E+2	6.824408E+0
3.984743E+2	6.824408E+0
3.987355E+2	6.933698E+0
3.989967E+2	7.032058E+0
3.992579E+2	6.933698E+0
3.995191E+2	6.742441E+0
3.997802E+2	6.758834E+0
4.000414E+2	6.731512E+0
4.003025E+2	6.671403E+0
4.005637E+2	6.682332E+0
4.008248E+2	6.753370E+0
4.010860E+2	7.015665E+0
4.013471E+2	7.348998E+0
4.016082E+2	7.015665E+0
4.018693E+2	6.835337E+0
4.021304E+2	6.802550E+0
4.023915E+2	7.037523E+0
4.026526E+2	7.163206E+0
4.029137E+2	7.081239E+0
4.031747E+2	6.846266E+0
4.034358E+2	6.534791E+0
4.036968E+2	6.502004E+0
4.039579E+2	6.682332E+0
4.042189E+2	6.507468E+0
4.044800E+2	6.797086E+0
4.047410E+2	7.053916E+0
4.050020E+2	7.217851E+0
4.052630E+2	7.338069E+0
4.055240E+2	7.381785E+0
4.057850E+2	7.551184E+0
4.060460E+2	7.616758E+0
4.063070E+2	7.305282E+0
4.065679E+2	7.234244E+0
4.068289E+2	6.977413E+0
4.070898E+2	6.955556E+0
4.073508E+2	6.764299E+0
4.076117E+2	6.616758E+0
4.078727E+2	6.502004E+0
4.081336E+2	6.780692E+0
4.083945E+2	6.988342E+0
4.086554E+2	7.108561E+0
4.089163E+2	7.092168E+0
4.091772E+2	7.392714E+0
4.094381E+2	7.529326E+0
4.096990E+2	7.917304E+0
4.099598E+2	8.168670E+0
4.102207E+2	7.982878E+0
4.104815E+2	8.026594E+0
4.107424E+2	7.906375E+0
4.110032E+2	7.682332E+0
4.112640E+2	7.398179E+0
4.115249E+2	7.195993E+0
4.117857E+2	7.299818E+0
4.120465E+2	7.316211E+0
4.123073E+2	7.299818E+0
4.125681E+2	7.436430E+0
4.128289E+2	7.398179E+0
4.130896E+2	7.578506E+0
4.133504E+2	7.392714E+0
4.136112E+2	7.316211E+0
4.138719E+2	7.316211E+0
4.141327E+2	7.163206E+0
4.143934E+2	7.256102E+0
4.146541E+2	7.491075E+0
4.149149E+2	7.359927E+0
4.151756E+2	7.616758E+0
4.154363E+2	7.758834E+0
4.156970E+2	7.966485E+0
4.159577E+2	8.234244E+0
4.162184E+2	8.387250E+0
4.164790E+2	8.616758E+0
4.167397E+2	8.693260E+0
4.170004E+2	8.611293E+0
4.172610E+2	8.567577E+0
4.175217E+2	9.092168E+0
4.177823E+2	9.195993E+0
4.180429E+2	9.299818E+0
4.183035E+2	9.179599E+0
4.185642E+2	9.075774E+0
4.188248E+2	9.064845E+0
4.190854E+2	8.982878E+0
4.193459E+2	9.130419E+0
4.196065E+2	9.447359E+0
4.198671E+2	9.267031E+0
4.201277E+2	9.234244E+0
4.203882E+2	9.267031E+0
4.206488E+2	9.070310E+0
4.209093E+2	8.780692E+0
4.211699E+2	8.824408E+0
4.214304E+2	8.742441E+0
4.216909E+2	8.889982E+0
4.219514E+2	8.911840E+0
4.222119E+2	8.862659E+0
4.224724E+2	9.021129E+0
4.227329E+2	9.469217E+0
4.229934E+2	9.556648E+0
4.232539E+2	9.589435E+0
4.235143E+2	1.003752E+1
4.237748E+2	1.011949E+1
4.240352E+2	1.013042E+1
4.242957E+2	1.004299E+1
4.245561E+2	9.955556E+0
4.248166E+2	1.006485E+1
4.250770E+2	9.895446E+0
4.253374E+2	9.955556E+0
4.255978E+2	9.704189E+0
4.258582E+2	9.665938E+0
4.261186E+2	9.868124E+0
4.263790E+2	9.988342E+0
4.266393E+2	1.019599E+1
4.268997E+2	1.043097E+1
4.271600E+2	1.064408E+1
4.274204E+2	1.078069E+1
4.276807E+2	1.085173E+1
4.279411E+2	1.082441E+1
4.282014E+2	1.088452E+1
4.284617E+2	1.066594E+1
4.287220E+2	1.066047E+1
4.289823E+2	1.064954E+1
4.292426E+2	1.081348E+1
4.295029E+2	1.079709E+1
4.297632E+2	1.070965E+1
4.300235E+2	1.075337E+1
4.302837E+2	1.073151E+1
4.305440E+2	1.056758E+1
4.308042E+2	1.086266E+1
4.310645E+2	1.104845E+1
4.313247E+2	1.115774E+1
4.315849E+2	1.086266E+1
4.318451E+2	1.061676E+1
4.321054E+2	1.076430E+1
4.323656E+2	1.061129E+1
4.326258E+2	1.063862E+1
4.328859E+2	1.052933E+1
4.331461E+2	1.033260E+1
4.334063E+2	1.037632E+1
4.336665E+2	1.042550E+1
4.339266E+2	1.051293E+1
4.341868E+2	1.047468E+1
4.344469E+2	1.056211E+1
4.347070E+2	1.074244E+1
4.349671E+2	1.088998E+1
4.352273E+2	1.105392E+1
4.354874E+2	1.069872E+1
4.357475E+2	1.081348E+1
4.360076E+2	1.093916E+1
4.362677E+2	1.104845E+1
4.365277E+2	1.103206E+1
4.367878E+2	1.135446E+1
4.370479E+2	1.139818E+1
4.373079E+2	1.136539E+1
4.375680E+2	1.139271E+1
4.378280E+2	1.128889E+1
4.380880E+2	1.155118E+1
4.383480E+2	1.145829E+1
4.386081E+2	1.156758E+1
4.388681E+2	1.190091E+1
4.391281E+2	1.209763E+1
4.393881E+2	1.188998E+1
4.396480E+2	1.201020E+1
4.399080E+2	1.188452E+1
4.401680E+2	1.187359E+1
4.404279E+2	1.197741E+1
4.406879E+2	1.208670E+1
4.409478E+2	1.223424E+1
4.412078E+2	1.225610E+1
4.414677E+2	1.246375E+1
4.417276E+2	1.232714E+1
4.419875E+2	1.248561E+1
4.422474E+2	1.244189E+1
4.425073E+2	1.256211E+1
4.427672E+2	1.250200E+1
4.430271E+2	1.244189E+1
4.432870E+2	1.231621E+1
4.435469E+2	1.213588E+1
4.438067E+2	1.220146E+1
4.440666E+2	1.226703E+1
4.443264E+2	1.254026E+1
4.445862E+2	1.246922E+1
4.448461E+2	1.244736E+1
4.451059E+2	1.254572E+1
4.453657E+2	1.281348E+1
4.456255E+2	1.291184E+1
4.458853E+2	1.311949E+1
4.461451E+2	1.337632E+1
4.464049E+2	1.337632E+1
4.466646E+2	1.334900E+1
4.469244E+2	1.338725E+1
4.471842E+2	1.340364E+1
4.474439E+2	1.370965E+1
4.477036E+2	1.385173E+1
4.479634E+2	1.373151E+1
4.482231E+2	1.386812E+1
4.484828E+2	1.368780E+1
4.487425E+2	1.372058E+1
4.490022E+2	1.393916E+1
4.492619E+2	1.401566E+1
4.495216E+2	1.414135E+1
4.497813E+2	1.396648E+1
4.500410E+2	1.411949E+1
4.503006E+2	1.410310E+1
4.505603E+2	1.417960E+1
4.508199E+2	1.423971E+1
4.510796E+2	1.404299E+1
4.513392E+2	1.415228E+1
4.515988E+2	1.423971E+1
4.518584E+2	1.440364E+1
4.521180E+2	1.430528E+1
4.523776E+2	1.442550E+1
4.526372E+2	1.428342E+1
4.528968E+2	1.409763E+1
4.531564E+2	1.402659E+1
4.534160E+2	1.415228E+1
4.536755E+2	1.455118E+1
4.539351E+2	1.486266E+1
4.541946E+2	1.486812E+1
4.544541E+2	1.483534E+1
4.547137E+2	1.461129E+1
4.549732E+2	1.474791E+1
4.552327E+2	1.463315E+1
4.554922E+2	1.453479E+1
4.557517E+2	1.465501E+1
4.560112E+2	1.494463E+1
4.562707E+2	1.507031E+1
4.565302E+2	1.501566E+1
4.567896E+2	1.537632E+1
4.570491E+2	1.552386E+1
4.573085E+2	1.548015E+1
4.575680E+2	1.570419E+1
4.578274E+2	1.539271E+1
4.580868E+2	1.531621E+1
4.583463E+2	1.540911E+1
4.586057E+2	1.550200E+1
4.588651E+2	1.586812E+1
4.591245E+2	1.606485E+1
4.593838E+2	1.646922E+1
4.596432E+2	1.691184E+1
4.599026E+2	1.713042E+1
4.601620E+2	1.714681E+1
4.604213E+2	1.729982E+1
4.606807E+2	1.752933E+1
4.609400E+2	1.758944E+1
4.611993E+2	1.755118E+1
4.614587E+2	1.770419E+1
4.617180E+2	1.788452E+1
4.619773E+2	1.781894E+1
4.622366E+2	1.813588E+1
4.624959E+2	1.845829E+1
4.627552E+2	1.837086E+1
4.630144E+2	1.853479E+1
4.632737E+2	1.861129E+1
4.635330E+2	1.886266E+1
4.637922E+2	1.930528E+1
4.640515E+2	1.931075E+1
4.643107E+2	1.974791E+1
4.645699E+2	2.001566E+1
4.648292E+2	2.002659E+1
4.650884E+2	2.017413E+1
4.653476E+2	2.036539E+1
4.656068E+2	2.075883E+1
4.658660E+2	2.087905E+1
4.661251E+2	2.127796E+1
4.663843E+2	2.142004E+1
4.666435E+2	2.142550E+1
4.669026E+2	2.176976E+1
4.671618E+2	2.187359E+1
4.674209E+2	2.207577E+1
4.676801E+2	2.204845E+1
4.679392E+2	2.233260E+1
4.681983E+2	2.251293E+1
4.684574E+2	2.290638E+1
4.687165E+2	2.332714E+1
4.689756E+2	2.384080E+1
4.692347E+2	2.405938E+1
4.694938E+2	2.416321E+1
4.697529E+2	2.401020E+1
4.700119E+2	2.439818E+1
4.702710E+2	2.453479E+1
4.705300E+2	2.488998E+1
4.707891E+2	2.484627E+1
4.710481E+2	2.527250E+1
4.713071E+2	2.575337E+1
4.715661E+2	2.626703E+1
4.718252E+2	2.658397E+1
4.720842E+2	2.685719E+1
4.723431E+2	2.725610E+1
4.726021E+2	2.749654E+1
4.728611E+2	2.768233E+1
4.731201E+2	2.812495E+1
4.733790E+2	2.858397E+1
4.736380E+2	2.930528E+1
4.738969E+2	2.976430E+1
4.741559E+2	3.017960E+1
4.744148E+2	3.068780E+1
4.746737E+2	3.121785E+1
4.749326E+2	3.183534E+1
4.751915E+2	3.196648E+1
4.754504E+2	3.227250E+1
4.757093E+2	3.296102E+1
4.759682E+2	3.337086E+1
4.762271E+2	3.395009E+1
4.764859E+2	3.444736E+1
4.767448E+2	3.513042E+1
4.770037E+2	3.552933E+1
4.772625E+2	3.628889E+1
4.775213E+2	3.686812E+1
4.777802E+2	3.739818E+1
4.780390E+2	3.793916E+1
4.782978E+2	3.849654E+1
4.785566E+2	3.939818E+1
4.788154E+2	4.010856E+1
4.790742E+2	4.075337E+1
4.793329E+2	4.113588E+1
4.795917E+2	4.183534E+1
4.798505E+2	4.265501E+1
4.801092E+2	4.344736E+1
4.803680E+2	4.432168E+1
4.806267E+2	4.518506E+1
4.808854E+2	4.560036E+1
4.811442E+2	4.637086E+1
4.814029E+2	4.704299E+1
4.816616E+2	4.805392E+1
4.819203E+2	4.866594E+1
4.821790E+2	4.942004E+1
4.824377E+2	5.048015E+1
4.826963E+2	5.134900E+1
4.829550E+2	5.241457E+1
4.832137E+2	5.337086E+1
4.834723E+2	5.437086E+1
4.837310E+2	5.544736E+1
4.839896E+2	5.668780E+1
4.842482E+2	5.765501E+1
4.845068E+2	5.857851E+1
4.847655E+2	5.961129E+1
4.850241E+2	6.048561E+1
4.852827E+2	6.135993E+1
4.855412E+2	6.246922E+1
4.857998E+2	6.370965E+1
4.860584E+2	6.481348E+1
4.863170E+2	6.575337E+1
4.865755E+2	6.725064E+1
4.868341E+2	6.847468E+1
4.870926E+2	6.942004E+1
4.873511E+2	7.022332E+1
4.876097E+2	7.129982E+1
4.878682E+2	7.253479E+1
4.881267E+2	7.373151E+1
4.883852E+2	7.496648E+1
4.886437E+2	7.643643E+1
4.889022E+2	7.773698E+1
4.891606E+2	7.895556E+1
4.894191E+2	8.025064E+1
4.896776E+2	8.188452E+1
4.899360E+2	8.334900E+1
4.901945E+2	8.459490E+1
4.904529E+2	8.554572E+1
4.907113E+2	8.678069E+1
4.909697E+2	8.850200E+1
4.912282E+2	9.014681E+1
4.914866E+2	9.141457E+1
4.917450E+2	9.299381E+1
4.920034E+2	9.438725E+1
4.922617E+2	9.572058E+1
4.925201E+2	9.723424E+1
4.927785E+2	9.901020E+1
4.930368E+2	1.003872E+2
4.932952E+2	1.019556E+2
4.935535E+2	1.035785E+2
4.938118E+2	1.053381E+2
4.940702E+2	1.070703E+2
4.943285E+2	1.089064E+2
4.945868E+2	1.106714E+2
4.948451E+2	1.126222E+2
4.951034E+2	1.146058E+2
4.953617E+2	1.163545E+2
4.956200E+2	1.181960E+2
4.958782E+2	1.200922E+2
4.961365E+2	1.221304E+2
4.963947E+2	1.241195E+2
4.966530E+2	1.262561E+2
4.969112E+2	1.281468E+2
4.971694E+2	1.301413E+2
4.974277E+2	1.320266E+2
4.976859E+2	1.342015E+2
4.979441E+2	1.363435E+2
4.982023E+2	1.384310E+2
4.984605E+2	1.407807E+2
4.987187E+2	1.429719E+2
4.989768E+2	1.450485E+2
4.992350E+2	1.471195E+2
4.994931E+2	1.492124E+2
4.997513E+2	1.510539E+2
5.000094E+2	1.535621E+2
5.002676E+2	1.560266E+2
5.005257E+2	1.584474E+2
5.007838E+2	1.609938E+2
5.010419E+2	1.635129E+2
5.013000E+2	1.659938E+2
5.015581E+2	1.683763E+2
5.018162E+2	1.713872E+2
5.020743E+2	1.740321E+2
5.023323E+2	1.764747E+2
5.025904E+2	1.792452E+2
5.028485E+2	1.820102E+2
5.031065E+2	1.849392E+2
5.033645E+2	1.875785E+2
5.036226E+2	1.902889E+2
5.038806E+2	1.930594E+2
5.041386E+2	1.956659E+2
5.043966E+2	1.985184E+2
5.046546E+2	2.012889E+2
5.049126E+2	2.043326E+2
5.051706E+2	2.077916E+2
5.054285E+2	2.107424E+2
5.056865E+2	2.136441E+2
5.059445E+2	2.168954E+2
5.062024E+2	2.205457E+2
5.064604E+2	2.237698E+2
5.067183E+2	2.267588E+2
5.069762E+2	2.298627E+2
5.072341E+2	2.330430E+2
5.074920E+2	2.363654E+2
5.077499E+2	2.397097E+2
5.080078E+2	2.434036E+2
5.082657E+2	2.468627E+2
5.085236E+2	2.505621E+2
5.087815E+2	2.542561E+2
5.090393E+2	2.579829E+2
5.092972E+2	2.618135E+2
5.095550E+2	2.656769E+2
5.098129E+2	2.693982E+2
5.100707E+2	2.729392E+2
5.103285E+2	2.765566E+2
5.105863E+2	2.805075E+2
5.108441E+2	2.845075E+2
5.111019E+2	2.885293E+2
5.113597E+2	2.923709E+2
5.116175E+2	2.963545E+2
5.118753E+2	3.003271E+2
5.121330E+2	3.045184E+2
5.123908E+2	3.089392E+2
5.126485E+2	3.136058E+2
5.129063E+2	3.179938E+2
5.131640E+2	3.229009E+2
5.134217E+2	3.270867E+2
5.136794E+2	3.318627E+2
5.139371E+2	3.365403E+2
5.141948E+2	3.412670E+2
5.144525E+2	3.461195E+2
5.147102E+2	3.509938E+2
5.149679E+2	3.561304E+2
5.152256E+2	3.610430E+2
5.154832E+2	3.664474E+2
5.157409E+2	3.713818E+2
5.159985E+2	3.766769E+2
5.162562E+2	3.815293E+2
5.165138E+2	3.865676E+2
5.167714E+2	3.918954E+2
5.170290E+2	3.974747E+2
5.172866E+2	4.028791E+2
5.175442E+2	4.079774E+2
5.178018E+2	4.136222E+2
5.180594E+2	4.191851E+2
5.183170E+2	4.247424E+2
5.185745E+2	4.305075E+2
5.188321E+2	4.359064E+2
5.190896E+2	4.419501E+2
5.193472E+2	4.481796E+2
5.196047E+2	4.542342E+2
5.198622E+2	4.602616E+2
5.201197E+2	4.662015E+2
5.203772E+2	4.722397E+2
5.206347E+2	4.784911E+2
5.208922E+2	4.841577E+2
5.211497E+2	4.906769E+2
5.214072E+2	4.970102E+2
5.216646E+2	5.034692E+2
5.219221E+2	5.099009E+2
5.221795E+2	5.167042E+2
5.224370E+2	5.235239E+2
5.226944E+2	5.299392E+2
5.229519E+2	5.368353E+2
5.232093E+2	5.438681E+2
5.234667E+2	5.509009E+2
5.237241E+2	5.578517E+2
5.239815E+2	5.652015E+2
5.242389E+2	5.721632E+2
5.244962E+2	5.794528E+2
5.247536E+2	5.865676E+2
5.250110E+2	5.936605E+2
5.252683E+2	6.008736E+2
5.255257E+2	6.084583E+2
5.257830E+2	6.162834E+2
5.260403E+2	6.240102E+2
5.262977E+2	6.313162E+2
5.265550E+2	6.389665E+2
5.268123E+2	6.463927E+2
5.270696E+2	6.544036E+2
5.273269E+2	6.622889E+2
5.275841E+2	6.701468E+2
5.278414E+2	6.783217E+2
5.280987E+2	6.863326E+2
5.283559E+2	6.944747E+2
5.286132E+2	7.029118E+2
5.288704E+2	7.111413E+2
5.291276E+2	7.201796E+2
5.293849E+2	7.284146E+2
5.296421E+2	7.366058E+2
5.298993E+2	7.448189E+2
5.301565E+2	7.538353E+2
5.304137E+2	7.625020E+2
5.306709E+2	7.713982E+2
5.309280E+2	7.806277E+2
5.311852E+2	7.891031E+2
5.314424E+2	7.977862E+2
5.316995E+2	8.068791E+2
5.319567E+2	8.163927E+2
5.322138E+2	8.257916E+2
5.324709E+2	8.354310E+2
5.327280E+2	8.450375E+2
5.329852E+2	8.549610E+2
5.332423E+2	8.648954E+2
5.334994E+2	8.749556E+2
5.337564E+2	8.849392E+2
5.340135E+2	8.950321E+2
5.342706E+2	9.053053E+2
5.345276E+2	9.158845E+2
5.347847E+2	9.266933E+2
5.350417E+2	9.370047E+2
5.352988E+2	9.475457E+2
5.355558E+2	9.585293E+2
5.358128E+2	9.694911E+2
5.360698E+2	9.804091E+2
5.363269E+2	9.912124E+2
5.365839E+2	1.002644E+3
5.368408E+2	1.013360E+3
5.370978E+2	1.024906E+3
5.373548E+2	1.036223E+3
5.376118E+2	1.047732E+3
5.378687E+2	1.059628E+3
5.381257E+2	1.071901E+3
5.383826E+2	1.084404E+3
5.386395E+2	1.096650E+3
5.388965E+2	1.109087E+3
5.391534E+2	1.121611E+3
5.394103E+2	1.134016E+3
5.396672E+2	1.146677E+3
5.399241E+2	1.159251E+3
5.401810E+2	1.171660E+3
5.404378E+2	1.184491E+3
5.406947E+2	1.197316E+3
5.409516E+2	1.210267E+3
5.412084E+2	1.223305E+3
5.414653E+2	1.236278E+3
5.417221E+2	1.249617E+3
5.419789E+2	1.263529E+3
5.422357E+2	1.277032E+3
5.424925E+2	1.291114E+3
5.427493E+2	1.305316E+3
5.430061E+2	1.319748E+3
5.432629E+2	1.334180E+3
5.435197E+2	1.348431E+3
5.437765E+2	1.362895E+3
5.440332E+2	1.377256E+3
5.442900E+2	1.391595E+3
5.445467E+2	1.406655E+3
5.448035E+2	1.421874E+3
5.450602E+2	1.437305E+3
5.453169E+2	1.452770E+3
5.455736E+2	1.468382E+3
5.458303E+2	1.483633E+3
5.460870E+2	1.499436E+3
5.463437E+2	1.515196E+3
5.466004E+2	1.530781E+3
5.468571E+2	1.546863E+3
5.471137E+2	1.563065E+3
5.473704E+2	1.578617E+3
5.476270E+2	1.594693E+3
5.478837E+2	1.610600E+3
5.481403E+2	1.626507E+3
5.483969E+2	1.642917E+3
5.486535E+2	1.659267E+3
5.489101E+2	1.676141E+3
5.491667E+2	1.692518E+3
5.494233E+2	1.709742E+3
5.496799E+2	1.727305E+3
5.499365E+2	1.744813E+3
5.501931E+2	1.762234E+3
5.504496E+2	1.779852E+3
5.507062E+2	1.797584E+3
5.509627E+2	1.814950E+3
5.512192E+2	1.833098E+3
5.514758E+2	1.851699E+3
5.517323E+2	1.870644E+3
5.519888E+2	1.889830E+3
5.522453E+2	1.908294E+3
5.525018E+2	1.927158E+3
5.527583E+2	1.945704E+3
5.530147E+2	1.964431E+3
5.532712E+2	1.982961E+3
5.535277E+2	2.001562E+3
5.537841E+2	2.020098E+3
5.540406E+2	2.039054E+3
5.542970E+2	2.058764E+3
5.545534E+2	2.078152E+3
5.548098E+2	2.097775E+3
5.550663E+2	2.118218E+3
5.553227E+2	2.138294E+3
5.555791E+2	2.158732E+3
5.558354E+2	2.179633E+3
5.560918E+2	2.200813E+3
5.563482E+2	2.222606E+3
5.566046E+2	2.243917E+3
5.568609E+2	2.265076E+3
5.571173E+2	2.286442E+3
5.573736E+2	2.308497E+3
5.576299E+2	2.330240E+3
5.578862E+2	2.352715E+3
5.581426E+2	2.374267E+3
5.583989E+2	2.396251E+3
5.586552E+2	2.418639E+3
5.589114E+2	2.440824E+3
5.591677E+2	2.464136E+3
5.594240E+2	2.487529E+3
5.596803E+2	2.510600E+3
5.599365E+2	2.533923E+3
5.601928E+2	2.557256E+3
5.604490E+2	2.580480E+3
5.607052E+2	2.604415E+3
5.609614E+2	2.628988E+3
5.612177E+2	2.654021E+3
5.614739E+2	2.678617E+3
5.617301E+2	2.703360E+3
5.619863E+2	2.728087E+3
5.622424E+2	2.753229E+3
5.624986E+2	2.778956E+3
5.627548E+2	2.804606E+3
5.630109E+2	2.831070E+3
5.632671E+2	2.857251E+3
5.635232E+2	2.884119E+3
5.637794E+2	2.911737E+3
5.640355E+2	2.939109E+3
5.642916E+2	2.966431E+3
5.645477E+2	2.993704E+3
5.648038E+2	3.021431E+3
5.650599E+2	3.048671E+3
5.653160E+2	3.075988E+3
5.655721E+2	3.104038E+3
5.658281E+2	3.132906E+3
5.660842E+2	3.161486E+3
5.663402E+2	3.190114E+3
5.665963E+2	3.219568E+3
5.668523E+2	3.248923E+3
5.671083E+2	3.278316E+3
5.673644E+2	3.308677E+3
5.676204E+2	3.338119E+3
5.678764E+2	3.368256E+3
5.681324E+2	3.399453E+3
5.683883E+2	3.430617E+3
5.686443E+2	3.462212E+3
5.689003E+2	3.494584E+3
5.691562E+2	3.526420E+3
5.694122E+2	3.558868E+3
5.696681E+2	3.591611E+3
5.699241E+2	3.624245E+3
5.701800E+2	3.657256E+3
5.704359E+2	3.690338E+3
5.706918E+2	3.723917E+3
5.709477E+2	3.757803E+3
5.712036E+2	3.791322E+3
5.714595E+2	3.826240E+3
5.717154E+2	3.860535E+3
5.719713E+2	3.893895E+3
5.722271E+2	3.927961E+3
5.724830E+2	3.963502E+3
5.727388E+2	3.999650E+3
5.729947E+2	4.035147E+3
5.732505E+2	4.070961E+3
5.735063E+2	4.106819E+3
5.737621E+2	4.144808E+3
5.740179E+2	4.181633E+3
5.742737E+2	4.218830E+3
5.745295E+2	4.256431E+3
5.747853E+2	4.293442E+3
5.750411E+2	4.330830E+3
5.752968E+2	4.369671E+3
5.755526E+2	4.408622E+3
5.758083E+2	4.446311E+3
5.760641E+2	4.485349E+3
5.763198E+2	4.524125E+3
5.765755E+2	4.563409E+3
5.768312E+2	4.602639E+3
5.770869E+2	4.641956E+3
5.773426E+2	4.681420E+3
5.775983E+2	4.721628E+3
5.778540E+2	4.762038E+3
5.781097E+2	4.803256E+3
5.783653E+2	4.844032E+3
5.786210E+2	4.884568E+3
5.788766E+2	4.925688E+3
5.791323E+2	4.967475E+3
5.793879E+2	5.009420E+3
5.796435E+2	5.050808E+3
5.798991E+2	5.092573E+3
5.801547E+2	5.134573E+3
5.804103E+2	5.176518E+3
5.806659E+2	5.218016E+3
5.809215E+2	5.260502E+3
5.811771E+2	5.303584E+3
5.814327E+2	5.345699E+3
5.816882E+2	5.388639E+3
5.819438E+2	5.432043E+3
5.821993E+2	5.474442E+3
5.824548E+2	5.516316E+3
5.827104E+2	5.559201E+3
5.829659E+2	5.601819E+3
5.832214E+2	5.644546E+3
5.834769E+2	5.688660E+3
5.837324E+2	5.732650E+3
5.839878E+2	5.777005E+3
5.842433E+2	5.821294E+3
5.844988E+2	5.864988E+3
5.847542E+2	5.908715E+3
5.850097E+2	5.951540E+3
5.852651E+2	5.994726E+3
5.855206E+2	6.038234E+3
5.857760E+2	6.082502E+3
5.860314E+2	6.126382E+3
5.862868E+2	6.169737E+3
5.865422E+2	6.212852E+3
5.867976E+2	6.258240E+3
5.870530E+2	6.301546E+3
5.873084E+2	6.346016E+3
5.875637E+2	6.390650E+3
5.878191E+2	6.435087E+3
5.880744E+2	6.478442E+3
5.883298E+2	6.522021E+3
5.885851E+2	6.566305E+3
5.888404E+2	6.610835E+3
5.890958E+2	6.655458E+3
5.893511E+2	6.699617E+3
5.896064E+2	6.743977E+3
5.898617E+2	6.787966E+3
5.901169E+2	6.832513E+3
5.903722E+2	6.876917E+3
5.906275E+2	6.921229E+3
5.908827E+2	6.965671E+3
5.911380E+2	7.009606E+3
5.913932E+2	7.054650E+3
5.916485E+2	7.099262E+3
5.919037E+2	7.144480E+3
5.921589E+2	7.187874E+3
5.924141E+2	7.231890E+3
5.926693E+2	7.275726E+3
5.929245E+2	7.320458E+3
5.931797E+2	7.365185E+3
5.934349E+2	7.408956E+3
5.936900E+2	7.452589E+3
5.939452E+2	7.497141E+3
5.942004E+2	7.541781E+3
5.944555E+2	7.586180E+3
5.947106E+2	7.630147E+3
5.949658E+2	7.673147E+3
5.952209E+2	7.717945E+3
5.954760E+2	7.762677E+3
5.957311E+2	7.806027E+3
5.959862E+2	7.850562E+3
5.962413E+2	7.897404E+3
5.964963E+2	7.941125E+3
5.967514E+2	7.984885E+3
5.970065E+2	8.029945E+3
5.972615E+2	8.074169E+3
5.975166E+2	8.118283E+3
5.977716E+2	8.164234E+3
5.980266E+2	8.211119E+3
5.982816E+2	8.255633E+3
5.985367E+2	8.299715E+3
5.987917E+2	8.345393E+3
5.990467E+2	8.390442E+3
5.993016E+2	8.434546E+3
5.995566E+2	8.478398E+3
5.998116E+2	8.522163E+3
6.000665E+2	8.566387E+3
6.003215E+2	8.611103E+3
6.005764E+2	8.658360E+3
6.008314E+2	8.705021E+3
6.010863E+2	8.750999E+3
6.013412E+2	8.795305E+3
6.015961E+2	8.840196E+3
6.018510E+2	8.885824E+3
6.021059E+2	8.931458E+3
6.023608E+2	8.975759E+3
6.026157E+2	9.019562E+3
6.028706E+2	9.063272E+3
6.031254E+2	9.107824E+3
6.033803E+2	9.151513E+3
6.036351E+2	9.195857E+3
6.038900E+2	9.239868E+3
6.041448E+2	9.282813E+3
6.043996E+2	9.327349E+3
6.046544E+2	9.370611E+3
6.049092E+2	9.413595E+3
6.051640E+2	9.457890E+3
6.054188E+2	9.502622E+3
6.056736E+2	9.547453E+3
6.059283E+2	9.590939E+3
6.061831E+2	9.634442E+3
6.064378E+2	9.677835E+3
6.066926E+2	9.721240E+3
6.069473E+2	9.765398E+3
6.072021E+2	9.808874E+3
6.074568E+2	9.850977E+3
6.077115E+2	9.894076E+3
6.079662E+2	9.938098E+3
6.082209E+2	9.983415E+3
6.084756E+2	1.002625E+4
6.087302E+2	1.006875E+4
6.089849E+2	1.011189E+4
6.092396E+2	1.015350E+4
6.094942E+2	1.019736E+4
6.097489E+2	1.024096E+4
6.100035E+2	1.028292E+4
6.102581E+2	1.032514E+4
6.105127E+2	1.036788E+4
6.107674E+2	1.041021E+4
6.110220E+2	1.045157E+4
6.112766E+2	1.049387E+4
6.115311E+2	1.053579E+4
6.117857E+2	1.057703E+4
6.120403E+2	1.061893E+4
6.122948E+2	1.066013E+4
6.125494E+2	1.070027E+4
6.128039E+2	1.074097E+4
6.130585E+2	1.078109E+4
6.133130E+2	1.081991E+4
6.135675E+2	1.085866E+4
6.138220E+2	1.089791E+4
6.140765E+2	1.093808E+4
6.143310E+2	1.097789E+4
6.145855E+2	1.101697E+4
6.148400E+2	1.105591E+4
6.150945E+2	1.109585E+4
6.153489E+2	1.113562E+4
6.156034E+2	1.117486E+4
6.158578E+2	1.121496E+4
6.161123E+2	1.125107E+4
6.163667E+2	1.128621E+4
6.166211E+2	1.132289E+4
6.168755E+2	1.136019E+4
6.171299E+2	1.139718E+4
6.173843E+2	1.143424E+4
6.176387E+2	1.147015E+4
6.178931E+2	1.150552E+4
6.181474E+2	1.154298E+4
6.184018E+2	1.157925E+4
6.186561E+2	1.161550E+4
6.189105E+2	1.165270E+4
6.191648E+2	1.168931E+4
6.194191E+2	1.172420E+4
6.196735E+2	1.176078E+4
6.199278E+2	1.179472E+4
6.201821E+2	1.182952E+4
6.204364E+2	1.186280E+4
6.206907E+2	1.189448E+4
6.209449E+2	1.192735E+4
6.211992E+2	1.196090E+4
6.214535E+2	1.199280E+4
6.217077E+2	1.202627E+4
6.219619E+2	1.205574E+4
6.222162E+2	1.208607E+4
6.224704E+2	1.211580E+4
6.227246E+2	1.214511E+4
6.229788E+2	1.217536E+4
6.232330E+2	1.220600E+4
6.234872E+2	1.223567E+4
6.237414E+2	1.226352E+4
6.239956E+2	1.229197E+4
6.242498E+2	1.232125E+4
6.245039E+2	1.234959E+4
6.247581E+2	1.238022E+4
6.250122E+2	1.240568E+4
6.252663E+2	1.243172E+4
6.255205E+2	1.245827E+4
6.257746E+2	1.248294E+4
6.260287E+2	1.250755E+4
6.262828E+2	1.253041E+4
6.265369E+2	1.255553E+4
6.267910E+2	1.257850E+4
6.270450E+2	1.260046E+4
6.272991E+2	1.262155E+4
6.275532E+2	1.264234E+4
6.278072E+2	1.266155E+4
6.280613E+2	1.267912E+4
6.283153E+2	1.269556E+4
6.285693E+2	1.271384E+4
6.288233E+2	1.273022E+4
6.290773E+2	1.274688E+4
6.293313E+2	1.276202E+4
6.295853E+2	1.277625E+4
6.298393E+2	1.278809E+4
6.300933E+2	1.279746E+4
6.303472E+2	1.280812E+4
6.306012E+2	1.281651E+4
6.308551E+2	1.282504E+4
6.311091E+2	1.283186E+4
6.313630E+2	1.283658E+4
6.316169E+2	1.284331E+4
6.318709E+2	1.284815E+4
6.321248E+2	1.285076E+4
6.323787E+2	1.285304E+4
6.326326E+2	1.285425E+4
6.328864E+2	1.285455E+4
6.331403E+2	1.285601E+4
6.333942E+2	1.285505E+4
6.336480E+2	1.285283E+4
6.339019E+2	1.285113E+4
6.341557E+2	1.284687E+4
6.344095E+2	1.284156E+4
6.346634E+2	1.283456E+4
6.349172E+2	1.282533E+4
6.351710E+2	1.281423E+4
6.354248E+2	1.280438E+4
6.356786E+2	1.279336E+4
6.359324E+2	1.278327E+4
6.361861E+2	1.277039E+4
6.364399E+2	1.275542E+4
6.366936E+2	1.273781E+4
6.369474E+2	1.272440E+4
6.372011E+2	1.270434E+4
6.374549E+2	1.268789E+4
6.377086E+2	1.266986E+4
6.379623E+2	1.264998E+4
6.382160E+2	1.262885E+4
6.384697E+2	1.260531E+4
6.387234E+2	1.258300E+4
6.389771E+2	1.255792E+4
6.392307E+2	1.253343E+4
6.394844E+2	1.250951E+4
6.397380E+2	1.248256E+4
6.399917E+2	1.245409E+4
6.402453E+2	1.242367E+4
6.404990E+2	1.239426E+4
6.407526E+2	1.236317E+4
6.410062E+2	1.233101E+4
6.412598E+2	1.229919E+4
6.415134E+2	1.226441E+4
6.417670E+2	1.223181E+4
6.420206E+2	1.219519E+4
6.422741E+2	1.216141E+4
6.425277E+2	1.212680E+4
6.427812E+2	1.209182E+4
6.430348E+2	1.205587E+4
6.432883E+2	1.202119E+4
6.435418E+2	1.198598E+4
6.437954E+2	1.195025E+4
6.440489E+2	1.191285E+4
6.443024E+2	1.187522E+4
6.445559E+2	1.183628E+4
6.448094E+2	1.179864E+4
6.450628E+2	1.175852E+4
6.453163E+2	1.172172E+4
6.455698E+2	1.168539E+4
6.458232E+2	1.164690E+4
6.460767E+2	1.160816E+4
6.463301E+2	1.156921E+4
6.465835E+2	1.153096E+4
6.468369E+2	1.149266E+4
6.470903E+2	1.145284E+4
6.473437E+2	1.141474E+4
6.475971E+2	1.137679E+4
6.478505E+2	1.133734E+4
6.481039E+2	1.129828E+4
6.483573E+2	1.125947E+4
6.486106E+2	1.121886E+4
6.488640E+2	1.117939E+4
6.491173E+2	1.113952E+4
6.493706E+2	1.109866E+4
6.496240E+2	1.105837E+4
6.498773E+2	1.102011E+4
6.501306E+2	1.097992E+4
6.503839E+2	1.094483E+4
6.506372E+2	1.090957E+4
6.508905E+2	1.087229E+4
6.511437E+2	1.083595E+4
6.513970E+2	1.079829E+4
6.516503E+2	1.076320E+4
6.519035E+2	1.072747E+4
6.521567E+2	1.069233E+4
6.524100E+2	1.065556E+4
6.526632E+2	1.062276E+4
6.529164E+2	1.058860E+4
6.531696E+2	1.055661E+4
6.534228E+2	1.052516E+4
6.536760E+2	1.049363E+4
6.539292E+2	1.046242E+4
6.541824E+2	1.042999E+4
6.544355E+2	1.039727E+4
6.546887E+2	1.036350E+4
6.549418E+2	1.033136E+4
6.551950E+2	1.030055E+4
6.554481E+2	1.026995E+4
6.557012E+2	1.023943E+4
6.559543E+2	1.021020E+4
6.562074E+2	1.018029E+4
6.564605E+2	1.015133E+4
6.567136E+2	1.012366E+4
6.569667E+2	1.009826E+4
6.572198E+2	1.006991E+4
6.574728E+2	1.004346E+4
6.577259E+2	1.001590E+4
6.579789E+2	9.989267E+3
6.582319E+2	9.961863E+3
6.584850E+2	9.937360E+3
6.587380E+2	9.911639E+3
6.589910E+2	9.888426E+3
6.592440E+2	9.864934E+3
6.594970E+2	9.840081E+3
6.597500E+2	9.818169E+3
6.600030E+2	9.794540E+3
6.602559E+2	9.771442E+3
6.605089E+2	9.750819E+3
6.607618E+2	9.726436E+3
6.610148E+2	9.704792E+3
6.612677E+2	9.682147E+3
6.615206E+2	9.662218E+3
6.617736E+2	9.641191E+3
6.620265E+2	9.618895E+3
6.622794E+2	9.597196E+3
6.625323E+2	9.576152E+3
6.627851E+2	9.554147E+3
6.630380E+2	9.533333E+3
6.632909E+2	9.513507E+3
6.635437E+2	9.494600E+3
6.637966E+2	9.473021E+3
6.640494E+2	9.453557E+3
6.643023E+2	9.435939E+3
6.645551E+2	9.417759E+3
6.648079E+2	9.400027E+3
6.650607E+2	9.382748E+3
6.653135E+2	9.364529E+3
6.655663E+2	9.348092E+3
6.658191E+2	9.328868E+3
6.660718E+2	9.311480E+3
6.663246E+2	9.295267E+3
6.665774E+2	9.279010E+3
6.668301E+2	9.260956E+3
6.670828E+2	9.245109E+3
6.673356E+2	9.228775E+3
6.675883E+2	9.213382E+3
6.678410E+2	9.196682E+3
6.680937E+2	9.180316E+3
6.683464E+2	9.163759E+3
6.685991E+2	9.145502E+3
6.688518E+2	9.126890E+3
6.691044E+2	9.107398E+3
6.693571E+2	9.090568E+3
6.696098E+2	9.072830E+3
6.698624E+2	9.056551E+3
6.701150E+2	9.040901E+3
6.703677E+2	9.022977E+3
6.706203E+2	9.004573E+3
6.708729E+2	8.986890E+3
6.711255E+2	8.968928E+3
6.713781E+2	8.952371E+3
6.716307E+2	8.936890E+3
6.718832E+2	8.920885E+3
6.721358E+2	8.902699E+3
6.723884E+2	8.885092E+3
6.726409E+2	8.867742E+3
6.728935E+2	8.850715E+3
6.731460E+2	8.834961E+3
6.733985E+2	8.820016E+3
6.736510E+2	8.805043E+3
6.739035E+2	8.789136E+3
6.741560E+2	8.773792E+3
6.744085E+2	8.757212E+3
6.746610E+2	8.742109E+3
6.749135E+2	8.727551E+3
6.751660E+2	8.712141E+3
6.754184E+2	8.697294E+3
6.756709E+2	8.683087E+3
6.759233E+2	8.667311E+3
6.761757E+2	8.653201E+3
6.764282E+2	8.637518E+3
6.766806E+2	8.622518E+3
6.769330E+2	8.605059E+3
6.771854E+2	8.587737E+3
6.774378E+2	8.572212E+3
6.776901E+2	8.555742E+3
6.779425E+2	8.539130E+3
6.781949E+2	8.524934E+3
6.784472E+2	8.508901E+3
6.786996E+2	8.493005E+3
6.789519E+2	8.476491E+3
6.792042E+2	8.461579E+3
6.794566E+2	8.445901E+3
6.797089E+2	8.429136E+3
6.799612E+2	8.413398E+3
6.802135E+2	8.398125E+3
6.804657E+2	8.383059E+3
6.807180E+2	8.367458E+3
6.809703E+2	8.354130E+3
6.812226E+2	8.342229E+3
6.814748E+2	8.328311E+3
6.817270E+2	8.315065E+3
6.819793E+2	8.299813E+3
6.822315E+2	8.287152E+3
6.824837E+2	8.273945E+3
6.827359E+2	8.261562E+3
6.829881E+2	8.248972E+3
6.832403E+2	8.237420E+3
6.834925E+2	8.225895E+3
6.837447E+2	8.213874E+3
6.839968E+2	8.201502E+3
6.842490E+2	8.188283E+3
6.845011E+2	8.178081E+3
6.847533E+2	8.164147E+3
6.850054E+2	8.151650E+3
6.852575E+2	8.138267E+3
6.855097E+2	8.124923E+3
6.857618E+2	8.112797E+3
6.860139E+2	8.100032E+3
6.862659E+2	8.088300E+3
6.865180E+2	8.076480E+3
6.867701E+2	8.061753E+3
6.870222E+2	8.049038E+3
6.872742E+2	8.037180E+3
6.875263E+2	8.027201E+3
6.877783E+2	8.016054E+3
6.880303E+2	8.006540E+3
6.882823E+2	7.997868E+3
6.885343E+2	7.988639E+3
6.887864E+2	7.978043E+3
6.890383E+2	7.967830E+3
6.892903E+2	7.957344E+3
6.895423E+2	7.948163E+3
6.897943E+2	7.939715E+3
6.900462E+2	7.929742E+3
6.902982E+2	7.922376E+3
6.905501E+2	7.913005E+3
6.908021E+2	7.904081E+3
6.910540E+2	7.893436E+3
6.913059E+2	7.883207E+3
6.915578E+2	7.871639E+3
6.918097E+2	7.860371E+3
6.920616E+2	7.850879E+3
6.923135E+2	7.840398E+3
6.925654E+2	7.830535E+3
6.928172E+2	7.821048E+3
6.930691E+2	7.810852E+3
6.933209E+2	7.799819E+3
6.935728E+2	7.788540E+3
6.938246E+2	7.777546E+3
6.940764E+2	7.766655E+3
6.943282E+2	7.756163E+3
6.945800E+2	7.745251E+3
6.948318E+2	7.734371E+3
6.950836E+2	7.722677E+3
6.953354E+2	7.711322E+3
6.955872E+2	7.699562E+3
6.958389E+2	7.688524E+3
6.960907E+2	7.679081E+3
6.963424E+2	7.667688E+3
6.965942E+2	7.655245E+3
6.968459E+2	7.644191E+3
6.970976E+2	7.632890E+3
6.973493E+2	7.623322E+3
6.976010E+2	7.613606E+3
6.978527E+2	7.603939E+3
6.981044E+2	7.592906E+3
6.983561E+2	7.582021E+3
6.986077E+2	7.570792E+3
6.988594E+2	7.558354E+3
6.991110E+2	7.547371E+3
6.993627E+2	7.536354E+3
6.996143E+2	7.525781E+3
6.998659E+2	7.512699E+3
7.001175E+2	7.501628E+3
7.003692E+2	7.488305E+3
7.006207E+2	7.475901E+3
7.008723E+2	7.462152E+3
7.011239E+2	7.447141E+3
7.013755E+2	7.433480E+3
7.016271E+2	7.418119E+3
7.018786E+2	7.403977E+3
7.021302E+2	7.390245E+3
7.023817E+2	7.374174E+3
7.026332E+2	7.358322E+3
7.028847E+2	7.342169E+3
7.031362E+2	7.326005E+3
7.033878E+2	7.309048E+3
7.036392E+2	7.291945E+3
7.038907E+2	7.273846E+3
7.041422E+2	7.256065E+3
7.043937E+2	7.239748E+3
7.046451E+2	7.223803E+3
7.048966E+2	7.206879E+3
7.051480E+2	7.190595E+3
7.053995E+2	7.174639E+3
7.056509E+2	7.156999E+3
7.059023E+2	7.141611E+3
7.061537E+2	7.126939E+3
7.064051E+2	7.112327E+3
7.066565E+2	7.098633E+3
7.069079E+2	7.086874E+3
7.071593E+2	7.073628E+3
7.074106E+2	7.060212E+3
7.076620E+2	7.047633E+3
7.079133E+2	7.034923E+3
7.081647E+2	7.021234E+3
7.084160E+2	7.008568E+3
7.086673E+2	6.996956E+3
7.089186E+2	6.983010E+3
7.091699E+2	6.968732E+3
7.094212E+2	6.954606E+3
7.096725E+2	6.939535E+3
7.099238E+2	6.924333E+3
7.101751E+2	6.907917E+3
7.104263E+2	6.892682E+3
7.106776E+2	6.875606E+3
7.109288E+2	6.858196E+3
7.111800E+2	6.839529E+3
7.114313E+2	6.819589E+3
7.116825E+2	6.799803E+3
7.119337E+2	6.781201E+3
7.121849E+2	6.761207E+3
7.124361E+2	6.741251E+3
7.126873E+2	6.722732E+3
7.129384E+2	6.703983E+3
7.131896E+2	6.685797E+3
7.134408E+2	6.668043E+3
7.136919E+2	6.650600E+3
7.139430E+2	6.634486E+3
7.141942E+2	6.621158E+3
7.144453E+2	6.608251E+3
7.146964E+2	6.595344E+3
7.149475E+2	6.584945E+3
7.151986E+2	6.577027E+3
7.154497E+2	6.569584E+3
7.157008E+2	6.562272E+3
7.159518E+2	6.554436E+3
7.162029E+2	6.547453E+3
7.164540E+2	6.541895E+3
7.167050E+2	6.534934E+3
7.169560E+2	6.530464E+3
7.172071E+2	6.523857E+3
7.174581E+2	6.517016E+3
7.177091E+2	6.509830E+3
7.179601E+2	6.501376E+3
7.182111E+2	6.492890E+3
7.184621E+2	6.483278E+3
7.187130E+2	6.473524E+3
7.189640E+2	6.461688E+3
7.192150E+2	6.449092E+3
7.194659E+2	6.436781E+3
7.197169E+2	6.422453E+3
7.199678E+2	6.409453E+3
7.202187E+2	6.395447E+3
7.204696E+2	6.380808E+3
7.207205E+2	6.367491E+3
7.209714E+2	6.354704E+3
7.212223E+2	6.343038E+3
7.214732E+2	6.331573E+3
7.217241E+2	6.323010E+3
7.219749E+2	6.315387E+3
7.222258E+2	6.309234E+3
7.224766E+2	6.307152E+3
7.227274E+2	6.305431E+3
7.229783E+2	6.307344E+3
7.232291E+2	6.311076E+3
7.234799E+2	6.317005E+3
7.237307E+2	6.324431E+3
7.239815E+2	6.333059E+3
7.242323E+2	6.343792E+3
7.244830E+2	6.354688E+3
7.247338E+2	6.365660E+3
7.249846E+2	6.376792E+3
7.252353E+2	6.389338E+3
7.254861E+2	6.402136E+3
7.257368E+2	6.413087E+3
7.259875E+2	6.424589E+3
7.262382E+2	6.435535E+3
7.264889E+2	6.445961E+3
7.267396E+2	6.455322E+3
7.269903E+2	6.464721E+3
7.272410E+2	6.472655E+3
7.274917E+2	6.480267E+3
7.277423E+2	6.486781E+3
7.279930E+2	6.492513E+3
7.282436E+2	6.499234E+3
7.284942E+2	6.503863E+3
7.287449E+2	6.510174E+3
7.289955E+2	6.517912E+3
7.292461E+2	6.524513E+3
7.294967E+2	6.531109E+3
7.297473E+2	6.538311E+3
7.299979E+2	6.546977E+3
7.302484E+2	6.555660E+3
7.304990E+2	6.562835E+3
7.307496E+2	6.570835E+3
7.310001E+2	6.580912E+3
7.312507E+2	6.594994E+3
7.315012E+2	6.612912E+3
7.317517E+2	6.633278E+3
7.320022E+2	6.660016E+3
7.322527E+2	6.690568E+3
7.325032E+2	6.726830E+3
7.327537E+2	6.766677E+3
7.330042E+2	6.808885E+3
7.332547E+2	6.852600E+3
7.335051E+2	6.898600E+3
7.337556E+2	6.951387E+3
7.340060E+2	7.011923E+3
7.342564E+2	7.083535E+3
7.345069E+2	7.159491E+3
7.347573E+2	7.231136E+3
7.350077E+2	7.292852E+3
7.352581E+2	7.342644E+3
7.355085E+2	7.393617E+3
7.357589E+2	7.461344E+3
7.360092E+2	7.551628E+3
7.362596E+2	7.664792E+3
7.365100E+2	7.785502E+3
7.367603E+2	7.902229E+3
7.370106E+2	8.007852E+3
7.372610E+2	8.099065E+3
7.375113E+2	8.182622E+3
7.377616E+2	8.263005E+3
7.380119E+2	8.351234E+3
7.382622E+2	8.448207E+3
7.385125E+2	8.552726E+3
7.387628E+2	8.660065E+3
7.390130E+2	8.771999E+3
7.392633E+2	8.890305E+3
7.395135E+2	9.013201E+3
7.397638E+2	9.145966E+3
7.400140E+2	9.287136E+3
7.402642E+2	9.430212E+3
7.405144E+2	9.572480E+3
7.407647E+2	9.715808E+3
7.410149E+2	9.860895E+3
7.412650E+2	1.000342E+4
7.415152E+2	1.013666E+4
7.417654E+2	1.027323E+4
7.420156E+2	1.041914E+4
7.422657E+2	1.056875E+4
7.425159E+2	1.071903E+4
7.427660E+2	1.085708E+4
7.430161E+2	1.097514E+4
7.432662E+2	1.108086E+4
7.435164E+2	1.121927E+4
7.437665E+2	1.137040E+4
7.440165E+2	1.152074E+4
7.442666E+2	1.166893E+4
7.445167E+2	1.181726E+4
7.447668E+2	1.196415E+4
7.450168E+2	1.210955E+4
7.452669E+2	1.225366E+4
7.455169E+2	1.238111E+4
7.457669E+2	1.249697E+4
7.460170E+2	1.260831E+4
7.462670E+2	1.272700E+4
7.465170E+2	1.285283E+4
7.467670E+2	1.298834E+4
7.470170E+2	1.312062E+4
7.472670E+2	1.324782E+4
7.475169E+2	1.337039E+4
7.477669E+2	1.348832E+4
7.480168E+2	1.360381E+4
7.482668E+2	1.371802E+4
7.485167E+2	1.383200E+4
7.487666E+2	1.394338E+4
7.490166E+2	1.404955E+4
7.492665E+2	1.414229E+4
7.495164E+2	1.421465E+4
7.497663E+2	1.427388E+4
7.500161E+2	1.432587E+4
7.502660E+2	1.437466E+4
7.505159E+2	1.442110E+4
7.507657E+2	1.446340E+4
7.510156E+2	1.449438E+4
7.512654E+2	1.450609E+4
7.515152E+2	1.449658E+4
7.517651E+2	1.447702E+4
7.520149E+2	1.446264E+4
7.522647E+2	1.446618E+4
7.525145E+2	1.449331E+4
7.527643E+2	1.453117E+4
7.530140E+2	1.456710E+4
7.532638E+2	1.458616E+4
7.535136E+2	1.458328E+4
7.537633E+2	1.456696E+4
7.540131E+2	1.455704E+4
7.542628E+2	1.456490E+4
7.545125E+2	1.458745E+4
7.547622E+2	1.460640E+4
7.550119E+2	1.461606E+4
7.552616E+2	1.461745E+4
7.555113E+2	1.461745E+4
7.557610E+2	1.461745E+4
7.560107E+2	1.461270E+4
7.562603E+2	1.459236E+4
7.565100E+2	1.455767E+4
7.567596E+2	1.452260E+4
7.570093E+2	1.447378E+4
7.572589E+2	1.440118E+4
7.575085E+2	1.430820E+4
7.577581E+2	1.419928E+4
7.580077E+2	1.409108E+4
7.582573E+2	1.399322E+4
7.585069E+2	1.389382E+4
7.587565E+2	1.374979E+4
7.590060E+2	1.358385E+4
7.592556E+2	1.341534E+4
7.595051E+2	1.324735E+4
7.597547E+2	1.308319E+4
7.600042E+2	1.292249E+4
7.602537E+2	1.276381E+4
7.605032E+2	1.260875E+4
7.607527E+2	1.247258E+4
7.610022E+2	1.235092E+4
7.612517E+2	1.223430E+4
7.615012E+2	1.211129E+4
7.617507E+2	1.197881E+4
7.620001E+2	1.183260E+4
7.622496E+2	1.168287E+4
7.624990E+2	1.153119E+4
7.627485E+2	1.137531E+4
7.629979E+2	1.121809E+4
7.632473E+2	1.106192E+4
7.634967E+2	1.090901E+4
7.637461E+2	1.075772E+4
7.639955E+2	1.061071E+4
7.642449E+2	1.046620E+4
7.644942E+2	1.032739E+4
7.647436E+2	1.020038E+4
7.649930E+2	1.008042E+4
7.652423E+2	9.972557E+3
7.654916E+2	9.879267E+3
7.657410E+2	9.799048E+3
7.659903E+2	9.723196E+3
7.662396E+2	9.642764E+3
7.664889E+2	9.559830E+3
7.667382E+2	9.475475E+3
7.669875E+2	9.394059E+3
7.672367E+2	9.311016E+3
7.674860E+2	9.219945E+3
7.677353E+2	9.116983E+3
7.679845E+2	9.007934E+3
7.682337E+2	8.901977E+3
7.684830E+2	8.802087E+3
7.687322E+2	8.712699E+3
7.689814E+2	8.627737E+3
7.692306E+2	8.533256E+3
7.694798E+2	8.417191E+3
7.697290E+2	8.279748E+3
7.699782E+2	8.140753E+3
7.702273E+2	7.998376E+3
7.704765E+2	7.854218E+3
7.707256E+2	7.709267E+3
7.709748E+2	7.568677E+3
7.712239E+2	7.438535E+3
7.714730E+2	7.331650E+3
7.717222E+2	7.247365E+3
7.719713E+2	7.173371E+3
7.722204E+2	7.109201E+3
7.724694E+2	7.060775E+3
7.727185E+2	7.031240E+3
7.729676E+2	7.019256E+3
7.732167E+2	7.020660E+3
7.734657E+2	7.032529E+3
7.737147E+2	7.052191E+3
7.739638E+2	7.078043E+3
7.742128E+2	7.105622E+3
7.744618E+2	7.127912E+3
7.747108E+2	7.141737E+3
7.749598E+2	7.145398E+3
7.752088E+2	7.140535E+3
7.754578E+2	7.129688E+3
7.757068E+2	7.113158E+3
7.759557E+2	7.089906E+3
7.762047E+2	7.062431E+3
7.764536E+2	7.029103E+3
7.767026E+2	6.989240E+3
7.769515E+2	6.944393E+3
7.772004E+2	6.897628E+3
7.774493E+2	6.852278E+3
7.776982E+2	6.807333E+3
7.779471E+2	6.768436E+3
7.781960E+2	6.733240E+3
7.784449E+2	6.700087E+3
7.786938E+2	6.667415E+3
7.789426E+2	6.636415E+3
7.791915E+2	6.604256E+3
7.794403E+2	6.571185E+3
7.796891E+2	6.539442E+3
7.799380E+2	6.505240E+3
7.801868E+2	6.473682E+3
7.804356E+2	6.439507E+3
7.806844E+2	6.402824E+3
7.809332E+2	6.364349E+3
7.811819E+2	6.325109E+3
7.814307E+2	6.285797E+3
7.816795E+2	6.246666E+3
7.819282E+2	6.208447E+3
7.821770E+2	6.171207E+3
7.824257E+2	6.136934E+3
7.826744E+2	6.104114E+3
7.829231E+2	6.073103E+3
7.831718E+2	6.044895E+3
7.834205E+2	6.016775E+3
7.836692E+2	5.990234E+3
7.839179E+2	5.963125E+3
7.841666E+2	5.933912E+3
7.844152E+2	5.900229E+3
7.846639E+2	5.862589E+3
7.849125E+2	5.819644E+3
7.851612E+2	5.772852E+3
7.854098E+2	5.724644E+3
7.856584E+2	5.672901E+3
7.859070E+2	5.618939E+3
7.861556E+2	5.556977E+3
7.864042E+2	5.487660E+3
7.866528E+2	5.408966E+3
7.869014E+2	5.324109E+3
7.871499E+2	5.239245E+3
7.873985E+2	5.157059E+3
7.876470E+2	5.074032E+3
7.878956E+2	4.989584E+3
7.881441E+2	4.903639E+3
7.883926E+2	4.816262E+3
7.886411E+2	4.728923E+3
7.888896E+2	4.647147E+3
7.891381E+2	4.570010E+3
7.893866E+2	4.500289E+3
7.896351E+2	4.437212E+3
7.898835E+2	4.382256E+3
7.901320E+2	4.333141E+3
7.903804E+2	4.289272E+3
7.906289E+2	4.250333E+3
7.908773E+2	4.214803E+3
7.911257E+2	4.182644E+3
7.913742E+2	4.152469E+3
7.916226E+2	4.127524E+3
7.918709E+2	4.106283E+3
7.921193E+2	4.090054E+3
7.923677E+2	4.076278E+3
7.926161E+2	4.064065E+3
7.928644E+2	4.052824E+3
7.931128E+2	4.038344E+3
7.933611E+2	4.020622E+3
7.936095E+2	3.997945E+3
7.938578E+2	3.971103E+3
7.941061E+2	3.939655E+3
7.943544E+2	3.903393E+3
7.946027E+2	3.864212E+3
7.948510E+2	3.823721E+3
7.950993E+2	3.785109E+3
7.953475E+2	3.747502E+3
7.955958E+2	3.713393E+3
7.958440E+2	3.681988E+3
7.960923E+2	3.654797E+3
7.963405E+2	3.630038E+3
7.965887E+2	3.606212E+3
7.968370E+2	3.582835E+3
7.970852E+2	3.559529E+3
7.973334E+2	3.534426E+3
7.975816E+2	3.507732E+3
7.978297E+2	3.480797E+3
7.980779E+2	3.454830E+3
7.983261E+2	3.428163E+3
7.985742E+2	3.401988E+3
7.988224E+2	3.376136E+3
7.990705E+2	3.350584E+3
7.993186E+2	3.327201E+3
7.995668E+2	3.306972E+3
7.998149E+2	3.288573E+3
8.000630E+2	3.275824E+3
8.003111E+2	3.266824E+3
8.005591E+2	3.262125E+3
8.008072E+2	3.263109E+3
8.010553E+2	3.266748E+3
8.013033E+2	3.273447E+3
8.015514E+2	3.281300E+3
8.017994E+2	3.290218E+3
8.020474E+2	3.300278E+3
8.022955E+2	3.309660E+3
8.025435E+2	3.317994E+3
8.027915E+2	3.325169E+3
8.030395E+2	3.332087E+3
8.032874E+2	3.338546E+3
8.035354E+2	3.346125E+3
8.037834E+2	3.353191E+3
8.040313E+2	3.360753E+3
8.042793E+2	3.369447E+3
8.045272E+2	3.379349E+3
8.047752E+2	3.391027E+3
8.050231E+2	3.404081E+3
8.052710E+2	3.420305E+3
8.055189E+2	3.439557E+3
8.057668E+2	3.460158E+3
8.060147E+2	3.484759E+3
8.062625E+2	3.512792E+3
8.065104E+2	3.544890E+3
8.067583E+2	3.580726E+3
8.070061E+2	3.622076E+3
8.072540E+2	3.667660E+3
8.075018E+2	3.717163E+3
8.077496E+2	3.771059E+3
8.079974E+2	3.828251E+3
8.082452E+2	3.889759E+3
8.084930E+2	3.952333E+3
8.087408E+2	4.019223E+3
8.089886E+2	4.086693E+3
8.092364E+2	4.156163E+3
8.094841E+2	4.230999E+3
8.097319E+2	4.311371E+3
8.099796E+2	4.396524E+3
8.102273E+2	4.487464E+3
8.104751E+2	4.581125E+3
8.107228E+2	4.678589E+3
8.109705E+2	4.782447E+3
8.112182E+2	4.889693E+3
8.114659E+2	5.002595E+3
8.117135E+2	5.122300E+3
8.119612E+2	5.247098E+3
8.122089E+2	5.377365E+3
8.124565E+2	5.511431E+3
8.127042E+2	5.646201E+3
8.129518E+2	5.777464E+3
8.131994E+2	5.902420E+3
8.134470E+2	6.017469E+3
8.136946E+2	6.117311E+3
8.139422E+2	6.201644E+3
8.141898E+2	6.269016E+3
8.144374E+2	6.319201E+3
8.146850E+2	6.351524E+3
8.149325E+2	6.370349E+3
8.151801E+2	6.377966E+3
8.154276E+2	6.377628E+3
8.156752E+2	6.373507E+3
8.159227E+2	6.366551E+3
8.161702E+2	6.359371E+3
8.164177E+2	6.352147E+3
8.166652E+2	6.344218E+3
8.169127E+2	6.336715E+3
8.171602E+2	6.329420E+3
8.174077E+2	6.323726E+3
8.176551E+2	6.320081E+3
8.179026E+2	6.320349E+3
8.181500E+2	6.323201E+3
8.183975E+2	6.331409E+3
8.186449E+2	6.342480E+3
8.188923E+2	6.360497E+3
8.191397E+2	6.384415E+3
8.193871E+2	6.415174E+3
8.196345E+2	6.453196E+3
8.198819E+2	6.496885E+3
8.201293E+2	6.547234E+3
8.203766E+2	6.599376E+3
8.206240E+2	6.653289E+3
8.208713E+2	6.707387E+3
8.211187E+2	6.756333E+3
8.213660E+2	6.799311E+3
8.216133E+2	6.832606E+3
8.218606E+2	6.857557E+3
8.221079E+2	6.869087E+3
8.223552E+2	6.867054E+3
8.226025E+2	6.851781E+3
8.228498E+2	6.825890E+3
8.230970E+2	6.789212E+3
8.233443E+2	6.742021E+3
8.235915E+2	6.687283E+3
8.238388E+2	6.624032E+3
8.240860E+2	6.554950E+3
8.243332E+2	6.480748E+3
8.245804E+2	6.398650E+3
8.248276E+2	6.309092E+3
8.250748E+2	6.212005E+3
8.253220E+2	6.106076E+3
8.255692E+2	5.994961E+3
8.258163E+2	5.877294E+3
8.260635E+2	5.750529E+3
8.263106E+2	5.616458E+3
8.265578E+2	5.473513E+3
8.268049E+2	5.321065E+3
8.270520E+2	5.160797E+3
8.272991E+2	4.992622E+3
8.275462E+2	4.819387E+3
8.277933E+2	4.643152E+3
8.280404E+2	4.468098E+3
8.282875E+2	4.297387E+3
8.285345E+2	4.135404E+3
8.287816E+2	3.986868E+3
8.290287E+2	3.853497E+3
8.292757E+2	3.737595E+3
8.295227E+2	3.638016E+3
8.297697E+2	3.556289E+3
8.300168E+2	3.488688E+3
8.302638E+2	3.431398E+3
8.305107E+2	3.382600E+3
8.307577E+2	3.338169E+3
8.310047E+2	3.296677E+3
8.312517E+2	3.255628E+3
8.314986E+2	3.215688E+3
8.317456E+2	3.176950E+3
8.319925E+2	3.138529E+3
8.322394E+2	3.099901E+3
8.324864E+2	3.060923E+3
8.327333E+2	3.020147E+3
8.329802E+2	2.976589E+3
8.332271E+2	2.930600E+3
8.334740E+2	2.879081E+3
8.337208E+2	2.824409E+3
8.339677E+2	2.762759E+3
8.342146E+2	2.694589E+3
8.344614E+2	2.618497E+3
8.347082E+2	2.534387E+3
8.349551E+2	2.443742E+3
8.352019E+2	2.344464E+3
8.354487E+2	2.240387E+3
8.356955E+2	2.131535E+3
8.359423E+2	2.019715E+3
8.361891E+2	1.907835E+3
8.364359E+2	1.797704E+3
8.366826E+2	1.693141E+3
8.369294E+2	1.591988E+3
8.371761E+2	1.499283E+3
8.374229E+2	1.413890E+3
8.376696E+2	1.338513E+3
8.379163E+2	1.269305E+3
8.381630E+2	1.207939E+3
8.384097E+2	1.153770E+3
8.386564E+2	1.106469E+3
8.389031E+2	1.064879E+3
8.391498E+2	1.028458E+3
8.393965E+2	9.959938E+2
8.396431E+2	9.676386E+2
8.398898E+2	9.421960E+2
8.401364E+2	9.192780E+2
8.403830E+2	8.989883E+2
8.406297E+2	8.799610E+2
8.408763E+2	8.619009E+2
8.411229E+2	8.453435E+2
8.413695E+2	8.297752E+2
8.416161E+2	8.150211E+2
8.418626E+2	8.011632E+2
8.421092E+2	7.873217E+2
8.423558E+2	7.739719E+2
8.426023E+2	7.602670E+2
8.428489E+2	7.468135E+2
8.430954E+2	7.335239E+2
8.433419E+2	7.207698E+2
8.435884E+2	7.081851E+2
8.438349E+2	6.960485E+2
8.440814E+2	6.842780E+2
8.443279E+2	6.725129E+2
8.445744E+2	6.614255E+2
8.448208E+2	6.503435E+2
8.450673E+2	6.392998E+2
8.453138E+2	6.280648E+2
8.455602E+2	6.161741E+2
8.458066E+2	6.045075E+2
8.460530E+2	5.921413E+2
8.462995E+2	5.798681E+2
8.465459E+2	5.673162E+2
8.467923E+2	5.544146E+2
8.470386E+2	5.414419E+2
8.472850E+2	5.287479E+2
8.475314E+2	5.155239E+2
8.477777E+2	5.028135E+2
8.480241E+2	4.901359E+2
8.482704E+2	4.772397E+2
8.485168E+2	4.648681E+2
8.487631E+2	4.519392E+2
8.490094E+2	4.390703E+2
8.492557E+2	4.263763E+2
8.495020E+2	4.141851E+2
8.497483E+2	4.019774E+2
8.499946E+2	3.898791E+2
8.502408E+2	3.782725E+2
8.504871E+2	3.668189E+2
8.507333E+2	3.553381E+2
8.509796E+2	3.439501E+2
8.512258E+2	3.330375E+2
8.514720E+2	3.225457E+2
8.517182E+2	3.117862E+2
8.519644E+2	3.017315E+2
8.522106E+2	2.917260E+2
8.524568E+2	2.825020E+2
8.527030E+2	2.729501E+2
8.529492E+2	2.642179E+2
8.531953E+2	2.557971E+2
8.534415E+2	2.474091E+2
8.536876E+2	2.395184E+2
8.539337E+2	2.318463E+2
8.541799E+2	2.246987E+2
8.544260E+2	2.180867E+2
8.546721E+2	2.116004E+2
8.549182E+2	2.051523E+2
8.551643E+2	1.992998E+2
8.554103E+2	1.933763E+2
8.556564E+2	1.877206E+2
8.559024E+2	1.824036E+2
8.561485E+2	1.771687E+2
8.563945E+2	1.721195E+2
8.566406E+2	1.672015E+2
8.568866E+2	1.625730E+2
8.571326E+2	1.583490E+2
8.573786E+2	1.539938E+2
8.576246E+2	1.502342E+2
8.578706E+2	1.470375E+2
8.581166E+2	1.442015E+2
8.583625E+2	1.414255E+2
8.586085E+2	1.385785E+2
8.588544E+2	1.356987E+2
8.591004E+2	1.329665E+2
8.593463E+2	1.302944E+2
8.595922E+2	1.277315E+2
8.598381E+2	1.249719E+2
8.600840E+2	1.222670E+2
8.603299E+2	1.199337E+2
8.605758E+2	1.178299E+2
8.608217E+2	1.153162E+2
8.610675E+2	1.132834E+2
8.613134E+2	1.110922E+2
8.615592E+2	1.087916E+2
8.618051E+2	1.066550E+2
8.620509E+2	1.044200E+2
8.622967E+2	1.021031E+2
8.625425E+2	9.995009E+1
8.627883E+2	9.752933E+1
8.630341E+2	9.523971E+1
8.632799E+2	9.321785E+1
8.635257E+2	9.110310E+1
8.637715E+2	8.926703E+1
8.640172E+2	8.745829E+1
8.642630E+2	8.579709E+1
8.645087E+2	8.404299E+1
8.647544E+2	8.219053E+1
8.650001E+2	8.063862E+1
8.652459E+2	7.879162E+1
8.654916E+2	7.743643E+1
8.657372E+2	7.580255E+1
8.659829E+2	7.445282E+1
8.662286E+2	7.302659E+1
8.664743E+2	7.150747E+1
8.667199E+2	7.034900E+1
8.669656E+2	6.905392E+1
8.672112E+2	6.772058E+1
8.674568E+2	6.659490E+1
8.677024E+2	6.543097E+1
8.679481E+2	6.412495E+1
8.681937E+2	6.280801E+1
8.684392E+2	6.170419E+1
8.686848E+2	6.050200E+1
8.689304E+2	5.960583E+1
8.691760E+2	5.866594E+1
8.694215E+2	5.779162E+1
8.696671E+2	5.669872E+1
8.699126E+2	5.613588E+1
8.701581E+2	5.539818E+1
8.704036E+2	5.479709E+1
8.706491E+2	5.409763E+1
8.708946E+2	5.298834E+1
8.711401E+2	5.234353E+1
8.713856E+2	5.185719E+1
8.716311E+2	5.124517E+1
8.718766E+2	5.058944E+1
8.721220E+2	5.002113E+1
8.723674E+2	4.956758E+1
8.726129E+2	4.923424E+1
8.728583E+2	4.870965E+1
8.731037E+2	4.785173E+1
8.733491E+2	4.708124E+1
8.735945E+2	4.640911E+1
8.738399E+2	4.603206E+1
8.740853E+2	4.553479E+1
8.743307E+2	4.510310E+1
8.745760E+2	4.431621E+1
8.748214E+2	4.379709E+1
8.750667E+2	4.342004E+1
8.753121E+2	4.270419E+1
8.755574E+2	4.214135E+1
8.758027E+2	4.160583E+1
8.760480E+2	4.084080E+1
8.762933E+2	4.019053E+1
8.765386E+2	3.952386E+1
8.767839E+2	3.896648E+1
8.770291E+2	3.832168E+1
8.772744E+2	3.767140E+1
8.775196E+2	3.709763E+1
8.777649E+2	3.640364E+1
8.780101E+2	3.597195E+1
8.782553E+2	3.535993E+1
8.785006E+2	3.490638E+1
8.787458E+2	3.437632E+1
8.789910E+2	3.404845E+1
8.792361E+2	3.361129E+1
8.794813E+2	3.334353E+1
8.797265E+2	3.308670E+1
8.799717E+2	3.278616E+1
8.802168E+2	3.268233E+1
8.804619E+2	3.229982E+1
8.807071E+2	3.187359E+1
8.809522E+2	3.142004E+1
8.811973E+2	3.094463E+1
8.814424E+2	3.050747E+1
8.816875E+2	3.016867E+1
8.819326E+2	2.993370E+1
8.821777E+2	2.964954E+1
8.824227E+2	2.913588E+1
8.826678E+2	2.888452E+1
8.829128E+2	2.904845E+1
8.831579E+2	2.884627E+1
8.834029E+2	2.868780E+1
8.836479E+2	2.864954E+1
8.838929E+2	2.873698E+1
8.841379E+2	2.861676E+1
8.843829E+2	2.816867E+1
8.846279E+2	2.797195E+1
8.848729E+2	2.766594E+1
8.851179E+2	2.733260E+1
8.853628E+2	2.686266E+1
8.856078E+2	2.635446E+1
8.858527E+2	2.622878E+1
8.860976E+2	2.584627E+1
8.863425E+2	2.554026E+1
8.865875E+2	2.540364E+1
8.868324E+2	2.512495E+1
8.870772E+2	2.471512E+1
8.873221E+2	2.451840E+1
8.875670E+2	2.413588E+1
8.878119E+2	2.389545E+1
8.880567E+2	2.399927E+1
8.883016E+2	2.402113E+1
8.885464E+2	2.380801E+1
8.887912E+2	2.351293E+1
8.890360E+2	2.339818E+1
8.892809E+2	2.308670E+1
8.895257E+2	2.292823E+1
8.897704E+2	2.273151E+1
8.900152E+2	2.231075E+1
8.902600E+2	2.205938E+1
8.905048E+2	2.201020E+1
8.907495E+2	2.187905E+1
8.909943E+2	2.174791E+1
8.912390E+2	2.180801E+1
8.914837E+2	2.170965E+1
8.917284E+2	2.168780E+1
8.919731E+2	2.179162E+1
8.922178E+2	2.174244E+1
8.924625E+2	2.170965E+1
8.927072E+2	2.171512E+1
8.929519E+2	2.145829E+1
8.931965E+2	2.152933E+1
8.934412E+2	2.144736E+1
8.936858E+2	2.129982E+1
8.939305E+2	2.119599E+1
8.941751E+2	2.078069E+1
8.944197E+2	2.050747E+1
8.946643E+2	2.033807E+1
8.949089E+2	2.014135E+1
8.951535E+2	1.989545E+1
8.953981E+2	1.950200E+1
8.956426E+2	1.931621E+1
8.958872E+2	1.918506E+1
8.961317E+2	1.930528E+1
8.963763E+2	1.949107E+1
8.966208E+2	1.934353E+1
8.968653E+2	1.905392E+1
8.971098E+2	1.882441E+1
8.973543E+2	1.891184E+1
8.975988E+2	1.904299E+1
8.978433E+2	1.850747E+1
8.980878E+2	1.826703E+1
8.983323E+2	1.840364E+1
8.985767E+2	1.846375E+1
8.988212E+2	1.822332E+1
8.990656E+2	1.822332E+1
8.993100E+2	1.839271E+1
8.995545E+2	1.862222E+1
8.997989E+2	1.844189E+1
9.000433E+2	1.828889E+1
9.002877E+2	1.816321E+1
9.005320E+2	1.821785E+1
9.007764E+2	1.843643E+1
9.010208E+2	1.831075E+1
9.012651E+2	1.819599E+1
9.015095E+2	1.804845E+1
9.017538E+2	1.797195E+1
9.019981E+2	1.805938E+1
9.022425E+2	1.820146E+1
9.024868E+2	1.832714E+1
9.027311E+2	1.834353E+1
9.029754E+2	1.831075E+1
9.032196E+2	1.795009E+1
9.034639E+2	1.808124E+1
9.037082E+2	1.798834E+1
9.039524E+2	1.807031E+1
9.041967E+2	1.786266E+1
9.044409E+2	1.786266E+1
9.046851E+2	1.808124E+1
9.049293E+2	1.820146E+1
9.051736E+2	1.799927E+1
9.054177E+2	1.768233E+1
9.056619E+2	1.754572E+1
9.059061E+2	1.737086E+1
9.061503E+2	1.733260E+1
9.063944E+2	1.713042E+1
9.066386E+2	1.682987E+1
9.068827E+2	1.667140E+1
9.071269E+2	1.670965E+1
9.073710E+2	1.668233E+1
9.076151E+2	1.695009E+1
9.078592E+2	1.726157E+1
9.081033E+2	1.727250E+1
9.083474E+2	1.734900E+1
9.085915E+2	1.730528E+1
9.088355E+2	1.719053E+1
9.090796E+2	1.731075E+1
9.093236E+2	1.733807E+1
9.095677E+2	1.720692E+1
9.098117E+2	1.684627E+1
9.100557E+2	1.681348E+1
9.102997E+2	1.676976E+1
9.105437E+2	1.673698E+1
9.107877E+2	1.677523E+1
9.110317E+2	1.670965E+1
9.112757E+2	1.641457E+1
9.115197E+2	1.639271E+1
9.117636E+2	1.649654E+1
9.120076E+2	1.650747E+1
9.122515E+2	1.631621E+1
9.124954E+2	1.608124E+1
9.127393E+2	1.641457E+1
9.129832E+2	1.655665E+1
9.132271E+2	1.639818E+1
9.134710E+2	1.635446E+1
9.137149E+2	1.613042E+1
9.139588E+2	1.593370E+1
9.142026E+2	1.567140E+1
9.144465E+2	1.517413E+1
9.146903E+2	1.505392E+1
9.149342E+2	1.522332E+1
9.151780E+2	1.528889E+1
9.154218E+2	1.546922E+1
9.156656E+2	1.516321E+1
9.159094E+2	1.534900E+1
9.161532E+2	1.526703E+1
9.163970E+2	1.508124E+1
9.166408E+2	1.505938E+1
9.168845E+2	1.514135E+1
9.171283E+2	1.495009E+1
9.173720E+2	1.476976E+1
9.176157E+2	1.486812E+1
9.178595E+2	1.486266E+1
9.181032E+2	1.499381E+1
9.183469E+2	1.481894E+1
9.185906E+2	1.481348E+1
9.188343E+2	1.444189E+1
9.190779E+2	1.449654E+1
9.193216E+2	1.435993E+1
9.195653E+2	1.415228E+1
9.198089E+2	1.398834E+1
9.200525E+2	1.407577E+1
9.202962E+2	1.402113E+1
9.205398E+2	1.379709E+1
9.207834E+2	1.374791E+1
9.210270E+2	1.367140E+1
9.212706E+2	1.382987E+1
9.215142E+2	1.380801E+1
9.217577E+2	1.373698E+1
9.220013E+2	1.345282E+1
9.222449E+2	1.322332E+1
9.224884E+2	1.312495E+1
9.227319E+2	1.293916E+1
9.229755E+2	1.264408E+1
9.232190E+2	1.244736E+1
9.234625E+2	1.240364E+1
9.237060E+2	1.228342E+1
9.239495E+2	1.234900E+1
9.241930E+2	1.220146E+1
9.244364E+2	1.217960E+1
9.246799E+2	1.249107E+1
9.249233E+2	1.240911E+1
9.251668E+2	1.243643E+1
9.254102E+2	1.233260E+1
9.256536E+2	1.232714E+1
9.258971E+2	1.216321E+1
9.261405E+2	1.226703E+1
9.263839E+2	1.234900E+1
9.266272E+2	1.201566E+1
9.268706E+2	1.197741E+1
9.271140E+2	1.192823E+1
9.273573E+2	1.198288E+1
9.276007E+2	1.167140E+1
9.278440E+2	1.151840E+1
9.280874E+2	1.132714E+1
9.283307E+2	1.132714E+1
9.285740E+2	1.138725E+1
9.288173E+2	1.148015E+1
9.290606E+2	1.163862E+1
9.293039E+2	1.188452E+1
9.295471E+2	1.209217E+1
9.297904E+2	1.215228E+1
9.300337E+2	1.194463E+1
9.302769E+2	1.195009E+1
9.305201E+2	1.197195E+1
9.307634E+2	1.199927E+1
9.310066E+2	1.196102E+1
9.312498E+2	1.222878E+1
9.314930E+2	1.216321E+1
9.317362E+2	1.197195E+1
9.319794E+2	1.193916E+1
9.322225E+2	1.220692E+1
9.324657E+2	1.195556E+1
9.327088E+2	1.161129E+1
9.329520E+2	1.152386E+1
9.331951E+2	1.155118E+1
9.334382E+2	1.167687E+1
9.336814E+2	1.168780E+1
9.339245E+2	1.171512E+1
9.341676E+2	1.170965E+1
9.344106E+2	1.171512E+1
9.346537E+2	1.165501E+1
9.348968E+2	1.170965E+1
9.351398E+2	1.188452E+1
9.353829E+2	1.202113E+1
9.356259E+2	1.191730E+1
9.358690E+2	1.185719E+1
9.361120E+2	1.177523E+1
9.363550E+2	1.189545E+1
9.365980E+2	1.185173E+1
9.368410E+2	1.195009E+1
9.370840E+2	1.213588E+1
9.373269E+2	1.187905E+1
9.375699E+2	1.181348E+1
9.378129E+2	1.177523E+1
9.380558E+2	1.156211E+1
9.382987E+2	1.161676E+1
9.385417E+2	1.170419E+1
9.387846E+2	1.159490E+1
9.390275E+2	1.160583E+1
9.392704E+2	1.184080E+1
9.395133E+2	1.184627E+1
9.397562E+2	1.173698E+1
9.399990E+2	1.188452E+1
9.402419E+2	1.207577E+1
9.404847E+2	1.203206E+1
9.407276E+2	1.225064E+1
9.409704E+2	1.224517E+1
9.412132E+2	1.219053E+1
9.414560E+2	1.247468E+1
9.416988E+2	1.232714E+1
9.419416E+2	1.244189E+1
9.421844E+2	1.229435E+1
9.424272E+2	1.221239E+1
9.426700E+2	1.224517E+1
9.429127E+2	1.238725E+1
9.431555E+2	1.234900E+1
9.433982E+2	1.225610E+1
9.436409E+2	1.211403E+1
9.438837E+2	1.201020E+1
9.441264E+2	1.207031E+1
9.443691E+2	1.202659E+1
9.446118E+2	1.184080E+1
9.448544E+2	1.202659E+1
9.450971E+2	1.200474E+1
9.453398E+2	1.220692E+1
9.455824E+2	1.205392E+1
9.458251E+2	1.215774E+1
9.460677E+2	1.218506E+1
9.463103E+2	1.237632E+1
9.465530E+2	1.244736E+1
9.467956E+2	1.252933E+1
9.470382E+2	1.236539E+1
9.472807E+2	1.253479E+1
9.475233E+2	1.261129E+1
9.477659E+2	1.260036E+1
9.480084E+2	1.266594E+1
9.482510E+2	1.250747E+1
9.484935E+2	1.291184E+1
9.487361E+2	1.302659E+1
9.489786E+2	1.334900E+1
9.492211E+2	1.328342E+1
9.494636E+2	1.338179E+1
9.497061E+2	1.326157E+1
9.499486E+2	1.306485E+1
9.501911E+2	1.306485E+1
9.504335E+2	1.305392E+1
9.506760E+2	1.304299E+1
9.509184E+2	1.300474E+1
9.511609E+2	1.274791E+1
9.514033E+2	1.282987E+1
9.516457E+2	1.281348E+1
9.518881E+2	1.270419E+1
9.521305E+2	1.267687E+1
9.523729E+2	1.276430E+1
9.526153E+2	1.307031E+1
9.528576E+2	1.323424E+1
9.531000E+2	1.323424E+1
9.533424E+2	1.329982E+1
9.535847E+2	1.328342E+1
9.538270E+2	1.343097E+1
9.540694E+2	1.317413E+1
9.543117E+2	1.304845E+1
9.545540E+2	1.334900E+1
9.547963E+2	1.324517E+1
9.550386E+2	1.321239E+1
9.552808E+2	1.315228E+1
9.555231E+2	1.313042E+1
9.557654E+2	1.313042E+1
9.560076E+2	1.321785E+1
9.562498E+2	1.296102E+1
9.564921E+2	1.326703E+1
9.567343E+2	1.311403E+1
9.569765E+2	1.348015E+1
9.572187E+2	1.370419E+1
9.574609E+2	1.381894E+1
9.577031E+2	1.373151E+1
9.579452E+2	1.376430E+1
9.581874E+2	1.392277E+1
9.584296E+2	1.395556E+1
9.586717E+2	1.401566E+1
9.589138E+2	1.409217E+1
9.591560E+2	1.410856E+1
9.593981E+2	1.419053E+1
9.596402E+2	1.430528E+1
9.598823E+2	1.415774E+1
9.601244E+2	1.393916E+1
9.603664E+2	1.410310E+1
9.606085E+2	1.402113E+1
9.608506E+2	1.385719E+1
9.610926E+2	1.366594E+1
9.613347E+2	1.377523E+1
9.615767E+2	1.370419E+1
9.618187E+2	1.375883E+1
9.620607E+2	1.373698E+1
9.623027E+2	1.399927E+1
9.625447E+2	1.391184E+1
9.627867E+2	1.368233E+1
9.630287E+2	1.371512E+1
9.632706E+2	1.337086E+1
9.635126E+2	1.336539E+1
9.637545E+2	1.319053E+1
9.639965E+2	1.342004E+1
9.642384E+2	1.357851E+1
9.644803E+2	1.355118E+1
9.647222E+2	1.349107E+1
9.649641E+2	1.345282E+1
9.652060E+2	1.367687E+1
9.654479E+2	1.375883E+1
9.656897E+2	1.361129E+1
9.659316E+2	1.364408E+1
9.661734E+2	1.354026E+1
9.664153E+2	1.365501E+1
9.666571E+2	1.358944E+1
9.668989E+2	1.386812E+1
9.671408E+2	1.384080E+1
9.673826E+2	1.384080E+1
9.676243E+2	1.405938E+1
9.678661E+2	1.408670E+1
9.681079E+2	1.416867E+1
9.683497E+2	1.415228E+1
9.685914E+2	1.396102E+1
9.688332E+2	1.411949E+1
9.690749E+2	1.437086E+1
9.693166E+2	1.441457E+1
9.695583E+2	1.457304E+1
9.698001E+2	1.446922E+1
9.700417E+2	1.448561E+1
9.702834E+2	1.448561E+1
9.705251E+2	1.438725E+1
9.707668E+2	1.436539E+1
9.710084E+2	1.462769E+1
9.712501E+2	1.459490E+1
9.714917E+2	1.482987E+1
9.717334E+2	1.469326E+1
9.719750E+2	1.458397E+1
9.722166E+2	1.440911E+1
9.724582E+2	1.436539E+1
9.726998E+2	1.417960E+1
9.729414E+2	1.408670E+1
9.731830E+2	1.403206E+1
9.734245E+2	1.396648E+1
9.736661E+2	1.396102E+1
9.739076E+2	1.404845E+1
9.741492E+2	1.379709E+1
9.743907E+2	1.378069E+1
9.746322E+2	1.379709E+1
9.748737E+2	1.384627E+1
9.751152E+2	1.376430E+1
9.753567E+2	1.366047E+1
9.755982E+2	1.357851E+1
9.758396E+2	1.364408E+1
9.760811E+2	1.356758E+1
9.763226E+2	1.375337E+1
9.765640E+2	1.380801E+1
9.768054E+2	1.374244E+1
9.770468E+2	1.354572E+1
9.772883E+2	1.375337E+1
9.775297E+2	1.380801E+1
9.777711E+2	1.383534E+1
9.780124E+2	1.390638E+1
9.782538E+2	1.395009E+1
9.784952E+2	1.379162E+1
9.787365E+2	1.357851E+1
9.789779E+2	1.355665E+1
9.792192E+2	1.372058E+1
9.794605E+2	1.375337E+1
9.797019E+2	1.395009E+1
9.799432E+2	1.374791E+1
9.801845E+2	1.368780E+1
9.804257E+2	1.379709E+1
9.806670E+2	1.405392E+1
9.809083E+2	1.425610E+1
9.811496E+2	1.427796E+1
9.813908E+2	1.435446E+1
9.816320E+2	1.422332E+1
9.818733E+2	1.397741E+1
9.821145E+2	1.388998E+1
9.823557E+2	1.370965E+1
9.825969E+2	1.375337E+1
9.828381E+2	1.369872E+1
9.830793E+2	1.380255E+1
9.833205E+2	1.381894E+1
9.835616E+2	1.374244E+1
9.838028E+2	1.349654E+1
9.840439E+2	1.350200E+1
9.842851E+2	1.344189E+1
9.845262E+2	1.348015E+1
9.847673E+2	1.348561E+1
9.850084E+2	1.338725E+1
9.852495E+2	1.355665E+1
9.854906E+2	1.350200E+1
9.857317E+2	1.343643E+1
9.859727E+2	1.335993E+1
9.862138E+2	1.337086E+1
9.864549E+2	1.348015E+1
9.866959E+2	1.338725E+1
9.869369E+2	1.348561E+1
9.871779E+2	1.355118E+1
9.874190E+2	1.352933E+1
9.876600E+2	1.358397E+1
9.879010E+2	1.370419E+1
9.881419E+2	1.376976E+1
9.883829E+2	1.368780E+1
9.886239E+2	1.337086E+1
9.888648E+2	1.359490E+1
9.891058E+2	1.362769E+1
9.893467E+2	1.388998E+1
9.895876E+2	1.399381E+1
9.898285E+2	1.410856E+1
9.900695E+2	1.414135E+1
9.903104E+2	1.426703E+1
9.905512E+2	1.423424E+1
9.907921E+2	1.435446E+1
9.910330E+2	1.421239E+1
9.912738E+2	1.405938E+1
9.915147E+2	1.408124E+1
9.917555E+2	1.408124E+1
9.919964E+2	1.401566E+1
9.922372E+2	1.403752E+1
9.924780E+2	1.415774E+1
9.927188E+2	1.408124E+1
9.929596E+2	1.397195E+1
9.932004E+2	1.386812E+1
9.934411E+2	1.374244E+1
9.936819E+2	1.360583E+1
9.939227E+2	1.351293E+1
9.941634E+2	1.374244E+1
9.944041E+2	1.361676E+1
9.946449E+2	1.374244E+1
9.948856E+2	1.362769E+1
9.951263E+2	1.374244E+1
9.953670E+2	1.379162E+1
9.956077E+2	1.390091E+1
9.958483E+2	1.391730E+1
9.960890E+2	1.391730E+1
9.963297E+2	1.395009E+1
9.965703E+2	1.399381E+1
9.968109E+2	1.403752E+1
9.970516E+2	1.402659E+1
9.972922E+2	1.403752E+1
9.975328E+2	1.396648E+1
9.977734E+2	1.391730E+1
9.980140E+2	1.376430E+1
9.982546E+2	1.386266E+1
9.984951E+2	1.387359E+1
9.987357E+2	1.373151E+1
9.989763E+2	1.394463E+1
9.992168E+2	1.407031E+1
9.994573E+2	1.412495E+1
9.996978E+2	1.412495E+1
9.999384E+2	1.390638E+1
1.000179E+3	1.355118E+1
1.000419E+3	1.356758E+1
1.000660E+3	1.364408E+1
1.000900E+3	1.369326E+1
1.001141E+3	1.363862E+1
1.001381E+3	1.376976E+1
1.001622E+3	1.374244E+1
1.001862E+3	1.383534E+1
1.002103E+3	1.392277E+1
1.002343E+3	1.394463E+1
1.002583E+3	1.396648E+1
1.002824E+3	1.394463E+1
1.003064E+3	1.391730E+1
1.003305E+3	1.398288E+1
1.003545E+3	1.388452E+1
1.003785E+3	1.380801E+1
1.004026E+3	1.373698E+1
1.004266E+3	1.388998E+1
1.004506E+3	1.386812E+1
1.004747E+3	1.405938E+1
1.004987E+3	1.390638E+1
1.005227E+3	1.379709E+1
1.005468E+3	1.374791E+1
1.005708E+3	1.382987E+1
1.005948E+3	1.382987E+1
1.006188E+3	1.381894E+1
1.006429E+3	1.379162E+1
1.006669E+3	1.385719E+1
1.006909E+3	1.392823E+1
1.007149E+3	1.386266E+1
1.007390E+3	1.408670E+1
1.007630E+3	1.392277E+1
1.007870E+3	1.393370E+1
1.008110E+3	1.408124E+1
1.008350E+3	1.424517E+1
1.008590E+3	1.431621E+1
1.008831E+3	1.423971E+1
1.009071E+3	1.423424E+1
1.009311E+3	1.440911E+1
1.009551E+3	1.435446E+1
1.009791E+3	1.413042E+1
1.010031E+3	1.374791E+1
1.010271E+3	1.352933E+1
1.010511E+3	1.342550E+1
1.010752E+3	1.354026E+1
1.010992E+3	1.353479E+1
1.011232E+3	1.366047E+1
1.011472E+3	1.352386E+1
1.011712E+3	1.335446E+1
1.011952E+3	1.318506E+1
1.012192E+3	1.332714E+1
1.012432E+3	1.326157E+1
1.012672E+3	1.319053E+1
1.012912E+3	1.339271E+1
1.013152E+3	1.329982E+1
1.013392E+3	1.315774E+1
1.013632E+3	1.278616E+1
1.013872E+3	1.260036E+1
1.014112E+3	1.262222E+1
1.014352E+3	1.267687E+1
1.014591E+3	1.284627E+1
1.014831E+3	1.316321E+1
1.015071E+3	1.337086E+1
1.015311E+3	1.320692E+1
1.015551E+3	1.295556E+1
1.015791E+3	1.286812E+1
1.016031E+3	1.293916E+1
1.016271E+3	1.299927E+1
1.016511E+3	1.290091E+1
1.016750E+3	1.305392E+1
1.016990E+3	1.297741E+1
1.017230E+3	1.295009E+1
1.017470E+3	1.290091E+1
1.017710E+3	1.291184E+1
1.017949E+3	1.315228E+1
1.018189E+3	1.331621E+1
1.018429E+3	1.320692E+1
1.018669E+3	1.310310E+1
1.018908E+3	1.282441E+1
1.019148E+3	1.269326E+1
1.019388E+3	1.237632E+1
1.019628E+3	1.266047E+1
1.019867E+3	1.244736E+1
1.020107E+3	1.221785E+1
1.020347E+3	1.198288E+1
1.020586E+3	1.182987E+1
1.020826E+3	1.179162E+1
1.021066E+3	1.168233E+1
1.021305E+3	1.164408E+1
1.021545E+3	1.173151E+1
1.021785E+3	1.170965E+1
1.022024E+3	1.157851E+1
1.022264E+3	1.172058E+1
1.022504E+3	1.181894E+1
1.022743E+3	1.199381E+1
1.022983E+3	1.192823E+1
1.023222E+3	1.168780E+1
1.023462E+3	1.162769E+1
1.023702E+3	1.137632E+1
1.023941E+3	1.124517E+1
1.024181E+3	1.144736E+1
1.024420E+3	1.142550E+1
1.024660E+3	1.160583E+1
1.024899E+3	1.153479E+1
1.025139E+3	1.145829E+1
1.025378E+3	1.140364E+1
1.025618E+3	1.133807E+1
1.025857E+3	1.134900E+1
1.026097E+3	1.138179E+1
1.026336E+3	1.158944E+1
1.026575E+3	1.185719E+1
1.026815E+3	1.168233E+1
1.027054E+3	1.151840E+1
1.027294E+3	1.173698E+1
1.027533E+3	1.143643E+1
1.027773E+3	1.157304E+1
1.028012E+3	1.158944E+1
1.028251E+3	1.181348E+1
1.028491E+3	1.211949E+1
1.028730E+3	1.221785E+1
1.028969E+3	1.218506E+1
1.029209E+3	1.205392E+1
1.029448E+3	1.204845E+1
1.029687E+3	1.198834E+1
1.029927E+3	1.217960E+1
1.030166E+3	1.233260E+1
1.030405E+3	1.232714E+1
1.030645E+3	1.194463E+1
1.030884E+3	1.184627E+1
1.031123E+3	1.190091E+1
1.031362E+3	1.174791E+1
1.031602E+3	1.192823E+1
1.031841E+3	1.190638E+1
1.032080E+3	1.210310E+1
1.032319E+3	1.224517E+1
1.032558E+3	1.217960E+1
1.032798E+3	1.209763E+1
1.033037E+3	1.207031E+1
1.033276E+3	1.191184E+1
1.033515E+3	1.193916E+1
1.033754E+3	1.197195E+1
1.033993E+3	1.248561E+1
1.034233E+3	1.231621E+1
1.034472E+3	1.269326E+1
1.034711E+3	1.300474E+1
1.034950E+3	1.327796E+1
1.035189E+3	1.337086E+1
1.035428E+3	1.327796E+1
1.035667E+3	1.322878E+1
1.035906E+3	1.335993E+1
1.036145E+3	1.335446E+1
1.036384E+3	1.332168E+1
1.036623E+3	1.333807E+1
1.036862E+3	1.324517E+1
1.037101E+3	1.325064E+1
1.037340E+3	1.282441E+1
1.037579E+3	1.280801E+1
1.037818E+3	1.293916E+1
1.038057E+3	1.286266E+1
1.038296E+3	1.325064E+1
1.038535E+3	1.320146E+1
1.038774E+3	1.325610E+1
1.039013E+3	1.344736E+1
1.039252E+3	1.340364E+1
1.039491E+3	1.360036E+1
1.039730E+3	1.360583E+1
1.039969E+3	1.354026E+1
1.040208E+3	1.337086E+1
1.040447E+3	1.326157E+1
1.040685E+3	1.340364E+1
1.040924E+3	1.342550E+1
1.041163E+3	1.321239E+1
1.041402E+3	1.309763E+1
1.041641E+3	1.321239E+1
1.041880E+3	1.309763E+1
1.042118E+3	1.310310E+1
1.042357E+3	1.287905E+1
1.042596E+3	1.295009E+1
1.042835E+3	1.276430E+1
1.043074E+3	1.231621E+1
1.043312E+3	1.213042E+1
1.043551E+3	1.215228E+1
1.043790E+3	1.239818E+1
1.044029E+3	1.260036E+1
1.044267E+3	1.238179E+1
1.044506E+3	1.222332E+1
1.044745E+3	1.227250E+1
1.044983E+3	1.238179E+1
1.045222E+3	1.272605E+1
1.045461E+3	1.289545E+1
1.045699E+3	1.288998E+1
1.045938E+3	1.286266E+1
1.046177E+3	1.238179E+1
1.046415E+3	1.219053E+1
1.046654E+3	1.187359E+1
1.046893E+3	1.180255E+1
1.047131E+3	1.170965E+1
1.047370E+3	1.179709E+1
1.047608E+3	1.184627E+1
1.047847E+3	1.198834E+1
1.048086E+3	1.198288E+1
1.048324E+3	1.221785E+1
1.048563E+3	1.180255E+1
1.048801E+3	1.188998E+1
1.049040E+3	1.174244E+1
1.049278E+3	1.148015E+1
1.049517E+3	1.115774E+1
1.049755E+3	1.107577E+1
1.049994E+3	1.108670E+1
1.050232E+3	1.128342E+1
1.050471E+3	1.091184E+1
1.050709E+3	1.069872E+1
1.050948E+3	1.075883E+1
1.051186E+3	1.095009E+1
1.051424E+3	1.086266E+1
1.051663E+3	1.081348E+1
1.051901E+3	1.098288E+1
1.052140E+3	1.070419E+1
1.052378E+3	1.083534E+1
1.052616E+3	1.085719E+1
1.052855E+3	1.080801E+1
1.053093E+3	1.073698E+1
1.053332E+3	1.039818E+1
1.053570E+3	1.022332E+1
1.053808E+3	1.031621E+1
1.054047E+3	1.025610E+1
1.054285E+3	1.028342E+1
1.054523E+3	1.026157E+1
1.054761E+3	1.048015E+1
1.055000E+3	1.061676E+1
1.055238E+3	1.037086E+1
1.055476E+3	1.018506E+1
1.055715E+3	1.008124E+1
1.055953E+3	1.007577E+1
1.056191E+3	1.017960E+1
1.056429E+3	1.044736E+1
1.056667E+3	1.042004E+1
1.056906E+3	1.078616E+1
1.057144E+3	1.063315E+1
1.057382E+3	1.060583E+1
1.057620E+3	1.093916E+1
1.057858E+3	1.095556E+1
1.058097E+3	1.074791E+1
1.058335E+3	1.042550E+1
1.058573E+3	1.019599E+1
1.058811E+3	1.019053E+1
1.059049E+3	1.046375E+1
1.059287E+3	1.035446E+1
1.059525E+3	1.031621E+1
1.059763E+3	1.016321E+1
1.060001E+3	9.977413E+0
1.060239E+3	9.939162E+0
1.060478E+3	9.791621E+0
1.060716E+3	9.982878E+0
1.060954E+3	1.030528E+1
1.061192E+3	1.038725E+1
1.061430E+3	9.955556E+0
1.061668E+3	9.731512E+0
1.061906E+3	9.715118E+0
1.062144E+3	9.671403E+0
1.062382E+3	9.469217E+0
1.062620E+3	9.370856E+0
1.062858E+3	8.665938E+0
1.063096E+3	8.687796E+0
1.063333E+3	8.649545E+0
1.063571E+3	8.638616E+0
1.063809E+3	8.769763E+0
1.064047E+3	8.873588E+0
1.064285E+3	8.988342E+0
1.064523E+3	9.037523E+0
1.064761E+3	9.075774E+0
1.064999E+3	9.359927E+0
1.065237E+3	9.354463E+0
1.065474E+3	9.414572E+0
1.065712E+3	9.097632E+0
1.065950E+3	9.086703E+0
1.066188E+3	8.950091E+0
1.066426E+3	8.857195E+0
1.066664E+3	9.021129E+0
1.066901E+3	8.808015E+0
1.067139E+3	8.862659E+0
1.067377E+3	8.829872E+0
1.067615E+3	8.824408E+0
1.067852E+3	8.944627E+0
1.068090E+3	8.720583E+0
1.068328E+3	8.562113E+0
1.068566E+3	8.496539E+0
1.068803E+3	8.316211E+0
1.069041E+3	8.141348E+0
1.069279E+3	8.103097E+0
1.069516E+3	7.879053E+0
1.069754E+3	7.731512E+0
1.069992E+3	7.633151E+0
1.070229E+3	7.682332E+0
1.070467E+3	7.775228E+0
1.070705E+3	7.775228E+0
1.070942E+3	7.545719E+0
1.071180E+3	7.578506E+0
1.071418E+3	7.403643E+0
1.071655E+3	7.523862E+0
1.071893E+3	7.496539E+0
1.072130E+3	7.491075E+0
1.072368E+3	7.545719E+0
1.072605E+3	7.698725E+0
1.072843E+3	7.802550E+0
1.073081E+3	7.660474E+0
1.073318E+3	7.736976E+0
1.073556E+3	7.529326E+0
1.073793E+3	7.518397E+0
1.074031E+3	7.540255E+0
1.074268E+3	7.261566E+0
1.074506E+3	7.217851E+0
1.074743E+3	7.130419E+0
1.074981E+3	7.168670E+0
1.075218E+3	7.458288E+0
1.075455E+3	7.321676E+0
1.075693E+3	7.398179E+0
1.075930E+3	7.534791E+0
1.076168E+3	7.529326E+0
1.076405E+3	7.327140E+0
1.076642E+3	7.239709E+0
1.076880E+3	7.185064E+0
1.077117E+3	7.114026E+0
1.077355E+3	7.616758E+0
1.077592E+3	7.802550E+0
1.077829E+3	7.671403E+0
1.078067E+3	7.840801E+0
1.078304E+3	7.889982E+0
1.078541E+3	8.152277E+0
1.078779E+3	8.277960E+0
1.079016E+3	8.348998E+0
1.079253E+3	8.354463E+0
1.079490E+3	8.042987E+0
1.079728E+3	8.037523E+0
1.079965E+3	7.720583E+0
1.080202E+3	7.638616E+0
1.080439E+3	7.518397E+0
1.080677E+3	7.758834E+0
1.080914E+3	7.829872E+0
1.081151E+3	7.780692E+0
1.081388E+3	7.900911E+0
1.081625E+3	7.851730E+0
1.081863E+3	7.704189E+0
1.082100E+3	7.928233E+0
1.082337E+3	7.693260E+0
1.082574E+3	7.982878E+0
1.082811E+3	8.283424E+0
1.083048E+3	8.195993E+0
1.083285E+3	8.272495E+0
1.083522E+3	8.223315E+0
1.083760E+3	8.179599E+0
1.083997E+3	8.185064E+0
1.084234E+3	8.452823E+0
1.084471E+3	8.758834E+0
1.084708E+3	8.851730E+0
1.084945E+3	8.813479E+0
1.085182E+3	8.452823E+0
1.085419E+3	8.512933E+0
1.085656E+3	8.430965E+0
1.085893E+3	8.633151E+0
1.086130E+3	8.605829E+0
1.086367E+3	8.644080E+0
1.086604E+3	8.491075E+0
1.086841E+3	8.441894E+0
1.087078E+3	8.201457E+0
1.087315E+3	8.064845E+0
1.087552E+3	8.053916E+0
1.087789E+3	7.961020E+0
1.088026E+3	7.644080E+0
1.088262E+3	7.343534E+0
1.088499E+3	7.376321E+0
1.088736E+3	7.802550E+0
1.088973E+3	7.726047E+0
1.089210E+3	7.977413E+0
1.089447E+3	7.966485E+0
1.089684E+3	7.622222E+0
1.089921E+3	7.556648E+0
1.090157E+3	7.589435E+0
1.090394E+3	7.649545E+0
1.090631E+3	7.988342E+0
1.090868E+3	8.097632E+0
1.091105E+3	8.086703E+0
1.091341E+3	8.414572E+0
1.091578E+3	8.458288E+0
1.091815E+3	8.195993E+0
1.092052E+3	8.168670E+0
1.092288E+3	8.288889E+0
1.092525E+3	8.195993E+0
1.092762E+3	8.032058E+0
1.092999E+3	7.802550E+0
1.093235E+3	7.600364E+0
1.093472E+3	7.485610E+0
1.093709E+3	7.228780E+0
1.093945E+3	7.321676E+0
1.094182E+3	7.359927E+0
1.094419E+3	7.310747E+0
1.094655E+3	7.267031E+0
1.094892E+3	7.414572E+0
1.095128E+3	7.409107E+0
1.095365E+3	7.398179E+0
1.095602E+3	7.485610E+0
1.095838E+3	7.551184E+0
1.096075E+3	7.502004E+0
1.096311E+3	7.512933E+0
1.096548E+3	7.212386E+0
1.096784E+3	7.316211E+0
1.097021E+3	7.299818E+0
1.097258E+3	7.103097E+0
1.097494E+3	7.053916E+0
1.097731E+3	7.206922E+0
1.097967E+3	7.430965E+0
1.098204E+3	7.359927E+0
1.098440E+3	7.359927E+0
1.098677E+3	7.348998E+0
1.098913E+3	7.174135E+0
1.099149E+3	7.053916E+0
1.099386E+3	6.933698E+0
1.099622E+3	7.288889E+0
1.099859E+3	7.103097E+0
1.100095E+3	7.086703E+0
1.100332E+3	6.917304E+0
1.100568E+3	6.966485E+0
1.100804E+3	6.950091E+0
1.101041E+3	6.846266E+0
1.101277E+3	6.780692E+0
1.101513E+3	6.879053E+0
1.101750E+3	7.021129E+0
1.101986E+3	7.458288E+0
1.102222E+3	7.556648E+0
1.102459E+3	7.846266E+0
1.102695E+3	8.348998E+0
1.102931E+3	8.130419E+0
1.103168E+3	7.961020E+0
1.103404E+3	8.108561E+0
1.103640E+3	7.922769E+0
1.103876E+3	7.977413E+0
1.104113E+3	8.119490E+0
1.104349E+3	7.868124E+0
1.104585E+3	7.829872E+0
1.104821E+3	7.966485E+0
1.105057E+3	7.720583E+0
1.105294E+3	7.665938E+0
1.105530E+3	7.818944E+0
1.105766E+3	7.567577E+0
1.106002E+3	7.556648E+0
1.106238E+3	7.649545E+0
1.106474E+3	7.611293E+0
1.106711E+3	7.474681E+0
1.106947E+3	7.190528E+0
1.107183E+3	7.223315E+0
1.107419E+3	7.185064E+0
1.107655E+3	7.228780E+0
1.107891E+3	7.359927E+0
1.108127E+3	1.622222E+0
1.108363E+3	2.955556E+0
1.108599E+3	4.622222E+0
1.108835E+3	1.028889E+1
1.109071E+3	2.795556E+1
1.109307E+3	1.428889E+1
1.109543E+3	9.622222E+0
1.109779E+3	2.328889E+1
1.110015E+3	5.288889E+0
1.110251E+3	5.955556E+0
1.110487E+3	9.955556E+0
1.110723E+3	8.622222E+0
1.110959E+3	6.955556E+0
1.111195E+3	1.062222E+1
1.111431E+3	-6.711111E+0
1.111667E+3	1.028889E+1
1.111903E+3	1.295556E+1
1.112139E+3	6.222222E-1
1.112375E+3	7.955556E+0
1.112611E+3	1.062222E+1
1.112847E+3	1.288889E+0
1.113082E+3	1.955556E+0
1.113318E+3	5.288889E+0
1.113554E+3	7.622222E+0
1.113790E+3	2.288889E+0
1.114026E+3	-6.711111E+0
1.114262E+3	9.955556E+0
1.114497E+3	7.955556E+0
1.114733E+3	9.955556E+0
1.114969E+3	1.562222E+1
