1.951292E+2	0.000000E+0
1.953960E+2	0.000000E+0
1.956629E+2	0.000000E+0
1.959298E+2	0.000000E+0
1.961966E+2	0.000000E+0
1.964635E+2	0.000000E+0
1.967303E+2	0.000000E+0
1.969972E+2	0.000000E+0
1.972640E+2	0.000000E+0
1.975308E+2	0.000000E+0
1.977977E+2	0.000000E+0
1.980645E+2	0.000000E+0
1.983313E+2	0.000000E+0
1.985981E+2	0.000000E+0
1.988649E+2	0.000000E+0
1.991316E+2	0.000000E+0
1.993984E+2	0.000000E+0
1.996652E+2	0.000000E+0
1.999320E+2	0.000000E+0
2.001987E+2	0.000000E+0
2.004655E+2	0.000000E+0
2.007322E+2	0.000000E+0
2.009989E+2	0.000000E+0
2.012657E+2	0.000000E+0
2.015324E+2	0.000000E+0
2.017991E+2	0.000000E+0
2.020658E+2	0.000000E+0
2.023325E+2	0.000000E+0
2.025992E+2	0.000000E+0
2.028659E+2	0.000000E+0
2.031326E+2	0.000000E+0
2.033992E+2	0.000000E+0
2.036659E+2	0.000000E+0
2.039325E+2	0.000000E+0
2.041992E+2	0.000000E+0
2.044658E+2	0.000000E+0
2.047325E+2	0.000000E+0
2.049991E+2	0.000000E+0
2.052657E+2	0.000000E+0
2.055323E+2	0.000000E+0
2.057989E+2	0.000000E+0
2.060655E+2	0.000000E+0
2.063321E+2	0.000000E+0
2.065987E+2	0.000000E+0
2.068653E+2	0.000000E+0
2.071319E+2	0.000000E+0
2.073984E+2	0.000000E+0
2.076650E+2	0.000000E+0
2.079315E+2	0.000000E+0
2.081981E+2	0.000000E+0
2.084646E+2	0.000000E+0
2.087311E+2	0.000000E+0
2.089977E+2	0.000000E+0
2.092642E+2	0.000000E+0
2.095307E+2	0.000000E+0
2.097972E+2	0.000000E+0
2.100637E+2	0.000000E+0
2.103302E+2	0.000000E+0
2.105966E+2	0.000000E+0
2.108631E+2	0.000000E+0
2.111296E+2	0.000000E+0
2.113960E+2	0.000000E+0
2.116625E+2	0.000000E+0
2.119289E+2	0.000000E+0
2.121954E+2	0.000000E+0
2.124618E+2	0.000000E+0
2.127282E+2	0.000000E+0
2.129946E+2	0.000000E+0
2.132610E+2	0.000000E+0
2.135274E+2	0.000000E+0
2.137938E+2	0.000000E+0
2.140602E+2	0.000000E+0
2.143266E+2	0.000000E+0
2.145930E+2	0.000000E+0
2.148593E+2	0.000000E+0
2.151257E+2	0.000000E+0
2.153920E+2	0.000000E+0
2.156584E+2	0.000000E+0
2.159247E+2	0.000000E+0
2.161910E+2	0.000000E+0
2.164574E+2	0.000000E+0
2.167237E+2	0.000000E+0
2.169900E+2	0.000000E+0
2.172563E+2	0.000000E+0
2.175226E+2	0.000000E+0
2.177889E+2	0.000000E+0
2.180551E+2	0.000000E+0
2.183214E+2	0.000000E+0
2.185877E+2	0.000000E+0
2.188539E+2	0.000000E+0
2.191202E+2	0.000000E+0
2.193864E+2	0.000000E+0
2.196527E+2	0.000000E+0
2.199189E+2	0.000000E+0
2.201851E+2	0.000000E+0
2.204513E+2	0.000000E+0
2.207175E+2	0.000000E+0
2.209837E+2	0.000000E+0
2.212499E+2	0.000000E+0
2.215161E+2	0.000000E+0
2.217823E+2	0.000000E+0
2.220485E+2	0.000000E+0
2.223146E+2	0.000000E+0
2.225808E+2	0.000000E+0
2.228469E+2	0.000000E+0
2.231131E+2	0.000000E+0
2.233792E+2	0.000000E+0
2.236453E+2	0.000000E+0
2.239115E+2	0.000000E+0
2.241776E+2	0.000000E+0
2.244437E+2	0.000000E+0
2.247098E+2	0.000000E+0
2.249759E+2	0.000000E+0
2.252420E+2	0.000000E+0
2.255080E+2	0.000000E+0
2.257741E+2	0.000000E+0
2.260402E+2	0.000000E+0
2.263062E+2	0.000000E+0
2.265723E+2	0.000000E+0
2.268383E+2	0.000000E+0
2.271044E+2	0.000000E+0
2.273704E+2	0.000000E+0
2.276364E+2	0.000000E+0
2.279024E+2	0.000000E+0
2.281684E+2	0.000000E+0
2.284344E+2	0.000000E+0
2.287004E+2	0.000000E+0
2.289664E+2	0.000000E+0
2.292324E+2	0.000000E+0
2.294984E+2	0.000000E+0
2.297643E+2	0.000000E+0
2.300303E+2	0.000000E+0
2.302962E+2	0.000000E+0
2.305622E+2	0.000000E+0
2.308281E+2	0.000000E+0
2.310940E+2	0.000000E+0
2.313599E+2	0.000000E+0
2.316259E+2	0.000000E+0
2.318918E+2	0.000000E+0
2.321577E+2	0.000000E+0
2.324236E+2	0.000000E+0
2.326894E+2	0.000000E+0
2.329553E+2	0.000000E+0
2.332212E+2	0.000000E+0
2.334871E+2	0.000000E+0
2.337529E+2	0.000000E+0
2.340188E+2	0.000000E+0
2.342846E+2	0.000000E+0
2.345504E+2	0.000000E+0
2.348163E+2	0.000000E+0
2.350821E+2	0.000000E+0
2.353479E+2	0.000000E+0
2.356137E+2	0.000000E+0
2.358795E+2	0.000000E+0
2.361453E+2	0.000000E+0
2.364111E+2	0.000000E+0
2.366769E+2	0.000000E+0
2.369426E+2	0.000000E+0
2.372084E+2	0.000000E+0
2.374741E+2	0.000000E+0
2.377399E+2	0.000000E+0
2.380056E+2	0.000000E+0
2.382714E+2	0.000000E+0
2.385371E+2	0.000000E+0
2.388028E+2	0.000000E+0
2.390685E+2	0.000000E+0
2.393342E+2	0.000000E+0
2.395999E+2	0.000000E+0
2.398656E+2	0.000000E+0
2.401313E+2	0.000000E+0
2.403970E+2	0.000000E+0
2.406626E+2	0.000000E+0
2.409283E+2	0.000000E+0
2.411940E+2	0.000000E+0
2.414596E+2	0.000000E+0
2.417252E+2	0.000000E+0
2.419909E+2	0.000000E+0
2.422565E+2	0.000000E+0
2.425221E+2	0.000000E+0
2.427877E+2	0.000000E+0
2.430533E+2	0.000000E+0
2.433189E+2	0.000000E+0
2.435845E+2	0.000000E+0
2.438501E+2	0.000000E+0
2.441157E+2	0.000000E+0
2.443812E+2	0.000000E+0
2.446468E+2	0.000000E+0
2.449124E+2	0.000000E+0
2.451779E+2	0.000000E+0
2.454434E+2	0.000000E+0
2.457090E+2	0.000000E+0
2.459745E+2	0.000000E+0
2.462400E+2	0.000000E+0
2.465055E+2	0.000000E+0
2.467710E+2	0.000000E+0
2.470365E+2	0.000000E+0
2.473020E+2	0.000000E+0
2.475675E+2	0.000000E+0
2.478330E+2	0.000000E+0
2.480984E+2	0.000000E+0
2.483639E+2	0.000000E+0
2.486294E+2	0.000000E+0
2.488948E+2	0.000000E+0
2.491602E+2	0.000000E+0
2.494257E+2	0.000000E+0
2.496911E+2	0.000000E+0
2.499565E+2	0.000000E+0
2.502219E+2	6.801821E+0
2.504873E+2	6.419308E+0
2.507527E+2	6.282696E+0
2.510181E+2	6.588707E+0
2.512835E+2	6.878324E+0
2.515489E+2	7.009472E+0
2.518142E+2	7.162477E+0
2.520796E+2	7.452095E+0
2.523449E+2	7.736248E+0
2.526103E+2	7.960291E+0
2.528756E+2	8.069581E+0
2.531409E+2	8.178871E+0
2.534063E+2	8.310018E+0
2.536716E+2	8.769035E+0
2.539369E+2	8.982149E+0
2.542022E+2	9.157013E+0
2.544675E+2	8.998543E+0
2.547328E+2	9.173406E+0
2.549980E+2	9.534062E+0
2.552633E+2	9.637887E+0
2.555286E+2	9.736248E+0
2.557938E+2	9.758106E+0
2.560591E+2	1.002040E+1
2.563243E+2	1.018980E+1
2.565896E+2	1.033188E+1
2.568548E+2	1.061603E+1
2.571200E+2	1.092750E+1
2.573852E+2	1.105319E+1
2.576504E+2	1.120073E+1
2.579156E+2	1.126084E+1
2.581808E+2	1.137013E+1
2.584460E+2	1.155046E+1
2.587112E+2	1.174718E+1
2.589763E+2	1.177996E+1
2.592415E+2	1.192204E+1
2.595067E+2	1.224991E+1
2.597718E+2	1.238106E+1
2.600369E+2	1.266521E+1
2.603021E+2	1.259964E+1
2.605672E+2	1.286193E+1
2.608323E+2	1.294390E+1
2.610974E+2	1.308597E+1
2.613625E+2	1.286193E+1
2.616276E+2	1.283461E+1
2.618927E+2	1.287832E+1
2.621578E+2	1.298761E+1
2.624229E+2	1.308597E+1
2.626880E+2	1.329362E+1
2.629530E+2	1.308597E+1
2.632181E+2	1.285100E+1
2.634831E+2	1.276357E+1
2.637482E+2	1.269800E+1
2.640132E+2	1.293843E+1
2.642782E+2	1.279089E+1
2.645432E+2	1.275264E+1
2.648082E+2	1.279636E+1
2.650732E+2	1.273078E+1
2.653382E+2	1.252313E+1
2.656032E+2	1.239745E+1
2.658682E+2	1.252860E+1
2.661332E+2	1.271985E+1
2.663981E+2	1.249035E+1
2.666631E+2	1.271985E+1
2.669281E+2	1.268160E+1
2.671930E+2	1.232641E+1
2.674579E+2	1.197668E+1
2.677229E+2	1.197668E+1
2.679878E+2	1.191111E+1
2.682527E+2	1.157778E+1
2.685176E+2	1.102587E+1
2.687825E+2	1.074171E+1
2.690474E+2	1.055592E+1
2.693123E+2	1.018980E+1
2.695772E+2	9.943898E+0
2.698420E+2	9.419308E+0
2.701069E+2	9.326412E+0
2.703718E+2	9.337341E+0
2.706366E+2	9.331876E+0
2.709014E+2	9.129690E+0
2.711663E+2	8.889253E+0
2.714311E+2	8.637887E+0
2.716959E+2	8.255373E+0
2.719607E+2	8.075046E+0
2.722255E+2	7.938434E+0
2.724903E+2	7.845537E+0
2.727551E+2	7.965756E+0
2.730199E+2	7.927505E+0
2.732847E+2	7.829144E+0
2.735495E+2	7.807286E+0
2.738142E+2	7.801821E+0
2.740790E+2	7.987614E+0
2.743437E+2	7.790893E+0
2.746085E+2	7.544991E+0
2.748732E+2	7.430237E+0
2.751379E+2	7.140619E+0
2.754026E+2	7.184335E+0
2.756674E+2	6.911111E+0
2.759321E+2	7.042259E+0
2.761968E+2	6.894718E+0
2.764614E+2	6.894718E+0
2.767261E+2	6.976685E+0
2.769908E+2	6.998543E+0
2.772555E+2	6.883789E+0
2.775201E+2	6.872860E+0
2.777848E+2	7.009472E+0
2.780494E+2	7.080510E+0
2.783141E+2	7.080510E+0
2.785787E+2	7.085974E+0
2.788433E+2	6.801821E+0
2.791079E+2	6.911111E+0
2.793725E+2	6.960291E+0
2.796371E+2	7.009472E+0
2.799017E+2	6.982149E+0
2.801663E+2	6.637887E+0
2.804309E+2	6.402914E+0
2.806955E+2	6.238980E+0
2.809600E+2	6.047723E+0
2.812246E+2	6.085974E+0
2.814891E+2	6.080510E+0
2.817537E+2	6.053188E+0
2.820182E+2	5.785428E+0
2.822827E+2	5.566849E+0
2.825473E+2	5.621494E+0
2.828118E+2	5.424772E+0
2.830763E+2	5.381056E+0
2.833408E+2	5.238980E+0
2.836053E+2	5.222587E+0
2.838697E+2	5.053188E+0
2.841342E+2	4.736248E+0
2.843987E+2	4.752641E+0
2.846632E+2	4.856466E+0
2.849276E+2	4.922040E+0
2.851921E+2	5.053188E+0
2.854565E+2	5.124226E+0
2.857209E+2	5.178871E+0
2.859853E+2	5.473953E+0
2.862498E+2	5.228051E+0
2.865142E+2	5.244444E+0
2.867786E+2	5.310018E+0
2.870430E+2	5.118761E+0
2.873074E+2	5.075046E+0
2.875717E+2	4.993078E+0
2.878361E+2	5.266302E+0
2.881005E+2	5.293625E+0
2.883648E+2	5.157013E+0
2.886292E+2	4.790893E+0
2.888935E+2	4.495811E+0
2.891579E+2	4.555920E+0
2.894222E+2	4.402914E+0
2.896865E+2	4.687067E+0
2.899508E+2	4.747177E+0
2.902151E+2	4.790893E+0
2.904794E+2	4.900182E+0
2.907437E+2	5.146084E+0
2.910080E+2	5.222587E+0
2.912723E+2	5.550455E+0
2.915366E+2	5.528597E+0
2.918008E+2	5.626958E+0
2.920651E+2	5.501275E+0
2.923293E+2	5.484882E+0
2.925936E+2	5.610565E+0
2.928578E+2	5.441166E+0
2.931220E+2	5.430237E+0
2.933863E+2	5.217122E+0
2.936505E+2	5.124226E+0
2.939147E+2	5.195264E+0
2.941789E+2	5.217122E+0
2.944431E+2	5.337341E+0
2.947072E+2	5.402914E+0
2.949714E+2	5.452095E+0
2.952356E+2	5.490346E+0
2.954997E+2	5.621494E+0
2.957639E+2	5.616029E+0
2.960280E+2	5.648816E+0
2.962922E+2	5.867395E+0
2.965563E+2	5.993078E+0
2.968204E+2	5.927505E+0
2.970845E+2	5.949362E+0
2.973486E+2	5.845537E+0
2.976127E+2	5.823679E+0
2.978768E+2	6.004007E+0
2.981409E+2	6.167942E+0
2.984050E+2	5.922040E+0
2.986691E+2	6.162477E+0
2.989331E+2	6.167942E+0
2.991972E+2	6.310018E+0
2.994612E+2	6.501275E+0
2.997253E+2	6.353734E+0
2.999893E+2	6.599636E+0
3.002534E+2	7.053188E+0
3.005174E+2	7.118761E+0
3.007814E+2	7.315483E+0
3.010454E+2	7.277231E+0
3.013094E+2	7.167942E+0
3.015734E+2	7.342805E+0
3.018374E+2	7.299089E+0
3.021013E+2	7.331876E+0
3.023653E+2	7.566849E+0
3.026293E+2	7.315483E+0
3.028932E+2	7.271767E+0
3.031572E+2	7.457559E+0
3.034211E+2	7.616029E+0
3.036850E+2	7.834608E+0
3.039489E+2	7.714390E+0
3.042129E+2	7.943898E+0
3.044768E+2	8.118761E+0
3.047407E+2	8.326412E+0
3.050046E+2	8.484882E+0
3.052685E+2	8.397450E+0
3.055323E+2	8.610565E+0
3.057962E+2	8.228051E+0
3.060601E+2	8.184335E+0
3.063239E+2	7.993078E+0
3.065878E+2	7.900182E+0
3.068516E+2	7.790893E+0
3.071155E+2	7.708925E+0
3.073793E+2	7.769035E+0
3.076431E+2	7.577778E+0
3.079069E+2	7.391985E+0
3.081707E+2	7.566849E+0
3.084345E+2	7.752641E+0
3.086983E+2	7.725319E+0
3.089621E+2	7.725319E+0
3.092259E+2	7.605100E+0
3.094896E+2	7.648816E+0
3.097534E+2	7.670674E+0
3.100171E+2	7.523133E+0
3.102809E+2	7.249909E+0
3.105446E+2	7.140619E+0
3.108084E+2	7.091439E+0
3.110721E+2	7.277231E+0
3.113358E+2	7.238980E+0
3.115995E+2	7.118761E+0
3.118632E+2	7.031330E+0
3.121269E+2	7.189800E+0
3.123906E+2	7.096903E+0
3.126543E+2	7.124226E+0
3.129179E+2	7.118761E+0
3.131816E+2	6.987614E+0
3.134453E+2	6.785428E+0
3.137089E+2	6.588707E+0
3.139725E+2	6.605100E+0
3.142362E+2	6.484882E+0
3.144998E+2	6.670674E+0
3.147634E+2	6.534062E+0
3.150270E+2	6.725319E+0
3.152906E+2	6.922040E+0
3.155542E+2	6.954827E+0
3.158178E+2	7.238980E+0
3.160814E+2	7.107832E+0
3.163450E+2	6.993078E+0
3.166086E+2	7.047723E+0
3.168721E+2	7.009472E+0
3.171357E+2	7.047723E+0
3.173992E+2	6.883789E+0
3.176627E+2	6.730783E+0
3.179263E+2	6.796357E+0
3.181898E+2	6.714390E+0
3.184533E+2	6.577778E+0
3.187168E+2	6.790893E+0
3.189803E+2	6.801821E+0
3.192438E+2	6.779964E+0
3.195073E+2	6.670674E+0
3.197708E+2	6.976685E+0
3.200342E+2	6.932969E+0
3.202977E+2	6.872860E+0
3.205612E+2	6.861931E+0
3.208246E+2	6.943898E+0
3.210881E+2	6.954827E+0
3.213515E+2	7.036794E+0
3.216149E+2	6.982149E+0
3.218783E+2	7.025865E+0
3.221417E+2	6.971220E+0
3.224051E+2	7.080510E+0
3.226685E+2	7.091439E+0
3.229319E+2	6.971220E+0
3.231953E+2	6.845537E+0
3.234587E+2	6.517668E+0
3.237221E+2	6.430237E+0
3.239854E+2	6.867395E+0
3.242488E+2	6.708925E+0
3.245121E+2	6.173406E+0
3.247754E+2	6.091439E+0
3.250388E+2	6.260838E+0
3.253021E+2	6.441166E+0
3.255654E+2	6.610565E+0
3.258287E+2	6.998543E+0
3.260920E+2	7.020401E+0
3.263553E+2	7.157013E+0
3.266186E+2	6.916576E+0
3.268819E+2	6.867395E+0
3.271451E+2	6.900182E+0
3.274084E+2	6.954827E+0
3.276717E+2	7.091439E+0
3.279349E+2	7.157013E+0
3.281981E+2	6.790893E+0
3.284614E+2	6.894718E+0
3.287246E+2	6.960291E+0
3.289878E+2	6.987614E+0
3.292510E+2	7.135155E+0
3.295142E+2	7.473953E+0
3.297774E+2	7.714390E+0
3.300406E+2	7.665209E+0
3.303038E+2	7.648816E+0
3.305670E+2	7.769035E+0
3.308301E+2	7.834608E+0
3.310933E+2	7.834608E+0
3.313564E+2	7.626958E+0
3.316196E+2	7.528597E+0
3.318827E+2	7.435701E+0
3.321458E+2	7.528597E+0
3.324089E+2	7.512204E+0
3.326721E+2	7.566849E+0
3.329352E+2	7.473953E+0
3.331983E+2	7.408379E+0
3.334614E+2	7.583242E+0
3.337244E+2	7.730783E+0
3.339875E+2	7.648816E+0
3.342506E+2	7.599636E+0
3.345136E+2	7.697996E+0
3.347767E+2	7.632423E+0
3.350397E+2	7.572313E+0
3.353028E+2	7.708925E+0
3.355658E+2	7.626958E+0
3.358288E+2	7.348270E+0
3.360918E+2	7.315483E+0
3.363548E+2	7.228051E+0
3.366178E+2	7.004007E+0
3.368808E+2	7.167942E+0
3.371438E+2	7.075046E+0
3.374068E+2	6.982149E+0
3.376698E+2	6.834608E+0
3.379327E+2	6.932969E+0
3.381957E+2	6.796357E+0
3.384586E+2	6.769035E+0
3.387216E+2	6.851002E+0
3.389845E+2	6.922040E+0
3.392474E+2	7.184335E+0
3.395103E+2	7.228051E+0
3.397733E+2	7.260838E+0
3.400362E+2	6.949362E+0
3.402990E+2	6.758106E+0
3.405619E+2	7.124226E+0
3.408248E+2	7.200729E+0
3.410877E+2	7.140619E+0
3.413506E+2	7.151548E+0
3.416134E+2	7.036794E+0
3.418763E+2	7.058652E+0
3.421391E+2	7.184335E+0
3.424019E+2	7.167942E+0
3.426648E+2	7.337341E+0
3.429276E+2	7.550455E+0
3.431904E+2	7.501275E+0
3.434532E+2	7.408379E+0
3.437160E+2	7.206193E+0
3.439788E+2	7.260838E+0
3.442416E+2	7.348270E+0
3.445043E+2	7.255373E+0
3.447671E+2	7.113297E+0
3.450299E+2	7.370128E+0
3.452926E+2	7.435701E+0
3.455554E+2	7.381056E+0
3.458181E+2	7.310018E+0
3.460808E+2	7.249909E+0
3.463436E+2	7.479417E+0
3.466063E+2	7.244444E+0
3.468690E+2	6.971220E+0
3.471317E+2	6.982149E+0
3.473944E+2	6.911111E+0
3.476570E+2	7.096903E+0
3.479197E+2	6.993078E+0
3.481824E+2	6.790893E+0
3.484451E+2	6.741712E+0
3.487077E+2	6.703461E+0
3.489704E+2	6.386521E+0
3.492330E+2	6.419308E+0
3.494956E+2	6.544991E+0
3.497582E+2	6.588707E+0
3.500209E+2	6.676138E+0
3.502835E+2	6.703461E+0
3.505461E+2	6.687067E+0
3.508087E+2	6.692532E+0
3.510713E+2	6.632423E+0
3.513338E+2	6.359199E+0
3.515964E+2	6.391985E+0
3.518590E+2	6.129690E+0
3.521215E+2	6.184335E+0
3.523841E+2	5.976685E+0
3.526466E+2	6.157013E+0
3.529091E+2	6.080510E+0
3.531717E+2	5.938434E+0
3.534342E+2	6.419308E+0
3.536967E+2	6.621494E+0
3.539592E+2	6.637887E+0
3.542217E+2	6.659745E+0
3.544842E+2	6.676138E+0
3.547467E+2	6.495811E+0
3.550091E+2	6.435701E+0
3.552716E+2	6.555920E+0
3.555341E+2	6.823679E+0
3.557965E+2	6.785428E+0
3.560590E+2	6.916576E+0
3.563214E+2	7.353734E+0
3.565838E+2	7.315483E+0
3.568462E+2	7.222587E+0
3.571086E+2	6.976685E+0
3.573711E+2	6.889253E+0
3.576335E+2	6.954827E+0
3.578958E+2	6.665209E+0
3.581582E+2	6.446630E+0
3.584206E+2	6.381056E+0
3.586830E+2	6.304554E+0
3.589453E+2	6.091439E+0
3.592077E+2	5.982149E+0
3.594700E+2	5.965756E+0
3.597324E+2	5.971220E+0
3.599947E+2	5.883789E+0
3.602570E+2	6.036794E+0
3.605193E+2	5.943898E+0
3.607816E+2	6.211658E+0
3.610439E+2	6.348270E+0
3.613062E+2	6.408379E+0
3.615685E+2	6.299089E+0
3.618308E+2	6.096903E+0
3.620930E+2	5.976685E+0
3.623553E+2	5.911111E+0
3.626176E+2	5.927505E+0
3.628798E+2	6.151548E+0
3.631420E+2	5.971220E+0
3.634043E+2	5.889253E+0
3.636665E+2	6.047723E+0
3.639287E+2	6.288160E+0
3.641909E+2	6.402914E+0
3.644531E+2	6.566849E+0
3.647153E+2	6.452095E+0
3.649775E+2	6.872860E+0
3.652397E+2	7.200729E+0
3.655018E+2	7.085974E+0
3.657640E+2	6.982149E+0
3.660262E+2	6.889253E+0
3.662883E+2	6.741712E+0
3.665505E+2	6.801821E+0
3.668126E+2	6.801821E+0
3.670747E+2	6.840073E+0
3.673368E+2	7.009472E+0
3.675989E+2	7.080510E+0
3.678610E+2	7.293625E+0
3.681231E+2	7.463024E+0
3.683852E+2	7.676138E+0
3.686473E+2	7.790893E+0
3.689094E+2	7.741712E+0
3.691714E+2	7.758106E+0
3.694335E+2	7.512204E+0
3.696955E+2	7.512204E+0
3.699576E+2	7.473953E+0
3.702196E+2	7.506740E+0
3.704816E+2	7.424772E+0
3.707437E+2	7.506740E+0
3.710057E+2	7.534062E+0
3.712677E+2	7.484882E+0
3.715297E+2	7.342805E+0
3.717917E+2	7.539526E+0
3.720536E+2	7.441166E+0
3.723156E+2	7.151548E+0
3.725776E+2	7.348270E+0
3.728395E+2	7.616029E+0
3.731015E+2	7.697996E+0
3.733634E+2	7.703461E+0
3.736254E+2	7.637887E+0
3.738873E+2	7.605100E+0
3.741492E+2	7.790893E+0
3.744111E+2	7.807286E+0
3.746730E+2	7.790893E+0
3.749349E+2	7.900182E+0
3.751968E+2	7.949362E+0
3.754587E+2	7.769035E+0
3.757206E+2	7.834608E+0
3.759824E+2	7.878324E+0
3.762443E+2	7.736248E+0
3.765061E+2	7.900182E+0
3.767680E+2	7.872860E+0
3.770298E+2	7.616029E+0
3.772916E+2	7.282696E+0
3.775535E+2	7.206193E+0
3.778153E+2	7.326412E+0
3.780771E+2	7.528597E+0
3.783389E+2	7.331876E+0
3.786007E+2	7.402914E+0
3.788624E+2	7.310018E+0
3.791242E+2	7.342805E+0
3.793860E+2	7.364663E+0
3.796477E+2	7.184335E+0
3.799095E+2	7.107832E+0
3.801712E+2	7.085974E+0
3.804330E+2	6.998543E+0
3.806947E+2	7.266302E+0
3.809564E+2	7.222587E+0
3.812181E+2	6.949362E+0
3.814798E+2	6.829144E+0
3.817415E+2	7.091439E+0
3.820032E+2	7.299089E+0
3.822649E+2	7.299089E+0
3.825266E+2	6.982149E+0
3.827883E+2	7.080510E+0
3.830499E+2	7.206193E+0
3.833116E+2	7.107832E+0
3.835732E+2	7.331876E+0
3.838348E+2	7.413843E+0
3.840965E+2	7.271767E+0
3.843581E+2	7.140619E+0
3.846197E+2	7.047723E+0
3.848813E+2	7.222587E+0
3.851429E+2	7.320947E+0
3.854045E+2	7.047723E+0
3.856661E+2	7.249909E+0
3.859277E+2	7.370128E+0
3.861892E+2	7.315483E+0
3.864508E+2	7.244444E+0
3.867124E+2	7.135155E+0
3.869739E+2	7.047723E+0
3.872354E+2	6.976685E+0
3.874970E+2	7.173406E+0
3.877585E+2	7.140619E+0
3.880200E+2	7.157013E+0
3.882815E+2	7.299089E+0
3.885430E+2	7.080510E+0
3.888045E+2	6.851002E+0
3.890660E+2	7.096903E+0
3.893275E+2	6.976685E+0
3.895889E+2	7.058652E+0
3.898504E+2	7.091439E+0
3.901118E+2	7.173406E+0
3.903733E+2	7.304554E+0
3.906347E+2	7.419308E+0
3.908962E+2	7.342805E+0
3.911576E+2	7.381056E+0
3.914190E+2	7.692532E+0
3.916804E+2	7.932969E+0
3.919418E+2	7.823679E+0
3.922032E+2	7.965756E+0
3.924646E+2	7.905647E+0
3.927260E+2	7.796357E+0
3.929873E+2	7.550455E+0
3.932487E+2	7.490346E+0
3.935100E+2	7.544991E+0
3.937714E+2	7.583242E+0
3.940327E+2	7.544991E+0
3.942941E+2	7.676138E+0
3.945554E+2	7.785428E+0
3.948167E+2	7.971220E+0
3.950780E+2	8.238980E+0
3.953393E+2	8.277231E+0
3.956006E+2	8.375592E+0
3.958619E+2	8.375592E+0
3.961232E+2	8.364663E+0
3.963844E+2	8.566849E+0
3.966457E+2	8.490346E+0
3.969069E+2	8.588707E+0
3.971682E+2	8.763570E+0
3.974294E+2	8.801821E+0
3.976907E+2	8.692532E+0
3.979519E+2	8.697996E+0
3.982131E+2	8.911111E+0
3.984743E+2	9.260838E+0
3.987355E+2	9.200729E+0
3.989967E+2	9.075046E+0
3.992579E+2	9.020401E+0
3.995191E+2	8.555920E+0
3.997802E+2	8.566849E+0
4.000414E+2	8.583242E+0
4.003025E+2	8.588707E+0
4.005637E+2	8.463024E+0
4.008248E+2	8.189800E+0
4.010860E+2	8.495811E+0
4.013471E+2	8.856466E+0
4.016082E+2	8.364663E+0
4.018693E+2	8.233515E+0
4.021304E+2	8.566849E+0
4.023915E+2	8.905647E+0
4.026526E+2	9.091439E+0
4.029137E+2	9.228051E+0
4.031747E+2	9.244444E+0
4.034358E+2	8.878324E+0
4.036968E+2	8.752641E+0
4.039579E+2	8.851002E+0
4.042189E+2	8.932969E+0
4.044800E+2	9.031330E+0
4.047410E+2	9.173406E+0
4.050020E+2	9.140619E+0
4.052630E+2	9.107832E+0
4.055240E+2	9.135155E+0
4.057850E+2	9.189800E+0
4.060460E+2	9.075046E+0
4.063070E+2	9.014936E+0
4.065679E+2	8.987614E+0
4.068289E+2	8.905647E+0
4.070898E+2	8.779964E+0
4.073508E+2	8.769035E+0
4.076117E+2	8.523133E+0
4.078727E+2	8.555920E+0
4.081336E+2	8.583242E+0
4.083945E+2	8.430237E+0
4.086554E+2	8.304554E+0
4.089163E+2	8.512204E+0
4.091772E+2	8.856466E+0
4.094381E+2	9.157013E+0
4.096990E+2	9.375592E+0
4.099598E+2	9.506740E+0
4.102207E+2	9.528597E+0
4.104815E+2	9.495811E+0
4.107424E+2	9.381056E+0
4.110032E+2	9.069581E+0
4.112640E+2	8.927505E+0
4.115249E+2	8.872860E+0
4.117857E+2	8.818215E+0
4.120465E+2	8.801821E+0
4.123073E+2	8.539526E+0
4.125681E+2	8.774499E+0
4.128289E+2	8.708925E+0
4.130896E+2	8.741712E+0
4.133504E+2	8.801821E+0
4.136112E+2	8.730783E+0
4.138719E+2	8.643352E+0
4.141327E+2	8.577778E+0
4.143934E+2	8.495811E+0
4.146541E+2	8.714390E+0
4.149149E+2	8.621494E+0
4.151756E+2	8.801821E+0
4.154363E+2	8.922040E+0
4.156970E+2	8.714390E+0
4.159577E+2	8.812750E+0
4.162184E+2	8.976685E+0
4.164790E+2	9.151548E+0
4.167397E+2	9.085974E+0
4.170004E+2	8.883789E+0
4.172610E+2	8.779964E+0
4.175217E+2	9.025865E+0
4.177823E+2	8.960291E+0
4.180429E+2	8.851002E+0
4.183035E+2	8.889253E+0
4.185642E+2	8.987614E+0
4.188248E+2	9.118761E+0
4.190854E+2	9.107832E+0
4.193459E+2	9.348270E+0
4.196065E+2	9.484882E+0
4.198671E+2	9.457559E+0
4.201277E+2	9.228051E+0
4.203882E+2	9.228051E+0
4.206488E+2	9.075046E+0
4.209093E+2	9.102368E+0
4.211699E+2	9.293625E+0
4.214304E+2	9.113297E+0
4.216909E+2	9.266302E+0
4.219514E+2	9.266302E+0
4.222119E+2	9.206193E+0
4.224724E+2	9.326412E+0
4.227329E+2	9.457559E+0
4.229934E+2	9.605100E+0
4.232539E+2	9.495811E+0
4.235143E+2	9.790893E+0
4.237748E+2	9.643352E+0
4.240352E+2	9.670674E+0
4.242957E+2	9.708925E+0
4.245561E+2	1.004226E+1
4.248166E+2	1.029362E+1
4.250770E+2	1.013515E+1
4.253374E+2	9.867395E+0
4.255978E+2	9.648816E+0
4.258582E+2	9.736248E+0
4.261186E+2	9.807286E+0
4.263790E+2	9.829144E+0
4.266393E+2	9.708925E+0
4.268997E+2	9.741712E+0
4.271600E+2	9.949362E+0
4.274204E+2	9.861931E+0
4.276807E+2	1.005865E+1
4.279411E+2	1.010237E+1
4.282014E+2	1.020073E+1
4.284617E+2	9.861931E+0
4.287220E+2	1.003679E+1
4.289823E+2	9.911111E+0
4.292426E+2	9.823679E+0
4.295029E+2	9.883789E+0
4.297632E+2	9.938434E+0
4.300235E+2	9.823679E+0
4.302837E+2	9.840073E+0
4.305440E+2	9.637887E+0
4.308042E+2	9.987614E+0
4.310645E+2	1.009690E+1
4.313247E+2	1.035373E+1
4.315849E+2	1.049581E+1
4.318451E+2	1.046849E+1
4.321054E+2	1.047395E+1
4.323656E+2	1.021166E+1
4.326258E+2	1.046849E+1
4.328859E+2	1.049035E+1
4.331461E+2	1.020073E+1
4.334063E+2	1.017887E+1
4.336665E+2	1.022259E+1
4.339266E+2	1.017341E+1
4.341868E+2	9.834608E+0
4.344469E+2	9.610565E+0
4.347070E+2	9.605100E+0
4.349671E+2	9.692532E+0
4.352273E+2	9.867395E+0
4.354874E+2	9.889253E+0
4.357475E+2	9.954827E+0
4.360076E+2	1.008597E+1
4.362677E+2	9.927505E+0
4.365277E+2	1.003679E+1
4.367878E+2	9.829144E+0
4.370479E+2	9.785428E+0
4.373079E+2	9.965756E+0
4.375680E+2	1.012969E+1
4.378280E+2	1.045209E+1
4.380880E+2	1.073078E+1
4.383480E+2	1.071985E+1
4.386081E+2	1.110237E+1
4.388681E+2	1.142477E+1
4.391281E+2	1.179089E+1
4.393881E+2	1.152860E+1
4.396480E+2	1.173078E+1
4.399080E+2	1.181821E+1
4.401680E+2	1.198215E+1
4.404279E+2	1.209690E+1
4.406879E+2	1.220073E+1
4.409478E+2	1.239199E+1
4.412078E+2	1.270893E+1
4.414677E+2	1.299308E+1
4.417276E+2	1.264335E+1
4.419875E+2	1.291111E+1
4.422474E+2	1.314062E+1
4.425073E+2	1.361056E+1
4.427672E+2	1.387832E+1
4.430271E+2	1.407505E+1
4.432870E+2	1.414608E+1
4.435469E+2	1.412423E+1
4.438067E+2	1.421166E+1
4.440666E+2	1.421166E+1
4.443264E+2	1.433734E+1
4.445862E+2	1.419526E+1
4.448461E+2	1.421712E+1
4.451059E+2	1.429362E+1
4.453657E+2	1.436466E+1
4.456255E+2	1.429909E+1
4.458853E+2	1.447395E+1
4.461451E+2	1.468160E+1
4.464049E+2	1.504772E+1
4.466646E+2	1.485100E+1
4.469244E+2	1.490565E+1
4.471842E+2	1.509144E+1
4.474439E+2	1.533734E+1
4.477036E+2	1.554499E+1
4.479634E+2	1.567614E+1
4.482231E+2	1.594390E+1
4.484828E+2	1.578543E+1
4.487425E+2	1.575811E+1
4.490022E+2	1.603679E+1
4.492619E+2	1.606958E+1
4.495216E+2	1.628816E+1
4.497813E+2	1.637013E+1
4.500410E+2	1.643570E+1
4.503006E+2	1.663242E+1
4.505603E+2	1.661056E+1
4.508199E+2	1.655592E+1
4.510796E+2	1.629909E+1
4.513392E+2	1.640838E+1
4.515988E+2	1.649035E+1
4.518584E+2	1.662696E+1
4.521180E+2	1.694936E+1
4.523776E+2	1.696576E+1
4.526372E+2	1.721166E+1
4.528968E+2	1.725537E+1
4.531564E+2	1.724444E+1
4.534160E+2	1.712969E+1
4.536755E+2	1.710237E+1
4.539351E+2	1.727723E+1
4.541946E+2	1.734827E+1
4.544541E+2	1.717887E+1
4.547137E+2	1.699854E+1
4.549732E+2	1.701494E+1
4.552327E+2	1.697668E+1
4.554922E+2	1.693297E+1
4.557517E+2	1.698761E+1
4.560112E+2	1.729909E+1
4.562707E+2	1.717887E+1
4.565302E+2	1.691658E+1
4.567896E+2	1.720073E+1
4.570491E+2	1.729362E+1
4.573085E+2	1.723352E+1
4.575680E+2	1.758871E+1
4.578274E+2	1.729909E+1
4.580868E+2	1.727177E+1
4.583463E+2	1.720073E+1
4.586057E+2	1.733188E+1
4.588651E+2	1.762696E+1
4.591245E+2	1.780729E+1
4.593838E+2	1.795483E+1
4.596432E+2	1.843024E+1
4.599026E+2	1.893843E+1
4.601620E+2	1.928816E+1
4.604213E+2	1.971985E+1
4.606807E+2	1.987832E+1
4.609400E+2	2.025537E+1
4.611993E+2	2.034827E+1
4.614587E+2	2.067067E+1
4.617180E+2	2.098761E+1
4.619773E+2	2.111330E+1
4.622366E+2	2.112969E+1
4.624959E+2	2.168707E+1
4.627552E+2	2.166521E+1
4.630144E+2	2.170893E+1
4.632737E+2	2.172532E+1
4.635330E+2	2.186740E+1
4.637922E+2	2.214608E+1
4.640515E+2	2.236466E+1
4.643107E+2	2.275811E+1
4.645699E+2	2.326630E+1
4.648292E+2	2.377996E+1
4.650884E+2	2.412969E+1
4.653476E+2	2.447942E+1
4.656068E+2	2.506958E+1
4.658660E+2	2.554499E+1
4.661251E+2	2.616794E+1
4.663843E+2	2.654499E+1
4.666435E+2	2.697668E+1
4.669026E+2	2.771985E+1
4.671618E+2	2.802587E+1
4.674209E+2	2.827177E+1
4.676801E+2	2.886193E+1
4.679392E+2	2.931002E+1
4.681983E+2	2.993297E+1
4.684574E+2	3.056138E+1
4.687165E+2	3.119526E+1
4.689756E+2	3.176357E+1
4.692347E+2	3.228270E+1
4.694938E+2	3.282914E+1
4.697529E+2	3.309690E+1
4.700119E+2	3.383461E+1
4.702710E+2	3.432641E+1
4.705300E+2	3.496029E+1
4.707891E+2	3.523352E+1
4.710481E+2	3.627723E+1
4.713071E+2	3.729362E+1
4.715661E+2	3.791111E+1
4.718252E+2	3.847395E+1
4.720842E+2	3.908051E+1
4.723431E+2	4.003133E+1
4.726021E+2	4.074171E+1
4.728611E+2	4.126084E+1
4.731201E+2	4.224444E+1
4.733790E+2	4.329909E+1
4.736380E+2	4.463789E+1
4.738969E+2	4.562149E+1
4.741559E+2	4.673078E+1
4.744148E+2	4.778543E+1
4.746737E+2	4.869800E+1
4.749326E+2	4.962696E+1
4.751915E+2	5.058324E+1
4.754504E+2	5.139745E+1
4.757093E+2	5.248488E+1
4.759682E+2	5.362149E+1
4.762271E+2	5.478543E+1
4.764859E+2	5.613515E+1
4.767448E+2	5.751220E+1
4.770037E+2	5.881275E+1
4.772625E+2	6.021166E+1
4.775213E+2	6.144663E+1
4.777802E+2	6.306412E+1
4.780390E+2	6.455592E+1
4.782978E+2	6.594390E+1
4.785566E+2	6.814608E+1
4.788154E+2	7.012423E+1
4.790742E+2	7.203679E+1
4.793329E+2	7.379636E+1
4.795917E+2	7.575264E+1
4.798505E+2	7.784554E+1
4.801092E+2	7.974171E+1
4.803680E+2	8.155592E+1
4.806267E+2	8.330455E+1
4.808854E+2	8.531002E+1
4.811442E+2	8.719526E+1
4.814029E+2	8.907505E+1
4.816616E+2	9.138106E+1
4.819203E+2	9.365428E+1
4.821790E+2	9.593297E+1
4.824377E+2	9.861603E+1
4.826963E+2	1.007253E+2
4.829550E+2	1.033920E+2
4.832137E+2	1.061570E+2
4.834723E+2	1.086871E+2
4.837310E+2	1.114576E+2
4.839896E+2	1.143155E+2
4.842482E+2	1.171133E+2
4.845068E+2	1.201461E+2
4.847655E+2	1.232062E+2
4.850241E+2	1.262390E+2
4.852827E+2	1.291024E+2
4.855412E+2	1.322663E+2
4.857998E+2	1.352390E+2
4.860584E+2	1.384630E+2
4.863170E+2	1.415395E+2
4.865755E+2	1.451188E+2
4.868341E+2	1.481679E+2
4.870926E+2	1.513647E+2
4.873511E+2	1.547199E+2
4.876097E+2	1.584466E+2
4.878682E+2	1.624138E+2
4.881267E+2	1.660696E+2
4.883852E+2	1.699056E+2
4.886437E+2	1.738565E+2
4.889022E+2	1.776106E+2
4.891606E+2	1.815668E+2
4.894191E+2	1.852608E+2
4.896776E+2	1.895122E+2
4.899360E+2	1.937909E+2
4.901945E+2	1.979220E+2
4.904529E+2	2.019931E+2
4.907113E+2	2.064630E+2
4.909697E+2	2.108619E+2
4.912282E+2	2.154903E+2
4.914866E+2	2.198128E+2
4.917450E+2	2.241515E+2
4.920034E+2	2.286652E+2
4.922617E+2	2.331679E+2
4.925201E+2	2.375177E+2
4.927785E+2	2.424521E+2
4.930368E+2	2.471734E+2
4.932952E+2	2.524302E+2
4.935535E+2	2.571188E+2
4.938118E+2	2.619220E+2
4.940702E+2	2.668510E+2
4.943285E+2	2.716488E+2
4.945868E+2	2.762499E+2
4.948451E+2	2.815286E+2
4.951034E+2	2.868729E+2
4.953617E+2	2.920259E+2
4.956200E+2	2.971188E+2
4.958782E+2	3.026106E+2
4.961365E+2	3.084794E+2
4.963947E+2	3.141242E+2
4.966530E+2	3.195614E+2
4.969112E+2	3.249931E+2
4.971694E+2	3.305559E+2
4.974277E+2	3.360259E+2
4.976859E+2	3.416488E+2
4.979441E+2	3.475505E+2
4.982023E+2	3.533264E+2
4.984605E+2	3.592991E+2
4.987187E+2	3.648619E+2
4.989768E+2	3.706816E+2
4.992350E+2	3.765231E+2
4.994931E+2	3.823865E+2
4.997513E+2	3.881352E+2
5.000094E+2	3.942007E+2
5.002676E+2	3.999821E+2
5.005257E+2	4.059548E+2
5.007838E+2	4.121679E+2
5.010419E+2	4.185668E+2
5.013000E+2	4.248346E+2
5.015581E+2	4.313920E+2
5.018162E+2	4.377964E+2
5.020743E+2	4.446816E+2
5.023323E+2	4.513865E+2
5.025904E+2	4.580259E+2
5.028485E+2	4.648510E+2
5.031065E+2	4.719876E+2
5.033645E+2	4.784685E+2
5.036226E+2	4.852718E+2
5.038806E+2	4.916488E+2
5.041386E+2	4.985067E+2
5.043966E+2	5.054302E+2
5.046546E+2	5.125942E+2
5.049126E+2	5.198237E+2
5.051706E+2	5.275395E+2
5.054285E+2	5.347800E+2
5.056865E+2	5.418729E+2
5.059445E+2	5.492281E+2
5.062024E+2	5.568346E+2
5.064604E+2	5.639166E+2
5.067183E+2	5.711570E+2
5.069762E+2	5.785177E+2
5.072341E+2	5.859712E+2
5.074920E+2	5.940368E+2
5.077499E+2	6.017144E+2
5.080078E+2	6.097854E+2
5.082657E+2	6.175832E+2
5.085236E+2	6.251461E+2
5.087815E+2	6.334138E+2
5.090393E+2	6.412062E+2
5.092972E+2	6.496106E+2
5.095550E+2	6.582554E+2
5.098129E+2	6.666434E+2
5.100707E+2	6.748838E+2
5.103285E+2	6.835395E+2
5.105863E+2	6.914903E+2
5.108441E+2	6.995668E+2
5.111019E+2	7.080149E+2
5.113597E+2	7.164630E+2
5.116175E+2	7.251679E+2
5.118753E+2	7.333647E+2
5.121330E+2	7.418291E+2
5.123908E+2	7.507854E+2
5.126485E+2	7.600860E+2
5.129063E+2	7.692117E+2
5.131640E+2	7.787253E+2
5.134217E+2	7.878291E+2
5.136794E+2	7.973046E+2
5.139371E+2	8.065668E+2
5.141948E+2	8.161570E+2
5.144525E+2	8.257800E+2
5.147102E+2	8.353428E+2
5.149679E+2	8.452390E+2
5.152256E+2	8.548346E+2
5.154832E+2	8.646379E+2
5.157409E+2	8.746707E+2
5.159985E+2	8.850914E+2
5.162562E+2	8.953701E+2
5.165138E+2	9.049603E+2
5.167714E+2	9.151024E+2
5.170290E+2	9.251297E+2
5.172866E+2	9.353046E+2
5.175442E+2	9.457745E+2
5.178018E+2	9.557035E+2
5.180594E+2	9.661461E+2
5.183170E+2	9.765887E+2
5.185745E+2	9.868893E+2
5.188321E+2	9.970805E+2
5.190896E+2	1.008113E+3
5.193472E+2	1.018840E+3
5.196047E+2	1.030195E+3
5.198622E+2	1.040878E+3
5.201197E+2	1.052020E+3
5.203772E+2	1.062643E+3
5.206347E+2	1.073572E+3
5.208922E+2	1.083753E+3
5.211497E+2	1.094829E+3
5.214072E+2	1.105993E+3
5.216646E+2	1.117190E+3
5.219221E+2	1.128359E+3
5.221795E+2	1.140305E+3
5.224370E+2	1.151944E+3
5.226944E+2	1.163501E+3
5.229519E+2	1.175403E+3
5.232093E+2	1.187108E+3
5.234667E+2	1.199070E+3
5.237241E+2	1.210512E+3
5.239815E+2	1.222676E+3
5.242389E+2	1.234660E+3
5.244962E+2	1.245742E+3
5.247536E+2	1.257922E+3
5.250110E+2	1.269780E+3
5.252683E+2	1.281693E+3
5.255257E+2	1.293567E+3
5.257830E+2	1.306288E+3
5.260403E+2	1.318387E+3
5.262977E+2	1.330512E+3
5.265550E+2	1.343239E+3
5.268123E+2	1.355468E+3
5.270696E+2	1.368436E+3
5.273269E+2	1.381255E+3
5.275841E+2	1.393873E+3
5.278414E+2	1.407081E+3
5.280987E+2	1.419294E+3
5.283559E+2	1.431835E+3
5.286132E+2	1.444802E+3
5.288704E+2	1.457671E+3
5.291276E+2	1.470813E+3
5.293849E+2	1.483703E+3
5.296421E+2	1.496408E+3
5.298993E+2	1.509671E+3
5.301565E+2	1.523108E+3
5.304137E+2	1.536294E+3
5.306709E+2	1.549835E+3
5.309280E+2	1.563714E+3
5.311852E+2	1.577168E+3
5.314424E+2	1.590239E+3
5.316995E+2	1.603589E+3
5.319567E+2	1.616534E+3
5.322138E+2	1.630911E+3
5.324709E+2	1.644840E+3
5.327280E+2	1.659086E+3
5.329852E+2	1.673119E+3
5.332423E+2	1.687468E+3
5.334994E+2	1.702261E+3
5.337564E+2	1.716354E+3
5.340135E+2	1.730867E+3
5.342706E+2	1.745807E+3
5.345276E+2	1.760512E+3
5.347847E+2	1.775359E+3
5.350417E+2	1.789676E+3
5.352988E+2	1.804359E+3
5.355558E+2	1.819272E+3
5.358128E+2	1.834305E+3
5.360698E+2	1.849758E+3
5.363269E+2	1.865359E+3
5.365839E+2	1.881518E+3
5.368408E+2	1.896802E+3
5.370978E+2	1.912408E+3
5.373548E+2	1.928572E+3
5.376118E+2	1.945081E+3
5.378687E+2	1.960802E+3
5.381257E+2	1.977179E+3
5.383826E+2	1.993261E+3
5.386395E+2	2.009146E+3
5.388965E+2	2.025206E+3
5.391534E+2	2.041217E+3
5.394103E+2	2.058026E+3
5.396672E+2	2.074856E+3
5.399241E+2	2.091381E+3
5.401810E+2	2.108545E+3
5.404378E+2	2.125567E+3
5.406947E+2	2.141889E+3
5.409516E+2	2.159272E+3
5.412084E+2	2.177048E+3
5.414653E+2	2.194244E+3
5.417221E+2	2.211955E+3
5.419789E+2	2.229682E+3
5.422357E+2	2.246922E+3
5.424925E+2	2.265097E+3
5.427493E+2	2.282900E+3
5.430061E+2	2.300452E+3
5.432629E+2	2.319113E+3
5.435197E+2	2.337867E+3
5.437765E+2	2.357086E+3
5.440332E+2	2.376075E+3
5.442900E+2	2.393856E+3
5.445467E+2	2.411627E+3
5.448035E+2	2.429873E+3
5.450602E+2	2.448949E+3
5.453169E+2	2.468239E+3
5.455736E+2	2.486949E+3
5.458303E+2	2.505332E+3
5.460870E+2	2.524239E+3
5.463437E+2	2.543244E+3
5.466004E+2	2.562392E+3
5.468571E+2	2.581856E+3
5.471137E+2	2.601687E+3
5.473704E+2	2.621288E+3
5.476270E+2	2.641862E+3
5.478837E+2	2.661370E+3
5.481403E+2	2.681113E+3
5.483969E+2	2.701277E+3
5.486535E+2	2.721124E+3
5.489101E+2	2.740856E+3
5.491667E+2	2.760638E+3
5.494233E+2	2.781108E+3
5.496799E+2	2.802228E+3
5.499365E+2	2.822922E+3
5.501931E+2	2.843643E+3
5.504496E+2	2.863731E+3
5.507062E+2	2.885108E+3
5.509627E+2	2.905758E+3
5.512192E+2	2.927709E+3
5.514758E+2	2.948665E+3
5.517323E+2	2.969392E+3
5.519888E+2	2.990283E+3
5.522453E+2	3.011693E+3
5.525018E+2	3.033288E+3
5.527583E+2	3.054906E+3
5.530147E+2	3.075523E+3
5.532712E+2	3.095988E+3
5.535277E+2	3.117906E+3
5.537841E+2	3.139736E+3
5.540406E+2	3.161572E+3
5.542970E+2	3.184048E+3
5.545534E+2	3.206485E+3
5.548098E+2	3.228802E+3
5.550663E+2	3.250829E+3
5.553227E+2	3.272627E+3
5.555791E+2	3.295693E+3
5.558354E+2	3.319228E+3
5.560918E+2	3.341906E+3
5.563482E+2	3.366315E+3
5.566046E+2	3.388725E+3
5.568609E+2	3.411846E+3
5.571173E+2	3.434223E+3
5.573736E+2	3.457387E+3
5.576299E+2	3.480807E+3
5.578862E+2	3.504102E+3
5.581426E+2	3.527141E+3
5.583989E+2	3.550501E+3
5.586552E+2	3.574840E+3
5.589114E+2	3.597999E+3
5.591677E+2	3.621179E+3
5.594240E+2	3.644955E+3
5.596803E+2	3.668605E+3
5.599365E+2	3.693583E+3
5.601928E+2	3.719037E+3
5.604490E+2	3.743217E+3
5.607052E+2	3.767485E+3
5.609614E+2	3.791796E+3
5.612177E+2	3.817108E+3
5.614739E+2	3.842091E+3
5.617301E+2	3.866982E+3
5.619863E+2	3.891397E+3
5.622424E+2	3.916900E+3
5.624986E+2	3.942266E+3
5.627548E+2	3.967261E+3
5.630109E+2	3.993152E+3
5.632671E+2	4.018917E+3
5.635232E+2	4.044621E+3
5.637794E+2	4.070108E+3
5.640355E+2	4.095693E+3
5.642916E+2	4.121796E+3
5.645477E+2	4.147807E+3
5.648038E+2	4.173736E+3
5.650599E+2	4.200157E+3
5.653160E+2	4.225949E+3
5.655721E+2	4.251594E+3
5.658281E+2	4.277949E+3
5.660842E+2	4.305479E+3
5.663402E+2	4.331452E+3
5.665963E+2	4.358332E+3
5.668523E+2	4.385130E+3
5.671083E+2	4.412561E+3
5.673644E+2	4.441239E+3
5.676204E+2	4.468326E+3
5.678764E+2	4.495212E+3
5.681324E+2	4.522938E+3
5.683883E+2	4.550086E+3
5.686443E+2	4.578173E+3
5.689003E+2	4.605873E+3
5.691562E+2	4.632878E+3
5.694122E+2	4.660113E+3
5.696681E+2	4.687632E+3
5.699241E+2	4.714009E+3
5.701800E+2	4.741321E+3
5.704359E+2	4.769660E+3
5.706918E+2	4.798261E+3
5.709477E+2	4.826550E+3
5.712036E+2	4.853501E+3
5.714595E+2	4.881807E+3
5.717154E+2	4.909660E+3
5.719713E+2	4.936436E+3
5.722271E+2	4.964124E+3
5.724830E+2	4.992627E+3
5.727388E+2	5.021627E+3
5.729947E+2	5.050305E+3
5.732505E+2	5.078578E+3
5.735063E+2	5.106835E+3
5.737621E+2	5.135900E+3
5.740179E+2	5.164414E+3
5.742737E+2	5.193184E+3
5.745295E+2	5.221791E+3
5.747853E+2	5.250168E+3
5.750411E+2	5.279004E+3
5.752968E+2	5.308009E+3
5.755526E+2	5.336387E+3
5.758083E+2	5.364468E+3
5.760641E+2	5.394305E+3
5.763198E+2	5.422938E+3
5.765755E+2	5.451949E+3
5.768312E+2	5.480075E+3
5.770869E+2	5.509146E+3
5.773426E+2	5.538244E+3
5.775983E+2	5.567458E+3
5.778540E+2	5.595638E+3
5.781097E+2	5.625638E+3
5.783653E+2	5.655463E+3
5.786210E+2	5.683594E+3
5.788766E+2	5.711835E+3
5.791323E+2	5.740966E+3
5.793879E+2	5.771512E+3
5.796435E+2	5.801179E+3
5.798991E+2	5.830649E+3
5.801547E+2	5.859376E+3
5.804103E+2	5.888856E+3
5.806659E+2	5.917064E+3
5.809215E+2	5.946627E+3
5.811771E+2	5.976545E+3
5.814327E+2	6.006277E+3
5.816882E+2	6.034884E+3
5.819438E+2	6.064261E+3
5.821993E+2	6.093310E+3
5.824548E+2	6.120796E+3
5.827104E+2	6.149774E+3
5.829659E+2	6.177818E+3
5.832214E+2	6.205239E+3
5.834769E+2	6.233742E+3
5.837324E+2	6.262272E+3
5.839878E+2	6.291720E+3
5.842433E+2	6.320250E+3
5.844988E+2	6.349611E+3
5.847542E+2	6.378441E+3
5.850097E+2	6.406802E+3
5.852651E+2	6.435523E+3
5.855206E+2	6.464949E+3
5.857760E+2	6.493769E+3
5.860314E+2	6.520824E+3
5.862868E+2	6.547698E+3
5.865422E+2	6.576031E+3
5.867976E+2	6.605856E+3
5.870530E+2	6.633037E+3
5.873084E+2	6.661130E+3
5.875637E+2	6.689162E+3
5.878191E+2	6.718687E+3
5.880744E+2	6.747026E+3
5.883298E+2	6.775583E+3
5.885851E+2	6.803714E+3
5.888404E+2	6.832321E+3
5.890958E+2	6.860802E+3
5.893511E+2	6.888851E+3
5.896064E+2	6.917239E+3
5.898617E+2	6.944878E+3
5.901169E+2	6.972960E+3
5.903722E+2	7.001294E+3
5.906275E+2	7.029321E+3
5.908827E+2	7.056999E+3
5.911380E+2	7.083867E+3
5.913932E+2	7.111479E+3
5.916485E+2	7.138895E+3
5.919037E+2	7.168403E+3
5.921589E+2	7.195949E+3
5.924141E+2	7.224747E+3
5.926693E+2	7.252425E+3
5.929245E+2	7.281463E+3
5.931797E+2	7.309660E+3
5.934349E+2	7.337332E+3
5.936900E+2	7.364736E+3
5.939452E+2	7.392638E+3
5.942004E+2	7.420917E+3
5.944555E+2	7.449266E+3
5.947106E+2	7.477326E+3
5.949658E+2	7.503955E+3
5.952209E+2	7.531518E+3
5.954760E+2	7.558643E+3
5.957311E+2	7.587091E+3
5.959862E+2	7.615632E+3
5.962413E+2	7.644523E+3
5.964963E+2	7.670671E+3
5.967514E+2	7.697452E+3
5.970065E+2	7.725310E+3
5.972615E+2	7.753638E+3
5.975166E+2	7.780561E+3
5.977716E+2	7.808179E+3
5.980266E+2	7.837119E+3
5.982816E+2	7.864343E+3
5.985367E+2	7.891611E+3
5.987917E+2	7.920425E+3
5.990467E+2	7.947370E+3
5.993016E+2	7.974523E+3
5.995566E+2	8.002009E+3
5.998116E+2	8.029867E+3
6.000665E+2	8.058545E+3
6.003215E+2	8.085234E+3
6.005764E+2	8.113545E+3
6.008314E+2	8.140485E+3
6.010863E+2	8.167791E+3
6.013412E+2	8.193660E+3
6.015961E+2	8.221944E+3
6.018510E+2	8.250846E+3
6.021059E+2	8.277173E+3
6.023608E+2	8.303425E+3
6.026157E+2	8.329949E+3
6.028706E+2	8.356162E+3
6.031254E+2	8.382419E+3
6.033803E+2	8.406534E+3
6.036351E+2	8.429862E+3
6.038900E+2	8.453671E+3
6.041448E+2	8.477851E+3
6.043996E+2	8.503518E+3
6.046544E+2	8.527736E+3
6.049092E+2	8.552392E+3
6.051640E+2	8.576807E+3
6.054188E+2	8.601152E+3
6.056736E+2	8.626365E+3
6.059283E+2	8.649408E+3
6.061831E+2	8.671179E+3
6.064378E+2	8.694081E+3
6.066926E+2	8.718687E+3
6.069473E+2	8.741665E+3
6.072021E+2	8.763130E+3
6.074568E+2	8.782157E+3
6.077115E+2	8.802846E+3
6.079662E+2	8.822813E+3
6.082209E+2	8.843900E+3
6.084756E+2	8.862660E+3
6.087302E+2	8.883370E+3
6.089849E+2	8.903643E+3
6.092396E+2	8.922731E+3
6.094942E+2	8.942070E+3
6.097489E+2	8.961179E+3
6.100035E+2	8.978884E+3
6.102581E+2	8.996720E+3
6.105127E+2	9.014747E+3
6.107674E+2	9.031529E+3
6.110220E+2	9.048627E+3
6.112766E+2	9.064643E+3
6.115311E+2	9.079223E+3
6.117857E+2	9.095009E+3
6.120403E+2	9.110813E+3
6.122948E+2	9.126305E+3
6.125494E+2	9.139873E+3
6.128039E+2	9.153846E+3
6.130585E+2	9.168862E+3
6.133130E+2	9.180769E+3
6.135675E+2	9.192135E+3
6.138220E+2	9.203594E+3
6.140765E+2	9.215332E+3
6.143310E+2	9.225922E+3
6.145855E+2	9.237321E+3
6.148400E+2	9.247228E+3
6.150945E+2	9.256988E+3
6.153489E+2	9.266091E+3
6.156034E+2	9.273119E+3
6.158578E+2	9.283354E+3
6.161123E+2	9.291540E+3
6.163667E+2	9.299468E+3
6.166211E+2	9.307441E+3
6.168755E+2	9.315381E+3
6.171299E+2	9.321310E+3
6.173843E+2	9.326796E+3
6.176387E+2	9.333545E+3
6.178931E+2	9.338769E+3
6.181474E+2	9.344556E+3
6.184018E+2	9.349742E+3
6.186561E+2	9.355020E+3
6.189105E+2	9.359851E+3
6.191648E+2	9.365414E+3
6.194191E+2	9.369234E+3
6.196735E+2	9.373376E+3
6.199278E+2	9.376173E+3
6.201821E+2	9.379818E+3
6.204364E+2	9.382430E+3
6.206907E+2	9.383081E+3
6.209449E+2	9.383922E+3
6.211992E+2	9.385037E+3
6.214535E+2	9.385102E+3
6.217077E+2	9.387266E+3
6.219619E+2	9.387933E+3
6.222162E+2	9.386337E+3
6.224704E+2	9.386026E+3
6.227246E+2	9.386414E+3
6.229788E+2	9.386949E+3
6.232330E+2	9.386425E+3
6.234872E+2	9.385840E+3
6.237414E+2	9.383627E+3
6.239956E+2	9.381190E+3
6.242498E+2	9.378234E+3
6.245039E+2	9.375206E+3
6.247581E+2	9.372277E+3
6.250122E+2	9.368561E+3
6.252663E+2	9.364195E+3
6.255205E+2	9.361184E+3
6.257746E+2	9.356315E+3
6.260287E+2	9.351583E+3
6.262828E+2	9.346807E+3
6.265369E+2	9.342671E+3
6.267910E+2	9.337917E+3
6.270450E+2	9.333326E+3
6.272991E+2	9.327015E+3
6.275532E+2	9.322212E+3
6.278072E+2	9.314846E+3
6.280613E+2	9.308288E+3
6.283153E+2	9.299698E+3
6.285693E+2	9.292490E+3
6.288233E+2	9.285501E+3
6.290773E+2	9.279682E+3
6.293313E+2	9.271594E+3
6.295853E+2	9.263343E+3
6.298393E+2	9.254938E+3
6.300933E+2	9.244518E+3
6.303472E+2	9.234796E+3
6.306012E+2	9.223928E+3
6.308551E+2	9.213288E+3
6.311091E+2	9.203638E+3
6.313630E+2	9.193184E+3
6.316169E+2	9.181840E+3
6.318709E+2	9.170009E+3
6.321248E+2	9.157441E+3
6.323787E+2	9.146206E+3
6.326326E+2	9.133512E+3
6.328864E+2	9.121425E+3
6.331403E+2	9.109091E+3
6.333942E+2	9.096561E+3
6.336480E+2	9.083157E+3
6.339019E+2	9.070512E+3
6.341557E+2	9.057725E+3
6.344095E+2	9.044419E+3
6.346634E+2	9.030479E+3
6.349172E+2	9.016468E+3
6.351710E+2	9.001239E+3
6.354248E+2	8.985561E+3
6.356786E+2	8.971540E+3
6.359324E+2	8.956698E+3
6.361861E+2	8.941851E+3
6.364399E+2	8.926731E+3
6.366936E+2	8.909392E+3
6.369474E+2	8.896512E+3
6.372011E+2	8.880430E+3
6.374549E+2	8.864512E+3
6.377086E+2	8.849753E+3
6.379623E+2	8.832709E+3
6.382160E+2	8.816315E+3
6.384697E+2	8.799829E+3
6.387234E+2	8.784556E+3
6.389771E+2	8.768387E+3
6.392307E+2	8.752250E+3
6.394844E+2	8.736714E+3
6.397380E+2	8.720064E+3
6.399917E+2	8.704190E+3
6.402453E+2	8.687501E+3
6.404990E+2	8.670414E+3
6.407526E+2	8.654605E+3
6.410062E+2	8.636621E+3
6.412598E+2	8.620731E+3
6.415134E+2	8.602742E+3
6.417670E+2	8.586042E+3
6.420206E+2	8.568600E+3
6.422741E+2	8.551534E+3
6.425277E+2	8.533649E+3
6.427812E+2	8.516922E+3
6.430348E+2	8.498217E+3
6.432883E+2	8.482632E+3
6.435418E+2	8.464966E+3
6.437954E+2	8.449075E+3
6.440489E+2	8.432496E+3
6.443024E+2	8.415725E+3
6.445559E+2	8.398928E+3
6.448094E+2	8.383496E+3
6.450628E+2	8.366660E+3
6.453163E+2	8.352081E+3
6.455698E+2	8.338774E+3
6.458232E+2	8.325769E+3
6.460767E+2	8.311059E+3
6.463301E+2	8.297900E+3
6.465835E+2	8.283917E+3
6.468369E+2	8.269512E+3
6.470903E+2	8.255594E+3
6.473437E+2	8.242102E+3
6.475971E+2	8.228583E+3
6.478505E+2	8.213578E+3
6.481039E+2	8.200507E+3
6.483573E+2	8.186856E+3
6.486106E+2	8.172479E+3
6.488640E+2	8.158938E+3
6.491173E+2	8.145731E+3
6.493706E+2	8.131589E+3
6.496240E+2	8.117485E+3
6.498773E+2	8.105589E+3
6.501306E+2	8.092283E+3
6.503839E+2	8.080534E+3
6.506372E+2	8.069474E+3
6.508905E+2	8.057966E+3
6.511437E+2	8.045813E+3
6.513970E+2	8.034048E+3
6.516503E+2	8.022561E+3
6.519035E+2	8.011545E+3
6.521567E+2	8.001436E+3
6.524100E+2	7.990102E+3
6.526632E+2	7.980255E+3
6.529164E+2	7.970561E+3
6.531696E+2	7.960671E+3
6.534228E+2	7.951709E+3
6.536760E+2	7.941971E+3
6.539292E+2	7.932774E+3
6.541824E+2	7.923747E+3
6.544355E+2	7.914545E+3
6.546887E+2	7.905938E+3
6.549418E+2	7.897835E+3
6.551950E+2	7.889753E+3
6.554481E+2	7.880703E+3
6.557012E+2	7.872720E+3
6.559543E+2	7.864206E+3
6.562074E+2	7.854261E+3
6.564605E+2	7.847081E+3
6.567136E+2	7.839070E+3
6.569667E+2	7.831348E+3
6.572198E+2	7.824146E+3
6.574728E+2	7.815698E+3
6.577259E+2	7.808299E+3
6.579789E+2	7.802184E+3
6.582319E+2	7.795070E+3
6.584850E+2	7.790075E+3
6.587380E+2	7.783064E+3
6.589910E+2	7.777600E+3
6.592440E+2	7.772315E+3
6.594970E+2	7.764774E+3
6.597500E+2	7.760348E+3
6.600030E+2	7.753572E+3
6.602559E+2	7.747703E+3
6.605089E+2	7.741949E+3
6.607618E+2	7.734146E+3
6.610148E+2	7.727764E+3
6.612677E+2	7.719873E+3
6.615206E+2	7.715064E+3
6.617736E+2	7.709572E+3
6.620265E+2	7.702682E+3
6.622794E+2	7.696009E+3
6.625323E+2	7.689468E+3
6.627851E+2	7.682529E+3
6.630380E+2	7.677736E+3
6.632909E+2	7.673485E+3
6.635437E+2	7.669020E+3
6.637966E+2	7.662949E+3
6.640494E+2	7.657572E+3
6.643023E+2	7.652813E+3
6.645551E+2	7.646780E+3
6.648079E+2	7.641567E+3
6.650607E+2	7.636212E+3
6.653135E+2	7.629889E+3
6.655663E+2	7.623627E+3
6.658191E+2	7.617359E+3
6.660718E+2	7.611632E+3
6.663246E+2	7.607430E+3
6.665774E+2	7.602813E+3
6.668301E+2	7.595785E+3
6.670828E+2	7.592550E+3
6.673356E+2	7.587813E+3
6.675883E+2	7.583468E+3
6.678410E+2	7.578359E+3
6.680937E+2	7.572540E+3
6.683464E+2	7.567113E+3
6.685991E+2	7.561534E+3
6.688518E+2	7.555152E+3
6.691044E+2	7.549190E+3
6.693571E+2	7.542714E+3
6.696098E+2	7.536605E+3
6.698624E+2	7.529359E+3
6.701150E+2	7.522966E+3
6.703677E+2	7.515523E+3
6.706203E+2	7.507463E+3
6.708729E+2	7.499583E+3
6.711255E+2	7.490518E+3
6.713781E+2	7.483081E+3
6.716307E+2	7.476474E+3
6.718832E+2	7.468616E+3
6.721358E+2	7.459611E+3
6.723884E+2	7.451993E+3
6.726409E+2	7.442807E+3
6.728935E+2	7.434441E+3
6.731460E+2	7.426660E+3
6.733985E+2	7.418835E+3
6.736510E+2	7.411408E+3
6.739035E+2	7.403026E+3
6.741560E+2	7.395315E+3
6.744085E+2	7.387791E+3
6.746610E+2	7.379594E+3
6.749135E+2	7.372370E+3
6.751660E+2	7.364851E+3
6.754184E+2	7.356928E+3
6.756709E+2	7.349212E+3
6.759233E+2	7.342299E+3
6.761757E+2	7.335938E+3
6.764282E+2	7.328611E+3
6.766806E+2	7.320529E+3
6.769330E+2	7.311168E+3
6.771854E+2	7.300840E+3
6.774378E+2	7.291228E+3
6.776901E+2	7.280676E+3
6.779425E+2	7.270387E+3
6.781949E+2	7.261436E+3
6.784472E+2	7.249135E+3
6.786996E+2	7.236796E+3
6.789519E+2	7.225146E+3
6.792042E+2	7.212501E+3
6.794566E+2	7.200299E+3
6.797089E+2	7.187764E+3
6.799612E+2	7.177162E+3
6.802135E+2	7.166064E+3
6.804657E+2	7.154392E+3
6.807180E+2	7.143184E+3
6.809703E+2	7.133397E+3
6.812226E+2	7.123310E+3
6.814748E+2	7.111468E+3
6.817270E+2	7.100124E+3
6.819793E+2	7.088419E+3
6.822315E+2	7.078938E+3
6.824837E+2	7.067709E+3
6.827359E+2	7.057698E+3
6.829881E+2	7.046933E+3
6.832403E+2	7.035873E+3
6.834925E+2	7.026217E+3
6.837447E+2	7.015146E+3
6.839968E+2	7.003714E+3
6.842490E+2	6.993359E+3
6.845011E+2	6.981895E+3
6.847533E+2	6.969332E+3
6.850054E+2	6.956217E+3
6.852575E+2	6.943753E+3
6.855097E+2	6.930791E+3
6.857618E+2	6.917660E+3
6.860139E+2	6.904228E+3
6.862659E+2	6.891534E+3
6.865180E+2	6.879020E+3
6.867701E+2	6.863621E+3
6.870222E+2	6.850709E+3
6.872742E+2	6.837228E+3
6.875263E+2	6.825660E+3
6.877783E+2	6.813835E+3
6.880303E+2	6.801693E+3
6.882823E+2	6.790354E+3
6.885343E+2	6.777223E+3
6.887864E+2	6.765572E+3
6.890383E+2	6.754152E+3
6.892903E+2	6.742922E+3
6.895423E+2	6.731671E+3
6.897943E+2	6.721239E+3
6.900462E+2	6.709081E+3
6.902982E+2	6.699037E+3
6.905501E+2	6.687059E+3
6.908021E+2	6.676452E+3
6.910540E+2	6.665097E+3
6.913059E+2	6.652873E+3
6.915578E+2	6.639600E+3
6.918097E+2	6.625846E+3
6.920616E+2	6.614228E+3
6.923135E+2	6.600884E+3
6.925654E+2	6.586900E+3
6.928172E+2	6.574638E+3
6.930691E+2	6.561321E+3
6.933209E+2	6.547458E+3
6.935728E+2	6.534698E+3
6.938246E+2	6.520889E+3
6.940764E+2	6.507244E+3
6.943282E+2	6.492397E+3
6.945800E+2	6.479545E+3
6.948318E+2	6.466152E+3
6.950836E+2	6.451436E+3
6.953354E+2	6.437059E+3
6.955872E+2	6.422780E+3
6.958389E+2	6.409550E+3
6.960907E+2	6.396091E+3
6.963424E+2	6.382332E+3
6.965942E+2	6.367982E+3
6.968459E+2	6.355534E+3
6.970976E+2	6.342173E+3
6.973493E+2	6.328458E+3
6.976010E+2	6.315157E+3
6.978527E+2	6.301818E+3
6.981044E+2	6.287419E+3
6.983561E+2	6.273671E+3
6.986077E+2	6.261310E+3
6.988594E+2	6.246780E+3
6.991110E+2	6.233643E+3
6.993627E+2	6.220933E+3
6.996143E+2	6.207086E+3
6.998659E+2	6.193223E+3
7.001175E+2	6.180299E+3
7.003692E+2	6.166387E+3
7.006207E+2	6.152725E+3
7.008723E+2	6.138162E+3
7.011239E+2	6.124600E+3
7.013755E+2	6.111310E+3
7.016271E+2	6.095714E+3
7.018786E+2	6.080507E+3
7.021302E+2	6.066709E+3
7.023817E+2	6.050157E+3
7.026332E+2	6.033693E+3
7.028847E+2	6.016889E+3
7.031362E+2	6.000157E+3
7.033878E+2	5.984441E+3
7.036392E+2	5.968119E+3
7.038907E+2	5.952359E+3
7.041422E+2	5.934643E+3
7.043937E+2	5.917928E+3
7.046451E+2	5.901294E+3
7.048966E+2	5.884616E+3
7.051480E+2	5.867529E+3
7.053995E+2	5.851621E+3
7.056509E+2	5.834938E+3
7.059023E+2	5.819337E+3
7.061537E+2	5.803791E+3
7.064051E+2	5.788698E+3
7.066565E+2	5.775228E+3
7.069079E+2	5.763397E+3
7.071593E+2	5.750567E+3
7.074106E+2	5.737774E+3
7.076620E+2	5.726261E+3
7.079133E+2	5.715113E+3
7.081647E+2	5.703042E+3
7.084160E+2	5.692671E+3
7.086673E+2	5.682387E+3
7.089186E+2	5.669370E+3
7.091699E+2	5.657862E+3
7.094212E+2	5.646490E+3
7.096725E+2	5.634272E+3
7.099238E+2	5.622053E+3
7.101751E+2	5.609813E+3
7.104263E+2	5.597507E+3
7.106776E+2	5.582900E+3
7.109288E+2	5.568938E+3
7.111800E+2	5.553540E+3
7.114313E+2	5.538846E+3
7.116825E+2	5.522993E+3
7.119337E+2	5.508250E+3
7.121849E+2	5.492157E+3
7.124361E+2	5.476102E+3
7.126873E+2	5.460791E+3
7.129384E+2	5.445162E+3
7.131896E+2	5.430332E+3
7.134408E+2	5.415589E+3
7.136919E+2	5.400703E+3
7.139430E+2	5.385321E+3
7.141942E+2	5.373928E+3
7.144453E+2	5.362419E+3
7.146964E+2	5.350643E+3
7.149475E+2	5.341102E+3
7.151986E+2	5.333878E+3
7.154497E+2	5.327485E+3
7.157008E+2	5.321026E+3
7.159518E+2	5.315507E+3
7.162029E+2	5.310709E+3
7.164540E+2	5.307081E+3
7.167050E+2	5.302496E+3
7.169560E+2	5.301141E+3
7.172071E+2	5.298605E+3
7.174581E+2	5.296714E+3
7.177091E+2	5.293540E+3
7.179601E+2	5.290037E+3
7.182111E+2	5.285479E+3
7.184621E+2	5.279485E+3
7.187130E+2	5.272802E+3
7.189640E+2	5.265447E+3
7.192150E+2	5.256343E+3
7.194659E+2	5.247048E+3
7.197169E+2	5.235589E+3
7.199678E+2	5.224829E+3
7.202187E+2	5.212911E+3
7.204696E+2	5.200753E+3
7.207205E+2	5.189578E+3
7.209714E+2	5.178474E+3
7.212223E+2	5.167512E+3
7.214732E+2	5.157195E+3
7.217241E+2	5.148283E+3
7.219749E+2	5.140578E+3
7.222258E+2	5.132966E+3
7.224766E+2	5.128731E+3
7.227274E+2	5.126048E+3
7.229783E+2	5.125627E+3
7.232291E+2	5.127512E+3
7.234799E+2	5.131108E+3
7.237307E+2	5.135851E+3
7.239815E+2	5.142468E+3
7.242323E+2	5.151419E+3
7.244830E+2	5.161698E+3
7.247338E+2	5.171654E+3
7.249846E+2	5.182387E+3
7.252353E+2	5.193113E+3
7.254861E+2	5.203955E+3
7.257368E+2	5.214540E+3
7.259875E+2	5.225856E+3
7.262382E+2	5.236529E+3
7.264889E+2	5.246381E+3
7.267396E+2	5.254982E+3
7.269903E+2	5.264064E+3
7.272410E+2	5.270605E+3
7.274917E+2	5.276638E+3
7.277423E+2	5.281168E+3
7.279930E+2	5.285649E+3
7.282436E+2	5.290102E+3
7.284942E+2	5.292933E+3
7.287449E+2	5.297315E+3
7.289955E+2	5.302802E+3
7.292461E+2	5.307452E+3
7.294967E+2	5.310326E+3
7.297473E+2	5.314086E+3
7.299979E+2	5.318791E+3
7.302484E+2	5.323895E+3
7.304990E+2	5.326687E+3
7.307496E+2	5.330638E+3
7.310001E+2	5.336091E+3
7.312507E+2	5.343430E+3
7.315012E+2	5.353802E+3
7.317517E+2	5.365015E+3
7.320022E+2	5.382649E+3
7.322527E+2	5.404523E+3
7.325032E+2	5.432234E+3
7.327537E+2	5.464059E+3
7.330042E+2	5.498589E+3
7.332547E+2	5.533944E+3
7.335051E+2	5.572638E+3
7.337556E+2	5.617425E+3
7.340060E+2	5.669698E+3
7.342564E+2	5.732004E+3
7.345069E+2	5.798977E+3
7.347573E+2	5.863709E+3
7.350077E+2	5.919785E+3
7.352581E+2	5.964359E+3
7.355085E+2	6.008993E+3
7.357589E+2	6.065993E+3
7.360092E+2	6.142468E+3
7.362596E+2	6.239141E+3
7.365100E+2	6.346086E+3
7.367603E+2	6.448993E+3
7.370106E+2	6.543195E+3
7.372610E+2	6.622572E+3
7.375113E+2	6.695452E+3
7.377616E+2	6.764376E+3
7.380119E+2	6.838616E+3
7.382622E+2	6.919911E+3
7.385125E+2	7.008108E+3
7.387628E+2	7.099190E+3
7.390130E+2	7.193244E+3
7.392633E+2	7.292583E+3
7.395135E+2	7.397769E+3
7.397638E+2	7.509397E+3
7.400140E+2	7.630244E+3
7.402642E+2	7.763168E+3
7.405144E+2	7.902299E+3
7.407647E+2	8.044922E+3
7.410149E+2	8.183567E+3
7.412650E+2	8.310753E+3
7.415152E+2	8.430135E+3
7.417654E+2	8.552348E+3
7.420156E+2	8.684272E+3
7.422657E+2	8.823906E+3
7.425159E+2	8.965321E+3
7.427660E+2	9.094758E+3
7.430161E+2	9.203977E+3
7.432662E+2	9.301097E+3
7.435164E+2	9.421463E+3
7.437665E+2	9.589031E+3
7.440165E+2	9.760856E+3
7.442666E+2	9.931616E+3
7.445167E+2	1.010256E+4
7.447668E+2	1.026539E+4
7.450168E+2	1.041448E+4
7.452669E+2	1.054636E+4
7.455169E+2	1.066058E+4
7.457669E+2	1.076450E+4
7.460170E+2	1.086285E+4
7.462670E+2	1.096589E+4
7.465170E+2	1.107463E+4
7.467670E+2	1.119511E+4
7.470170E+2	1.133464E+4
7.472670E+2	1.148363E+4
7.475169E+2	1.163257E+4
7.477669E+2	1.177679E+4
7.480168E+2	1.191711E+4
7.482668E+2	1.205657E+4
7.485167E+2	1.219612E+4
7.487666E+2	1.232522E+4
7.490166E+2	1.242912E+4
7.492665E+2	1.250158E+4
7.495164E+2	1.255581E+4
7.497663E+2	1.259753E+4
7.500161E+2	1.263423E+4
7.502660E+2	1.266756E+4
7.505159E+2	1.270236E+4
7.507657E+2	1.273614E+4
7.510156E+2	1.276191E+4
7.512654E+2	1.277291E+4
7.515152E+2	1.276507E+4
7.517651E+2	1.274767E+4
7.520149E+2	1.273634E+4
7.522647E+2	1.273971E+4
7.525145E+2	1.276627E+4
7.527643E+2	1.280411E+4
7.530140E+2	1.284282E+4
7.532638E+2	1.286755E+4
7.535136E+2	1.287520E+4
7.537633E+2	1.287085E+4
7.540131E+2	1.286916E+4
7.542628E+2	1.288259E+4
7.545125E+2	1.291045E+4
7.547622E+2	1.294401E+4
7.550119E+2	1.297394E+4
7.552616E+2	1.299123E+4
7.555113E+2	1.299407E+4
7.557610E+2	1.298647E+4
7.560107E+2	1.296452E+4
7.562603E+2	1.293334E+4
7.565100E+2	1.289783E+4
7.567596E+2	1.285933E+4
7.570093E+2	1.280865E+4
7.572589E+2	1.273452E+4
7.575085E+2	1.263794E+4
7.577581E+2	1.252734E+4
7.580077E+2	1.241830E+4
7.582573E+2	1.232217E+4
7.585069E+2	1.222666E+4
7.587565E+2	1.209817E+4
7.590060E+2	1.191484E+4
7.592556E+2	1.172392E+4
7.595051E+2	1.153264E+4
7.597547E+2	1.134486E+4
7.600042E+2	1.116766E+4
7.602537E+2	1.100471E+4
7.605032E+2	1.086116E+4
7.607527E+2	1.073711E+4
7.610022E+2	1.062581E+4
7.612517E+2	1.052006E+4
7.615012E+2	1.041075E+4
7.617507E+2	1.029594E+4
7.620001E+2	1.016638E+4
7.622496E+2	1.001273E+4
7.624990E+2	9.843949E+3
7.627485E+2	9.667780E+3
7.629979E+2	9.491146E+3
7.632473E+2	9.314190E+3
7.634967E+2	9.139944E+3
7.637461E+2	8.967742E+3
7.639955E+2	8.806152E+3
7.642449E+2	8.668458E+3
7.644942E+2	8.556572E+3
7.647436E+2	8.454173E+3
7.649930E+2	8.359266E+3
7.652423E+2	8.273725E+3
7.654916E+2	8.201026E+3
7.657410E+2	8.137988E+3
7.659903E+2	8.077452E+3
7.662396E+2	8.013244E+3
7.664889E+2	7.944310E+3
7.667382E+2	7.871540E+3
7.669875E+2	7.798441E+3
7.672367E+2	7.721616E+3
7.674860E+2	7.636348E+3
7.677353E+2	7.538102E+3
7.679845E+2	7.432911E+3
7.682337E+2	7.325873E+3
7.684830E+2	7.222348E+3
7.687322E+2	7.125119E+3
7.689814E+2	7.030698E+3
7.692306E+2	6.928922E+3
7.694798E+2	6.810015E+3
7.697290E+2	6.670785E+3
7.699782E+2	6.519108E+3
7.702273E+2	6.362774E+3
7.704765E+2	6.208326E+3
7.707256E+2	6.057862E+3
7.709748E+2	5.914261E+3
7.712239E+2	5.787621E+3
7.714730E+2	5.681561E+3
7.717222E+2	5.596031E+3
7.719713E+2	5.523124E+3
7.722204E+2	5.459720E+3
7.724694E+2	5.412102E+3
7.727185E+2	5.381283E+3
7.729676E+2	5.366906E+3
7.732167E+2	5.365004E+3
7.734657E+2	5.371900E+3
7.737147E+2	5.385813E+3
7.739638E+2	5.406108E+3
7.742128E+2	5.428856E+3
7.744618E+2	5.448365E+3
7.747108E+2	5.462414E+3
7.749598E+2	5.468075E+3
7.752088E+2	5.466523E+3
7.754578E+2	5.460310E+3
7.757068E+2	5.449244E+3
7.759557E+2	5.432971E+3
7.762047E+2	5.412173E+3
7.764536E+2	5.387288E+3
7.767026E+2	5.357299E+3
7.769515E+2	5.320326E+3
7.772004E+2	5.280911E+3
7.774493E+2	5.242889E+3
7.776982E+2	5.203906E+3
7.779471E+2	5.167725E+3
7.781960E+2	5.133501E+3
7.784449E+2	5.101703E+3
7.786938E+2	5.069299E+3
7.789426E+2	5.036829E+3
7.791915E+2	5.003206E+3
7.794403E+2	4.967764E+3
7.796891E+2	4.930725E+3
7.799380E+2	4.894294E+3
7.801868E+2	4.858999E+3
7.804356E+2	4.822130E+3
7.806844E+2	4.784479E+3
7.809332E+2	4.745665E+3
7.811819E+2	4.707813E+3
7.814307E+2	4.668917E+3
7.816795E+2	4.631654E+3
7.819282E+2	4.598266E+3
7.821770E+2	4.566550E+3
7.824257E+2	4.536436E+3
7.826744E+2	4.508938E+3
7.829231E+2	4.485119E+3
7.831718E+2	4.463687E+3
7.834205E+2	4.445447E+3
7.836692E+2	4.429190E+3
7.839179E+2	4.413889E+3
7.841666E+2	4.397020E+3
7.844152E+2	4.377419E+3
7.846639E+2	4.353545E+3
7.849125E+2	4.326124E+3
7.851612E+2	4.296244E+3
7.854098E+2	4.264009E+3
7.856584E+2	4.229545E+3
7.859070E+2	4.192097E+3
7.861556E+2	4.149999E+3
7.864042E+2	4.100512E+3
7.866528E+2	4.043310E+3
7.869014E+2	3.981277E+3
7.871499E+2	3.917512E+3
7.873985E+2	3.855201E+3
7.876470E+2	3.790971E+3
7.878956E+2	3.725332E+3
7.881441E+2	3.656769E+3
7.883926E+2	3.586966E+3
7.886411E+2	3.516813E+3
7.888896E+2	3.451326E+3
7.891381E+2	3.388889E+3
7.893866E+2	3.331878E+3
7.896351E+2	3.279911E+3
7.898835E+2	3.233884E+3
7.901320E+2	3.193146E+3
7.903804E+2	3.157075E+3
7.906289E+2	3.124310E+3
7.908773E+2	3.095305E+3
7.911257E+2	3.068802E+3
7.913742E+2	3.045124E+3
7.916226E+2	3.025108E+3
7.918709E+2	3.007922E+3
7.921193E+2	2.995742E+3
7.923677E+2	2.985611E+3
7.926161E+2	2.976326E+3
7.928644E+2	2.968490E+3
7.931128E+2	2.958009E+3
7.933611E+2	2.945168E+3
7.936095E+2	2.928785E+3
7.938578E+2	2.908928E+3
7.941061E+2	2.886315E+3
7.943544E+2	2.861119E+3
7.946027E+2	2.834037E+3
7.948510E+2	2.806086E+3
7.950993E+2	2.778020E+3
7.953475E+2	2.751430E+3
7.955958E+2	2.726113E+3
7.958440E+2	2.702419E+3
7.960923E+2	2.681064E+3
7.963405E+2	2.659807E+3
7.965887E+2	2.639534E+3
7.968370E+2	2.619026E+3
7.970852E+2	2.597856E+3
7.973334E+2	2.575512E+3
7.975816E+2	2.553102E+3
7.978297E+2	2.531042E+3
7.980779E+2	2.509387E+3
7.983261E+2	2.488272E+3
7.985742E+2	2.468255E+3
7.988224E+2	2.449846E+3
7.990705E+2	2.432660E+3
7.993186E+2	2.418616E+3
7.995668E+2	2.407747E+3
7.998149E+2	2.398949E+3
8.000630E+2	2.394474E+3
8.003111E+2	2.392081E+3
8.005591E+2	2.393791E+3
8.008072E+2	2.399430E+3
8.010553E+2	2.406392E+3
8.013033E+2	2.415206E+3
8.015514E+2	2.425359E+3
8.017994E+2	2.436141E+3
8.020474E+2	2.447441E+3
8.022955E+2	2.457867E+3
8.025435E+2	2.467234E+3
8.027915E+2	2.475616E+3
8.030395E+2	2.483911E+3
8.032874E+2	2.491764E+3
8.035354E+2	2.500315E+3
8.037834E+2	2.508239E+3
8.040313E+2	2.516873E+3
8.042793E+2	2.525988E+3
8.045272E+2	2.536146E+3
8.047752E+2	2.547496E+3
8.050231E+2	2.560703E+3
8.052710E+2	2.576561E+3
8.055189E+2	2.594359E+3
8.057668E+2	2.614490E+3
8.060147E+2	2.637703E+3
8.062625E+2	2.663676E+3
8.065104E+2	2.693152E+3
8.067583E+2	2.725441E+3
8.070061E+2	2.762742E+3
8.072540E+2	2.803687E+3
8.075018E+2	2.848081E+3
8.077496E+2	2.896332E+3
8.079974E+2	2.947753E+3
8.082452E+2	3.003550E+3
8.084930E+2	3.059354E+3
8.087408E+2	3.118059E+3
8.089886E+2	3.178534E+3
8.092364E+2	3.241567E+3
8.094841E+2	3.307113E+3
8.097319E+2	3.376206E+3
8.099796E+2	3.448529E+3
8.102273E+2	3.524108E+3
8.104751E+2	3.603889E+3
8.107228E+2	3.686321E+3
8.109705E+2	3.772791E+3
8.112182E+2	3.864206E+3
8.114659E+2	3.960359E+3
8.117135E+2	4.061988E+3
8.119612E+2	4.168343E+3
8.122089E+2	4.280693E+3
8.124565E+2	4.395572E+3
8.127042E+2	4.511654E+3
8.129518E+2	4.625108E+3
8.131994E+2	4.732638E+3
8.134470E+2	4.832829E+3
8.136946E+2	4.920764E+3
8.139422E+2	4.994971E+3
8.141898E+2	5.054190E+3
8.144374E+2	5.097239E+3
8.146850E+2	5.126261E+3
8.149325E+2	5.144261E+3
8.151801E+2	5.151928E+3
8.154276E+2	5.153682E+3
8.156752E+2	5.150195E+3
8.159227E+2	5.145113E+3
8.161702E+2	5.139818E+3
8.164177E+2	5.133862E+3
8.166652E+2	5.126928E+3
8.169127E+2	5.121157E+3
8.171602E+2	5.115015E+3
8.174077E+2	5.109840E+3
8.176551E+2	5.107561E+3
8.179026E+2	5.108665E+3
8.181500E+2	5.112195E+3
8.183975E+2	5.120266E+3
8.186449E+2	5.131326E+3
8.188923E+2	5.148387E+3
8.191397E+2	5.169600E+3
8.193871E+2	5.196698E+3
8.196345E+2	5.229638E+3
8.198819E+2	5.267627E+3
8.201293E+2	5.311173E+3
8.203766E+2	5.355583E+3
8.206240E+2	5.401802E+3
8.208713E+2	5.447758E+3
8.211187E+2	5.489299E+3
8.213660E+2	5.525960E+3
8.216133E+2	5.555561E+3
8.218606E+2	5.577059E+3
8.221079E+2	5.587829E+3
8.223552E+2	5.587736E+3
8.226025E+2	5.576818E+3
8.228498E+2	5.556687E+3
8.230970E+2	5.526660E+3
8.233443E+2	5.487665E+3
8.235915E+2	5.443660E+3
8.238388E+2	5.394048E+3
8.240860E+2	5.339031E+3
8.243332E+2	5.278332E+3
8.245804E+2	5.212239E+3
8.248276E+2	5.140261E+3
8.250748E+2	5.063687E+3
8.253220E+2	4.981070E+3
8.255692E+2	4.892102E+3
8.258163E+2	4.797299E+3
8.260635E+2	4.696638E+3
8.263106E+2	4.588468E+3
8.265578E+2	4.473627E+3
8.268049E+2	4.351714E+3
8.270520E+2	4.222020E+3
8.272991E+2	4.084938E+3
8.275462E+2	3.943791E+3
8.277933E+2	3.799949E+3
8.280404E+2	3.656441E+3
8.282875E+2	3.517037E+3
8.285345E+2	3.383425E+3
8.287816E+2	3.260468E+3
8.290287E+2	3.150288E+3
8.292757E+2	3.054490E+3
8.295227E+2	2.973430E+3
8.297697E+2	2.906261E+3
8.300168E+2	2.850468E+3
8.302638E+2	2.804206E+3
8.305107E+2	2.764758E+3
8.307577E+2	2.730042E+3
8.310047E+2	2.697009E+3
8.312517E+2	2.665217E+3
8.314986E+2	2.634447E+3
8.317456E+2	2.605026E+3
8.319925E+2	2.575621E+3
8.322394E+2	2.546949E+3
8.324864E+2	2.518152E+3
8.327333E+2	2.488168E+3
8.329802E+2	2.455693E+3
8.332271E+2	2.421479E+3
8.334740E+2	2.382988E+3
8.337208E+2	2.341261E+3
8.339677E+2	2.293671E+3
8.342146E+2	2.240878E+3
8.344614E+2	2.181671E+3
8.347082E+2	2.115605E+3
8.349551E+2	2.043135E+3
8.352019E+2	1.963113E+3
8.354487E+2	1.879157E+3
8.356955E+2	1.791059E+3
8.359423E+2	1.700321E+3
8.361891E+2	1.609343E+3
8.364359E+2	1.519474E+3
8.366826E+2	1.432884E+3
8.369294E+2	1.350217E+3
8.371761E+2	1.273119E+3
8.374229E+2	1.202452E+3
8.376696E+2	1.139512E+3
8.379163E+2	1.082321E+3
8.381630E+2	1.031889E+3
8.384097E+2	9.878291E+2
8.386564E+2	9.491789E+2
8.389031E+2	9.143701E+2
8.391498E+2	8.840313E+2
8.393965E+2	8.574357E+2
8.396431E+2	8.340750E+2
8.398898E+2	8.132062E+2
8.401364E+2	7.941734E+2
8.403830E+2	7.769876E+2
8.406297E+2	7.609494E+2
8.408763E+2	7.468401E+2
8.411229E+2	7.331734E+2
8.413695E+2	7.203428E+2
8.416161E+2	7.079931E+2
8.418626E+2	6.963373E+2
8.421092E+2	6.852281E+2
8.423558E+2	6.737690E+2
8.426023E+2	6.627636E+2
8.428489E+2	6.519166E+2
8.430954E+2	6.412117E+2
8.433419E+2	6.308947E+2
8.435884E+2	6.207362E+2
8.438349E+2	6.111570E+2
8.440814E+2	6.015177E+2
8.443279E+2	5.922062E+2
8.445744E+2	5.833537E+2
8.448208E+2	5.742554E+2
8.450673E+2	5.650532E+2
8.453138E+2	5.553811E+2
8.455602E+2	5.452335E+2
8.458066E+2	5.351188E+2
8.460530E+2	5.251297E+2
8.462995E+2	5.146980E+2
8.465459E+2	5.043100E+2
8.467923E+2	4.935341E+2
8.470386E+2	4.824630E+2
8.472850E+2	4.712718E+2
8.475314E+2	4.601297E+2
8.477777E+2	4.489056E+2
8.480241E+2	4.379330E+2
8.482704E+2	4.263537E+2
8.485168E+2	4.154193E+2
8.487631E+2	4.039330E+2
8.490094E+2	3.925395E+2
8.492557E+2	3.812062E+2
8.495020E+2	3.705286E+2
8.497483E+2	3.599439E+2
8.499946E+2	3.495231E+2
8.502408E+2	3.392226E+2
8.504871E+2	3.289439E+2
8.507333E+2	3.187089E+2
8.509796E+2	3.083865E+2
8.512258E+2	2.983046E+2
8.514720E+2	2.888510E+2
8.517182E+2	2.794357E+2
8.519644E+2	2.702882E+2
8.522106E+2	2.615505E+2
8.524568E+2	2.528619E+2
8.527030E+2	2.445887E+2
8.529492E+2	2.367526E+2
8.531953E+2	2.289767E+2
8.534415E+2	2.215341E+2
8.536876E+2	2.144248E+2
8.539337E+2	2.073811E+2
8.541799E+2	2.009876E+2
8.544260E+2	1.946270E+2
8.546721E+2	1.888729E+2
8.549182E+2	1.830477E+2
8.551643E+2	1.776488E+2
8.554103E+2	1.724466E+2
8.556564E+2	1.675559E+2
8.559024E+2	1.626980E+2
8.561485E+2	1.581734E+2
8.563945E+2	1.536980E+2
8.566406E+2	1.495942E+2
8.568866E+2	1.454685E+2
8.571326E+2	1.418401E+2
8.573786E+2	1.385887E+2
8.576246E+2	1.355013E+2
8.578706E+2	1.324138E+2
8.581166E+2	1.297526E+2
8.583625E+2	1.272117E+2
8.586085E+2	1.248346E+2
8.588544E+2	1.221188E+2
8.591004E+2	1.195723E+2
8.593463E+2	1.171625E+2
8.595922E+2	1.149220E+2
8.598381E+2	1.127636E+2
8.600840E+2	1.104193E+2
8.603299E+2	1.086051E+2
8.605758E+2	1.065832E+2
8.608217E+2	1.043483E+2
8.610675E+2	1.021898E+2
8.613134E+2	1.001679E+2
8.615592E+2	9.799308E+1
8.618051E+2	9.589472E+1
8.620509E+2	9.392750E+1
8.622967E+2	9.196576E+1
8.625425E+2	9.016248E+1
8.627883E+2	8.787832E+1
8.630341E+2	8.557778E+1
8.632799E+2	8.382914E+1
8.635257E+2	8.199854E+1
8.637715E+2	8.005865E+1
8.640172E+2	7.849035E+1
8.642630E+2	7.715155E+1
8.645087E+2	7.547395E+1
8.647544E+2	7.394936E+1
8.650001E+2	7.265974E+1
8.652459E+2	7.113515E+1
8.654916E+2	6.957778E+1
8.657372E+2	6.809690E+1
8.659829E+2	6.688925E+1
8.662286E+2	6.572532E+1
8.664743E+2	6.447942E+1
8.667199E+2	6.311876E+1
8.669656E+2	6.171439E+1
8.672112E+2	6.054499E+1
8.674568E+2	5.980729E+1
8.677024E+2	5.888925E+1
8.679481E+2	5.788379E+1
8.681937E+2	5.688925E+1
8.684392E+2	5.572532E+1
8.686848E+2	5.448488E+1
8.689304E+2	5.372532E+1
8.691760E+2	5.304226E+1
8.694215E+2	5.261603E+1
8.696671E+2	5.197668E+1
8.699126E+2	5.163242E+1
8.701581E+2	5.128270E+1
8.704036E+2	5.079636E+1
8.706491E+2	5.007505E+1
8.708946E+2	4.906958E+1
8.711401E+2	4.847395E+1
8.713856E+2	4.820619E+1
8.716311E+2	4.773078E+1
8.718766E+2	4.735373E+1
8.721220E+2	4.668160E+1
8.723674E+2	4.590565E+1
8.726129E+2	4.518980E+1
8.728583E+2	4.493843E+1
8.731037E+2	4.447395E+1
8.733491E+2	4.380729E+1
8.735945E+2	4.320619E+1
8.738399E+2	4.267067E+1
8.740853E+2	4.235920E+1
8.743307E+2	4.187832E+1
8.745760E+2	4.145756E+1
8.748214E+2	4.070893E+1
8.750667E+2	4.047395E+1
8.753121E+2	3.954499E+1
8.755574E+2	3.906958E+1
8.758027E+2	3.857231E+1
8.760480E+2	3.828270E+1
8.762933E+2	3.769253E+1
8.765386E+2	3.694936E+1
8.767839E+2	3.641931E+1
8.770291E+2	3.576357E+1
8.772744E+2	3.509144E+1
8.775196E+2	3.447395E+1
8.777649E+2	3.391658E+1
8.780101E+2	3.361603E+1
8.782553E+2	3.304226E+1
8.785006E+2	3.248488E+1
8.787458E+2	3.223898E+1
8.789910E+2	3.188379E+1
8.792361E+2	3.149035E+1
8.794813E+2	3.130455E+1
8.797265E+2	3.074718E+1
8.799717E+2	3.025537E+1
8.802168E+2	2.992750E+1
8.804619E+2	2.984554E+1
8.807071E+2	2.947942E+1
8.809522E+2	2.917887E+1
8.811973E+2	2.863789E+1
8.814424E+2	2.821166E+1
8.816875E+2	2.802040E+1
8.819326E+2	2.797122E+1
8.821777E+2	2.774171E+1
8.824227E+2	2.714062E+1
8.826678E+2	2.686193E+1
8.829128E+2	2.647395E+1
8.831579E+2	2.643570E+1
8.834029E+2	2.633188E+1
8.836479E+2	2.651767E+1
8.838929E+2	2.670346E+1
8.841379E+2	2.641384E+1
8.843829E+2	2.582914E+1
8.846279E+2	2.559417E+1
8.848729E+2	2.534281E+1
8.851179E+2	2.498761E+1
8.853628E+2	2.459417E+1
8.856078E+2	2.440291E+1
8.858527E+2	2.436466E+1
8.860976E+2	2.406958E+1
8.863425E+2	2.361603E+1
8.865875E+2	2.318980E+1
8.868324E+2	2.262149E+1
8.870772E+2	2.235920E+1
8.873221E+2	2.239199E+1
8.875670E+2	2.232641E+1
8.878119E+2	2.203679E+1
8.880567E+2	2.192204E+1
8.883016E+2	2.177450E+1
8.885464E+2	2.153406E+1
8.887912E+2	2.148488E+1
8.890360E+2	2.110237E+1
8.892809E+2	2.082368E+1
8.895257E+2	2.047942E+1
8.897704E+2	2.056138E+1
8.900152E+2	2.037559E+1
8.902600E+2	2.030455E+1
8.905048E+2	2.028816E+1
8.907495E+2	2.025537E+1
8.909943E+2	1.997668E+1
8.912390E+2	1.989472E+1
8.914837E+2	2.009144E+1
8.917284E+2	1.995483E+1
8.919731E+2	1.981821E+1
8.922178E+2	1.981821E+1
8.924625E+2	1.971439E+1
8.927072E+2	1.970346E+1
8.929519E+2	1.933188E+1
8.931965E+2	1.927177E+1
8.934412E+2	1.926630E+1
8.936858E+2	1.915701E+1
8.939305E+2	1.921166E+1
8.941751E+2	1.900947E+1
8.944197E+2	1.878543E+1
8.946643E+2	1.858871E+1
8.949089E+2	1.875264E+1
8.951535E+2	1.867067E+1
8.953981E+2	1.824991E+1
8.956426E+2	1.810237E+1
8.958872E+2	1.781821E+1
8.961317E+2	1.774171E+1
8.963763E+2	1.767067E+1
8.966208E+2	1.775264E+1
8.968653E+2	1.773078E+1
8.971098E+2	1.768707E+1
8.973543E+2	1.777450E+1
8.975988E+2	1.768160E+1
8.978433E+2	1.757778E+1
8.980878E+2	1.724991E+1
8.983323E+2	1.741384E+1
8.985767E+2	1.732641E+1
8.988212E+2	1.709144E+1
8.990656E+2	1.722805E+1
8.993100E+2	1.758871E+1
8.995545E+2	1.762696E+1
8.997989E+2	1.735373E+1
9.000433E+2	1.719526E+1
9.002877E+2	1.712423E+1
9.005320E+2	1.720073E+1
9.007764E+2	1.717341E+1
9.010208E+2	1.720073E+1
9.012651E+2	1.726084E+1
9.015095E+2	1.727177E+1
9.017538E+2	1.737013E+1
9.019981E+2	1.740838E+1
9.022425E+2	1.744117E+1
9.024868E+2	1.756685E+1
9.027311E+2	1.758324E+1
9.029754E+2	1.754499E+1
9.032196E+2	1.748488E+1
9.034639E+2	1.739199E+1
9.037082E+2	1.687286E+1
9.039524E+2	1.691111E+1
9.041967E+2	1.692204E+1
9.044409E+2	1.697122E+1
9.046851E+2	1.687832E+1
9.049293E+2	1.693843E+1
9.051736E+2	1.687832E+1
9.054177E+2	1.669253E+1
9.056619E+2	1.657778E+1
9.059061E+2	1.639745E+1
9.061503E+2	1.634281E+1
9.063944E+2	1.621712E+1
9.066386E+2	1.604772E+1
9.068827E+2	1.596576E+1
9.071269E+2	1.597122E+1
9.073710E+2	1.585647E+1
9.076151E+2	1.586193E+1
9.078592E+2	1.605319E+1
9.081033E+2	1.608597E+1
9.083474E+2	1.615155E+1
9.085915E+2	1.611330E+1
9.088355E+2	1.579636E+1
9.090796E+2	1.571985E+1
9.093236E+2	1.581275E+1
9.095677E+2	1.589472E+1
9.098117E+2	1.551220E+1
9.100557E+2	1.551767E+1
9.102997E+2	1.558324E+1
9.105437E+2	1.563789E+1
9.107877E+2	1.573078E+1
9.110317E+2	1.586740E+1
9.112757E+2	1.598761E+1
9.115197E+2	1.564335E+1
9.117636E+2	1.545209E+1
9.120076E+2	1.546849E+1
9.122515E+2	1.547395E+1
9.124954E+2	1.553406E+1
9.127393E+2	1.577450E+1
9.129832E+2	1.598761E+1
9.132271E+2	1.585100E+1
9.134710E+2	1.603133E+1
9.137149E+2	1.604772E+1
9.139588E+2	1.598761E+1
9.142026E+2	1.578543E+1
9.144465E+2	1.546302E+1
9.146903E+2	1.546302E+1
9.149342E+2	1.546849E+1
9.151780E+2	1.526084E+1
9.154218E+2	1.559417E+1
9.156656E+2	1.555046E+1
9.159094E+2	1.562696E+1
9.161532E+2	1.557231E+1
9.163970E+2	1.568707E+1
9.166408E+2	1.582368E+1
9.168845E+2	1.587832E+1
9.171283E+2	1.562149E+1
9.173720E+2	1.535920E+1
9.176157E+2	1.534281E+1
9.178595E+2	1.527177E+1
9.181032E+2	1.540291E+1
9.183469E+2	1.528270E+1
9.185906E+2	1.559417E+1
9.188343E+2	1.543024E+1
9.190779E+2	1.547395E+1
9.193216E+2	1.531548E+1
9.195653E+2	1.514062E+1
9.198089E+2	1.480729E+1
9.200525E+2	1.485647E+1
9.202962E+2	1.494390E+1
9.205398E+2	1.496576E+1
9.207834E+2	1.512969E+1
9.210270E+2	1.510783E+1
9.212706E+2	1.533188E+1
9.215142E+2	1.542477E+1
9.217577E+2	1.546849E+1
9.220013E+2	1.551220E+1
9.222449E+2	1.543570E+1
9.224884E+2	1.562696E+1
9.227319E+2	1.564335E+1
9.229755E+2	1.544663E+1
9.232190E+2	1.533188E+1
9.234625E+2	1.546302E+1
9.237060E+2	1.562149E+1
9.239495E+2	1.575811E+1
9.241930E+2	1.549035E+1
9.244364E+2	1.539199E+1
9.246799E+2	1.559417E+1
9.249233E+2	1.552860E+1
9.251668E+2	1.550128E+1
9.254102E+2	1.539745E+1
9.256536E+2	1.518434E+1
9.258971E+2	1.512969E+1
9.261405E+2	1.503133E+1
9.263839E+2	1.520073E+1
9.266272E+2	1.528816E+1
9.268706E+2	1.523898E+1
9.271140E+2	1.522259E+1
9.273573E+2	1.514608E+1
9.276007E+2	1.499854E+1
9.278440E+2	1.510237E+1
9.280874E+2	1.500401E+1
9.283307E+2	1.463789E+1
9.285740E+2	1.435373E+1
9.288173E+2	1.430455E+1
9.290606E+2	1.425537E+1
9.293039E+2	1.444117E+1
9.295471E+2	1.447395E+1
9.297904E+2	1.473078E+1
9.300337E+2	1.494390E+1
9.302769E+2	1.467614E+1
9.305201E+2	1.470893E+1
9.307634E+2	1.477996E+1
9.310066E+2	1.484554E+1
9.312498E+2	1.472532E+1
9.314930E+2	1.457778E+1
9.317362E+2	1.442477E+1
9.319794E+2	1.440838E+1
9.322225E+2	1.445756E+1
9.324657E+2	1.434827E+1
9.327088E+2	1.434281E+1
9.329520E+2	1.416794E+1
9.331951E+2	1.438106E+1
9.334382E+2	1.438652E+1
9.336814E+2	1.439745E+1
9.339245E+2	1.433734E+1
9.341676E+2	1.438652E+1
9.344106E+2	1.439745E+1
9.346537E+2	1.449581E+1
9.348968E+2	1.445756E+1
9.351398E+2	1.422805E+1
9.353829E+2	1.421166E+1
9.356259E+2	1.398215E+1
9.358690E+2	1.405319E+1
9.361120E+2	1.377996E+1
9.363550E+2	1.391658E+1
9.365980E+2	1.394390E+1
9.368410E+2	1.382368E+1
9.370840E+2	1.409144E+1
9.373269E+2	1.377996E+1
9.375699E+2	1.373078E+1
9.378129E+2	1.377450E+1
9.380558E+2	1.371439E+1
9.382987E+2	1.361056E+1
9.385417E+2	1.362696E+1
9.387846E+2	1.352313E+1
9.390275E+2	1.369253E+1
9.392704E+2	1.369253E+1
9.395133E+2	1.376903E+1
9.397562E+2	1.373078E+1
9.399990E+2	1.385100E+1
9.402419E+2	1.399854E+1
9.404847E+2	1.411330E+1
9.407276E+2	1.416248E+1
9.409704E+2	1.408051E+1
9.412132E+2	1.397122E+1
9.414560E+2	1.418434E+1
9.416988E+2	1.409144E+1
9.419416E+2	1.406958E+1
9.421844E+2	1.405865E+1
9.424272E+2	1.415155E+1
9.426700E+2	1.387832E+1
9.429127E+2	1.383461E+1
9.431555E+2	1.390565E+1
9.433982E+2	1.397668E+1
9.436409E+2	1.384554E+1
9.438837E+2	1.367614E+1
9.441264E+2	1.354499E+1
9.443691E+2	1.366521E+1
9.446118E+2	1.359964E+1
9.448544E+2	1.345756E+1
9.450971E+2	1.343570E+1
9.453398E+2	1.355046E+1
9.455824E+2	1.341931E+1
9.458251E+2	1.338652E+1
9.460677E+2	1.344663E+1
9.463103E+2	1.357778E+1
9.465530E+2	1.361603E+1
9.467956E+2	1.379636E+1
9.470382E+2	1.360510E+1
9.472807E+2	1.361056E+1
9.475233E+2	1.349035E+1
9.477659E+2	1.370346E+1
9.480084E+2	1.355592E+1
9.482510E+2	1.326630E+1
9.484935E+2	1.363789E+1
9.487361E+2	1.369800E+1
9.489786E+2	1.381821E+1
9.492211E+2	1.387286E+1
9.494636E+2	1.400401E+1
9.497061E+2	1.387832E+1
9.499486E+2	1.392750E+1
9.501911E+2	1.420073E+1
9.504335E+2	1.404226E+1
9.506760E+2	1.390565E+1
9.509184E+2	1.382368E+1
9.511609E+2	1.364335E+1
9.514033E+2	1.376903E+1
9.516457E+2	1.368707E+1
9.518881E+2	1.349035E+1
9.521305E+2	1.362149E+1
9.523729E+2	1.377450E+1
9.526153E+2	1.390018E+1
9.528576E+2	1.377450E+1
9.531000E+2	1.363242E+1
9.533424E+2	1.363789E+1
9.535847E+2	1.352860E+1
9.538270E+2	1.350674E+1
9.540694E+2	1.366521E+1
9.543117E+2	1.345756E+1
9.545540E+2	1.349581E+1
9.547963E+2	1.345209E+1
9.550386E+2	1.344663E+1
9.552808E+2	1.353406E+1
9.555231E+2	1.350674E+1
9.557654E+2	1.344663E+1
9.560076E+2	1.355046E+1
9.562498E+2	1.331002E+1
9.564921E+2	1.340838E+1
9.567343E+2	1.337559E+1
9.569765E+2	1.354499E+1
9.572187E+2	1.361056E+1
9.574609E+2	1.361056E+1
9.577031E+2	1.364335E+1
9.579452E+2	1.375264E+1
9.581874E+2	1.387286E+1
9.584296E+2	1.404226E+1
9.586717E+2	1.405319E+1
9.589138E+2	1.406412E+1
9.591560E+2	1.395483E+1
9.593981E+2	1.374718E+1
9.596402E+2	1.368707E+1
9.598823E+2	1.369253E+1
9.601244E+2	1.351767E+1
9.603664E+2	1.335920E+1
9.606085E+2	1.320073E+1
9.608506E+2	1.301494E+1
9.610926E+2	1.281275E+1
9.613347E+2	1.290565E+1
9.615767E+2	1.267067E+1
9.618187E+2	1.292204E+1
9.620607E+2	1.303133E+1
9.623027E+2	1.315155E+1
9.625447E+2	1.287286E+1
9.627867E+2	1.286193E+1
9.630287E+2	1.281821E+1
9.632706E+2	1.247942E+1
9.635126E+2	1.247395E+1
9.637545E+2	1.244663E+1
9.639965E+2	1.273625E+1
9.642384E+2	1.254499E+1
9.644803E+2	1.242477E+1
9.647222E+2	1.246302E+1
9.649641E+2	1.219526E+1
9.652060E+2	1.239199E+1
9.654479E+2	1.262149E+1
9.656897E+2	1.270893E+1
9.659316E+2	1.290565E+1
9.661734E+2	1.277996E+1
9.664153E+2	1.265428E+1
9.666571E+2	1.274171E+1
9.668989E+2	1.305865E+1
9.671408E+2	1.324444E+1
9.673826E+2	1.330455E+1
9.676243E+2	1.357231E+1
9.678661E+2	1.373078E+1
9.681079E+2	1.371439E+1
9.683497E+2	1.358324E+1
9.685914E+2	1.346849E+1
9.688332E+2	1.325537E+1
9.690749E+2	1.340838E+1
9.693166E+2	1.335920E+1
9.695583E+2	1.325537E+1
9.698001E+2	1.317341E+1
9.700417E+2	1.291658E+1
9.702834E+2	1.280182E+1
9.705251E+2	1.279089E+1
9.707668E+2	1.272532E+1
9.710084E+2	1.280729E+1
9.712501E+2	1.275811E+1
9.714917E+2	1.296576E+1
9.717334E+2	1.291111E+1
9.719750E+2	1.291658E+1
9.722166E+2	1.323352E+1
9.724582E+2	1.344117E+1
9.726998E+2	1.337013E+1
9.729414E+2	1.323898E+1
9.731830E+2	1.291111E+1
9.734245E+2	1.304226E+1
9.736661E+2	1.297668E+1
9.739076E+2	1.313515E+1
9.741492E+2	1.314062E+1
9.743907E+2	1.312969E+1
9.746322E+2	1.311330E+1
9.748737E+2	1.318434E+1
9.751152E+2	1.343570E+1
9.753567E+2	1.355046E+1
9.755982E+2	1.380729E+1
9.758396E+2	1.384007E+1
9.760811E+2	1.374718E+1
9.763226E+2	1.397668E+1
9.765640E+2	1.382368E+1
9.768054E+2	1.355046E+1
9.770468E+2	1.327723E+1
9.772883E+2	1.353406E+1
9.775297E+2	1.370346E+1
9.777711E+2	1.394390E+1
9.780124E+2	1.401494E+1
9.782538E+2	1.393843E+1
9.784952E+2	1.368160E+1
9.787365E+2	1.340838E+1
9.789779E+2	1.355046E+1
9.792192E+2	1.391111E+1
9.794605E+2	1.379636E+1
9.797019E+2	1.366521E+1
9.799432E+2	1.356685E+1
9.801845E+2	1.329362E+1
9.804257E+2	1.344117E+1
9.806670E+2	1.352313E+1
9.809083E+2	1.350674E+1
9.811496E+2	1.377450E+1
9.813908E+2	1.365974E+1
9.816320E+2	1.328816E+1
9.818733E+2	1.297122E+1
9.821145E+2	1.287832E+1
9.823557E+2	1.280729E+1
9.825969E+2	1.266521E+1
9.828381E+2	1.258324E+1
9.830793E+2	1.291111E+1
9.833205E+2	1.296576E+1
9.835616E+2	1.308597E+1
9.838028E+2	1.280182E+1
9.840439E+2	1.284007E+1
9.842851E+2	1.251220E+1
9.845262E+2	1.239745E+1
9.847673E+2	1.259964E+1
9.850084E+2	1.257778E+1
9.852495E+2	1.271439E+1
9.854906E+2	1.253953E+1
9.857317E+2	1.236466E+1
9.859727E+2	1.234827E+1
9.862138E+2	1.224991E+1
9.864549E+2	1.226084E+1
9.866959E+2	1.209690E+1
9.869369E+2	1.196029E+1
9.871779E+2	1.178543E+1
9.874190E+2	1.180729E+1
9.876600E+2	1.192750E+1
9.879010E+2	1.215155E+1
9.881419E+2	1.215155E+1
9.883829E+2	1.227723E+1
9.886239E+2	1.188379E+1
9.888648E+2	1.186740E+1
9.891058E+2	1.215155E+1
9.893467E+2	1.225537E+1
9.895876E+2	1.218434E+1
9.898285E+2	1.202587E+1
9.900695E+2	1.191658E+1
9.903104E+2	1.180729E+1
9.905512E+2	1.196576E+1
9.907921E+2	1.192750E+1
9.910330E+2	1.199854E+1
9.912738E+2	1.223898E+1
9.915147E+2	1.252860E+1
9.917555E+2	1.270346E+1
9.919964E+2	1.258871E+1
9.922372E+2	1.268160E+1
9.924780E+2	1.265428E+1
9.927188E+2	1.251220E+1
9.929596E+2	1.269253E+1
9.932004E+2	1.290018E+1
9.934411E+2	1.275811E+1
9.936819E+2	1.271985E+1
9.939227E+2	1.267614E+1
9.941634E+2	1.293297E+1
9.944041E+2	1.318434E+1
9.946449E+2	1.347942E+1
9.948856E+2	1.351220E+1
9.951263E+2	1.302587E+1
9.953670E+2	1.281821E+1
9.956077E+2	1.290565E+1
9.958483E+2	1.298761E+1
9.960890E+2	1.309690E+1
9.963297E+2	1.299308E+1
9.965703E+2	1.296029E+1
9.968109E+2	1.313515E+1
9.970516E+2	1.312423E+1
9.972922E+2	1.318434E+1
9.975328E+2	1.326084E+1
9.977734E+2	1.297122E+1
9.980140E+2	1.276903E+1
9.982546E+2	1.286740E+1
9.984951E+2	1.296576E+1
9.987357E+2	1.284007E+1
9.989763E+2	1.323352E+1
9.992168E+2	1.335373E+1
9.994573E+2	1.332641E+1
9.996978E+2	1.345756E+1
9.999384E+2	1.325537E+1
1.000179E+3	1.313515E+1
1.000419E+3	1.321712E+1
1.000660E+3	1.323352E+1
1.000900E+3	1.331002E+1
1.001141E+3	1.321166E+1
1.001381E+3	1.333734E+1
1.001622E+3	1.318980E+1
1.001862E+3	1.316794E+1
1.002103E+3	1.311330E+1
1.002343E+3	1.295483E+1
1.002583E+3	1.293843E+1
1.002824E+3	1.280182E+1
1.003064E+3	1.277450E+1
1.003305E+3	1.319526E+1
1.003545E+3	1.310783E+1
1.003785E+3	1.300947E+1
1.004026E+3	1.294390E+1
1.004266E+3	1.309690E+1
1.004506E+3	1.305319E+1
1.004747E+3	1.320073E+1
1.004987E+3	1.318980E+1
1.005227E+3	1.315701E+1
1.005468E+3	1.320073E+1
1.005708E+3	1.316794E+1
1.005948E+3	1.284554E+1
1.006188E+3	1.256138E+1
1.006429E+3	1.269800E+1
1.006669E+3	1.284554E+1
1.006909E+3	1.273625E+1
1.007149E+3	1.278543E+1
1.007390E+3	1.320073E+1
1.007630E+3	1.306958E+1
1.007870E+3	1.297122E+1
1.008110E+3	1.312423E+1
1.008350E+3	1.324991E+1
1.008590E+3	1.320619E+1
1.008831E+3	1.316248E+1
1.009071E+3	1.314062E+1
1.009311E+3	1.295483E+1
1.009551E+3	1.310783E+1
1.009791E+3	1.343024E+1
1.010031E+3	1.345756E+1
1.010271E+3	1.344117E+1
1.010511E+3	1.323898E+1
1.010752E+3	1.313515E+1
1.010992E+3	1.326630E+1
1.011232E+3	1.324991E+1
1.011472E+3	1.299308E+1
1.011712E+3	1.287286E+1
1.011952E+3	1.288379E+1
1.012192E+3	1.279636E+1
1.012432E+3	1.288379E+1
1.012672E+3	1.302040E+1
1.012912E+3	1.306958E+1
1.013152E+3	1.318980E+1
1.013392E+3	1.329362E+1
1.013632E+3	1.306958E+1
1.013872E+3	1.309690E+1
1.014112E+3	1.296029E+1
1.014352E+3	1.302040E+1
1.014591E+3	1.326084E+1
1.014831E+3	1.363789E+1
1.015071E+3	1.369253E+1
1.015311E+3	1.372532E+1
1.015551E+3	1.354499E+1
1.015791E+3	1.341931E+1
1.016031E+3	1.332641E+1
1.016271E+3	1.340838E+1
1.016511E+3	1.328816E+1
1.016750E+3	1.331548E+1
1.016990E+3	1.333188E+1
1.017230E+3	1.334281E+1
1.017470E+3	1.341931E+1
1.017710E+3	1.350674E+1
1.017949E+3	1.337559E+1
1.018189E+3	1.351767E+1
1.018429E+3	1.334281E+1
1.018669E+3	1.332641E+1
1.018908E+3	1.320073E+1
1.019148E+3	1.326630E+1
1.019388E+3	1.333734E+1
1.019628E+3	1.347942E+1
1.019867E+3	1.338652E+1
1.020107E+3	1.327177E+1
1.020347E+3	1.303133E+1
1.020586E+3	1.319526E+1
1.020826E+3	1.350128E+1
1.021066E+3	1.337013E+1
1.021305E+3	1.316248E+1
1.021545E+3	1.327723E+1
1.021785E+3	1.300947E+1
1.022024E+3	1.279636E+1
1.022264E+3	1.290565E+1
1.022504E+3	1.285100E+1
1.022743E+3	1.280729E+1
1.022983E+3	1.276903E+1
1.023222E+3	1.278543E+1
1.023462E+3	1.260510E+1
1.023702E+3	1.242477E+1
1.023941E+3	1.239745E+1
1.024181E+3	1.247942E+1
1.024420E+3	1.230455E+1
1.024660E+3	1.233734E+1
1.024899E+3	1.228816E+1
1.025139E+3	1.227723E+1
1.025378E+3	1.209144E+1
1.025618E+3	1.198215E+1
1.025857E+3	1.187832E+1
1.026097E+3	1.187832E+1
1.026336E+3	1.202040E+1
1.026575E+3	1.224444E+1
1.026815E+3	1.225537E+1
1.027054E+3	1.225537E+1
1.027294E+3	1.234281E+1
1.027533E+3	1.207505E+1
1.027773E+3	1.214608E+1
1.028012E+3	1.219526E+1
1.028251E+3	1.233188E+1
1.028491E+3	1.237559E+1
1.028730E+3	1.262149E+1
1.028969E+3	1.246302E+1
1.029209E+3	1.246849E+1
1.029448E+3	1.240291E+1
1.029687E+3	1.249035E+1
1.029927E+3	1.227177E+1
1.030166E+3	1.233734E+1
1.030405E+3	1.253406E+1
1.030645E+3	1.241384E+1
1.030884E+3	1.237559E+1
1.031123E+3	1.240838E+1
1.031362E+3	1.257231E+1
1.031602E+3	1.289472E+1
1.031841E+3	1.282914E+1
1.032080E+3	1.279636E+1
1.032319E+3	1.257778E+1
1.032558E+3	1.246302E+1
1.032798E+3	1.233734E+1
1.033037E+3	1.250128E+1
1.033276E+3	1.250128E+1
1.033515E+3	1.256138E+1
1.033754E+3	1.253953E+1
1.033993E+3	1.239745E+1
1.034233E+3	1.216794E+1
1.034472E+3	1.214608E+1
1.034711E+3	1.226084E+1
1.034950E+3	1.232641E+1
1.035189E+3	1.220073E+1
1.035428E+3	1.194390E+1
1.035667E+3	1.171439E+1
1.035906E+3	1.173625E+1
1.036145E+3	1.175811E+1
1.036384E+3	1.203133E+1
1.036623E+3	1.199854E+1
1.036862E+3	1.187832E+1
1.037101E+3	1.191111E+1
1.037340E+3	1.181821E+1
1.037579E+3	1.160510E+1
1.037818E+3	1.145209E+1
1.038057E+3	1.142477E+1
1.038296E+3	1.151767E+1
1.038535E+3	1.161056E+1
1.038774E+3	1.147395E+1
1.039013E+3	1.149035E+1
1.039252E+3	1.136466E+1
1.039491E+3	1.144117E+1
1.039730E+3	1.152860E+1
1.039969E+3	1.200947E+1
1.040208E+3	1.192750E+1
1.040447E+3	1.203133E+1
1.040685E+3	1.206958E+1
1.040924E+3	1.204772E+1
1.041163E+3	1.175264E+1
1.041402E+3	1.155046E+1
1.041641E+3	1.156138E+1
1.041880E+3	1.134281E+1
1.042118E+3	1.153953E+1
1.042357E+3	1.131002E+1
1.042596E+3	1.121712E+1
1.042835E+3	1.105319E+1
1.043074E+3	1.098761E+1
1.043312E+3	1.083461E+1
1.043551E+3	1.082914E+1
1.043790E+3	1.090018E+1
1.044029E+3	1.110237E+1
1.044267E+3	1.091658E+1
1.044506E+3	1.099854E+1
1.044745E+3	1.096029E+1
1.044983E+3	1.097122E+1
1.045222E+3	1.110783E+1
1.045461E+3	1.117341E+1
1.045699E+3	1.118434E+1
1.045938E+3	1.098761E+1
1.046177E+3	1.059964E+1
1.046415E+3	1.053406E+1
1.046654E+3	1.040291E+1
1.046893E+3	1.058324E+1
1.047131E+3	1.061603E+1
1.047370E+3	1.100401E+1
1.047608E+3	1.096029E+1
1.047847E+3	1.103679E+1
1.048086E+3	1.087832E+1
1.048324E+3	1.105319E+1
1.048563E+3	1.118980E+1
1.048801E+3	1.135920E+1
1.049040E+3	1.139745E+1
1.049278E+3	1.136466E+1
1.049517E+3	1.126084E+1
1.049755E+3	1.133734E+1
1.049994E+3	1.150674E+1
1.050232E+3	1.173078E+1
1.050471E+3	1.161056E+1
1.050709E+3	1.131548E+1
1.050948E+3	1.116794E+1
1.051186E+3	1.122805E+1
1.051424E+3	1.112423E+1
1.051663E+3	1.096576E+1
1.051901E+3	1.080729E+1
1.052140E+3	1.073078E+1
1.052378E+3	1.081821E+1
1.052616E+3	1.085100E+1
1.052855E+3	1.096029E+1
1.053093E+3	1.093843E+1
1.053332E+3	1.076903E+1
1.053570E+3	1.078543E+1
1.053808E+3	1.077996E+1
1.054047E+3	1.073625E+1
1.054285E+3	1.066521E+1
1.054523E+3	1.033188E+1
1.054761E+3	1.038106E+1
1.055000E+3	1.048488E+1
1.055238E+3	1.043570E+1
1.055476E+3	1.028270E+1
1.055715E+3	1.022259E+1
1.055953E+3	1.024991E+1
1.056191E+3	1.019526E+1
1.056429E+3	1.036466E+1
1.056667E+3	1.007505E+1
1.056906E+3	1.028270E+1
1.057144E+3	1.015155E+1
1.057382E+3	1.028270E+1
1.057620E+3	1.040838E+1
1.057858E+3	1.039199E+1
1.058097E+3	1.054499E+1
1.058335E+3	1.031002E+1
1.058573E+3	1.012969E+1
1.058811E+3	1.032641E+1
1.059049E+3	1.057778E+1
1.059287E+3	1.051767E+1
1.059525E+3	1.032641E+1
1.059763E+3	1.007505E+1
1.060001E+3	1.008597E+1
1.060239E+3	1.018434E+1
1.060478E+3	1.027177E+1
1.060716E+3	1.047395E+1
1.060954E+3	1.055592E+1
1.061192E+3	1.075264E+1
1.061430E+3	1.047395E+1
1.061668E+3	1.032095E+1
1.061906E+3	9.872860E+0
1.062144E+3	9.769035E+0
1.062382E+3	9.621494E+0
1.062620E+3	9.730783E+0
1.062858E+3	9.490346E+0
1.063096E+3	9.233515E+0
1.063333E+3	8.976685E+0
1.063571E+3	8.851002E+0
1.063809E+3	8.823679E+0
1.064047E+3	8.922040E+0
1.064285E+3	8.840073E+0
1.064523E+3	8.654281E+0
1.064761E+3	8.517668E+0
1.064999E+3	8.501275E+0
1.065237E+3	8.386521E+0
1.065474E+3	8.692532E+0
1.065712E+3	8.539526E+0
1.065950E+3	8.452095E+0
1.066188E+3	8.719854E+0
1.066426E+3	8.993078E+0
1.066664E+3	9.146084E+0
1.066901E+3	8.971220E+0
1.067139E+3	8.971220E+0
1.067377E+3	8.960291E+0
1.067615E+3	8.993078E+0
1.067852E+3	9.085974E+0
1.068090E+3	8.971220E+0
1.068328E+3	8.943898E+0
1.068566E+3	8.818215E+0
1.068803E+3	8.714390E+0
1.069041E+3	8.659745E+0
1.069279E+3	8.812750E+0
1.069516E+3	8.490346E+0
1.069754E+3	8.189800E+0
1.069992E+3	8.135155E+0
1.070229E+3	8.107832E+0
1.070467E+3	8.310018E+0
1.070705E+3	8.517668E+0
1.070942E+3	8.315483E+0
1.071180E+3	8.424772E+0
1.071418E+3	8.238980E+0
1.071655E+3	8.370128E+0
1.071893E+3	8.222587E+0
1.072130E+3	8.146084E+0
1.072368E+3	8.200729E+0
1.072605E+3	8.080510E+0
1.072843E+3	7.851002E+0
1.073081E+3	7.637887E+0
1.073318E+3	7.550455E+0
1.073556E+3	7.435701E+0
1.073793E+3	7.288160E+0
1.074031E+3	7.255373E+0
1.074268E+3	7.260838E+0
1.074506E+3	7.200729E+0
1.074743E+3	7.331876E+0
1.074981E+3	7.195264E+0
1.075218E+3	7.162477E+0
1.075455E+3	7.320947E+0
1.075693E+3	7.189800E+0
1.075930E+3	7.402914E+0
1.076168E+3	7.364663E+0
1.076405E+3	7.555920E+0
1.076642E+3	7.566849E+0
1.076880E+3	7.495811E+0
1.077117E+3	7.331876E+0
1.077355E+3	7.561384E+0
1.077592E+3	7.851002E+0
1.077829E+3	7.965756E+0
1.078067E+3	8.096903E+0
1.078304E+3	8.135155E+0
1.078541E+3	8.566849E+0
1.078779E+3	8.703461E+0
1.079016E+3	8.687067E+0
1.079253E+3	8.774499E+0
1.079490E+3	8.736248E+0
1.079728E+3	9.047723E+0
1.079965E+3	8.544991E+0
1.080202E+3	8.430237E+0
1.080439E+3	8.402914E+0
1.080677E+3	8.255373E+0
1.080914E+3	8.058652E+0
1.081151E+3	8.047723E+0
1.081388E+3	8.200729E+0
1.081625E+3	8.178871E+0
1.081863E+3	7.927505E+0
1.082100E+3	7.829144E+0
1.082337E+3	7.632423E+0
1.082574E+3	7.823679E+0
1.082811E+3	7.922040E+0
1.083048E+3	7.845537E+0
1.083285E+3	7.697996E+0
1.083522E+3	7.681603E+0
1.083760E+3	7.626958E+0
1.083997E+3	7.741712E+0
1.084234E+3	7.998543E+0
1.084471E+3	8.091439E+0
1.084708E+3	8.299089E+0
1.084945E+3	8.217122E+0
1.085182E+3	8.096903E+0
1.085419E+3	8.348270E+0
1.085656E+3	8.517668E+0
1.085893E+3	8.452095E+0
1.086130E+3	8.408379E+0
1.086367E+3	8.610565E+0
1.086604E+3	8.550455E+0
1.086841E+3	8.550455E+0
1.087078E+3	8.370128E+0
1.087315E+3	8.665209E+0
1.087552E+3	8.861931E+0
1.087789E+3	8.889253E+0
1.088026E+3	8.703461E+0
1.088262E+3	8.725319E+0
1.088499E+3	9.025865E+0
1.088736E+3	9.200729E+0
1.088973E+3	9.064117E+0
1.089210E+3	8.982149E+0
1.089447E+3	8.943898E+0
1.089684E+3	8.708925E+0
1.089921E+3	8.359199E+0
1.090157E+3	8.484882E+0
1.090394E+3	8.479417E+0
1.090631E+3	8.681603E+0
1.090868E+3	8.632423E+0
1.091105E+3	8.555920E+0
1.091341E+3	8.703461E+0
1.091578E+3	8.659745E+0
1.091815E+3	8.320947E+0
1.092052E+3	8.288160E+0
1.092288E+3	8.293625E+0
1.092525E+3	8.091439E+0
1.092762E+3	7.943898E+0
1.092999E+3	7.566849E+0
1.093235E+3	7.769035E+0
1.093472E+3	7.900182E+0
1.093709E+3	7.834608E+0
1.093945E+3	7.861931E+0
1.094182E+3	7.534062E+0
1.094419E+3	7.752641E+0
1.094655E+3	7.687067E+0
1.094892E+3	7.714390E+0
1.095128E+3	7.747177E+0
1.095365E+3	7.932969E+0
1.095602E+3	7.840073E+0
1.095838E+3	7.736248E+0
1.096075E+3	7.648816E+0
1.096311E+3	7.670674E+0
1.096548E+3	7.430237E+0
1.096784E+3	7.566849E+0
1.097021E+3	7.605100E+0
1.097258E+3	7.572313E+0
1.097494E+3	7.441166E+0
1.097731E+3	7.643352E+0
1.097967E+3	7.610565E+0
1.098204E+3	7.594171E+0
1.098440E+3	7.714390E+0
1.098677E+3	7.889253E+0
1.098913E+3	7.681603E+0
1.099149E+3	7.599636E+0
1.099386E+3	7.550455E+0
1.099622E+3	7.512204E+0
1.099859E+3	7.129690E+0
1.100095E+3	6.867395E+0
1.100332E+3	6.976685E+0
1.100568E+3	6.916576E+0
1.100804E+3	6.829144E+0
1.101041E+3	6.845537E+0
1.101277E+3	6.785428E+0
1.101513E+3	7.162477E+0
1.101750E+3	7.249909E+0
1.101986E+3	7.413843E+0
1.102222E+3	7.413843E+0
1.102459E+3	7.594171E+0
1.102695E+3	7.796357E+0
1.102931E+3	7.637887E+0
1.103168E+3	7.544991E+0
1.103404E+3	7.829144E+0
1.103640E+3	7.659745E+0
1.103876E+3	7.823679E+0
1.104113E+3	8.124226E+0
1.104349E+3	8.228051E+0
1.104585E+3	8.178871E+0
1.104821E+3	7.932969E+0
1.105057E+3	7.725319E+0
1.105294E+3	7.643352E+0
1.105530E+3	7.752641E+0
1.105766E+3	7.719854E+0
1.106002E+3	7.845537E+0
1.106238E+3	7.960291E+0
1.106474E+3	7.927505E+0
1.106711E+3	7.736248E+0
1.106947E+3	7.730783E+0
1.107183E+3	7.643352E+0
1.107419E+3	7.665209E+0
1.107655E+3	7.441166E+0
1.107891E+3	7.348270E+0
1.108127E+3	1.357778E+1
1.108363E+3	3.577778E+0
1.108599E+3	2.324444E+1
1.108835E+3	1.691111E+1
1.109071E+3	2.224444E+1
1.109307E+3	1.657778E+1
1.109543E+3	1.457778E+1
1.109779E+3	1.391111E+1
1.110015E+3	1.124444E+1
1.110251E+3	7.244444E+0
1.110487E+3	1.891111E+1
1.110723E+3	5.577778E+0
1.110959E+3	1.324444E+1
1.111195E+3	1.791111E+1
1.111431E+3	7.577778E+0
1.111667E+3	8.577778E+0
1.111903E+3	-1.755556E+0
1.112139E+3	-2.088889E+0
1.112375E+3	4.577778E+0
1.112611E+3	8.911111E+0
1.112847E+3	1.424444E+1
1.113082E+3	5.244444E+0
1.113318E+3	7.577778E+0
1.113554E+3	1.091111E+1
1.113790E+3	-4.088889E+0
1.114026E+3	-4.222222E-1
1.114262E+3	-3.088889E+0
1.114497E+3	1.191111E+1
1.114733E+3	1.191111E+1
1.114969E+3	4.911111E+0
