1.951292E+2	0.000000E+0
1.953960E+2	0.000000E+0
1.956629E+2	0.000000E+0
1.959298E+2	0.000000E+0
1.961966E+2	0.000000E+0
1.964635E+2	0.000000E+0
1.967303E+2	0.000000E+0
1.969972E+2	0.000000E+0
1.972640E+2	0.000000E+0
1.975308E+2	0.000000E+0
1.977977E+2	0.000000E+0
1.980645E+2	0.000000E+0
1.983313E+2	0.000000E+0
1.985981E+2	0.000000E+0
1.988649E+2	0.000000E+0
1.991316E+2	0.000000E+0
1.993984E+2	0.000000E+0
1.996652E+2	0.000000E+0
1.999320E+2	0.000000E+0
2.001987E+2	0.000000E+0
2.004655E+2	0.000000E+0
2.007322E+2	0.000000E+0
2.009989E+2	0.000000E+0
2.012657E+2	0.000000E+0
2.015324E+2	0.000000E+0
2.017991E+2	0.000000E+0
2.020658E+2	0.000000E+0
2.023325E+2	0.000000E+0
2.025992E+2	0.000000E+0
2.028659E+2	0.000000E+0
2.031326E+2	0.000000E+0
2.033992E+2	0.000000E+0
2.036659E+2	0.000000E+0
2.039325E+2	0.000000E+0
2.041992E+2	0.000000E+0
2.044658E+2	0.000000E+0
2.047325E+2	0.000000E+0
2.049991E+2	0.000000E+0
2.052657E+2	0.000000E+0
2.055323E+2	0.000000E+0
2.057989E+2	0.000000E+0
2.060655E+2	0.000000E+0
2.063321E+2	0.000000E+0
2.065987E+2	0.000000E+0
2.068653E+2	0.000000E+0
2.071319E+2	0.000000E+0
2.073984E+2	0.000000E+0
2.076650E+2	0.000000E+0
2.079315E+2	0.000000E+0
2.081981E+2	0.000000E+0
2.084646E+2	0.000000E+0
2.087311E+2	0.000000E+0
2.089977E+2	0.000000E+0
2.092642E+2	0.000000E+0
2.095307E+2	0.000000E+0
2.097972E+2	0.000000E+0
2.100637E+2	0.000000E+0
2.103302E+2	0.000000E+0
2.105966E+2	0.000000E+0
2.108631E+2	0.000000E+0
2.111296E+2	0.000000E+0
2.113960E+2	0.000000E+0
2.116625E+2	0.000000E+0
2.119289E+2	0.000000E+0
2.121954E+2	0.000000E+0
2.124618E+2	0.000000E+0
2.127282E+2	0.000000E+0
2.129946E+2	0.000000E+0
2.132610E+2	0.000000E+0
2.135274E+2	0.000000E+0
2.137938E+2	0.000000E+0
2.140602E+2	0.000000E+0
2.143266E+2	0.000000E+0
2.145930E+2	0.000000E+0
2.148593E+2	0.000000E+0
2.151257E+2	0.000000E+0
2.153920E+2	0.000000E+0
2.156584E+2	0.000000E+0
2.159247E+2	0.000000E+0
2.161910E+2	0.000000E+0
2.164574E+2	0.000000E+0
2.167237E+2	0.000000E+0
2.169900E+2	0.000000E+0
2.172563E+2	0.000000E+0
2.175226E+2	0.000000E+0
2.177889E+2	0.000000E+0
2.180551E+2	0.000000E+0
2.183214E+2	0.000000E+0
2.185877E+2	0.000000E+0
2.188539E+2	0.000000E+0
2.191202E+2	0.000000E+0
2.193864E+2	0.000000E+0
2.196527E+2	0.000000E+0
2.199189E+2	0.000000E+0
2.201851E+2	0.000000E+0
2.204513E+2	0.000000E+0
2.207175E+2	0.000000E+0
2.209837E+2	0.000000E+0
2.212499E+2	0.000000E+0
2.215161E+2	0.000000E+0
2.217823E+2	0.000000E+0
2.220485E+2	0.000000E+0
2.223146E+2	0.000000E+0
2.225808E+2	0.000000E+0
2.228469E+2	0.000000E+0
2.231131E+2	0.000000E+0
2.233792E+2	0.000000E+0
2.236453E+2	0.000000E+0
2.239115E+2	0.000000E+0
2.241776E+2	0.000000E+0
2.244437E+2	0.000000E+0
2.247098E+2	0.000000E+0
2.249759E+2	0.000000E+0
2.252420E+2	0.000000E+0
2.255080E+2	0.000000E+0
2.257741E+2	0.000000E+0
2.260402E+2	0.000000E+0
2.263062E+2	0.000000E+0
2.265723E+2	0.000000E+0
2.268383E+2	0.000000E+0
2.271044E+2	0.000000E+0
2.273704E+2	0.000000E+0
2.276364E+2	0.000000E+0
2.279024E+2	0.000000E+0
2.281684E+2	0.000000E+0
2.284344E+2	0.000000E+0
2.287004E+2	0.000000E+0
2.289664E+2	0.000000E+0
2.292324E+2	0.000000E+0
2.294984E+2	0.000000E+0
2.297643E+2	0.000000E+0
2.300303E+2	0.000000E+0
2.302962E+2	0.000000E+0
2.305622E+2	0.000000E+0
2.308281E+2	0.000000E+0
2.310940E+2	0.000000E+0
2.313599E+2	0.000000E+0
2.316259E+2	0.000000E+0
2.318918E+2	0.000000E+0
2.321577E+2	0.000000E+0
2.324236E+2	0.000000E+0
2.326894E+2	0.000000E+0
2.329553E+2	0.000000E+0
2.332212E+2	0.000000E+0
2.334871E+2	0.000000E+0
2.337529E+2	0.000000E+0
2.340188E+2	0.000000E+0
2.342846E+2	0.000000E+0
2.345504E+2	0.000000E+0
2.348163E+2	0.000000E+0
2.350821E+2	0.000000E+0
2.353479E+2	0.000000E+0
2.356137E+2	0.000000E+0
2.358795E+2	0.000000E+0
2.361453E+2	0.000000E+0
2.364111E+2	0.000000E+0
2.366769E+2	0.000000E+0
2.369426E+2	0.000000E+0
2.372084E+2	0.000000E+0
2.374741E+2	0.000000E+0
2.377399E+2	0.000000E+0
2.380056E+2	0.000000E+0
2.382714E+2	0.000000E+0
2.385371E+2	0.000000E+0
2.388028E+2	0.000000E+0
2.390685E+2	0.000000E+0
2.393342E+2	0.000000E+0
2.395999E+2	0.000000E+0
2.398656E+2	0.000000E+0
2.401313E+2	0.000000E+0
2.403970E+2	0.000000E+0
2.406626E+2	0.000000E+0
2.409283E+2	0.000000E+0
2.411940E+2	0.000000E+0
2.414596E+2	0.000000E+0
2.417252E+2	0.000000E+0
2.419909E+2	0.000000E+0
2.422565E+2	0.000000E+0
2.425221E+2	0.000000E+0
2.427877E+2	0.000000E+0
2.430533E+2	0.000000E+0
2.433189E+2	0.000000E+0
2.435845E+2	0.000000E+0
2.438501E+2	0.000000E+0
2.441157E+2	0.000000E+0
2.443812E+2	0.000000E+0
2.446468E+2	0.000000E+0
2.449124E+2	0.000000E+0
2.451779E+2	0.000000E+0
2.454434E+2	0.000000E+0
2.457090E+2	0.000000E+0
2.459745E+2	0.000000E+0
2.462400E+2	0.000000E+0
2.465055E+2	0.000000E+0
2.467710E+2	0.000000E+0
2.470365E+2	0.000000E+0
2.473020E+2	0.000000E+0
2.475675E+2	0.000000E+0
2.478330E+2	0.000000E+0
2.480984E+2	0.000000E+0
2.483639E+2	0.000000E+0
2.486294E+2	0.000000E+0
2.488948E+2	0.000000E+0
2.491602E+2	0.000000E+0
2.494257E+2	0.000000E+0
2.496911E+2	0.000000E+0
2.499565E+2	0.000000E+0
2.502219E+2	4.431582E+0
2.504873E+2	4.458904E+0
2.507527E+2	4.355079E+0
2.510181E+2	4.562729E+0
2.512835E+2	4.693877E+0
2.515489E+2	4.715735E+0
2.518142E+2	4.912456E+0
2.520796E+2	5.404259E+0
2.523449E+2	5.688412E+0
2.526103E+2	5.688412E+0
2.528756E+2	5.508085E+0
2.531409E+2	5.453440E+0
2.534063E+2	5.743057E+0
2.536716E+2	6.420653E+0
2.539369E+2	6.540872E+0
2.542022E+2	6.868740E+0
2.544675E+2	6.994423E+0
2.547328E+2	7.038139E+0
2.549980E+2	7.223932E+0
2.552633E+2	7.032675E+0
2.555286E+2	7.038139E+0
2.557938E+2	7.141964E+0
2.560591E+2	7.584587E+0
2.563243E+2	7.797702E+0
2.565896E+2	7.978030E+0
2.568548E+2	8.185680E+0
2.571200E+2	8.202074E+0
2.573852E+2	8.458904E+0
2.576504E+2	8.540872E+0
2.579156E+2	8.611910E+0
2.581808E+2	8.863276E+0
2.584460E+2	8.923385E+0
2.587112E+2	8.967101E+0
2.589763E+2	8.830489E+0
2.592415E+2	8.803167E+0
2.595067E+2	8.688412E+0
2.597718E+2	8.491691E+0
2.600369E+2	8.491691E+0
2.603021E+2	8.464369E+0
2.605672E+2	8.469833E+0
2.608323E+2	8.519014E+0
2.610974E+2	8.568194E+0
2.613625E+2	8.502620E+0
2.616276E+2	8.447975E+0
2.618927E+2	8.458904E+0
2.621578E+2	8.366008E+0
2.624229E+2	8.294970E+0
2.626880E+2	8.606445E+0
2.629530E+2	8.748522E+0
2.632181E+2	8.415188E+0
2.634831E+2	8.174751E+0
2.637482E+2	8.404259E+0
2.640132E+2	8.426117E+0
2.642782E+2	8.551800E+0
2.645432E+2	8.278576E+0
2.648082E+2	8.486227E+0
2.650732E+2	8.519014E+0
2.653382E+2	8.141964E+0
2.656032E+2	8.059997E+0
2.658682E+2	8.251254E+0
2.661332E+2	8.038139E+0
2.663981E+2	8.027210E+0
2.666631E+2	7.835953E+0
2.669281E+2	7.814096E+0
2.671930E+2	7.480762E+0
2.674579E+2	6.999888E+0
2.677229E+2	7.294970E+0
2.679878E+2	7.245790E+0
2.682527E+2	7.032675E+0
2.685176E+2	6.655626E+0
2.687825E+2	6.469833E+0
2.690474E+2	6.606445E+0
2.693123E+2	6.311363E+0
2.695772E+2	6.049068E+0
2.698420E+2	5.535407E+0
2.701069E+2	5.125571E+0
2.703718E+2	5.005352E+0
2.706366E+2	4.846882E+0
2.709014E+2	5.005352E+0
2.711663E+2	4.803167E+0
2.714311E+2	4.786773E+0
2.716959E+2	4.743057E+0
2.719607E+2	4.803167E+0
2.722255E+2	4.557265E+0
2.724903E+2	4.344150E+0
2.727551E+2	4.278576E+0
2.730199E+2	3.879669E+0
2.732847E+2	3.737593E+0
2.735495E+2	3.437046E+0
2.738142E+2	3.398795E+0
2.740790E+2	3.382402E+0
2.743437E+2	3.131035E+0
2.746085E+2	3.092784E+0
2.748732E+2	3.081855E+0
2.751379E+2	2.874205E+0
2.754026E+2	2.639232E+0
2.756674E+2	2.529943E+0
2.759321E+2	2.535407E+0
2.761968E+2	2.475298E+0
2.764614E+2	2.382402E+0
2.767261E+2	2.437046E+0
2.769908E+2	2.327757E+0
2.772555E+2	2.136500E+0
2.775201E+2	2.043604E+0
2.777848E+2	2.322292E+0
2.780494E+2	2.442511E+0
2.783141E+2	2.513549E+0
2.785787E+2	2.557265E+0
2.788433E+2	2.256719E+0
2.791079E+2	2.196609E+0
2.793725E+2	2.256719E+0
2.796371E+2	2.284041E+0
2.799017E+2	2.070926E+0
2.801663E+2	1.901527E+0
2.804309E+2	1.759451E+0
2.806955E+2	1.682948E+0
2.809600E+2	1.398795E+0
2.812246E+2	1.661090E+0
2.814891E+2	1.825025E+0
2.817537E+2	2.125571E+0
2.820182E+2	2.098249E+0
2.822827E+2	2.054533E+0
2.825473E+2	2.070926E+0
2.828118E+2	2.032675E+0
2.830763E+2	1.830489E+0
2.833408E+2	1.863276E+0
2.836053E+2	1.890598E+0
2.838697E+2	1.519014E+0
2.841342E+2	1.409724E+0
2.843987E+2	1.437046E+0
2.846632E+2	1.672019E+0
2.849276E+2	1.808631E+0
2.851921E+2	1.857811E+0
2.854565E+2	2.027210E+0
2.857209E+2	1.978030E+0
2.859853E+2	2.016281E+0
2.862498E+2	2.065462E+0
2.865142E+2	1.972566E+0
2.867786E+2	2.070926E+0
2.870430E+2	1.781309E+0
2.873074E+2	1.743057E+0
2.875717E+2	1.972566E+0
2.878361E+2	1.841418E+0
2.881005E+2	1.661090E+0
2.883648E+2	1.546336E+0
2.886292E+2	1.617374E+0
2.888935E+2	1.617374E+0
2.891579E+2	1.562729E+0
2.894222E+2	1.546336E+0
2.896865E+2	1.830489E+0
2.899508E+2	1.950708E+0
2.902151E+2	1.879669E+0
2.904794E+2	2.059997E+0
2.907437E+2	2.207538E+0
2.910080E+2	2.185680E+0
2.912723E+2	2.267647E+0
2.915366E+2	2.447975E+0
2.918008E+2	2.420653E+0
2.920651E+2	2.715735E+0
2.923293E+2	2.825025E+0
2.925936E+2	2.928850E+0
2.928578E+2	2.781309E+0
2.931220E+2	2.682948E+0
2.933863E+2	2.595516E+0
2.936505E+2	2.688412E+0
2.939147E+2	2.469833E+0
2.941789E+2	2.404259E+0
2.944431E+2	2.393331E+0
2.947072E+2	2.693877E+0
2.949714E+2	2.803167E+0
2.952356E+2	2.775844E+0
2.954997E+2	2.857811E+0
2.957639E+2	2.906992E+0
2.960280E+2	3.169287E+0
2.962922E+2	3.169287E+0
2.965563E+2	3.136500E+0
2.968204E+2	3.087320E+0
2.970845E+2	3.169287E+0
2.973486E+2	3.049068E+0
2.976127E+2	3.229396E+0
2.978768E+2	2.988959E+0
2.981409E+2	2.906992E+0
2.984050E+2	3.016281E+0
2.986691E+2	3.185680E+0
2.989331E+2	3.202074E+0
2.991972E+2	3.376937E+0
2.994612E+2	3.366008E+0
2.997253E+2	3.453440E+0
2.999893E+2	3.715735E+0
3.002534E+2	3.721199E+0
3.005174E+2	3.562729E+0
3.007814E+2	3.311363E+0
3.010454E+2	3.136500E+0
3.013094E+2	2.874205E+0
3.015734E+2	2.934314E+0
3.018374E+2	2.950708E+0
3.021013E+2	3.010817E+0
3.023653E+2	3.191145E+0
3.026293E+2	3.010817E+0
3.028932E+2	3.087320E+0
3.031572E+2	3.169287E+0
3.034211E+2	3.409724E+0
3.036850E+2	3.426117E+0
3.039489E+2	3.606445E+0
3.042129E+2	3.868740E+0
3.044768E+2	4.087320E+0
3.047407E+2	3.972566E+0
3.050046E+2	4.010817E+0
3.052685E+2	4.333221E+0
3.055323E+2	4.715735E+0
3.057962E+2	4.606445E+0
3.060601E+2	4.617374E+0
3.063239E+2	4.677484E+0
3.065878E+2	4.606445E+0
3.068516E+2	4.404259E+0
3.071155E+2	4.600981E+0
3.073793E+2	4.622839E+0
3.076431E+2	4.557265E+0
3.079069E+2	4.590052E+0
3.081707E+2	4.562729E+0
3.084345E+2	4.655626E+0
3.086983E+2	4.535407E+0
3.089621E+2	4.584587E+0
3.092259E+2	4.732128E+0
3.094896E+2	4.841418E+0
3.097534E+2	4.617374E+0
3.100171E+2	4.633768E+0
3.102809E+2	4.453440E+0
3.105446E+2	4.568194E+0
3.108084E+2	4.480762E+0
3.110721E+2	4.568194E+0
3.113358E+2	4.579123E+0
3.115995E+2	4.650161E+0
3.118632E+2	4.672019E+0
3.121269E+2	4.726664E+0
3.123906E+2	4.825025E+0
3.126543E+2	4.792238E+0
3.129179E+2	4.939779E+0
3.131816E+2	4.748522E+0
3.134453E+2	4.857811E+0
3.137089E+2	4.568194E+0
3.139725E+2	4.808631E+0
3.142362E+2	4.819560E+0
3.144998E+2	4.737593E+0
3.147634E+2	4.579123E+0
3.150270E+2	4.557265E+0
3.152906E+2	4.502620E+0
3.155542E+2	4.693877E+0
3.158178E+2	4.808631E+0
3.160814E+2	4.600981E+0
3.163450E+2	4.633768E+0
3.166086E+2	4.814096E+0
3.168721E+2	5.114642E+0
3.171357E+2	5.300434E+0
3.173992E+2	5.519014E+0
3.176627E+2	5.273112E+0
3.179263E+2	5.426117E+0
3.181898E+2	5.327757E+0
3.184533E+2	5.316828E+0
3.187168E+2	5.540872E+0
3.189803E+2	5.486227E+0
3.192438E+2	5.715735E+0
3.195073E+2	5.721199E+0
3.197708E+2	5.743057E+0
3.200342E+2	5.644697E+0
3.202977E+2	5.393331E+0
3.205612E+2	5.349615E+0
3.208246E+2	5.622839E+0
3.210881E+2	5.639232E+0
3.213515E+2	5.584587E+0
3.216149E+2	5.344150E+0
3.218783E+2	5.305899E+0
3.221417E+2	5.327757E+0
3.224051E+2	5.376937E+0
3.226685E+2	5.267647E+0
3.229319E+2	5.202074E+0
3.231953E+2	5.131035E+0
3.234587E+2	4.923385E+0
3.237221E+2	4.874205E+0
3.239854E+2	5.174751E+0
3.242488E+2	5.218467E+0
3.245121E+2	5.092784E+0
3.247754E+2	5.158358E+0
3.250388E+2	5.300434E+0
3.253021E+2	5.234861E+0
3.255654E+2	5.387866E+0
3.258287E+2	5.606445E+0
3.260920E+2	5.491691E+0
3.263553E+2	5.491691E+0
3.266186E+2	5.256719E+0
3.268819E+2	5.327757E+0
3.271451E+2	5.305899E+0
3.274084E+2	5.316828E+0
3.276717E+2	5.519014E+0
3.279349E+2	5.508085E+0
3.281981E+2	5.256719E+0
3.284614E+2	5.289505E+0
3.287246E+2	5.442511E+0
3.289878E+2	5.437046E+0
3.292510E+2	5.600981E+0
3.295142E+2	5.715735E+0
3.297774E+2	5.928850E+0
3.300406E+2	5.611910E+0
3.303038E+2	5.519014E+0
3.305670E+2	5.360544E+0
3.308301E+2	5.366008E+0
3.310933E+2	5.655626E+0
3.313564E+2	5.600981E+0
3.316196E+2	5.437046E+0
3.318827E+2	5.447975E+0
3.321458E+2	5.316828E+0
3.324089E+2	5.333221E+0
3.326721E+2	5.038139E+0
3.329352E+2	4.890598E+0
3.331983E+2	4.600981E+0
3.334614E+2	4.650161E+0
3.337244E+2	4.868740E+0
3.339875E+2	4.956172E+0
3.342506E+2	5.174751E+0
3.345136E+2	5.196609E+0
3.347767E+2	5.032675E+0
3.350397E+2	5.043604E+0
3.353028E+2	4.819560E+0
3.355658E+2	4.600981E+0
3.358288E+2	4.699341E+0
3.360918E+2	4.759451E+0
3.363548E+2	4.803167E+0
3.366178E+2	4.628303E+0
3.368808E+2	4.584587E+0
3.371438E+2	4.535407E+0
3.374068E+2	4.240325E+0
3.376698E+2	4.131035E+0
3.379327E+2	4.174751E+0
3.381957E+2	3.874205E+0
3.384586E+2	3.557265E+0
3.387216E+2	3.557265E+0
3.389845E+2	3.617374E+0
3.392474E+2	3.606445E+0
3.395103E+2	3.732128E+0
3.397733E+2	3.759451E+0
3.400362E+2	3.590052E+0
3.402990E+2	3.442511E+0
3.405619E+2	3.579123E+0
3.408248E+2	3.497156E+0
3.410877E+2	3.508085E+0
3.413506E+2	3.508085E+0
3.416134E+2	3.311363E+0
3.418763E+2	3.338686E+0
3.421391E+2	3.360544E+0
3.424019E+2	3.562729E+0
3.426648E+2	3.688412E+0
3.429276E+2	3.524478E+0
3.431904E+2	3.245790E+0
3.434532E+2	3.273112E+0
3.437160E+2	3.136500E+0
3.439788E+2	3.163822E+0
3.442416E+2	3.180216E+0
3.445043E+2	3.005352E+0
3.447671E+2	3.109178E+0
3.450299E+2	3.191145E+0
3.452926E+2	3.316828E+0
3.455554E+2	3.010817E+0
3.458181E+2	3.059997E+0
3.460808E+2	3.049068E+0
3.463436E+2	3.311363E+0
3.466063E+2	3.355079E+0
3.468690E+2	3.174751E+0
3.471317E+2	2.912456E+0
3.473944E+2	3.125571E+0
3.476570E+2	3.223932E+0
3.479197E+2	3.174751E+0
3.481824E+2	3.464369E+0
3.484451E+2	3.803167E+0
3.487077E+2	4.120106E+0
3.489704E+2	3.999888E+0
3.492330E+2	4.360544E+0
3.494956E+2	4.311363E+0
3.497582E+2	4.300434E+0
3.500209E+2	4.038139E+0
3.502835E+2	3.906992E+0
3.505461E+2	3.890598E+0
3.508087E+2	4.016281E+0
3.510713E+2	3.710270E+0
3.513338E+2	3.830489E+0
3.515964E+2	3.863276E+0
3.518590E+2	3.568194E+0
3.521215E+2	3.398795E+0
3.523841E+2	3.322292E+0
3.526466E+2	3.486227E+0
3.529091E+2	3.519014E+0
3.531717E+2	3.409724E+0
3.534342E+2	3.945243E+0
3.536967E+2	4.262183E+0
3.539592E+2	4.158358E+0
3.542217E+2	4.311363E+0
3.544842E+2	4.600981E+0
3.547467E+2	4.606445E+0
3.550091E+2	4.622839E+0
3.552716E+2	4.737593E+0
3.555341E+2	4.792238E+0
3.557965E+2	4.814096E+0
3.560590E+2	4.928850E+0
3.563214E+2	5.087320E+0
3.565838E+2	4.797702E+0
3.568462E+2	4.715735E+0
3.571086E+2	4.682948E+0
3.573711E+2	4.682948E+0
3.576335E+2	4.814096E+0
3.578958E+2	4.704806E+0
3.581582E+2	4.857811E+0
3.584206E+2	4.584587E+0
3.586830E+2	4.743057E+0
3.589453E+2	4.721199E+0
3.592077E+2	5.005352E+0
3.594700E+2	4.961637E+0
3.597324E+2	4.917921E+0
3.599947E+2	4.814096E+0
3.602570E+2	4.999888E+0
3.605193E+2	4.917921E+0
3.607816E+2	4.846882E+0
3.610439E+2	4.923385E+0
3.613062E+2	4.956172E+0
3.615685E+2	4.961637E+0
3.618308E+2	4.863276E+0
3.620930E+2	4.945243E+0
3.623553E+2	4.753986E+0
3.626176E+2	4.846882E+0
3.628798E+2	5.136500E+0
3.631420E+2	5.316828E+0
3.634043E+2	5.158358E+0
3.636665E+2	5.273112E+0
3.639287E+2	5.333221E+0
3.641909E+2	5.065462E+0
3.644531E+2	4.868740E+0
3.647153E+2	4.677484E+0
3.649775E+2	4.748522E+0
3.652397E+2	4.841418E+0
3.655018E+2	4.753986E+0
3.657640E+2	4.590052E+0
3.660262E+2	4.644697E+0
3.662883E+2	4.666555E+0
3.665505E+2	4.480762E+0
3.668126E+2	4.355079E+0
3.670747E+2	4.672019E+0
3.673368E+2	4.387866E+0
3.675989E+2	4.387866E+0
3.678610E+2	4.546336E+0
3.681231E+2	4.622839E+0
3.683852E+2	4.770380E+0
3.686473E+2	4.764915E+0
3.689094E+2	4.759451E+0
3.691714E+2	4.688412E+0
3.694335E+2	4.486227E+0
3.696955E+2	4.229396E+0
3.699576E+2	4.344150E+0
3.702196E+2	4.076391E+0
3.704816E+2	3.961637E+0
3.707437E+2	3.868740E+0
3.710057E+2	3.978030E+0
3.712677E+2	3.699341E+0
3.715297E+2	3.480762E+0
3.717917E+2	3.611910E+0
3.720536E+2	3.491691E+0
3.723156E+2	3.453440E+0
3.725776E+2	3.819560E+0
3.728395E+2	4.098249E+0
3.731015E+2	4.109178E+0
3.733634E+2	4.229396E+0
3.736254E+2	4.273112E+0
3.738873E+2	4.207538E+0
3.741492E+2	4.043604E+0
3.744111E+2	4.398795E+0
3.746730E+2	4.426117E+0
3.749349E+2	4.562729E+0
3.751968E+2	4.245790E+0
3.754587E+2	3.950708E+0
3.757206E+2	3.857811E+0
3.759824E+2	3.622839E+0
3.762443E+2	3.546336E+0
3.765061E+2	3.606445E+0
3.767680E+2	3.666555E+0
3.770298E+2	3.426117E+0
3.772916E+2	3.223932E+0
3.775535E+2	3.092784E+0
3.778153E+2	3.180216E+0
3.780771E+2	3.185680E+0
3.783389E+2	3.366008E+0
3.786007E+2	3.333221E+0
3.788624E+2	3.300434E+0
3.791242E+2	3.278576E+0
3.793860E+2	3.458904E+0
3.796477E+2	3.229396E+0
3.799095E+2	2.961637E+0
3.801712E+2	3.196609E+0
3.804330E+2	3.223932E+0
3.806947E+2	3.404259E+0
3.809564E+2	3.699341E+0
3.812181E+2	3.584587E+0
3.814798E+2	3.529943E+0
3.817415E+2	3.786773E+0
3.820032E+2	3.967101E+0
3.822649E+2	3.967101E+0
3.825266E+2	4.027210E+0
3.827883E+2	4.174751E+0
3.830499E+2	4.049068E+0
3.833116E+2	4.196609E+0
3.835732E+2	4.300434E+0
3.838348E+2	4.311363E+0
3.840965E+2	4.513549E+0
3.843581E+2	4.781309E+0
3.846197E+2	4.644697E+0
3.848813E+2	4.622839E+0
3.851429E+2	4.743057E+0
3.854045E+2	4.655626E+0
3.856661E+2	4.682948E+0
3.859277E+2	4.841418E+0
3.861892E+2	5.027210E+0
3.864508E+2	4.934314E+0
3.867124E+2	4.945243E+0
3.869739E+2	4.846882E+0
3.872354E+2	5.223932E+0
3.874970E+2	5.655626E+0
3.877585E+2	5.732128E+0
3.880200E+2	5.770380E+0
3.882815E+2	5.885134E+0
3.885430E+2	5.781309E+0
3.888045E+2	5.732128E+0
3.890660E+2	5.825025E+0
3.893275E+2	5.699341E+0
3.895889E+2	5.825025E+0
3.898504E+2	6.005352E+0
3.901118E+2	6.338686E+0
3.903733E+2	6.234861E+0
3.906347E+2	6.059997E+0
3.908962E+2	5.868740E+0
3.911576E+2	6.333221E+0
3.914190E+2	6.655626E+0
3.916804E+2	6.737593E+0
3.919418E+2	7.059997E+0
3.922032E+2	6.868740E+0
3.924646E+2	6.786773E+0
3.927260E+2	6.677484E+0
3.929873E+2	6.699341E+0
3.932487E+2	6.710270E+0
3.935100E+2	6.611910E+0
3.937714E+2	6.600981E+0
3.940327E+2	6.606445E+0
3.942941E+2	6.508085E+0
3.945554E+2	6.475298E+0
3.948167E+2	6.420653E+0
3.950780E+2	6.338686E+0
3.953393E+2	6.338686E+0
3.956006E+2	6.458904E+0
3.958619E+2	6.655626E+0
3.961232E+2	6.540872E+0
3.963844E+2	6.398795E+0
3.966457E+2	6.322292E+0
3.969069E+2	6.081855E+0
3.971682E+2	6.174751E+0
3.974294E+2	6.376937E+0
3.976907E+2	6.355079E+0
3.979519E+2	6.098249E+0
3.982131E+2	6.202074E+0
3.984743E+2	6.284041E+0
3.987355E+2	6.360544E+0
3.989967E+2	6.294970E+0
3.992579E+2	6.147429E+0
3.995191E+2	6.027210E+0
3.997802E+2	6.103713E+0
4.000414E+2	5.988959E+0
4.003025E+2	5.753986E+0
4.005637E+2	5.781309E+0
4.008248E+2	5.759451E+0
4.010860E+2	6.076391E+0
4.013471E+2	6.213003E+0
4.016082E+2	5.994423E+0
4.018693E+2	5.639232E+0
4.021304E+2	5.934314E+0
4.023915E+2	6.054533E+0
4.026526E+2	6.349615E+0
4.029137E+2	6.213003E+0
4.031747E+2	6.120106E+0
4.034358E+2	5.743057E+0
4.036968E+2	5.551800E+0
4.039579E+2	5.617374E+0
4.042189E+2	5.600981E+0
4.044800E+2	5.398795E+0
4.047410E+2	5.207538E+0
4.050020E+2	5.136500E+0
4.052630E+2	4.994423E+0
4.055240E+2	4.835953E+0
4.057850E+2	4.803167E+0
4.060460E+2	4.704806E+0
4.063070E+2	4.693877E+0
4.065679E+2	4.792238E+0
4.068289E+2	4.846882E+0
4.070898E+2	4.633768E+0
4.073508E+2	4.262183E+0
4.076117E+2	4.141964E+0
4.078727E+2	4.147429E+0
4.081336E+2	4.475298E+0
4.083945E+2	4.737593E+0
4.086554E+2	4.945243E+0
4.089163E+2	5.010817E+0
4.091772E+2	5.021746E+0
4.094381E+2	5.360544E+0
4.096990E+2	5.464369E+0
4.099598E+2	5.797702E+0
4.102207E+2	5.759451E+0
4.104815E+2	5.983494E+0
4.107424E+2	5.988959E+0
4.110032E+2	5.726664E+0
4.112640E+2	5.480762E+0
4.115249E+2	5.502620E+0
4.117857E+2	5.633768E+0
4.120465E+2	5.513549E+0
4.123073E+2	5.579123E+0
4.125681E+2	5.819560E+0
4.128289E+2	6.010817E+0
4.130896E+2	5.939779E+0
4.133504E+2	5.786773E+0
4.136112E+2	5.797702E+0
4.138719E+2	5.983494E+0
4.141327E+2	6.131035E+0
4.143934E+2	6.333221E+0
4.146541E+2	6.546336E+0
4.149149E+2	6.611910E+0
4.151756E+2	6.879669E+0
4.154363E+2	6.846882E+0
4.156970E+2	6.775844E+0
4.159577E+2	6.939779E+0
4.162184E+2	6.786773E+0
4.164790E+2	6.852347E+0
4.167397E+2	6.699341E+0
4.170004E+2	6.366008E+0
4.172610E+2	6.278576E+0
4.175217E+2	6.666555E+0
4.177823E+2	6.775844E+0
4.180429E+2	6.743057E+0
4.183035E+2	6.879669E+0
4.185642E+2	6.590052E+0
4.188248E+2	6.786773E+0
4.190854E+2	6.573658E+0
4.193459E+2	6.748522E+0
4.196065E+2	6.934314E+0
4.198671E+2	6.546336E+0
4.201277E+2	6.294970E+0
4.203882E+2	6.426117E+0
4.206488E+2	6.529943E+0
4.209093E+2	6.469833E+0
4.211699E+2	6.480762E+0
4.214304E+2	6.491691E+0
4.216909E+2	6.743057E+0
4.219514E+2	6.579123E+0
4.222119E+2	6.437046E+0
4.224724E+2	6.431582E+0
4.227329E+2	6.366008E+0
4.229934E+2	6.229396E+0
4.232539E+2	6.753986E+0
4.235143E+2	7.027210E+0
4.237748E+2	6.912456E+0
4.240352E+2	6.770380E+0
4.242957E+2	6.743057E+0
4.245561E+2	6.540872E+0
4.248166E+2	6.655626E+0
4.250770E+2	6.611910E+0
4.253374E+2	6.387866E+0
4.255978E+2	6.316828E+0
4.258582E+2	6.131035E+0
4.261186E+2	6.202074E+0
4.263790E+2	6.147429E+0
4.266393E+2	6.202074E+0
4.268997E+2	6.573658E+0
4.271600E+2	6.781309E+0
4.274204E+2	6.792238E+0
4.276807E+2	6.803167E+0
4.279411E+2	6.999888E+0
4.282014E+2	7.098249E+0
4.284617E+2	6.852347E+0
4.287220E+2	6.753986E+0
4.289823E+2	6.475298E+0
4.292426E+2	6.464369E+0
4.295029E+2	6.213003E+0
4.297632E+2	6.229396E+0
4.300235E+2	5.956172E+0
4.302837E+2	5.622839E+0
4.305440E+2	5.355079E+0
4.308042E+2	5.393331E+0
4.310645E+2	5.382402E+0
4.313247E+2	5.672019E+0
4.315849E+2	5.814096E+0
4.318451E+2	5.748522E+0
4.321054E+2	6.005352E+0
4.323656E+2	6.016281E+0
4.326258E+2	6.284041E+0
4.328859E+2	6.136500E+0
4.331461E+2	5.896063E+0
4.334063E+2	5.710270E+0
4.336665E+2	5.846882E+0
4.339266E+2	5.901527E+0
4.341868E+2	5.732128E+0
4.344469E+2	5.825025E+0
4.347070E+2	5.781309E+0
4.349671E+2	5.896063E+0
4.352273E+2	6.131035E+0
4.354874E+2	6.076391E+0
4.357475E+2	6.426117E+0
4.360076E+2	6.535407E+0
4.362677E+2	6.803167E+0
4.365277E+2	6.770380E+0
4.367878E+2	7.016281E+0
4.370479E+2	7.349615E+0
4.373079E+2	7.519014E+0
4.375680E+2	7.502620E+0
4.378280E+2	7.781309E+0
4.380880E+2	8.016281E+0
4.383480E+2	8.016281E+0
4.386081E+2	8.185680E+0
4.388681E+2	8.502620E+0
4.391281E+2	8.322292E+0
4.393881E+2	8.169287E+0
4.396480E+2	8.366008E+0
4.399080E+2	8.333221E+0
4.401680E+2	8.202074E+0
4.404279E+2	8.415188E+0
4.406879E+2	8.546336E+0
4.409478E+2	8.682948E+0
4.412078E+2	8.934314E+0
4.414677E+2	9.065462E+0
4.417276E+2	9.010817E+0
4.419875E+2	9.387866E+0
4.422474E+2	9.437046E+0
4.425073E+2	9.606445E+0
4.427672E+2	9.759451E+0
4.430271E+2	9.819560E+0
4.432870E+2	9.857811E+0
4.435469E+2	9.852347E+0
4.438067E+2	9.917921E+0
4.440666E+2	9.939779E+0
4.443264E+2	9.999888E+0
4.445862E+2	1.012557E+1
4.448461E+2	1.027858E+1
4.451059E+2	1.068841E+1
4.453657E+2	1.127858E+1
4.456255E+2	1.141519E+1
4.458853E+2	1.174306E+1
4.461451E+2	1.218022E+1
4.464049E+2	1.225672E+1
4.466646E+2	1.246437E+1
4.469244E+2	1.260098E+1
4.471842E+2	1.264470E+1
4.474439E+2	1.268841E+1
4.477036E+2	1.284142E+1
4.479634E+2	1.286328E+1
4.482231E+2	1.297257E+1
4.484828E+2	1.308186E+1
4.487425E+2	1.342065E+1
4.490022E+2	1.396164E+1
4.492619E+2	1.424033E+1
4.495216E+2	1.436601E+1
4.497813E+2	1.417475E+1
4.500410E+2	1.414743E+1
4.503006E+2	1.427858E+1
4.505603E+2	1.451355E+1
4.508199E+2	1.485781E+1
4.510796E+2	1.487967E+1
4.513392E+2	1.488513E+1
4.515988E+2	1.501082E+1
4.518584E+2	1.547530E+1
4.521180E+2	1.556819E+1
4.523776E+2	1.578131E+1
4.526372E+2	1.577584E+1
4.528968E+2	1.573759E+1
4.531564E+2	1.578131E+1
4.534160E+2	1.596164E+1
4.536755E+2	1.609825E+1
4.539351E+2	1.626765E+1
4.541946E+2	1.646437E+1
4.544541E+2	1.665016E+1
4.547137E+2	1.666109E+1
4.549732E+2	1.704360E+1
4.552327E+2	1.727858E+1
4.554922E+2	1.716929E+1
4.557517E+2	1.728951E+1
4.560112E+2	1.768295E+1
4.562707E+2	1.768841E+1
4.565302E+2	1.761191E+1
4.567896E+2	1.788513E+1
4.570491E+2	1.812557E+1
4.573085E+2	1.828951E+1
4.575680E+2	1.848076E+1
4.578274E+2	1.822940E+1
4.580868E+2	1.828951E+1
4.583463E+2	1.851901E+1
4.586057E+2	1.881956E+1
4.588651E+2	1.936601E+1
4.591245E+2	1.940426E+1
4.593838E+2	1.961191E+1
4.596432E+2	1.990699E+1
4.599026E+2	2.039333E+1
4.601620E+2	2.071027E+1
4.604213E+2	2.092339E+1
4.606807E+2	2.115836E+1
4.609400E+2	2.125125E+1
4.611993E+2	2.107093E+1
4.614587E+2	2.101628E+1
4.617180E+2	2.096164E+1
4.619773E+2	2.098349E+1
4.622366E+2	2.119661E+1
4.624959E+2	2.165016E+1
4.627552E+2	2.194524E+1
4.630144E+2	2.201082E+1
4.632737E+2	2.181410E+1
4.635330E+2	2.196164E+1
4.637922E+2	2.220207E+1
4.640515E+2	2.249716E+1
4.643107E+2	2.266109E+1
4.645699E+2	2.299442E+1
4.648292E+2	2.309825E+1
4.650884E+2	2.321847E+1
4.653476E+2	2.354087E+1
4.656068E+2	2.401082E+1
4.658660E+2	2.447530E+1
4.661251E+2	2.504360E+1
4.663843E+2	2.521300E+1
4.666435E+2	2.520207E+1
4.669026E+2	2.550262E+1
4.671618E+2	2.593978E+1
4.674209E+2	2.628404E+1
4.676801E+2	2.635508E+1
4.679392E+2	2.640972E+1
4.681983E+2	2.665563E+1
4.684574E+2	2.686328E+1
4.687165E+2	2.728951E+1
4.689756E+2	2.745890E+1
4.692347E+2	2.744251E+1
4.694938E+2	2.748076E+1
4.697529E+2	2.740972E+1
4.700119E+2	2.764470E+1
4.702710E+2	2.773759E+1
4.705300E+2	2.810918E+1
4.707891E+2	2.814743E+1
4.710481E+2	2.828951E+1
4.713071E+2	2.904360E+1
4.715661E+2	2.972120E+1
4.718252E+2	3.009278E+1
4.720842E+2	3.046983E+1
4.723431E+2	3.084688E+1
4.726021E+2	3.124033E+1
4.728611E+2	3.137147E+1
4.731201E+2	3.161191E+1
4.733790E+2	3.205453E+1
4.736380E+2	3.256273E+1
4.738969E+2	3.302175E+1
4.741559E+2	3.316929E+1
4.744148E+2	3.343705E+1
4.746737E+2	3.355726E+1
4.749326E+2	3.409278E+1
4.751915E+2	3.444798E+1
4.754504E+2	3.489060E+1
4.757093E+2	3.504907E+1
4.759682E+2	3.551355E+1
4.762271E+2	3.594524E+1
4.764859E+2	3.635508E+1
4.767448E+2	3.687420E+1
4.770037E+2	3.720754E+1
4.772625E+2	3.776492E+1
4.775213E+2	3.811464E+1
4.777802E+2	3.849169E+1
4.780390E+2	3.894524E+1
4.782978E+2	3.898349E+1
4.785566E+2	3.932776E+1
4.788154E+2	3.998349E+1
4.790742E+2	4.065016E+1
4.793329E+2	4.113104E+1
4.795917E+2	4.161191E+1
4.798505E+2	4.189606E+1
4.801092E+2	4.207639E+1
4.803680E+2	4.225125E+1
4.806267E+2	4.278677E+1
4.808854E+2	4.321847E+1
4.811442E+2	4.343705E+1
4.814029E+2	4.388513E+1
4.816616E+2	4.464470E+1
4.819203E+2	4.495071E+1
4.821790E+2	4.564470E+1
4.824377E+2	4.618022E+1
4.826963E+2	4.674306E+1
4.829550E+2	4.705453E+1
4.832137E+2	4.751355E+1
4.834723E+2	4.794524E+1
4.837310E+2	4.874306E+1
4.839896E+2	4.957912E+1
4.842482E+2	5.031136E+1
4.845068E+2	5.083595E+1
4.847655E+2	5.173213E+1
4.850241E+2	5.234961E+1
4.852827E+2	5.301628E+1
4.855412E+2	5.390153E+1
4.857998E+2	5.462830E+1
4.860584E+2	5.540972E+1
4.863170E+2	5.620207E+1
4.865755E+2	5.719114E+1
4.868341E+2	5.807093E+1
4.870926E+2	5.863923E+1
4.873511E+2	5.922940E+1
4.876097E+2	6.004907E+1
4.878682E+2	6.097803E+1
4.881267E+2	6.195071E+1
4.883852E+2	6.284142E+1
4.886437E+2	6.387420E+1
4.889022E+2	6.460645E+1
4.891606E+2	6.534415E+1
4.894191E+2	6.618568E+1
4.896776E+2	6.742612E+1
4.899360E+2	6.877584E+1
4.901945E+2	6.959552E+1
4.904529E+2	7.038787E+1
4.907113E+2	7.125672E+1
4.909697E+2	7.232776E+1
4.912282E+2	7.336601E+1
4.914866E+2	7.433869E+1
4.917450E+2	7.520754E+1
4.920034E+2	7.620207E+1
4.922617E+2	7.715836E+1
4.925201E+2	7.805453E+1
4.927785E+2	7.938787E+1
4.930368E+2	8.041519E+1
4.932952E+2	8.190699E+1
4.935535E+2	8.324033E+1
4.938118E+2	8.448076E+1
4.940702E+2	8.595071E+1
4.943285E+2	8.727311E+1
4.945868E+2	8.837694E+1
4.948451E+2	8.987420E+1
4.951034E+2	9.118568E+1
4.953617E+2	9.253541E+1
4.956200E+2	9.393431E+1
4.958782E+2	9.566109E+1
4.961365E+2	9.732776E+1
4.963947E+2	9.869388E+1
4.966530E+2	1.002840E+2
4.969112E+2	1.019835E+2
4.971694E+2	1.034644E+2
4.974277E+2	1.046283E+2
4.976859E+2	1.061857E+2
4.979441E+2	1.078141E+2
4.982023E+2	1.095901E+2
4.984605E+2	1.111146E+2
4.987187E+2	1.130655E+2
4.989768E+2	1.143332E+2
4.992350E+2	1.159398E+2
4.994931E+2	1.173933E+2
4.997513E+2	1.188687E+2
5.000094E+2	1.204917E+2
5.002676E+2	1.222294E+2
5.005257E+2	1.238305E+2
5.007838E+2	1.255518E+2
5.010419E+2	1.274917E+2
5.013000E+2	1.295081E+2
5.015581E+2	1.313933E+2
5.018162E+2	1.336228E+2
5.020743E+2	1.354644E+2
5.023323E+2	1.375737E+2
5.025904E+2	1.395463E+2
5.028485E+2	1.413769E+2
5.031065E+2	1.433933E+2
5.033645E+2	1.451365E+2
5.036226E+2	1.468141E+2
5.038806E+2	1.486556E+2
5.041386E+2	1.505791E+2
5.043966E+2	1.528250E+2
5.046546E+2	1.550928E+2
5.049126E+2	1.575463E+2
5.051706E+2	1.600928E+2
5.054285E+2	1.623059E+2
5.056865E+2	1.641857E+2
5.059445E+2	1.666119E+2
5.062024E+2	1.691474E+2
5.064604E+2	1.717977E+2
5.067183E+2	1.739780E+2
5.069762E+2	1.764808E+2
5.072341E+2	1.786611E+2
5.074920E+2	1.812075E+2
5.077499E+2	1.838086E+2
5.080078E+2	1.868360E+2
5.082657E+2	1.894862E+2
5.085236E+2	1.921146E+2
5.087815E+2	1.950436E+2
5.090393E+2	1.976119E+2
5.092972E+2	2.002294E+2
5.095550E+2	2.031037E+2
5.098129E+2	2.056775E+2
5.100707E+2	2.085409E+2
5.103285E+2	2.113879E+2
5.105863E+2	2.143605E+2
5.108441E+2	2.174261E+2
5.111019E+2	2.204316E+2
5.113597E+2	2.236064E+2
5.116175E+2	2.266228E+2
5.118753E+2	2.296174E+2
5.121330E+2	2.325299E+2
5.123908E+2	2.357431E+2
5.126485E+2	2.389671E+2
5.129063E+2	2.424097E+2
5.131640E+2	2.460381E+2
5.134217E+2	2.491748E+2
5.136794E+2	2.524370E+2
5.139371E+2	2.557922E+2
5.141948E+2	2.596064E+2
5.144525E+2	2.631037E+2
5.147102E+2	2.670600E+2
5.149679E+2	2.707977E+2
5.152256E+2	2.743879E+2
5.154832E+2	2.781310E+2
5.157409E+2	2.821911E+2
5.159985E+2	2.860928E+2
5.162562E+2	2.897485E+2
5.165138E+2	2.938360E+2
5.167714E+2	2.975901E+2
5.170290E+2	3.017376E+2
5.172866E+2	3.060709E+2
5.175442E+2	3.098414E+2
5.178018E+2	3.136556E+2
5.180594E+2	3.174207E+2
5.183170E+2	3.215135E+2
5.185745E+2	3.258250E+2
5.188321E+2	3.298797E+2
5.190896E+2	3.343879E+2
5.193472E+2	3.391037E+2
5.196047E+2	3.436338E+2
5.198622E+2	3.481365E+2
5.201197E+2	3.525081E+2
5.203772E+2	3.572622E+2
5.206347E+2	3.620655E+2
5.208922E+2	3.663496E+2
5.211497E+2	3.709234E+2
5.214072E+2	3.757048E+2
5.216646E+2	3.805409E+2
5.219221E+2	3.854589E+2
5.221795E+2	3.903879E+2
5.224370E+2	3.956939E+2
5.226944E+2	4.006064E+2
5.229519E+2	4.058851E+2
5.232093E+2	4.112239E+2
5.234667E+2	4.163551E+2
5.237241E+2	4.216829E+2
5.239815E+2	4.273879E+2
5.242389E+2	4.325737E+2
5.244962E+2	4.379234E+2
5.247536E+2	4.434862E+2
5.250110E+2	4.491092E+2
5.252683E+2	4.545245E+2
5.255257E+2	4.602239E+2
5.257830E+2	4.660163E+2
5.260403E+2	4.719671E+2
5.262977E+2	4.776502E+2
5.265550E+2	4.836283E+2
5.268123E+2	4.893442E+2
5.270696E+2	4.953769E+2
5.273269E+2	5.018414E+2
5.275841E+2	5.081693E+2
5.278414E+2	5.147431E+2
5.280987E+2	5.206283E+2
5.283559E+2	5.268250E+2
5.286132E+2	5.330600E+2
5.288704E+2	5.394753E+2
5.291276E+2	5.464207E+2
5.293849E+2	5.529507E+2
5.296421E+2	5.593496E+2
5.298993E+2	5.658360E+2
5.301565E+2	5.725737E+2
5.304137E+2	5.793879E+2
5.306709E+2	5.864152E+2
5.309280E+2	5.934534E+2
5.311852E+2	6.004097E+2
5.314424E+2	6.072786E+2
5.316995E+2	6.147704E+2
5.319567E+2	6.222513E+2
5.322138E+2	6.295682E+2
5.324709E+2	6.371857E+2
5.327280E+2	6.447157E+2
5.329852E+2	6.523332E+2
5.332423E+2	6.603332E+2
5.334994E+2	6.683824E+2
5.337564E+2	6.762349E+2
5.340135E+2	6.841474E+2
5.342706E+2	6.924370E+2
5.345276E+2	7.005955E+2
5.347847E+2	7.091420E+2
5.350417E+2	7.169562E+2
5.352988E+2	7.255245E+2
5.355558E+2	7.342239E+2
5.358128E+2	7.430436E+2
5.360698E+2	7.511365E+2
5.363269E+2	7.593059E+2
5.365839E+2	7.684207E+2
5.368408E+2	7.774316E+2
5.370978E+2	7.865791E+2
5.373548E+2	7.957922E+2
5.376118E+2	8.049398E+2
5.378687E+2	8.142622E+2
5.381257E+2	8.237813E+2
5.383826E+2	8.333278E+2
5.386395E+2	8.430327E+2
5.388965E+2	8.526064E+2
5.391534E+2	8.622239E+2
5.394103E+2	8.722130E+2
5.396672E+2	8.823387E+2
5.399241E+2	8.926174E+2
5.401810E+2	9.026939E+2
5.404378E+2	9.129944E+2
5.406947E+2	9.234808E+2
5.409516E+2	9.340819E+2
5.412084E+2	9.449452E+2
5.414653E+2	9.555955E+2
5.417221E+2	9.662895E+2
5.419789E+2	9.773988E+2
5.422357E+2	9.878086E+2
5.424925E+2	9.989343E+2
5.427493E+2	1.010295E+3
5.430061E+2	1.021541E+3
5.432629E+2	1.033186E+3
5.435197E+2	1.044716E+3
5.437765E+2	1.056776E+3
5.440332E+2	1.068585E+3
5.442900E+2	1.080142E+3
5.445467E+2	1.091738E+3
5.448035E+2	1.103585E+3
5.450602E+2	1.115989E+3
5.453169E+2	1.128486E+3
5.455736E+2	1.140339E+3
5.458303E+2	1.152918E+3
5.460870E+2	1.165727E+3
5.463437E+2	1.178432E+3
5.466004E+2	1.191371E+3
5.468571E+2	1.203869E+3
5.471137E+2	1.216426E+3
5.473704E+2	1.229098E+3
5.476270E+2	1.242688E+3
5.478837E+2	1.255830E+3
5.481403E+2	1.269257E+3
5.483969E+2	1.282421E+3
5.486535E+2	1.295393E+3
5.489101E+2	1.309333E+3
5.491667E+2	1.323448E+3
5.494233E+2	1.337492E+3
5.496799E+2	1.351475E+3
5.499365E+2	1.365590E+3
5.501931E+2	1.380093E+3
5.504496E+2	1.394104E+3
5.507062E+2	1.409240E+3
5.509627E+2	1.423803E+3
5.512192E+2	1.438820E+3
5.514758E+2	1.453983E+3
5.517323E+2	1.469612E+3
5.519888E+2	1.485076E+3
5.522453E+2	1.500284E+3
5.525018E+2	1.515268E+3
5.527583E+2	1.530410E+3
5.530147E+2	1.546120E+3
5.532712E+2	1.562093E+3
5.535277E+2	1.577639E+3
5.537841E+2	1.593546E+3
5.540406E+2	1.609191E+3
5.542970E+2	1.625634E+3
5.545534E+2	1.642656E+3
5.548098E+2	1.659443E+3
5.550663E+2	1.675557E+3
5.553227E+2	1.692344E+3
5.555791E+2	1.709415E+3
5.558354E+2	1.727147E+3
5.560918E+2	1.744546E+3
5.563482E+2	1.762448E+3
5.566046E+2	1.780721E+3
5.568609E+2	1.798197E+3
5.571173E+2	1.815606E+3
5.573736E+2	1.833617E+3
5.576299E+2	1.851787E+3
5.578862E+2	1.870448E+3
5.581426E+2	1.888907E+3
5.583989E+2	1.907552E+3
5.586552E+2	1.926563E+3
5.589114E+2	1.945371E+3
5.591677E+2	1.964869E+3
5.594240E+2	1.984885E+3
5.596803E+2	2.004596E+3
5.599365E+2	2.025005E+3
5.601928E+2	2.045677E+3
5.604490E+2	2.065672E+3
5.607052E+2	2.086060E+3
5.609614E+2	2.106590E+3
5.612177E+2	2.128044E+3
5.614739E+2	2.148410E+3
5.617301E+2	2.169169E+3
5.619863E+2	2.190109E+3
5.622424E+2	2.211656E+3
5.624986E+2	2.233503E+3
5.627548E+2	2.255754E+3
5.630109E+2	2.277743E+3
5.632671E+2	2.299710E+3
5.635232E+2	2.322421E+3
5.637794E+2	2.345410E+3
5.640355E+2	2.368579E+3
5.642916E+2	2.392011E+3
5.645477E+2	2.414710E+3
5.648038E+2	2.437727E+3
5.650599E+2	2.461120E+3
5.653160E+2	2.485016E+3
5.655721E+2	2.508333E+3
5.658281E+2	2.532164E+3
5.660842E+2	2.556852E+3
5.663402E+2	2.581448E+3
5.665963E+2	2.605787E+3
5.668523E+2	2.630519E+3
5.671083E+2	2.655191E+3
5.673644E+2	2.681251E+3
5.676204E+2	2.706563E+3
5.678764E+2	2.732563E+3
5.681324E+2	2.759727E+3
5.683883E+2	2.786738E+3
5.686443E+2	2.813869E+3
5.689003E+2	2.841033E+3
5.691562E+2	2.868688E+3
5.694122E+2	2.896382E+3
5.696681E+2	2.924355E+3
5.699241E+2	2.952306E+3
5.701800E+2	2.979508E+3
5.704359E+2	3.007852E+3
5.706918E+2	3.036650E+3
5.709477E+2	3.064956E+3
5.712036E+2	3.093339E+3
5.714595E+2	3.122005E+3
5.717154E+2	3.151279E+3
5.719713E+2	3.179978E+3
5.722271E+2	3.209027E+3
5.724830E+2	3.239082E+3
5.727388E+2	3.269492E+3
5.729947E+2	3.299557E+3
5.732505E+2	3.330410E+3
5.735063E+2	3.360912E+3
5.737621E+2	3.392852E+3
5.740179E+2	3.423874E+3
5.742737E+2	3.455694E+3
5.745295E+2	3.487344E+3
5.747853E+2	3.518557E+3
5.750411E+2	3.549612E+3
5.752968E+2	3.581836E+3
5.755526E+2	3.614000E+3
5.758083E+2	3.645803E+3
5.760641E+2	3.679377E+3
5.763198E+2	3.712989E+3
5.765755E+2	3.746934E+3
5.768312E+2	3.780448E+3
5.770869E+2	3.814339E+3
5.773426E+2	3.848093E+3
5.775983E+2	3.882639E+3
5.778540E+2	3.916896E+3
5.781097E+2	3.952322E+3
5.783653E+2	3.987322E+3
5.786210E+2	4.023830E+3
5.788766E+2	4.059393E+3
5.791323E+2	4.094699E+3
5.793879E+2	4.130361E+3
5.796435E+2	4.165601E+3
5.798991E+2	4.201634E+3
5.801547E+2	4.238503E+3
5.804103E+2	4.275645E+3
5.806659E+2	4.312421E+3
5.809215E+2	4.349459E+3
5.811771E+2	4.387432E+3
5.814327E+2	4.424749E+3
5.816882E+2	4.461749E+3
5.819438E+2	4.499656E+3
5.821993E+2	4.537825E+3
5.824548E+2	4.575415E+3
5.827104E+2	4.613524E+3
5.829659E+2	4.651016E+3
5.832214E+2	4.688940E+3
5.834769E+2	4.727623E+3
5.837324E+2	4.765388E+3
5.839878E+2	4.804126E+3
5.842433E+2	4.842749E+3
5.844988E+2	4.881601E+3
5.847542E+2	4.919956E+3
5.850097E+2	4.958683E+3
5.852651E+2	4.999098E+3
5.855206E+2	5.038306E+3
5.857760E+2	5.078645E+3
5.860314E+2	5.118229E+3
5.862868E+2	5.157710E+3
5.865422E+2	5.197486E+3
5.867976E+2	5.239098E+3
5.870530E+2	5.280339E+3
5.873084E+2	5.321306E+3
5.875637E+2	5.362273E+3
5.878191E+2	5.403224E+3
5.880744E+2	5.444623E+3
5.883298E+2	5.487869E+3
5.885851E+2	5.530541E+3
5.888404E+2	5.572377E+3
5.890958E+2	5.615443E+3
5.893511E+2	5.657371E+3
5.896064E+2	5.700126E+3
5.898617E+2	5.741918E+3
5.901169E+2	5.784880E+3
5.903722E+2	5.827087E+3
5.906275E+2	5.871016E+3
5.908827E+2	5.914552E+3
5.911380E+2	5.958055E+3
5.913932E+2	6.001978E+3
5.916485E+2	6.045175E+3
5.919037E+2	6.089481E+3
5.921589E+2	6.133279E+3
5.924141E+2	6.178459E+3
5.926693E+2	6.223235E+3
5.929245E+2	6.268328E+3
5.931797E+2	6.313617E+3
5.934349E+2	6.358656E+3
5.936900E+2	6.403388E+3
5.939452E+2	6.448574E+3
5.942004E+2	6.492787E+3
5.944555E+2	6.538404E+3
5.947106E+2	6.584175E+3
5.949658E+2	6.629606E+3
5.952209E+2	6.678393E+3
5.954760E+2	6.725361E+3
5.957311E+2	6.771175E+3
5.959862E+2	6.817448E+3
5.962413E+2	6.865005E+3
5.964963E+2	6.912022E+3
5.967514E+2	6.960060E+3
5.970065E+2	7.009044E+3
5.972615E+2	7.059109E+3
5.975166E+2	7.106951E+3
5.977716E+2	7.155464E+3
5.980266E+2	7.205497E+3
5.982816E+2	7.255202E+3
5.985367E+2	7.304568E+3
5.987917E+2	7.354967E+3
5.990467E+2	7.404197E+3
5.993016E+2	7.455060E+3
5.995566E+2	7.505667E+3
5.998116E+2	7.555978E+3
6.000665E+2	7.606694E+3
6.003215E+2	7.656508E+3
6.005764E+2	7.707563E+3
6.008314E+2	7.757672E+3
6.010863E+2	7.810027E+3
6.013412E+2	7.860858E+3
6.015961E+2	7.912727E+3
6.018510E+2	7.965836E+3
6.021059E+2	8.019022E+3
6.023608E+2	8.070251E+3
6.026157E+2	8.121421E+3
6.028706E+2	8.173000E+3
6.031254E+2	8.225186E+3
6.033803E+2	8.276415E+3
6.036351E+2	8.327579E+3
6.038900E+2	8.377830E+3
6.041448E+2	8.429912E+3
6.043996E+2	8.482038E+3
6.046544E+2	8.533404E+3
6.049092E+2	8.585027E+3
6.051640E+2	8.637136E+3
6.054188E+2	8.690005E+3
6.056736E+2	8.742770E+3
6.059283E+2	8.795541E+3
6.061831E+2	8.845328E+3
6.064378E+2	8.896749E+3
6.066926E+2	8.947929E+3
6.069473E+2	9.001836E+3
6.072021E+2	9.054891E+3
6.074568E+2	9.105076E+3
6.077115E+2	9.155432E+3
6.079662E+2	9.206503E+3
6.082209E+2	9.258251E+3
6.084756E+2	9.308743E+3
6.087302E+2	9.359803E+3
6.089849E+2	9.410180E+3
6.092396E+2	9.460661E+3
6.094942E+2	9.510781E+3
6.097489E+2	9.561852E+3
6.100035E+2	9.610738E+3
6.102581E+2	9.660333E+3
6.105127E+2	9.710060E+3
6.107674E+2	9.757055E+3
6.110220E+2	9.805568E+3
6.112766E+2	9.854956E+3
6.115311E+2	9.904279E+3
6.117857E+2	9.953497E+3
6.120403E+2	1.000173E+4
6.122948E+2	1.004856E+4
6.125494E+2	1.009415E+4
6.128039E+2	1.013856E+4
6.130585E+2	1.018369E+4
6.133130E+2	1.022819E+4
6.135675E+2	1.027262E+4
6.138220E+2	1.031804E+4
6.140765E+2	1.036260E+4
6.143310E+2	1.040632E+4
6.145855E+2	1.044931E+4
6.148400E+2	1.049239E+4
6.150945E+2	1.053527E+4
6.153489E+2	1.057823E+4
6.156034E+2	1.061961E+4
6.158578E+2	1.066286E+4
6.161123E+2	1.070418E+4
6.163667E+2	1.074412E+4
6.166211E+2	1.078408E+4
6.168755E+2	1.082364E+4
6.171299E+2	1.086351E+4
6.173843E+2	1.090257E+4
6.176387E+2	1.094055E+4
6.178931E+2	1.097708E+4
6.181474E+2	1.101461E+4
6.184018E+2	1.105193E+4
6.186561E+2	1.108856E+4
6.189105E+2	1.112516E+4
6.191648E+2	1.116194E+4
6.194191E+2	1.119718E+4
6.196735E+2	1.123224E+4
6.199278E+2	1.126562E+4
6.201821E+2	1.130016E+4
6.204364E+2	1.133340E+4
6.206907E+2	1.136569E+4
6.209449E+2	1.139680E+4
6.211992E+2	1.142965E+4
6.214535E+2	1.145936E+4
6.217077E+2	1.149367E+4
6.219619E+2	1.152333E+4
6.222162E+2	1.155251E+4
6.224704E+2	1.158002E+4
6.227246E+2	1.160825E+4
6.229788E+2	1.163713E+4
6.232330E+2	1.166638E+4
6.234872E+2	1.169398E+4
6.237414E+2	1.172121E+4
6.239956E+2	1.174648E+4
6.242498E+2	1.177184E+4
6.245039E+2	1.179711E+4
6.247581E+2	1.182329E+4
6.250122E+2	1.184751E+4
6.252663E+2	1.187017E+4
6.255205E+2	1.189341E+4
6.257746E+2	1.191525E+4
6.260287E+2	1.193592E+4
6.262828E+2	1.195623E+4
6.265369E+2	1.197748E+4
6.267910E+2	1.199689E+4
6.270450E+2	1.201491E+4
6.272991E+2	1.203270E+4
6.275532E+2	1.205025E+4
6.278072E+2	1.206616E+4
6.280613E+2	1.208241E+4
6.283153E+2	1.209797E+4
6.285693E+2	1.211528E+4
6.288233E+2	1.212932E+4
6.290773E+2	1.214293E+4
6.293313E+2	1.215322E+4
6.295853E+2	1.216451E+4
6.298393E+2	1.217589E+4
6.300933E+2	1.218557E+4
6.303472E+2	1.219451E+4
6.306012E+2	1.220263E+4
6.308551E+2	1.220928E+4
6.311091E+2	1.221651E+4
6.313630E+2	1.222274E+4
6.316169E+2	1.222810E+4
6.318709E+2	1.223237E+4
6.321248E+2	1.223396E+4
6.323787E+2	1.223685E+4
6.326326E+2	1.223695E+4
6.328864E+2	1.223675E+4
6.331403E+2	1.223695E+4
6.333942E+2	1.223619E+4
6.336480E+2	1.223407E+4
6.339019E+2	1.223175E+4
6.341557E+2	1.222827E+4
6.344095E+2	1.222444E+4
6.346634E+2	1.221954E+4
6.349172E+2	1.221299E+4
6.351710E+2	1.220475E+4
6.354248E+2	1.219664E+4
6.356786E+2	1.218761E+4
6.359324E+2	1.217890E+4
6.361861E+2	1.216817E+4
6.364399E+2	1.215632E+4
6.366936E+2	1.214155E+4
6.369474E+2	1.213257E+4
6.372011E+2	1.211642E+4
6.374549E+2	1.210373E+4
6.377086E+2	1.209094E+4
6.379623E+2	1.207507E+4
6.382160E+2	1.205763E+4
6.384697E+2	1.203938E+4
6.387234E+2	1.202145E+4
6.389771E+2	1.200200E+4
6.392307E+2	1.198217E+4
6.394844E+2	1.196354E+4
6.397380E+2	1.194303E+4
6.399917E+2	1.192231E+4
6.402453E+2	1.189873E+4
6.404990E+2	1.187592E+4
6.407526E+2	1.185114E+4
6.410062E+2	1.182593E+4
6.412598E+2	1.180304E+4
6.415134E+2	1.177814E+4
6.417670E+2	1.175415E+4
6.420206E+2	1.172642E+4
6.422741E+2	1.170058E+4
6.425277E+2	1.167390E+4
6.427812E+2	1.164616E+4
6.430348E+2	1.161785E+4
6.432883E+2	1.159058E+4
6.435418E+2	1.156124E+4
6.437954E+2	1.153171E+4
6.440489E+2	1.150052E+4
6.443024E+2	1.147117E+4
6.445559E+2	1.144119E+4
6.448094E+2	1.141197E+4
6.450628E+2	1.138015E+4
6.453163E+2	1.134892E+4
6.455698E+2	1.131781E+4
6.458232E+2	1.128526E+4
6.460767E+2	1.125195E+4
6.463301E+2	1.122050E+4
6.465835E+2	1.118632E+4
6.468369E+2	1.115289E+4
6.470903E+2	1.111801E+4
6.473437E+2	1.108434E+4
6.475971E+2	1.105124E+4
6.478505E+2	1.101702E+4
6.481039E+2	1.098431E+4
6.483573E+2	1.094999E+4
6.486106E+2	1.091483E+4
6.488640E+2	1.088045E+4
6.491173E+2	1.084585E+4
6.493706E+2	1.080928E+4
6.496240E+2	1.077337E+4
6.498773E+2	1.073937E+4
6.501306E+2	1.070246E+4
6.503839E+2	1.066823E+4
6.506372E+2	1.063311E+4
6.508905E+2	1.059811E+4
6.511437E+2	1.056309E+4
6.513970E+2	1.052774E+4
6.516503E+2	1.049349E+4
6.519035E+2	1.046064E+4
6.521567E+2	1.042748E+4
6.524100E+2	1.039087E+4
6.526632E+2	1.035725E+4
6.529164E+2	1.032162E+4
6.531696E+2	1.028636E+4
6.534228E+2	1.025145E+4
6.536760E+2	1.021771E+4
6.539292E+2	1.018340E+4
6.541824E+2	1.014789E+4
6.544355E+2	1.011278E+4
6.546887E+2	1.007728E+4
6.549418E+2	1.004243E+4
6.551950E+2	1.000755E+4
6.554481E+2	9.972000E+3
6.557012E+2	9.937656E+3
6.559543E+2	9.903257E+3
6.562074E+2	9.869792E+3
6.564605E+2	9.837606E+3
6.567136E+2	9.804191E+3
6.569667E+2	9.771579E+3
6.572198E+2	9.737366E+3
6.574728E+2	9.704749E+3
6.577259E+2	9.670126E+3
6.579789E+2	9.636628E+3
6.582319E+2	9.602847E+3
6.584850E+2	9.570197E+3
6.587380E+2	9.537530E+3
6.589910E+2	9.505945E+3
6.592440E+2	9.475011E+3
6.594970E+2	9.443098E+3
6.597500E+2	9.412650E+3
6.600030E+2	9.379973E+3
6.602559E+2	9.348541E+3
6.605089E+2	9.318514E+3
6.607618E+2	9.287421E+3
6.610148E+2	9.260147E+3
6.612677E+2	9.229464E+3
6.615206E+2	9.201530E+3
6.617736E+2	9.171503E+3
6.620265E+2	9.142841E+3
6.622794E+2	9.113929E+3
6.625323E+2	9.087158E+3
6.627851E+2	9.059470E+3
6.630380E+2	9.032120E+3
6.632909E+2	9.005218E+3
6.635437E+2	8.978202E+3
6.637966E+2	8.950432E+3
6.640494E+2	8.923918E+3
6.643023E+2	8.899251E+3
6.645551E+2	8.873705E+3
6.648079E+2	8.849902E+3
6.650607E+2	8.826060E+3
6.653135E+2	8.801306E+3
6.655663E+2	8.778300E+3
6.658191E+2	8.753131E+3
6.660718E+2	8.730120E+3
6.663246E+2	8.707830E+3
6.665774E+2	8.685918E+3
6.668301E+2	8.662104E+3
6.670828E+2	8.641393E+3
6.673356E+2	8.618333E+3
6.675883E+2	8.596147E+3
6.678410E+2	8.575661E+3
6.680937E+2	8.553339E+3
6.683464E+2	8.533677E+3
6.685991E+2	8.512677E+3
6.688518E+2	8.492847E+3
6.691044E+2	8.471585E+3
6.693571E+2	8.452912E+3
6.696098E+2	8.433617E+3
6.698624E+2	8.413175E+3
6.701150E+2	8.394218E+3
6.703677E+2	8.375251E+3
6.706203E+2	8.355798E+3
6.708729E+2	8.337759E+3
6.711255E+2	8.319240E+3
6.713781E+2	8.302246E+3
6.716307E+2	8.285164E+3
6.718832E+2	8.267787E+3
6.721358E+2	8.249065E+3
6.723884E+2	8.233022E+3
6.726409E+2	8.216754E+3
6.728935E+2	8.200208E+3
6.731460E+2	8.186055E+3
6.733985E+2	8.172273E+3
6.736510E+2	8.158918E+3
6.739035E+2	8.145677E+3
6.741560E+2	8.132197E+3
6.744085E+2	8.119874E+3
6.746610E+2	8.107197E+3
6.749135E+2	8.094994E+3
6.751660E+2	8.083257E+3
6.754184E+2	8.072399E+3
6.756709E+2	8.061945E+3
6.759233E+2	8.051361E+3
6.761757E+2	8.040486E+3
6.764282E+2	8.027186E+3
6.766806E+2	8.016486E+3
6.769330E+2	8.004022E+3
6.771854E+2	7.992557E+3
6.774378E+2	7.981514E+3
6.776901E+2	7.969022E+3
6.779425E+2	7.955699E+3
6.781949E+2	7.943344E+3
6.784472E+2	7.931672E+3
6.786996E+2	7.919322E+3
6.789519E+2	7.908005E+3
6.792042E+2	7.896481E+3
6.794566E+2	7.885208E+3
6.797089E+2	7.874344E+3
6.799612E+2	7.864759E+3
6.802135E+2	7.854858E+3
6.804657E+2	7.844765E+3
6.807180E+2	7.834481E+3
6.809703E+2	7.825830E+3
6.812226E+2	7.818617E+3
6.814748E+2	7.811115E+3
6.817270E+2	7.804076E+3
6.819793E+2	7.795754E+3
6.822315E+2	7.789464E+3
6.824837E+2	7.781229E+3
6.827359E+2	7.775126E+3
6.829881E+2	7.768623E+3
6.832403E+2	7.761787E+3
6.834925E+2	7.756940E+3
6.837447E+2	7.749377E+3
6.839968E+2	7.742557E+3
6.842490E+2	7.734787E+3
6.845011E+2	7.728415E+3
6.847533E+2	7.719503E+3
6.850054E+2	7.712022E+3
6.852575E+2	7.704983E+3
6.855097E+2	7.696650E+3
6.857618E+2	7.688011E+3
6.860139E+2	7.679934E+3
6.862659E+2	7.672273E+3
6.865180E+2	7.664738E+3
6.867701E+2	7.654535E+3
6.870222E+2	7.645858E+3
6.872742E+2	7.637841E+3
6.875263E+2	7.631213E+3
6.877783E+2	7.623262E+3
6.880303E+2	7.615841E+3
6.882823E+2	7.610022E+3
6.885343E+2	7.602770E+3
6.887864E+2	7.595852E+3
6.890383E+2	7.590437E+3
6.892903E+2	7.584016E+3
6.895423E+2	7.578568E+3
6.897943E+2	7.572765E+3
6.900462E+2	7.566710E+3
6.902982E+2	7.562902E+3
6.905501E+2	7.556749E+3
6.908021E+2	7.551530E+3
6.910540E+2	7.545628E+3
6.913059E+2	7.538568E+3
6.915578E+2	7.531016E+3
6.918097E+2	7.523530E+3
6.920616E+2	7.517421E+3
6.923135E+2	7.509874E+3
6.925654E+2	7.501902E+3
6.928172E+2	7.494322E+3
6.930691E+2	7.486005E+3
6.933209E+2	7.477606E+3
6.935728E+2	7.469940E+3
6.938246E+2	7.460382E+3
6.940764E+2	7.451749E+3
6.943282E+2	7.441574E+3
6.945800E+2	7.432983E+3
6.948318E+2	7.423514E+3
6.950836E+2	7.413377E+3
6.953354E+2	7.403273E+3
6.955872E+2	7.392830E+3
6.958389E+2	7.383519E+3
6.960907E+2	7.374546E+3
6.963424E+2	7.365503E+3
6.965942E+2	7.355852E+3
6.968459E+2	7.346514E+3
6.970976E+2	7.337656E+3
6.973493E+2	7.329432E+3
6.976010E+2	7.321098E+3
6.978527E+2	7.312803E+3
6.981044E+2	7.303645E+3
6.983561E+2	7.294557E+3
6.986077E+2	7.285333E+3
6.988594E+2	7.274721E+3
6.991110E+2	7.265803E+3
6.993627E+2	7.255940E+3
6.996143E+2	7.246049E+3
6.998659E+2	7.234776E+3
7.001175E+2	7.225049E+3
7.003692E+2	7.214235E+3
7.006207E+2	7.202978E+3
7.008723E+2	7.191202E+3
7.011239E+2	7.179005E+3
7.013755E+2	7.166694E+3
7.016271E+2	7.152093E+3
7.018786E+2	7.138262E+3
7.021302E+2	7.125060E+3
7.023817E+2	7.110967E+3
7.026332E+2	7.096677E+3
7.028847E+2	7.082535E+3
7.031362E+2	7.068016E+3
7.033878E+2	7.053328E+3
7.036392E+2	7.038300E+3
7.038907E+2	7.024290E+3
7.041422E+2	7.009426E+3
7.043937E+2	6.993377E+3
7.046451E+2	6.979147E+3
7.048966E+2	6.963863E+3
7.051480E+2	6.949612E+3
7.053995E+2	6.935535E+3
7.056509E+2	6.919606E+3
7.059023E+2	6.905787E+3
7.061537E+2	6.892279E+3
7.064051E+2	6.878311E+3
7.066565E+2	6.865798E+3
7.069079E+2	6.855246E+3
7.071593E+2	6.843093E+3
7.074106E+2	6.830869E+3
7.076620E+2	6.819328E+3
7.079133E+2	6.806617E+3
7.081647E+2	6.794208E+3
7.084160E+2	6.783355E+3
7.086673E+2	6.772530E+3
7.089186E+2	6.760136E+3
7.091699E+2	6.747677E+3
7.094212E+2	6.734503E+3
7.096725E+2	6.720377E+3
7.099238E+2	6.707000E+3
7.101751E+2	6.692683E+3
7.104263E+2	6.678694E+3
7.106776E+2	6.663443E+3
7.109288E+2	6.649033E+3
7.111800E+2	6.633060E+3
7.114313E+2	6.616705E+3
7.116825E+2	6.599311E+3
7.119337E+2	6.583820E+3
7.121849E+2	6.566142E+3
7.124361E+2	6.548606E+3
7.126873E+2	6.531191E+3
7.129384E+2	6.514885E+3
7.131896E+2	6.498836E+3
7.134408E+2	6.483519E+3
7.136919E+2	6.467262E+3
7.139430E+2	6.452781E+3
7.141942E+2	6.440514E+3
7.144453E+2	6.428147E+3
7.146964E+2	6.416300E+3
7.149475E+2	6.406218E+3
7.151986E+2	6.398027E+3
7.154497E+2	6.389448E+3
7.157008E+2	6.380202E+3
7.159518E+2	6.372907E+3
7.162029E+2	6.366000E+3
7.164540E+2	6.361705E+3
7.167050E+2	6.355393E+3
7.169560E+2	6.351142E+3
7.172071E+2	6.345694E+3
7.174581E+2	6.340371E+3
7.177091E+2	6.335229E+3
7.179601E+2	6.327563E+3
7.182111E+2	6.318645E+3
7.184621E+2	6.309350E+3
7.187130E+2	6.300492E+3
7.189640E+2	6.290290E+3
7.192150E+2	6.278322E+3
7.194659E+2	6.266273E+3
7.197169E+2	6.253038E+3
7.199678E+2	6.239978E+3
7.202187E+2	6.227016E+3
7.204696E+2	6.212596E+3
7.207205E+2	6.199049E+3
7.209714E+2	6.187885E+3
7.212223E+2	6.176404E+3
7.214732E+2	6.164617E+3
7.217241E+2	6.155076E+3
7.219749E+2	6.146464E+3
7.222258E+2	6.137781E+3
7.224766E+2	6.134049E+3
7.227274E+2	6.131464E+3
7.229783E+2	6.131497E+3
7.232291E+2	6.134224E+3
7.234799E+2	6.138202E+3
7.237307E+2	6.143475E+3
7.239815E+2	6.149787E+3
7.242323E+2	6.158027E+3
7.244830E+2	6.167191E+3
7.247338E+2	6.176885E+3
7.249846E+2	6.188076E+3
7.252353E+2	6.199290E+3
7.254861E+2	6.210535E+3
7.257368E+2	6.220481E+3
7.259875E+2	6.230956E+3
7.262382E+2	6.240126E+3
7.264889E+2	6.248929E+3
7.267396E+2	6.256891E+3
7.269903E+2	6.264421E+3
7.272410E+2	6.270197E+3
7.274917E+2	6.276186E+3
7.277423E+2	6.280049E+3
7.279930E+2	6.283546E+3
7.282436E+2	6.287290E+3
7.284942E+2	6.290126E+3
7.287449E+2	6.294126E+3
7.289955E+2	6.299874E+3
7.292461E+2	6.304514E+3
7.294967E+2	6.309453E+3
7.297473E+2	6.314612E+3
7.299979E+2	6.320727E+3
7.302484E+2	6.326355E+3
7.304990E+2	6.329989E+3
7.307496E+2	6.335142E+3
7.310001E+2	6.344410E+3
7.312507E+2	6.355825E+3
7.315012E+2	6.370497E+3
7.317517E+2	6.387328E+3
7.320022E+2	6.410896E+3
7.322527E+2	6.438863E+3
7.325032E+2	6.471672E+3
7.327537E+2	6.509798E+3
7.330042E+2	6.550694E+3
7.332547E+2	6.593683E+3
7.335051E+2	6.639781E+3
7.337556E+2	6.690869E+3
7.340060E+2	6.748694E+3
7.342564E+2	6.817044E+3
7.345069E+2	6.889344E+3
7.347573E+2	6.958126E+3
7.350077E+2	7.018508E+3
7.352581E+2	7.066612E+3
7.355085E+2	7.115421E+3
7.357589E+2	7.179705E+3
7.360092E+2	7.266109E+3
7.362596E+2	7.371585E+3
7.365100E+2	7.488093E+3
7.367603E+2	7.599858E+3
7.370106E+2	7.700443E+3
7.372610E+2	7.787240E+3
7.375113E+2	7.868087E+3
7.377616E+2	7.946186E+3
7.380119E+2	8.029749E+3
7.382622E+2	8.123224E+3
7.385125E+2	8.225645E+3
7.387628E+2	8.332847E+3
7.390130E+2	8.443814E+3
7.392633E+2	8.560044E+3
7.395135E+2	8.681781E+3
7.397638E+2	8.812956E+3
7.400140E+2	8.953852E+3
7.402642E+2	9.101175E+3
7.405144E+2	9.248208E+3
7.407647E+2	9.396229E+3
7.410149E+2	9.545213E+3
7.412650E+2	9.688432E+3
7.415152E+2	9.823803E+3
7.417654E+2	9.961732E+3
7.420156E+2	1.010783E+4
7.422657E+2	1.025964E+4
7.425159E+2	1.041143E+4
7.427660E+2	1.054957E+4
7.430161E+2	1.066722E+4
7.432662E+2	1.077464E+4
7.435164E+2	1.091133E+4
7.437665E+2	1.106621E+4
7.440165E+2	1.121991E+4
7.442666E+2	1.137283E+4
7.445167E+2	1.152505E+4
7.447668E+2	1.167629E+4
7.450168E+2	1.182668E+4
7.452669E+2	1.197503E+4
7.455169E+2	1.210434E+4
7.457669E+2	1.222314E+4
7.460170E+2	1.233738E+4
7.462670E+2	1.245572E+4
7.465170E+2	1.258200E+4
7.467670E+2	1.272235E+4
7.470170E+2	1.286084E+4
7.472670E+2	1.299456E+4
7.475169E+2	1.312362E+4
7.477669E+2	1.324843E+4
7.480168E+2	1.336919E+4
7.482668E+2	1.348721E+4
7.485167E+2	1.360507E+4
7.487666E+2	1.372014E+4
7.490166E+2	1.383106E+4
7.492665E+2	1.392281E+4
7.495164E+2	1.399528E+4
7.497663E+2	1.405246E+4
7.500161E+2	1.410231E+4
7.502660E+2	1.414768E+4
7.505159E+2	1.419232E+4
7.507657E+2	1.423317E+4
7.510156E+2	1.426309E+4
7.512654E+2	1.427498E+4
7.515152E+2	1.426834E+4
7.517651E+2	1.425066E+4
7.520149E+2	1.423969E+4
7.522647E+2	1.424622E+4
7.525145E+2	1.427558E+4
7.527643E+2	1.431621E+4
7.530140E+2	1.435419E+4
7.532638E+2	1.437631E+4
7.535136E+2	1.437716E+4
7.537633E+2	1.436248E+4
7.540131E+2	1.435192E+4
7.542628E+2	1.435914E+4
7.545125E+2	1.438391E+4
7.547622E+2	1.440951E+4
7.550119E+2	1.442585E+4
7.552616E+2	1.443254E+4
7.555113E+2	1.443203E+4
7.557610E+2	1.442958E+4
7.560107E+2	1.441499E+4
7.562603E+2	1.438492E+4
7.565100E+2	1.434369E+4
7.567596E+2	1.430121E+4
7.570093E+2	1.424603E+4
7.572589E+2	1.416943E+4
7.575085E+2	1.407127E+4
7.577581E+2	1.395804E+4
7.580077E+2	1.384798E+4
7.582573E+2	1.374984E+4
7.585069E+2	1.364749E+4
7.587565E+2	1.350335E+4
7.590060E+2	1.333135E+4
7.592556E+2	1.315790E+4
7.595051E+2	1.298404E+4
7.597547E+2	1.281450E+4
7.600042E+2	1.264811E+4
7.602537E+2	1.248379E+4
7.605032E+2	1.232372E+4
7.607527E+2	1.218569E+4
7.610022E+2	1.206130E+4
7.612517E+2	1.194173E+4
7.615012E+2	1.181771E+4
7.617507E+2	1.168419E+4
7.620001E+2	1.153393E+4
7.622496E+2	1.137933E+4
7.624990E+2	1.122264E+4
7.627485E+2	1.106279E+4
7.629979E+2	1.090137E+4
7.632473E+2	1.074072E+4
7.634967E+2	1.058258E+4
7.637461E+2	1.042666E+4
7.639955E+2	1.027425E+4
7.642449E+2	1.012568E+4
7.644942E+2	9.990481E+3
7.647436E+2	9.866071E+3
7.649930E+2	9.751623E+3
7.652423E+2	9.648524E+3
7.654916E+2	9.558874E+3
7.657410E+2	9.481645E+3
7.659903E+2	9.408191E+3
7.662396E+2	9.331541E+3
7.664889E+2	9.250186E+3
7.667382E+2	9.166126E+3
7.669875E+2	9.082907E+3
7.672367E+2	8.997459E+3
7.674860E+2	8.903382E+3
7.677353E+2	8.799601E+3
7.679845E+2	8.689541E+3
7.682337E+2	8.580994E+3
7.684830E+2	8.480869E+3
7.687322E+2	8.390749E+3
7.689814E+2	8.305820E+3
7.692306E+2	8.211437E+3
7.694798E+2	8.096120E+3
7.697290E+2	7.958065E+3
7.699782E+2	7.812224E+3
7.702273E+2	7.663279E+3
7.704765E+2	7.511994E+3
7.707256E+2	7.360535E+3
7.709748E+2	7.215284E+3
7.712239E+2	7.088126E+3
7.714730E+2	6.982596E+3
7.717222E+2	6.899535E+3
7.719713E+2	6.828257E+3
7.722204E+2	6.767306E+3
7.724694E+2	6.720787E+3
7.727185E+2	6.693235E+3
7.729676E+2	6.683426E+3
7.732167E+2	6.685962E+3
7.734657E+2	6.698093E+3
7.737147E+2	6.720596E+3
7.739638E+2	6.749978E+3
7.742128E+2	6.781464E+3
7.744618E+2	6.806005E+3
7.747108E+2	6.823612E+3
7.749598E+2	6.830415E+3
7.752088E+2	6.828033E+3
7.754578E+2	6.820186E+3
7.757068E+2	6.806388E+3
7.759557E+2	6.786524E+3
7.762047E+2	6.761131E+3
7.764536E+2	6.730464E+3
7.767026E+2	6.693284E+3
7.769515E+2	6.651169E+3
7.772004E+2	6.606251E+3
7.774493E+2	6.562339E+3
7.776982E+2	6.519229E+3
7.779471E+2	6.481415E+3
7.781960E+2	6.447814E+3
7.784449E+2	6.416475E+3
7.786938E+2	6.385847E+3
7.789426E+2	6.356661E+3
7.791915E+2	6.326333E+3
7.794403E+2	6.293738E+3
7.796891E+2	6.260956E+3
7.799380E+2	6.226016E+3
7.801868E+2	6.192191E+3
7.804356E+2	6.156361E+3
7.806844E+2	6.119262E+3
7.809332E+2	6.080541E+3
7.811819E+2	6.041120E+3
7.814307E+2	6.001836E+3
7.816795E+2	5.964218E+3
7.819282E+2	5.929776E+3
7.821770E+2	5.897197E+3
7.824257E+2	5.866896E+3
7.826744E+2	5.839382E+3
7.829231E+2	5.813656E+3
7.831718E+2	5.789426E+3
7.834205E+2	5.766759E+3
7.836692E+2	5.744175E+3
7.839179E+2	5.719606E+3
7.841666E+2	5.693005E+3
7.844152E+2	5.661765E+3
7.846639E+2	5.625661E+3
7.849125E+2	5.584503E+3
7.851612E+2	5.540186E+3
7.854098E+2	5.494459E+3
7.856584E+2	5.446759E+3
7.859070E+2	5.397175E+3
7.861556E+2	5.339891E+3
7.864042E+2	5.275339E+3
7.866528E+2	5.202508E+3
7.869014E+2	5.123672E+3
7.871499E+2	5.042459E+3
7.873985E+2	4.962590E+3
7.876470E+2	4.882661E+3
7.878956E+2	4.799617E+3
7.881441E+2	4.714606E+3
7.883926E+2	4.628535E+3
7.886411E+2	4.543076E+3
7.888896E+2	4.461825E+3
7.891381E+2	4.385186E+3
7.893866E+2	4.315098E+3
7.896351E+2	4.252421E+3
7.898835E+2	4.196836E+3
7.901320E+2	4.147371E+3
7.903804E+2	4.103967E+3
7.906289E+2	4.064229E+3
7.908773E+2	4.029672E+3
7.911257E+2	3.998115E+3
7.913742E+2	3.970688E+3
7.916226E+2	3.948071E+3
7.918709E+2	3.929071E+3
7.921193E+2	3.914371E+3
7.923677E+2	3.902574E+3
7.926161E+2	3.891825E+3
7.928644E+2	3.882087E+3
7.931128E+2	3.868863E+3
7.933611E+2	3.851759E+3
7.936095E+2	3.830426E+3
7.938578E+2	3.803732E+3
7.941061E+2	3.772497E+3
7.943544E+2	3.738306E+3
7.946027E+2	3.701224E+3
7.948510E+2	3.662732E+3
7.950993E+2	3.625464E+3
7.953475E+2	3.590295E+3
7.955958E+2	3.558213E+3
7.958440E+2	3.528973E+3
7.960923E+2	3.503514E+3
7.963405E+2	3.479934E+3
7.965887E+2	3.457399E+3
7.968370E+2	3.434983E+3
7.970852E+2	3.411404E+3
7.973334E+2	3.386355E+3
7.975816E+2	3.360071E+3
7.978297E+2	3.333251E+3
7.980779E+2	3.305896E+3
7.983261E+2	3.277891E+3
7.985742E+2	3.250060E+3
7.988224E+2	3.221732E+3
7.990705E+2	3.194377E+3
7.993186E+2	3.170005E+3
7.995668E+2	3.149115E+3
7.998149E+2	3.131530E+3
8.000630E+2	3.120093E+3
8.003111E+2	3.111825E+3
8.005591E+2	3.108295E+3
8.008072E+2	3.108962E+3
8.010553E+2	3.111912E+3
8.013033E+2	3.117541E+3
8.015514E+2	3.124825E+3
8.017994E+2	3.133486E+3
8.020474E+2	3.142459E+3
8.022955E+2	3.150738E+3
8.025435E+2	3.158732E+3
8.027915E+2	3.165180E+3
8.030395E+2	3.172880E+3
8.032874E+2	3.180005E+3
8.035354E+2	3.188251E+3
8.037834E+2	3.195994E+3
8.040313E+2	3.203759E+3
8.042793E+2	3.212503E+3
8.045272E+2	3.223836E+3
8.047752E+2	3.236973E+3
8.050231E+2	3.251437E+3
8.052710E+2	3.269065E+3
8.055189E+2	3.288727E+3
8.057668E+2	3.311147E+3
8.060147E+2	3.335891E+3
8.062625E+2	3.364087E+3
8.065104E+2	3.395727E+3
8.067583E+2	3.430399E+3
8.070061E+2	3.470240E+3
8.072540E+2	3.515131E+3
8.075018E+2	3.563716E+3
8.077496E+2	3.617634E+3
8.079974E+2	3.674563E+3
8.082452E+2	3.735382E+3
8.084930E+2	3.797656E+3
8.087408E+2	3.862836E+3
8.089886E+2	3.929770E+3
8.092364E+2	3.998858E+3
8.094841E+2	4.071208E+3
8.097319E+2	4.147912E+3
8.099796E+2	4.228388E+3
8.102273E+2	4.313044E+3
8.104751E+2	4.401820E+3
8.107228E+2	4.494770E+3
8.109705E+2	4.593082E+3
8.112182E+2	4.695623E+3
8.114659E+2	4.803371E+3
8.117135E+2	4.915612E+3
8.119612E+2	5.033481E+3
8.122089E+2	5.155907E+3
8.124565E+2	5.281557E+3
8.127042E+2	5.407000E+3
8.129518E+2	5.530366E+3
8.131994E+2	5.647180E+3
8.134470E+2	5.756410E+3
8.136946E+2	5.852530E+3
8.139422E+2	5.933973E+3
8.141898E+2	5.999344E+3
8.144374E+2	6.047765E+3
8.146850E+2	6.080257E+3
8.149325E+2	6.100126E+3
8.151801E+2	6.109060E+3
8.154276E+2	6.111208E+3
8.156752E+2	6.108606E+3
8.159227E+2	6.104443E+3
8.161702E+2	6.099175E+3
8.164177E+2	6.093951E+3
8.166652E+2	6.086891E+3
8.169127E+2	6.080382E+3
8.171602E+2	6.074563E+3
8.174077E+2	6.070426E+3
8.176551E+2	6.068202E+3
8.179026E+2	6.069093E+3
8.181500E+2	6.071415E+3
8.183975E+2	6.077978E+3
8.186449E+2	6.087535E+3
8.188923E+2	6.103273E+3
8.191397E+2	6.125464E+3
8.193871E+2	6.152852E+3
8.196345E+2	6.186486E+3
8.198819E+2	6.225585E+3
8.201293E+2	6.270978E+3
8.203766E+2	6.318300E+3
8.206240E+2	6.367798E+3
8.208713E+2	6.415973E+3
8.211187E+2	6.461322E+3
8.213660E+2	6.500994E+3
8.216133E+2	6.531803E+3
8.218606E+2	6.553218E+3
8.221079E+2	6.562994E+3
8.223552E+2	6.559421E+3
8.226025E+2	6.543688E+3
8.228498E+2	6.515535E+3
8.230970E+2	6.476759E+3
8.233443E+2	6.428366E+3
8.235915E+2	6.372470E+3
8.238388E+2	6.310038E+3
8.240860E+2	6.242672E+3
8.243332E+2	6.169421E+3
8.245804E+2	6.089355E+3
8.248276E+2	6.003552E+3
8.250748E+2	5.911623E+3
8.253220E+2	5.813005E+3
8.255692E+2	5.707781E+3
8.258163E+2	5.595803E+3
8.260635E+2	5.475453E+3
8.263106E+2	5.347306E+3
8.265578E+2	5.211104E+3
8.268049E+2	5.067951E+3
8.270520E+2	4.916273E+3
8.272991E+2	4.757650E+3
8.275462E+2	4.593841E+3
8.277933E+2	4.428197E+3
8.280404E+2	4.262710E+3
8.282875E+2	4.102164E+3
8.285345E+2	3.948361E+3
8.287816E+2	3.806229E+3
8.290287E+2	3.679328E+3
8.292757E+2	3.568902E+3
8.295227E+2	3.474503E+3
8.297697E+2	3.396257E+3
8.300168E+2	3.330847E+3
8.302638E+2	3.275027E+3
8.305107E+2	3.226776E+3
8.307577E+2	3.183421E+3
8.310047E+2	3.141803E+3
8.312517E+2	3.101623E+3
8.314986E+2	3.062011E+3
8.317456E+2	3.024459E+3
8.319925E+2	2.987284E+3
8.322394E+2	2.949563E+3
8.324864E+2	2.911732E+3
8.327333E+2	2.872213E+3
8.329802E+2	2.830481E+3
8.332271E+2	2.786852E+3
8.334740E+2	2.738929E+3
8.337208E+2	2.687519E+3
8.339677E+2	2.629912E+3
8.342146E+2	2.565082E+3
8.344614E+2	2.493727E+3
8.347082E+2	2.414585E+3
8.349551E+2	2.329076E+3
8.352019E+2	2.235497E+3
8.354487E+2	2.137175E+3
8.356955E+2	2.034667E+3
8.359423E+2	1.930000E+3
8.361891E+2	1.824186E+3
8.364359E+2	1.719798E+3
8.366826E+2	1.620164E+3
8.369294E+2	1.525541E+3
8.371761E+2	1.437809E+3
8.374229E+2	1.357382E+3
8.376696E+2	1.284825E+3
8.379163E+2	1.219508E+3
8.381630E+2	1.161601E+3
8.384097E+2	1.110514E+3
8.386564E+2	1.066628E+3
8.389031E+2	1.026945E+3
8.391498E+2	9.919726E+2
8.393965E+2	9.614043E+2
8.396431E+2	9.344480E+2
8.398898E+2	9.099179E+2
8.401364E+2	8.881748E+2
8.403830E+2	8.687103E+2
8.406297E+2	8.502786E+2
8.408763E+2	8.328414E+2
8.411229E+2	8.168523E+2
8.413695E+2	8.017540E+2
8.416161E+2	7.876666E+2
8.418626E+2	7.739288E+2
8.421092E+2	7.607485E+2
8.423558E+2	7.475955E+2
8.426023E+2	7.348305E+2
8.428489E+2	7.225682E+2
8.430954E+2	7.099616E+2
8.433419E+2	6.980928E+2
8.435884E+2	6.861693E+2
8.438349E+2	6.747868E+2
8.440814E+2	6.635955E+2
8.443279E+2	6.525409E+2
8.445744E+2	6.414480E+2
8.448208E+2	6.307103E+2
8.450673E+2	6.199179E+2
8.453138E+2	6.090600E+2
8.455602E+2	5.978469E+2
8.458066E+2	5.862403E+2
8.460530E+2	5.747157E+2
8.462995E+2	5.632840E+2
8.465459E+2	5.516447E+2
8.467923E+2	5.393278E+2
8.470386E+2	5.269562E+2
8.472850E+2	5.148360E+2
8.475314E+2	5.024043E+2
8.477777E+2	4.900163E+2
8.480241E+2	4.774917E+2
8.482704E+2	4.649616E+2
8.485168E+2	4.527485E+2
8.487631E+2	4.400108E+2
8.490094E+2	4.271474E+2
8.492557E+2	4.149726E+2
8.495020E+2	4.031911E+2
8.497483E+2	3.913715E+2
8.499946E+2	3.796829E+2
8.502408E+2	3.685190E+2
8.504871E+2	3.573387E+2
8.507333E+2	3.459944E+2
8.509796E+2	3.349890E+2
8.512258E+2	3.241420E+2
8.514720E+2	3.136884E+2
8.517182E+2	3.032403E+2
8.519644E+2	2.933223E+2
8.522106E+2	2.833551E+2
8.524568E+2	2.739452E+2
8.527030E+2	2.649507E+2
8.529492E+2	2.563551E+2
8.531953E+2	2.483114E+2
8.534415E+2	2.404753E+2
8.536876E+2	2.325518E+2
8.539337E+2	2.250764E+2
8.541799E+2	2.182731E+2
8.544260E+2	2.117813E+2
8.546721E+2	2.058687E+2
8.549182E+2	1.998414E+2
8.551643E+2	1.940709E+2
8.554103E+2	1.882021E+2
8.556564E+2	1.826174E+2
8.559024E+2	1.774207E+2
8.561485E+2	1.723496E+2
8.563945E+2	1.676502E+2
8.566406E+2	1.632021E+2
8.568866E+2	1.590217E+2
8.571326E+2	1.547758E+2
8.573786E+2	1.509398E+2
8.576246E+2	1.472622E+2
8.578706E+2	1.438250E+2
8.581166E+2	1.409835E+2
8.583625E+2	1.379398E+2
8.586085E+2	1.350655E+2
8.588544E+2	1.320982E+2
8.591004E+2	1.292349E+2
8.593463E+2	1.265627E+2
8.595922E+2	1.242895E+2
8.598381E+2	1.218523E+2
8.600840E+2	1.191802E+2
8.603299E+2	1.168032E+2
8.605758E+2	1.142676E+2
8.608217E+2	1.117595E+2
8.610675E+2	1.093387E+2
8.613134E+2	1.066939E+2
8.615592E+2	1.044808E+2
8.618051E+2	1.023059E+2
8.620509E+2	1.000982E+2
8.622967E+2	9.787420E+1
8.625425E+2	9.577584E+1
8.627883E+2	9.348076E+1
8.630341E+2	9.124579E+1
8.632799E+2	8.918022E+1
8.635257E+2	8.723486E+1
8.637715E+2	8.517475E+1
8.640172E+2	8.334961E+1
8.642630E+2	8.161737E+1
8.645087E+2	7.983049E+1
8.647544E+2	7.801082E+1
8.650001E+2	7.607639E+1
8.652459E+2	7.432776E+1
8.654916E+2	7.299989E+1
8.657372E+2	7.163377E+1
8.659829E+2	7.015836E+1
8.662286E+2	6.871027E+1
8.664743E+2	6.735508E+1
8.667199E+2	6.600535E+1
8.669656E+2	6.451355E+1
8.672112E+2	6.316929E+1
8.674568E+2	6.187967E+1
8.677024E+2	6.055180E+1
8.679481E+2	5.948076E+1
8.681937E+2	5.816382E+1
8.684392E+2	5.661737E+1
8.686848E+2	5.551901E+1
8.689304E+2	5.459005E+1
8.691760E+2	5.364470E+1
8.694215E+2	5.259005E+1
8.696671E+2	5.137147E+1
8.699126E+2	5.077038E+1
8.701581E+2	5.005453E+1
8.704036E+2	4.933869E+1
8.706491E+2	4.868295E+1
8.708946E+2	4.768295E+1
8.711401E+2	4.688513E+1
8.713856E+2	4.620754E+1
8.716311E+2	4.535508E+1
8.718766E+2	4.439880E+1
8.721220E+2	4.393431E+1
8.723674E+2	4.337694E+1
8.726129E+2	4.266655E+1
8.728583E+2	4.209278E+1
8.731037E+2	4.140972E+1
8.733491E+2	4.069388E+1
8.735945E+2	4.026765E+1
8.738399E+2	3.985781E+1
8.740853E+2	3.940972E+1
8.743307E+2	3.883595E+1
8.745760E+2	3.809278E+1
8.748214E+2	3.724579E+1
8.750667E+2	3.693431E+1
8.753121E+2	3.606546E+1
8.755574E+2	3.565563E+1
8.758027E+2	3.506000E+1
8.760480E+2	3.447530E+1
8.762933E+2	3.393431E+1
8.765386E+2	3.310371E+1
8.767839E+2	3.227311E+1
8.770291E+2	3.150262E+1
8.772744E+2	3.077584E+1
8.775196E+2	3.013650E+1
8.777649E+2	2.954634E+1
8.780101E+2	2.921847E+1
8.782553E+2	2.881956E+1
8.785006E+2	2.804360E+1
8.787458E+2	2.752994E+1
8.789910E+2	2.704907E+1
8.792361E+2	2.668841E+1
8.794813E+2	2.632229E+1
8.797265E+2	2.600535E+1
8.799717E+2	2.561191E+1
8.802168E+2	2.518568E+1
8.804619E+2	2.457366E+1
8.807071E+2	2.397257E+1
8.809522E+2	2.365016E+1
8.811973E+2	2.316382E+1
8.814424E+2	2.293978E+1
8.816875E+2	2.253541E+1
8.819326E+2	2.237147E+1
8.821777E+2	2.193978E+1
8.824227E+2	2.159005E+1
8.826678E+2	2.145890E+1
8.829128E+2	2.095617E+1
8.831579E+2	2.069934E+1
8.834029E+2	2.070481E+1
8.836479E+2	2.055726E+1
8.838929E+2	2.038240E+1
8.841379E+2	1.997803E+1
8.843829E+2	1.977038E+1
8.846279E+2	1.954634E+1
8.848729E+2	1.930043E+1
8.851179E+2	1.903267E+1
8.853628E+2	1.853541E+1
8.856078E+2	1.833322E+1
8.858527E+2	1.816929E+1
8.860976E+2	1.792339E+1
8.863425E+2	1.751355E+1
8.865875E+2	1.726765E+1
8.868324E+2	1.699442E+1
8.870772E+2	1.661191E+1
8.873221E+2	1.644798E+1
8.875670E+2	1.625125E+1
8.878119E+2	1.602175E+1
8.880567E+2	1.603814E+1
8.883016E+2	1.594524E+1
8.885464E+2	1.545344E+1
8.887912E+2	1.544798E+1
8.890360E+2	1.525672E+1
8.892809E+2	1.518022E+1
8.895257E+2	1.496710E+1
8.897704E+2	1.497803E+1
8.900152E+2	1.463377E+1
8.902600E+2	1.452994E+1
8.905048E+2	1.444251E+1
8.907495E+2	1.430043E+1
8.909943E+2	1.400535E+1
8.912390E+2	1.381410E+1
8.914837E+2	1.393978E+1
8.917284E+2	1.425125E+1
8.919731E+2	1.427311E+1
8.922178E+2	1.427858E+1
8.924625E+2	1.409278E+1
8.927072E+2	1.397257E+1
8.929519E+2	1.359552E+1
8.931965E+2	1.355726E+1
8.934412E+2	1.355726E+1
8.936858E+2	1.349716E+1
8.939305E+2	1.352448E+1
8.941751E+2	1.325672E+1
8.944197E+2	1.292339E+1
8.946643E+2	1.278131E+1
8.949089E+2	1.277584E+1
8.951535E+2	1.283049E+1
8.953981E+2	1.261737E+1
8.956426E+2	1.248623E+1
8.958872E+2	1.226218E+1
8.961317E+2	1.242612E+1
8.963763E+2	1.227311E+1
8.966208E+2	1.225125E+1
8.968653E+2	1.218568E+1
8.971098E+2	1.204360E+1
8.973543E+2	1.193431E+1
8.975988E+2	1.186874E+1
8.978433E+2	1.196164E+1
8.980878E+2	1.190699E+1
8.983323E+2	1.223486E+1
8.985767E+2	1.217475E+1
8.988212E+2	1.218022E+1
8.990656E+2	1.236054E+1
8.993100E+2	1.240426E+1
8.995545E+2	1.245344E+1
8.997989E+2	1.222393E+1
9.000433E+2	1.197257E+1
9.002877E+2	1.187420E+1
9.005320E+2	1.174852E+1
9.007764E+2	1.192885E+1
9.010208E+2	1.202175E+1
9.012651E+2	1.214743E+1
9.015095E+2	1.222940E+1
9.017538E+2	1.221847E+1
9.019981E+2	1.221300E+1
9.022425E+2	1.190153E+1
9.024868E+2	1.187967E+1
9.027311E+2	1.174306E+1
9.029754E+2	1.155180E+1
9.032196E+2	1.147530E+1
9.034639E+2	1.172666E+1
9.037082E+2	1.125125E+1
9.039524E+2	1.119114E+1
9.041967E+2	1.090153E+1
9.044409E+2	1.077038E+1
9.046851E+2	1.093978E+1
9.049293E+2	1.109825E+1
9.051736E+2	1.105453E+1
9.054177E+2	1.098349E+1
9.056619E+2	1.120754E+1
9.059061E+2	1.121300E+1
9.061503E+2	1.132776E+1
9.063944E+2	1.133869E+1
9.066386E+2	1.101082E+1
9.068827E+2	1.094524E+1
9.071269E+2	1.099442E+1
9.073710E+2	1.107639E+1
9.076151E+2	1.114196E+1
9.078592E+2	1.132229E+1
9.081033E+2	1.118022E+1
9.083474E+2	1.132229E+1
9.085915E+2	1.128404E+1
9.088355E+2	1.112011E+1
9.090796E+2	1.107093E+1
9.093236E+2	1.118568E+1
9.095677E+2	1.115289E+1
9.098117E+2	1.099989E+1
9.100557E+2	1.107639E+1
9.102997E+2	1.098896E+1
9.105437E+2	1.114743E+1
9.107877E+2	1.130043E+1
9.110317E+2	1.136054E+1
9.112757E+2	1.129497E+1
9.115197E+2	1.117475E+1
9.117636E+2	1.103814E+1
9.120076E+2	1.107639E+1
9.122515E+2	1.109825E+1
9.124954E+2	1.096164E+1
9.127393E+2	1.103267E+1
9.129832E+2	1.131683E+1
9.132271E+2	1.105453E+1
9.134710E+2	1.101082E+1
9.137149E+2	1.074306E+1
9.139588E+2	1.067748E+1
9.142026E+2	1.062830E+1
9.144465E+2	1.054087E+1
9.146903E+2	1.055726E+1
9.149342E+2	1.067202E+1
9.151780E+2	1.096164E+1
9.154218E+2	1.116382E+1
9.156656E+2	1.098896E+1
9.159094E+2	1.082502E+1
9.161532E+2	1.079770E+1
9.163970E+2	1.076492E+1
9.166408E+2	1.101082E+1
9.168845E+2	1.114196E+1
9.171283E+2	1.144251E+1
9.173720E+2	1.169934E+1
9.176157E+2	1.207093E+1
9.178595E+2	1.222940E+1
9.181032E+2	1.230590E+1
9.183469E+2	1.209278E+1
9.185906E+2	1.232229E+1
9.188343E+2	1.229497E+1
9.190779E+2	1.253541E+1
9.193216E+2	1.234961E+1
9.195653E+2	1.223486E+1
9.198089E+2	1.195617E+1
9.200525E+2	1.180863E+1
9.202962E+2	1.167202E+1
9.205398E+2	1.144798E+1
9.207834E+2	1.167202E+1
9.210270E+2	1.201628E+1
9.212706E+2	1.210371E+1
9.215142E+2	1.208732E+1
9.217577E+2	1.213650E+1
9.220013E+2	1.205453E+1
9.222449E+2	1.195071E+1
9.224884E+2	1.195617E+1
9.227319E+2	1.178677E+1
9.229755E+2	1.166655E+1
9.232190E+2	1.154087E+1
9.234625E+2	1.173759E+1
9.237060E+2	1.160098E+1
9.239495E+2	1.171573E+1
9.241930E+2	1.157912E+1
9.244364E+2	1.142612E+1
9.246799E+2	1.156273E+1
9.249233E+2	1.147530E+1
9.251668E+2	1.165563E+1
9.254102E+2	1.155180E+1
9.256536E+2	1.138240E+1
9.258971E+2	1.122940E+1
9.261405E+2	1.132229E+1
9.263839E+2	1.152994E+1
9.266272E+2	1.150808E+1
9.268706E+2	1.178677E+1
9.271140E+2	1.183049E+1
9.273573E+2	1.198349E+1
9.276007E+2	1.193431E+1
9.278440E+2	1.178131E+1
9.280874E+2	1.180317E+1
9.283307E+2	1.190153E+1
9.285740E+2	1.221847E+1
9.288173E+2	1.224033E+1
9.290606E+2	1.207093E+1
9.293039E+2	1.216929E+1
9.295471E+2	1.220754E+1
9.297904E+2	1.247530E+1
9.300337E+2	1.225125E+1
9.302769E+2	1.198349E+1
9.305201E+2	1.192885E+1
9.307634E+2	1.214196E+1
9.310066E+2	1.209825E+1
9.312498E+2	1.208186E+1
9.314930E+2	1.184688E+1
9.317362E+2	1.164470E+1
9.319794E+2	1.149169E+1
9.322225E+2	1.140426E+1
9.324657E+2	1.107093E+1
9.327088E+2	1.094524E+1
9.329520E+2	1.086874E+1
9.331951E+2	1.102721E+1
9.334382E+2	1.124579E+1
9.336814E+2	1.137694E+1
9.339245E+2	1.116929E+1
9.341676E+2	1.125125E+1
9.344106E+2	1.144251E+1
9.346537E+2	1.173213E+1
9.348968E+2	1.191792E+1
9.351398E+2	1.205453E+1
9.353829E+2	1.213104E+1
9.356259E+2	1.193431E+1
9.358690E+2	1.162284E+1
9.361120E+2	1.138787E+1
9.363550E+2	1.146983E+1
9.365980E+2	1.126218E+1
9.368410E+2	1.126765E+1
9.370840E+2	1.148623E+1
9.373269E+2	1.144251E+1
9.375699E+2	1.151355E+1
9.378129E+2	1.169388E+1
9.380558E+2	1.171573E+1
9.382987E+2	1.150808E+1
9.385417E+2	1.178677E+1
9.387846E+2	1.154087E+1
9.390275E+2	1.184688E+1
9.392704E+2	1.215836E+1
9.395133E+2	1.236601E+1
9.397562E+2	1.240426E+1
9.399990E+2	1.236054E+1
9.402419E+2	1.230043E+1
9.404847E+2	1.236054E+1
9.407276E+2	1.230043E+1
9.409704E+2	1.222393E+1
9.412132E+2	1.208732E+1
9.414560E+2	1.239880E+1
9.416988E+2	1.225672E+1
9.419416E+2	1.226218E+1
9.421844E+2	1.207639E+1
9.424272E+2	1.195617E+1
9.426700E+2	1.167748E+1
9.429127E+2	1.179224E+1
9.431555E+2	1.180863E+1
9.433982E+2	1.170481E+1
9.436409E+2	1.164470E+1
9.438837E+2	1.163377E+1
9.441264E+2	1.164470E+1
9.443691E+2	1.166109E+1
9.446118E+2	1.146437E+1
9.448544E+2	1.165563E+1
9.450971E+2	1.172666E+1
9.453398E+2	1.194524E+1
9.455824E+2	1.185235E+1
9.458251E+2	1.195617E+1
9.460677E+2	1.209278E+1
9.463103E+2	1.222393E+1
9.465530E+2	1.230590E+1
9.467956E+2	1.226218E+1
9.470382E+2	1.203814E+1
9.472807E+2	1.219114E+1
9.475233E+2	1.224033E+1
9.477659E+2	1.227311E+1
9.480084E+2	1.228951E+1
9.482510E+2	1.202721E+1
9.484935E+2	1.201628E+1
9.487361E+2	1.218568E+1
9.489786E+2	1.263377E+1
9.492211E+2	1.260645E+1
9.494636E+2	1.254634E+1
9.497061E+2	1.241519E+1
9.499486E+2	1.222940E+1
9.501911E+2	1.239333E+1
9.504335E+2	1.246437E+1
9.506760E+2	1.244798E+1
9.509184E+2	1.254087E+1
9.511609E+2	1.260645E+1
9.514033E+2	1.287420E+1
9.516457E+2	1.297803E+1
9.518881E+2	1.280863E+1
9.521305E+2	1.265016E+1
9.523729E+2	1.279224E+1
9.526153E+2	1.287420E+1
9.528576E+2	1.291246E+1
9.531000E+2	1.291246E+1
9.533424E+2	1.300535E+1
9.535847E+2	1.308186E+1
9.538270E+2	1.296710E+1
9.540694E+2	1.276492E+1
9.543117E+2	1.260645E+1
9.545540E+2	1.252994E+1
9.547963E+2	1.250262E+1
9.550386E+2	1.252994E+1
9.552808E+2	1.252994E+1
9.555231E+2	1.255726E+1
9.557654E+2	1.227311E+1
9.560076E+2	1.239333E+1
9.562498E+2	1.209825E+1
9.564921E+2	1.220754E+1
9.567343E+2	1.218022E+1
9.569765E+2	1.221847E+1
9.572187E+2	1.238240E+1
9.574609E+2	1.261737E+1
9.577031E+2	1.233869E+1
9.579452E+2	1.240972E+1
9.581874E+2	1.240972E+1
9.584296E+2	1.254087E+1
9.586717E+2	1.265563E+1
9.589138E+2	1.271027E+1
9.591560E+2	1.255726E+1
9.593981E+2	1.252994E+1
9.596402E+2	1.245344E+1
9.598823E+2	1.247530E+1
9.601244E+2	1.232229E+1
9.603664E+2	1.244798E+1
9.606085E+2	1.232776E+1
9.608506E+2	1.231683E+1
9.610926E+2	1.230043E+1
9.613347E+2	1.260645E+1
9.615767E+2	1.257366E+1
9.618187E+2	1.298349E+1
9.620607E+2	1.272666E+1
9.623027E+2	1.272666E+1
9.625447E+2	1.269388E+1
9.627867E+2	1.250262E+1
9.630287E+2	1.263923E+1
9.632706E+2	1.260098E+1
9.635126E+2	1.250808E+1
9.637545E+2	1.222393E+1
9.639965E+2	1.221847E+1
9.642384E+2	1.218022E+1
9.644803E+2	1.216929E+1
9.647222E+2	1.244798E+1
9.649641E+2	1.233322E+1
9.652060E+2	1.241519E+1
9.654479E+2	1.259552E+1
9.656897E+2	1.249169E+1
9.659316E+2	1.237147E+1
9.661734E+2	1.231136E+1
9.664153E+2	1.209278E+1
9.666571E+2	1.215836E+1
9.668989E+2	1.265563E+1
9.671408E+2	1.278131E+1
9.673826E+2	1.275945E+1
9.676243E+2	1.271573E+1
9.678661E+2	1.282502E+1
9.681079E+2	1.285235E+1
9.683497E+2	1.288513E+1
9.685914E+2	1.290699E+1
9.688332E+2	1.301628E+1
9.690749E+2	1.311464E+1
9.693166E+2	1.313650E+1
9.695583E+2	1.322393E+1
9.698001E+2	1.330043E+1
9.700417E+2	1.329497E+1
9.702834E+2	1.334961E+1
9.705251E+2	1.351901E+1
9.707668E+2	1.345344E+1
9.710084E+2	1.360645E+1
9.712501E+2	1.361191E+1
9.714917E+2	1.365563E+1
9.717334E+2	1.386874E+1
9.719750E+2	1.393978E+1
9.722166E+2	1.424579E+1
9.724582E+2	1.438787E+1
9.726998E+2	1.418022E+1
9.729414E+2	1.399442E+1
9.731830E+2	1.393978E+1
9.734245E+2	1.399442E+1
9.736661E+2	1.387967E+1
9.739076E+2	1.426218E+1
9.741492E+2	1.415289E+1
9.743907E+2	1.425125E+1
9.746322E+2	1.422393E+1
9.748737E+2	1.431136E+1
9.751152E+2	1.445344E+1
9.753567E+2	1.448076E+1
9.755982E+2	1.428404E+1
9.758396E+2	1.412011E+1
9.760811E+2	1.392339E+1
9.763226E+2	1.417475E+1
9.765640E+2	1.406546E+1
9.768054E+2	1.406000E+1
9.770468E+2	1.387420E+1
9.772883E+2	1.393431E+1
9.775297E+2	1.403814E+1
9.777711E+2	1.402721E+1
9.780124E+2	1.392885E+1
9.782538E+2	1.399442E+1
9.784952E+2	1.396710E+1
9.787365E+2	1.391246E+1
9.789779E+2	1.385781E+1
9.792192E+2	1.391246E+1
9.794605E+2	1.372666E+1
9.797019E+2	1.371027E+1
9.799432E+2	1.361737E+1
9.801845E+2	1.340972E+1
9.804257E+2	1.349169E+1
9.806670E+2	1.354634E+1
9.809083E+2	1.351901E+1
9.811496E+2	1.396710E+1
9.813908E+2	1.391792E+1
9.816320E+2	1.351901E+1
9.818733E+2	1.337147E+1
9.821145E+2	1.356273E+1
9.823557E+2	1.361737E+1
9.825969E+2	1.374306E+1
9.828381E+2	1.362830E+1
9.830793E+2	1.384688E+1
9.833205E+2	1.373759E+1
9.835616E+2	1.372666E+1
9.838028E+2	1.348623E+1
9.840439E+2	1.366655E+1
9.842851E+2	1.360645E+1
9.845262E+2	1.340972E+1
9.847673E+2	1.337694E+1
9.850084E+2	1.332776E+1
9.852495E+2	1.362830E+1
9.854906E+2	1.368841E+1
9.857317E+2	1.357912E+1
9.859727E+2	1.336601E+1
9.862138E+2	1.320754E+1
9.864549E+2	1.301628E+1
9.866959E+2	1.267202E+1
9.869369E+2	1.232776E+1
9.871779E+2	1.232229E+1
9.874190E+2	1.232229E+1
9.876600E+2	1.251901E+1
9.879010E+2	1.257912E+1
9.881419E+2	1.271027E+1
9.883829E+2	1.306546E+1
9.886239E+2	1.277038E+1
9.888648E+2	1.292339E+1
9.891058E+2	1.303814E+1
9.893467E+2	1.316929E+1
9.895876E+2	1.330590E+1
9.898285E+2	1.315289E+1
9.900695E+2	1.325125E+1
9.903104E+2	1.331136E+1
9.905512E+2	1.338240E+1
9.907921E+2	1.341519E+1
9.910330E+2	1.350262E+1
9.912738E+2	1.329497E+1
9.915147E+2	1.361191E+1
9.917555E+2	1.379770E+1
9.919964E+2	1.390153E+1
9.922372E+2	1.402175E+1
9.924780E+2	1.416929E+1
9.927188E+2	1.429497E+1
9.929596E+2	1.442065E+1
9.932004E+2	1.452994E+1
9.934411E+2	1.457366E+1
9.936819E+2	1.463377E+1
9.939227E+2	1.450808E+1
9.941634E+2	1.461737E+1
9.944041E+2	1.471027E+1
9.946449E+2	1.472666E+1
9.948856E+2	1.464470E+1
9.951263E+2	1.468295E+1
9.953670E+2	1.478677E+1
9.956077E+2	1.484688E+1
9.958483E+2	1.458459E+1
9.960890E+2	1.450808E+1
9.963297E+2	1.466109E+1
9.965703E+2	1.449169E+1
9.968109E+2	1.427858E+1
9.970516E+2	1.426218E+1
9.972922E+2	1.397803E+1
9.975328E+2	1.390699E+1
9.977734E+2	1.366109E+1
9.980140E+2	1.360645E+1
9.982546E+2	1.350262E+1
9.984951E+2	1.371573E+1
9.987357E+2	1.347530E+1
9.989763E+2	1.362284E+1
9.992168E+2	1.384142E+1
9.994573E+2	1.401628E+1
9.996978E+2	1.413104E+1
9.999384E+2	1.392339E+1
1.000179E+3	1.383049E+1
1.000419E+3	1.376492E+1
1.000660E+3	1.396710E+1
1.000900E+3	1.416382E+1
1.001141E+3	1.428404E+1
1.001381E+3	1.448623E+1
1.001622E+3	1.447530E+1
1.001862E+3	1.460645E+1
1.002103E+3	1.472120E+1
1.002343E+3	1.473759E+1
1.002583E+3	1.471027E+1
1.002824E+3	1.432776E+1
1.003064E+3	1.390153E+1
1.003305E+3	1.401082E+1
1.003545E+3	1.385781E+1
1.003785E+3	1.367748E+1
1.004026E+3	1.345344E+1
1.004266E+3	1.338787E+1
1.004506E+3	1.339333E+1
1.004747E+3	1.343705E+1
1.004987E+3	1.344251E+1
1.005227E+3	1.338240E+1
1.005468E+3	1.327311E+1
1.005708E+3	1.302175E+1
1.005948E+3	1.308186E+1
1.006188E+3	1.306546E+1
1.006429E+3	1.310918E+1
1.006669E+3	1.295071E+1
1.006909E+3	1.290699E+1
1.007149E+3	1.277038E+1
1.007390E+3	1.298349E+1
1.007630E+3	1.291246E+1
1.007870E+3	1.287967E+1
1.008110E+3	1.263923E+1
1.008350E+3	1.275945E+1
1.008590E+3	1.304907E+1
1.008831E+3	1.302175E+1
1.009071E+3	1.287967E+1
1.009311E+3	1.263377E+1
1.009551E+3	1.266109E+1
1.009791E+3	1.251901E+1
1.010031E+3	1.248076E+1
1.010271E+3	1.249716E+1
1.010511E+3	1.238240E+1
1.010752E+3	1.254634E+1
1.010992E+3	1.249716E+1
1.011232E+3	1.265563E+1
1.011472E+3	1.256819E+1
1.011712E+3	1.244251E+1
1.011952E+3	1.251355E+1
1.012192E+3	1.246437E+1
1.012432E+3	1.234415E+1
1.012672E+3	1.234961E+1
1.012912E+3	1.260098E+1
1.013152E+3	1.233322E+1
1.013392E+3	1.220754E+1
1.013632E+3	1.200535E+1
1.013872E+3	1.204360E+1
1.014112E+3	1.202175E+1
1.014352E+3	1.220207E+1
1.014591E+3	1.238240E+1
1.014831E+3	1.255180E+1
1.015071E+3	1.267202E+1
1.015311E+3	1.257912E+1
1.015551E+3	1.251355E+1
1.015791E+3	1.249716E+1
1.016031E+3	1.262830E+1
1.016271E+3	1.278677E+1
1.016511E+3	1.268841E+1
1.016750E+3	1.251901E+1
1.016990E+3	1.239880E+1
1.017230E+3	1.249169E+1
1.017470E+3	1.280863E+1
1.017710E+3	1.307639E+1
1.017949E+3	1.323486E+1
1.018189E+3	1.333322E+1
1.018429E+3	1.328404E+1
1.018669E+3	1.360098E+1
1.018908E+3	1.359552E+1
1.019148E+3	1.355726E+1
1.019388E+3	1.341519E+1
1.019628E+3	1.362830E+1
1.019867E+3	1.381410E+1
1.020107E+3	1.392339E+1
1.020347E+3	1.406546E+1
1.020586E+3	1.395617E+1
1.020826E+3	1.386328E+1
1.021066E+3	1.375399E+1
1.021305E+3	1.383049E+1
1.021545E+3	1.403814E+1
1.021785E+3	1.383049E+1
1.022024E+3	1.373759E+1
1.022264E+3	1.389606E+1
1.022504E+3	1.393431E+1
1.022743E+3	1.420754E+1
1.022983E+3	1.409825E+1
1.023222E+3	1.389606E+1
1.023462E+3	1.385781E+1
1.023702E+3	1.384142E+1
1.023941E+3	1.399989E+1
1.024181E+3	1.414743E+1
1.024420E+3	1.396710E+1
1.024660E+3	1.391246E+1
1.024899E+3	1.368295E+1
1.025139E+3	1.368841E+1
1.025378E+3	1.358459E+1
1.025618E+3	1.347530E+1
1.025857E+3	1.340972E+1
1.026097E+3	1.326765E+1
1.026336E+3	1.324579E+1
1.026575E+3	1.323486E+1
1.026815E+3	1.320754E+1
1.027054E+3	1.331683E+1
1.027294E+3	1.344251E+1
1.027533E+3	1.315836E+1
1.027773E+3	1.344798E+1
1.028012E+3	1.357366E+1
1.028251E+3	1.349169E+1
1.028491E+3	1.348623E+1
1.028730E+3	1.344251E+1
1.028969E+3	1.316929E+1
1.029209E+3	1.293431E+1
1.029448E+3	1.277584E+1
1.029687E+3	1.289606E+1
1.029927E+3	1.294524E+1
1.030166E+3	1.297803E+1
1.030405E+3	1.299442E+1
1.030645E+3	1.282502E+1
1.030884E+3	1.268295E+1
1.031123E+3	1.257366E+1
1.031362E+3	1.271027E+1
1.031602E+3	1.295617E+1
1.031841E+3	1.290153E+1
1.032080E+3	1.274306E+1
1.032319E+3	1.263377E+1
1.032558E+3	1.240426E+1
1.032798E+3	1.233869E+1
1.033037E+3	1.251355E+1
1.033276E+3	1.228951E+1
1.033515E+3	1.215836E+1
1.033754E+3	1.209825E+1
1.033993E+3	1.228951E+1
1.034233E+3	1.226218E+1
1.034472E+3	1.208732E+1
1.034711E+3	1.200535E+1
1.034950E+3	1.186328E+1
1.035189E+3	1.194524E+1
1.035428E+3	1.166655E+1
1.035667E+3	1.149716E+1
1.035906E+3	1.147530E+1
1.036145E+3	1.124033E+1
1.036384E+3	1.126765E+1
1.036623E+3	1.119114E+1
1.036862E+3	1.106000E+1
1.037101E+3	1.099442E+1
1.037340E+3	1.080317E+1
1.037579E+3	1.062284E+1
1.037818E+3	1.062284E+1
1.038057E+3	1.036601E+1
1.038296E+3	1.043705E+1
1.038535E+3	1.047530E+1
1.038774E+3	1.057366E+1
1.039013E+3	1.063923E+1
1.039252E+3	1.058459E+1
1.039491E+3	1.053541E+1
1.039730E+3	1.062830E+1
1.039969E+3	1.089060E+1
1.040208E+3	1.076492E+1
1.040447E+3	1.061191E+1
1.040685E+3	1.095071E+1
1.040924E+3	1.096164E+1
1.041163E+3	1.087420E+1
1.041402E+3	1.084688E+1
1.041641E+3	1.080317E+1
1.041880E+3	1.078677E+1
1.042118E+3	1.093431E+1
1.042357E+3	1.076492E+1
1.042596E+3	1.085235E+1
1.042835E+3	1.096710E+1
1.043074E+3	1.078131E+1
1.043312E+3	1.072120E+1
1.043551E+3	1.071573E+1
1.043790E+3	1.090153E+1
1.044029E+3	1.091792E+1
1.044267E+3	1.072666E+1
1.044506E+3	1.055726E+1
1.044745E+3	1.054634E+1
1.044983E+3	1.057366E+1
1.045222E+3	1.056273E+1
1.045461E+3	1.061737E+1
1.045699E+3	1.057366E+1
1.045938E+3	1.051355E+1
1.046177E+3	1.022393E+1
1.046415E+3	1.003267E+1
1.046654E+3	9.917921E+0
1.046893E+3	1.002721E+1
1.047131E+3	1.006546E+1
1.047370E+3	1.012011E+1
1.047608E+3	9.983494E+0
1.047847E+3	1.005453E+1
1.048086E+3	1.005453E+1
1.048324E+3	1.003267E+1
1.048563E+3	9.781309E+0
1.048801E+3	9.699341E+0
1.049040E+3	9.529943E+0
1.049278E+3	9.502620E+0
1.049517E+3	9.437046E+0
1.049755E+3	9.458904E+0
1.049994E+3	9.568194E+0
1.050232E+3	9.693877E+0
1.050471E+3	9.584587E+0
1.050709E+3	9.529943E+0
1.050948E+3	9.743057E+0
1.051186E+3	9.901527E+0
1.051424E+3	9.775844E+0
1.051663E+3	9.639232E+0
1.051901E+3	9.491691E+0
1.052140E+3	9.606445E+0
1.052378E+3	9.753986E+0
1.052616E+3	9.939779E+0
1.052855E+3	9.972566E+0
1.053093E+3	9.972566E+0
1.053332E+3	9.775844E+0
1.053570E+3	9.890598E+0
1.053808E+3	1.002175E+1
1.054047E+3	1.025672E+1
1.054285E+3	1.020207E+1
1.054523E+3	9.994423E+0
1.054761E+3	9.972566E+0
1.055000E+3	1.002175E+1
1.055238E+3	9.721199E+0
1.055476E+3	9.770380E+0
1.055715E+3	9.808631E+0
1.055953E+3	9.868740E+0
1.056191E+3	9.617374E+0
1.056429E+3	9.644697E+0
1.056667E+3	9.611910E+0
1.056906E+3	9.775844E+0
1.057144E+3	9.633768E+0
1.057382E+3	9.475298E+0
1.057620E+3	9.584587E+0
1.057858E+3	9.513549E+0
1.058097E+3	9.524478E+0
1.058335E+3	9.218467E+0
1.058573E+3	9.300434E+0
1.058811E+3	9.480762E+0
1.059049E+3	9.748522E+0
1.059287E+3	9.737593E+0
1.059525E+3	9.529943E+0
1.059763E+3	9.426117E+0
1.060001E+3	9.360544E+0
1.060239E+3	9.256719E+0
1.060478E+3	9.278576E+0
1.060716E+3	9.338686E+0
1.060954E+3	9.426117E+0
1.061192E+3	9.480762E+0
1.061430E+3	9.125571E+0
1.061668E+3	8.721199E+0
1.061906E+3	8.655626E+0
1.062144E+3	8.568194E+0
1.062382E+3	8.502620E+0
1.062620E+3	8.486227E+0
1.062858E+3	8.311363E+0
1.063096E+3	8.349615E+0
1.063333E+3	8.147429E+0
1.063571E+3	8.387866E+0
1.063809E+3	8.344150E+0
1.064047E+3	8.349615E+0
1.064285E+3	8.349615E+0
1.064523E+3	8.469833E+0
1.064761E+3	8.502620E+0
1.064999E+3	8.622839E+0
1.065237E+3	8.688412E+0
1.065474E+3	8.551800E+0
1.065712E+3	8.338686E+0
1.065950E+3	8.344150E+0
1.066188E+3	8.382402E+0
1.066426E+3	8.486227E+0
1.066664E+3	8.284041E+0
1.066901E+3	7.945243E+0
1.067139E+3	7.967101E+0
1.067377E+3	7.950708E+0
1.067615E+3	7.797702E+0
1.067852E+3	7.693877E+0
1.068090E+3	7.480762E+0
1.068328E+3	7.229396E+0
1.068566E+3	7.076391E+0
1.068803E+3	7.043604E+0
1.069041E+3	6.857811E+0
1.069279E+3	6.934314E+0
1.069516E+3	7.032675E+0
1.069754E+3	7.114642E+0
1.069992E+3	7.065462E+0
1.070229E+3	7.152893E+0
1.070467E+3	7.027210E+0
1.070705E+3	7.207538E+0
1.070942E+3	7.125571E+0
1.071180E+3	7.043604E+0
1.071418E+3	6.830489E+0
1.071655E+3	6.885134E+0
1.071893E+3	6.792238E+0
1.072130E+3	6.841418E+0
1.072368E+3	6.885134E+0
1.072605E+3	6.890598E+0
1.072843E+3	7.163822E+0
1.073081E+3	7.049068E+0
1.073318E+3	6.999888E+0
1.073556E+3	6.978030E+0
1.073793E+3	6.868740E+0
1.074031E+3	6.934314E+0
1.074268E+3	6.874205E+0
1.074506E+3	6.972566E+0
1.074743E+3	7.098249E+0
1.074981E+3	6.786773E+0
1.075218E+3	7.038139E+0
1.075455E+3	7.147429E+0
1.075693E+3	7.234861E+0
1.075930E+3	7.338686E+0
1.076168E+3	7.497156E+0
1.076405E+3	7.693877E+0
1.076642E+3	7.732128E+0
1.076880E+3	7.721199E+0
1.077117E+3	7.606445E+0
1.077355E+3	7.945243E+0
1.077592E+3	8.169287E+0
1.077829E+3	8.202074E+0
1.078067E+3	8.240325E+0
1.078304E+3	8.344150E+0
1.078541E+3	8.513549E+0
1.078779E+3	8.573658E+0
1.079016E+3	8.600981E+0
1.079253E+3	8.633768E+0
1.079490E+3	8.311363E+0
1.079728E+3	8.240325E+0
1.079965E+3	8.081855E+0
1.080202E+3	7.928850E+0
1.080439E+3	7.688412E+0
1.080677E+3	7.726664E+0
1.080914E+3	7.682948E+0
1.081151E+3	7.901527E+0
1.081388E+3	8.141964E+0
1.081625E+3	7.999888E+0
1.081863E+3	7.710270E+0
1.082100E+3	7.967101E+0
1.082337E+3	7.928850E+0
1.082574E+3	8.213003E+0
1.082811E+3	8.469833E+0
1.083048E+3	8.584587E+0
1.083285E+3	8.376937E+0
1.083522E+3	8.404259E+0
1.083760E+3	8.557265E+0
1.083997E+3	8.475298E+0
1.084234E+3	8.600981E+0
1.084471E+3	8.655626E+0
1.084708E+3	8.628303E+0
1.084945E+3	8.677484E+0
1.085182E+3	8.753986E+0
1.085419E+3	8.863276E+0
1.085656E+3	9.125571E+0
1.085893E+3	9.344150E+0
1.086130E+3	9.267647E+0
1.086367E+3	9.595516E+0
1.086604E+3	9.415188E+0
1.086841E+3	9.366008E+0
1.087078E+3	9.273112E+0
1.087315E+3	9.196609E+0
1.087552E+3	9.218467E+0
1.087789E+3	9.152893E+0
1.088026E+3	8.885134E+0
1.088262E+3	8.732128E+0
1.088499E+3	8.868740E+0
1.088736E+3	9.005352E+0
1.088973E+3	8.715735E+0
1.089210E+3	8.803167E+0
1.089447E+3	8.983494E+0
1.089684E+3	8.775844E+0
1.089921E+3	8.611910E+0
1.090157E+3	8.666555E+0
1.090394E+3	8.590052E+0
1.090631E+3	8.928850E+0
1.090868E+3	8.726664E+0
1.091105E+3	8.814096E+0
1.091341E+3	8.885134E+0
1.091578E+3	8.945243E+0
1.091815E+3	8.650161E+0
1.092052E+3	8.617374E+0
1.092288E+3	8.764915E+0
1.092525E+3	8.699341E+0
1.092762E+3	8.371473E+0
1.092999E+3	8.251254E+0
1.093235E+3	8.021746E+0
1.093472E+3	7.721199E+0
1.093709E+3	7.497156E+0
1.093945E+3	7.639232E+0
1.094182E+3	7.442511E+0
1.094419E+3	7.633768E+0
1.094655E+3	7.606445E+0
1.094892E+3	7.857811E+0
1.095128E+3	7.890598E+0
1.095365E+3	7.841418E+0
1.095602E+3	7.557265E+0
1.095838E+3	7.327757E+0
1.096075E+3	7.366008E+0
1.096311E+3	7.464369E+0
1.096548E+3	7.109178E+0
1.096784E+3	7.141964E+0
1.097021E+3	7.174751E+0
1.097258E+3	6.814096E+0
1.097494E+3	6.617374E+0
1.097731E+3	6.775844E+0
1.097967E+3	6.633768E+0
1.098204E+3	6.491691E+0
1.098440E+3	6.491691E+0
1.098677E+3	6.437046E+0
1.098913E+3	6.508085E+0
1.099149E+3	6.579123E+0
1.099386E+3	6.584587E+0
1.099622E+3	6.458904E+0
1.099859E+3	6.316828E+0
1.100095E+3	6.207538E+0
1.100332E+3	6.131035E+0
1.100568E+3	6.333221E+0
1.100804E+3	6.109178E+0
1.101041E+3	6.180216E+0
1.101277E+3	6.267647E+0
1.101513E+3	6.158358E+0
1.101750E+3	6.152893E+0
1.101986E+3	6.262183E+0
1.102222E+3	6.360544E+0
1.102459E+3	6.437046E+0
1.102695E+3	6.672019E+0
1.102931E+3	6.513549E+0
1.103168E+3	6.677484E+0
1.103404E+3	6.999888E+0
1.103640E+3	6.841418E+0
1.103876E+3	6.967101E+0
1.104113E+3	7.131035E+0
1.104349E+3	7.081855E+0
1.104585E+3	7.125571E+0
1.104821E+3	7.202074E+0
1.105057E+3	6.956172E+0
1.105294E+3	6.852347E+0
1.105530E+3	6.715735E+0
1.105766E+3	6.704806E+0
1.106002E+3	6.726664E+0
1.106238E+3	6.819560E+0
1.106474E+3	6.803167E+0
1.106711E+3	6.704806E+0
1.106947E+3	6.590052E+0
1.107183E+3	6.764915E+0
1.107419E+3	6.770380E+0
1.107655E+3	6.814096E+0
1.107891E+3	7.049068E+0
1.108127E+3	7.223932E+0
1.108363E+3	8.223932E+0
1.108599E+3	-7.760684E-1
1.108835E+3	1.389060E+1
1.109071E+3	1.555726E+1
1.109307E+3	1.589060E+1
1.109543E+3	9.223932E+0
1.109779E+3	1.389060E+1
1.110015E+3	5.890598E+0
1.110251E+3	1.622393E+1
1.110487E+3	1.755726E+1
1.110723E+3	2.557265E+0
1.110959E+3	1.122393E+1
1.111195E+3	1.955726E+1
1.111431E+3	4.557265E+0
1.111667E+3	1.589060E+1
1.111903E+3	4.557265E+0
1.112139E+3	1.557265E+0
1.112375E+3	-7.760684E-1
1.112611E+3	3.557265E+0
1.112847E+3	9.557265E+0
1.113082E+3	4.223932E+0
1.113318E+3	6.223932E+0
1.113554E+3	1.455726E+1
1.113790E+3	5.890598E+0
1.114026E+3	4.223932E+0
1.114262E+3	6.223932E+0
1.114497E+3	1.122393E+1
1.114733E+3	3.223932E+0
1.114969E+3	9.890598E+0
