1.951292E+2	0.000000E+0
1.953960E+2	0.000000E+0
1.956629E+2	0.000000E+0
1.959298E+2	0.000000E+0
1.961966E+2	0.000000E+0
1.964635E+2	0.000000E+0
1.967303E+2	0.000000E+0
1.969972E+2	0.000000E+0
1.972640E+2	0.000000E+0
1.975308E+2	0.000000E+0
1.977977E+2	0.000000E+0
1.980645E+2	0.000000E+0
1.983313E+2	0.000000E+0
1.985981E+2	0.000000E+0
1.988649E+2	0.000000E+0
1.991316E+2	0.000000E+0
1.993984E+2	0.000000E+0
1.996652E+2	0.000000E+0
1.999320E+2	0.000000E+0
2.001987E+2	0.000000E+0
2.004655E+2	0.000000E+0
2.007322E+2	0.000000E+0
2.009989E+2	0.000000E+0
2.012657E+2	0.000000E+0
2.015324E+2	0.000000E+0
2.017991E+2	0.000000E+0
2.020658E+2	0.000000E+0
2.023325E+2	0.000000E+0
2.025992E+2	0.000000E+0
2.028659E+2	0.000000E+0
2.031326E+2	0.000000E+0
2.033992E+2	0.000000E+0
2.036659E+2	0.000000E+0
2.039325E+2	0.000000E+0
2.041992E+2	0.000000E+0
2.044658E+2	0.000000E+0
2.047325E+2	0.000000E+0
2.049991E+2	0.000000E+0
2.052657E+2	0.000000E+0
2.055323E+2	0.000000E+0
2.057989E+2	0.000000E+0
2.060655E+2	0.000000E+0
2.063321E+2	0.000000E+0
2.065987E+2	0.000000E+0
2.068653E+2	0.000000E+0
2.071319E+2	0.000000E+0
2.073984E+2	0.000000E+0
2.076650E+2	0.000000E+0
2.079315E+2	0.000000E+0
2.081981E+2	0.000000E+0
2.084646E+2	0.000000E+0
2.087311E+2	0.000000E+0
2.089977E+2	0.000000E+0
2.092642E+2	0.000000E+0
2.095307E+2	0.000000E+0
2.097972E+2	0.000000E+0
2.100637E+2	0.000000E+0
2.103302E+2	0.000000E+0
2.105966E+2	0.000000E+0
2.108631E+2	0.000000E+0
2.111296E+2	0.000000E+0
2.113960E+2	0.000000E+0
2.116625E+2	0.000000E+0
2.119289E+2	0.000000E+0
2.121954E+2	0.000000E+0
2.124618E+2	0.000000E+0
2.127282E+2	0.000000E+0
2.129946E+2	0.000000E+0
2.132610E+2	0.000000E+0
2.135274E+2	0.000000E+0
2.137938E+2	0.000000E+0
2.140602E+2	0.000000E+0
2.143266E+2	0.000000E+0
2.145930E+2	0.000000E+0
2.148593E+2	0.000000E+0
2.151257E+2	0.000000E+0
2.153920E+2	0.000000E+0
2.156584E+2	0.000000E+0
2.159247E+2	0.000000E+0
2.161910E+2	0.000000E+0
2.164574E+2	0.000000E+0
2.167237E+2	0.000000E+0
2.169900E+2	0.000000E+0
2.172563E+2	0.000000E+0
2.175226E+2	0.000000E+0
2.177889E+2	0.000000E+0
2.180551E+2	0.000000E+0
2.183214E+2	0.000000E+0
2.185877E+2	0.000000E+0
2.188539E+2	0.000000E+0
2.191202E+2	0.000000E+0
2.193864E+2	0.000000E+0
2.196527E+2	0.000000E+0
2.199189E+2	0.000000E+0
2.201851E+2	0.000000E+0
2.204513E+2	0.000000E+0
2.207175E+2	0.000000E+0
2.209837E+2	0.000000E+0
2.212499E+2	0.000000E+0
2.215161E+2	0.000000E+0
2.217823E+2	0.000000E+0
2.220485E+2	0.000000E+0
2.223146E+2	0.000000E+0
2.225808E+2	0.000000E+0
2.228469E+2	0.000000E+0
2.231131E+2	0.000000E+0
2.233792E+2	0.000000E+0
2.236453E+2	0.000000E+0
2.239115E+2	0.000000E+0
2.241776E+2	0.000000E+0
2.244437E+2	0.000000E+0
2.247098E+2	0.000000E+0
2.249759E+2	0.000000E+0
2.252420E+2	0.000000E+0
2.255080E+2	0.000000E+0
2.257741E+2	0.000000E+0
2.260402E+2	0.000000E+0
2.263062E+2	0.000000E+0
2.265723E+2	0.000000E+0
2.268383E+2	0.000000E+0
2.271044E+2	0.000000E+0
2.273704E+2	0.000000E+0
2.276364E+2	0.000000E+0
2.279024E+2	0.000000E+0
2.281684E+2	0.000000E+0
2.284344E+2	0.000000E+0
2.287004E+2	0.000000E+0
2.289664E+2	0.000000E+0
2.292324E+2	0.000000E+0
2.294984E+2	0.000000E+0
2.297643E+2	0.000000E+0
2.300303E+2	0.000000E+0
2.302962E+2	0.000000E+0
2.305622E+2	0.000000E+0
2.308281E+2	0.000000E+0
2.310940E+2	0.000000E+0
2.313599E+2	0.000000E+0
2.316259E+2	0.000000E+0
2.318918E+2	0.000000E+0
2.321577E+2	0.000000E+0
2.324236E+2	0.000000E+0
2.326894E+2	0.000000E+0
2.329553E+2	0.000000E+0
2.332212E+2	0.000000E+0
2.334871E+2	0.000000E+0
2.337529E+2	0.000000E+0
2.340188E+2	0.000000E+0
2.342846E+2	0.000000E+0
2.345504E+2	0.000000E+0
2.348163E+2	0.000000E+0
2.350821E+2	0.000000E+0
2.353479E+2	0.000000E+0
2.356137E+2	0.000000E+0
2.358795E+2	0.000000E+0
2.361453E+2	0.000000E+0
2.364111E+2	0.000000E+0
2.366769E+2	0.000000E+0
2.369426E+2	0.000000E+0
2.372084E+2	0.000000E+0
2.374741E+2	0.000000E+0
2.377399E+2	0.000000E+0
2.380056E+2	0.000000E+0
2.382714E+2	0.000000E+0
2.385371E+2	0.000000E+0
2.388028E+2	0.000000E+0
2.390685E+2	0.000000E+0
2.393342E+2	0.000000E+0
2.395999E+2	0.000000E+0
2.398656E+2	0.000000E+0
2.401313E+2	0.000000E+0
2.403970E+2	0.000000E+0
2.406626E+2	0.000000E+0
2.409283E+2	0.000000E+0
2.411940E+2	0.000000E+0
2.414596E+2	0.000000E+0
2.417252E+2	0.000000E+0
2.419909E+2	0.000000E+0
2.422565E+2	0.000000E+0
2.425221E+2	0.000000E+0
2.427877E+2	0.000000E+0
2.430533E+2	0.000000E+0
2.433189E+2	0.000000E+0
2.435845E+2	0.000000E+0
2.438501E+2	0.000000E+0
2.441157E+2	0.000000E+0
2.443812E+2	0.000000E+0
2.446468E+2	0.000000E+0
2.449124E+2	0.000000E+0
2.451779E+2	0.000000E+0
2.454434E+2	0.000000E+0
2.457090E+2	0.000000E+0
2.459745E+2	0.000000E+0
2.462400E+2	0.000000E+0
2.465055E+2	0.000000E+0
2.467710E+2	0.000000E+0
2.470365E+2	0.000000E+0
2.473020E+2	0.000000E+0
2.475675E+2	0.000000E+0
2.478330E+2	0.000000E+0
2.480984E+2	0.000000E+0
2.483639E+2	0.000000E+0
2.486294E+2	0.000000E+0
2.488948E+2	0.000000E+0
2.491602E+2	0.000000E+0
2.494257E+2	0.000000E+0
2.496911E+2	0.000000E+0
2.499565E+2	0.000000E+0
2.502219E+2	6.769987E+0
2.504873E+2	6.786381E+0
2.507527E+2	6.862884E+0
2.510181E+2	6.955780E+0
2.512835E+2	7.168894E+0
2.515489E+2	7.289113E+0
2.518142E+2	7.343758E+0
2.520796E+2	7.606053E+0
2.523449E+2	7.846490E+0
2.526103E+2	7.791845E+0
2.528756E+2	7.851955E+0
2.531409E+2	7.688020E+0
2.534063E+2	7.649769E+0
2.536716E+2	8.015889E+0
2.539369E+2	7.999496E+0
2.542022E+2	8.250862E+0
2.544675E+2	8.409332E+0
2.547328E+2	8.917528E+0
2.549980E+2	9.125179E+0
2.552633E+2	9.267255E+0
2.555286E+2	9.316435E+0
2.557938E+2	9.491299E+0
2.560591E+2	9.906599E+0
2.563243E+2	9.868348E+0
2.565896E+2	9.972173E+0
2.568548E+2	1.030004E+1
2.571200E+2	1.024540E+1
2.573852E+2	1.040387E+1
2.576504E+2	1.047491E+1
2.579156E+2	1.062791E+1
2.581808E+2	1.090113E+1
2.584460E+2	1.073720E+1
2.587112E+2	1.077545E+1
2.589763E+2	1.095578E+1
2.592415E+2	1.119622E+1
2.595067E+2	1.134922E+1
2.597718E+2	1.140933E+1
2.600369E+2	1.175906E+1
2.603021E+2	1.151316E+1
2.605672E+2	1.145305E+1
2.608323E+2	1.156780E+1
2.610974E+2	1.156234E+1
2.613625E+2	1.151862E+1
2.616276E+2	1.145305E+1
2.618927E+2	1.150769E+1
2.621578E+2	1.141480E+1
2.624229E+2	1.125086E+1
2.626880E+2	1.151316E+1
2.629530E+2	1.150769E+1
2.632181E+2	1.104868E+1
2.634831E+2	1.100496E+1
2.637482E+2	1.095578E+1
2.640132E+2	1.116889E+1
2.642782E+2	1.105414E+1
2.645432E+2	1.122900E+1
2.648082E+2	1.115797E+1
2.650732E+2	1.099950E+1
2.653382E+2	1.086288E+1
2.656032E+2	1.070441E+1
2.658682E+2	1.066070E+1
2.661332E+2	1.054594E+1
2.663981E+2	1.047491E+1
2.666631E+2	1.042573E+1
2.669281E+2	1.026179E+1
2.671930E+2	9.961244E+0
2.674579E+2	9.961244E+0
2.677229E+2	1.007600E+1
2.679878E+2	9.884741E+0
2.682527E+2	9.431190E+0
2.685176E+2	9.179823E+0
2.687825E+2	9.168894E+0
2.690474E+2	9.103321E+0
2.693123E+2	9.119714E+0
2.695772E+2	9.048676E+0
2.698420E+2	8.912064E+0
2.701069E+2	8.884741E+0
2.703718E+2	8.917528E+0
2.706366E+2	8.873813E+0
2.709014E+2	8.606053E+0
2.711663E+2	8.354687E+0
2.714311E+2	8.125179E+0
2.716959E+2	7.933922E+0
2.719607E+2	7.808239E+0
2.722255E+2	7.720807E+0
2.724903E+2	7.731736E+0
2.727551E+2	7.616982E+0
2.730199E+2	7.442119E+0
2.732847E+2	7.442119E+0
2.735495E+2	7.223539E+0
2.738142E+2	7.119714E+0
2.740790E+2	7.081463E+0
2.743437E+2	7.152501E+0
2.746085E+2	7.447583E+0
2.748732E+2	7.174359E+0
2.751379E+2	6.857419E+0
2.754026E+2	6.819168E+0
2.756674E+2	6.682556E+0
2.759321E+2	6.769987E+0
2.761968E+2	6.556873E+0
2.764614E+2	6.808239E+0
2.767261E+2	6.819168E+0
2.769908E+2	6.824632E+0
2.772555E+2	6.748129E+0
2.775201E+2	6.797310E+0
2.777848E+2	6.944851E+0
2.780494E+2	7.157966E+0
2.783141E+2	7.136108E+0
2.785787E+2	7.414796E+0
2.788433E+2	7.212610E+0
2.791079E+2	7.048676E+0
2.793725E+2	6.944851E+0
2.796371E+2	7.037747E+0
2.799017E+2	6.742665E+0
2.801663E+2	6.403867E+0
2.804309E+2	6.584195E+0
2.806955E+2	6.305507E+0
2.809600E+2	6.294578E+0
2.812246E+2	6.627911E+0
2.814891E+2	6.660698E+0
2.817537E+2	6.835561E+0
2.820182E+2	6.917528E+0
2.822827E+2	6.819168E+0
2.825473E+2	7.037747E+0
2.828118E+2	6.955780E+0
2.830763E+2	6.835561E+0
2.833408E+2	6.884741E+0
2.836053E+2	6.775452E+0
2.838697E+2	6.551408E+0
2.841342E+2	6.354687E+0
2.843987E+2	6.354687E+0
2.846632E+2	6.278184E+0
2.849276E+2	6.529550E+0
2.851921E+2	6.420261E+0
2.854565E+2	6.152501E+0
2.857209E+2	6.103321E+0
2.859853E+2	5.709878E+0
2.862498E+2	5.513157E+0
2.865142E+2	5.354687E+0
2.867786E+2	5.376545E+0
2.870430E+2	5.343758E+0
2.873074E+2	5.321900E+0
2.875717E+2	5.086927E+0
2.878361E+2	5.196217E+0
2.881005E+2	5.185288E+0
2.883648E+2	5.037747E+0
2.886292E+2	4.939386E+0
2.888935E+2	5.125179E+0
2.891579E+2	5.168894E+0
2.894222E+2	5.026818E+0
2.896865E+2	4.994031E+0
2.899508E+2	5.021354E+0
2.902151E+2	5.119714E+0
2.904794E+2	4.884741E+0
2.907437E+2	4.922993E+0
2.910080E+2	5.179823E+0
2.912723E+2	5.463976E+0
2.915366E+2	5.403867E+0
2.918008E+2	5.316435E+0
2.920651E+2	5.261791E+0
2.923293E+2	5.300042E+0
2.925936E+2	5.196217E+0
2.928578E+2	5.196217E+0
2.931220E+2	5.048676E+0
2.933863E+2	5.015889E+0
2.936505E+2	5.032282E+0
2.939147E+2	4.983102E+0
2.941789E+2	4.791845E+0
2.944431E+2	4.704414E+0
2.947072E+2	4.600588E+0
2.949714E+2	4.595124E+0
2.952356E+2	4.737201E+0
2.954997E+2	4.780916E+0
2.957639E+2	4.392938E+0
2.960280E+2	4.573266E+0
2.962922E+2	4.600588E+0
2.965563E+2	4.458512E+0
2.968204E+2	4.545944E+0
2.970845E+2	4.354687E+0
2.973486E+2	3.977638E+0
2.976127E+2	3.660698E+0
2.978768E+2	3.485834E+0
2.981409E+2	3.447583E+0
2.984050E+2	3.491299E+0
2.986691E+2	3.294578E+0
2.989331E+2	3.392938E+0
2.991972E+2	3.409332E+0
2.994612E+2	3.310971E+0
2.997253E+2	3.289113E+0
2.999893E+2	3.365616E+0
3.002534E+2	3.365616E+0
3.005174E+2	3.442119E+0
3.007814E+2	3.387474E+0
3.010454E+2	3.223539E+0
3.013094E+2	3.316435E+0
3.015734E+2	3.600588E+0
3.018374E+2	3.627911E+0
3.021013E+2	3.895670E+0
3.023653E+2	4.092392E+0
3.026293E+2	3.944851E+0
3.028932E+2	4.048676E+0
3.031572E+2	4.086927E+0
3.034211E+2	4.015889E+0
3.036850E+2	4.174359E+0
3.039489E+2	4.223539E+0
3.042129E+2	4.272720E+0
3.044768E+2	4.305507E+0
3.047407E+2	4.185288E+0
3.050046E+2	4.130643E+0
3.052685E+2	4.054140E+0
3.055323E+2	4.305507E+0
3.057962E+2	4.453047E+0
3.060601E+2	4.780916E+0
3.063239E+2	4.693485E+0
3.065878E+2	4.720807E+0
3.068516E+2	4.693485E+0
3.071155E+2	4.622446E+0
3.073793E+2	4.562337E+0
3.076431E+2	4.294578E+0
3.079069E+2	4.065069E+0
3.081707E+2	4.272720E+0
3.084345E+2	4.502228E+0
3.086983E+2	4.638840E+0
3.089621E+2	4.720807E+0
3.092259E+2	4.715343E+0
3.094896E+2	4.780916E+0
3.097534E+2	4.698949E+0
3.100171E+2	4.759058E+0
3.102809E+2	4.748129E+0
3.105446E+2	5.114250E+0
3.108084E+2	5.097856E+0
3.110721E+2	5.141572E+0
3.113358E+2	5.207146E+0
3.115995E+2	5.332829E+0
3.118632E+2	5.300042E+0
3.121269E+2	5.420261E+0
3.123906E+2	5.332829E+0
3.126543E+2	5.436654E+0
3.129179E+2	5.474905E+0
3.131816E+2	5.502228E+0
3.134453E+2	5.327364E+0
3.137089E+2	5.644304E+0
3.139725E+2	5.540479E+0
3.142362E+2	5.513157E+0
3.144998E+2	5.398403E+0
3.147634E+2	5.414796E+0
3.150270E+2	5.365616E+0
3.152906E+2	5.474905E+0
3.155542E+2	5.830097E+0
3.158178E+2	5.698949E+0
3.160814E+2	5.644304E+0
3.163450E+2	5.704414E+0
3.166086E+2	5.791845E+0
3.168721E+2	5.917528E+0
3.171357E+2	5.868348E+0
3.173992E+2	5.742665E+0
3.176627E+2	5.545944E+0
3.179263E+2	5.633375E+0
3.181898E+2	5.698949E+0
3.184533E+2	5.731736E+0
3.187168E+2	6.065069E+0
3.189803E+2	5.709878E+0
3.192438E+2	5.649769E+0
3.195073E+2	5.786381E+0
3.197708E+2	6.212610E+0
3.200342E+2	6.168894E+0
3.202977E+2	6.305507E+0
3.205612E+2	6.382009E+0
3.208246E+2	6.720807E+0
3.210881E+2	6.966709E+0
3.213515E+2	7.037747E+0
3.216149E+2	6.961244E+0
3.218783E+2	6.835561E+0
3.221417E+2	6.786381E+0
3.224051E+2	6.791845E+0
3.226685E+2	6.704414E+0
3.229319E+2	6.562337E+0
3.231953E+2	6.573266E+0
3.234587E+2	6.392938E+0
3.237221E+2	6.365616E+0
3.239854E+2	6.912064E+0
3.242488E+2	6.791845E+0
3.245121E+2	6.387474E+0
3.247754E+2	6.070534E+0
3.250388E+2	5.830097E+0
3.253021E+2	5.830097E+0
3.255654E+2	5.835561E+0
3.258287E+2	6.114250E+0
3.260920E+2	6.261791E+0
3.263553E+2	6.474905E+0
3.266186E+2	6.081463E+0
3.268819E+2	6.141572E+0
3.271451E+2	6.272720E+0
3.274084E+2	6.201681E+0
3.276717E+2	6.360151E+0
3.279349E+2	6.759058E+0
3.281981E+2	6.436654E+0
3.284614E+2	6.693485E+0
3.287246E+2	6.551408E+0
3.289878E+2	6.666162E+0
3.292510E+2	6.873813E+0
3.295142E+2	7.392938E+0
3.297774E+2	7.480370E+0
3.300406E+2	7.764523E+0
3.303038E+2	7.606053E+0
3.305670E+2	7.764523E+0
3.308301E+2	7.857419E+0
3.310933E+2	7.753594E+0
3.313564E+2	7.535015E+0
3.316196E+2	7.365616E+0
3.318827E+2	7.540479E+0
3.321458E+2	7.529550E+0
3.324089E+2	7.649769E+0
3.326721E+2	7.616982E+0
3.329352E+2	7.573266E+0
3.331983E+2	7.535015E+0
3.334614E+2	7.742665E+0
3.337244E+2	8.010425E+0
3.339875E+2	7.841026E+0
3.342506E+2	7.802774E+0
3.345136E+2	8.037747E+0
3.347767E+2	7.797310E+0
3.350397E+2	7.966709E+0
3.353028E+2	8.015889E+0
3.355658E+2	7.704414E+0
3.358288E+2	7.431190E+0
3.360918E+2	7.250862E+0
3.363548E+2	7.130643E+0
3.366178E+2	6.955780E+0
3.368808E+2	6.562337E+0
3.371438E+2	6.354687E+0
3.374068E+2	6.108785E+0
3.376698E+2	6.054140E+0
3.379327E+2	6.108785E+0
3.381957E+2	5.922993E+0
3.384586E+2	5.709878E+0
3.387216E+2	5.873813E+0
3.389845E+2	5.912064E+0
3.392474E+2	5.884741E+0
3.395103E+2	5.802774E+0
3.397733E+2	6.043211E+0
3.400362E+2	5.737201E+0
3.402990E+2	5.627911E+0
3.405619E+2	5.851955E+0
3.408248E+2	6.010425E+0
3.410877E+2	6.272720E+0
3.413506E+2	6.737201E+0
3.416134E+2	6.753594E+0
3.418763E+2	6.261791E+0
3.421391E+2	6.163430E+0
3.424019E+2	5.928457E+0
3.426648E+2	5.950315E+0
3.429276E+2	6.152501E+0
3.431904E+2	6.130643E+0
3.434532E+2	5.890206E+0
3.437160E+2	5.802774E+0
3.439788E+2	5.715343E+0
3.442416E+2	5.780916E+0
3.445043E+2	5.666162E+0
3.447671E+2	5.540479E+0
3.450299E+2	5.496763E+0
3.452926E+2	5.321900E+0
3.455554E+2	5.229004E+0
3.458181E+2	5.108785E+0
3.460808E+2	4.955780E+0
3.463436E+2	5.343758E+0
3.466063E+2	5.229004E+0
3.468690E+2	5.065069E+0
3.471317E+2	5.130643E+0
3.473944E+2	5.606053E+0
3.476570E+2	5.496763E+0
3.479197E+2	5.453047E+0
3.481824E+2	5.562337E+0
3.484451E+2	5.655233E+0
3.487077E+2	5.644304E+0
3.489704E+2	5.698949E+0
3.492330E+2	5.906599E+0
3.494956E+2	5.950315E+0
3.497582E+2	5.862884E+0
3.500209E+2	5.939386E+0
3.502835E+2	5.693485E+0
3.505461E+2	5.480370E+0
3.508087E+2	5.442119E+0
3.510713E+2	5.436654E+0
3.513338E+2	5.376545E+0
3.515964E+2	5.655233E+0
3.518590E+2	5.474905E+0
3.521215E+2	5.518621E+0
3.523841E+2	5.584195E+0
3.526466E+2	5.693485E+0
3.529091E+2	6.130643E+0
3.531717E+2	6.245397E+0
3.534342E+2	6.709878E+0
3.536967E+2	6.660698E+0
3.539592E+2	6.518621E+0
3.542217E+2	6.332829E+0
3.544842E+2	6.305507E+0
3.547467E+2	6.086927E+0
3.550091E+2	6.086927E+0
3.552716E+2	6.201681E+0
3.555341E+2	6.600588E+0
3.557965E+2	6.589660E+0
3.560590E+2	6.841026E+0
3.563214E+2	6.994031E+0
3.565838E+2	6.988567E+0
3.568462E+2	7.054140E+0
3.571086E+2	6.994031E+0
3.573711E+2	6.666162E+0
3.576335E+2	6.775452E+0
3.578958E+2	7.048676E+0
3.581582E+2	6.977638E+0
3.584206E+2	6.851955E+0
3.586830E+2	6.994031E+0
3.589453E+2	6.573266E+0
3.592077E+2	6.431190E+0
3.594700E+2	6.731736E+0
3.597324E+2	6.808239E+0
3.599947E+2	6.759058E+0
3.602570E+2	6.999496E+0
3.605193E+2	6.955780E+0
3.607816E+2	7.136108E+0
3.610439E+2	7.491299E+0
3.613062E+2	7.616982E+0
3.615685E+2	7.447583E+0
3.618308E+2	7.491299E+0
3.620930E+2	7.616982E+0
3.623553E+2	7.600588E+0
3.626176E+2	7.764523E+0
3.628798E+2	8.032282E+0
3.631420E+2	8.021354E+0
3.634043E+2	7.753594E+0
3.636665E+2	7.906599E+0
3.639287E+2	8.015889E+0
3.641909E+2	7.955780E+0
3.644531E+2	7.857419E+0
3.647153E+2	7.999496E+0
3.649775E+2	7.988567E+0
3.652397E+2	8.103321E+0
3.655018E+2	8.010425E+0
3.657640E+2	7.819168E+0
3.660262E+2	7.955780E+0
3.662883E+2	8.037747E+0
3.665505E+2	7.802774E+0
3.668126E+2	7.802774E+0
3.670747E+2	7.611517E+0
3.673368E+2	7.578731E+0
3.675989E+2	7.715343E+0
3.678610E+2	7.901135E+0
3.681231E+2	8.037747E+0
3.683852E+2	8.010425E+0
3.686473E+2	7.895670E+0
3.689094E+2	7.595124E+0
3.691714E+2	7.376545E+0
3.694335E+2	7.021354E+0
3.696955E+2	6.928457E+0
3.699576E+2	7.163430E+0
3.702196E+2	7.130643E+0
3.704816E+2	7.321900E+0
3.707437E+2	7.300042E+0
3.710057E+2	7.327364E+0
3.712677E+2	7.300042E+0
3.715297E+2	6.791845E+0
3.717917E+2	6.742665E+0
3.720536E+2	6.507692E+0
3.723156E+2	6.436654E+0
3.725776E+2	6.360151E+0
3.728395E+2	6.371080E+0
3.731015E+2	6.174359E+0
3.733634E+2	6.234468E+0
3.736254E+2	6.032282E+0
3.738873E+2	5.922993E+0
3.741492E+2	5.879277E+0
3.744111E+2	5.906599E+0
3.746730E+2	5.950315E+0
3.749349E+2	6.321900E+0
3.751968E+2	6.332829E+0
3.754587E+2	6.130643E+0
3.757206E+2	5.961244E+0
3.759824E+2	5.764523E+0
3.762443E+2	5.627911E+0
3.765061E+2	5.731736E+0
3.767680E+2	5.671627E+0
3.770298E+2	5.278184E+0
3.772916E+2	5.114250E+0
3.775535E+2	4.988567E+0
3.778153E+2	4.928457E+0
3.780771E+2	4.764523E+0
3.783389E+2	4.387474E+0
3.786007E+2	4.015889E+0
3.788624E+2	3.616982E+0
3.791242E+2	3.507692E+0
3.793860E+2	3.447583E+0
3.796477E+2	3.616982E+0
3.799095E+2	3.562337E+0
3.801712E+2	3.649769E+0
3.804330E+2	3.786381E+0
3.806947E+2	3.688020E+0
3.809564E+2	3.819168E+0
3.812181E+2	3.698949E+0
3.814798E+2	3.666162E+0
3.817415E+2	4.097856E+0
3.820032E+2	4.168894E+0
3.822649E+2	4.234468E+0
3.825266E+2	4.354687E+0
3.827883E+2	4.474905E+0
3.830499E+2	4.688020E+0
3.833116E+2	4.463976E+0
3.835732E+2	4.157966E+0
3.838348E+2	3.988567E+0
3.840965E+2	3.868348E+0
3.843581E+2	3.873813E+0
3.846197E+2	3.933922E+0
3.848813E+2	4.037747E+0
3.851429E+2	4.174359E+0
3.854045E+2	4.354687E+0
3.856661E+2	4.305507E+0
3.859277E+2	4.141572E+0
3.861892E+2	4.229004E+0
3.864508E+2	4.075998E+0
3.867124E+2	4.147037E+0
3.869739E+2	4.070534E+0
3.872354E+2	3.994031E+0
3.874970E+2	4.403867E+0
3.877585E+2	4.638840E+0
3.880200E+2	4.666162E+0
3.882815E+2	4.961244E+0
3.885430E+2	5.097856E+0
3.888045E+2	5.010425E+0
3.890660E+2	5.190752E+0
3.893275E+2	5.103321E+0
3.895889E+2	5.250862E+0
3.898504E+2	5.196217E+0
3.901118E+2	5.321900E+0
3.903733E+2	5.677091E+0
3.906347E+2	5.791845E+0
3.908962E+2	5.606053E+0
3.911576E+2	5.698949E+0
3.914190E+2	5.901135E+0
3.916804E+2	6.015889E+0
3.919418E+2	6.239933E+0
3.922032E+2	6.223539E+0
3.924646E+2	6.065069E+0
3.927260E+2	6.108785E+0
3.929873E+2	6.092392E+0
3.932487E+2	6.021354E+0
3.935100E+2	5.972173E+0
3.937714E+2	5.988567E+0
3.940327E+2	5.906599E+0
3.942941E+2	5.906599E+0
3.945554E+2	6.119714E+0
3.948167E+2	6.212610E+0
3.950780E+2	6.474905E+0
3.953393E+2	6.671627E+0
3.956006E+2	6.496763E+0
3.958619E+2	6.403867E+0
3.961232E+2	6.185288E+0
3.963844E+2	6.245397E+0
3.966457E+2	6.294578E+0
3.969069E+2	6.447583E+0
3.971682E+2	6.513157E+0
3.974294E+2	6.545944E+0
3.976907E+2	6.163430E+0
3.979519E+2	6.037747E+0
3.982131E+2	6.190752E+0
3.984743E+2	6.371080E+0
3.987355E+2	6.234468E+0
3.989967E+2	6.201681E+0
3.992579E+2	6.371080E+0
3.995191E+2	6.300042E+0
3.997802E+2	6.496763E+0
4.000414E+2	6.633375E+0
4.003025E+2	6.573266E+0
4.005637E+2	6.502228E+0
4.008248E+2	6.474905E+0
4.010860E+2	6.671627E+0
4.013471E+2	6.797310E+0
4.016082E+2	6.759058E+0
4.018693E+2	6.748129E+0
4.021304E+2	6.933922E+0
4.023915E+2	7.201681E+0
4.026526E+2	7.354687E+0
4.029137E+2	7.327364E+0
4.031747E+2	7.458512E+0
4.034358E+2	7.229004E+0
4.036968E+2	7.234468E+0
4.039579E+2	7.338293E+0
4.042189E+2	7.267255E+0
4.044800E+2	7.289113E+0
4.047410E+2	7.327364E+0
4.050020E+2	7.491299E+0
4.052630E+2	7.491299E+0
4.055240E+2	7.606053E+0
4.057850E+2	7.786381E+0
4.060460E+2	7.780916E+0
4.063070E+2	7.507692E+0
4.065679E+2	7.371080E+0
4.068289E+2	7.261791E+0
4.070898E+2	7.272720E+0
4.073508E+2	7.147037E+0
4.076117E+2	6.977638E+0
4.078727E+2	6.955780E+0
4.081336E+2	7.059605E+0
4.083945E+2	7.075998E+0
4.086554E+2	7.015889E+0
4.089163E+2	6.972173E+0
4.091772E+2	7.289113E+0
4.094381E+2	7.425725E+0
4.096990E+2	7.463976E+0
4.099598E+2	7.791845E+0
4.102207E+2	7.879277E+0
4.104815E+2	7.769987E+0
4.107424E+2	7.813703E+0
4.110032E+2	7.671627E+0
4.112640E+2	7.458512E+0
4.115249E+2	7.496763E+0
4.117857E+2	7.627911E+0
4.120465E+2	7.764523E+0
4.123073E+2	7.485834E+0
4.125681E+2	7.562337E+0
4.128289E+2	7.245397E+0
4.130896E+2	7.223539E+0
4.133504E+2	6.966709E+0
4.136112E+2	7.130643E+0
4.138719E+2	7.081463E+0
4.141327E+2	7.201681E+0
4.143934E+2	7.125179E+0
4.146541E+2	7.398403E+0
4.149149E+2	7.463976E+0
4.151756E+2	7.633375E+0
4.154363E+2	7.966709E+0
4.156970E+2	7.966709E+0
4.159577E+2	8.004960E+0
4.162184E+2	8.026818E+0
4.164790E+2	8.026818E+0
4.167397E+2	7.994031E+0
4.170004E+2	7.748129E+0
4.172610E+2	7.633375E+0
4.175217E+2	7.808239E+0
4.177823E+2	7.841026E+0
4.180429E+2	7.769987E+0
4.183035E+2	7.764523E+0
4.185642E+2	7.775452E+0
4.188248E+2	7.890206E+0
4.190854E+2	7.611517E+0
4.193459E+2	7.769987E+0
4.196065E+2	7.868348E+0
4.198671E+2	7.562337E+0
4.201277E+2	7.229004E+0
4.203882E+2	7.245397E+0
4.206488E+2	7.212610E+0
4.209093E+2	6.944851E+0
4.211699E+2	6.884741E+0
4.214304E+2	6.802774E+0
4.216909E+2	6.879277E+0
4.219514E+2	6.944851E+0
4.222119E+2	6.846490E+0
4.224724E+2	6.780916E+0
4.227329E+2	6.846490E+0
4.229934E+2	6.830097E+0
4.232539E+2	6.688020E+0
4.235143E+2	7.010425E+0
4.237748E+2	6.890206E+0
4.240352E+2	6.884741E+0
4.242957E+2	7.075998E+0
4.245561E+2	7.354687E+0
4.248166E+2	7.469441E+0
4.250770E+2	7.239933E+0
4.253374E+2	7.272720E+0
4.255978E+2	7.431190E+0
4.258582E+2	7.447583E+0
4.261186E+2	7.485834E+0
4.263790E+2	7.939386E+0
4.266393E+2	8.054140E+0
4.268997E+2	8.010425E+0
4.271600E+2	8.327364E+0
4.274204E+2	8.360151E+0
4.276807E+2	8.234468E+0
4.279411E+2	8.289113E+0
4.282014E+2	8.480370E+0
4.284617E+2	8.354687E+0
4.287220E+2	8.463976E+0
4.289823E+2	8.245397E+0
4.292426E+2	8.316435E+0
4.295029E+2	8.218075E+0
4.297632E+2	8.239933E+0
4.300235E+2	8.239933E+0
4.302837E+2	8.300042E+0
4.305440E+2	8.218075E+0
4.308042E+2	8.250862E+0
4.310645E+2	8.316435E+0
4.313247E+2	8.382009E+0
4.315849E+2	8.392938E+0
4.318451E+2	8.371080E+0
4.321054E+2	8.414796E+0
4.323656E+2	8.392938E+0
4.326258E+2	8.491299E+0
4.328859E+2	8.338293E+0
4.331461E+2	8.310971E+0
4.334063E+2	8.387474E+0
4.336665E+2	8.545944E+0
4.339266E+2	8.660698E+0
4.341868E+2	8.496763E+0
4.344469E+2	8.420261E+0
4.347070E+2	8.343758E+0
4.349671E+2	8.567802E+0
4.352273E+2	8.382009E+0
4.354874E+2	8.163430E+0
4.357475E+2	8.589660E+0
4.360076E+2	8.709878E+0
4.362677E+2	8.890206E+0
4.365277E+2	8.906599E+0
4.367878E+2	9.179823E+0
4.370479E+2	9.261791E+0
4.373079E+2	9.349222E+0
4.375680E+2	9.436654E+0
4.378280E+2	9.398403E+0
4.380880E+2	9.704414E+0
4.383480E+2	9.944851E+0
4.386081E+2	1.010332E+1
4.388681E+2	1.011425E+1
4.391281E+2	1.039840E+1
4.393881E+2	1.022900E+1
4.396480E+2	1.045305E+1
4.399080E+2	1.048583E+1
4.401680E+2	1.034922E+1
4.404279E+2	1.030551E+1
4.406879E+2	1.060605E+1
4.409478E+2	1.090660E+1
4.412078E+2	1.092846E+1
4.414677E+2	1.107053E+1
4.417276E+2	1.086835E+1
4.419875E+2	1.123993E+1
4.422474E+2	1.106507E+1
4.425073E+2	1.115250E+1
4.427672E+2	1.134376E+1
4.430271E+2	1.134922E+1
4.432870E+2	1.146398E+1
4.435469E+2	1.145305E+1
4.438067E+2	1.137108E+1
4.440666E+2	1.138747E+1
4.443264E+2	1.146398E+1
4.445862E+2	1.145305E+1
4.448461E+2	1.176999E+1
4.451059E+2	1.227818E+1
4.453657E+2	1.260605E+1
4.456255E+2	1.279731E+1
4.458853E+2	1.289021E+1
4.461451E+2	1.332190E+1
4.464049E+2	1.346944E+1
4.466646E+2	1.357873E+1
4.469244E+2	1.367709E+1
4.471842E+2	1.350769E+1
4.474439E+2	1.354048E+1
4.477036E+2	1.351316E+1
4.479634E+2	1.379185E+1
4.482231E+2	1.395032E+1
4.484828E+2	1.414157E+1
4.487425E+2	1.449130E+1
4.490022E+2	1.454594E+1
4.492619E+2	1.473174E+1
4.495216E+2	1.469895E+1
4.497813E+2	1.455687E+1
4.500410E+2	1.475359E+1
4.503006E+2	1.480824E+1
4.505603E+2	1.533829E+1
4.508199E+2	1.552955E+1
4.510796E+2	1.589021E+1
4.513392E+2	1.609786E+1
4.515988E+2	1.623447E+1
4.518584E+2	1.639294E+1
4.521180E+2	1.638747E+1
4.523776E+2	1.662791E+1
4.526372E+2	1.643665E+1
4.528968E+2	1.641480E+1
4.531564E+2	1.633829E+1
4.534160E+2	1.623993E+1
4.536755E+2	1.634922E+1
4.539351E+2	1.632190E+1
4.541946E+2	1.629458E+1
4.544541E+2	1.644758E+1
4.547137E+2	1.640933E+1
4.549732E+2	1.649130E+1
4.552327E+2	1.656234E+1
4.554922E+2	1.673720E+1
4.557517E+2	1.679185E+1
4.560112E+2	1.701042E+1
4.562707E+2	1.707053E+1
4.565302E+2	1.683010E+1
4.567896E+2	1.707053E+1
4.570491E+2	1.733829E+1
4.573085E+2	1.715797E+1
4.575680E+2	1.732736E+1
4.578274E+2	1.704321E+1
4.580868E+2	1.699950E+1
4.583463E+2	1.732190E+1
4.586057E+2	1.759512E+1
4.588651E+2	1.776999E+1
4.591245E+2	1.778092E+1
4.593838E+2	1.801589E+1
4.596432E+2	1.840933E+1
4.599026E+2	1.874266E+1
4.601620E+2	1.884649E+1
4.604213E+2	1.898857E+1
4.606807E+2	1.894485E+1
4.609400E+2	1.898310E+1
4.611993E+2	1.889567E+1
4.614587E+2	1.887928E+1
4.617180E+2	1.886288E+1
4.619773E+2	1.862245E+1
4.622366E+2	1.854594E+1
4.624959E+2	1.884103E+1
4.627552E+2	1.859512E+1
4.630144E+2	1.860059E+1
4.632737E+2	1.870988E+1
4.635330E+2	1.889021E+1
4.637922E+2	1.899950E+1
4.640515E+2	1.928365E+1
4.643107E+2	1.922354E+1
4.645699E+2	1.932190E+1
4.648292E+2	1.956780E+1
4.650884E+2	1.939294E+1
4.653476E+2	1.963884E+1
4.656068E+2	1.993392E+1
4.658660E+2	2.017982E+1
4.661251E+2	2.056780E+1
4.663843E+2	2.030551E+1
4.666435E+2	2.023447E+1
4.669026E+2	2.042573E+1
4.671618E+2	2.037108E+1
4.674209E+2	2.052955E+1
4.676801E+2	2.072081E+1
4.679392E+2	2.090660E+1
4.681983E+2	2.101589E+1
4.684574E+2	2.125086E+1
4.687165E+2	2.183556E+1
4.689756E+2	2.222354E+1
4.692347E+2	2.239840E+1
4.694938E+2	2.256234E+1
4.697529E+2	2.269348E+1
4.700119E+2	2.295578E+1
4.702710E+2	2.295032E+1
4.705300E+2	2.322354E+1
4.707891E+2	2.341480E+1
4.710481E+2	2.366616E+1
4.713071E+2	2.395032E+1
4.715661E+2	2.433829E+1
4.718252E+2	2.472081E+1
4.720842E+2	2.490113E+1
4.723431E+2	2.542026E+1
4.726021E+2	2.586288E+1
4.728611E+2	2.592846E+1
4.731201E+2	2.627272E+1
4.733790E+2	2.674813E+1
4.736380E+2	2.708693E+1
4.738969E+2	2.765523E+1
4.741559E+2	2.770988E+1
4.744148E+2	2.798310E+1
4.746737E+2	2.849130E+1
4.749326E+2	2.885195E+1
4.751915E+2	2.921807E+1
4.754504E+2	2.931644E+1
4.757093E+2	2.956234E+1
4.759682E+2	2.996124E+1
4.762271E+2	3.045851E+1
4.764859E+2	3.088474E+1
4.767448E+2	3.116889E+1
4.770037E+2	3.152409E+1
4.772625E+2	3.192846E+1
4.775213E+2	3.230551E+1
4.777802E+2	3.261152E+1
4.780390E+2	3.308146E+1
4.782978E+2	3.318529E+1
4.785566E+2	3.390660E+1
4.788154E+2	3.479185E+1
4.790742E+2	3.510332E+1
4.793329E+2	3.540387E+1
4.795917E+2	3.595032E+1
4.798505E+2	3.629458E+1
4.801092E+2	3.680277E+1
4.803680E+2	3.726179E+1
4.806267E+2	3.779185E+1
4.808854E+2	3.845305E+1
4.811442E+2	3.887928E+1
4.814029E+2	3.942573E+1
4.816616E+2	4.016889E+1
4.819203E+2	4.049676E+1
4.821790E+2	4.129458E+1
4.824377E+2	4.198310E+1
4.826963E+2	4.249676E+1
4.829550E+2	4.309239E+1
4.832137E+2	4.349676E+1
4.834723E+2	4.398310E+1
4.837310E+2	4.470441E+1
4.839896E+2	4.547491E+1
4.842482E+2	4.643119E+1
4.845068E+2	4.680277E+1
4.847655E+2	4.760059E+1
4.850241E+2	4.830004E+1
4.852827E+2	4.900496E+1
4.855412E+2	4.968256E+1
4.857998E+2	5.032190E+1
4.860584E+2	5.136562E+1
4.863170E+2	5.240387E+1
4.865755E+2	5.328911E+1
4.868341E+2	5.413064E+1
4.870926E+2	5.484649E+1
4.873511E+2	5.578638E+1
4.876097E+2	5.651862E+1
4.878682E+2	5.759512E+1
4.881267E+2	5.849676E+1
4.883852E+2	5.929458E+1
4.886437E+2	6.027818E+1
4.889022E+2	6.128911E+1
4.891606E+2	6.187928E+1
4.894191E+2	6.303775E+1
4.896776E+2	6.389021E+1
4.899360E+2	6.489021E+1
4.901945E+2	6.574266E+1
4.904529E+2	6.628365E+1
4.907113E+2	6.714704E+1
4.909697E+2	6.830551E+1
4.912282E+2	6.950223E+1
4.914866E+2	7.055687E+1
4.917450E+2	7.161698E+1
4.920034E+2	7.272627E+1
4.922617E+2	7.368256E+1
4.925201E+2	7.463884E+1
4.927785E+2	7.586288E+1
4.930368E+2	7.707600E+1
4.932952E+2	7.814704E+1
4.935535E+2	7.913064E+1
4.938118E+2	8.033829E+1
4.940702E+2	8.175359E+1
4.943285E+2	8.301042E+1
4.945868E+2	8.400496E+1
4.948451E+2	8.530551E+1
4.951034E+2	8.672081E+1
4.953617E+2	8.784103E+1
4.956200E+2	8.916343E+1
4.958782E+2	9.031097E+1
4.961365E+2	9.176452E+1
4.963947E+2	9.280824E+1
4.966530E+2	9.394485E+1
4.969112E+2	9.520168E+1
4.971694E+2	9.636562E+1
4.974277E+2	9.724540E+1
4.976859E+2	9.872627E+1
4.979441E+2	1.000815E+2
4.982023E+2	1.016989E+2
4.984605E+2	1.031744E+2
4.987187E+2	1.046989E+2
4.989768E+2	1.060159E+2
4.992350E+2	1.074148E+2
4.994931E+2	1.084640E+2
4.997513E+2	1.096443E+2
5.000094E+2	1.108793E+2
5.002676E+2	1.125350E+2
5.005257E+2	1.139612E+2
5.007838E+2	1.156662E+2
5.010419E+2	1.172399E+2
5.013000E+2	1.190541E+2
5.015581E+2	1.207700E+2
5.018162E+2	1.222181E+2
5.020743E+2	1.236880E+2
5.023323E+2	1.251580E+2
5.025904E+2	1.268246E+2
5.028485E+2	1.285296E+2
5.031065E+2	1.299940E+2
5.033645E+2	1.316006E+2
5.036226E+2	1.332399E+2
5.038806E+2	1.347973E+2
5.041386E+2	1.363929E+2
5.043966E+2	1.385296E+2
5.046546E+2	1.403055E+2
5.049126E+2	1.426388E+2
5.051706E+2	1.445077E+2
5.054285E+2	1.465296E+2
5.056865E+2	1.485514E+2
5.059445E+2	1.504749E+2
5.062024E+2	1.524694E+2
5.064604E+2	1.545678E+2
5.067183E+2	1.566716E+2
5.069762E+2	1.587481E+2
5.072341E+2	1.607263E+2
5.074920E+2	1.629831E+2
5.077499E+2	1.651853E+2
5.080078E+2	1.677536E+2
5.082657E+2	1.700541E+2
5.085236E+2	1.723602E+2
5.087815E+2	1.745405E+2
5.090393E+2	1.768356E+2
5.092972E+2	1.794039E+2
5.095550E+2	1.818301E+2
5.098129E+2	1.842181E+2
5.100707E+2	1.864530E+2
5.103285E+2	1.887591E+2
5.105863E+2	1.913984E+2
5.108441E+2	1.939121E+2
5.111019E+2	1.965569E+2
5.113597E+2	1.988629E+2
5.116175E+2	2.016716E+2
5.118753E+2	2.042126E+2
5.121330E+2	2.070760E+2
5.123908E+2	2.100760E+2
5.126485E+2	2.130050E+2
5.129063E+2	2.160596E+2
5.131640E+2	2.194749E+2
5.134217E+2	2.224476E+2
5.136794E+2	2.254804E+2
5.139371E+2	2.284039E+2
5.141948E+2	2.317044E+2
5.144525E+2	2.349121E+2
5.147102E+2	2.383602E+2
5.149679E+2	2.419011E+2
5.152256E+2	2.453656E+2
5.154832E+2	2.487973E+2
5.157409E+2	2.524968E+2
5.159985E+2	2.561033E+2
5.162562E+2	2.597044E+2
5.165138E+2	2.630268E+2
5.167714E+2	2.667427E+2
5.170290E+2	2.705296E+2
5.172866E+2	2.743602E+2
5.175442E+2	2.779285E+2
5.178018E+2	2.816989E+2
5.180594E+2	2.854858E+2
5.183170E+2	2.893602E+2
5.185745E+2	2.929339E+2
5.188321E+2	2.967099E+2
5.190896E+2	3.007755E+2
5.193472E+2	3.046224E+2
5.196047E+2	3.083765E+2
5.198622E+2	3.123820E+2
5.201197E+2	3.161306E+2
5.203772E+2	3.197591E+2
5.206347E+2	3.239612E+2
5.208922E+2	3.283274E+2
5.211497E+2	3.323164E+2
5.214072E+2	3.365077E+2
5.216646E+2	3.409667E+2
5.219221E+2	3.453219E+2
5.221795E+2	3.498192E+2
5.224370E+2	3.542509E+2
5.226944E+2	3.588629E+2
5.229519E+2	3.635787E+2
5.232093E+2	3.681306E+2
5.234667E+2	3.726607E+2
5.237241E+2	3.773328E+2
5.239815E+2	3.822727E+2
5.242389E+2	3.868902E+2
5.244962E+2	3.916279E+2
5.247536E+2	3.970760E+2
5.250110E+2	4.020323E+2
5.252683E+2	4.068957E+2
5.255257E+2	4.120268E+2
5.257830E+2	4.174257E+2
5.260403E+2	4.229995E+2
5.262977E+2	4.282071E+2
5.265550E+2	4.338793E+2
5.268123E+2	4.387427E+2
5.270696E+2	4.446989E+2
5.273269E+2	4.504148E+2
5.275841E+2	4.559667E+2
5.278414E+2	4.616607E+2
5.280987E+2	4.673820E+2
5.283559E+2	4.729558E+2
5.286132E+2	4.788082E+2
5.288704E+2	4.840869E+2
5.291276E+2	4.899831E+2
5.293849E+2	4.957536E+2
5.296421E+2	5.017809E+2
5.298993E+2	5.074585E+2
5.301565E+2	5.133711E+2
5.304137E+2	5.195623E+2
5.306709E+2	5.256662E+2
5.309280E+2	5.321088E+2
5.311852E+2	5.383929E+2
5.314424E+2	5.442673E+2
5.316995E+2	5.507755E+2
5.319567E+2	5.566552E+2
5.322138E+2	5.630979E+2
5.324709E+2	5.697427E+2
5.327280E+2	5.763875E+2
5.329852E+2	5.833000E+2
5.332423E+2	5.905459E+2
5.334994E+2	5.974093E+2
5.337564E+2	6.046716E+2
5.340135E+2	6.117427E+2
5.342706E+2	6.191689E+2
5.345276E+2	6.266716E+2
5.347847E+2	6.342126E+2
5.350417E+2	6.417263E+2
5.352988E+2	6.494421E+2
5.355558E+2	6.568192E+2
5.358128E+2	6.644312E+2
5.360698E+2	6.721033E+2
5.363269E+2	6.796662E+2
5.365839E+2	6.872563E+2
5.368408E+2	6.955678E+2
5.370978E+2	7.036061E+2
5.373548E+2	7.120214E+2
5.376118E+2	7.207427E+2
5.378687E+2	7.292181E+2
5.381257E+2	7.379285E+2
5.383826E+2	7.463055E+2
5.386395E+2	7.549121E+2
5.388965E+2	7.636771E+2
5.391534E+2	7.724530E+2
5.394103E+2	7.815077E+2
5.396672E+2	7.909230E+2
5.399241E+2	8.004585E+2
5.401810E+2	8.098246E+2
5.404378E+2	8.187973E+2
5.406947E+2	8.279667E+2
5.409516E+2	8.373602E+2
5.412084E+2	8.469558E+2
5.414653E+2	8.565569E+2
5.417221E+2	8.663875E+2
5.419789E+2	8.766607E+2
5.422357E+2	8.861908E+2
5.424925E+2	8.962891E+2
5.427493E+2	9.060596E+2
5.430061E+2	9.163547E+2
5.432629E+2	9.267317E+2
5.435197E+2	9.374093E+2
5.437765E+2	9.478847E+2
5.440332E+2	9.588028E+2
5.442900E+2	9.691197E+2
5.445467E+2	9.805842E+2
5.448035E+2	9.914640E+2
5.450602E+2	1.002672E+3
5.453169E+2	1.013775E+3
5.455736E+2	1.025311E+3
5.458303E+2	1.036841E+3
5.460870E+2	1.048289E+3
5.463437E+2	1.059819E+3
5.466004E+2	1.071103E+3
5.468571E+2	1.083043E+3
5.471137E+2	1.094978E+3
5.473704E+2	1.106704E+3
5.476270E+2	1.119732E+3
5.478837E+2	1.132229E+3
5.481403E+2	1.144349E+3
5.483969E+2	1.156398E+3
5.486535E+2	1.168912E+3
5.489101E+2	1.181480E+3
5.491667E+2	1.194218E+3
5.494233E+2	1.206956E+3
5.496799E+2	1.220240E+3
5.499365E+2	1.233770E+3
5.501931E+2	1.247065E+3
5.504496E+2	1.260726E+3
5.507062E+2	1.274508E+3
5.509627E+2	1.287726E+3
5.512192E+2	1.302076E+3
5.514758E+2	1.316404E+3
5.517323E+2	1.331125E+3
5.519888E+2	1.345081E+3
5.522453E+2	1.359295E+3
5.525018E+2	1.373076E+3
5.527583E+2	1.387366E+3
5.530147E+2	1.401950E+3
5.532712E+2	1.416224E+3
5.535277E+2	1.431032E+3
5.537841E+2	1.445311E+3
5.540406E+2	1.459896E+3
5.542970E+2	1.475174E+3
5.545534E+2	1.490016E+3
5.548098E+2	1.505103E+3
5.550663E+2	1.519994E+3
5.553227E+2	1.535453E+3
5.555791E+2	1.551092E+3
5.558354E+2	1.566797E+3
5.560918E+2	1.582874E+3
5.563482E+2	1.599726E+3
5.566046E+2	1.615868E+3
5.568609E+2	1.631743E+3
5.571173E+2	1.648202E+3
5.573736E+2	1.665098E+3
5.576299E+2	1.681546E+3
5.578862E+2	1.698819E+3
5.581426E+2	1.715934E+3
5.583989E+2	1.733021E+3
5.586552E+2	1.750453E+3
5.589114E+2	1.767890E+3
5.591677E+2	1.785901E+3
5.594240E+2	1.803994E+3
5.596803E+2	1.821890E+3
5.599365E+2	1.840502E+3
5.601928E+2	1.858491E+3
5.604490E+2	1.876956E+3
5.607052E+2	1.896202E+3
5.609614E+2	1.914628E+3
5.612177E+2	1.933568E+3
5.614739E+2	1.952978E+3
5.617301E+2	1.971999E+3
5.619863E+2	1.991262E+3
5.622424E+2	2.011289E+3
5.624986E+2	2.030786E+3
5.627548E+2	2.051125E+3
5.630109E+2	2.071901E+3
5.632671E+2	2.092628E+3
5.635232E+2	2.113142E+3
5.637794E+2	2.133934E+3
5.640355E+2	2.155049E+3
5.642916E+2	2.175814E+3
5.645477E+2	2.196661E+3
5.648038E+2	2.217836E+3
5.650599E+2	2.239191E+3
5.653160E+2	2.260453E+3
5.655721E+2	2.282349E+3
5.658281E+2	2.304814E+3
5.660842E+2	2.327300E+3
5.663402E+2	2.349890E+3
5.665963E+2	2.373224E+3
5.668523E+2	2.396136E+3
5.671083E+2	2.419316E+3
5.673644E+2	2.442994E+3
5.676204E+2	2.466814E+3
5.678764E+2	2.491010E+3
5.681324E+2	2.516278E+3
5.683883E+2	2.540797E+3
5.686443E+2	2.565617E+3
5.689003E+2	2.591060E+3
5.691562E+2	2.616677E+3
5.694122E+2	2.642469E+3
5.696681E+2	2.668644E+3
5.699241E+2	2.694644E+3
5.701800E+2	2.721147E+3
5.704359E+2	2.747939E+3
5.706918E+2	2.775480E+3
5.709477E+2	2.802251E+3
5.712036E+2	2.828879E+3
5.714595E+2	2.856704E+3
5.717154E+2	2.884158E+3
5.719713E+2	2.911415E+3
5.722271E+2	2.939595E+3
5.724830E+2	2.968469E+3
5.727388E+2	2.997202E+3
5.729947E+2	3.025923E+3
5.732505E+2	3.055535E+3
5.735063E+2	3.084464E+3
5.737621E+2	3.115316E+3
5.740179E+2	3.145289E+3
5.742737E+2	3.175590E+3
5.745295E+2	3.206278E+3
5.747853E+2	3.236311E+3
5.750411E+2	3.267366E+3
5.752968E+2	3.298972E+3
5.755526E+2	3.330863E+3
5.758083E+2	3.362945E+3
5.760641E+2	3.395879E+3
5.763198E+2	3.427721E+3
5.765755E+2	3.460732E+3
5.768312E+2	3.494010E+3
5.770869E+2	3.526885E+3
5.773426E+2	3.560573E+3
5.775983E+2	3.594770E+3
5.778540E+2	3.628612E+3
5.781097E+2	3.663754E+3
5.783653E+2	3.698114E+3
5.786210E+2	3.732322E+3
5.788766E+2	3.766595E+3
5.791323E+2	3.801109E+3
5.793879E+2	3.837338E+3
5.796435E+2	3.873262E+3
5.798991E+2	3.909530E+3
5.801547E+2	3.946010E+3
5.804103E+2	3.982071E+3
5.806659E+2	4.018273E+3
5.809215E+2	4.055896E+3
5.811771E+2	4.093513E+3
5.814327E+2	4.130366E+3
5.816882E+2	4.167005E+3
5.819438E+2	4.203497E+3
5.821993E+2	4.240841E+3
5.824548E+2	4.278147E+3
5.827104E+2	4.316158E+3
5.829659E+2	4.354114E+3
5.832214E+2	4.391415E+3
5.834769E+2	4.430103E+3
5.837324E+2	4.468163E+3
5.839878E+2	4.507590E+3
5.842433E+2	4.545857E+3
5.844988E+2	4.584765E+3
5.847542E+2	4.623005E+3
5.850097E+2	4.662010E+3
5.852651E+2	4.701885E+3
5.855206E+2	4.741087E+3
5.857760E+2	4.781131E+3
5.860314E+2	4.821393E+3
5.862868E+2	4.860814E+3
5.865422E+2	4.901016E+3
5.867976E+2	4.942901E+3
5.870530E+2	4.984333E+3
5.873084E+2	5.025043E+3
5.875637E+2	5.065721E+3
5.878191E+2	5.106928E+3
5.880744E+2	5.148109E+3
5.883298E+2	5.189513E+3
5.885851E+2	5.230491E+3
5.888404E+2	5.271049E+3
5.890958E+2	5.312863E+3
5.893511E+2	5.354098E+3
5.896064E+2	5.396426E+3
5.898617E+2	5.438049E+3
5.901169E+2	5.480136E+3
5.903722E+2	5.522923E+3
5.906275E+2	5.566005E+3
5.908827E+2	5.608748E+3
5.911380E+2	5.650639E+3
5.913932E+2	5.693054E+3
5.916485E+2	5.735491E+3
5.919037E+2	5.780191E+3
5.921589E+2	5.823207E+3
5.924141E+2	5.866065E+3
5.926693E+2	5.908043E+3
5.929245E+2	5.951185E+3
5.931797E+2	5.995366E+3
5.934349E+2	6.039759E+3
5.936900E+2	6.084387E+3
5.939452E+2	6.128863E+3
5.942004E+2	6.173245E+3
5.944555E+2	6.218202E+3
5.947106E+2	6.263590E+3
5.949658E+2	6.307251E+3
5.952209E+2	6.351989E+3
5.954760E+2	6.396409E+3
5.957311E+2	6.440846E+3
5.959862E+2	6.487360E+3
5.962413E+2	6.534628E+3
5.964963E+2	6.579568E+3
5.967514E+2	6.624781E+3
5.970065E+2	6.671939E+3
5.972615E+2	6.720234E+3
5.975166E+2	6.767245E+3
5.977716E+2	6.814595E+3
5.980266E+2	6.863218E+3
5.982816E+2	6.909989E+3
5.985367E+2	6.956945E+3
5.987917E+2	7.005699E+3
5.990467E+2	7.052934E+3
5.993016E+2	7.101005E+3
5.995566E+2	7.148748E+3
5.998116E+2	7.197234E+3
6.000665E+2	7.245573E+3
6.003215E+2	7.293617E+3
6.005764E+2	7.343366E+3
6.008314E+2	7.392841E+3
6.010863E+2	7.444180E+3
6.013412E+2	7.493612E+3
6.015961E+2	7.543218E+3
6.018510E+2	7.593584E+3
6.021059E+2	7.643792E+3
6.023608E+2	7.692721E+3
6.026157E+2	7.741590E+3
6.028706E+2	7.791836E+3
6.031254E+2	7.842688E+3
6.033803E+2	7.892453E+3
6.036351E+2	7.942098E+3
6.038900E+2	7.992120E+3
6.041448E+2	8.043595E+3
6.043996E+2	8.095693E+3
6.046544E+2	8.146480E+3
6.049092E+2	8.198469E+3
6.051640E+2	8.250207E+3
6.054188E+2	8.302300E+3
6.056736E+2	8.354398E+3
6.059283E+2	8.405229E+3
6.061831E+2	8.454819E+3
6.064378E+2	8.505535E+3
6.066926E+2	8.557459E+3
6.069473E+2	8.610551E+3
6.072021E+2	8.662863E+3
6.074568E+2	8.712693E+3
6.077115E+2	8.763409E+3
6.079662E+2	8.814814E+3
6.082209E+2	8.868836E+3
6.084756E+2	8.920497E+3
6.087302E+2	8.971628E+3
6.089849E+2	9.023743E+3
6.092396E+2	9.074109E+3
6.094942E+2	9.126885E+3
6.097489E+2	9.179163E+3
6.100035E+2	9.229836E+3
6.102581E+2	9.281967E+3
6.105127E+2	9.334021E+3
6.107674E+2	9.386021E+3
6.110220E+2	9.439322E+3
6.112766E+2	9.492469E+3
6.115311E+2	9.543256E+3
6.117857E+2	9.594027E+3
6.120403E+2	9.644901E+3
6.122948E+2	9.696398E+3
6.125494E+2	9.746213E+3
6.128039E+2	9.795234E+3
6.130585E+2	9.845885E+3
6.133130E+2	9.894819E+3
6.135675E+2	9.943770E+3
6.138220E+2	9.994928E+3
6.140765E+2	1.004576E+4
6.143310E+2	1.009578E+4
6.145855E+2	1.014650E+4
6.148400E+2	1.019717E+4
6.150945E+2	1.024724E+4
6.153489E+2	1.029745E+4
6.156034E+2	1.034680E+4
6.158578E+2	1.039810E+4
6.161123E+2	1.044703E+4
6.163667E+2	1.049469E+4
6.166211E+2	1.054161E+4
6.168755E+2	1.058881E+4
6.171299E+2	1.063705E+4
6.173843E+2	1.068642E+4
6.176387E+2	1.073358E+4
6.178931E+2	1.078149E+4
6.181474E+2	1.082970E+4
6.184018E+2	1.087747E+4
6.186561E+2	1.092380E+4
6.189105E+2	1.097161E+4
6.191648E+2	1.101906E+4
6.194191E+2	1.106556E+4
6.196735E+2	1.111210E+4
6.199278E+2	1.115804E+4
6.201821E+2	1.120486E+4
6.204364E+2	1.124887E+4
6.206907E+2	1.129249E+4
6.209449E+2	1.133587E+4
6.211992E+2	1.138192E+4
6.214535E+2	1.142662E+4
6.217077E+2	1.147440E+4
6.219619E+2	1.151923E+4
6.222162E+2	1.156368E+4
6.224704E+2	1.160619E+4
6.227246E+2	1.164829E+4
6.229788E+2	1.169154E+4
6.232330E+2	1.173521E+4
6.234872E+2	1.177958E+4
6.237414E+2	1.182151E+4
6.239956E+2	1.186234E+4
6.242498E+2	1.190386E+4
6.245039E+2	1.194337E+4
6.247581E+2	1.198545E+4
6.250122E+2	1.202425E+4
6.252663E+2	1.206332E+4
6.255205E+2	1.210160E+4
6.257746E+2	1.213840E+4
6.260287E+2	1.217567E+4
6.262828E+2	1.221084E+4
6.265369E+2	1.224730E+4
6.267910E+2	1.228207E+4
6.270450E+2	1.231654E+4
6.272991E+2	1.235059E+4
6.275532E+2	1.238428E+4
6.278072E+2	1.241510E+4
6.280613E+2	1.244698E+4
6.283153E+2	1.247667E+4
6.285693E+2	1.250709E+4
6.288233E+2	1.253672E+4
6.290773E+2	1.256553E+4
6.293313E+2	1.259135E+4
6.295853E+2	1.261867E+4
6.298393E+2	1.264557E+4
6.300933E+2	1.266816E+4
6.303472E+2	1.268956E+4
6.306012E+2	1.271215E+4
6.308551E+2	1.273269E+4
6.311091E+2	1.275393E+4
6.313630E+2	1.277430E+4
6.316169E+2	1.279323E+4
6.318709E+2	1.281154E+4
6.321248E+2	1.282752E+4
6.323787E+2	1.284585E+4
6.326326E+2	1.285974E+4
6.328864E+2	1.287255E+4
6.331403E+2	1.288686E+4
6.333942E+2	1.289770E+4
6.336480E+2	1.290909E+4
6.339019E+2	1.291828E+4
6.341557E+2	1.292646E+4
6.344095E+2	1.293330E+4
6.346634E+2	1.293967E+4
6.349172E+2	1.294437E+4
6.351710E+2	1.294710E+4
6.354248E+2	1.294872E+4
6.356786E+2	1.295022E+4
6.359324E+2	1.295140E+4
6.361861E+2	1.295200E+4
6.364399E+2	1.295060E+4
6.366936E+2	1.294396E+4
6.369474E+2	1.294144E+4
6.372011E+2	1.293347E+4
6.374549E+2	1.292765E+4
6.377086E+2	1.291922E+4
6.379623E+2	1.291046E+4
6.382160E+2	1.290088E+4
6.384697E+2	1.288878E+4
6.387234E+2	1.287754E+4
6.389771E+2	1.286255E+4
6.392307E+2	1.284795E+4
6.394844E+2	1.283430E+4
6.397380E+2	1.281857E+4
6.399917E+2	1.280231E+4
6.402453E+2	1.278310E+4
6.404990E+2	1.276347E+4
6.407526E+2	1.274240E+4
6.410062E+2	1.272096E+4
6.412598E+2	1.269971E+4
6.415134E+2	1.267520E+4
6.417670E+2	1.265256E+4
6.420206E+2	1.262476E+4
6.422741E+2	1.259854E+4
6.425277E+2	1.257233E+4
6.427812E+2	1.254636E+4
6.430348E+2	1.251862E+4
6.432883E+2	1.249168E+4
6.435418E+2	1.246189E+4
6.437954E+2	1.243337E+4
6.440489E+2	1.240417E+4
6.443024E+2	1.237310E+4
6.445559E+2	1.234283E+4
6.448094E+2	1.231249E+4
6.450628E+2	1.227895E+4
6.453163E+2	1.224594E+4
6.455698E+2	1.221471E+4
6.458232E+2	1.218337E+4
6.460767E+2	1.214991E+4
6.463301E+2	1.211642E+4
6.465835E+2	1.208125E+4
6.468369E+2	1.204511E+4
6.470903E+2	1.200819E+4
6.473437E+2	1.197141E+4
6.475971E+2	1.193541E+4
6.478505E+2	1.189625E+4
6.481039E+2	1.185964E+4
6.483573E+2	1.182126E+4
6.486106E+2	1.178185E+4
6.488640E+2	1.174311E+4
6.491173E+2	1.170300E+4
6.493706E+2	1.166427E+4
6.496240E+2	1.162558E+4
6.498773E+2	1.158841E+4
6.501306E+2	1.154899E+4
6.503839E+2	1.151090E+4
6.506372E+2	1.147208E+4
6.508905E+2	1.143317E+4
6.511437E+2	1.139369E+4
6.513970E+2	1.135464E+4
6.516503E+2	1.131480E+4
6.519035E+2	1.127656E+4
6.521567E+2	1.123909E+4
6.524100E+2	1.119842E+4
6.526632E+2	1.115913E+4
6.529164E+2	1.111988E+4
6.531696E+2	1.108185E+4
6.534228E+2	1.104402E+4
6.536760E+2	1.100549E+4
6.539292E+2	1.096657E+4
6.541824E+2	1.092689E+4
6.544355E+2	1.088945E+4
6.546887E+2	1.084986E+4
6.549418E+2	1.081083E+4
6.551950E+2	1.077075E+4
6.554481E+2	1.073118E+4
6.557012E+2	1.069322E+4
6.559543E+2	1.065473E+4
6.562074E+2	1.061608E+4
6.564605E+2	1.057902E+4
6.567136E+2	1.054264E+4
6.569667E+2	1.050769E+4
6.572198E+2	1.047067E+4
6.574728E+2	1.043554E+4
6.577259E+2	1.039974E+4
6.579789E+2	1.036505E+4
6.582319E+2	1.032816E+4
6.584850E+2	1.029364E+4
6.587380E+2	1.025990E+4
6.589910E+2	1.022726E+4
6.592440E+2	1.019431E+4
6.594970E+2	1.015988E+4
6.597500E+2	1.012870E+4
6.600030E+2	1.009502E+4
6.602559E+2	1.006209E+4
6.605089E+2	1.003129E+4
6.607618E+2	9.997765E+3
6.610148E+2	9.966928E+3
6.612677E+2	9.933934E+3
6.615206E+2	9.902907E+3
6.617736E+2	9.872442E+3
6.620265E+2	9.842267E+3
6.622794E+2	9.810431E+3
6.625323E+2	9.780142E+3
6.627851E+2	9.749147E+3
6.630380E+2	9.719934E+3
6.632909E+2	9.690530E+3
6.635437E+2	9.661535E+3
6.637966E+2	9.631562E+3
6.640494E+2	9.603240E+3
6.643023E+2	9.577387E+3
6.645551E+2	9.550185E+3
6.648079E+2	9.522907E+3
6.650607E+2	9.496557E+3
6.653135E+2	9.469169E+3
6.655663E+2	9.442486E+3
6.658191E+2	9.415054E+3
6.660718E+2	9.389923E+3
6.663246E+2	9.365841E+3
6.665774E+2	9.342688E+3
6.668301E+2	9.317890E+3
6.670828E+2	9.294617E+3
6.673356E+2	9.270218E+3
6.675883E+2	9.247836E+3
6.678410E+2	9.225191E+3
6.680937E+2	9.201923E+3
6.683464E+2	9.178759E+3
6.685991E+2	9.154568E+3
6.688518E+2	9.129879E+3
6.691044E+2	9.106202E+3
6.693571E+2	9.085218E+3
6.696098E+2	9.063879E+3
6.698624E+2	9.040284E+3
6.701150E+2	9.018628E+3
6.703677E+2	8.997393E+3
6.706203E+2	8.977868E+3
6.708729E+2	8.956633E+3
6.711255E+2	8.934043E+3
6.713781E+2	8.913879E+3
6.716307E+2	8.894918E+3
6.718832E+2	8.875366E+3
6.721358E+2	8.854169E+3
6.723884E+2	8.834060E+3
6.726409E+2	8.814890E+3
6.728935E+2	8.795579E+3
6.731460E+2	8.777497E+3
6.733985E+2	8.759797E+3
6.736510E+2	8.742551E+3
6.739035E+2	8.725781E+3
6.741560E+2	8.708841E+3
6.744085E+2	8.692207E+3
6.746610E+2	8.675874E+3
6.749135E+2	8.660163E+3
6.751660E+2	8.644693E+3
6.754184E+2	8.628601E+3
6.756709E+2	8.613092E+3
6.759233E+2	8.595584E+3
6.761757E+2	8.580672E+3
6.764282E+2	8.563540E+3
6.766806E+2	8.548224E+3
6.769330E+2	8.531508E+3
6.771854E+2	8.515196E+3
6.774378E+2	8.498989E+3
6.776901E+2	8.483431E+3
6.779425E+2	8.467442E+3
6.781949E+2	8.452896E+3
6.784472E+2	8.437721E+3
6.786996E+2	8.422415E+3
6.789519E+2	8.407491E+3
6.792042E+2	8.392693E+3
6.794566E+2	8.376912E+3
6.797089E+2	8.360672E+3
6.799612E+2	8.346743E+3
6.802135E+2	8.332830E+3
6.804657E+2	8.319371E+3
6.807180E+2	8.306196E+3
6.809703E+2	8.294666E+3
6.812226E+2	8.284158E+3
6.814748E+2	8.271409E+3
6.817270E+2	8.259327E+3
6.819793E+2	8.244114E+3
6.822315E+2	8.231508E+3
6.824837E+2	8.219568E+3
6.827359E+2	8.207846E+3
6.829881E+2	8.195147E+3
6.832403E+2	8.183316E+3
6.834925E+2	8.173557E+3
6.837447E+2	8.162683E+3
6.839968E+2	8.152688E+3
6.842490E+2	8.142852E+3
6.845011E+2	8.132371E+3
6.847533E+2	8.119907E+3
6.850054E+2	8.108387E+3
6.852575E+2	8.097071E+3
6.855097E+2	8.085459E+3
6.857618E+2	8.073366E+3
6.860139E+2	8.059737E+3
6.862659E+2	8.048366E+3
6.865180E+2	8.037469E+3
6.867701E+2	8.024316E+3
6.870222E+2	8.011606E+3
6.872742E+2	7.998693E+3
6.875263E+2	7.986994E+3
6.877783E+2	7.976693E+3
6.880303E+2	7.966016E+3
6.882823E+2	7.956546E+3
6.885343E+2	7.947098E+3
6.887864E+2	7.936557E+3
6.890383E+2	7.927770E+3
6.892903E+2	7.917732E+3
6.895423E+2	7.907934E+3
6.897943E+2	7.898273E+3
6.900462E+2	7.887530E+3
6.902982E+2	7.879338E+3
6.905501E+2	7.869245E+3
6.908021E+2	7.861109E+3
6.910540E+2	7.851890E+3
6.913059E+2	7.844010E+3
6.915578E+2	7.833502E+3
6.918097E+2	7.823442E+3
6.920616E+2	7.813912E+3
6.923135E+2	7.803535E+3
6.925654E+2	7.792120E+3
6.928172E+2	7.781207E+3
6.930691E+2	7.770491E+3
6.933209E+2	7.758262E+3
6.935728E+2	7.747114E+3
6.938246E+2	7.734448E+3
6.940764E+2	7.723185E+3
6.943282E+2	7.710442E+3
6.945800E+2	7.698704E+3
6.948318E+2	7.687387E+3
6.950836E+2	7.675109E+3
6.953354E+2	7.662999E+3
6.955872E+2	7.650868E+3
6.958389E+2	7.638666E+3
6.960907E+2	7.625841E+3
6.963424E+2	7.612754E+3
6.965942E+2	7.600442E+3
6.968459E+2	7.589234E+3
6.970976E+2	7.578366E+3
6.973493E+2	7.570475E+3
6.976010E+2	7.561464E+3
6.978527E+2	7.551748E+3
6.981044E+2	7.542087E+3
6.983561E+2	7.532704E+3
6.986077E+2	7.523060E+3
6.988594E+2	7.512191E+3
6.991110E+2	7.500546E+3
6.993627E+2	7.489311E+3
6.996143E+2	7.478300E+3
6.998659E+2	7.466333E+3
7.001175E+2	7.455300E+3
7.003692E+2	7.444071E+3
7.006207E+2	7.432502E+3
7.008723E+2	7.420393E+3
7.011239E+2	7.407601E+3
7.013755E+2	7.395213E+3
7.016271E+2	7.381060E+3
7.018786E+2	7.365814E+3
7.021302E+2	7.352333E+3
7.023817E+2	7.337666E+3
7.026332E+2	7.323639E+3
7.028847E+2	7.309710E+3
7.031362E+2	7.294153E+3
7.033878E+2	7.280382E+3
7.036392E+2	7.265142E+3
7.038907E+2	7.249661E+3
7.041422E+2	7.233420E+3
7.043937E+2	7.216972E+3
7.046451E+2	7.201054E+3
7.048966E+2	7.185726E+3
7.051480E+2	7.170808E+3
7.053995E+2	7.156765E+3
7.056509E+2	7.142163E+3
7.059023E+2	7.128644E+3
7.061537E+2	7.114415E+3
7.064051E+2	7.101049E+3
7.066565E+2	7.086699E+3
7.069079E+2	7.075267E+3
7.071593E+2	7.062950E+3
7.074106E+2	7.050590E+3
7.076620E+2	7.038650E+3
7.079133E+2	7.027169E+3
7.081647E+2	7.015049E+3
7.084160E+2	7.003043E+3
7.086673E+2	6.993180E+3
7.089186E+2	6.980683E+3
7.091699E+2	6.969163E+3
7.094212E+2	6.956366E+3
7.096725E+2	6.942103E+3
7.099238E+2	6.928792E+3
7.101751E+2	6.914639E+3
7.104263E+2	6.901393E+3
7.106776E+2	6.885808E+3
7.109288E+2	6.870306E+3
7.111800E+2	6.853010E+3
7.114313E+2	6.836792E+3
7.116825E+2	6.820065E+3
7.119337E+2	6.803546E+3
7.121849E+2	6.786322E+3
7.124361E+2	6.767693E+3
7.126873E+2	6.748491E+3
7.129384E+2	6.729683E+3
7.131896E+2	6.712688E+3
7.134408E+2	6.696054E+3
7.136919E+2	6.679158E+3
7.139430E+2	6.663732E+3
7.141942E+2	6.650010E+3
7.144453E+2	6.636420E+3
7.146964E+2	6.623218E+3
7.149475E+2	6.611633E+3
7.151986E+2	6.603071E+3
7.154497E+2	6.595218E+3
7.157008E+2	6.585683E+3
7.159518E+2	6.576918E+3
7.162029E+2	6.569185E+3
7.164540E+2	6.563125E+3
7.167050E+2	6.555819E+3
7.169560E+2	6.550792E+3
7.172071E+2	6.545398E+3
7.174581E+2	6.539322E+3
7.177091E+2	6.533377E+3
7.179601E+2	6.526027E+3
7.182111E+2	6.517715E+3
7.184621E+2	6.508551E+3
7.187130E+2	6.497191E+3
7.189640E+2	6.485284E+3
7.192150E+2	6.472464E+3
7.194659E+2	6.460639E+3
7.197169E+2	6.446710E+3
7.199678E+2	6.433683E+3
7.202187E+2	6.418442E+3
7.204696E+2	6.403202E+3
7.207205E+2	6.388644E+3
7.209714E+2	6.373721E+3
7.212223E+2	6.358852E+3
7.214732E+2	6.344726E+3
7.217241E+2	6.333295E+3
7.219749E+2	6.322792E+3
7.222258E+2	6.312437E+3
7.224766E+2	6.306409E+3
7.227274E+2	6.301939E+3
7.229783E+2	6.300262E+3
7.232291E+2	6.301196E+3
7.234799E+2	6.303158E+3
7.237307E+2	6.307863E+3
7.239815E+2	6.313142E+3
7.242323E+2	6.320595E+3
7.244830E+2	6.328683E+3
7.247338E+2	6.338622E+3
7.249846E+2	6.350163E+3
7.252353E+2	6.361142E+3
7.254861E+2	6.372060E+3
7.257368E+2	6.382158E+3
7.259875E+2	6.392229E+3
7.262382E+2	6.402120E+3
7.264889E+2	6.411994E+3
7.267396E+2	6.420617E+3
7.269903E+2	6.429038E+3
7.272410E+2	6.435098E+3
7.274917E+2	6.441322E+3
7.277423E+2	6.446295E+3
7.279930E+2	6.451207E+3
7.282436E+2	6.456688E+3
7.284942E+2	6.459349E+3
7.287449E+2	6.463448E+3
7.289955E+2	6.466967E+3
7.292461E+2	6.469989E+3
7.294967E+2	6.472978E+3
7.297473E+2	6.477584E+3
7.299979E+2	6.482874E+3
7.302484E+2	6.487371E+3
7.304990E+2	6.490366E+3
7.307496E+2	6.494092E+3
7.310001E+2	6.500360E+3
7.312507E+2	6.510562E+3
7.315012E+2	6.523513E+3
7.317517E+2	6.540163E+3
7.320022E+2	6.562786E+3
7.322527E+2	6.589754E+3
7.325032E+2	6.623338E+3
7.327537E+2	6.662371E+3
7.330042E+2	6.703185E+3
7.332547E+2	6.745344E+3
7.335051E+2	6.790939E+3
7.337556E+2	6.843098E+3
7.340060E+2	6.902540E+3
7.342564E+2	6.973382E+3
7.345069E+2	7.047295E+3
7.347573E+2	7.117316E+3
7.350077E+2	7.178972E+3
7.352581E+2	7.229196E+3
7.355085E+2	7.278185E+3
7.357589E+2	7.342114E+3
7.360092E+2	7.427043E+3
7.362596E+2	7.534655E+3
7.365100E+2	7.652715E+3
7.367603E+2	7.769071E+3
7.370106E+2	7.872743E+3
7.372610E+2	7.962644E+3
7.375113E+2	8.045054E+3
7.377616E+2	8.123502E+3
7.380119E+2	8.206639E+3
7.382622E+2	8.299704E+3
7.385125E+2	8.399885E+3
7.387628E+2	8.506180E+3
7.390130E+2	8.614726E+3
7.392633E+2	8.729535E+3
7.395135E+2	8.851568E+3
7.397638E+2	8.981693E+3
7.400140E+2	9.120377E+3
7.402642E+2	9.264120E+3
7.405144E+2	9.408081E+3
7.407647E+2	9.552726E+3
7.410149E+2	9.697857E+3
7.412650E+2	9.840180E+3
7.415152E+2	9.974267E+3
7.417654E+2	1.011007E+4
7.420156E+2	1.025526E+4
7.422657E+2	1.040475E+4
7.425159E+2	1.055554E+4
7.427660E+2	1.069751E+4
7.430161E+2	1.081979E+4
7.432662E+2	1.092770E+4
7.435164E+2	1.106410E+4
7.437665E+2	1.121675E+4
7.440165E+2	1.136817E+4
7.442666E+2	1.152004E+4
7.445167E+2	1.167119E+4
7.447668E+2	1.182132E+4
7.450168E+2	1.197076E+4
7.452669E+2	1.211849E+4
7.455169E+2	1.224770E+4
7.457669E+2	1.236552E+4
7.460170E+2	1.247907E+4
7.462670E+2	1.259682E+4
7.465170E+2	1.272184E+4
7.467670E+2	1.286094E+4
7.470170E+2	1.299644E+4
7.472670E+2	1.312775E+4
7.475169E+2	1.325402E+4
7.477669E+2	1.337498E+4
7.480168E+2	1.349121E+4
7.482668E+2	1.360620E+4
7.485167E+2	1.372122E+4
7.487666E+2	1.383298E+4
7.490166E+2	1.393921E+4
7.492665E+2	1.402796E+4
7.495164E+2	1.409734E+4
7.497663E+2	1.415369E+4
7.500161E+2	1.420375E+4
7.502660E+2	1.424971E+4
7.505159E+2	1.429522E+4
7.507657E+2	1.433798E+4
7.510156E+2	1.436947E+4
7.512654E+2	1.438361E+4
7.515152E+2	1.437542E+4
7.517651E+2	1.435811E+4
7.520149E+2	1.434386E+4
7.522647E+2	1.434891E+4
7.525145E+2	1.437864E+4
7.527643E+2	1.441926E+4
7.530140E+2	1.446157E+4
7.532638E+2	1.448876E+4
7.535136E+2	1.449463E+4
7.537633E+2	1.448687E+4
7.540131E+2	1.448090E+4
7.542628E+2	1.449254E+4
7.545125E+2	1.452158E+4
7.547622E+2	1.454418E+4
7.550119E+2	1.455779E+4
7.552616E+2	1.456244E+4
7.555113E+2	1.456244E+4
7.557610E+2	1.456244E+4
7.560107E+2	1.455660E+4
7.562603E+2	1.453417E+4
7.565100E+2	1.449861E+4
7.567596E+2	1.446069E+4
7.570093E+2	1.441127E+4
7.572589E+2	1.433852E+4
7.575085E+2	1.424396E+4
7.577581E+2	1.413338E+4
7.580077E+2	1.401952E+4
7.582573E+2	1.391526E+4
7.585069E+2	1.381172E+4
7.587565E+2	1.366781E+4
7.590060E+2	1.349919E+4
7.592556E+2	1.332893E+4
7.595051E+2	1.315885E+4
7.597547E+2	1.299326E+4
7.600042E+2	1.283111E+4
7.602537E+2	1.267149E+4
7.605032E+2	1.251542E+4
7.607527E+2	1.238073E+4
7.610022E+2	1.226022E+4
7.612517E+2	1.214398E+4
7.615012E+2	1.202397E+4
7.617507E+2	1.189537E+4
7.620001E+2	1.174999E+4
7.622496E+2	1.160042E+4
7.624990E+2	1.144858E+4
7.627485E+2	1.129304E+4
7.629979E+2	1.113629E+4
7.632473E+2	1.098025E+4
7.634967E+2	1.082697E+4
7.637461E+2	1.067592E+4
7.639955E+2	1.052871E+4
7.642449E+2	1.038413E+4
7.644942E+2	1.025231E+4
7.647436E+2	1.013022E+4
7.649930E+2	1.001532E+4
7.652423E+2	9.911333E+3
7.654916E+2	9.820393E+3
7.657410E+2	9.739786E+3
7.659903E+2	9.664721E+3
7.662396E+2	9.586333E+3
7.664889E+2	9.504224E+3
7.667382E+2	9.421540E+3
7.669875E+2	9.337267E+3
7.672367E+2	9.252857E+3
7.674860E+2	9.159021E+3
7.677353E+2	9.053868E+3
7.679845E+2	8.944284E+3
7.682337E+2	8.833852E+3
7.684830E+2	8.731885E+3
7.687322E+2	8.638901E+3
7.689814E+2	8.550781E+3
7.692306E+2	8.455688E+3
7.694798E+2	8.341344E+3
7.697290E+2	8.203475E+3
7.699782E+2	8.063907E+3
7.702273E+2	7.921109E+3
7.704765E+2	7.774918E+3
7.707256E+2	7.627928E+3
7.709748E+2	7.484967E+3
7.712239E+2	7.353693E+3
7.714730E+2	7.246377E+3
7.717222E+2	7.160901E+3
7.719713E+2	7.086311E+3
7.722204E+2	7.022234E+3
7.724694E+2	6.972622E+3
7.727185E+2	6.942699E+3
7.729676E+2	6.931278E+3
7.732167E+2	6.933065E+3
7.734657E+2	6.947300E+3
7.737147E+2	6.970284E+3
7.739638E+2	6.999234E+3
7.742128E+2	7.030142E+3
7.744618E+2	7.054409E+3
7.747108E+2	7.070448E+3
7.749598E+2	7.075617E+3
7.752088E+2	7.071486E+3
7.754578E+2	7.060480E+3
7.757068E+2	7.043125E+3
7.759557E+2	7.020218E+3
7.762047E+2	6.992109E+3
7.764536E+2	6.958628E+3
7.767026E+2	6.919633E+3
7.769515E+2	6.874814E+3
7.772004E+2	6.826732E+3
7.774493E+2	6.780415E+3
7.776982E+2	6.734655E+3
7.779471E+2	6.694655E+3
7.781960E+2	6.658071E+3
7.784449E+2	6.624163E+3
7.786938E+2	6.591415E+3
7.789426E+2	6.559349E+3
7.791915E+2	6.527224E+3
7.794403E+2	6.493677E+3
7.796891E+2	6.459071E+3
7.799380E+2	6.423775E+3
7.801868E+2	6.390207E+3
7.804356E+2	6.353737E+3
7.806844E+2	6.316081E+3
7.809332E+2	6.277316E+3
7.811819E+2	6.237978E+3
7.814307E+2	6.199065E+3
7.816795E+2	6.161743E+3
7.819282E+2	6.125065E+3
7.821770E+2	6.091415E+3
7.824257E+2	6.059147E+3
7.826744E+2	6.030311E+3
7.829231E+2	6.002901E+3
7.831718E+2	5.977333E+3
7.834205E+2	5.952639E+3
7.836692E+2	5.927398E+3
7.839179E+2	5.901114E+3
7.841666E+2	5.872743E+3
7.844152E+2	5.838726E+3
7.846639E+2	5.799278E+3
7.849125E+2	5.754994E+3
7.851612E+2	5.707387E+3
7.854098E+2	5.658999E+3
7.856584E+2	5.608890E+3
7.859070E+2	5.555885E+3
7.861556E+2	5.496355E+3
7.864042E+2	5.428453E+3
7.866528E+2	5.351557E+3
7.869014E+2	5.269032E+3
7.871499E+2	5.186207E+3
7.873985E+2	5.104464E+3
7.876470E+2	5.022628E+3
7.878956E+2	4.938885E+3
7.881441E+2	4.852879E+3
7.883926E+2	4.765721E+3
7.886411E+2	4.678049E+3
7.888896E+2	4.595038E+3
7.891381E+2	4.516846E+3
7.893866E+2	4.445907E+3
7.896351E+2	4.382076E+3
7.898835E+2	4.325863E+3
7.901320E+2	4.275316E+3
7.903804E+2	4.231202E+3
7.906289E+2	4.191945E+3
7.908773E+2	4.157267E+3
7.911257E+2	4.124628E+3
7.913742E+2	4.096174E+3
7.916226E+2	4.072420E+3
7.918709E+2	4.052311E+3
7.921193E+2	4.036961E+3
7.923677E+2	4.023519E+3
7.926161E+2	4.011021E+3
7.928644E+2	4.000087E+3
7.931128E+2	3.985633E+3
7.933611E+2	3.968431E+3
7.936095E+2	3.946803E+3
7.938578E+2	3.919584E+3
7.941061E+2	3.888103E+3
7.943544E+2	3.851989E+3
7.946027E+2	3.813666E+3
7.948510E+2	3.774513E+3
7.950993E+2	3.735519E+3
7.953475E+2	3.698633E+3
7.955958E+2	3.665366E+3
7.958440E+2	3.635256E+3
7.960923E+2	3.609224E+3
7.963405E+2	3.584956E+3
7.965887E+2	3.561442E+3
7.968370E+2	3.538010E+3
7.970852E+2	3.515174E+3
7.973334E+2	3.491306E+3
7.975816E+2	3.465688E+3
7.978297E+2	3.438841E+3
7.980779E+2	3.412087E+3
7.983261E+2	3.384612E+3
7.985742E+2	3.356797E+3
7.988224E+2	3.330163E+3
7.990705E+2	3.304448E+3
7.993186E+2	3.280590E+3
7.995668E+2	3.260907E+3
7.998149E+2	3.243863E+3
8.000630E+2	3.232092E+3
8.003111E+2	3.223404E+3
8.005591E+2	3.218234E+3
8.008072E+2	3.218759E+3
8.010553E+2	3.222306E+3
8.013033E+2	3.228169E+3
8.015514E+2	3.235754E+3
8.017994E+2	3.244710E+3
8.020474E+2	3.254098E+3
8.022955E+2	3.262950E+3
8.025435E+2	3.271688E+3
8.027915E+2	3.278508E+3
8.030395E+2	3.286049E+3
8.032874E+2	3.293338E+3
8.035354E+2	3.301229E+3
8.037834E+2	3.308830E+3
8.040313E+2	3.316557E+3
8.042793E+2	3.325546E+3
8.045272E+2	3.336005E+3
8.047752E+2	3.348562E+3
8.050231E+2	3.363213E+3
8.052710E+2	3.381852E+3
8.055189E+2	3.401655E+3
8.057668E+2	3.424087E+3
8.060147E+2	3.450300E+3
8.062625E+2	3.480404E+3
8.065104E+2	3.513010E+3
8.067583E+2	3.550153E+3
8.070061E+2	3.591557E+3
8.072540E+2	3.637196E+3
8.075018E+2	3.688704E+3
8.077496E+2	3.744683E+3
8.079974E+2	3.804486E+3
8.082452E+2	3.868983E+3
8.084930E+2	3.933885E+3
8.087408E+2	4.001551E+3
8.089886E+2	4.070551E+3
8.092364E+2	4.142508E+3
8.094841E+2	4.217010E+3
8.097319E+2	4.295978E+3
8.099796E+2	4.378377E+3
8.102273E+2	4.465781E+3
8.104751E+2	4.556945E+3
8.107228E+2	4.651519E+3
8.109705E+2	4.750551E+3
8.112182E+2	4.855065E+3
8.114659E+2	4.964655E+3
8.117135E+2	5.080387E+3
8.119612E+2	5.201387E+3
8.122089E+2	5.327387E+3
8.124565E+2	5.455371E+3
8.127042E+2	5.583469E+3
8.129518E+2	5.709693E+3
8.131994E+2	5.828825E+3
8.134470E+2	5.939415E+3
8.136946E+2	6.038081E+3
8.139422E+2	6.121147E+3
8.141898E+2	6.187808E+3
8.144374E+2	6.238005E+3
8.146850E+2	6.270699E+3
8.149325E+2	6.289967E+3
8.151801E+2	6.298508E+3
8.154276E+2	6.300431E+3
8.156752E+2	6.297480E+3
8.159227E+2	6.291759E+3
8.161702E+2	6.285874E+3
8.164177E+2	6.279267E+3
8.166652E+2	6.272103E+3
8.169127E+2	6.265021E+3
8.171602E+2	6.258218E+3
8.174077E+2	6.252382E+3
8.176551E+2	6.248010E+3
8.179026E+2	6.247765E+3
8.181500E+2	6.249060E+3
8.183975E+2	6.254617E+3
8.186449E+2	6.264142E+3
8.188923E+2	6.279398E+3
8.191397E+2	6.300579E+3
8.193871E+2	6.327573E+3
8.196345E+2	6.361508E+3
8.198819E+2	6.400961E+3
8.201293E+2	6.445999E+3
8.203766E+2	6.492808E+3
8.206240E+2	6.543327E+3
8.208713E+2	6.592497E+3
8.211187E+2	6.637661E+3
8.213660E+2	6.677251E+3
8.216133E+2	6.706907E+3
8.218606E+2	6.726306E+3
8.221079E+2	6.734852E+3
8.223552E+2	6.730114E+3
8.226025E+2	6.712557E+3
8.228498E+2	6.682967E+3
8.230970E+2	6.641961E+3
8.233443E+2	6.589857E+3
8.235915E+2	6.531338E+3
8.238388E+2	6.465999E+3
8.240860E+2	6.395469E+3
8.243332E+2	6.318901E+3
8.245804E+2	6.236196E+3
8.248276E+2	6.146655E+3
8.250748E+2	6.051213E+3
8.253220E+2	5.948530E+3
8.255692E+2	5.839688E+3
8.258163E+2	5.724191E+3
8.260635E+2	5.601393E+3
8.263106E+2	5.470344E+3
8.265578E+2	5.331278E+3
8.268049E+2	5.183278E+3
8.270520E+2	5.027743E+3
8.272991E+2	4.864573E+3
8.275462E+2	4.697295E+3
8.277933E+2	4.527382E+3
8.280404E+2	4.357601E+3
8.282875E+2	4.192874E+3
8.285345E+2	4.035360E+3
8.287816E+2	3.889153E+3
8.290287E+2	3.757857E+3
8.292757E+2	3.643016E+3
8.295227E+2	3.544415E+3
8.297697E+2	3.463278E+3
8.300168E+2	3.395530E+3
8.302638E+2	3.338136E+3
8.305107E+2	3.288010E+3
8.307577E+2	3.243218E+3
8.310047E+2	3.200874E+3
8.312517E+2	3.159431E+3
8.314986E+2	3.119032E+3
8.317456E+2	3.080234E+3
8.319925E+2	3.041524E+3
8.322394E+2	3.003021E+3
8.324864E+2	2.964442E+3
8.327333E+2	2.924770E+3
8.329802E+2	2.881956E+3
8.332271E+2	2.837857E+3
8.334740E+2	2.788978E+3
8.337208E+2	2.735852E+3
8.339677E+2	2.676830E+3
8.342146E+2	2.611590E+3
8.344614E+2	2.539781E+3
8.347082E+2	2.459557E+3
8.349551E+2	2.372721E+3
8.352019E+2	2.278229E+3
8.354487E+2	2.178213E+3
8.356955E+2	2.072628E+3
8.359423E+2	1.964918E+3
8.361891E+2	1.856617E+3
8.364359E+2	1.749579E+3
8.366826E+2	1.648234E+3
8.369294E+2	1.551661E+3
8.371761E+2	1.461409E+3
8.374229E+2	1.378945E+3
8.376696E+2	1.304928E+3
8.379163E+2	1.238382E+3
8.381630E+2	1.179153E+3
8.384097E+2	1.127502E+3
8.386564E+2	1.082021E+3
8.389031E+2	1.041229E+3
8.391498E+2	1.005398E+3
8.393965E+2	9.735897E+2
8.396431E+2	9.459066E+2
8.398898E+2	9.214367E+2
8.401364E+2	8.993274E+2
8.403830E+2	8.794804E+2
8.406297E+2	8.609339E+2
8.408763E+2	8.439503E+2
8.411229E+2	8.280323E+2
8.413695E+2	8.123929E+2
8.416161E+2	7.976279E+2
8.418626E+2	7.840651E+2
8.421092E+2	7.702836E+2
8.423558E+2	7.568192E+2
8.426023E+2	7.436826E+2
8.428489E+2	7.310050E+2
8.430954E+2	7.182345E+2
8.433419E+2	7.059011E+2
8.435884E+2	6.939995E+2
8.438349E+2	6.820869E+2
8.440814E+2	6.703984E+2
8.443279E+2	6.593328E+2
8.445744E+2	6.482891E+2
8.448208E+2	6.372891E+2
8.450673E+2	6.264039E+2
8.453138E+2	6.151197E+2
8.455602E+2	6.034421E+2
8.458066E+2	5.921580E+2
8.460530E+2	5.801142E+2
8.462995E+2	5.682345E+2
8.465459E+2	5.561470E+2
8.467923E+2	5.436498E+2
8.470386E+2	5.312235E+2
8.472850E+2	5.187317E+2
8.475314E+2	5.064148E+2
8.477777E+2	4.940596E+2
8.480241E+2	4.819503E+2
8.482704E+2	4.692673E+2
8.485168E+2	4.572946E+2
8.487631E+2	4.449831E+2
8.490094E+2	4.326716E+2
8.492557E+2	4.204257E+2
8.495020E+2	4.081470E+2
8.497483E+2	3.962126E+2
8.499946E+2	3.842673E+2
8.502408E+2	3.727372E+2
8.504871E+2	3.616716E+2
8.507333E+2	3.504585E+2
8.509796E+2	3.396224E+2
8.512258E+2	3.286771E+2
8.514720E+2	3.180869E+2
8.517182E+2	3.078465E+2
8.519644E+2	2.978082E+2
8.522106E+2	2.880924E+2
8.524568E+2	2.789394E+2
8.527030E+2	2.694913E+2
8.529492E+2	2.606826E+2
8.531953E+2	2.522181E+2
8.534415E+2	2.440268E+2
8.536876E+2	2.360541E+2
8.539337E+2	2.285514E+2
8.541799E+2	2.214421E+2
8.544260E+2	2.147044E+2
8.546721E+2	2.085186E+2
8.549182E+2	2.021908E+2
8.551643E+2	1.963929E+2
8.554103E+2	1.905897E+2
8.556564E+2	1.850432E+2
8.559024E+2	1.798902E+2
8.561485E+2	1.745623E+2
8.563945E+2	1.698629E+2
8.566406E+2	1.656006E+2
8.568866E+2	1.611798E+2
8.571326E+2	1.572509E+2
8.573786E+2	1.533765E+2
8.576246E+2	1.498192E+2
8.578706E+2	1.463438E+2
8.581166E+2	1.431962E+2
8.583625E+2	1.403711E+2
8.586085E+2	1.374968E+2
8.588544E+2	1.347263E+2
8.591004E+2	1.319667E+2
8.593463E+2	1.289011E+2
8.595922E+2	1.262399E+2
8.598381E+2	1.235569E+2
8.600840E+2	1.210432E+2
8.603299E+2	1.188847E+2
8.605758E+2	1.166279E+2
8.608217E+2	1.137700E+2
8.610675E+2	1.116607E+2
8.613134E+2	1.093164E+2
8.615592E+2	1.070541E+2
8.618051E+2	1.049066E+2
8.620509E+2	1.026771E+2
8.622967E+2	1.006498E+2
8.625425E+2	9.845305E+1
8.627883E+2	9.609786E+1
8.630341E+2	9.387381E+1
8.632799E+2	9.175359E+1
8.635257E+2	8.973174E+1
8.637715E+2	8.761698E+1
8.640172E+2	8.565523E+1
8.642630E+2	8.404868E+1
8.645087E+2	8.227272E+1
8.647544E+2	8.056234E+1
8.650001E+2	7.871534E+1
8.652459E+2	7.698310E+1
8.654916E+2	7.545305E+1
8.657372E+2	7.411425E+1
8.659829E+2	7.271534E+1
8.662286E+2	7.151862E+1
8.664743E+2	6.995032E+1
8.667199E+2	6.843665E+1
8.669656E+2	6.723447E+1
8.672112E+2	6.609786E+1
8.674568E+2	6.507053E+1
8.677024E+2	6.398857E+1
8.679481E+2	6.288474E+1
8.681937E+2	6.183010E+1
8.684392E+2	6.057873E+1
8.686848E+2	5.962245E+1
8.689304E+2	5.869348E+1
8.691760E+2	5.793392E+1
8.694215E+2	5.726179E+1
8.696671E+2	5.615797E+1
8.699126E+2	5.540387E+1
8.701581E+2	5.457873E+1
8.704036E+2	5.369895E+1
8.706491E+2	5.292846E+1
8.708946E+2	5.190113E+1
8.711401E+2	5.138201E+1
8.713856E+2	5.081370E+1
8.716311E+2	5.004868E+1
8.718766E+2	4.944212E+1
8.721220E+2	4.867163E+1
8.723674E+2	4.787381E+1
8.726129E+2	4.717436E+1
8.728583E+2	4.652409E+1
8.731037E+2	4.583556E+1
8.733491E+2	4.505414E+1
8.735945E+2	4.441480E+1
8.738399E+2	4.397217E+1
8.740853E+2	4.351862E+1
8.743307E+2	4.317982E+1
8.745760E+2	4.248583E+1
8.748214E+2	4.189021E+1
8.750667E+2	4.151316E+1
8.753121E+2	4.066070E+1
8.755574E+2	3.990113E+1
8.758027E+2	3.950223E+1
8.760480E+2	3.896671E+1
8.762933E+2	3.823447E+1
8.765386E+2	3.755141E+1
8.767839E+2	3.692846E+1
8.770291E+2	3.630551E+1
8.772744E+2	3.574266E+1
8.775196E+2	3.537108E+1
8.777649E+2	3.500496E+1
8.780101E+2	3.473720E+1
8.782553E+2	3.428911E+1
8.785006E+2	3.373174E+1
8.787458E+2	3.320715E+1
8.789910E+2	3.264430E+1
8.792361E+2	3.211425E+1
8.794813E+2	3.180824E+1
8.797265E+2	3.140933E+1
8.799717E+2	3.128911E+1
8.802168E+2	3.099950E+1
8.804619E+2	3.060059E+1
8.807071E+2	3.002135E+1
8.809522E+2	2.950769E+1
8.811973E+2	2.891206E+1
8.814424E+2	2.878092E+1
8.816875E+2	2.860605E+1
8.819326E+2	2.867709E+1
8.821777E+2	2.819075E+1
8.824227E+2	2.737108E+1
8.826678E+2	2.707053E+1
8.829128E+2	2.684649E+1
8.831579E+2	2.648037E+1
8.834029E+2	2.642573E+1
8.836479E+2	2.646944E+1
8.838929E+2	2.634922E+1
8.841379E+2	2.602682E+1
8.843829E+2	2.546398E+1
8.846279E+2	2.530004E+1
8.848729E+2	2.517982E+1
8.851179E+2	2.518529E+1
8.853628E+2	2.492299E+1
8.856078E+2	2.470441E+1
8.858527E+2	2.438747E+1
8.860976E+2	2.417436E+1
8.863425E+2	2.374266E+1
8.865875E+2	2.347491E+1
8.868324E+2	2.289567E+1
8.870772E+2	2.264430E+1
8.873221E+2	2.260605E+1
8.875670E+2	2.219075E+1
8.878119E+2	2.212518E+1
8.880567E+2	2.215797E+1
8.883016E+2	2.210879E+1
8.885464E+2	2.180824E+1
8.887912E+2	2.147491E+1
8.890360E+2	2.108693E+1
8.892809E+2	2.098857E+1
8.895257E+2	2.077545E+1
8.897704E+2	2.060605E+1
8.900152E+2	2.018529E+1
8.902600E+2	2.007600E+1
8.905048E+2	2.003228E+1
8.907495E+2	1.967709E+1
8.909943E+2	1.930004E+1
8.912390E+2	1.922900E+1
8.914837E+2	1.911971E+1
8.917284E+2	1.908146E+1
8.919731E+2	1.897217E+1
8.922178E+2	1.872627E+1
8.924625E+2	1.856234E+1
8.927072E+2	1.838201E+1
8.929519E+2	1.807600E+1
8.931965E+2	1.809239E+1
8.934412E+2	1.804321E+1
8.936858E+2	1.807053E+1
8.939305E+2	1.816343E+1
8.941751E+2	1.794485E+1
8.944197E+2	1.767709E+1
8.946643E+2	1.727272E+1
8.949089E+2	1.685742E+1
8.951535E+2	1.664430E+1
8.953981E+2	1.633829E+1
8.956426E+2	1.631644E+1
8.958872E+2	1.606507E+1
8.961317E+2	1.581917E+1
8.963763E+2	1.556234E+1
8.966208E+2	1.542026E+1
8.968653E+2	1.495578E+1
8.971098E+2	1.487381E+1
8.973543E+2	1.517982E+1
8.975988E+2	1.513064E+1
8.978433E+2	1.497764E+1
8.980878E+2	1.498310E+1
8.983323E+2	1.495032E+1
8.985767E+2	1.465523E+1
8.988212E+2	1.457327E+1
8.990656E+2	1.468802E+1
8.993100E+2	1.470441E+1
8.995545E+2	1.458966E+1
8.997989E+2	1.437108E+1
9.000433E+2	1.397764E+1
9.002877E+2	1.384649E+1
9.005320E+2	1.376452E+1
9.007764E+2	1.396124E+1
9.010208E+2	1.385742E+1
9.012651E+2	1.372627E+1
9.015095E+2	1.354048E+1
9.017538E+2	1.361698E+1
9.019981E+2	1.363338E+1
9.022425E+2	1.383556E+1
9.024868E+2	1.405960E+1
9.027311E+2	1.404868E+1
9.029754E+2	1.389021E+1
9.032196E+2	1.375359E+1
9.034639E+2	1.375906E+1
9.037082E+2	1.345851E+1
9.039524E+2	1.359512E+1
9.041967E+2	1.319622E+1
9.044409E+2	1.326726E+1
9.046851E+2	1.337108E+1
9.049293E+2	1.352955E+1
9.051736E+2	1.329458E+1
9.054177E+2	1.326726E+1
9.056619E+2	1.345851E+1
9.059061E+2	1.351862E+1
9.061503E+2	1.354048E+1
9.063944E+2	1.354048E+1
9.066386E+2	1.332736E+1
9.068827E+2	1.343665E+1
9.071269E+2	1.325086E+1
9.073710E+2	1.304321E+1
9.076151E+2	1.298310E+1
9.078592E+2	1.305960E+1
9.081033E+2	1.298857E+1
9.083474E+2	1.301042E+1
9.085915E+2	1.294485E+1
9.088355E+2	1.286288E+1
9.090796E+2	1.287928E+1
9.093236E+2	1.277545E+1
9.095677E+2	1.284103E+1
9.098117E+2	1.285742E+1
9.100557E+2	1.282463E+1
9.102997E+2	1.270441E+1
9.105437E+2	1.287928E+1
9.107877E+2	1.308693E+1
9.110317E+2	1.331097E+1
9.112757E+2	1.316343E+1
9.115197E+2	1.314704E+1
9.117636E+2	1.304868E+1
9.120076E+2	1.307600E+1
9.122515E+2	1.281370E+1
9.124954E+2	1.256234E+1
9.127393E+2	1.257873E+1
9.129832E+2	1.275906E+1
9.132271E+2	1.278638E+1
9.134710E+2	1.269895E+1
9.137149E+2	1.257327E+1
9.139588E+2	1.251316E+1
9.142026E+2	1.272627E+1
9.144465E+2	1.262245E+1
9.146903E+2	1.250769E+1
9.149342E+2	1.254594E+1
9.151780E+2	1.257873E+1
9.154218E+2	1.269895E+1
9.156656E+2	1.268256E+1
9.159094E+2	1.273720E+1
9.161532E+2	1.287381E+1
9.163970E+2	1.291206E+1
9.166408E+2	1.270988E+1
9.168845E+2	1.260605E+1
9.171283E+2	1.226179E+1
9.173720E+2	1.217436E+1
9.176157E+2	1.237654E+1
9.178595E+2	1.241480E+1
9.181032E+2	1.241480E+1
9.183469E+2	1.228365E+1
9.185906E+2	1.254048E+1
9.188343E+2	1.235469E+1
9.190779E+2	1.227818E+1
9.193216E+2	1.222900E+1
9.195653E+2	1.211425E+1
9.198089E+2	1.196124E+1
9.200525E+2	1.202682E+1
9.202962E+2	1.195578E+1
9.205398E+2	1.187928E+1
9.207834E+2	1.180277E+1
9.210270E+2	1.179185E+1
9.212706E+2	1.201589E+1
9.215142E+2	1.224540E+1
9.217577E+2	1.203775E+1
9.220013E+2	1.218529E+1
9.222449E+2	1.196124E+1
9.224884E+2	1.187928E+1
9.227319E+2	1.164977E+1
9.229755E+2	1.152955E+1
9.232190E+2	1.145305E+1
9.234625E+2	1.139840E+1
9.237060E+2	1.130004E+1
9.239495E+2	1.134922E+1
9.241930E+2	1.141480E+1
9.244364E+2	1.134376E+1
9.246799E+2	1.136562E+1
9.249233E+2	1.126179E+1
9.251668E+2	1.116343E+1
9.254102E+2	1.097217E+1
9.256536E+2	1.081370E+1
9.258971E+2	1.085195E+1
9.261405E+2	1.102135E+1
9.263839E+2	1.098857E+1
9.266272E+2	1.093939E+1
9.268706E+2	1.092846E+1
9.271140E+2	1.103228E+1
9.273573E+2	1.150769E+1
9.276007E+2	1.170441E+1
9.278440E+2	1.150223E+1
9.280874E+2	1.145851E+1
9.283307E+2	1.133283E+1
9.285740E+2	1.126726E+1
9.288173E+2	1.104321E+1
9.290606E+2	1.077545E+1
9.293039E+2	1.096671E+1
9.295471E+2	1.110879E+1
9.297904E+2	1.127818E+1
9.300337E+2	1.131644E+1
9.302769E+2	1.111971E+1
9.305201E+2	1.107053E+1
9.307634E+2	1.116889E+1
9.310066E+2	1.123993E+1
9.312498E+2	1.119075E+1
9.314930E+2	1.130551E+1
9.317362E+2	1.150223E+1
9.319794E+2	1.144212E+1
9.322225E+2	1.149130E+1
9.324657E+2	1.120715E+1
9.327088E+2	1.107053E+1
9.329520E+2	1.100496E+1
9.331951E+2	1.116343E+1
9.334382E+2	1.130004E+1
9.336814E+2	1.140387E+1
9.339245E+2	1.162245E+1
9.341676E+2	1.164977E+1
9.344106E+2	1.181917E+1
9.346537E+2	1.195032E+1
9.348968E+2	1.211425E+1
9.351398E+2	1.239294E+1
9.353829E+2	1.219075E+1
9.356259E+2	1.219075E+1
9.358690E+2	1.212518E+1
9.361120E+2	1.164430E+1
9.363550E+2	1.125086E+1
9.365980E+2	1.134922E+1
9.368410E+2	1.132190E+1
9.370840E+2	1.162245E+1
9.373269E+2	1.135469E+1
9.375699E+2	1.116889E+1
9.378129E+2	1.111425E+1
9.380558E+2	1.088474E+1
9.382987E+2	1.082463E+1
9.385417E+2	1.086835E+1
9.387846E+2	1.063338E+1
9.390275E+2	1.070441E+1
9.392704E+2	1.081370E+1
9.395133E+2	1.089567E+1
9.397562E+2	1.101042E+1
9.399990E+2	1.117982E+1
9.402419E+2	1.107053E+1
9.404847E+2	1.109786E+1
9.407276E+2	1.110332E+1
9.409704E+2	1.120715E+1
9.412132E+2	1.132190E+1
9.414560E+2	1.163884E+1
9.416988E+2	1.150223E+1
9.419416E+2	1.145305E+1
9.421844E+2	1.108693E+1
9.424272E+2	1.089567E+1
9.426700E+2	1.073720E+1
9.429127E+2	1.069348E+1
9.431555E+2	1.091753E+1
9.433982E+2	1.087928E+1
9.436409E+2	1.095032E+1
9.438837E+2	1.113064E+1
9.441264E+2	1.120715E+1
9.443691E+2	1.108146E+1
9.446118E+2	1.110332E+1
9.448544E+2	1.099950E+1
9.450971E+2	1.100496E+1
9.453398E+2	1.091206E+1
9.455824E+2	1.068802E+1
9.458251E+2	1.064430E+1
9.460677E+2	1.084649E+1
9.463103E+2	1.097764E+1
9.465530E+2	1.069895E+1
9.467956E+2	1.066616E+1
9.470382E+2	1.063338E+1
9.472807E+2	1.080277E+1
9.475233E+2	1.091206E+1
9.477659E+2	1.094485E+1
9.480084E+2	1.081370E+1
9.482510E+2	1.068802E+1
9.484935E+2	1.087928E+1
9.487361E+2	1.079185E+1
9.489786E+2	1.103775E+1
9.492211E+2	1.078638E+1
9.494636E+2	1.066070E+1
9.497061E+2	1.049130E+1
9.499486E+2	1.019075E+1
9.501911E+2	1.062791E+1
9.504335E+2	1.057873E+1
9.506760E+2	1.051862E+1
9.509184E+2	1.085195E+1
9.511609E+2	1.113064E+1
9.514033E+2	1.096671E+1
9.516457E+2	1.105960E+1
9.518881E+2	1.108693E+1
9.521305E+2	1.117982E+1
9.523729E+2	1.165523E+1
9.526153E+2	1.179731E+1
9.528576E+2	1.177545E+1
9.531000E+2	1.197764E+1
9.533424E+2	1.209239E+1
9.535847E+2	1.218529E+1
9.538270E+2	1.236015E+1
9.540694E+2	1.237654E+1
9.543117E+2	1.233829E+1
9.545540E+2	1.236562E+1
9.547963E+2	1.268256E+1
9.550386E+2	1.285742E+1
9.552808E+2	1.291753E+1
9.555231E+2	1.291206E+1
9.557654E+2	1.254594E+1
9.560076E+2	1.249676E+1
9.562498E+2	1.245851E+1
9.564921E+2	1.272081E+1
9.567343E+2	1.279185E+1
9.569765E+2	1.276452E+1
9.572187E+2	1.272627E+1
9.574609E+2	1.260605E+1
9.577031E+2	1.250769E+1
9.579452E+2	1.253501E+1
9.581874E+2	1.258966E+1
9.584296E+2	1.257327E+1
9.586717E+2	1.260605E+1
9.589138E+2	1.243665E+1
9.591560E+2	1.251862E+1
9.593981E+2	1.242026E+1
9.596402E+2	1.258966E+1
9.598823E+2	1.272627E+1
9.601244E+2	1.270988E+1
9.603664E+2	1.290113E+1
9.606085E+2	1.281370E+1
9.608506E+2	1.272627E+1
9.610926E+2	1.262791E+1
9.613347E+2	1.276452E+1
9.615767E+2	1.291753E+1
9.618187E+2	1.295032E+1
9.620607E+2	1.291753E+1
9.623027E+2	1.290660E+1
9.625447E+2	1.279731E+1
9.627867E+2	1.275906E+1
9.630287E+2	1.252955E+1
9.632706E+2	1.219622E+1
9.635126E+2	1.227818E+1
9.637545E+2	1.211971E+1
9.639965E+2	1.236562E+1
9.642384E+2	1.256780E+1
9.644803E+2	1.247491E+1
9.647222E+2	1.239840E+1
9.649641E+2	1.202135E+1
9.652060E+2	1.221807E+1
9.654479E+2	1.240933E+1
9.656897E+2	1.232736E+1
9.659316E+2	1.207600E+1
9.661734E+2	1.224540E+1
9.664153E+2	1.208693E+1
9.666571E+2	1.191753E+1
9.668989E+2	1.223993E+1
9.671408E+2	1.212518E+1
9.673826E+2	1.221261E+1
9.676243E+2	1.251316E+1
9.678661E+2	1.254048E+1
9.681079E+2	1.242026E+1
9.683497E+2	1.248037E+1
9.685914E+2	1.240933E+1
9.688332E+2	1.246398E+1
9.690749E+2	1.262791E+1
9.693166E+2	1.278092E+1
9.695583E+2	1.246398E+1
9.698001E+2	1.246944E+1
9.700417E+2	1.232190E+1
9.702834E+2	1.219622E+1
9.705251E+2	1.234922E+1
9.707668E+2	1.238201E+1
9.710084E+2	1.231644E+1
9.712501E+2	1.226726E+1
9.714917E+2	1.238201E+1
9.717334E+2	1.275359E+1
9.719750E+2	1.289021E+1
9.722166E+2	1.332190E+1
9.724582E+2	1.346944E+1
9.726998E+2	1.337108E+1
9.729414E+2	1.336015E+1
9.731830E+2	1.352409E+1
9.734245E+2	1.361152E+1
9.736661E+2	1.349676E+1
9.739076E+2	1.368802E+1
9.741492E+2	1.358420E+1
9.743907E+2	1.342573E+1
9.746322E+2	1.343119E+1
9.748737E+2	1.353501E+1
9.751152E+2	1.374266E+1
9.753567E+2	1.384649E+1
9.755982E+2	1.396124E+1
9.758396E+2	1.409239E+1
9.760811E+2	1.415797E+1
9.763226E+2	1.440387E+1
9.765640E+2	1.442573E+1
9.768054E+2	1.424540E+1
9.770468E+2	1.401042E+1
9.772883E+2	1.424540E+1
9.775297E+2	1.435469E+1
9.777711E+2	1.454594E+1
9.780124E+2	1.462245E+1
9.782538E+2	1.468256E+1
9.784952E+2	1.446398E+1
9.787365E+2	1.428365E+1
9.789779E+2	1.421807E+1
9.792192E+2	1.443665E+1
9.794605E+2	1.452955E+1
9.797019E+2	1.489567E+1
9.799432E+2	1.488474E+1
9.801845E+2	1.479185E+1
9.804257E+2	1.475359E+1
9.806670E+2	1.504321E+1
9.809083E+2	1.504868E+1
9.811496E+2	1.533283E+1
9.813908E+2	1.544212E+1
9.816320E+2	1.526179E+1
9.818733E+2	1.513064E+1
9.821145E+2	1.515250E+1
9.823557E+2	1.503228E+1
9.825969E+2	1.491753E+1
9.828381E+2	1.495578E+1
9.830793E+2	1.500496E+1
9.833205E+2	1.497217E+1
9.835616E+2	1.490113E+1
9.838028E+2	1.478638E+1
9.840439E+2	1.472627E+1
9.842851E+2	1.475906E+1
9.845262E+2	1.455141E+1
9.847673E+2	1.472081E+1
9.850084E+2	1.462791E+1
9.852495E+2	1.472081E+1
9.854906E+2	1.470441E+1
9.857317E+2	1.470441E+1
9.859727E+2	1.468256E+1
9.862138E+2	1.467163E+1
9.864549E+2	1.440933E+1
9.866959E+2	1.415250E+1
9.869369E+2	1.404868E+1
9.871779E+2	1.397764E+1
9.874190E+2	1.409239E+1
9.876600E+2	1.415797E+1
9.879010E+2	1.416889E+1
9.881419E+2	1.395578E+1
9.883829E+2	1.430551E+1
9.886239E+2	1.403775E+1
9.888648E+2	1.414157E+1
9.891058E+2	1.434922E+1
9.893467E+2	1.443665E+1
9.895876E+2	1.450769E+1
9.898285E+2	1.448583E+1
9.900695E+2	1.463338E+1
9.903104E+2	1.462245E+1
9.905512E+2	1.468256E+1
9.907921E+2	1.464977E+1
9.910330E+2	1.447491E+1
9.912738E+2	1.445305E+1
9.915147E+2	1.449130E+1
9.917555E+2	1.468802E+1
9.919964E+2	1.474266E+1
9.922372E+2	1.478638E+1
9.924780E+2	1.487381E+1
9.927188E+2	1.494485E+1
9.929596E+2	1.487928E+1
9.932004E+2	1.501042E+1
9.934411E+2	1.486835E+1
9.936819E+2	1.469348E+1
9.939227E+2	1.457873E+1
9.941634E+2	1.490113E+1
9.944041E+2	1.489567E+1
9.946449E+2	1.492299E+1
9.948856E+2	1.500496E+1
9.951263E+2	1.493939E+1
9.953670E+2	1.497217E+1
9.956077E+2	1.500496E+1
9.958483E+2	1.491753E+1
9.960890E+2	1.480277E+1
9.963297E+2	1.471534E+1
9.965703E+2	1.468802E+1
9.968109E+2	1.471534E+1
9.970516E+2	1.464977E+1
9.972922E+2	1.476452E+1
9.975328E+2	1.483556E+1
9.977734E+2	1.474813E+1
9.980140E+2	1.466070E+1
9.982546E+2	1.458966E+1
9.984951E+2	1.469895E+1
9.987357E+2	1.455687E+1
9.989763E+2	1.478092E+1
9.992168E+2	1.493392E+1
9.994573E+2	1.493939E+1
9.996978E+2	1.499950E+1
9.999384E+2	1.485742E+1
1.000179E+3	1.467163E+1
1.000419E+3	1.452409E+1
1.000660E+3	1.464430E+1
1.000900E+3	1.461152E+1
1.001141E+3	1.467163E+1
1.001381E+3	1.467163E+1
1.001622E+3	1.455141E+1
1.001862E+3	1.456780E+1
1.002103E+3	1.463884E+1
1.002343E+3	1.474813E+1
1.002583E+3	1.463338E+1
1.002824E+3	1.458420E+1
1.003064E+3	1.452955E+1
1.003305E+3	1.459512E+1
1.003545E+3	1.439840E+1
1.003785E+3	1.429458E+1
1.004026E+3	1.419622E+1
1.004266E+3	1.419075E+1
1.004506E+3	1.392299E+1
1.004747E+3	1.403228E+1
1.004987E+3	1.387381E+1
1.005227E+3	1.371534E+1
1.005468E+3	1.369348E+1
1.005708E+3	1.357327E+1
1.005948E+3	1.346944E+1
1.006188E+3	1.354594E+1
1.006429E+3	1.360605E+1
1.006669E+3	1.358966E+1
1.006909E+3	1.362245E+1
1.007149E+3	1.361698E+1
1.007390E+3	1.380824E+1
1.007630E+3	1.385742E+1
1.007870E+3	1.380277E+1
1.008110E+3	1.381370E+1
1.008350E+3	1.407600E+1
1.008590E+3	1.421261E+1
1.008831E+3	1.390113E+1
1.009071E+3	1.378638E+1
1.009311E+3	1.367163E+1
1.009551E+3	1.361152E+1
1.009791E+3	1.364977E+1
1.010031E+3	1.356780E+1
1.010271E+3	1.362245E+1
1.010511E+3	1.368802E+1
1.010752E+3	1.385195E+1
1.010992E+3	1.391206E+1
1.011232E+3	1.403775E+1
1.011472E+3	1.375359E+1
1.011712E+3	1.370988E+1
1.011952E+3	1.366070E+1
1.012192E+3	1.349130E+1
1.012432E+3	1.340933E+1
1.012672E+3	1.341480E+1
1.012912E+3	1.379185E+1
1.013152E+3	1.364430E+1
1.013392E+3	1.358420E+1
1.013632E+3	1.333283E+1
1.013872E+3	1.344212E+1
1.014112E+3	1.348583E+1
1.014352E+3	1.362791E+1
1.014591E+3	1.398857E+1
1.014831E+3	1.408146E+1
1.015071E+3	1.419075E+1
1.015311E+3	1.391753E+1
1.015551E+3	1.383010E+1
1.015791E+3	1.377545E+1
1.016031E+3	1.390113E+1
1.016271E+3	1.393392E+1
1.016511E+3	1.379185E+1
1.016750E+3	1.368256E+1
1.016990E+3	1.358966E+1
1.017230E+3	1.361698E+1
1.017470E+3	1.375359E+1
1.017710E+3	1.387928E+1
1.017949E+3	1.404321E+1
1.018189E+3	1.411425E+1
1.018429E+3	1.388474E+1
1.018669E+3	1.397217E+1
1.018908E+3	1.385742E+1
1.019148E+3	1.390113E+1
1.019388E+3	1.369348E+1
1.019628E+3	1.379185E+1
1.019867E+3	1.391753E+1
1.020107E+3	1.395578E+1
1.020347E+3	1.386288E+1
1.020586E+3	1.372627E+1
1.020826E+3	1.379731E+1
1.021066E+3	1.371534E+1
1.021305E+3	1.357873E+1
1.021545E+3	1.363884E+1
1.021785E+3	1.347491E+1
1.022024E+3	1.344758E+1
1.022264E+3	1.354048E+1
1.022504E+3	1.370441E+1
1.022743E+3	1.386835E+1
1.022983E+3	1.383010E+1
1.023222E+3	1.366616E+1
1.023462E+3	1.374266E+1
1.023702E+3	1.372627E+1
1.023941E+3	1.387381E+1
1.024181E+3	1.391206E+1
1.024420E+3	1.392299E+1
1.024660E+3	1.374813E+1
1.024899E+3	1.356234E+1
1.025139E+3	1.328911E+1
1.025378E+3	1.320715E+1
1.025618E+3	1.334922E+1
1.025857E+3	1.327818E+1
1.026097E+3	1.333283E+1
1.026336E+3	1.331097E+1
1.026575E+3	1.328911E+1
1.026815E+3	1.325086E+1
1.027054E+3	1.317982E+1
1.027294E+3	1.337654E+1
1.027533E+3	1.299950E+1
1.027773E+3	1.291206E+1
1.028012E+3	1.290113E+1
1.028251E+3	1.289567E+1
1.028491E+3	1.285195E+1
1.028730E+3	1.276452E+1
1.028969E+3	1.264430E+1
1.029209E+3	1.239294E+1
1.029448E+3	1.239840E+1
1.029687E+3	1.263338E+1
1.029927E+3	1.276999E+1
1.030166E+3	1.273174E+1
1.030405E+3	1.273720E+1
1.030645E+3	1.259512E+1
1.030884E+3	1.246398E+1
1.031123E+3	1.250769E+1
1.031362E+3	1.239294E+1
1.031602E+3	1.243665E+1
1.031841E+3	1.239294E+1
1.032080E+3	1.247491E+1
1.032319E+3	1.215250E+1
1.032558E+3	1.192299E+1
1.032798E+3	1.199950E+1
1.033037E+3	1.223993E+1
1.033276E+3	1.211971E+1
1.033515E+3	1.225633E+1
1.033754E+3	1.222354E+1
1.033993E+3	1.226726E+1
1.034233E+3	1.236015E+1
1.034472E+3	1.238201E+1
1.034711E+3	1.236015E+1
1.034950E+3	1.244212E+1
1.035189E+3	1.250769E+1
1.035428E+3	1.223447E+1
1.035667E+3	1.199403E+1
1.035906E+3	1.201042E+1
1.036145E+3	1.210332E+1
1.036384E+3	1.210879E+1
1.036623E+3	1.178638E+1
1.036862E+3	1.168256E+1
1.037101E+3	1.140387E+1
1.037340E+3	1.125633E+1
1.037579E+3	1.119622E+1
1.037818E+3	1.124540E+1
1.038057E+3	1.125633E+1
1.038296E+3	1.117436E+1
1.038535E+3	1.109786E+1
1.038774E+3	1.105414E+1
1.039013E+3	1.096671E+1
1.039252E+3	1.113611E+1
1.039491E+3	1.112518E+1
1.039730E+3	1.138201E+1
1.039969E+3	1.156780E+1
1.040208E+3	1.115797E+1
1.040447E+3	1.106507E+1
1.040685E+3	1.130004E+1
1.040924E+3	1.144758E+1
1.041163E+3	1.144212E+1
1.041402E+3	1.143665E+1
1.041641E+3	1.154048E+1
1.041880E+3	1.122900E+1
1.042118E+3	1.132190E+1
1.042357E+3	1.133283E+1
1.042596E+3	1.143665E+1
1.042835E+3	1.137108E+1
1.043074E+3	1.119622E+1
1.043312E+3	1.110332E+1
1.043551E+3	1.096124E+1
1.043790E+3	1.122354E+1
1.044029E+3	1.137108E+1
1.044267E+3	1.115250E+1
1.044506E+3	1.118529E+1
1.044745E+3	1.107600E+1
1.044983E+3	1.126726E+1
1.045222E+3	1.138201E+1
1.045461E+3	1.151862E+1
1.045699E+3	1.143665E+1
1.045938E+3	1.143665E+1
1.046177E+3	1.126179E+1
1.046415E+3	1.126726E+1
1.046654E+3	1.106507E+1
1.046893E+3	1.120168E+1
1.047131E+3	1.138747E+1
1.047370E+3	1.158420E+1
1.047608E+3	1.174266E+1
1.047847E+3	1.169348E+1
1.048086E+3	1.151316E+1
1.048324E+3	1.149676E+1
1.048563E+3	1.123447E+1
1.048801E+3	1.109239E+1
1.049040E+3	1.076999E+1
1.049278E+3	1.079731E+1
1.049517E+3	1.075906E+1
1.049755E+3	1.080824E+1
1.049994E+3	1.076452E+1
1.050232E+3	1.090113E+1
1.050471E+3	1.075359E+1
1.050709E+3	1.042026E+1
1.050948E+3	1.034376E+1
1.051186E+3	1.043665E+1
1.051424E+3	1.046944E+1
1.051663E+3	1.054048E+1
1.051901E+3	1.050223E+1
1.052140E+3	1.017982E+1
1.052378E+3	1.007053E+1
1.052616E+3	9.802774E+0
1.052855E+3	9.939386E+0
1.053093E+3	9.928457E+0
1.053332E+3	1.004321E+1
1.053570E+3	1.011425E+1
1.053808E+3	1.000496E+1
1.054047E+3	1.019075E+1
1.054285E+3	1.024540E+1
1.054523E+3	1.003228E+1
1.054761E+3	1.021261E+1
1.055000E+3	1.020715E+1
1.055238E+3	1.000496E+1
1.055476E+3	9.912064E+0
1.055715E+3	9.884741E+0
1.055953E+3	9.895670E+0
1.056191E+3	9.928457E+0
1.056429E+3	9.983102E+0
1.056667E+3	1.017982E+1
1.056906E+3	1.034376E+1
1.057144E+3	1.019075E+1
1.057382E+3	1.013611E+1
1.057620E+3	1.012518E+1
1.057858E+3	1.003228E+1
1.058097E+3	1.023447E+1
1.058335E+3	9.950315E+0
1.058573E+3	9.802774E+0
1.058811E+3	9.737201E+0
1.059049E+3	9.819168E+0
1.059287E+3	9.966709E+0
1.059525E+3	9.857419E+0
1.059763E+3	9.813703E+0
1.060001E+3	9.830097E+0
1.060239E+3	9.977638E+0
1.060478E+3	9.966709E+0
1.060716E+3	9.988567E+0
1.060954E+3	9.928457E+0
1.061192E+3	9.966709E+0
1.061430E+3	9.595124E+0
1.061668E+3	9.371080E+0
1.061906E+3	8.961244E+0
1.062144E+3	8.567802E+0
1.062382E+3	8.463976E+0
1.062620E+3	8.529550E+0
1.062858E+3	8.425725E+0
1.063096E+3	8.305507E+0
1.063333E+3	8.190752E+0
1.063571E+3	8.114250E+0
1.063809E+3	8.059605E+0
1.064047E+3	8.081463E+0
1.064285E+3	7.939386E+0
1.064523E+3	8.004960E+0
1.064761E+3	7.983102E+0
1.064999E+3	8.103321E+0
1.065237E+3	8.207146E+0
1.065474E+3	8.218075E+0
1.065712E+3	8.125179E+0
1.065950E+3	7.944851E+0
1.066188E+3	7.868348E+0
1.066426E+3	7.999496E+0
1.066664E+3	8.059605E+0
1.066901E+3	8.037747E+0
1.067139E+3	8.245397E+0
1.067377E+3	8.103321E+0
1.067615E+3	8.070534E+0
1.067852E+3	7.780916E+0
1.068090E+3	7.474905E+0
1.068328E+3	7.354687E+0
1.068566E+3	7.130643E+0
1.068803E+3	6.813703E+0
1.069041E+3	6.677091E+0
1.069279E+3	6.655233E+0
1.069516E+3	6.562337E+0
1.069754E+3	6.305507E+0
1.069992E+3	5.977638E+0
1.070229E+3	5.813703E+0
1.070467E+3	5.830097E+0
1.070705E+3	5.748129E+0
1.070942E+3	5.693485E+0
1.071180E+3	5.250862E+0
1.071418E+3	4.988567E+0
1.071655E+3	4.862884E+0
1.071893E+3	4.791845E+0
1.072130E+3	4.737201E+0
1.072368E+3	4.759058E+0
1.072605E+3	4.644304E+0
1.072843E+3	4.726272E+0
1.073081E+3	4.791845E+0
1.073318E+3	4.808239E+0
1.073556E+3	4.742665E+0
1.073793E+3	4.562337E+0
1.074031E+3	4.321900E+0
1.074268E+3	4.245397E+0
1.074506E+3	4.174359E+0
1.074743E+3	4.108785E+0
1.074981E+3	3.983102E+0
1.075218E+3	4.201681E+0
1.075455E+3	4.119714E+0
1.075693E+3	4.043211E+0
1.075930E+3	4.152501E+0
1.076168E+3	4.054140E+0
1.076405E+3	4.354687E+0
1.076642E+3	4.409332E+0
1.076880E+3	4.463976E+0
1.077117E+3	4.491299E+0
1.077355E+3	4.567802E+0
1.077592E+3	4.917528E+0
1.077829E+3	4.966709E+0
1.078067E+3	5.037747E+0
1.078304E+3	5.081463E+0
1.078541E+3	5.136108E+0
1.078779E+3	5.442119E+0
1.079016E+3	5.682556E+0
1.079253E+3	5.879277E+0
1.079490E+3	5.846490E+0
1.079728E+3	5.988567E+0
1.079965E+3	5.955780E+0
1.080202E+3	5.966709E+0
1.080439E+3	5.977638E+0
1.080677E+3	6.065069E+0
1.080914E+3	5.999496E+0
1.081151E+3	6.223539E+0
1.081388E+3	6.261791E+0
1.081625E+3	6.168894E+0
1.081863E+3	5.961244E+0
1.082100E+3	5.830097E+0
1.082337E+3	5.813703E+0
1.082574E+3	6.026818E+0
1.082811E+3	5.977638E+0
1.083048E+3	6.130643E+0
1.083285E+3	5.972173E+0
1.083522E+3	5.999496E+0
1.083760E+3	5.999496E+0
1.083997E+3	6.212610E+0
1.084234E+3	6.491299E+0
1.084471E+3	6.933922E+0
1.084708E+3	7.070534E+0
1.084945E+3	7.059605E+0
1.085182E+3	7.196217E+0
1.085419E+3	7.272720E+0
1.085656E+3	7.622446E+0
1.085893E+3	7.813703E+0
1.086130E+3	8.108785E+0
1.086367E+3	8.223539E+0
1.086604E+3	8.409332E+0
1.086841E+3	8.600588E+0
1.087078E+3	8.376545E+0
1.087315E+3	8.218075E+0
1.087552E+3	8.207146E+0
1.087789E+3	8.092392E+0
1.088026E+3	7.819168E+0
1.088262E+3	7.797310E+0
1.088499E+3	7.906599E+0
1.088736E+3	7.944851E+0
1.088973E+3	7.830097E+0
1.089210E+3	7.890206E+0
1.089447E+3	8.026818E+0
1.089684E+3	7.802774E+0
1.089921E+3	7.922993E+0
1.090157E+3	7.966709E+0
1.090394E+3	8.092392E+0
1.090631E+3	8.310971E+0
1.090868E+3	8.032282E+0
1.091105E+3	7.999496E+0
1.091341E+3	7.988567E+0
1.091578E+3	7.737201E+0
1.091815E+3	7.584195E+0
1.092052E+3	7.655233E+0
1.092288E+3	7.688020E+0
1.092525E+3	7.737201E+0
1.092762E+3	7.606053E+0
1.092999E+3	7.354687E+0
1.093235E+3	7.081463E+0
1.093472E+3	6.868348E+0
1.093709E+3	6.567802E+0
1.093945E+3	6.540479E+0
1.094182E+3	6.349222E+0
1.094419E+3	6.239933E+0
1.094655E+3	6.097856E+0
1.094892E+3	6.114250E+0
1.095128E+3	6.075998E+0
1.095365E+3	5.972173E+0
1.095602E+3	5.917528E+0
1.095838E+3	5.841026E+0
1.096075E+3	5.633375E+0
1.096311E+3	5.813703E+0
1.096548E+3	5.726272E+0
1.096784E+3	5.759058E+0
1.097021E+3	5.868348E+0
1.097258E+3	6.070534E+0
1.097494E+3	5.999496E+0
1.097731E+3	6.234468E+0
1.097967E+3	6.157966E+0
1.098204E+3	6.157966E+0
1.098440E+3	6.026818E+0
1.098677E+3	5.966709E+0
1.098913E+3	5.573266E+0
1.099149E+3	5.447583E+0
1.099386E+3	5.338293E+0
1.099622E+3	5.136108E+0
1.099859E+3	4.994031E+0
1.100095E+3	4.846490E+0
1.100332E+3	4.841026E+0
1.100568E+3	4.611517E+0
1.100804E+3	4.616982E+0
1.101041E+3	4.502228E+0
1.101277E+3	4.387474E+0
1.101513E+3	4.677091E+0
1.101750E+3	4.786381E+0
1.101986E+3	4.802774E+0
1.102222E+3	5.075998E+0
1.102459E+3	5.272720E+0
1.102695E+3	5.414796E+0
1.102931E+3	5.360151E+0
1.103168E+3	5.310971E+0
1.103404E+3	5.392938E+0
1.103640E+3	5.239933E+0
1.103876E+3	5.185288E+0
1.104113E+3	5.092392E+0
1.104349E+3	4.966709E+0
1.104585E+3	4.988567E+0
1.104821E+3	4.879277E+0
1.105057E+3	4.830097E+0
1.105294E+3	4.955780E+0
1.105530E+3	4.835561E+0
1.105766E+3	4.709878E+0
1.106002E+3	4.999496E+0
1.106238E+3	5.179823E+0
1.106474E+3	5.021354E+0
1.106711E+3	4.944851E+0
1.106947E+3	4.988567E+0
1.107183E+3	5.032282E+0
1.107419E+3	5.043211E+0
1.107655E+3	5.075998E+0
1.107891E+3	5.070534E+0
1.108127E+3	8.841026E+0
1.108363E+3	5.174359E+0
1.108599E+3	9.841026E+0
1.108835E+3	1.250769E+1
1.109071E+3	1.284103E+1
1.109307E+3	1.684103E+1
1.109543E+3	9.507692E+0
1.109779E+3	1.250769E+1
1.110015E+3	4.174359E+0
1.110251E+3	3.174359E+0
1.110487E+3	4.174359E+0
1.110723E+3	5.076923E-1
1.110959E+3	5.507692E+0
1.111195E+3	3.507692E+0
1.111431E+3	2.507692E+0
1.111667E+3	6.841026E+0
1.111903E+3	8.410256E-1
1.112139E+3	4.507692E+0
1.112375E+3	8.507692E+0
1.112611E+3	-4.825641E+0
1.112847E+3	-2.825641E+0
1.113082E+3	1.417436E+1
1.113318E+3	6.507692E+0
1.113554E+3	6.507692E+0
1.113790E+3	8.410256E-1
1.114026E+3	4.507692E+0
1.114262E+3	5.507692E+0
1.114497E+3	-1.158974E+0
1.114733E+3	5.841026E+0
1.114969E+3	4.841026E+0
