1.951292E+2	0.000000E+0
1.953960E+2	0.000000E+0
1.956629E+2	0.000000E+0
1.959298E+2	0.000000E+0
1.961966E+2	0.000000E+0
1.964635E+2	0.000000E+0
1.967303E+2	0.000000E+0
1.969972E+2	0.000000E+0
1.972640E+2	0.000000E+0
1.975308E+2	0.000000E+0
1.977977E+2	0.000000E+0
1.980645E+2	0.000000E+0
1.983313E+2	0.000000E+0
1.985981E+2	0.000000E+0
1.988649E+2	0.000000E+0
1.991316E+2	0.000000E+0
1.993984E+2	0.000000E+0
1.996652E+2	0.000000E+0
1.999320E+2	0.000000E+0
2.001987E+2	0.000000E+0
2.004655E+2	0.000000E+0
2.007322E+2	0.000000E+0
2.009989E+2	0.000000E+0
2.012657E+2	0.000000E+0
2.015324E+2	0.000000E+0
2.017991E+2	0.000000E+0
2.020658E+2	0.000000E+0
2.023325E+2	0.000000E+0
2.025992E+2	0.000000E+0
2.028659E+2	0.000000E+0
2.031326E+2	0.000000E+0
2.033992E+2	0.000000E+0
2.036659E+2	0.000000E+0
2.039325E+2	0.000000E+0
2.041992E+2	0.000000E+0
2.044658E+2	0.000000E+0
2.047325E+2	0.000000E+0
2.049991E+2	0.000000E+0
2.052657E+2	0.000000E+0
2.055323E+2	0.000000E+0
2.057989E+2	0.000000E+0
2.060655E+2	0.000000E+0
2.063321E+2	0.000000E+0
2.065987E+2	0.000000E+0
2.068653E+2	0.000000E+0
2.071319E+2	0.000000E+0
2.073984E+2	0.000000E+0
2.076650E+2	0.000000E+0
2.079315E+2	0.000000E+0
2.081981E+2	0.000000E+0
2.084646E+2	0.000000E+0
2.087311E+2	0.000000E+0
2.089977E+2	0.000000E+0
2.092642E+2	0.000000E+0
2.095307E+2	0.000000E+0
2.097972E+2	0.000000E+0
2.100637E+2	0.000000E+0
2.103302E+2	0.000000E+0
2.105966E+2	0.000000E+0
2.108631E+2	0.000000E+0
2.111296E+2	0.000000E+0
2.113960E+2	0.000000E+0
2.116625E+2	0.000000E+0
2.119289E+2	0.000000E+0
2.121954E+2	0.000000E+0
2.124618E+2	0.000000E+0
2.127282E+2	0.000000E+0
2.129946E+2	0.000000E+0
2.132610E+2	0.000000E+0
2.135274E+2	0.000000E+0
2.137938E+2	0.000000E+0
2.140602E+2	0.000000E+0
2.143266E+2	0.000000E+0
2.145930E+2	0.000000E+0
2.148593E+2	0.000000E+0
2.151257E+2	0.000000E+0
2.153920E+2	0.000000E+0
2.156584E+2	0.000000E+0
2.159247E+2	0.000000E+0
2.161910E+2	0.000000E+0
2.164574E+2	0.000000E+0
2.167237E+2	0.000000E+0
2.169900E+2	0.000000E+0
2.172563E+2	0.000000E+0
2.175226E+2	0.000000E+0
2.177889E+2	0.000000E+0
2.180551E+2	0.000000E+0
2.183214E+2	0.000000E+0
2.185877E+2	0.000000E+0
2.188539E+2	0.000000E+0
2.191202E+2	0.000000E+0
2.193864E+2	0.000000E+0
2.196527E+2	0.000000E+0
2.199189E+2	0.000000E+0
2.201851E+2	0.000000E+0
2.204513E+2	0.000000E+0
2.207175E+2	0.000000E+0
2.209837E+2	0.000000E+0
2.212499E+2	0.000000E+0
2.215161E+2	0.000000E+0
2.217823E+2	0.000000E+0
2.220485E+2	0.000000E+0
2.223146E+2	0.000000E+0
2.225808E+2	0.000000E+0
2.228469E+2	0.000000E+0
2.231131E+2	0.000000E+0
2.233792E+2	0.000000E+0
2.236453E+2	0.000000E+0
2.239115E+2	0.000000E+0
2.241776E+2	0.000000E+0
2.244437E+2	0.000000E+0
2.247098E+2	0.000000E+0
2.249759E+2	0.000000E+0
2.252420E+2	0.000000E+0
2.255080E+2	0.000000E+0
2.257741E+2	0.000000E+0
2.260402E+2	0.000000E+0
2.263062E+2	0.000000E+0
2.265723E+2	0.000000E+0
2.268383E+2	0.000000E+0
2.271044E+2	0.000000E+0
2.273704E+2	0.000000E+0
2.276364E+2	0.000000E+0
2.279024E+2	0.000000E+0
2.281684E+2	0.000000E+0
2.284344E+2	0.000000E+0
2.287004E+2	0.000000E+0
2.289664E+2	0.000000E+0
2.292324E+2	0.000000E+0
2.294984E+2	0.000000E+0
2.297643E+2	0.000000E+0
2.300303E+2	0.000000E+0
2.302962E+2	0.000000E+0
2.305622E+2	0.000000E+0
2.308281E+2	0.000000E+0
2.310940E+2	0.000000E+0
2.313599E+2	0.000000E+0
2.316259E+2	0.000000E+0
2.318918E+2	0.000000E+0
2.321577E+2	0.000000E+0
2.324236E+2	0.000000E+0
2.326894E+2	0.000000E+0
2.329553E+2	0.000000E+0
2.332212E+2	0.000000E+0
2.334871E+2	0.000000E+0
2.337529E+2	0.000000E+0
2.340188E+2	0.000000E+0
2.342846E+2	0.000000E+0
2.345504E+2	0.000000E+0
2.348163E+2	0.000000E+0
2.350821E+2	0.000000E+0
2.353479E+2	0.000000E+0
2.356137E+2	0.000000E+0
2.358795E+2	0.000000E+0
2.361453E+2	0.000000E+0
2.364111E+2	0.000000E+0
2.366769E+2	0.000000E+0
2.369426E+2	0.000000E+0
2.372084E+2	0.000000E+0
2.374741E+2	0.000000E+0
2.377399E+2	0.000000E+0
2.380056E+2	0.000000E+0
2.382714E+2	0.000000E+0
2.385371E+2	0.000000E+0
2.388028E+2	0.000000E+0
2.390685E+2	0.000000E+0
2.393342E+2	0.000000E+0
2.395999E+2	0.000000E+0
2.398656E+2	0.000000E+0
2.401313E+2	0.000000E+0
2.403970E+2	0.000000E+0
2.406626E+2	0.000000E+0
2.409283E+2	0.000000E+0
2.411940E+2	0.000000E+0
2.414596E+2	0.000000E+0
2.417252E+2	0.000000E+0
2.419909E+2	0.000000E+0
2.422565E+2	0.000000E+0
2.425221E+2	0.000000E+0
2.427877E+2	0.000000E+0
2.430533E+2	0.000000E+0
2.433189E+2	0.000000E+0
2.435845E+2	0.000000E+0
2.438501E+2	0.000000E+0
2.441157E+2	0.000000E+0
2.443812E+2	0.000000E+0
2.446468E+2	0.000000E+0
2.449124E+2	0.000000E+0
2.451779E+2	0.000000E+0
2.454434E+2	0.000000E+0
2.457090E+2	0.000000E+0
2.459745E+2	0.000000E+0
2.462400E+2	0.000000E+0
2.465055E+2	0.000000E+0
2.467710E+2	0.000000E+0
2.470365E+2	0.000000E+0
2.473020E+2	0.000000E+0
2.475675E+2	0.000000E+0
2.478330E+2	0.000000E+0
2.480984E+2	0.000000E+0
2.483639E+2	0.000000E+0
2.486294E+2	0.000000E+0
2.488948E+2	0.000000E+0
2.491602E+2	0.000000E+0
2.494257E+2	0.000000E+0
2.496911E+2	0.000000E+0
2.499565E+2	0.000000E+0
2.502219E+2	6.027042E+0
2.504873E+2	5.961468E+0
2.507527E+2	5.677315E+0
2.510181E+2	5.802998E+0
2.512835E+2	6.065294E+0
2.515489E+2	5.841250E+0
2.518142E+2	5.857643E+0
2.520796E+2	6.027042E+0
2.523449E+2	6.212835E+0
2.526103E+2	6.300266E+0
2.528756E+2	6.376769E+0
2.531409E+2	6.387698E+0
2.534063E+2	6.338518E+0
2.536716E+2	6.835785E+0
2.539369E+2	6.961468E+0
2.542022E+2	7.207370E+0
2.544675E+2	7.365840E+0
2.547328E+2	7.841250E+0
2.549980E+2	8.289337E+0
2.552633E+2	8.420485E+0
2.555286E+2	8.469665E+0
2.557938E+2	8.699173E+0
2.560591E+2	9.201906E+0
2.563243E+2	9.628135E+0
2.565896E+2	9.841250E+0
2.568548E+2	1.024562E+1
2.571200E+2	1.026201E+1
2.573852E+2	1.038223E+1
2.576504E+2	1.061721E+1
2.579156E+2	1.079753E+1
2.581808E+2	1.074835E+1
2.584460E+2	1.077021E+1
2.587112E+2	1.082486E+1
2.589763E+2	1.091775E+1
2.592415E+2	1.083032E+1
2.595067E+2	1.089043E+1
2.597718E+2	1.107622E+1
2.600369E+2	1.137677E+1
2.603021E+2	1.149699E+1
2.605672E+2	1.165546E+1
2.608323E+2	1.177021E+1
2.610974E+2	1.164453E+1
2.613625E+2	1.153524E+1
2.616276E+2	1.142048E+1
2.618927E+2	1.140409E+1
2.621578E+2	1.131120E+1
2.624229E+2	1.124016E+1
2.626880E+2	1.161721E+1
2.629530E+2	1.171557E+1
2.632181E+2	1.161174E+1
2.634831E+2	1.154070E+1
2.637482E+2	1.175382E+1
2.640132E+2	1.187950E+1
2.642782E+2	1.158988E+1
2.645432E+2	1.140956E+1
2.648082E+2	1.131666E+1
2.650732E+2	1.118005E+1
2.653382E+2	1.110354E+1
2.656032E+2	1.087404E+1
2.658682E+2	1.089589E+1
2.661332E+2	1.094507E+1
2.663981E+2	1.101611E+1
2.666631E+2	1.100518E+1
2.669281E+2	1.114726E+1
2.671930E+2	1.090136E+1
2.674579E+2	1.076475E+1
2.677229E+2	1.109808E+1
2.679878E+2	1.122376E+1
2.682527E+2	1.092868E+1
2.685176E+2	1.037130E+1
2.687825E+2	1.015273E+1
2.690474E+2	1.006529E+1
2.693123E+2	9.884966E+0
2.695772E+2	9.792069E+0
2.698420E+2	9.513381E+0
2.701069E+2	9.316660E+0
2.703718E+2	9.218299E+0
2.706366E+2	9.152725E+0
2.709014E+2	8.994255E+0
2.711663E+2	8.502452E+0
2.714311E+2	8.196441E+0
2.716959E+2	8.229228E+0
2.719607E+2	7.966933E+0
2.722255E+2	7.786605E+0
2.724903E+2	7.518845E+0
2.727551E+2	7.354911E+0
2.730199E+2	7.196441E+0
2.732847E+2	7.245621E+0
2.735495E+2	7.180048E+0
2.738142E+2	7.190977E+0
2.740790E+2	7.338518E+0
2.743437E+2	7.223763E+0
2.746085E+2	7.054365E+0
2.748732E+2	6.901359E+0
2.751379E+2	6.868572E+0
2.754026E+2	6.901359E+0
2.756674E+2	6.655457E+0
2.759321E+2	6.693709E+0
2.761968E+2	6.393162E+0
2.764614E+2	6.442343E+0
2.767261E+2	6.289337E+0
2.769908E+2	6.234692E+0
2.772555E+2	6.201906E+0
2.775201E+2	6.059829E+0
2.777848E+2	6.322124E+0
2.780494E+2	6.354911E+0
2.783141E+2	6.376769E+0
2.785787E+2	6.546168E+0
2.788433E+2	6.442343E+0
2.791079E+2	6.300266E+0
2.793725E+2	6.163654E+0
2.796371E+2	6.190977E+0
2.799017E+2	6.005184E+0
2.801663E+2	5.639064E+0
2.804309E+2	5.726496E+0
2.806955E+2	5.688244E+0
2.809600E+2	5.666386E+0
2.812246E+2	5.912288E+0
2.814891E+2	5.923217E+0
2.817537E+2	6.059829E+0
2.820182E+2	6.190977E+0
2.822827E+2	6.169119E+0
2.825473E+2	6.005184E+0
2.828118E+2	5.890430E+0
2.830763E+2	5.742889E+0
2.833408E+2	5.802998E+0
2.836053E+2	5.639064E+0
2.838697E+2	5.354911E+0
2.841342E+2	4.983326E+0
2.843987E+2	5.109009E+0
2.846632E+2	5.283873E+0
2.849276E+2	5.398627E+0
2.851921E+2	5.464201E+0
2.854565E+2	5.502452E+0
2.857209E+2	5.568026E+0
2.859853E+2	5.513381E+0
2.862498E+2	5.322124E+0
2.865142E+2	5.256550E+0
2.867786E+2	5.245621E+0
2.870430E+2	5.048900E+0
2.873074E+2	4.977862E+0
2.875717E+2	5.251086E+0
2.878361E+2	5.158190E+0
2.881005E+2	5.354911E+0
2.883648E+2	5.245621E+0
2.886292E+2	5.010649E+0
2.888935E+2	5.141796E+0
2.891579E+2	5.065294E+0
2.894222E+2	5.147261E+0
2.896865E+2	5.240157E+0
2.899508E+2	5.311195E+0
2.902151E+2	5.048900E+0
2.904794E+2	5.180048E+0
2.907437E+2	5.300266E+0
2.910080E+2	5.447807E+0
2.912723E+2	5.442343E+0
2.915366E+2	5.595348E+0
2.918008E+2	5.868572E+0
2.920651E+2	5.945075E+0
2.923293E+2	6.136332E+0
2.925936E+2	6.076223E+0
2.928578E+2	6.076223E+0
2.931220E+2	5.977862E+0
2.933863E+2	5.852179E+0
2.936505E+2	5.928682E+0
2.939147E+2	5.781141E+0
2.941789E+2	5.639064E+0
2.944431E+2	5.507916E+0
2.947072E+2	5.792069E+0
2.949714E+2	5.835785E+0
2.952356E+2	5.956004E+0
2.954997E+2	6.136332E+0
2.957639E+2	6.234692E+0
2.960280E+2	6.529774E+0
2.962922E+2	6.731960E+0
2.965563E+2	6.759283E+0
2.968204E+2	6.699173E+0
2.970845E+2	6.715567E+0
2.973486E+2	6.584419E+0
2.976127E+2	6.622671E+0
2.978768E+2	6.917753E+0
2.981409E+2	6.999720E+0
2.984050E+2	6.923217E+0
2.986691E+2	7.234692E+0
2.989331E+2	7.229228E+0
2.991972E+2	7.349447E+0
2.994612E+2	7.398627E+0
2.997253E+2	7.415020E+0
2.999893E+2	7.469665E+0
3.002534E+2	7.671851E+0
3.005174E+2	7.496988E+0
3.007814E+2	7.393162E+0
3.010454E+2	7.305731E+0
3.013094E+2	7.180048E+0
3.015734E+2	7.240157E+0
3.018374E+2	7.300266E+0
3.021013E+2	7.453272E+0
3.023653E+2	7.704638E+0
3.026293E+2	7.573490E+0
3.028932E+2	7.573490E+0
3.031572E+2	7.704638E+0
3.034211E+2	7.950539E+0
3.036850E+2	7.961468E+0
3.039489E+2	8.027042E+0
3.042129E+2	7.912288E+0
3.044768E+2	8.076223E+0
3.047407E+2	8.119938E+0
3.050046E+2	7.781141E+0
3.052685E+2	7.655457E+0
3.055323E+2	7.639064E+0
3.057962E+2	7.425949E+0
3.060601E+2	7.163654E+0
3.063239E+2	7.169119E+0
3.065878E+2	7.338518E+0
3.068516E+2	7.398627E+0
3.071155E+2	7.393162E+0
3.073793E+2	7.234692E+0
3.076431E+2	7.087151E+0
3.079069E+2	7.081687E+0
3.081707E+2	7.152725E+0
3.084345E+2	7.125403E+0
3.086983E+2	7.043436E+0
3.089621E+2	7.119938E+0
3.092259E+2	7.059829E+0
3.094896E+2	7.229228E+0
3.097534E+2	7.349447E+0
3.100171E+2	7.365840E+0
3.102809E+2	7.283873E+0
3.105446E+2	7.518845E+0
3.108084E+2	7.453272E+0
3.110721E+2	7.300266E+0
3.113358E+2	7.212835E+0
3.115995E+2	7.415020E+0
3.118632E+2	7.343982E+0
3.121269E+2	7.169119E+0
3.123906E+2	6.983326E+0
3.126543E+2	6.966933E+0
3.129179E+2	6.945075E+0
3.131816E+2	6.748354E+0
3.134453E+2	6.644529E+0
3.137089E+2	6.655457E+0
3.139725E+2	6.387698E+0
3.142362E+2	6.190977E+0
3.144998E+2	6.103545E+0
3.147634E+2	5.808463E+0
3.150270E+2	5.824856E+0
3.152906E+2	5.835785E+0
3.155542E+2	5.939610E+0
3.158178E+2	5.999720E+0
3.160814E+2	6.152725E+0
3.163450E+2	6.109009E+0
3.166086E+2	6.354911E+0
3.168721E+2	6.562561E+0
3.171357E+2	6.507916E+0
3.173992E+2	6.622671E+0
3.176627E+2	6.557097E+0
3.179263E+2	6.524310E+0
3.181898E+2	6.491523E+0
3.184533E+2	6.404091E+0
3.187168E+2	6.606277E+0
3.189803E+2	6.606277E+0
3.192438E+2	6.611742E+0
3.195073E+2	6.568026E+0
3.197708E+2	6.721031E+0
3.200342E+2	6.540703E+0
3.202977E+2	6.764747E+0
3.205612E+2	6.595348E+0
3.208246E+2	6.852179E+0
3.210881E+2	7.109009E+0
3.213515E+2	7.447807E+0
3.216149E+2	7.278408E+0
3.218783E+2	7.180048E+0
3.221417E+2	7.294802E+0
3.224051E+2	7.070758E+0
3.226685E+2	6.835785E+0
3.229319E+2	6.721031E+0
3.231953E+2	6.584419E+0
3.234587E+2	6.671851E+0
3.237221E+2	6.639064E+0
3.239854E+2	6.770212E+0
3.242488E+2	6.371304E+0
3.245121E+2	6.065294E+0
3.247754E+2	5.786605E+0
3.250388E+2	5.797534E+0
3.253021E+2	5.813927E+0
3.255654E+2	5.699173E+0
3.258287E+2	5.726496E+0
3.260920E+2	5.737425E+0
3.263553E+2	5.786605E+0
3.266186E+2	5.633600E+0
3.268819E+2	5.584419E+0
3.271451E+2	5.748354E+0
3.274084E+2	5.983326E+0
3.276717E+2	5.966933E+0
3.279349E+2	6.087151E+0
3.281981E+2	5.983326E+0
3.284614E+2	6.087151E+0
3.287246E+2	6.141796E+0
3.289878E+2	6.251086E+0
3.292510E+2	6.245621E+0
3.295142E+2	6.469665E+0
3.297774E+2	6.562561E+0
3.300406E+2	6.666386E+0
3.303038E+2	6.595348E+0
3.305670E+2	6.726496E+0
3.308301E+2	6.895895E+0
3.310933E+2	7.037971E+0
3.313564E+2	7.032507E+0
3.316196E+2	6.759283E+0
3.318827E+2	6.895895E+0
3.321458E+2	6.715567E+0
3.324089E+2	6.770212E+0
3.326721E+2	6.786605E+0
3.329352E+2	6.677315E+0
3.331983E+2	6.611742E+0
3.334614E+2	6.622671E+0
3.337244E+2	6.666386E+0
3.339875E+2	6.677315E+0
3.342506E+2	6.726496E+0
3.345136E+2	6.715567E+0
3.347767E+2	6.568026E+0
3.350397E+2	6.431414E+0
3.353028E+2	6.447807E+0
3.355658E+2	6.376769E+0
3.358288E+2	6.387698E+0
3.360918E+2	6.447807E+0
3.363548E+2	6.360376E+0
3.366178E+2	6.240157E+0
3.368808E+2	6.021578E+0
3.371438E+2	5.863108E+0
3.374068E+2	5.688244E+0
3.376698E+2	5.884966E+0
3.379327E+2	5.923217E+0
3.381957E+2	5.857643E+0
3.384586E+2	6.092616E+0
3.387216E+2	6.076223E+0
3.389845E+2	6.125403E+0
3.392474E+2	6.382233E+0
3.395103E+2	6.431414E+0
3.397733E+2	6.376769E+0
3.400362E+2	6.136332E+0
3.402990E+2	6.169119E+0
3.405619E+2	6.502452E+0
3.408248E+2	6.808463E+0
3.410877E+2	6.721031E+0
3.413506E+2	6.983326E+0
3.416134E+2	7.070758E+0
3.418763E+2	7.059829E+0
3.421391E+2	6.950539E+0
3.424019E+2	7.201906E+0
3.426648E+2	7.174583E+0
3.429276E+2	7.240157E+0
3.431904E+2	7.343982E+0
3.434532E+2	7.272944E+0
3.437160E+2	7.311195E+0
3.439788E+2	7.327589E+0
3.442416E+2	7.283873E+0
3.445043E+2	7.431414E+0
3.447671E+2	7.327589E+0
3.450299E+2	7.234692E+0
3.452926E+2	7.223763E+0
3.455554E+2	7.185512E+0
3.458181E+2	6.972397E+0
3.460808E+2	6.852179E+0
3.463436E+2	7.147261E+0
3.466063E+2	6.868572E+0
3.468690E+2	6.688244E+0
3.471317E+2	6.311195E+0
3.473944E+2	6.169119E+0
3.476570E+2	6.343982E+0
3.479197E+2	6.333053E+0
3.481824E+2	6.486059E+0
3.484451E+2	6.649993E+0
3.487077E+2	6.573490E+0
3.489704E+2	6.589884E+0
3.492330E+2	6.726496E+0
3.494956E+2	6.764747E+0
3.497582E+2	7.021578E+0
3.500209E+2	6.988791E+0
3.502835E+2	6.928682E+0
3.505461E+2	7.190977E+0
3.508087E+2	7.376769E+0
3.510713E+2	7.431414E+0
3.513338E+2	7.425949E+0
3.515964E+2	7.229228E+0
3.518590E+2	6.699173E+0
3.521215E+2	6.491523E+0
3.523841E+2	6.147261E+0
3.526466E+2	6.387698E+0
3.529091E+2	6.518845E+0
3.531717E+2	6.535239E+0
3.534342E+2	6.884966E+0
3.536967E+2	6.753818E+0
3.539592E+2	6.731960E+0
3.542217E+2	6.715567E+0
3.544842E+2	6.759283E+0
3.547467E+2	6.617206E+0
3.550091E+2	6.759283E+0
3.552716E+2	6.742889E+0
3.555341E+2	6.852179E+0
3.557965E+2	6.901359E+0
3.560590E+2	7.174583E+0
3.563214E+2	7.568026E+0
3.565838E+2	7.272944E+0
3.568462E+2	7.016113E+0
3.571086E+2	7.010649E+0
3.573711E+2	6.983326E+0
3.576335E+2	6.994255E+0
3.578958E+2	6.742889E+0
3.581582E+2	6.589884E+0
3.584206E+2	6.180048E+0
3.586830E+2	6.267479E+0
3.589453E+2	5.939610E+0
3.592077E+2	5.617206E+0
3.594700E+2	5.584419E+0
3.597324E+2	5.327589E+0
3.599947E+2	5.016113E+0
3.602570E+2	5.262015E+0
3.605193E+2	5.065294E+0
3.607816E+2	5.087151E+0
3.610439E+2	5.535239E+0
3.613062E+2	5.868572E+0
3.615685E+2	5.600813E+0
3.618308E+2	5.688244E+0
3.620930E+2	5.693709E+0
3.623553E+2	5.584419E+0
3.626176E+2	5.529774E+0
3.628798E+2	5.693709E+0
3.631420E+2	5.972397E+0
3.634043E+2	6.251086E+0
3.636665E+2	6.360376E+0
3.639287E+2	6.278408E+0
3.641909E+2	6.267479E+0
3.644531E+2	6.059829E+0
3.647153E+2	5.693709E+0
3.649775E+2	5.502452E+0
3.652397E+2	5.518845E+0
3.655018E+2	5.278408E+0
3.657640E+2	4.988791E+0
3.660262E+2	5.119938E+0
3.662883E+2	5.016113E+0
3.665505E+2	4.748354E+0
3.668126E+2	4.316660E+0
3.670747E+2	4.267479E+0
3.673368E+2	4.114474E+0
3.675989E+2	4.087151E+0
3.678610E+2	4.256550E+0
3.681231E+2	4.524310E+0
3.683852E+2	5.005184E+0
3.686473E+2	4.835785E+0
3.689094E+2	4.639064E+0
3.691714E+2	4.540703E+0
3.694335E+2	4.136332E+0
3.696955E+2	4.037971E+0
3.699576E+2	4.240157E+0
3.702196E+2	4.300266E+0
3.704816E+2	4.551632E+0
3.707437E+2	4.710102E+0
3.710057E+2	4.611742E+0
3.712677E+2	4.535239E+0
3.715297E+2	4.376769E+0
3.717917E+2	4.349447E+0
3.720536E+2	4.311195E+0
3.723156E+2	4.016113E+0
3.725776E+2	4.174583E+0
3.728395E+2	4.551632E+0
3.731015E+2	4.458736E+0
3.733634E+2	4.513381E+0
3.736254E+2	4.360376E+0
3.738873E+2	4.371304E+0
3.741492E+2	4.546168E+0
3.744111E+2	4.841250E+0
3.746730E+2	4.781141E+0
3.749349E+2	5.141796E+0
3.751968E+2	5.119938E+0
3.754587E+2	5.010649E+0
3.757206E+2	5.092616E+0
3.759824E+2	5.169119E+0
3.762443E+2	5.136332E+0
3.765061E+2	5.289337E+0
3.767680E+2	5.436878E+0
3.770298E+2	4.879501E+0
3.772916E+2	4.846714E+0
3.775535E+2	5.103545E+0
3.778153E+2	5.065294E+0
3.780771E+2	5.098080E+0
3.783389E+2	5.065294E+0
3.786007E+2	5.234692E+0
3.788624E+2	5.207370E+0
3.791242E+2	4.983326E+0
3.793860E+2	5.109009E+0
3.796477E+2	5.130867E+0
3.799095E+2	5.294802E+0
3.801712E+2	5.398627E+0
3.804330E+2	5.671851E+0
3.806947E+2	6.065294E+0
3.809564E+2	6.398627E+0
3.812181E+2	6.535239E+0
3.814798E+2	6.611742E+0
3.817415E+2	6.934146E+0
3.820032E+2	7.005184E+0
3.822649E+2	7.005184E+0
3.825266E+2	6.901359E+0
3.827883E+2	7.169119E+0
3.830499E+2	7.245621E+0
3.833116E+2	7.360376E+0
3.835732E+2	7.486059E+0
3.838348E+2	7.699173E+0
3.840965E+2	7.792069E+0
3.843581E+2	7.633600E+0
3.846197E+2	7.748354E+0
3.848813E+2	7.917753E+0
3.851429E+2	7.939610E+0
3.854045E+2	8.016113E+0
3.856661E+2	8.163654E+0
3.859277E+2	8.289337E+0
3.861892E+2	8.316660E+0
3.864508E+2	8.048900E+0
3.867124E+2	7.857643E+0
3.869739E+2	7.797534E+0
3.872354E+2	8.048900E+0
3.874970E+2	8.398627E+0
3.877585E+2	8.354911E+0
3.880200E+2	8.158190E+0
3.882815E+2	8.464201E+0
3.885430E+2	8.496988E+0
3.888045E+2	8.141796E+0
3.890660E+2	8.185512E+0
3.893275E+2	7.912288E+0
3.895889E+2	8.092616E+0
3.898504E+2	8.218299E+0
3.901118E+2	8.529774E+0
3.903733E+2	8.644529E+0
3.906347E+2	8.721031E+0
3.908962E+2	8.496988E+0
3.911576E+2	8.715567E+0
3.914190E+2	8.775676E+0
3.916804E+2	8.802998E+0
3.919418E+2	8.737425E+0
3.922032E+2	8.578955E+0
3.924646E+2	8.311195E+0
3.927260E+2	8.272944E+0
3.929873E+2	8.316660E+0
3.932487E+2	7.988791E+0
3.935100E+2	7.846714E+0
3.937714E+2	7.879501E+0
3.940327E+2	7.884966E+0
3.942941E+2	7.879501E+0
3.945554E+2	8.043436E+0
3.948167E+2	8.065294E+0
3.950780E+2	8.223763E+0
3.953393E+2	8.032507E+0
3.956006E+2	7.879501E+0
3.958619E+2	7.693709E+0
3.961232E+2	7.524310E+0
3.963844E+2	7.431414E+0
3.966457E+2	7.415020E+0
3.969069E+2	7.409556E+0
3.971682E+2	7.185512E+0
3.974294E+2	7.130867E+0
3.976907E+2	6.961468E+0
3.979519E+2	6.797534E+0
3.982131E+2	6.863108E+0
3.984743E+2	7.027042E+0
3.987355E+2	6.983326E+0
3.989967E+2	7.048900E+0
3.992579E+2	6.868572E+0
3.995191E+2	6.742889E+0
3.997802E+2	6.518845E+0
4.000414E+2	6.289337E+0
4.003025E+2	6.190977E+0
4.005637E+2	6.021578E+0
4.008248E+2	6.005184E+0
4.010860E+2	6.196441E+0
4.013471E+2	6.415020E+0
4.016082E+2	6.223763E+0
4.018693E+2	5.874037E+0
4.021304E+2	6.048900E+0
4.023915E+2	6.190977E+0
4.026526E+2	6.502452E+0
4.029137E+2	6.628135E+0
4.031747E+2	6.584419E+0
4.034358E+2	6.218299E+0
4.036968E+2	6.436878E+0
4.039579E+2	6.513381E+0
4.042189E+2	6.382233E+0
4.044800E+2	6.480594E+0
4.047410E+2	6.912288E+0
4.050020E+2	7.158190E+0
4.052630E+2	7.103545E+0
4.055240E+2	7.098080E+0
4.057850E+2	7.398627E+0
4.060460E+2	7.196441E+0
4.063070E+2	6.945075E+0
4.065679E+2	6.950539E+0
4.068289E+2	6.945075E+0
4.070898E+2	6.988791E+0
4.073508E+2	6.988791E+0
4.076117E+2	6.868572E+0
4.078727E+2	7.054365E+0
4.081336E+2	7.283873E+0
4.083945E+2	7.349447E+0
4.086554E+2	7.283873E+0
4.089163E+2	7.507916E+0
4.091772E+2	7.753818E+0
4.094381E+2	7.874037E+0
4.096990E+2	7.977862E+0
4.099598E+2	8.152725E+0
4.102207E+2	8.114474E+0
4.104815E+2	7.928682E+0
4.107424E+2	7.710102E+0
4.110032E+2	7.764747E+0
4.112640E+2	7.649993E+0
4.115249E+2	7.693709E+0
4.117857E+2	7.912288E+0
4.120465E+2	7.906824E+0
4.123073E+2	7.781141E+0
4.125681E+2	8.027042E+0
4.128289E+2	7.966933E+0
4.130896E+2	8.147261E+0
4.133504E+2	8.251086E+0
4.136112E+2	8.475130E+0
4.138719E+2	8.753818E+0
4.141327E+2	8.977862E+0
4.143934E+2	8.994255E+0
4.146541E+2	9.180048E+0
4.149149E+2	9.114474E+0
4.151756E+2	9.311195E+0
4.154363E+2	9.737425E+0
4.156970E+2	9.775676E+0
4.159577E+2	1.000518E+1
4.162184E+2	1.016912E+1
4.164790E+2	1.035491E+1
4.167397E+2	1.026748E+1
4.170004E+2	1.010901E+1
4.172610E+2	1.002704E+1
4.175217E+2	1.034398E+1
4.177823E+2	1.054617E+1
4.180429E+2	1.055710E+1
4.183035E+2	1.071010E+1
4.185642E+2	1.091229E+1
4.188248E+2	1.090682E+1
4.190854E+2	1.061721E+1
4.193459E+2	1.094507E+1
4.196065E+2	1.096693E+1
4.198671E+2	1.077021E+1
4.201277E+2	1.066639E+1
4.203882E+2	1.056803E+1
4.206488E+2	1.038223E+1
4.209093E+2	1.016912E+1
4.211699E+2	1.028387E+1
4.214304E+2	1.022376E+1
4.216909E+2	9.945075E+0
4.219514E+2	9.852179E+0
4.222119E+2	1.004890E+1
4.224724E+2	1.001611E+1
4.227329E+2	1.001065E+1
4.229934E+2	9.802998E+0
4.232539E+2	9.792069E+0
4.235143E+2	1.000518E+1
4.237748E+2	9.874037E+0
4.240352E+2	9.824856E+0
4.242957E+2	9.824856E+0
4.245561E+2	9.972397E+0
4.248166E+2	1.001611E+1
4.250770E+2	1.006529E+1
4.253374E+2	9.983326E+0
4.255978E+2	9.868572E+0
4.258582E+2	9.939610E+0
4.261186E+2	9.966933E+0
4.263790E+2	1.021830E+1
4.266393E+2	1.048606E+1
4.268997E+2	1.041502E+1
4.271600E+2	1.044234E+1
4.274204E+2	1.032212E+1
4.276807E+2	1.038223E+1
4.279411E+2	1.050245E+1
4.282014E+2	1.050792E+1
4.284617E+2	1.026201E+1
4.287220E+2	1.025109E+1
4.289823E+2	1.007622E+1
4.292426E+2	1.010901E+1
4.295029E+2	9.830321E+0
4.297632E+2	9.540703E+0
4.300235E+2	9.305731E+0
4.302837E+2	9.360376E+0
4.305440E+2	9.283873E+0
4.308042E+2	9.507916E+0
4.310645E+2	9.529774E+0
4.313247E+2	9.562561E+0
4.315849E+2	9.775676E+0
4.318451E+2	9.786605E+0
4.321054E+2	9.737425E+0
4.323656E+2	9.644529E+0
4.326258E+2	9.901359E+0
4.328859E+2	9.988791E+0
4.331461E+2	1.002704E+1
4.334063E+2	1.002704E+1
4.336665E+2	1.001611E+1
4.339266E+2	9.797534E+0
4.341868E+2	9.518845E+0
4.344469E+2	9.229228E+0
4.347070E+2	9.092616E+0
4.349671E+2	9.125403E+0
4.352273E+2	8.759283E+0
4.354874E+2	8.759283E+0
4.357475E+2	8.923217E+0
4.360076E+2	9.021578E+0
4.362677E+2	8.966933E+0
4.365277E+2	8.934146E+0
4.367878E+2	8.977862E+0
4.370479E+2	9.267479E+0
4.373079E+2	9.316660E+0
4.375680E+2	9.606277E+0
4.378280E+2	9.546168E+0
4.380880E+2	9.546168E+0
4.383480E+2	9.486059E+0
4.386081E+2	9.529774E+0
4.388681E+2	9.956004E+0
4.391281E+2	1.007076E+1
4.393881E+2	9.906824E+0
4.396480E+2	1.021830E+1
4.399080E+2	1.031666E+1
4.401680E+2	1.046967E+1
4.404279E+2	1.078114E+1
4.406879E+2	1.087404E+1
4.409478E+2	1.080300E+1
4.412078E+2	1.094507E+1
4.414677E+2	1.111447E+1
4.417276E+2	1.091775E+1
4.419875E+2	1.136038E+1
4.422474E+2	1.132759E+1
4.425073E+2	1.146967E+1
4.427672E+2	1.161721E+1
4.430271E+2	1.172103E+1
4.432870E+2	1.193415E+1
4.435469E+2	1.166092E+1
4.438067E+2	1.162814E+1
4.440666E+2	1.181939E+1
4.443264E+2	1.183032E+1
4.445862E+2	1.179753E+1
4.448461E+2	1.181939E+1
4.451059E+2	1.203797E+1
4.453657E+2	1.215819E+1
4.456255E+2	1.230027E+1
4.458853E+2	1.242048E+1
4.461451E+2	1.265546E+1
4.464049E+2	1.271557E+1
4.466646E+2	1.234398E+1
4.469244E+2	1.258988E+1
4.471842E+2	1.239863E+1
4.474439E+2	1.244781E+1
4.477036E+2	1.242595E+1
4.479634E+2	1.237130E+1
4.482231E+2	1.263360E+1
4.484828E+2	1.258442E+1
4.487425E+2	1.257895E+1
4.490022E+2	1.267732E+1
4.492619E+2	1.256256E+1
4.495216E+2	1.259535E+1
4.497813E+2	1.258988E+1
4.500410E+2	1.258988E+1
4.503006E+2	1.269917E+1
4.505603E+2	1.284125E+1
4.508199E+2	1.296147E+1
4.510796E+2	1.302704E+1
4.513392E+2	1.299972E+1
4.515988E+2	1.318005E+1
4.518584E+2	1.340956E+1
4.521180E+2	1.380300E+1
4.523776E+2	1.404890E+1
4.526372E+2	1.422376E+1
4.528968E+2	1.411994E+1
4.531564E+2	1.407622E+1
4.534160E+2	1.403251E+1
4.536755E+2	1.439863E+1
4.539351E+2	1.464999E+1
4.541946E+2	1.486311E+1
4.544541E+2	1.511447E+1
4.547137E+2	1.502158E+1
4.549732E+2	1.521283E+1
4.552327E+2	1.519098E+1
4.554922E+2	1.497786E+1
4.557517E+2	1.489589E+1
4.560112E+2	1.487404E+1
4.562707E+2	1.466639E+1
4.565302E+2	1.448059E+1
4.567896E+2	1.489589E+1
4.570491E+2	1.518005E+1
4.573085E+2	1.518005E+1
4.575680E+2	1.534945E+1
4.578274E+2	1.505436E+1
4.580868E+2	1.499972E+1
4.583463E+2	1.513633E+1
4.586057E+2	1.530027E+1
4.588651E+2	1.552431E+1
4.591245E+2	1.556803E+1
4.593838E+2	1.597240E+1
4.596432E+2	1.628934E+1
4.599026E+2	1.657895E+1
4.601620E+2	1.675928E+1
4.604213E+2	1.698879E+1
4.606807E+2	1.731120E+1
4.609400E+2	1.730027E+1
4.611993E+2	1.744234E+1
4.614587E+2	1.747513E+1
4.617180E+2	1.756256E+1
4.619773E+2	1.746420E+1
4.622366E+2	1.776475E+1
4.624959E+2	1.844234E+1
4.627552E+2	1.830573E+1
4.630144E+2	1.844781E+1
4.632737E+2	1.833852E+1
4.635330E+2	1.859535E+1
4.637922E+2	1.893415E+1
4.640515E+2	1.905436E+1
4.643107E+2	1.938223E+1
4.645699E+2	1.975928E+1
4.648292E+2	1.979207E+1
4.650884E+2	2.008715E+1
4.653476E+2	2.039863E+1
4.656068E+2	2.091775E+1
4.658660E+2	2.130573E+1
4.661251E+2	2.164453E+1
4.663843E+2	2.169917E+1
4.666435E+2	2.191229E+1
4.669026E+2	2.231666E+1
4.671618E+2	2.252431E+1
4.674209E+2	2.246420E+1
4.676801E+2	2.252977E+1
4.679392E+2	2.250245E+1
4.681983E+2	2.245874E+1
4.684574E+2	2.264453E+1
4.687165E+2	2.299426E+1
4.689756E+2	2.338223E+1
4.692347E+2	2.351885E+1
4.694938E+2	2.367732E+1
4.697529E+2	2.354070E+1
4.700119E+2	2.375928E+1
4.702710E+2	2.391229E+1
4.705300E+2	2.419644E+1
4.707891E+2	2.419644E+1
4.710481E+2	2.444234E+1
4.713071E+2	2.498333E+1
4.715661E+2	2.560081E+1
4.718252E+2	2.596693E+1
4.720842E+2	2.624562E+1
4.723431E+2	2.672650E+1
4.726021E+2	2.675382E+1
4.728611E+2	2.687950E+1
4.731201E+2	2.728934E+1
4.733790E+2	2.783579E+1
4.736380E+2	2.820191E+1
4.738969E+2	2.847513E+1
4.741559E+2	2.858988E+1
4.744148E+2	2.899972E+1
4.746737E+2	2.959535E+1
4.749326E+2	3.001611E+1
4.751915E+2	3.010354E+1
4.754504E+2	3.049699E+1
4.757093E+2	3.097786E+1
4.759682E+2	3.150792E+1
4.762271E+2	3.189043E+1
4.764859E+2	3.225109E+1
4.767448E+2	3.272650E+1
4.770037E+2	3.309808E+1
4.772625E+2	3.357349E+1
4.775213E+2	3.388497E+1
4.777802E+2	3.420737E+1
4.780390E+2	3.424562E+1
4.782978E+2	3.425655E+1
4.785566E+2	3.498879E+1
4.788154E+2	3.558442E+1
4.790742E+2	3.652977E+1
4.793329E+2	3.704344E+1
4.795917E+2	3.749699E+1
4.798505E+2	3.789589E+1
4.801092E+2	3.805436E+1
4.803680E+2	3.843141E+1
4.806267E+2	3.902704E+1
4.808854E+2	3.922923E+1
4.811442E+2	3.950792E+1
4.814029E+2	4.001611E+1
4.816616E+2	4.072103E+1
4.819203E+2	4.128387E+1
4.821790E+2	4.213087E+1
4.824377E+2	4.284125E+1
4.826963E+2	4.374835E+1
4.829550E+2	4.458988E+1
4.832137E+2	4.548606E+1
4.834723E+2	4.618005E+1
4.837310E+2	4.705436E+1
4.839896E+2	4.820191E+1
4.842482E+2	4.866092E+1
4.845068E+2	4.911994E+1
4.847655E+2	5.012540E+1
4.850241E+2	5.069371E+1
4.852827E+2	5.139316E+1
4.855412E+2	5.224562E+1
4.857998E+2	5.304344E+1
4.860584E+2	5.388497E+1
4.863170E+2	5.450792E+1
4.865755E+2	5.551338E+1
4.868341E+2	5.640409E+1
4.870926E+2	5.707076E+1
4.873511E+2	5.751885E+1
4.876097E+2	5.855163E+1
4.878682E+2	5.955710E+1
4.881267E+2	6.064453E+1
4.883852E+2	6.166639E+1
4.886437E+2	6.255710E+1
4.889022E+2	6.334398E+1
4.891606E+2	6.398879E+1
4.894191E+2	6.520191E+1
4.896776E+2	6.644234E+1
4.899360E+2	6.763906E+1
4.901945E+2	6.864999E+1
4.904529E+2	6.943141E+1
4.907113E+2	7.052977E+1
4.909697E+2	7.183579E+1
4.912282E+2	7.298333E+1
4.914866E+2	7.408715E+1
4.917450E+2	7.502158E+1
4.920034E+2	7.630573E+1
4.922617E+2	7.726201E+1
4.925201E+2	7.833305E+1
4.927785E+2	7.957349E+1
4.930368E+2	8.080846E+1
4.932952E+2	8.236584E+1
4.935535E+2	8.377568E+1
4.938118E+2	8.537130E+1
4.940702E+2	8.689043E+1
4.943285E+2	8.799426E+1
4.945868E+2	8.919098E+1
4.948451E+2	9.035491E+1
4.951034E+2	9.175382E+1
4.953617E+2	9.320191E+1
4.956200E+2	9.453524E+1
4.958782E+2	9.604344E+1
4.961365E+2	9.760628E+1
4.963947E+2	9.889043E+1
4.966530E+2	1.004533E+2
4.969112E+2	1.020489E+2
4.971694E+2	1.032183E+2
4.974277E+2	1.044642E+2
4.976859E+2	1.059669E+2
4.979441E+2	1.074697E+2
4.982023E+2	1.088194E+2
4.984605E+2	1.101309E+2
4.987187E+2	1.115352E+2
4.989768E+2	1.129123E+2
4.992350E+2	1.144533E+2
4.994931E+2	1.158904E+2
4.997513E+2	1.171746E+2
5.000094E+2	1.190106E+2
5.002676E+2	1.207975E+2
5.005257E+2	1.222511E+2
5.007838E+2	1.241418E+2
5.010419E+2	1.258795E+2
5.013000E+2	1.277210E+2
5.015581E+2	1.294970E+2
5.018162E+2	1.313932E+2
5.020743E+2	1.333276E+2
5.023323E+2	1.351582E+2
5.025904E+2	1.370926E+2
5.028485E+2	1.391473E+2
5.031065E+2	1.412839E+2
5.033645E+2	1.430762E+2
5.036226E+2	1.449943E+2
5.038806E+2	1.468085E+2
5.041386E+2	1.487265E+2
5.043966E+2	1.510489E+2
5.046546E+2	1.530926E+2
5.049126E+2	1.553112E+2
5.051706E+2	1.574806E+2
5.054285E+2	1.597374E+2
5.056865E+2	1.619341E+2
5.059445E+2	1.642729E+2
5.062024E+2	1.665462E+2
5.064604E+2	1.688795E+2
5.067183E+2	1.708085E+2
5.069762E+2	1.730708E+2
5.072341E+2	1.749615E+2
5.074920E+2	1.774478E+2
5.077499E+2	1.797647E+2
5.080078E+2	1.826008E+2
5.082657E+2	1.850052E+2
5.085236E+2	1.876063E+2
5.087815E+2	1.902074E+2
5.090393E+2	1.925134E+2
5.092972E+2	1.951090E+2
5.095550E+2	1.977156E+2
5.098129E+2	2.002292E+2
5.100707E+2	2.031582E+2
5.103285E+2	2.059232E+2
5.105863E+2	2.086281E+2
5.108441E+2	2.114478E+2
5.111019E+2	2.144642E+2
5.113597E+2	2.172948E+2
5.116175E+2	2.200981E+2
5.118753E+2	2.229997E+2
5.121330E+2	2.261964E+2
5.123908E+2	2.295025E+2
5.126485E+2	2.326937E+2
5.129063E+2	2.360489E+2
5.131640E+2	2.395025E+2
5.134217E+2	2.425626E+2
5.136794E+2	2.459014E+2
5.139371E+2	2.497702E+2
5.141948E+2	2.535352E+2
5.144525E+2	2.570216E+2
5.147102E+2	2.607593E+2
5.149679E+2	2.643112E+2
5.152256E+2	2.680325E+2
5.154832E+2	2.717320E+2
5.157409E+2	2.756172E+2
5.159985E+2	2.796773E+2
5.162562E+2	2.836227E+2
5.165138E+2	2.874259E+2
5.167714E+2	2.913057E+2
5.170290E+2	2.956227E+2
5.172866E+2	2.997210E+2
5.175442E+2	3.037975E+2
5.178018E+2	3.078740E+2
5.180594E+2	3.119068E+2
5.183170E+2	3.161855E+2
5.185745E+2	3.202566E+2
5.188321E+2	3.243276E+2
5.190896E+2	3.285680E+2
5.193472E+2	3.327866E+2
5.196047E+2	3.370926E+2
5.198622E+2	3.412893E+2
5.201197E+2	3.454751E+2
5.203772E+2	3.501855E+2
5.206347E+2	3.549669E+2
5.208922E+2	3.594369E+2
5.211497E+2	3.639287E+2
5.214072E+2	3.687265E+2
5.216646E+2	3.734806E+2
5.219221E+2	3.785953E+2
5.221795E+2	3.834369E+2
5.224370E+2	3.886445E+2
5.226944E+2	3.934587E+2
5.229519E+2	3.985243E+2
5.232093E+2	4.034041E+2
5.234667E+2	4.085626E+2
5.237241E+2	4.136773E+2
5.239815E+2	4.192347E+2
5.242389E+2	4.243877E+2
5.244962E+2	4.296609E+2
5.247536E+2	4.351090E+2
5.250110E+2	4.403494E+2
5.252683E+2	4.457429E+2
5.255257E+2	4.516391E+2
5.257830E+2	4.570872E+2
5.260403E+2	4.630653E+2
5.262977E+2	4.689833E+2
5.265550E+2	4.748576E+2
5.268123E+2	4.806937E+2
5.270696E+2	4.869178E+2
5.273269E+2	4.933986E+2
5.275841E+2	4.993986E+2
5.278414E+2	5.054587E+2
5.280987E+2	5.113822E+2
5.283559E+2	5.174697E+2
5.286132E+2	5.237593E+2
5.288704E+2	5.298740E+2
5.291276E+2	5.364423E+2
5.293849E+2	5.429560E+2
5.296421E+2	5.492511E+2
5.298993E+2	5.556719E+2
5.301565E+2	5.623057E+2
5.304137E+2	5.690544E+2
5.306709E+2	5.759232E+2
5.309280E+2	5.830161E+2
5.311852E+2	5.899669E+2
5.314424E+2	5.965134E+2
5.316995E+2	6.035352E+2
5.319567E+2	6.103276E+2
5.322138E+2	6.176281E+2
5.324709E+2	6.248850E+2
5.327280E+2	6.320161E+2
5.329852E+2	6.394478E+2
5.332423E+2	6.469396E+2
5.334994E+2	6.542784E+2
5.337564E+2	6.616445E+2
5.340135E+2	6.693057E+2
5.342706E+2	6.771800E+2
5.345276E+2	6.853440E+2
5.347847E+2	6.938085E+2
5.350417E+2	7.020981E+2
5.352988E+2	7.102620E+2
5.355558E+2	7.190052E+2
5.358128E+2	7.275462E+2
5.360698E+2	7.358358E+2
5.363269E+2	7.441473E+2
5.365839E+2	7.526008E+2
5.368408E+2	7.614369E+2
5.370978E+2	7.702292E+2
5.373548E+2	7.788740E+2
5.376118E+2	7.877484E+2
5.378687E+2	7.970270E+2
5.381257E+2	8.066336E+2
5.383826E+2	8.159888E+2
5.386395E+2	8.256664E+2
5.388965E+2	8.353003E+2
5.391534E+2	8.449232E+2
5.394103E+2	8.549451E+2
5.396672E+2	8.650489E+2
5.399241E+2	8.750653E+2
5.401810E+2	8.850708E+2
5.404378E+2	8.952620E+2
5.406947E+2	9.053877E+2
5.409516E+2	9.160270E+2
5.412084E+2	9.264751E+2
5.414653E+2	9.371473E+2
5.417221E+2	9.478795E+2
5.419789E+2	9.587484E+2
5.422357E+2	9.691199E+2
5.424925E+2	9.801473E+2
5.427493E+2	9.912511E+2
5.430061E+2	1.002393E+3
5.432629E+2	1.013798E+3
5.435197E+2	1.025251E+3
5.437765E+2	1.036737E+3
5.440332E+2	1.048289E+3
5.442900E+2	1.059628E+3
5.445467E+2	1.071880E+3
5.448035E+2	1.084415E+3
5.450602E+2	1.096328E+3
5.453169E+2	1.108339E+3
5.455736E+2	1.120448E+3
5.458303E+2	1.132765E+3
5.460870E+2	1.145175E+3
5.463437E+2	1.157339E+3
5.466004E+2	1.169360E+3
5.468571E+2	1.181808E+3
5.471137E+2	1.194765E+3
5.473704E+2	1.207481E+3
5.476270E+2	1.221082E+3
5.478837E+2	1.233907E+3
5.481403E+2	1.247497E+3
5.483969E+2	1.261033E+3
5.486535E+2	1.274470E+3
5.489101E+2	1.288180E+3
5.491667E+2	1.302448E+3
5.494233E+2	1.316945E+3
5.496799E+2	1.331147E+3
5.499365E+2	1.344912E+3
5.501931E+2	1.358896E+3
5.504496E+2	1.372710E+3
5.507062E+2	1.387748E+3
5.509627E+2	1.401989E+3
5.512192E+2	1.416595E+3
5.514758E+2	1.431721E+3
5.517323E+2	1.446841E+3
5.519888E+2	1.462366E+3
5.522453E+2	1.478202E+3
5.525018E+2	1.493639E+3
5.527583E+2	1.509147E+3
5.530147E+2	1.524765E+3
5.532712E+2	1.540158E+3
5.535277E+2	1.555934E+3
5.537841E+2	1.571502E+3
5.540406E+2	1.587169E+3
5.542970E+2	1.603043E+3
5.545534E+2	1.619426E+3
5.548098E+2	1.635776E+3
5.550663E+2	1.651776E+3
5.553227E+2	1.667716E+3
5.555791E+2	1.684366E+3
5.558354E+2	1.701634E+3
5.560918E+2	1.718666E+3
5.563482E+2	1.736645E+3
5.566046E+2	1.754071E+3
5.568609E+2	1.771508E+3
5.571173E+2	1.788688E+3
5.573736E+2	1.806388E+3
5.576299E+2	1.824114E+3
5.578862E+2	1.842311E+3
5.581426E+2	1.859994E+3
5.583989E+2	1.877847E+3
5.586552E+2	1.896431E+3
5.589114E+2	1.915175E+3
5.591677E+2	1.934262E+3
5.594240E+2	1.953388E+3
5.596803E+2	1.973027E+3
5.599365E+2	1.992880E+3
5.601928E+2	2.012410E+3
5.604490E+2	2.031382E+3
5.607052E+2	2.051645E+3
5.609614E+2	2.072218E+3
5.612177E+2	2.092399E+3
5.614739E+2	2.112956E+3
5.617301E+2	2.133513E+3
5.619863E+2	2.154366E+3
5.622424E+2	2.175661E+3
5.624986E+2	2.196584E+3
5.627548E+2	2.217983E+3
5.630109E+2	2.240289E+3
5.632671E+2	2.262229E+3
5.635232E+2	2.284508E+3
5.637794E+2	2.306497E+3
5.640355E+2	2.328989E+3
5.642916E+2	2.351694E+3
5.645477E+2	2.374442E+3
5.648038E+2	2.396901E+3
5.650599E+2	2.419808E+3
5.653160E+2	2.442967E+3
5.655721E+2	2.466945E+3
5.658281E+2	2.491579E+3
5.660842E+2	2.516360E+3
5.663402E+2	2.539847E+3
5.665963E+2	2.564836E+3
5.668523E+2	2.590175E+3
5.671083E+2	2.614721E+3
5.673644E+2	2.640524E+3
5.676204E+2	2.665940E+3
5.678764E+2	2.691442E+3
5.681324E+2	2.717601E+3
5.683883E+2	2.743431E+3
5.686443E+2	2.770202E+3
5.689003E+2	2.797557E+3
5.691562E+2	2.825388E+3
5.694122E+2	2.852716E+3
5.696681E+2	2.880235E+3
5.699241E+2	2.908191E+3
5.701800E+2	2.936087E+3
5.704359E+2	2.964847E+3
5.706918E+2	2.994524E+3
5.709477E+2	3.024617E+3
5.712036E+2	3.053945E+3
5.714595E+2	3.083437E+3
5.717154E+2	3.113131E+3
5.719713E+2	3.142191E+3
5.722271E+2	3.171530E+3
5.724830E+2	3.201601E+3
5.727388E+2	3.232754E+3
5.729947E+2	3.263584E+3
5.732505E+2	3.295087E+3
5.735063E+2	3.326798E+3
5.737621E+2	3.359464E+3
5.740179E+2	3.392175E+3
5.742737E+2	3.424530E+3
5.745295E+2	3.457011E+3
5.747853E+2	3.489087E+3
5.750411E+2	3.523207E+3
5.752968E+2	3.556923E+3
5.755526E+2	3.591054E+3
5.758083E+2	3.624508E+3
5.760641E+2	3.659022E+3
5.763198E+2	3.693978E+3
5.765755E+2	3.728623E+3
5.768312E+2	3.764207E+3
5.770869E+2	3.799306E+3
5.773426E+2	3.834967E+3
5.775983E+2	3.871180E+3
5.778540E+2	3.907213E+3
5.781097E+2	3.945043E+3
5.783653E+2	3.982060E+3
5.786210E+2	4.018382E+3
5.788766E+2	4.055147E+3
5.791323E+2	4.093114E+3
5.793879E+2	4.131776E+3
5.796435E+2	4.170060E+3
5.798991E+2	4.207655E+3
5.801547E+2	4.245683E+3
5.804103E+2	4.284497E+3
5.806659E+2	4.322770E+3
5.809215E+2	4.362136E+3
5.811771E+2	4.402022E+3
5.814327E+2	4.440246E+3
5.816882E+2	4.478907E+3
5.819438E+2	4.518726E+3
5.821993E+2	4.558240E+3
5.824548E+2	4.597492E+3
5.827104E+2	4.637628E+3
5.829659E+2	4.676978E+3
5.832214E+2	4.716410E+3
5.834769E+2	4.756235E+3
5.837324E+2	4.796481E+3
5.839878E+2	4.836295E+3
5.842433E+2	4.875825E+3
5.844988E+2	4.915377E+3
5.847542E+2	4.954863E+3
5.850097E+2	4.995366E+3
5.852651E+2	5.036502E+3
5.855206E+2	5.076929E+3
5.857760E+2	5.117858E+3
5.860314E+2	5.157737E+3
5.862868E+2	5.197180E+3
5.865422E+2	5.237322E+3
5.867976E+2	5.279251E+3
5.870530E+2	5.320333E+3
5.873084E+2	5.361830E+3
5.875637E+2	5.403257E+3
5.878191E+2	5.445366E+3
5.880744E+2	5.488114E+3
5.883298E+2	5.531650E+3
5.885851E+2	5.573677E+3
5.888404E+2	5.615841E+3
5.890958E+2	5.657699E+3
5.893511E+2	5.698961E+3
5.896064E+2	5.741065E+3
5.898617E+2	5.782519E+3
5.901169E+2	5.824890E+3
5.903722E+2	5.867191E+3
5.906275E+2	5.908104E+3
5.908827E+2	5.949481E+3
5.911380E+2	5.990218E+3
5.913932E+2	6.032573E+3
5.916485E+2	6.074442E+3
5.919037E+2	6.117098E+3
5.921589E+2	6.158333E+3
5.924141E+2	6.199601E+3
5.926693E+2	6.241240E+3
5.929245E+2	6.283328E+3
5.931797E+2	6.325912E+3
5.934349E+2	6.368158E+3
5.936900E+2	6.410792E+3
5.939452E+2	6.453617E+3
5.942004E+2	6.495131E+3
5.944555E+2	6.536918E+3
5.947106E+2	6.578945E+3
5.949658E+2	6.620011E+3
5.952209E+2	6.662836E+3
5.954760E+2	6.704972E+3
5.957311E+2	6.746803E+3
5.959862E+2	6.789251E+3
5.962413E+2	6.831207E+3
5.964963E+2	6.873563E+3
5.967514E+2	6.915759E+3
5.970065E+2	6.959328E+3
5.972615E+2	7.004186E+3
5.975166E+2	7.046355E+3
5.977716E+2	7.089437E+3
5.980266E+2	7.132896E+3
5.982816E+2	7.175306E+3
5.985367E+2	7.219082E+3
5.987917E+2	7.263186E+3
5.990467E+2	7.306546E+3
5.993016E+2	7.349524E+3
5.995566E+2	7.394169E+3
5.998116E+2	7.438054E+3
6.000665E+2	7.482142E+3
6.003215E+2	7.524639E+3
6.005764E+2	7.568847E+3
6.008314E+2	7.611737E+3
6.010863E+2	7.656705E+3
6.013412E+2	7.700136E+3
6.015961E+2	7.744929E+3
6.018510E+2	7.789754E+3
6.021059E+2	7.834639E+3
6.023608E+2	7.878087E+3
6.026157E+2	7.921333E+3
6.028706E+2	7.964606E+3
6.031254E+2	8.008601E+3
6.033803E+2	8.052300E+3
6.036351E+2	8.095819E+3
6.038900E+2	8.138344E+3
6.041448E+2	8.181710E+3
6.043996E+2	8.225475E+3
6.046544E+2	8.268677E+3
6.049092E+2	8.312573E+3
6.051640E+2	8.356169E+3
6.054188E+2	8.400650E+3
6.056736E+2	8.445054E+3
6.059283E+2	8.488748E+3
6.061831E+2	8.532923E+3
6.064378E+2	8.577207E+3
6.066926E+2	8.621235E+3
6.069473E+2	8.665475E+3
6.072021E+2	8.710360E+3
6.074568E+2	8.751634E+3
6.077115E+2	8.795071E+3
6.079662E+2	8.839300E+3
6.082209E+2	8.884284E+3
6.084756E+2	8.926972E+3
6.087302E+2	8.970847E+3
6.089849E+2	9.014650E+3
6.092396E+2	9.057278E+3
6.094942E+2	9.102169E+3
6.097489E+2	9.147792E+3
6.100035E+2	9.191142E+3
6.102581E+2	9.235404E+3
6.105127E+2	9.279929E+3
6.107674E+2	9.323382E+3
6.110220E+2	9.367841E+3
6.112766E+2	9.413169E+3
6.115311E+2	9.457530E+3
6.117857E+2	9.503819E+3
6.120403E+2	9.547022E+3
6.122948E+2	9.590721E+3
6.125494E+2	9.633934E+3
6.128039E+2	9.675961E+3
6.130585E+2	9.719994E+3
6.133130E+2	9.762983E+3
6.135675E+2	9.806393E+3
6.138220E+2	9.850262E+3
6.140765E+2	9.892825E+3
6.143310E+2	9.934945E+3
6.145855E+2	9.977617E+3
6.148400E+2	1.002117E+4
6.150945E+2	1.006400E+4
6.153489E+2	1.010868E+4
6.156034E+2	1.015152E+4
6.158578E+2	1.019788E+4
6.161123E+2	1.024166E+4
6.163667E+2	1.028625E+4
6.166211E+2	1.032958E+4
6.168755E+2	1.037272E+4
6.171299E+2	1.041576E+4
6.173843E+2	1.045955E+4
6.176387E+2	1.050199E+4
6.178931E+2	1.054403E+4
6.181474E+2	1.058792E+4
6.184018E+2	1.063244E+4
6.186561E+2	1.067571E+4
6.189105E+2	1.071901E+4
6.191648E+2	1.076122E+4
6.194191E+2	1.080260E+4
6.196735E+2	1.084605E+4
6.199278E+2	1.088839E+4
6.201821E+2	1.093264E+4
6.204364E+2	1.097426E+4
6.206907E+2	1.101586E+4
6.209449E+2	1.105784E+4
6.211992E+2	1.110003E+4
6.214535E+2	1.114098E+4
6.217077E+2	1.118456E+4
6.219619E+2	1.122575E+4
6.222162E+2	1.126809E+4
6.224704E+2	1.130881E+4
6.227246E+2	1.134980E+4
6.229788E+2	1.139239E+4
6.232330E+2	1.143542E+4
6.234872E+2	1.147796E+4
6.237414E+2	1.151914E+4
6.239956E+2	1.156092E+4
6.242498E+2	1.160210E+4
6.245039E+2	1.164038E+4
6.247581E+2	1.168101E+4
6.250122E+2	1.171764E+4
6.252663E+2	1.175415E+4
6.255205E+2	1.179243E+4
6.257746E+2	1.182829E+4
6.260287E+2	1.186418E+4
6.262828E+2	1.189845E+4
6.265369E+2	1.193626E+4
6.267910E+2	1.197064E+4
6.270450E+2	1.200426E+4
6.272991E+2	1.203650E+4
6.275532E+2	1.207001E+4
6.278072E+2	1.210198E+4
6.280613E+2	1.213427E+4
6.283153E+2	1.216454E+4
6.285693E+2	1.219609E+4
6.288233E+2	1.222561E+4
6.290773E+2	1.225554E+4
6.293313E+2	1.228281E+4
6.295853E+2	1.231214E+4
6.298393E+2	1.234043E+4
6.300933E+2	1.236637E+4
6.303472E+2	1.239150E+4
6.306012E+2	1.241532E+4
6.308551E+2	1.243764E+4
6.311091E+2	1.245994E+4
6.313630E+2	1.247992E+4
6.316169E+2	1.249880E+4
6.318709E+2	1.251609E+4
6.321248E+2	1.253230E+4
6.323787E+2	1.255049E+4
6.326326E+2	1.256595E+4
6.328864E+2	1.258040E+4
6.331403E+2	1.259557E+4
6.333942E+2	1.260921E+4
6.336480E+2	1.262129E+4
6.339019E+2	1.263287E+4
6.341557E+2	1.264288E+4
6.344095E+2	1.265311E+4
6.346634E+2	1.266221E+4
6.349172E+2	1.266878E+4
6.351710E+2	1.267267E+4
6.354248E+2	1.267656E+4
6.356786E+2	1.267973E+4
6.359324E+2	1.268357E+4
6.361861E+2	1.268440E+4
6.364399E+2	1.268356E+4
6.366936E+2	1.268048E+4
6.369474E+2	1.268155E+4
6.372011E+2	1.267708E+4
6.374549E+2	1.267298E+4
6.377086E+2	1.266722E+4
6.379623E+2	1.266090E+4
6.382160E+2	1.265291E+4
6.384697E+2	1.264239E+4
6.387234E+2	1.263134E+4
6.389771E+2	1.261940E+4
6.392307E+2	1.260551E+4
6.394844E+2	1.259188E+4
6.397380E+2	1.257719E+4
6.399917E+2	1.256446E+4
6.402453E+2	1.254788E+4
6.404990E+2	1.253071E+4
6.407526E+2	1.251389E+4
6.410062E+2	1.249408E+4
6.412598E+2	1.247524E+4
6.415134E+2	1.245426E+4
6.417670E+2	1.243383E+4
6.420206E+2	1.240869E+4
6.422741E+2	1.238470E+4
6.425277E+2	1.236077E+4
6.427812E+2	1.233669E+4
6.430348E+2	1.231098E+4
6.432883E+2	1.228503E+4
6.435418E+2	1.225700E+4
6.437954E+2	1.222922E+4
6.440489E+2	1.220042E+4
6.443024E+2	1.217127E+4
6.445559E+2	1.214035E+4
6.448094E+2	1.211160E+4
6.450628E+2	1.207834E+4
6.453163E+2	1.204827E+4
6.455698E+2	1.201790E+4
6.458232E+2	1.198632E+4
6.460767E+2	1.195445E+4
6.463301E+2	1.192244E+4
6.465835E+2	1.189005E+4
6.468369E+2	1.185604E+4
6.470903E+2	1.182196E+4
6.473437E+2	1.178842E+4
6.475971E+2	1.175509E+4
6.478505E+2	1.171840E+4
6.481039E+2	1.168257E+4
6.483573E+2	1.164569E+4
6.486106E+2	1.160643E+4
6.488640E+2	1.156817E+4
6.491173E+2	1.153016E+4
6.493706E+2	1.149057E+4
6.496240E+2	1.145204E+4
6.498773E+2	1.141349E+4
6.501306E+2	1.137411E+4
6.503839E+2	1.133745E+4
6.506372E+2	1.130033E+4
6.508905E+2	1.126154E+4
6.511437E+2	1.122160E+4
6.513970E+2	1.118369E+4
6.516503E+2	1.114607E+4
6.519035E+2	1.111014E+4
6.521567E+2	1.107337E+4
6.524100E+2	1.103328E+4
6.526632E+2	1.099427E+4
6.529164E+2	1.095742E+4
6.531696E+2	1.091999E+4
6.534228E+2	1.088368E+4
6.536760E+2	1.084633E+4
6.539292E+2	1.081008E+4
6.541824E+2	1.077334E+4
6.544355E+2	1.073569E+4
6.546887E+2	1.069939E+4
6.549418E+2	1.066212E+4
6.551950E+2	1.062532E+4
6.554481E+2	1.058731E+4
6.557012E+2	1.055058E+4
6.559543E+2	1.051520E+4
6.562074E+2	1.047798E+4
6.564605E+2	1.044423E+4
6.567136E+2	1.040978E+4
6.569667E+2	1.037551E+4
6.572198E+2	1.034123E+4
6.574728E+2	1.030737E+4
6.577259E+2	1.027372E+4
6.579789E+2	1.024078E+4
6.582319E+2	1.020777E+4
6.584850E+2	1.017558E+4
6.587380E+2	1.014380E+4
6.589910E+2	1.011162E+4
6.592440E+2	1.008166E+4
6.594970E+2	1.005028E+4
6.597500E+2	1.002204E+4
6.600030E+2	9.991481E+3
6.602559E+2	9.961475E+3
6.605089E+2	9.933355E+3
6.607618E+2	9.901475E+3
6.610148E+2	9.872918E+3
6.612677E+2	9.841961E+3
6.615206E+2	9.814175E+3
6.617736E+2	9.784781E+3
6.620265E+2	9.754956E+3
6.622794E+2	9.725901E+3
6.625323E+2	9.698300E+3
6.627851E+2	9.670513E+3
6.630380E+2	9.644431E+3
6.632909E+2	9.619153E+3
6.635437E+2	9.594781E+3
6.637966E+2	9.568655E+3
6.640494E+2	9.544787E+3
6.643023E+2	9.522207E+3
6.645551E+2	9.498371E+3
6.648079E+2	9.476513E+3
6.650607E+2	9.454038E+3
6.653135E+2	9.431147E+3
6.655663E+2	9.408393E+3
6.658191E+2	9.385109E+3
6.660718E+2	9.364623E+3
6.663246E+2	9.345650E+3
6.665774E+2	9.327186E+3
6.668301E+2	9.303852E+3
6.670828E+2	9.284858E+3
6.673356E+2	9.263481E+3
6.675883E+2	9.243541E+3
6.678410E+2	9.224175E+3
6.680937E+2	9.204038E+3
6.683464E+2	9.183393E+3
6.685991E+2	9.163186E+3
6.688518E+2	9.142011E+3
6.691044E+2	9.121705E+3
6.693571E+2	9.103278E+3
6.696098E+2	9.084513E+3
6.698624E+2	9.065278E+3
6.701150E+2	9.046568E+3
6.703677E+2	9.027885E+3
6.706203E+2	9.007765E+3
6.708729E+2	8.988519E+3
6.711255E+2	8.969213E+3
6.713781E+2	8.950819E+3
6.716307E+2	8.933410E+3
6.718832E+2	8.915054E+3
6.721358E+2	8.896306E+3
6.723884E+2	8.879628E+3
6.726409E+2	8.862748E+3
6.728935E+2	8.845661E+3
6.731460E+2	8.830257E+3
6.733985E+2	8.815054E+3
6.736510E+2	8.798655E+3
6.739035E+2	8.782246E+3
6.741560E+2	8.766295E+3
6.744085E+2	8.751666E+3
6.746610E+2	8.735825E+3
6.749135E+2	8.720060E+3
6.751660E+2	8.704087E+3
6.754184E+2	8.688880E+3
6.756709E+2	8.674158E+3
6.759233E+2	8.658355E+3
6.761757E+2	8.644344E+3
6.764282E+2	8.628060E+3
6.766806E+2	8.613136E+3
6.769330E+2	8.595371E+3
6.771854E+2	8.578787E+3
6.774378E+2	8.563311E+3
6.776901E+2	8.547874E+3
6.779425E+2	8.531563E+3
6.781949E+2	8.516595E+3
6.784472E+2	8.499672E+3
6.786996E+2	8.482601E+3
6.789519E+2	8.465082E+3
6.792042E+2	8.449262E+3
6.794566E+2	8.433273E+3
6.797089E+2	8.416502E+3
6.799612E+2	8.401464E+3
6.802135E+2	8.384792E+3
6.804657E+2	8.368869E+3
6.807180E+2	8.353071E+3
6.809703E+2	8.339568E+3
6.812226E+2	8.325481E+3
6.814748E+2	8.310355E+3
6.817270E+2	8.295639E+3
6.819793E+2	8.280355E+3
6.822315E+2	8.267486E+3
6.824837E+2	8.253207E+3
6.827359E+2	8.240180E+3
6.829881E+2	8.227257E+3
6.832403E+2	8.214196E+3
6.834925E+2	8.203000E+3
6.837447E+2	8.189732E+3
6.839968E+2	8.177699E+3
6.842490E+2	8.165535E+3
6.845011E+2	8.151628E+3
6.847533E+2	8.136852E+3
6.850054E+2	8.122661E+3
6.852575E+2	8.108153E+3
6.855097E+2	8.093191E+3
6.857618E+2	8.079142E+3
6.860139E+2	8.064770E+3
6.862659E+2	8.051136E+3
6.865180E+2	8.036120E+3
6.867701E+2	8.019972E+3
6.870222E+2	8.005339E+3
6.872742E+2	7.991743E+3
6.875263E+2	7.978300E+3
6.877783E+2	7.964328E+3
6.880303E+2	7.950945E+3
6.882823E+2	7.939863E+3
6.885343E+2	7.927399E+3
6.887864E+2	7.914049E+3
6.890383E+2	7.903251E+3
6.892903E+2	7.891880E+3
6.895423E+2	7.880880E+3
6.897943E+2	7.870306E+3
6.900462E+2	7.859568E+3
6.902982E+2	7.850634E+3
6.905501E+2	7.839579E+3
6.908021E+2	7.829508E+3
6.910540E+2	7.818557E+3
6.913059E+2	7.808743E+3
6.915578E+2	7.795672E+3
6.918097E+2	7.783393E+3
6.920616E+2	7.772251E+3
6.923135E+2	7.760672E+3
6.925654E+2	7.749486E+3
6.928172E+2	7.738377E+3
6.930691E+2	7.726109E+3
6.933209E+2	7.712563E+3
6.935728E+2	7.699437E+3
6.938246E+2	7.686410E+3
6.940764E+2	7.674164E+3
6.943282E+2	7.662650E+3
6.945800E+2	7.651071E+3
6.948318E+2	7.639262E+3
6.950836E+2	7.626661E+3
6.953354E+2	7.614229E+3
6.955872E+2	7.601896E+3
6.958389E+2	7.590431E+3
6.960907E+2	7.578502E+3
6.963424E+2	7.566339E+3
6.965942E+2	7.555022E+3
6.968459E+2	7.543109E+3
6.970976E+2	7.532366E+3
6.973493E+2	7.521502E+3
6.976010E+2	7.511492E+3
6.978527E+2	7.500967E+3
6.981044E+2	7.489819E+3
6.983561E+2	7.479218E+3
6.986077E+2	7.469180E+3
6.988594E+2	7.457136E+3
6.991110E+2	7.447863E+3
6.993627E+2	7.437142E+3
6.996143E+2	7.425317E+3
6.998659E+2	7.413677E+3
7.001175E+2	7.402513E+3
7.003692E+2	7.390000E+3
7.006207E+2	7.377552E+3
7.008723E+2	7.365104E+3
7.011239E+2	7.351628E+3
7.013755E+2	7.338164E+3
7.016271E+2	7.323180E+3
7.018786E+2	7.309890E+3
7.021302E+2	7.296945E+3
7.023817E+2	7.283437E+3
7.026332E+2	7.267623E+3
7.028847E+2	7.252579E+3
7.031362E+2	7.237464E+3
7.033878E+2	7.221617E+3
7.036392E+2	7.204328E+3
7.038907E+2	7.188196E+3
7.041422E+2	7.171486E+3
7.043937E+2	7.153901E+3
7.046451E+2	7.138639E+3
7.048966E+2	7.122524E+3
7.051480E+2	7.106519E+3
7.053995E+2	7.090399E+3
7.056509E+2	7.073956E+3
7.059023E+2	7.058508E+3
7.061537E+2	7.043798E+3
7.064051E+2	7.029464E+3
7.066565E+2	7.014710E+3
7.069079E+2	7.002524E+3
7.071593E+2	6.989442E+3
7.074106E+2	6.976639E+3
7.076620E+2	6.964688E+3
7.079133E+2	6.951366E+3
7.081647E+2	6.938497E+3
7.084160E+2	6.925650E+3
7.086673E+2	6.914541E+3
7.089186E+2	6.901158E+3
7.091699E+2	6.887694E+3
7.094212E+2	6.873956E+3
7.096725E+2	6.857890E+3
7.099238E+2	6.842814E+3
7.101751E+2	6.826776E+3
7.104263E+2	6.812142E+3
7.106776E+2	6.795142E+3
7.109288E+2	6.777929E+3
7.111800E+2	6.759229E+3
7.114313E+2	6.741164E+3
7.116825E+2	6.721524E+3
7.119337E+2	6.703683E+3
7.121849E+2	6.684612E+3
7.124361E+2	6.664240E+3
7.126873E+2	6.644863E+3
7.129384E+2	6.626038E+3
7.131896E+2	6.607284E+3
7.134408E+2	6.589300E+3
7.136919E+2	6.570180E+3
7.139430E+2	6.552311E+3
7.141942E+2	6.537240E+3
7.144453E+2	6.521612E+3
7.146964E+2	6.506349E+3
7.149475E+2	6.493623E+3
7.151986E+2	6.483901E+3
7.154497E+2	6.473519E+3
7.157008E+2	6.462787E+3
7.159518E+2	6.454677E+3
7.162029E+2	6.446273E+3
7.164540E+2	6.439382E+3
7.167050E+2	6.431770E+3
7.169560E+2	6.426120E+3
7.172071E+2	6.418492E+3
7.174581E+2	6.411213E+3
7.177091E+2	6.402530E+3
7.179601E+2	6.394595E+3
7.182111E+2	6.384765E+3
7.184621E+2	6.373830E+3
7.187130E+2	6.363022E+3
7.189640E+2	6.351431E+3
7.192150E+2	6.338175E+3
7.194659E+2	6.325710E+3
7.197169E+2	6.311666E+3
7.199678E+2	6.296989E+3
7.202187E+2	6.280989E+3
7.204696E+2	6.264940E+3
7.207205E+2	6.249000E+3
7.209714E+2	6.233803E+3
7.212223E+2	6.218901E+3
7.214732E+2	6.204519E+3
7.217241E+2	6.192502E+3
7.219749E+2	6.181180E+3
7.222258E+2	6.172705E+3
7.224766E+2	6.166907E+3
7.227274E+2	6.162333E+3
7.229783E+2	6.160153E+3
7.232291E+2	6.160896E+3
7.234799E+2	6.162901E+3
7.237307E+2	6.167224E+3
7.239815E+2	6.173043E+3
7.242323E+2	6.181005E+3
7.244830E+2	6.189743E+3
7.247338E+2	6.199617E+3
7.249846E+2	6.210377E+3
7.252353E+2	6.221464E+3
7.254861E+2	6.232289E+3
7.257368E+2	6.241743E+3
7.259875E+2	6.251530E+3
7.262382E+2	6.260448E+3
7.264889E+2	6.269371E+3
7.267396E+2	6.276880E+3
7.269903E+2	6.284453E+3
7.272410E+2	6.289218E+3
7.274917E+2	6.294765E+3
7.277423E+2	6.298890E+3
7.279930E+2	6.303000E+3
7.282436E+2	6.307065E+3
7.284942E+2	6.309557E+3
7.287449E+2	6.312961E+3
7.289955E+2	6.317251E+3
7.292461E+2	6.321065E+3
7.294967E+2	6.324360E+3
7.297473E+2	6.328584E+3
7.299979E+2	6.332852E+3
7.302484E+2	6.337410E+3
7.304990E+2	6.341289E+3
7.307496E+2	6.346519E+3
7.310001E+2	6.354661E+3
7.312507E+2	6.364666E+3
7.315012E+2	6.378328E+3
7.317517E+2	6.394431E+3
7.320022E+2	6.415563E+3
7.322527E+2	6.442699E+3
7.325032E+2	6.476311E+3
7.327537E+2	6.513289E+3
7.330042E+2	6.552787E+3
7.332547E+2	6.593388E+3
7.335051E+2	6.638524E+3
7.337556E+2	6.688218E+3
7.340060E+2	6.745377E+3
7.342564E+2	6.813940E+3
7.345069E+2	6.886136E+3
7.347573E+2	6.955262E+3
7.350077E+2	7.017251E+3
7.352581E+2	7.067584E+3
7.355085E+2	7.116759E+3
7.357589E+2	7.178705E+3
7.360092E+2	7.262295E+3
7.362596E+2	7.365923E+3
7.365100E+2	7.481437E+3
7.367603E+2	7.594300E+3
7.370106E+2	7.695934E+3
7.372610E+2	7.785027E+3
7.375113E+2	7.865366E+3
7.377616E+2	7.942033E+3
7.380119E+2	8.025076E+3
7.382622E+2	8.117918E+3
7.385125E+2	8.218563E+3
7.387628E+2	8.323475E+3
7.390130E+2	8.432257E+3
7.392633E+2	8.545617E+3
7.395135E+2	8.665737E+3
7.397638E+2	8.793087E+3
7.400140E+2	8.929530E+3
7.402642E+2	9.075267E+3
7.405144E+2	9.220841E+3
7.407647E+2	9.367492E+3
7.410149E+2	9.515191E+3
7.412650E+2	9.655694E+3
7.415152E+2	9.788628E+3
7.417654E+2	9.923344E+3
7.420156E+2	1.006556E+4
7.422657E+2	1.021711E+4
7.425159E+2	1.036938E+4
7.427660E+2	1.050791E+4
7.430161E+2	1.062669E+4
7.432662E+2	1.073368E+4
7.435164E+2	1.086769E+4
7.437665E+2	1.102338E+4
7.440165E+2	1.117785E+4
7.442666E+2	1.133214E+4
7.445167E+2	1.148561E+4
7.447668E+2	1.163845E+4
7.450168E+2	1.178963E+4
7.452669E+2	1.193503E+4
7.455169E+2	1.206290E+4
7.457669E+2	1.217872E+4
7.460170E+2	1.228973E+4
7.462670E+2	1.240484E+4
7.465170E+2	1.252730E+4
7.467670E+2	1.266402E+4
7.470170E+2	1.280275E+4
7.472670E+2	1.293773E+4
7.475169E+2	1.306661E+4
7.477669E+2	1.319009E+4
7.480168E+2	1.331056E+4
7.482668E+2	1.342948E+4
7.485167E+2	1.354778E+4
7.487666E+2	1.366278E+4
7.490166E+2	1.377422E+4
7.492665E+2	1.385929E+4
7.495164E+2	1.392560E+4
7.497663E+2	1.397867E+4
7.500161E+2	1.402469E+4
7.502660E+2	1.406714E+4
7.505159E+2	1.410946E+4
7.507657E+2	1.415122E+4
7.510156E+2	1.418298E+4
7.512654E+2	1.419804E+4
7.515152E+2	1.419302E+4
7.517651E+2	1.417697E+4
7.520149E+2	1.416540E+4
7.522647E+2	1.417122E+4
7.525145E+2	1.419861E+4
7.527643E+2	1.423680E+4
7.530140E+2	1.427716E+4
7.532638E+2	1.430114E+4
7.535136E+2	1.430336E+4
7.537633E+2	1.429154E+4
7.540131E+2	1.428332E+4
7.542628E+2	1.429159E+4
7.545125E+2	1.431734E+4
7.547622E+2	1.434357E+4
7.550119E+2	1.436185E+4
7.552616E+2	1.437080E+4
7.555113E+2	1.437092E+4
7.557610E+2	1.436942E+4
7.560107E+2	1.435681E+4
7.562603E+2	1.432798E+4
7.565100E+2	1.429074E+4
7.567596E+2	1.425265E+4
7.570093E+2	1.420187E+4
7.572589E+2	1.413007E+4
7.575085E+2	1.403340E+4
7.577581E+2	1.392142E+4
7.580077E+2	1.381193E+4
7.582573E+2	1.371250E+4
7.585069E+2	1.361120E+4
7.587565E+2	1.347124E+4
7.590060E+2	1.330155E+4
7.592556E+2	1.313010E+4
7.595051E+2	1.295887E+4
7.597547E+2	1.279110E+4
7.600042E+2	1.262709E+4
7.602537E+2	1.246642E+4
7.605032E+2	1.231501E+4
7.607527E+2	1.218392E+4
7.610022E+2	1.206616E+4
7.612517E+2	1.195362E+4
7.615012E+2	1.183667E+4
7.617507E+2	1.171079E+4
7.620001E+2	1.156690E+4
7.622496E+2	1.141633E+4
7.624990E+2	1.126321E+4
7.627485E+2	1.110658E+4
7.629979E+2	1.094857E+4
7.632473E+2	1.079126E+4
7.634967E+2	1.063581E+4
7.637461E+2	1.048329E+4
7.639955E+2	1.033467E+4
7.642449E+2	1.018957E+4
7.644942E+2	1.006374E+4
7.647436E+2	9.946972E+3
7.649930E+2	9.837535E+3
7.652423E+2	9.739584E+3
7.654916E+2	9.652546E+3
7.657410E+2	9.575896E+3
7.659903E+2	9.502486E+3
7.662396E+2	9.426317E+3
7.664889E+2	9.346748E+3
7.667382E+2	9.265880E+3
7.669875E+2	9.185339E+3
7.672367E+2	9.103278E+3
7.674860E+2	9.012825E+3
7.677353E+2	8.912420E+3
7.679845E+2	8.807273E+3
7.682337E+2	8.701770E+3
7.684830E+2	8.604426E+3
7.687322E+2	8.517175E+3
7.689814E+2	8.435235E+3
7.692306E+2	8.345016E+3
7.694798E+2	8.235071E+3
7.697290E+2	8.101524E+3
7.699782E+2	7.960224E+3
7.702273E+2	7.814989E+3
7.704765E+2	7.666399E+3
7.707256E+2	7.518104E+3
7.709748E+2	7.375005E+3
7.712239E+2	7.250584E+3
7.714730E+2	7.148901E+3
7.717222E+2	7.068147E+3
7.719713E+2	6.998000E+3
7.722204E+2	6.938677E+3
7.724694E+2	6.893606E+3
7.727185E+2	6.866858E+3
7.729676E+2	6.858218E+3
7.732167E+2	6.862492E+3
7.734657E+2	6.876492E+3
7.737147E+2	6.897617E+3
7.739638E+2	6.925983E+3
7.742128E+2	6.955885E+3
7.744618E+2	6.978852E+3
7.747108E+2	6.993710E+3
7.749598E+2	6.998869E+3
7.752088E+2	6.994743E+3
7.754578E+2	6.983246E+3
7.757068E+2	6.965743E+3
7.759557E+2	6.941896E+3
7.762047E+2	6.913650E+3
7.764536E+2	6.880273E+3
7.767026E+2	6.841601E+3
7.769515E+2	6.798453E+3
7.772004E+2	6.753169E+3
7.774493E+2	6.707798E+3
7.776982E+2	6.663880E+3
7.779471E+2	6.625355E+3
7.781960E+2	6.590180E+3
7.784449E+2	6.556901E+3
7.786938E+2	6.525355E+3
7.789426E+2	6.494978E+3
7.791915E+2	6.463388E+3
7.794403E+2	6.430191E+3
7.796891E+2	6.398022E+3
7.799380E+2	6.364180E+3
7.801868E+2	6.331601E+3
7.804356E+2	6.295934E+3
7.806844E+2	6.259568E+3
7.809332E+2	6.222770E+3
7.811819E+2	6.185098E+3
7.814307E+2	6.148196E+3
7.816795E+2	6.111776E+3
7.819282E+2	6.077191E+3
7.821770E+2	6.044158E+3
7.824257E+2	6.011792E+3
7.826744E+2	5.981885E+3
7.829231E+2	5.954552E+3
7.831718E+2	5.928481E+3
7.834205E+2	5.903448E+3
7.836692E+2	5.878186E+3
7.839179E+2	5.851278E+3
7.841666E+2	5.821803E+3
7.844152E+2	5.787410E+3
7.846639E+2	5.748628E+3
7.849125E+2	5.706393E+3
7.851612E+2	5.660404E+3
7.854098E+2	5.614125E+3
7.856584E+2	5.566317E+3
7.859070E+2	5.515131E+3
7.861556E+2	5.456776E+3
7.864042E+2	5.389082E+3
7.866528E+2	5.312803E+3
7.869014E+2	5.231497E+3
7.871499E+2	5.149049E+3
7.873985E+2	5.068470E+3
7.876470E+2	4.988131E+3
7.878956E+2	4.905054E+3
7.881441E+2	4.819672E+3
7.883926E+2	4.732819E+3
7.886411E+2	4.647552E+3
7.888896E+2	4.568131E+3
7.891381E+2	4.492016E+3
7.893866E+2	4.422885E+3
7.896351E+2	4.361743E+3
7.898835E+2	4.307754E+3
7.901320E+2	4.259765E+3
7.903804E+2	4.218022E+3
7.906289E+2	4.179869E+3
7.908773E+2	4.147109E+3
7.911257E+2	4.116732E+3
7.913742E+2	4.089830E+3
7.916226E+2	4.067579E+3
7.918709E+2	4.048295E+3
7.921193E+2	4.032410E+3
7.923677E+2	4.018803E+3
7.926161E+2	4.006885E+3
7.928644E+2	3.996005E+3
7.931128E+2	3.982207E+3
7.933611E+2	3.965164E+3
7.936095E+2	3.943852E+3
7.938578E+2	3.917563E+3
7.941061E+2	3.886136E+3
7.943544E+2	3.851267E+3
7.946027E+2	3.812825E+3
7.948510E+2	3.773076E+3
7.950993E+2	3.734224E+3
7.953475E+2	3.698087E+3
7.955958E+2	3.665420E+3
7.958440E+2	3.635349E+3
7.960923E+2	3.609732E+3
7.963405E+2	3.586377E+3
7.965887E+2	3.563759E+3
7.968370E+2	3.541289E+3
7.970852E+2	3.518251E+3
7.973334E+2	3.494213E+3
7.975816E+2	3.469655E+3
7.978297E+2	3.443880E+3
7.980779E+2	3.417694E+3
7.983261E+2	3.391284E+3
7.985742E+2	3.364901E+3
7.988224E+2	3.339098E+3
7.990705E+2	3.314448E+3
7.993186E+2	3.292475E+3
7.995668E+2	3.274344E+3
7.998149E+2	3.258278E+3
8.000630E+2	3.246563E+3
8.003111E+2	3.238251E+3
8.005591E+2	3.234513E+3
8.008072E+2	3.235317E+3
8.010553E+2	3.239060E+3
8.013033E+2	3.245426E+3
8.015514E+2	3.252972E+3
8.017994E+2	3.262246E+3
8.020474E+2	3.271694E+3
8.022955E+2	3.280437E+3
8.025435E+2	3.288563E+3
8.027915E+2	3.295426E+3
8.030395E+2	3.303240E+3
8.032874E+2	3.310934E+3
8.035354E+2	3.319196E+3
8.037834E+2	3.326349E+3
8.040313E+2	3.334705E+3
8.042793E+2	3.344273E+3
8.045272E+2	3.355349E+3
8.047752E+2	3.367896E+3
8.050231E+2	3.382382E+3
8.052710E+2	3.399694E+3
8.055189E+2	3.419011E+3
8.057668E+2	3.441442E+3
8.060147E+2	3.466710E+3
8.062625E+2	3.495322E+3
8.065104E+2	3.528033E+3
8.067583E+2	3.564065E+3
8.070061E+2	3.606196E+3
8.072540E+2	3.652814E+3
8.075018E+2	3.704114E+3
8.077496E+2	3.760901E+3
8.079974E+2	3.820590E+3
8.082452E+2	3.883983E+3
8.084930E+2	3.948584E+3
8.087408E+2	4.017371E+3
8.089886E+2	4.087251E+3
8.092364E+2	4.157770E+3
8.094841E+2	4.232836E+3
8.097319E+2	4.312530E+3
8.099796E+2	4.396175E+3
8.102273E+2	4.485153E+3
8.104751E+2	4.577404E+3
8.107228E+2	4.672896E+3
8.109705E+2	4.774546E+3
8.112182E+2	4.880459E+3
8.114659E+2	4.991945E+3
8.117135E+2	5.109043E+3
8.119612E+2	5.231912E+3
8.122089E+2	5.361267E+3
8.124565E+2	5.492011E+3
8.127042E+2	5.622732E+3
8.129518E+2	5.751049E+3
8.131994E+2	5.874049E+3
8.134470E+2	5.989508E+3
8.136946E+2	6.091497E+3
8.139422E+2	6.176065E+3
8.141898E+2	6.243956E+3
8.144374E+2	6.293956E+3
8.146850E+2	6.327246E+3
8.149325E+2	6.347033E+3
8.151801E+2	6.355612E+3
8.154276E+2	6.356688E+3
8.156752E+2	6.353196E+3
8.159227E+2	6.348000E+3
8.161702E+2	6.341978E+3
8.164177E+2	6.334841E+3
8.166652E+2	6.327453E+3
8.169127E+2	6.320573E+3
8.171602E+2	6.313645E+3
8.174077E+2	6.308645E+3
8.176551E+2	6.304781E+3
8.179026E+2	6.304426E+3
8.181500E+2	6.306235E+3
8.183975E+2	6.312420E+3
8.186449E+2	6.322169E+3
8.188923E+2	6.339246E+3
8.191397E+2	6.361393E+3
8.193871E+2	6.390497E+3
8.196345E+2	6.426120E+3
8.198819E+2	6.466732E+3
8.201293E+2	6.514841E+3
8.203766E+2	6.565071E+3
8.206240E+2	6.617896E+3
8.208713E+2	6.669901E+3
8.211187E+2	6.717202E+3
8.213660E+2	6.758595E+3
8.216133E+2	6.789573E+3
8.218606E+2	6.811349E+3
8.221079E+2	6.820339E+3
8.223552E+2	6.816595E+3
8.226025E+2	6.800508E+3
8.228498E+2	6.771082E+3
8.230970E+2	6.730426E+3
8.233443E+2	6.679399E+3
8.235915E+2	6.621830E+3
8.238388E+2	6.556175E+3
8.240860E+2	6.485863E+3
8.243332E+2	6.410628E+3
8.245804E+2	6.328169E+3
8.248276E+2	6.239043E+3
8.250748E+2	6.143076E+3
8.253220E+2	6.040060E+3
8.255692E+2	5.930743E+3
8.258163E+2	5.814688E+3
8.260635E+2	5.690043E+3
8.263106E+2	5.556940E+3
8.265578E+2	5.415672E+3
8.268049E+2	5.266175E+3
8.270520E+2	5.108448E+3
8.272991E+2	4.942120E+3
8.275462E+2	4.772000E+3
8.277933E+2	4.599798E+3
8.280404E+2	4.428180E+3
8.282875E+2	4.259912E+3
8.285345E+2	4.097819E+3
8.287816E+2	3.947967E+3
8.290287E+2	3.815349E+3
8.292757E+2	3.699404E+3
8.295227E+2	3.600448E+3
8.297697E+2	3.518038E+3
8.300168E+2	3.449579E+3
8.302638E+2	3.392049E+3
8.305107E+2	3.342628E+3
8.307577E+2	3.297278E+3
8.310047E+2	3.254267E+3
8.312517E+2	3.212945E+3
8.314986E+2	3.173349E+3
8.317456E+2	3.134961E+3
8.319925E+2	3.096186E+3
8.322394E+2	3.058082E+3
8.324864E+2	3.019628E+3
8.327333E+2	2.980120E+3
8.329802E+2	2.937530E+3
8.332271E+2	2.892552E+3
8.334740E+2	2.842743E+3
8.337208E+2	2.789377E+3
8.339677E+2	2.728825E+3
8.342146E+2	2.662076E+3
8.344614E+2	2.587808E+3
8.347082E+2	2.505819E+3
8.349551E+2	2.417513E+3
8.352019E+2	2.320267E+3
8.354487E+2	2.218147E+3
8.356955E+2	2.110240E+3
8.359423E+2	2.000246E+3
8.361891E+2	1.889798E+3
8.364359E+2	1.781333E+3
8.366826E+2	1.678147E+3
8.369294E+2	1.579721E+3
8.371761E+2	1.488612E+3
8.374229E+2	1.404721E+3
8.376696E+2	1.329153E+3
8.379163E+2	1.260896E+3
8.381630E+2	1.200573E+3
8.384097E+2	1.147858E+3
8.386564E+2	1.101541E+3
8.389031E+2	1.060546E+3
8.391498E+2	1.023699E+3
8.393965E+2	9.917429E+2
8.396431E+2	9.628740E+2
8.398898E+2	9.375025E+2
8.401364E+2	9.149943E+2
8.403830E+2	8.941691E+2
8.406297E+2	8.748631E+2
8.408763E+2	8.574697E+2
8.411229E+2	8.407101E+2
8.413695E+2	8.249505E+2
8.416161E+2	8.100981E+2
8.418626E+2	7.961309E+2
8.421092E+2	7.819396E+2
8.423558E+2	7.682511E+2
8.426023E+2	7.551090E+2
8.428489E+2	7.420872E+2
8.430954E+2	7.290270E+2
8.433419E+2	7.162456E+2
8.435884E+2	7.041035E+2
8.438349E+2	6.919888E+2
8.440814E+2	6.801746E+2
8.443279E+2	6.689615E+2
8.445744E+2	6.577975E+2
8.448208E+2	6.465953E+2
8.450673E+2	6.356336E+2
8.453138E+2	6.245571E+2
8.455602E+2	6.129068E+2
8.458066E+2	6.012347E+2
8.460530E+2	5.892839E+2
8.462995E+2	5.771254E+2
8.465459E+2	5.648139E+2
8.467923E+2	5.517921E+2
8.470386E+2	5.391691E+2
8.472850E+2	5.261800E+2
8.475314E+2	5.128303E+2
8.477777E+2	4.995735E+2
8.480241E+2	4.867320E+2
8.482704E+2	4.738740E+2
8.485168E+2	4.614150E+2
8.487631E+2	4.483713E+2
8.490094E+2	4.357811E+2
8.492557E+2	4.233003E+2
8.495020E+2	4.108249E+2
8.497483E+2	3.985680E+2
8.499946E+2	3.867429E+2
8.502408E+2	3.750325E+2
8.504871E+2	3.636555E+2
8.507333E+2	3.525407E+2
8.509796E+2	3.414587E+2
8.512258E+2	3.304150E+2
8.514720E+2	3.199287E+2
8.517182E+2	3.094642E+2
8.519644E+2	2.993822E+2
8.522106E+2	2.893167E+2
8.524568E+2	2.797811E+2
8.527030E+2	2.701964E+2
8.529492E+2	2.615516E+2
8.531953E+2	2.534041E+2
8.534415E+2	2.450653E+2
8.536876E+2	2.370106E+2
8.539337E+2	2.292292E+2
8.541799E+2	2.219724E+2
8.544260E+2	2.151363E+2
8.546721E+2	2.087757E+2
8.549182E+2	2.024259E+2
8.551643E+2	1.964861E+2
8.554103E+2	1.905079E+2
8.556564E+2	1.848576E+2
8.559024E+2	1.792456E+2
8.561485E+2	1.741254E+2
8.563945E+2	1.690872E+2
8.566406E+2	1.644587E+2
8.568866E+2	1.598576E+2
8.571326E+2	1.558358E+2
8.573786E+2	1.519396E+2
8.576246E+2	1.479341E+2
8.578706E+2	1.445626E+2
8.581166E+2	1.415407E+2
8.583625E+2	1.387811E+2
8.586085E+2	1.359669E+2
8.588544E+2	1.330817E+2
8.591004E+2	1.305953E+2
8.593463E+2	1.278412E+2
8.595922E+2	1.252620E+2
8.598381E+2	1.227101E+2
8.600840E+2	1.202566E+2
8.603299E+2	1.178522E+2
8.605758E+2	1.154205E+2
8.608217E+2	1.130708E+2
8.610675E+2	1.108959E+2
8.613134E+2	1.083932E+2
8.615592E+2	1.059669E+2
8.618051E+2	1.036664E+2
8.620509E+2	1.013549E+2
8.622967E+2	9.933305E+1
8.625425E+2	9.713087E+1
8.627883E+2	9.470464E+1
8.630341E+2	9.214726E+1
8.632799E+2	8.993961E+1
8.635257E+2	8.812540E+1
8.637715E+2	8.617458E+1
8.640172E+2	8.397240E+1
8.642630E+2	8.218005E+1
8.645087E+2	8.045327E+1
8.647544E+2	7.871010E+1
8.650001E+2	7.693415E+1
8.652459E+2	7.529480E+1
8.654916E+2	7.379207E+1
8.657372E+2	7.244234E+1
8.659829E+2	7.109808E+1
8.662286E+2	6.984125E+1
8.664743E+2	6.850792E+1
8.667199E+2	6.720737E+1
8.669656E+2	6.580300E+1
8.672112E+2	6.457349E+1
8.674568E+2	6.372650E+1
8.677024E+2	6.286311E+1
8.679481E+2	6.177568E+1
8.681937E+2	6.061174E+1
8.684392E+2	5.956803E+1
8.686848E+2	5.869917E+1
8.689304E+2	5.763906E+1
8.691760E+2	5.703251E+1
8.694215E+2	5.651885E+1
8.696671E+2	5.571010E+1
8.699126E+2	5.528387E+1
8.701581E+2	5.449152E+1
8.704036E+2	5.403797E+1
8.706491E+2	5.344781E+1
8.708946E+2	5.248059E+1
8.711401E+2	5.203797E+1
8.713856E+2	5.145874E+1
8.716311E+2	5.069917E+1
8.718766E+2	5.015819E+1
8.721220E+2	4.957349E+1
8.723674E+2	4.887950E+1
8.726129E+2	4.846420E+1
8.728583E+2	4.782486E+1
8.731037E+2	4.711447E+1
8.733491E+2	4.632759E+1
8.735945E+2	4.563360E+1
8.738399E+2	4.543141E+1
8.740853E+2	4.485218E+1
8.743307E+2	4.433852E+1
8.745760E+2	4.358442E+1
8.748214E+2	4.293961E+1
8.750667E+2	4.256256E+1
8.753121E+2	4.188497E+1
8.755574E+2	4.126748E+1
8.758027E+2	4.069917E+1
8.760480E+2	3.993961E+1
8.762933E+2	3.934398E+1
8.765386E+2	3.864453E+1
8.767839E+2	3.811994E+1
8.770291E+2	3.749699E+1
8.772744E+2	3.703251E+1
8.775196E+2	3.653524E+1
8.777649E+2	3.605983E+1
8.780101E+2	3.582486E+1
8.782553E+2	3.531666E+1
8.785006E+2	3.461721E+1
8.787458E+2	3.430027E+1
8.789910E+2	3.409262E+1
8.792361E+2	3.381939E+1
8.794813E+2	3.346967E+1
8.797265E+2	3.308169E+1
8.799717E+2	3.276475E+1
8.802168E+2	3.238223E+1
8.804619E+2	3.183579E+1
8.807071E+2	3.127841E+1
8.809522E+2	3.075928E+1
8.811973E+2	3.013633E+1
8.814424E+2	2.940956E+1
8.816875E+2	2.893961E+1
8.819326E+2	2.874289E+1
8.821777E+2	2.841502E+1
8.824227E+2	2.768824E+1
8.826678E+2	2.736584E+1
8.829128E+2	2.713633E+1
8.831579E+2	2.685764E+1
8.834029E+2	2.681939E+1
8.836479E+2	2.654617E+1
8.838929E+2	2.655710E+1
8.841379E+2	2.622923E+1
8.843829E+2	2.556256E+1
8.846279E+2	2.537130E+1
8.848729E+2	2.508169E+1
8.851179E+2	2.496693E+1
8.853628E+2	2.439863E+1
8.856078E+2	2.407622E+1
8.858527E+2	2.395054E+1
8.860976E+2	2.367185E+1
8.863425E+2	2.355163E+1
8.865875E+2	2.310901E+1
8.868324E+2	2.270464E+1
8.870772E+2	2.248606E+1
8.873221E+2	2.220191E+1
8.875670E+2	2.196693E+1
8.878119E+2	2.175382E+1
8.880567E+2	2.176475E+1
8.883016E+2	2.175928E+1
8.885464E+2	2.138770E+1
8.887912E+2	2.094507E+1
8.890360E+2	2.054617E+1
8.892809E+2	2.034945E+1
8.895257E+2	2.013087E+1
8.897704E+2	1.992868E+1
8.900152E+2	1.955710E+1
8.902600E+2	1.936038E+1
8.905048E+2	1.919098E+1
8.907495E+2	1.901065E+1
8.909943E+2	1.881393E+1
8.912390E+2	1.884671E+1
8.914837E+2	1.864999E+1
8.917284E+2	1.877568E+1
8.919731E+2	1.897786E+1
8.922178E+2	1.860628E+1
8.924625E+2	1.852431E+1
8.927072E+2	1.858988E+1
8.929519E+2	1.833305E+1
8.931965E+2	1.818551E+1
8.934412E+2	1.806529E+1
8.936858E+2	1.811447E+1
8.939305E+2	1.809808E+1
8.941751E+2	1.785218E+1
8.944197E+2	1.764453E+1
8.946643E+2	1.740956E+1
8.949089E+2	1.737677E+1
8.951535E+2	1.742595E+1
8.953981E+2	1.732212E+1
8.956426E+2	1.715819E+1
8.958872E+2	1.703251E+1
8.961317E+2	1.701611E+1
8.963763E+2	1.700518E+1
8.966208E+2	1.705983E+1
8.968653E+2	1.692322E+1
8.971098E+2	1.685764E+1
8.973543E+2	1.693961E+1
8.975988E+2	1.688497E+1
8.978433E+2	1.673742E+1
8.980878E+2	1.662267E+1
8.983323E+2	1.653524E+1
8.985767E+2	1.642595E+1
8.988212E+2	1.616912E+1
8.990656E+2	1.630573E+1
8.993100E+2	1.649699E+1
8.995545E+2	1.638770E+1
8.997989E+2	1.601065E+1
9.000433E+2	1.554617E+1
9.002877E+2	1.541502E+1
9.005320E+2	1.561174E+1
9.007764E+2	1.571010E+1
9.010208E+2	1.560628E+1
9.012651E+2	1.562814E+1
9.015095E+2	1.579207E+1
9.017538E+2	1.565546E+1
9.019981E+2	1.558988E+1
9.022425E+2	1.572650E+1
9.024868E+2	1.574835E+1
9.027311E+2	1.576475E+1
9.029754E+2	1.566092E+1
9.032196E+2	1.552431E+1
9.034639E+2	1.539316E+1
9.037082E+2	1.512540E+1
9.039524E+2	1.524562E+1
9.041967E+2	1.497240E+1
9.044409E+2	1.515819E+1
9.046851E+2	1.544781E+1
9.049293E+2	1.526201E+1
9.051736E+2	1.511447E+1
9.054177E+2	1.505983E+1
9.056619E+2	1.508169E+1
9.059061E+2	1.517458E+1
9.061503E+2	1.507622E+1
9.063944E+2	1.518551E+1
9.066386E+2	1.479753E+1
9.068827E+2	1.435491E+1
9.071269E+2	1.462267E+1
9.073710E+2	1.442048E+1
9.076151E+2	1.429480E+1
9.078592E+2	1.438223E+1
9.081033E+2	1.439863E+1
9.083474E+2	1.436038E+1
9.085915E+2	1.389589E+1
9.088355E+2	1.384125E+1
9.090796E+2	1.390682E+1
9.093236E+2	1.386857E+1
9.095677E+2	1.391229E+1
9.098117E+2	1.355163E+1
9.100557E+2	1.350792E+1
9.102997E+2	1.331120E+1
9.105437E+2	1.329480E+1
9.107877E+2	1.338770E+1
9.110317E+2	1.360628E+1
9.112757E+2	1.354617E+1
9.115197E+2	1.345327E+1
9.117636E+2	1.352431E+1
9.120076E+2	1.345874E+1
9.122515E+2	1.308169E+1
9.124954E+2	1.290136E+1
9.127393E+2	1.300518E+1
9.129832E+2	1.314726E+1
9.132271E+2	1.299426E+1
9.134710E+2	1.297786E+1
9.137149E+2	1.301611E+1
9.139588E+2	1.275928E+1
9.142026E+2	1.267732E+1
9.144465E+2	1.260628E+1
9.146903E+2	1.266092E+1
9.149342E+2	1.268824E+1
9.151780E+2	1.273742E+1
9.154218E+2	1.268824E+1
9.156656E+2	1.260081E+1
9.159094E+2	1.267732E+1
9.161532E+2	1.273196E+1
9.163970E+2	1.271557E+1
9.166408E+2	1.301611E+1
9.168845E+2	1.307076E+1
9.171283E+2	1.299972E+1
9.173720E+2	1.292322E+1
9.176157E+2	1.300518E+1
9.178595E+2	1.302158E+1
9.181032E+2	1.301065E+1
9.183469E+2	1.296147E+1
9.185906E+2	1.319098E+1
9.188343E+2	1.301611E+1
9.190779E+2	1.308715E+1
9.193216E+2	1.302704E+1
9.195653E+2	1.300518E+1
9.198089E+2	1.309262E+1
9.200525E+2	1.301065E+1
9.202962E+2	1.317458E+1
9.205398E+2	1.305436E+1
9.207834E+2	1.301065E+1
9.210270E+2	1.308169E+1
9.212706E+2	1.328934E+1
9.215142E+2	1.346967E+1
9.217577E+2	1.337677E+1
9.220013E+2	1.315273E+1
9.222449E+2	1.310354E+1
9.224884E+2	1.322376E+1
9.227319E+2	1.332212E+1
9.229755E+2	1.328934E+1
9.232190E+2	1.322376E+1
9.234625E+2	1.338770E+1
9.237060E+2	1.294507E+1
9.239495E+2	1.280300E+1
9.241930E+2	1.278114E+1
9.244364E+2	1.266092E+1
9.246799E+2	1.281393E+1
9.249233E+2	1.254070E+1
9.251668E+2	1.255163E+1
9.254102E+2	1.232212E+1
9.256536E+2	1.214180E+1
9.258971E+2	1.186857E+1
9.261405E+2	1.204344E+1
9.263839E+2	1.225655E+1
9.266272E+2	1.216912E+1
9.268706E+2	1.223469E+1
9.271140E+2	1.243688E+1
9.273573E+2	1.247513E+1
9.276007E+2	1.233852E+1
9.278440E+2	1.231120E+1
9.280874E+2	1.252431E+1
9.283307E+2	1.239863E+1
9.285740E+2	1.231666E+1
9.288173E+2	1.231666E+1
9.290606E+2	1.225655E+1
9.293039E+2	1.207622E+1
9.295471E+2	1.232759E+1
9.297904E+2	1.251338E+1
9.300337E+2	1.243141E+1
9.302769E+2	1.224016E+1
9.305201E+2	1.230027E+1
9.307634E+2	1.214180E+1
9.310066E+2	1.185764E+1
9.312498E+2	1.193961E+1
9.314930E+2	1.183579E+1
9.317362E+2	1.166092E+1
9.319794E+2	1.155710E+1
9.322225E+2	1.176475E+1
9.324657E+2	1.156803E+1
9.327088E+2	1.146420E+1
9.329520E+2	1.138770E+1
9.331951E+2	1.160081E+1
9.334382E+2	1.173742E+1
9.336814E+2	1.185764E+1
9.339245E+2	1.181939E+1
9.341676E+2	1.180846E+1
9.344106E+2	1.181393E+1
9.346537E+2	1.184125E+1
9.348968E+2	1.186311E+1
9.351398E+2	1.164999E+1
9.353829E+2	1.170464E+1
9.356259E+2	1.167185E+1
9.358690E+2	1.169371E+1
9.361120E+2	1.155710E+1
9.363550E+2	1.153524E+1
9.365980E+2	1.160081E+1
9.368410E+2	1.170464E+1
9.370840E+2	1.184671E+1
9.373269E+2	1.168278E+1
9.375699E+2	1.153524E+1
9.378129E+2	1.164453E+1
9.380558E+2	1.169371E+1
9.382987E+2	1.155163E+1
9.385417E+2	1.184125E+1
9.387846E+2	1.161721E+1
9.390275E+2	1.171010E+1
9.392704E+2	1.194507E+1
9.395133E+2	1.223469E+1
9.397562E+2	1.242595E+1
9.399990E+2	1.242595E+1
9.402419E+2	1.255710E+1
9.404847E+2	1.276475E+1
9.407276E+2	1.296693E+1
9.409704E+2	1.294507E+1
9.412132E+2	1.261721E+1
9.414560E+2	1.271557E+1
9.416988E+2	1.277021E+1
9.419416E+2	1.280300E+1
9.421844E+2	1.268278E+1
9.424272E+2	1.288497E+1
9.426700E+2	1.268278E+1
9.429127E+2	1.257349E+1
9.431555E+2	1.261721E+1
9.433982E+2	1.272103E+1
9.436409E+2	1.279753E+1
9.438837E+2	1.288497E+1
9.441264E+2	1.304890E+1
9.443691E+2	1.284671E+1
9.446118E+2	1.279207E+1
9.448544E+2	1.291229E+1
9.450971E+2	1.304890E+1
9.453398E+2	1.303797E+1
9.455824E+2	1.308169E+1
9.458251E+2	1.339316E+1
9.460677E+2	1.342048E+1
9.463103E+2	1.352431E+1
9.465530E+2	1.352431E+1
9.467956E+2	1.353524E+1
9.470382E+2	1.327294E+1
9.472807E+2	1.337677E+1
9.475233E+2	1.328387E+1
9.477659E+2	1.326201E+1
9.480084E+2	1.308715E+1
9.482510E+2	1.293961E+1
9.484935E+2	1.320737E+1
9.487361E+2	1.338223E+1
9.489786E+2	1.357349E+1
9.492211E+2	1.334945E+1
9.494636E+2	1.336038E+1
9.497061E+2	1.336038E+1
9.499486E+2	1.339316E+1
9.501911E+2	1.363360E+1
9.504335E+2	1.364999E+1
9.506760E+2	1.343688E+1
9.509184E+2	1.343688E+1
9.511609E+2	1.351885E+1
9.514033E+2	1.377568E+1
9.516457E+2	1.362267E+1
9.518881E+2	1.373196E+1
9.521305E+2	1.378114E+1
9.523729E+2	1.391229E+1
9.526153E+2	1.387404E+1
9.528576E+2	1.356803E+1
9.531000E+2	1.369371E+1
9.533424E+2	1.375928E+1
9.535847E+2	1.372103E+1
9.538270E+2	1.352977E+1
9.540694E+2	1.338770E+1
9.543117E+2	1.303797E+1
9.545540E+2	1.303797E+1
9.547963E+2	1.312540E+1
9.550386E+2	1.319644E+1
9.552808E+2	1.308169E+1
9.555231E+2	1.321830E+1
9.557654E+2	1.300518E+1
9.560076E+2	1.319098E+1
9.562498E+2	1.312540E+1
9.564921E+2	1.326201E+1
9.567343E+2	1.326748E+1
9.569765E+2	1.357349E+1
9.572187E+2	1.340409E+1
9.574609E+2	1.355710E+1
9.577031E+2	1.348059E+1
9.579452E+2	1.357349E+1
9.581874E+2	1.361721E+1
9.584296E+2	1.353524E+1
9.586717E+2	1.344781E+1
9.589138E+2	1.340409E+1
9.591560E+2	1.352977E+1
9.593981E+2	1.358988E+1
9.596402E+2	1.352431E+1
9.598823E+2	1.341502E+1
9.601244E+2	1.334945E+1
9.603664E+2	1.347513E+1
9.606085E+2	1.333852E+1
9.608506E+2	1.320737E+1
9.610926E+2	1.286311E+1
9.613347E+2	1.302158E+1
9.615767E+2	1.293961E+1
9.618187E+2	1.309808E+1
9.620607E+2	1.304344E+1
9.623027E+2	1.316365E+1
9.625447E+2	1.329480E+1
9.627867E+2	1.331666E+1
9.630287E+2	1.336584E+1
9.632706E+2	1.307622E+1
9.635126E+2	1.308715E+1
9.637545E+2	1.279753E+1
9.639965E+2	1.303251E+1
9.642384E+2	1.305983E+1
9.644803E+2	1.312540E+1
9.647222E+2	1.318005E+1
9.649641E+2	1.292322E+1
9.652060E+2	1.301611E+1
9.654479E+2	1.309262E+1
9.656897E+2	1.320191E+1
9.659316E+2	1.311994E+1
9.661734E+2	1.297786E+1
9.664153E+2	1.305983E+1
9.666571E+2	1.305436E+1
9.668989E+2	1.340409E+1
9.671408E+2	1.369917E+1
9.673826E+2	1.381393E+1
9.676243E+2	1.422923E+1
9.678661E+2	1.422376E+1
9.681079E+2	1.429480E+1
9.683497E+2	1.456803E+1
9.685914E+2	1.481939E+1
9.688332E+2	1.496147E+1
9.690749E+2	1.538770E+1
9.693166E+2	1.535491E+1
9.695583E+2	1.528934E+1
9.698001E+2	1.514726E+1
9.700417E+2	1.513633E+1
9.702834E+2	1.489043E+1
9.705251E+2	1.498879E+1
9.707668E+2	1.508715E+1
9.710084E+2	1.495600E+1
9.712501E+2	1.469371E+1
9.714917E+2	1.475382E+1
9.717334E+2	1.478661E+1
9.719750E+2	1.498879E+1
9.722166E+2	1.504890E+1
9.724582E+2	1.514726E+1
9.726998E+2	1.520191E+1
9.729414E+2	1.515273E+1
9.731830E+2	1.516912E+1
9.734245E+2	1.539863E+1
9.736661E+2	1.528934E+1
9.739076E+2	1.538223E+1
9.741492E+2	1.532212E+1
9.743907E+2	1.547513E+1
9.746322E+2	1.556256E+1
9.748737E+2	1.556803E+1
9.751152E+2	1.553524E+1
9.753567E+2	1.564453E+1
9.755982E+2	1.569917E+1
9.758396E+2	1.591775E+1
9.760811E+2	1.572103E+1
9.763226E+2	1.587950E+1
9.765640E+2	1.595600E+1
9.768054E+2	1.599972E+1
9.770468E+2	1.583032E+1
9.772883E+2	1.578661E+1
9.775297E+2	1.583579E+1
9.777711E+2	1.593415E+1
9.780124E+2	1.608715E+1
9.782538E+2	1.601065E+1
9.784952E+2	1.593415E+1
9.787365E+2	1.581939E+1
9.789779E+2	1.586857E+1
9.792192E+2	1.600518E+1
9.794605E+2	1.598333E+1
9.797019E+2	1.616912E+1
9.799432E+2	1.610354E+1
9.801845E+2	1.609262E+1
9.804257E+2	1.601065E+1
9.806670E+2	1.604344E+1
9.809083E+2	1.608715E+1
9.811496E+2	1.630027E+1
9.813908E+2	1.616912E+1
9.816320E+2	1.589589E+1
9.818733E+2	1.545327E+1
9.821145E+2	1.533852E+1
9.823557E+2	1.545874E+1
9.825969E+2	1.552977E+1
9.828381E+2	1.545874E+1
9.830793E+2	1.554617E+1
9.833205E+2	1.543141E+1
9.835616E+2	1.524016E+1
9.838028E+2	1.501065E+1
9.840439E+2	1.504890E+1
9.842851E+2	1.509262E+1
9.845262E+2	1.527841E+1
9.847673E+2	1.548606E+1
9.850084E+2	1.567732E+1
9.852495E+2	1.585218E+1
9.854906E+2	1.573196E+1
9.857317E+2	1.582486E+1
9.859727E+2	1.588497E+1
9.862138E+2	1.588497E+1
9.864549E+2	1.600518E+1
9.866959E+2	1.565546E+1
9.869369E+2	1.553524E+1
9.871779E+2	1.542048E+1
9.874190E+2	1.527841E+1
9.876600E+2	1.541502E+1
9.879010E+2	1.572103E+1
9.881419E+2	1.558988E+1
9.883829E+2	1.585764E+1
9.886239E+2	1.545874E+1
9.888648E+2	1.557895E+1
9.891058E+2	1.555710E+1
9.893467E+2	1.560081E+1
9.895876E+2	1.569371E+1
9.898285E+2	1.579207E+1
9.900695E+2	1.546967E+1
9.903104E+2	1.544781E+1
9.905512E+2	1.561174E+1
9.907921E+2	1.574835E+1
9.910330E+2	1.585218E+1
9.912738E+2	1.596147E+1
9.915147E+2	1.611994E+1
9.917555E+2	1.626201E+1
9.919964E+2	1.637130E+1
9.922372E+2	1.643141E+1
9.924780E+2	1.637677E+1
9.927188E+2	1.609262E+1
9.929596E+2	1.620191E+1
9.932004E+2	1.615273E+1
9.934411E+2	1.603251E+1
9.936819E+2	1.585764E+1
9.939227E+2	1.574289E+1
9.941634E+2	1.585764E+1
9.944041E+2	1.590682E+1
9.946449E+2	1.611994E+1
9.948856E+2	1.620191E+1
9.951263E+2	1.616912E+1
9.953670E+2	1.618005E+1
9.956077E+2	1.627841E+1
9.958483E+2	1.613633E+1
9.960890E+2	1.601611E+1
9.963297E+2	1.597240E+1
9.965703E+2	1.595054E+1
9.968109E+2	1.593415E+1
9.970516E+2	1.574835E+1
9.972922E+2	1.569371E+1
9.975328E+2	1.551338E+1
9.977734E+2	1.538223E+1
9.980140E+2	1.535491E+1
9.982546E+2	1.545327E+1
9.984951E+2	1.546967E+1
9.987357E+2	1.545327E+1
9.989763E+2	1.546967E+1
9.992168E+2	1.543688E+1
9.994573E+2	1.542048E+1
9.996978E+2	1.532759E+1
9.999384E+2	1.520191E+1
1.000179E+3	1.510354E+1
1.000419E+3	1.493961E+1
1.000660E+3	1.497240E+1
1.000900E+3	1.507622E+1
1.001141E+3	1.501065E+1
1.001381E+3	1.527841E+1
1.001622E+3	1.526748E+1
1.001862E+3	1.555163E+1
1.002103E+3	1.561174E+1
1.002343E+3	1.554070E+1
1.002583E+3	1.540409E+1
1.002824E+3	1.532759E+1
1.003064E+3	1.530027E+1
1.003305E+3	1.558988E+1
1.003545E+3	1.552977E+1
1.003785E+3	1.550792E+1
1.004026E+3	1.555163E+1
1.004266E+3	1.568824E+1
1.004506E+3	1.577021E+1
1.004747E+3	1.615273E+1
1.004987E+3	1.619098E+1
1.005227E+3	1.588497E+1
1.005468E+3	1.583032E+1
1.005708E+3	1.563906E+1
1.005948E+3	1.540956E+1
1.006188E+3	1.530573E+1
1.006429E+3	1.536038E+1
1.006669E+3	1.527841E+1
1.006909E+3	1.522923E+1
1.007149E+3	1.522376E+1
1.007390E+3	1.555710E+1
1.007630E+3	1.542048E+1
1.007870E+3	1.537130E+1
1.008110E+3	1.548606E+1
1.008350E+3	1.563360E+1
1.008590E+3	1.578114E+1
1.008831E+3	1.567185E+1
1.009071E+3	1.559535E+1
1.009311E+3	1.523469E+1
1.009551E+3	1.515273E+1
1.009791E+3	1.505436E+1
1.010031E+3	1.491229E+1
1.010271E+3	1.474835E+1
1.010511E+3	1.476475E+1
1.010752E+3	1.508169E+1
1.010992E+3	1.514180E+1
1.011232E+3	1.514180E+1
1.011472E+3	1.505436E+1
1.011712E+3	1.481393E+1
1.011952E+3	1.484671E+1
1.012192E+3	1.486311E+1
1.012432E+3	1.483579E+1
1.012672E+3	1.489589E+1
1.012912E+3	1.498333E+1
1.013152E+3	1.501065E+1
1.013392E+3	1.485218E+1
1.013632E+3	1.469917E+1
1.013872E+3	1.490136E+1
1.014112E+3	1.471557E+1
1.014352E+3	1.483032E+1
1.014591E+3	1.503251E+1
1.014831E+3	1.503797E+1
1.015071E+3	1.526748E+1
1.015311E+3	1.511994E+1
1.015551E+3	1.484125E+1
1.015791E+3	1.480846E+1
1.016031E+3	1.478661E+1
1.016271E+3	1.505983E+1
1.016511E+3	1.473196E+1
1.016750E+3	1.487950E+1
1.016990E+3	1.463360E+1
1.017230E+3	1.452431E+1
1.017470E+3	1.456256E+1
1.017710E+3	1.444234E+1
1.017949E+3	1.425655E+1
1.018189E+3	1.411447E+1
1.018429E+3	1.407622E+1
1.018669E+3	1.408169E+1
1.018908E+3	1.376475E+1
1.019148E+3	1.354070E+1
1.019388E+3	1.328387E+1
1.019628E+3	1.339316E+1
1.019867E+3	1.354070E+1
1.020107E+3	1.357895E+1
1.020347E+3	1.349699E+1
1.020586E+3	1.337130E+1
1.020826E+3	1.338770E+1
1.021066E+3	1.317458E+1
1.021305E+3	1.328934E+1
1.021545E+3	1.361174E+1
1.021785E+3	1.353524E+1
1.022024E+3	1.337677E+1
1.022264E+3	1.339863E+1
1.022504E+3	1.360081E+1
1.022743E+3	1.359535E+1
1.022983E+3	1.361174E+1
1.023222E+3	1.347513E+1
1.023462E+3	1.334945E+1
1.023702E+3	1.318551E+1
1.023941E+3	1.344781E+1
1.024181E+3	1.368824E+1
1.024420E+3	1.360628E+1
1.024660E+3	1.363360E+1
1.024899E+3	1.362267E+1
1.025139E+3	1.354617E+1
1.025378E+3	1.320737E+1
1.025618E+3	1.332759E+1
1.025857E+3	1.326748E+1
1.026097E+3	1.313633E+1
1.026336E+3	1.331120E+1
1.026575E+3	1.326748E+1
1.026815E+3	1.357349E+1
1.027054E+3	1.360628E+1
1.027294E+3	1.367732E+1
1.027533E+3	1.354070E+1
1.027773E+3	1.354617E+1
1.028012E+3	1.368824E+1
1.028251E+3	1.383032E+1
1.028491E+3	1.363360E+1
1.028730E+3	1.373742E+1
1.028969E+3	1.363906E+1
1.029209E+3	1.333305E+1
1.029448E+3	1.342595E+1
1.029687E+3	1.349152E+1
1.029927E+3	1.345874E+1
1.030166E+3	1.337130E+1
1.030405E+3	1.318005E+1
1.030645E+3	1.287950E+1
1.030884E+3	1.242595E+1
1.031123E+3	1.240409E+1
1.031362E+3	1.215273E+1
1.031602E+3	1.255163E+1
1.031841E+3	1.239316E+1
1.032080E+3	1.246967E+1
1.032319E+3	1.250792E+1
1.032558E+3	1.245874E+1
1.032798E+3	1.238223E+1
1.033037E+3	1.239316E+1
1.033276E+3	1.215273E+1
1.033515E+3	1.220737E+1
1.033754E+3	1.222376E+1
1.033993E+3	1.235491E+1
1.034233E+3	1.219644E+1
1.034472E+3	1.216912E+1
1.034711E+3	1.209262E+1
1.034950E+3	1.220191E+1
1.035189E+3	1.204890E+1
1.035428E+3	1.175382E+1
1.035667E+3	1.187404E+1
1.035906E+3	1.169371E+1
1.036145E+3	1.151885E+1
1.036384E+3	1.156256E+1
1.036623E+3	1.152431E+1
1.036862E+3	1.134398E+1
1.037101E+3	1.115273E+1
1.037340E+3	1.090136E+1
1.037579E+3	1.072650E+1
1.037818E+3	1.066639E+1
1.038057E+3	1.074835E+1
1.038296E+3	1.081939E+1
1.038535E+3	1.074289E+1
1.038774E+3	1.054070E+1
1.039013E+3	1.055163E+1
1.039252E+3	1.048059E+1
1.039491E+3	1.042595E+1
1.039730E+3	1.048606E+1
1.039969E+3	1.086857E+1
1.040208E+3	1.051885E+1
1.040447E+3	1.058988E+1
1.040685E+3	1.089043E+1
1.040924E+3	1.098333E+1
1.041163E+3	1.081939E+1
1.041402E+3	1.051885E+1
1.041641E+3	1.063360E+1
1.041880E+3	1.052977E+1
1.042118E+3	1.042595E+1
1.042357E+3	1.016365E+1
1.042596E+3	1.019098E+1
1.042835E+3	9.956004E+0
1.043074E+3	9.792069E+0
1.043312E+3	9.622671E+0
1.043551E+3	9.578955E+0
1.043790E+3	9.846714E+0
1.044029E+3	9.863108E+0
1.044267E+3	9.633600E+0
1.044506E+3	9.737425E+0
1.044745E+3	9.994255E+0
1.044983E+3	9.994255E+0
1.045222E+3	1.021283E+1
1.045461E+3	1.046420E+1
1.045699E+3	1.047513E+1
1.045938E+3	1.057349E+1
1.046177E+3	1.001611E+1
1.046415E+3	9.797534E+0
1.046654E+3	9.655457E+0
1.046893E+3	9.671851E+0
1.047131E+3	9.824856E+0
1.047370E+3	9.994255E+0
1.047608E+3	9.879501E+0
1.047847E+3	9.961468E+0
1.048086E+3	9.988791E+0
1.048324E+3	9.956004E+0
1.048563E+3	9.874037E+0
1.048801E+3	9.994255E+0
1.049040E+3	9.802998E+0
1.049278E+3	9.835785E+0
1.049517E+3	9.770212E+0
1.049755E+3	9.846714E+0
1.049994E+3	9.972397E+0
1.050232E+3	1.004890E+1
1.050471E+3	1.004344E+1
1.050709E+3	9.890430E+0
1.050948E+3	9.835785E+0
1.051186E+3	9.950539E+0
1.051424E+3	1.008715E+1
1.051663E+3	1.002158E+1
1.051901E+3	9.874037E+0
1.052140E+3	9.802998E+0
1.052378E+3	9.999720E+0
1.052616E+3	9.895895E+0
1.052855E+3	9.868572E+0
1.053093E+3	9.830321E+0
1.053332E+3	9.551632E+0
1.053570E+3	9.726496E+0
1.053808E+3	1.004344E+1
1.054047E+3	1.018005E+1
1.054285E+3	1.022376E+1
1.054523E+3	1.003797E+1
1.054761E+3	1.016912E+1
1.055000E+3	1.020191E+1
1.055238E+3	1.017458E+1
1.055476E+3	9.819392E+0
1.055715E+3	9.868572E+0
1.055953E+3	9.928682E+0
1.056191E+3	9.688244E+0
1.056429E+3	9.551632E+0
1.056667E+3	9.792069E+0
1.056906E+3	1.005983E+1
1.057144E+3	9.912288E+0
1.057382E+3	9.966933E+0
1.057620E+3	1.016912E+1
1.057858E+3	1.011994E+1
1.058097E+3	1.005983E+1
1.058335E+3	9.682780E+0
1.058573E+3	9.737425E+0
1.058811E+3	9.890430E+0
1.059049E+3	1.003797E+1
1.059287E+3	1.003797E+1
1.059525E+3	1.005983E+1
1.059763E+3	9.813927E+0
1.060001E+3	9.693709E+0
1.060239E+3	9.671851E+0
1.060478E+3	9.398627E+0
1.060716E+3	9.529774E+0
1.060954E+3	9.764747E+0
1.061192E+3	9.846714E+0
1.061430E+3	9.726496E+0
1.061668E+3	9.502452E+0
1.061906E+3	9.491523E+0
1.062144E+3	9.573490E+0
1.062382E+3	9.502452E+0
1.062620E+3	9.502452E+0
1.062858E+3	9.365840E+0
1.063096E+3	9.196441E+0
1.063333E+3	9.054365E+0
1.063571E+3	9.147261E+0
1.063809E+3	8.945075E+0
1.064047E+3	8.945075E+0
1.064285E+3	9.054365E+0
1.064523E+3	9.021578E+0
1.064761E+3	8.906824E+0
1.064999E+3	8.912288E+0
1.065237E+3	8.868572E+0
1.065474E+3	8.857643E+0
1.065712E+3	8.699173E+0
1.065950E+3	8.622671E+0
1.066188E+3	8.568026E+0
1.066426E+3	8.742889E+0
1.066664E+3	8.557097E+0
1.066901E+3	8.327589E+0
1.067139E+3	8.431414E+0
1.067377E+3	8.562561E+0
1.067615E+3	8.404091E+0
1.067852E+3	8.496988E+0
1.068090E+3	8.098080E+0
1.068328E+3	7.792069E+0
1.068566E+3	7.562561E+0
1.068803E+3	7.529774E+0
1.069041E+3	7.376769E+0
1.069279E+3	7.169119E+0
1.069516E+3	7.076223E+0
1.069754E+3	6.835785E+0
1.069992E+3	6.906824E+0
1.070229E+3	6.999720E+0
1.070467E+3	7.027042E+0
1.070705E+3	7.114474E+0
1.070942E+3	7.190977E+0
1.071180E+3	7.059829E+0
1.071418E+3	6.884966E+0
1.071655E+3	7.048900E+0
1.071893E+3	7.048900E+0
1.072130E+3	7.076223E+0
1.072368E+3	7.125403E+0
1.072605E+3	6.983326E+0
1.072843E+3	7.048900E+0
1.073081E+3	6.846714E+0
1.073318E+3	6.857643E+0
1.073556E+3	6.628135E+0
1.073793E+3	6.300266E+0
1.074031E+3	6.158190E+0
1.074268E+3	6.070758E+0
1.074506E+3	6.130867E+0
1.074743E+3	6.327589E+0
1.074981E+3	6.606277E+0
1.075218E+3	6.824856E+0
1.075455E+3	6.928682E+0
1.075693E+3	6.846714E+0
1.075930E+3	6.912288E+0
1.076168E+3	7.081687E+0
1.076405E+3	7.169119E+0
1.076642E+3	7.076223E+0
1.076880E+3	7.070758E+0
1.077117E+3	6.966933E+0
1.077355E+3	7.256550E+0
1.077592E+3	7.464201E+0
1.077829E+3	7.354911E+0
1.078067E+3	7.294802E+0
1.078304E+3	7.507916E+0
1.078541E+3	7.770212E+0
1.078779E+3	7.966933E+0
1.079016E+3	8.119938E+0
1.079253E+3	8.322124E+0
1.079490E+3	8.141796E+0
1.079728E+3	8.180048E+0
1.079965E+3	8.021578E+0
1.080202E+3	7.863108E+0
1.080439E+3	7.693709E+0
1.080677E+3	7.879501E+0
1.080914E+3	7.846714E+0
1.081151E+3	8.174583E+0
1.081388E+3	8.054365E+0
1.081625E+3	8.065294E+0
1.081863E+3	7.721031E+0
1.082100E+3	7.546168E+0
1.082337E+3	7.289337E+0
1.082574E+3	7.431414E+0
1.082811E+3	7.628135E+0
1.083048E+3	7.792069E+0
1.083285E+3	7.333053E+0
1.083522E+3	7.125403E+0
1.083760E+3	7.333053E+0
1.083997E+3	7.251086E+0
1.084234E+3	7.251086E+0
1.084471E+3	7.283873E+0
1.084708E+3	7.267479E+0
1.084945E+3	7.245621E+0
1.085182E+3	7.043436E+0
1.085419E+3	7.169119E+0
1.085656E+3	7.092616E+0
1.085893E+3	7.163654E+0
1.086130E+3	7.021578E+0
1.086367E+3	7.218299E+0
1.086604E+3	7.196441E+0
1.086841E+3	7.272944E+0
1.087078E+3	7.376769E+0
1.087315E+3	7.540703E+0
1.087552E+3	7.496988E+0
1.087789E+3	7.333053E+0
1.088026E+3	7.251086E+0
1.088262E+3	7.262015E+0
1.088499E+3	7.464201E+0
1.088736E+3	7.759283E+0
1.088973E+3	7.748354E+0
1.089210E+3	7.731960E+0
1.089447E+3	7.617206E+0
1.089684E+3	7.507916E+0
1.089921E+3	7.283873E+0
1.090157E+3	7.338518E+0
1.090394E+3	7.103545E+0
1.090631E+3	6.956004E+0
1.090868E+3	6.600813E+0
1.091105E+3	6.644529E+0
1.091341E+3	6.819392E+0
1.091578E+3	6.901359E+0
1.091815E+3	6.606277E+0
1.092052E+3	6.557097E+0
1.092288E+3	6.589884E+0
1.092525E+3	6.628135E+0
1.092762E+3	6.212835E+0
1.092999E+3	5.934146E+0
1.093235E+3	5.644529E+0
1.093472E+3	5.371304E+0
1.093709E+3	5.119938E+0
1.093945E+3	5.158190E+0
1.094182E+3	5.158190E+0
1.094419E+3	5.234692E+0
1.094655E+3	5.387698E+0
1.094892E+3	5.655457E+0
1.095128E+3	5.518845E+0
1.095365E+3	5.770212E+0
1.095602E+3	5.622671E+0
1.095838E+3	5.666386E+0
1.096075E+3	5.404091E+0
1.096311E+3	5.611742E+0
1.096548E+3	5.731960E+0
1.096784E+3	5.846714E+0
1.097021E+3	5.983326E+0
1.097258E+3	5.797534E+0
1.097494E+3	5.611742E+0
1.097731E+3	5.874037E+0
1.097967E+3	6.054365E+0
1.098204E+3	5.972397E+0
1.098440E+3	6.065294E+0
1.098677E+3	6.305731E+0
1.098913E+3	6.294802E+0
1.099149E+3	6.262015E+0
1.099386E+3	6.180048E+0
1.099622E+3	6.453272E+0
1.099859E+3	6.130867E+0
1.100095E+3	6.010649E+0
1.100332E+3	5.999720E+0
1.100568E+3	5.983326E+0
1.100804E+3	5.802998E+0
1.101041E+3	5.666386E+0
1.101277E+3	5.617206E+0
1.101513E+3	5.562561E+0
1.101750E+3	5.464201E+0
1.101986E+3	5.737425E+0
1.102222E+3	5.983326E+0
1.102459E+3	6.218299E+0
1.102695E+3	6.540703E+0
1.102931E+3	6.436878E+0
1.103168E+3	6.300266E+0
1.103404E+3	6.442343E+0
1.103640E+3	6.365840E+0
1.103876E+3	6.338518E+0
1.104113E+3	6.311195E+0
1.104349E+3	6.387698E+0
1.104585E+3	6.447807E+0
1.104821E+3	6.600813E+0
1.105057E+3	6.693709E+0
1.105294E+3	6.792069E+0
1.105530E+3	6.841250E+0
1.105766E+3	6.912288E+0
1.106002E+3	6.928682E+0
1.106238E+3	7.114474E+0
1.106474E+3	7.092616E+0
1.106711E+3	6.977862E+0
1.106947E+3	6.988791E+0
1.107183E+3	7.223763E+0
1.107419E+3	7.032507E+0
1.107655E+3	6.961468E+0
1.107891E+3	7.087151E+0
1.108127E+3	6.726496E+0
1.108363E+3	5.059829E+0
1.108599E+3	3.393162E+0
1.108835E+3	7.393162E+0
1.109071E+3	1.839316E+1
1.109307E+3	2.105983E+1
1.109543E+3	1.472650E+1
1.109779E+3	1.772650E+1
1.110015E+3	8.059829E+0
1.110251E+3	3.059829E+0
1.110487E+3	1.739316E+1
1.110723E+3	8.726496E+0
1.110959E+3	4.726496E+0
1.111195E+3	8.393162E+0
1.111431E+3	4.726496E+0
1.111667E+3	1.305983E+1
1.111903E+3	3.393162E+0
1.112139E+3	6.059829E+0
1.112375E+3	3.393162E+0
1.112611E+3	1.039316E+1
1.112847E+3	1.939316E+1
1.113082E+3	1.039316E+1
1.113318E+3	1.205983E+1
1.113554E+3	6.726496E+0
1.113790E+3	-6.068376E-1
1.114026E+3	6.726496E+0
1.114262E+3	2.059829E+0
1.114497E+3	-5.606838E+0
1.114733E+3	-1.940171E+0
1.114969E+3	4.393162E+0
