1.951292E+2	0.000000E+0
1.953960E+2	0.000000E+0
1.956629E+2	0.000000E+0
1.959298E+2	0.000000E+0
1.961966E+2	0.000000E+0
1.964635E+2	0.000000E+0
1.967303E+2	0.000000E+0
1.969972E+2	0.000000E+0
1.972640E+2	0.000000E+0
1.975308E+2	0.000000E+0
1.977977E+2	0.000000E+0
1.980645E+2	0.000000E+0
1.983313E+2	0.000000E+0
1.985981E+2	0.000000E+0
1.988649E+2	0.000000E+0
1.991316E+2	0.000000E+0
1.993984E+2	0.000000E+0
1.996652E+2	0.000000E+0
1.999320E+2	0.000000E+0
2.001987E+2	0.000000E+0
2.004655E+2	0.000000E+0
2.007322E+2	0.000000E+0
2.009989E+2	0.000000E+0
2.012657E+2	0.000000E+0
2.015324E+2	0.000000E+0
2.017991E+2	0.000000E+0
2.020658E+2	0.000000E+0
2.023325E+2	0.000000E+0
2.025992E+2	0.000000E+0
2.028659E+2	0.000000E+0
2.031326E+2	0.000000E+0
2.033992E+2	0.000000E+0
2.036659E+2	0.000000E+0
2.039325E+2	0.000000E+0
2.041992E+2	0.000000E+0
2.044658E+2	0.000000E+0
2.047325E+2	0.000000E+0
2.049991E+2	0.000000E+0
2.052657E+2	0.000000E+0
2.055323E+2	0.000000E+0
2.057989E+2	0.000000E+0
2.060655E+2	0.000000E+0
2.063321E+2	0.000000E+0
2.065987E+2	0.000000E+0
2.068653E+2	0.000000E+0
2.071319E+2	0.000000E+0
2.073984E+2	0.000000E+0
2.076650E+2	0.000000E+0
2.079315E+2	0.000000E+0
2.081981E+2	0.000000E+0
2.084646E+2	0.000000E+0
2.087311E+2	0.000000E+0
2.089977E+2	0.000000E+0
2.092642E+2	0.000000E+0
2.095307E+2	0.000000E+0
2.097972E+2	0.000000E+0
2.100637E+2	0.000000E+0
2.103302E+2	0.000000E+0
2.105966E+2	0.000000E+0
2.108631E+2	0.000000E+0
2.111296E+2	0.000000E+0
2.113960E+2	0.000000E+0
2.116625E+2	0.000000E+0
2.119289E+2	0.000000E+0
2.121954E+2	0.000000E+0
2.124618E+2	0.000000E+0
2.127282E+2	0.000000E+0
2.129946E+2	0.000000E+0
2.132610E+2	0.000000E+0
2.135274E+2	0.000000E+0
2.137938E+2	0.000000E+0
2.140602E+2	0.000000E+0
2.143266E+2	0.000000E+0
2.145930E+2	0.000000E+0
2.148593E+2	0.000000E+0
2.151257E+2	0.000000E+0
2.153920E+2	0.000000E+0
2.156584E+2	0.000000E+0
2.159247E+2	0.000000E+0
2.161910E+2	0.000000E+0
2.164574E+2	0.000000E+0
2.167237E+2	0.000000E+0
2.169900E+2	0.000000E+0
2.172563E+2	0.000000E+0
2.175226E+2	0.000000E+0
2.177889E+2	0.000000E+0
2.180551E+2	0.000000E+0
2.183214E+2	0.000000E+0
2.185877E+2	0.000000E+0
2.188539E+2	0.000000E+0
2.191202E+2	0.000000E+0
2.193864E+2	0.000000E+0
2.196527E+2	0.000000E+0
2.199189E+2	0.000000E+0
2.201851E+2	0.000000E+0
2.204513E+2	0.000000E+0
2.207175E+2	0.000000E+0
2.209837E+2	0.000000E+0
2.212499E+2	0.000000E+0
2.215161E+2	0.000000E+0
2.217823E+2	0.000000E+0
2.220485E+2	0.000000E+0
2.223146E+2	0.000000E+0
2.225808E+2	0.000000E+0
2.228469E+2	0.000000E+0
2.231131E+2	0.000000E+0
2.233792E+2	0.000000E+0
2.236453E+2	0.000000E+0
2.239115E+2	0.000000E+0
2.241776E+2	0.000000E+0
2.244437E+2	0.000000E+0
2.247098E+2	0.000000E+0
2.249759E+2	0.000000E+0
2.252420E+2	0.000000E+0
2.255080E+2	0.000000E+0
2.257741E+2	0.000000E+0
2.260402E+2	0.000000E+0
2.263062E+2	0.000000E+0
2.265723E+2	0.000000E+0
2.268383E+2	0.000000E+0
2.271044E+2	0.000000E+0
2.273704E+2	0.000000E+0
2.276364E+2	0.000000E+0
2.279024E+2	0.000000E+0
2.281684E+2	0.000000E+0
2.284344E+2	0.000000E+0
2.287004E+2	0.000000E+0
2.289664E+2	0.000000E+0
2.292324E+2	0.000000E+0
2.294984E+2	0.000000E+0
2.297643E+2	0.000000E+0
2.300303E+2	0.000000E+0
2.302962E+2	0.000000E+0
2.305622E+2	0.000000E+0
2.308281E+2	0.000000E+0
2.310940E+2	0.000000E+0
2.313599E+2	0.000000E+0
2.316259E+2	0.000000E+0
2.318918E+2	0.000000E+0
2.321577E+2	0.000000E+0
2.324236E+2	0.000000E+0
2.326894E+2	0.000000E+0
2.329553E+2	0.000000E+0
2.332212E+2	0.000000E+0
2.334871E+2	0.000000E+0
2.337529E+2	0.000000E+0
2.340188E+2	0.000000E+0
2.342846E+2	0.000000E+0
2.345504E+2	0.000000E+0
2.348163E+2	0.000000E+0
2.350821E+2	0.000000E+0
2.353479E+2	0.000000E+0
2.356137E+2	0.000000E+0
2.358795E+2	0.000000E+0
2.361453E+2	0.000000E+0
2.364111E+2	0.000000E+0
2.366769E+2	0.000000E+0
2.369426E+2	0.000000E+0
2.372084E+2	0.000000E+0
2.374741E+2	0.000000E+0
2.377399E+2	0.000000E+0
2.380056E+2	0.000000E+0
2.382714E+2	0.000000E+0
2.385371E+2	0.000000E+0
2.388028E+2	0.000000E+0
2.390685E+2	0.000000E+0
2.393342E+2	0.000000E+0
2.395999E+2	0.000000E+0
2.398656E+2	0.000000E+0
2.401313E+2	0.000000E+0
2.403970E+2	0.000000E+0
2.406626E+2	0.000000E+0
2.409283E+2	0.000000E+0
2.411940E+2	0.000000E+0
2.414596E+2	0.000000E+0
2.417252E+2	0.000000E+0
2.419909E+2	0.000000E+0
2.422565E+2	0.000000E+0
2.425221E+2	0.000000E+0
2.427877E+2	0.000000E+0
2.430533E+2	0.000000E+0
2.433189E+2	0.000000E+0
2.435845E+2	0.000000E+0
2.438501E+2	0.000000E+0
2.441157E+2	0.000000E+0
2.443812E+2	0.000000E+0
2.446468E+2	0.000000E+0
2.449124E+2	0.000000E+0
2.451779E+2	0.000000E+0
2.454434E+2	0.000000E+0
2.457090E+2	0.000000E+0
2.459745E+2	0.000000E+0
2.462400E+2	0.000000E+0
2.465055E+2	0.000000E+0
2.467710E+2	0.000000E+0
2.470365E+2	0.000000E+0
2.473020E+2	0.000000E+0
2.475675E+2	0.000000E+0
2.478330E+2	0.000000E+0
2.480984E+2	0.000000E+0
2.483639E+2	0.000000E+0
2.486294E+2	0.000000E+0
2.488948E+2	0.000000E+0
2.491602E+2	0.000000E+0
2.494257E+2	0.000000E+0
2.496911E+2	0.000000E+0
2.499565E+2	0.000000E+0
2.502219E+2	3.498389E+0
2.504873E+2	3.514782E+0
2.507527E+2	3.421886E+0
2.510181E+2	3.531176E+0
2.512835E+2	3.514782E+0
2.515489E+2	3.383635E+0
2.518142E+2	3.476531E+0
2.520796E+2	3.542105E+0
2.523449E+2	3.667788E+0
2.526103E+2	3.848115E+0
2.528756E+2	3.886367E+0
2.531409E+2	3.749755E+0
2.534063E+2	3.744290E+0
2.536716E+2	3.919154E+0
2.539369E+2	3.946476E+0
2.542022E+2	4.471066E+0
2.544675E+2	4.449208E+0
2.547328E+2	4.323525E+0
2.549980E+2	4.640465E+0
2.552633E+2	4.432815E+0
2.555286E+2	4.165055E+0
2.557938E+2	4.181449E+0
2.560591E+2	4.471066E+0
2.563243E+2	4.678717E+0
2.565896E+2	4.689646E+0
2.568548E+2	4.744290E+0
2.571200E+2	4.727897E+0
2.573852E+2	4.891831E+0
2.576504E+2	4.897296E+0
2.579156E+2	4.837186E+0
2.581808E+2	4.935547E+0
2.584460E+2	5.296203E+0
2.587112E+2	5.454673E+0
2.589763E+2	5.181449E+0
2.592415E+2	5.159591E+0
2.595067E+2	5.247023E+0
2.597718E+2	5.498389E+0
2.600369E+2	5.788006E+0
2.603021E+2	5.815329E+0
2.605672E+2	5.864509E+0
2.608323E+2	5.919154E+0
2.610974E+2	5.968334E+0
2.613625E+2	6.022979E+0
2.616276E+2	6.115875E+0
2.618927E+2	6.372706E+0
2.621578E+2	6.410957E+0
2.624229E+2	6.165055E+0
2.626880E+2	6.345383E+0
2.629530E+2	6.427350E+0
2.632181E+2	6.170520E+0
2.634831E+2	6.012050E+0
2.637482E+2	5.979263E+0
2.640132E+2	5.979263E+0
2.642782E+2	5.574891E+0
2.645432E+2	5.481995E+0
2.648082E+2	5.361777E+0
2.650732E+2	5.219700E+0
2.653382E+2	5.323525E+0
2.656032E+2	5.230629E+0
2.658682E+2	5.061230E+0
2.661332E+2	5.148662E+0
2.663981E+2	5.006585E+0
2.666631E+2	4.979263E+0
2.669281E+2	5.230629E+0
2.671930E+2	5.066695E+0
2.674579E+2	5.072159E+0
2.677229E+2	5.192378E+0
2.679878E+2	5.083088E+0
2.682527E+2	5.055766E+0
2.685176E+2	4.755219E+0
2.687825E+2	4.307132E+0
2.690474E+2	4.099482E+0
2.693123E+2	3.880902E+0
2.695772E+2	3.771613E+0
2.698420E+2	3.421886E+0
2.701069E+2	3.367241E+0
2.703718E+2	3.115875E+0
2.706366E+2	3.312596E+0
2.709014E+2	3.301667E+0
2.711663E+2	3.061230E+0
2.714311E+2	2.968334E+0
2.716959E+2	3.137733E+0
2.719607E+2	2.924618E+0
2.722255E+2	2.553033E+0
2.724903E+2	2.312596E+0
2.727551E+2	2.427350E+0
2.730199E+2	2.509318E+0
2.732847E+2	2.542105E+0
2.735495E+2	2.465602E+0
2.738142E+2	2.602214E+0
2.740790E+2	2.749755E+0
2.743437E+2	2.640465E+0
2.746085E+2	2.339919E+0
2.748732E+2	2.257952E+0
2.751379E+2	2.307132E+0
2.754026E+2	2.345383E+0
2.756674E+2	1.979263E+0
2.759321E+2	1.859044E+0
2.761968E+2	1.684181E+0
2.764614E+2	1.602214E+0
2.767261E+2	1.591285E+0
2.769908E+2	1.487460E+0
2.772555E+2	1.312596E+0
2.775201E+2	1.203307E+0
2.777848E+2	1.066695E+0
2.780494E+2	9.355471E-1
2.783141E+2	8.645089E-1
2.785787E+2	1.148662E+0
2.788433E+2	9.519406E-1
2.791079E+2	8.972958E-1
2.793725E+2	6.459297E-1
2.796371E+2	6.568586E-1
2.799017E+2	6.513941E-1
2.801663E+2	6.240717E-1
2.804309E+2	7.224324E-1
2.806955E+2	9.628696E-1
2.809600E+2	1.006585E+0
2.812246E+2	1.460137E+0
2.814891E+2	1.438279E+0
2.817537E+2	1.520247E+0
2.820182E+2	1.525711E+0
2.822827E+2	1.569427E+0
2.825473E+2	1.689646E+0
2.828118E+2	1.514782E+0
2.830763E+2	1.214236E+0
2.833408E+2	8.207931E-1
2.836053E+2	6.951100E-1
2.838697E+2	4.000280E-1
2.841342E+2	1.923777E-1
2.843987E+2	3.937229E-2
2.846632E+2	3.125963E-1
2.849276E+2	7.278969E-1
2.851921E+2	7.442903E-1
2.854565E+2	7.169679E-1
2.857209E+2	6.951100E-1
2.859853E+2	7.060390E-1
2.862498E+2	6.513941E-1
2.865142E+2	4.983887E-1
2.867786E+2	4.492084E-1
2.870430E+2	4.382794E-1
2.873074E+2	4.492084E-1
2.875717E+2	5.803559E-1
2.878361E+2	4.109570E-1
2.881005E+2	2.852739E-1
2.883648E+2	3.563122E-1
2.886292E+2	3.836346E-1
2.888935E+2	4.000280E-1
2.891579E+2	3.781701E-1
2.894222E+2	3.344543E-1
2.896865E+2	4.656018E-1
2.899508E+2	4.273504E-1
2.902151E+2	2.852739E-1
2.904794E+2	2.962029E-1
2.907437E+2	7.661482E-1
2.910080E+2	7.934706E-1
2.912723E+2	9.847275E-1
2.915366E+2	1.186913E+0
2.918008E+2	1.268880E+0
2.920651E+2	1.356312E+0
2.923293E+2	1.339919E+0
2.925936E+2	1.208771E+0
2.928578E+2	1.350848E+0
2.931220E+2	1.334454E+0
2.933863E+2	1.181449E+0
2.936505E+2	1.148662E+0
2.939147E+2	1.203307E+0
2.941789E+2	1.290738E+0
2.944431E+2	1.356312E+0
2.947072E+2	1.454673E+0
2.949714E+2	1.394564E+0
2.952356E+2	1.175984E+0
2.954997E+2	1.410957E+0
2.957639E+2	1.503853E+0
2.960280E+2	1.580356E+0
2.962922E+2	1.345383E+0
2.965563E+2	1.268880E+0
2.968204E+2	1.028443E+0
2.970845E+2	8.863668E-1
2.973486E+2	4.656018E-1
2.976127E+2	3.945635E-1
2.978768E+2	5.366400E-1
2.981409E+2	4.054925E-1
2.984050E+2	1.595909E-1
2.986691E+2	1.322685E-1
2.989331E+2	3.617767E-1
2.991972E+2	5.475690E-1
2.994612E+2	7.278969E-1
2.997253E+2	8.918313E-1
2.999893E+2	1.170520E+0
3.002534E+2	1.416421E+0
3.005174E+2	1.410957E+0
3.007814E+2	1.165055E+0
3.010454E+2	9.519406E-1
3.013094E+2	8.317220E-1
3.015734E+2	8.481155E-1
3.018374E+2	1.039372E+0
3.021013E+2	1.197842E+0
3.023653E+2	1.192378E+0
3.026293E+2	1.121339E+0
3.028932E+2	8.645089E-1
3.031572E+2	9.246182E-1
3.034211E+2	8.043996E-1
3.036850E+2	8.481155E-1
3.039489E+2	9.300827E-1
3.042129E+2	1.039372E+0
3.044768E+2	1.094017E+0
3.047407E+2	1.066695E+0
3.050046E+2	9.956564E-1
3.052685E+2	1.110411E+0
3.055323E+2	1.236094E+0
3.057962E+2	9.574051E-1
3.060601E+2	9.792630E-1
3.063239E+2	9.464761E-1
3.065878E+2	1.175984E+0
3.068516E+2	8.317220E-1
3.071155E+2	7.770772E-1
3.073793E+2	7.497548E-1
3.076431E+2	3.945635E-1
3.079069E+2	6.022138E-1
3.081707E+2	3.945635E-1
3.084345E+2	4.164215E-1
3.086983E+2	4.546728E-1
3.089621E+2	3.235253E-1
3.092259E+2	2.306291E-1
3.094896E+2	5.147821E-1
3.097534E+2	6.295362E-1
3.100171E+2	6.186073E-1
3.102809E+2	2.415581E-1
3.105446E+2	3.508477E-1
3.108084E+2	3.016674E-1
3.110721E+2	3.617767E-1
3.113358E+2	6.240717E-1
3.115995E+2	6.295362E-1
3.118632E+2	4.437439E-1
3.121269E+2	5.912849E-1
3.123906E+2	7.169679E-1
3.126543E+2	8.317220E-1
3.129179E+2	7.115034E-1
3.131816E+2	9.847275E-1
3.134453E+2	9.792630E-1
3.137089E+2	7.989351E-1
3.139725E+2	7.278969E-1
3.142362E+2	6.841810E-1
3.144998E+2	5.748914E-1
3.147634E+2	5.748914E-1
3.150270E+2	6.513941E-1
3.152906E+2	6.240717E-1
3.155542E+2	9.191537E-1
3.158178E+2	8.699734E-1
3.160814E+2	8.371865E-1
3.163450E+2	9.792630E-1
3.166086E+2	1.328990E+0
3.168721E+2	1.569427E+0
3.171357E+2	1.569427E+0
3.173992E+2	1.771613E+0
3.176627E+2	1.771613E+0
3.179263E+2	1.563962E+0
3.181898E+2	1.624072E+0
3.184533E+2	1.645930E+0
3.187168E+2	2.022979E+0
3.189803E+2	2.159591E+0
3.192438E+2	2.186913E+0
3.195073E+2	2.274345E+0
3.197708E+2	2.481995E+0
3.200342E+2	2.378170E+0
3.202977E+2	2.487460E+0
3.205612E+2	2.635001E+0
3.208246E+2	2.722432E+0
3.210881E+2	2.766148E+0
3.213515E+2	2.837186E+0
3.216149E+2	2.760684E+0
3.218783E+2	2.809864E+0
3.221417E+2	2.864509E+0
3.224051E+2	2.897296E+0
3.226685E+2	2.722432E+0
3.229319E+2	2.645930E+0
3.231953E+2	2.547569E+0
3.234587E+2	2.154126E+0
3.237221E+2	1.941012E+0
3.239854E+2	1.962870E+0
3.242488E+2	2.143197E+0
3.245121E+2	2.077624E+0
3.247754E+2	2.077624E+0
3.250388E+2	2.230629E+0
3.253021E+2	2.416421E+0
3.255654E+2	2.339919E+0
3.258287E+2	2.454673E+0
3.260920E+2	2.350848E+0
3.263553E+2	2.711503E+0
3.266186E+2	2.449208E+0
3.268819E+2	2.520247E+0
3.271451E+2	2.574891E+0
3.274084E+2	2.613143E+0
3.276717E+2	2.651394E+0
3.279349E+2	2.831722E+0
3.281981E+2	2.678717E+0
3.284614E+2	2.635001E+0
3.287246E+2	2.602214E+0
3.289878E+2	2.941012E+0
3.292510E+2	2.798935E+0
3.295142E+2	3.143197E+0
3.297774E+2	3.318061E+0
3.300406E+2	3.301667E+0
3.303038E+2	3.372706E+0
3.305670E+2	3.580356E+0
3.308301E+2	3.711503E+0
3.310933E+2	3.656859E+0
3.313564E+2	3.596749E+0
3.316196E+2	3.394564E+0
3.318827E+2	3.645930E+0
3.321458E+2	3.449208E+0
3.324089E+2	3.454673E+0
3.326721E+2	3.230629E+0
3.329352E+2	3.104946E+0
3.331983E+2	3.137733E+0
3.334614E+2	3.230629E+0
3.337244E+2	3.290738E+0
3.339875E+2	3.339919E+0
3.342506E+2	3.012050E+0
3.345136E+2	3.132268E+0
3.347767E+2	2.788006E+0
3.350397E+2	2.481995E+0
3.353028E+2	2.563962E+0
3.355658E+2	2.645930E+0
3.358288E+2	2.629536E+0
3.360918E+2	2.689646E+0
3.363548E+2	2.837186E+0
3.366178E+2	2.613143E+0
3.368808E+2	2.591285E+0
3.371438E+2	2.350848E+0
3.374068E+2	2.039372E+0
3.376698E+2	1.864509E+0
3.379327E+2	2.044837E+0
3.381957E+2	1.738826E+0
3.384586E+2	1.509318E+0
3.387216E+2	1.618607E+0
3.389845E+2	1.656859E+0
3.392474E+2	1.585820E+0
3.395103E+2	1.864509E+0
3.397733E+2	2.203307E+0
3.400362E+2	2.083088E+0
3.402990E+2	2.039372E+0
3.405619E+2	2.083088E+0
3.408248E+2	2.099482E+0
3.410877E+2	1.902760E+0
3.413506E+2	1.842651E+0
3.416134E+2	1.656859E+0
3.418763E+2	1.492924E+0
3.421391E+2	1.580356E+0
3.424019E+2	1.400028E+0
3.426648E+2	1.192378E+0
3.429276E+2	1.219700E+0
3.431904E+2	1.159591E+0
3.434532E+2	1.001121E+0
3.437160E+2	1.137733E+0
3.439788E+2	1.055766E+0
3.442416E+2	8.972958E-1
3.445043E+2	1.066695E+0
3.447671E+2	9.847275E-1
3.450299E+2	8.481155E-1
3.452926E+2	6.841810E-1
3.455554E+2	7.005745E-1
3.458181E+2	6.350007E-1
3.460808E+2	5.639624E-1
3.463436E+2	8.699734E-1
3.466063E+2	7.333614E-1
3.468690E+2	4.382794E-1
3.471317E+2	1.923777E-1
3.473944E+2	2.251646E-1
3.476570E+2	5.311756E-1
3.479197E+2	2.415581E-1
3.481824E+2	3.945635E-1
3.484451E+2	7.762365E-2
3.487077E+2	1.049461E-1
3.489704E+2	-1.846714E-1
3.492330E+2	-8.631077E-2
3.494956E+2	-1.573490E-1
3.497582E+2	1.120919E-3
3.500209E+2	5.030125E-2
3.502835E+2	4.054925E-1
3.505461E+2	1.869133E-1
3.508087E+2	3.836346E-1
3.510713E+2	5.421045E-1
3.513338E+2	3.617767E-1
3.515964E+2	2.743450E-1
3.518590E+2	1.049461E-1
3.521215E+2	-6.991733E-2
3.523841E+2	-4.087151E-1
3.526466E+2	-2.611742E-1
3.529091E+2	-5.352389E-2
3.531717E+2	-2.073700E-2
3.534342E+2	4.437439E-1
3.536967E+2	5.858204E-1
3.539592E+2	3.617767E-1
3.542217E+2	4.382794E-1
3.544842E+2	8.535799E-1
3.547467E+2	8.043996E-1
3.550091E+2	8.098641E-1
3.552716E+2	9.410116E-1
3.555341E+2	1.017514E+0
3.557965E+2	8.590444E-1
3.560590E+2	1.061230E+0
3.563214E+2	1.083088E+0
3.565838E+2	9.027603E-1
3.568462E+2	8.262575E-1
3.571086E+2	8.207931E-1
3.573711E+2	7.716127E-1
3.576335E+2	1.039372E+0
3.578958E+2	9.574051E-1
3.581582E+2	9.737985E-1
3.584206E+2	8.535799E-1
3.586830E+2	1.257952E+0
3.589453E+2	1.055766E+0
3.592077E+2	9.737985E-1
3.594700E+2	1.115875E+0
3.597324E+2	1.208771E+0
3.599947E+2	1.044837E+0
3.602570E+2	1.372706E+0
3.605193E+2	1.301667E+0
3.607816E+2	1.383635E+0
3.610439E+2	1.525711E+0
3.613062E+2	1.613143E+0
3.615685E+2	1.296203E+0
3.618308E+2	1.476531E+0
3.620930E+2	1.722432E+0
3.623553E+2	1.498389E+0
3.626176E+2	1.771613E+0
3.628798E+2	2.181449E+0
3.631420E+2	2.099482E+0
3.634043E+2	1.957405E+0
3.636665E+2	2.028443E+0
3.639287E+2	2.143197E+0
3.641909E+2	2.170520E+0
3.644531E+2	2.454673E+0
3.647153E+2	2.378170E+0
3.649775E+2	2.607678E+0
3.652397E+2	2.689646E+0
3.655018E+2	2.410957E+0
3.657640E+2	2.241558E+0
3.660262E+2	2.279809E+0
3.662883E+2	2.186913E+0
3.665505E+2	2.405493E+0
3.668126E+2	2.099482E+0
3.670747E+2	1.935547E+0
3.673368E+2	1.875438E+0
3.675989E+2	1.941012E+0
3.678610E+2	2.033908E+0
3.681231E+2	2.241558E+0
3.683852E+2	2.383635E+0
3.686473E+2	2.454673E+0
3.689094E+2	2.307132E+0
3.691714E+2	2.460137E+0
3.694335E+2	2.214236E+0
3.696955E+2	2.236094E+0
3.699576E+2	2.509318E+0
3.702196E+2	2.553033E+0
3.704816E+2	2.487460E+0
3.707437E+2	2.503853E+0
3.710057E+2	2.618607E+0
3.712677E+2	2.711503E+0
3.715297E+2	2.421886E+0
3.717917E+2	2.569427E+0
3.720536E+2	2.492924E+0
3.723156E+2	2.514782E+0
3.725776E+2	2.727897E+0
3.728395E+2	2.788006E+0
3.731015E+2	2.908225E+0
3.733634E+2	3.154126E+0
3.736254E+2	3.006585E+0
3.738873E+2	3.017514E+0
3.741492E+2	3.017514E+0
3.744111E+2	2.984727E+0
3.746730E+2	2.689646E+0
3.749349E+2	2.891831E+0
3.751968E+2	3.077624E+0
3.754587E+2	2.880902E+0
3.757206E+2	2.711503E+0
3.759824E+2	2.957405E+0
3.762443E+2	2.935547E+0
3.765061E+2	2.891831E+0
3.767680E+2	2.897296E+0
3.770298E+2	2.645930E+0
3.772916E+2	2.547569E+0
3.775535E+2	2.569427E+0
3.778153E+2	2.465602E+0
3.780771E+2	2.083088E+0
3.783389E+2	2.132268E+0
3.786007E+2	2.230629E+0
3.788624E+2	1.875438E+0
3.791242E+2	2.088553E+0
3.793860E+2	2.279809E+0
3.796477E+2	2.170520E+0
3.799095E+2	2.214236E+0
3.801712E+2	2.416421E+0
3.804330E+2	2.465602E+0
3.806947E+2	2.820793E+0
3.809564E+2	3.022979E+0
3.812181E+2	2.864509E+0
3.814798E+2	3.033908E+0
3.817415E+2	3.301667E+0
3.820032E+2	3.460137E+0
3.822649E+2	3.378170E+0
3.825266E+2	3.290738E+0
3.827883E+2	3.618607E+0
3.830499E+2	3.869973E+0
3.833116E+2	4.028443E+0
3.835732E+2	3.990192E+0
3.838348E+2	3.979263E+0
3.840965E+2	4.028443E+0
3.843581E+2	4.203307E+0
3.846197E+2	4.247023E+0
3.848813E+2	4.443744E+0
3.851429E+2	4.372706E+0
3.854045E+2	4.334454E+0
3.856661E+2	4.443744E+0
3.859277E+2	4.558498E+0
3.861892E+2	4.684181E+0
3.864508E+2	4.640465E+0
3.867124E+2	4.509318E+0
3.869739E+2	4.547569E+0
3.872354E+2	4.498389E+0
3.874970E+2	4.842651E+0
3.877585E+2	4.951941E+0
3.880200E+2	4.886367E+0
3.882815E+2	5.143197E+0
3.885430E+2	5.252487E+0
3.888045E+2	5.301667E+0
3.890660E+2	5.247023E+0
3.893275E+2	4.908225E+0
3.895889E+2	4.984727E+0
3.898504E+2	5.022979E+0
3.901118E+2	4.962870E+0
3.903733E+2	5.159591E+0
3.906347E+2	5.143197E+0
3.908962E+2	5.050301E+0
3.911576E+2	4.984727E+0
3.914190E+2	5.099482E+0
3.916804E+2	5.088553E+0
3.919418E+2	4.946476E+0
3.922032E+2	4.793471E+0
3.924646E+2	4.853580E+0
3.927260E+2	4.733361E+0
3.929873E+2	4.700574E+0
3.932487E+2	4.716968E+0
3.935100E+2	4.722432E+0
3.937714E+2	4.793471E+0
3.940327E+2	4.973799E+0
3.942941E+2	4.886367E+0
3.945554E+2	4.651394E+0
3.948167E+2	4.804400E+0
3.950780E+2	4.891831E+0
3.953393E+2	4.968334E+0
3.956006E+2	5.197842E+0
3.958619E+2	5.055766E+0
3.961232E+2	4.711503E+0
3.963844E+2	4.837186E+0
3.966457E+2	4.460137E+0
3.969069E+2	4.378170E+0
3.971682E+2	4.443744E+0
3.974294E+2	4.509318E+0
3.976907E+2	4.465602E+0
3.979519E+2	4.252487E+0
3.982131E+2	4.290738E+0
3.984743E+2	4.236094E+0
3.987355E+2	4.017514E+0
3.989967E+2	4.094017E+0
3.992579E+2	3.875438E+0
3.995191E+2	3.744290E+0
3.997802E+2	3.400028E+0
4.000414E+2	3.268880E+0
4.003025E+2	3.033908E+0
4.005637E+2	2.908225E+0
4.008248E+2	3.017514E+0
4.010860E+2	3.110411E+0
4.013471E+2	3.197842E+0
4.016082E+2	2.919154E+0
4.018693E+2	2.793471E+0
4.021304E+2	2.782542E+0
4.023915E+2	2.864509E+0
4.026526E+2	3.181449E+0
4.029137E+2	3.263416E+0
4.031747E+2	3.383635E+0
4.034358E+2	3.165055E+0
4.036968E+2	2.891831E+0
4.039579E+2	3.061230E+0
4.042189E+2	2.738826E+0
4.044800E+2	2.624072E+0
4.047410E+2	2.602214E+0
4.050020E+2	2.684181E+0
4.052630E+2	2.706039E+0
4.055240E+2	2.607678E+0
4.057850E+2	2.771613E+0
4.060460E+2	3.088553E+0
4.063070E+2	2.968334E+0
4.065679E+2	2.968334E+0
4.068289E+2	2.875438E+0
4.070898E+2	2.848115E+0
4.073508E+2	2.673252E+0
4.076117E+2	2.531176E+0
4.078727E+2	2.460137E+0
4.081336E+2	2.514782E+0
4.083945E+2	2.580356E+0
4.086554E+2	2.733361E+0
4.089163E+2	2.984727E+0
4.091772E+2	3.104946E+0
4.094381E+2	3.214236E+0
4.096990E+2	3.285274E+0
4.099598E+2	3.673252E+0
4.102207E+2	3.826258E+0
4.104815E+2	3.908225E+0
4.107424E+2	3.864509E+0
4.110032E+2	3.859044E+0
4.112640E+2	3.449208E+0
4.115249E+2	3.022979E+0
4.117857E+2	3.192378E+0
4.120465E+2	3.274345E+0
4.123073E+2	3.137733E+0
4.125681E+2	3.492924E+0
4.128289E+2	3.378170E+0
4.130896E+2	3.454673E+0
4.133504E+2	3.197842E+0
4.136112E+2	3.061230E+0
4.138719E+2	3.022979E+0
4.141327E+2	3.132268E+0
4.143934E+2	3.033908E+0
4.146541E+2	3.175984E+0
4.149149E+2	3.214236E+0
4.151756E+2	3.471066E+0
4.154363E+2	3.432815E+0
4.156970E+2	3.804400E+0
4.159577E+2	3.913689E+0
4.162184E+2	3.957405E+0
4.164790E+2	3.962870E+0
4.167397E+2	3.487460E+0
4.170004E+2	3.252487E+0
4.172610E+2	3.263416E+0
4.175217E+2	3.531176E+0
4.177823E+2	3.389099E+0
4.180429E+2	3.492924E+0
4.183035E+2	3.536640E+0
4.185642E+2	3.471066E+0
4.188248E+2	3.356312E+0
4.190854E+2	3.165055E+0
4.193459E+2	3.585820E+0
4.196065E+2	4.110411E+0
4.198671E+2	3.869973E+0
4.201277E+2	3.771613E+0
4.203882E+2	3.591285E+0
4.206488E+2	3.886367E+0
4.209093E+2	3.930083E+0
4.211699E+2	3.842651E+0
4.214304E+2	3.716968E+0
4.216909E+2	3.695110E+0
4.219514E+2	3.383635E+0
4.222119E+2	3.624072E+0
4.224724E+2	3.798935E+0
4.227329E+2	3.859044E+0
4.229934E+2	3.809864E+0
4.232539E+2	3.995656E+0
4.235143E+2	4.083088E+0
4.237748E+2	4.186913E+0
4.240352E+2	4.225165E+0
4.242957E+2	4.132268E+0
4.245561E+2	4.389099E+0
4.248166E+2	4.585820E+0
4.250770E+2	4.531176E+0
4.253374E+2	4.558498E+0
4.255978E+2	4.673252E+0
4.258582E+2	4.553033E+0
4.261186E+2	4.378170E+0
4.263790E+2	4.312596E+0
4.266393E+2	4.449208E+0
4.268997E+2	4.274345E+0
4.271600E+2	4.531176E+0
4.274204E+2	4.837186E+0
4.276807E+2	4.853580E+0
4.279411E+2	4.842651E+0
4.282014E+2	4.859044E+0
4.284617E+2	4.574891E+0
4.287220E+2	4.596749E+0
4.289823E+2	4.361777E+0
4.292426E+2	4.410957E+0
4.295029E+2	4.372706E+0
4.297632E+2	4.318061E+0
4.300235E+2	4.416421E+0
4.302837E+2	4.793471E+0
4.305440E+2	4.815329E+0
4.308042E+2	4.891831E+0
4.310645E+2	4.990192E+0
4.313247E+2	5.334454E+0
4.315849E+2	5.061230E+0
4.318451E+2	4.984727E+0
4.321054E+2	5.148662E+0
4.323656E+2	5.126804E+0
4.326258E+2	5.378170E+0
4.328859E+2	5.525711E+0
4.331461E+2	5.378170E+0
4.334063E+2	5.460137E+0
4.336665E+2	5.503853E+0
4.339266E+2	5.569427E+0
4.341868E+2	5.361777E+0
4.344469E+2	5.307132E+0
4.347070E+2	5.186913E+0
4.349671E+2	5.197842E+0
4.352273E+2	4.979263E+0
4.354874E+2	4.580356E+0
4.357475E+2	4.930083E+0
4.360076E+2	5.154126E+0
4.362677E+2	5.372706E+0
4.365277E+2	5.186913E+0
4.367878E+2	5.137733E+0
4.370479E+2	5.449208E+0
4.373079E+2	5.875438E+0
4.375680E+2	6.012050E+0
4.378280E+2	6.350848E+0
4.380880E+2	6.350848E+0
4.383480E+2	6.465602E+0
4.386081E+2	6.684181E+0
4.388681E+2	7.170520E+0
4.391281E+2	7.208771E+0
4.393881E+2	7.241558E+0
4.396480E+2	7.361777E+0
4.399080E+2	7.602214E+0
4.401680E+2	7.771613E+0
4.404279E+2	7.711503E+0
4.406879E+2	7.602214E+0
4.409478E+2	7.815329E+0
4.412078E+2	7.979263E+0
4.414677E+2	7.984727E+0
4.417276E+2	7.853580E+0
4.419875E+2	8.356312E+0
4.422474E+2	8.481995E+0
4.425073E+2	8.498389E+0
4.427672E+2	8.782542E+0
4.430271E+2	9.028443E+0
4.432870E+2	9.044837E+0
4.435469E+2	8.957405E+0
4.438067E+2	9.044837E+0
4.440666E+2	9.186913E+0
4.443264E+2	9.186913E+0
4.445862E+2	9.296203E+0
4.448461E+2	9.525711E+0
4.451059E+2	9.990192E+0
4.453657E+2	1.032353E+1
4.456255E+2	1.058036E+1
4.458853E+2	1.060221E+1
4.461451E+2	1.060221E+1
4.464049E+2	1.073883E+1
4.466646E+2	1.068965E+1
4.469244E+2	1.069511E+1
4.471842E+2	1.060768E+1
4.474439E+2	1.088637E+1
4.477036E+2	1.132353E+1
4.479634E+2	1.141096E+1
4.482231E+2	1.162954E+1
4.484828E+2	1.164593E+1
4.487425E+2	1.197380E+1
4.490022E+2	1.232899E+1
4.492619E+2	1.225249E+1
4.495216E+2	1.248200E+1
4.497813E+2	1.242189E+1
4.500410E+2	1.254757E+1
4.503006E+2	1.266779E+1
4.505603E+2	1.317598E+1
4.508199E+2	1.356943E+1
4.510796E+2	1.363500E+1
4.513392E+2	1.395194E+1
4.515988E+2	1.397926E+1
4.518584E+2	1.415959E+1
4.521180E+2	1.446014E+1
4.523776E+2	1.462407E+1
4.526372E+2	1.476068E+1
4.528968E+2	1.496287E+1
4.531564E+2	1.494648E+1
4.534160E+2	1.520331E+1
4.536755E+2	1.530167E+1
4.539351E+2	1.560221E+1
4.541946E+2	1.571697E+1
4.544541E+2	1.577161E+1
4.547137E+2	1.559128E+1
4.549732E+2	1.612134E+1
4.552327E+2	1.638910E+1
4.554922E+2	1.630713E+1
4.557517E+2	1.635085E+1
4.560112E+2	1.646014E+1
4.562707E+2	1.658582E+1
4.565302E+2	1.655850E+1
4.567896E+2	1.683172E+1
4.570491E+2	1.705577E+1
4.573085E+2	1.724702E+1
4.575680E+2	1.751478E+1
4.578274E+2	1.743828E+1
4.580868E+2	1.770057E+1
4.583463E+2	1.804484E+1
4.586057E+2	1.812680E+1
4.588651E+2	1.847653E+1
4.591245E+2	1.861314E+1
4.593838E+2	1.917598E+1
4.596432E+2	1.964593E+1
4.599026E+2	1.999019E+1
4.601620E+2	2.046560E+1
4.604213E+2	2.089730E+1
4.606807E+2	2.123063E+1
4.609400E+2	2.137271E+1
4.611993E+2	2.138363E+1
4.614587E+2	2.179347E+1
4.617180E+2	2.214866E+1
4.619773E+2	2.229620E+1
4.622366E+2	2.266779E+1
4.624959E+2	2.348200E+1
4.627552E+2	2.380440E+1
4.630144E+2	2.414320E+1
4.632737E+2	2.444921E+1
4.635330E+2	2.456943E+1
4.637922E+2	2.507216E+1
4.640515E+2	2.560768E+1
4.643107E+2	2.609948E+1
4.645699E+2	2.636178E+1
4.648292E+2	2.670057E+1
4.650884E+2	2.724156E+1
4.653476E+2	2.771150E+1
4.656068E+2	2.840003E+1
4.658660E+2	2.891369E+1
4.661251E+2	2.942735E+1
4.663843E+2	2.948200E+1
4.666435E+2	2.959128E+1
4.669026E+2	3.045467E+1
4.671618E+2	3.088090E+1
4.674209E+2	3.115959E+1
4.676801E+2	3.154757E+1
4.679392E+2	3.170057E+1
4.681983E+2	3.222516E+1
4.684574E+2	3.294101E+1
4.687165E+2	3.356396E+1
4.689756E+2	3.405577E+1
4.692347E+2	3.429620E+1
4.694938E+2	3.465686E+1
4.697529E+2	3.502844E+1
4.700119E+2	3.535085E+1
4.702710E+2	3.568418E+1
4.705300E+2	3.626888E+1
4.707891E+2	3.640549E+1
4.710481E+2	3.684812E+1
4.713071E+2	3.785358E+1
4.715661E+2	3.844921E+1
4.718252E+2	3.886451E+1
4.720842E+2	3.920877E+1
4.723431E+2	4.000112E+1
4.726021E+2	4.027981E+1
4.728611E+2	4.072243E+1
4.731201E+2	4.119238E+1
4.733790E+2	4.188637E+1
4.736380E+2	4.242189E+1
4.738969E+2	4.291915E+1
4.741559E+2	4.336724E+1
4.744148E+2	4.424702E+1
4.746737E+2	4.482626E+1
4.749326E+2	4.562954E+1
4.751915E+2	4.597380E+1
4.754504E+2	4.641642E+1
4.757093E+2	4.702298E+1
4.759682E+2	4.752571E+1
4.762271E+2	4.795741E+1
4.764859E+2	4.848200E+1
4.767448E+2	4.906669E+1
4.770037E+2	4.976068E+1
4.772625E+2	5.038910E+1
4.775213E+2	5.067872E+1
4.777802E+2	5.132899E+1
4.780390E+2	5.167325E+1
4.782978E+2	5.165139E+1
4.785566E+2	5.212680E+1
4.788154E+2	5.269511E+1
4.790742E+2	5.333992E+1
4.793329E+2	5.406123E+1
4.795917E+2	5.446014E+1
4.798505E+2	5.461861E+1
4.801092E+2	5.491369E+1
4.803680E+2	5.537817E+1
4.806267E+2	5.572790E+1
4.808854E+2	5.610495E+1
4.811442E+2	5.641642E+1
4.814029E+2	5.666232E+1
4.816616E+2	5.723609E+1
4.819203E+2	5.765139E+1
4.821790E+2	5.843281E+1
4.824377E+2	5.925249E+1
4.826963E+2	5.941096E+1
4.829550E+2	5.980440E+1
4.832137E+2	6.050932E+1
4.834723E+2	6.110495E+1
4.837310E+2	6.194648E+1
4.839896E+2	6.244374E+1
4.842482E+2	6.290822E+1
4.845068E+2	6.326342E+1
4.847655E+2	6.393555E+1
4.850241E+2	6.418691E+1
4.852827E+2	6.469511E+1
4.855412E+2	6.499019E+1
4.857998E+2	6.574975E+1
4.860584E+2	6.652025E+1
4.863170E+2	6.712134E+1
4.865755E+2	6.791369E+1
4.868341E+2	6.853664E+1
4.870926E+2	6.883172E+1
4.873511E+2	6.936178E+1
4.876097E+2	7.024156E+1
4.878682E+2	7.113227E+1
4.881267E+2	7.184265E+1
4.883852E+2	7.274975E+1
4.886437E+2	7.353118E+1
4.889022E+2	7.420877E+1
4.891606E+2	7.472243E+1
4.894191E+2	7.546014E+1
4.896776E+2	7.639456E+1
4.899360E+2	7.720877E+1
4.901945E+2	7.752025E+1
4.904529E+2	7.793008E+1
4.907113E+2	7.811041E+1
4.909697E+2	7.909948E+1
4.912282E+2	8.017052E+1
4.914866E+2	8.089730E+1
4.917450E+2	8.152025E+1
4.920034E+2	8.235631E+1
4.922617E+2	8.284265E+1
4.925201E+2	8.365686E+1
4.927785E+2	8.446560E+1
4.930368E+2	8.508855E+1
4.932952E+2	8.604484E+1
4.935535E+2	8.703937E+1
4.938118E+2	8.804484E+1
4.940702E+2	8.920877E+1
4.943285E+2	9.005030E+1
4.945868E+2	9.093555E+1
4.948451E+2	9.197380E+1
4.951034E+2	9.280440E+1
4.953617E+2	9.386451E+1
4.956200E+2	9.494101E+1
4.958782E+2	9.615413E+1
4.961365E+2	9.750385E+1
4.963947E+2	9.860221E+1
4.966530E+2	9.967872E+1
4.969112E+2	1.008099E+2
4.971694E+2	1.019355E+2
4.974277E+2	1.029465E+2
4.976859E+2	1.038973E+2
4.979441E+2	1.048153E+2
4.982023E+2	1.059028E+2
4.984605E+2	1.070722E+2
4.987187E+2	1.082689E+2
4.989768E+2	1.092907E+2
4.992350E+2	1.104656E+2
4.994931E+2	1.114110E+2
4.997513E+2	1.125148E+2
5.000094E+2	1.137552E+2
5.002676E+2	1.147825E+2
5.005257E+2	1.158590E+2
5.007838E+2	1.175039E+2
5.010419E+2	1.188481E+2
5.013000E+2	1.205476E+2
5.015581E+2	1.219192E+2
5.018162E+2	1.232416E+2
5.020743E+2	1.246842E+2
5.023323E+2	1.260284E+2
5.025904E+2	1.275312E+2
5.028485E+2	1.292142E+2
5.031065E+2	1.307935E+2
5.033645E+2	1.322361E+2
5.036226E+2	1.337006E+2
5.038806E+2	1.351924E+2
5.041386E+2	1.366842E+2
5.043966E+2	1.381596E+2
5.046546E+2	1.399355E+2
5.049126E+2	1.417060E+2
5.051706E+2	1.436459E+2
5.054285E+2	1.454875E+2
5.056865E+2	1.474000E+2
5.059445E+2	1.495913E+2
5.062024E+2	1.515913E+2
5.064604E+2	1.539137E+2
5.067183E+2	1.556787E+2
5.069762E+2	1.577771E+2
5.072341E+2	1.595967E+2
5.074920E+2	1.620066E+2
5.077499E+2	1.640722E+2
5.080078E+2	1.667552E+2
5.082657E+2	1.686951E+2
5.085236E+2	1.708754E+2
5.087815E+2	1.734055E+2
5.090393E+2	1.758044E+2
5.092972E+2	1.780230E+2
5.095550E+2	1.804601E+2
5.098129E+2	1.826131E+2
5.100707E+2	1.848918E+2
5.103285E+2	1.875202E+2
5.105863E+2	1.899957E+2
5.108441E+2	1.923017E+2
5.111019E+2	1.947279E+2
5.113597E+2	1.972853E+2
5.116175E+2	1.999301E+2
5.118753E+2	2.023126E+2
5.121330E+2	2.053181E+2
5.123908E+2	2.080612E+2
5.126485E+2	2.108590E+2
5.129063E+2	2.137552E+2
5.131640E+2	2.167989E+2
5.134217E+2	2.200558E+2
5.136794E+2	2.235039E+2
5.139371E+2	2.265148E+2
5.141948E+2	2.298536E+2
5.144525E+2	2.330940E+2
5.147102E+2	2.365694E+2
5.149679E+2	2.400284E+2
5.152256E+2	2.436514E+2
5.154832E+2	2.472580E+2
5.157409E+2	2.510120E+2
5.159985E+2	2.551159E+2
5.162562E+2	2.587279E+2
5.165138E+2	2.623290E+2
5.167714E+2	2.661377E+2
5.170290E+2	2.700284E+2
5.172866E+2	2.741268E+2
5.175442E+2	2.780284E+2
5.178018E+2	2.819957E+2
5.180594E+2	2.857661E+2
5.183170E+2	2.897771E+2
5.185745E+2	2.936678E+2
5.188321E+2	2.976295E+2
5.190896E+2	3.018973E+2
5.193472E+2	3.062361E+2
5.196047E+2	3.103946E+2
5.198622E+2	3.145585E+2
5.201197E+2	3.188918E+2
5.203772E+2	3.232743E+2
5.206347E+2	3.277989E+2
5.208922E+2	3.321651E+2
5.211497E+2	3.362962E+2
5.214072E+2	3.407224E+2
5.216646E+2	3.453017E+2
5.219221E+2	3.501159E+2
5.221795E+2	3.549355E+2
5.224370E+2	3.598481E+2
5.226944E+2	3.642361E+2
5.229519E+2	3.695530E+2
5.232093E+2	3.744765E+2
5.234667E+2	3.796733E+2
5.237241E+2	3.846295E+2
5.239815E+2	3.899683E+2
5.242389E+2	3.952470E+2
5.244962E+2	3.999957E+2
5.247536E+2	4.052306E+2
5.250110E+2	4.108590E+2
5.252683E+2	4.163345E+2
5.255257E+2	4.217771E+2
5.257830E+2	4.278918E+2
5.260403E+2	4.338317E+2
5.262977E+2	4.394601E+2
5.265550E+2	4.454820E+2
5.268123E+2	4.512962E+2
5.270696E+2	4.575312E+2
5.273269E+2	4.641268E+2
5.275841E+2	4.705585E+2
5.278414E+2	4.767935E+2
5.280987E+2	4.830776E+2
5.283559E+2	4.898427E+2
5.286132E+2	4.965694E+2
5.288704E+2	5.030503E+2
5.291276E+2	5.097006E+2
5.293849E+2	5.163181E+2
5.296421E+2	5.231432E+2
5.298993E+2	5.298372E+2
5.301565E+2	5.369301E+2
5.304137E+2	5.437170E+2
5.306709E+2	5.503290E+2
5.309280E+2	5.575257E+2
5.311852E+2	5.646733E+2
5.314424E+2	5.713508E+2
5.316995E+2	5.783618E+2
5.319567E+2	5.858481E+2
5.322138E+2	5.935694E+2
5.324709E+2	6.012470E+2
5.327280E+2	6.090776E+2
5.329852E+2	6.167661E+2
5.332423E+2	6.246787E+2
5.334994E+2	6.326186E+2
5.337564E+2	6.412470E+2
5.340135E+2	6.496514E+2
5.342706E+2	6.580722E+2
5.345276E+2	6.668208E+2
5.347847E+2	6.753782E+2
5.350417E+2	6.835804E+2
5.352988E+2	6.923454E+2
5.355558E+2	7.017388E+2
5.358128E+2	7.108208E+2
5.360698E+2	7.198536E+2
5.363269E+2	7.285967E+2
5.365839E+2	7.381924E+2
5.368408E+2	7.477552E+2
5.370978E+2	7.573071E+2
5.373548E+2	7.667989E+2
5.376118E+2	7.766131E+2
5.378687E+2	7.864274E+2
5.381257E+2	7.964929E+2
5.383826E+2	8.064328E+2
5.386395E+2	8.165148E+2
5.388965E+2	8.267771E+2
5.391534E+2	8.370230E+2
5.394103E+2	8.477880E+2
5.396672E+2	8.586514E+2
5.399241E+2	8.694547E+2
5.401810E+2	8.806131E+2
5.404378E+2	8.918754E+2
5.406947E+2	9.024820E+2
5.409516E+2	9.140503E+2
5.412084E+2	9.258208E+2
5.414653E+2	9.370066E+2
5.417221E+2	9.482142E+2
5.419789E+2	9.602306E+2
5.422357E+2	9.715804E+2
5.424925E+2	9.835202E+2
5.427493E+2	9.954437E+2
5.430061E+2	1.007001E+3
5.432629E+2	1.018936E+3
5.435197E+2	1.031149E+3
5.437765E+2	1.043783E+3
5.440332E+2	1.056378E+3
5.442900E+2	1.068728E+3
5.445467E+2	1.081509E+3
5.448035E+2	1.094531E+3
5.450602E+2	1.107630E+3
5.453169E+2	1.120804E+3
5.455736E+2	1.133886E+3
5.458303E+2	1.147296E+3
5.460870E+2	1.160804E+3
5.463437E+2	1.174553E+3
5.466004E+2	1.187897E+3
5.468571E+2	1.201733E+3
5.471137E+2	1.216247E+3
5.473704E+2	1.230619E+3
5.476270E+2	1.245712E+3
5.478837E+2	1.260110E+3
5.481403E+2	1.274843E+3
5.483969E+2	1.289318E+3
5.486535E+2	1.303979E+3
5.489101E+2	1.319067E+3
5.491667E+2	1.333717E+3
5.494233E+2	1.348247E+3
5.496799E+2	1.363438E+3
5.499365E+2	1.378870E+3
5.501931E+2	1.393854E+3
5.504496E+2	1.409296E+3
5.507062E+2	1.426045E+3
5.509627E+2	1.441821E+3
5.512192E+2	1.458165E+3
5.514758E+2	1.474684E+3
5.517323E+2	1.491340E+3
5.519888E+2	1.508236E+3
5.522453E+2	1.524477E+3
5.525018E+2	1.541395E+3
5.527583E+2	1.558793E+3
5.530147E+2	1.576165E+3
5.532712E+2	1.593826E+3
5.535277E+2	1.611329E+3
5.537841E+2	1.628548E+3
5.540406E+2	1.646061E+3
5.542970E+2	1.663739E+3
5.545534E+2	1.681722E+3
5.548098E+2	1.700067E+3
5.550663E+2	1.718001E+3
5.553227E+2	1.736498E+3
5.555791E+2	1.755198E+3
5.558354E+2	1.774553E+3
5.560918E+2	1.793586E+3
5.563482E+2	1.813974E+3
5.566046E+2	1.833083E+3
5.568609E+2	1.853028E+3
5.571173E+2	1.872810E+3
5.573736E+2	1.893078E+3
5.576299E+2	1.912772E+3
5.578862E+2	1.933553E+3
5.581426E+2	1.954460E+3
5.583989E+2	1.975039E+3
5.586552E+2	1.995755E+3
5.589114E+2	2.017039E+3
5.591677E+2	2.037619E+3
5.594240E+2	2.058438E+3
5.596803E+2	2.079569E+3
5.599365E+2	2.101160E+3
5.601928E+2	2.123630E+3
5.604490E+2	2.145646E+3
5.607052E+2	2.167848E+3
5.609614E+2	2.190733E+3
5.612177E+2	2.214395E+3
5.614739E+2	2.237400E+3
5.617301E+2	2.260602E+3
5.619863E+2	2.284504E+3
5.622424E+2	2.307996E+3
5.624986E+2	2.331750E+3
5.627548E+2	2.355482E+3
5.630109E+2	2.379274E+3
5.632671E+2	2.403280E+3
5.635232E+2	2.427990E+3
5.637794E+2	2.452804E+3
5.640355E+2	2.477706E+3
5.642916E+2	2.502979E+3
5.645477E+2	2.528832E+3
5.648038E+2	2.554701E+3
5.650599E+2	2.580001E+3
5.653160E+2	2.605602E+3
5.655721E+2	2.631766E+3
5.658281E+2	2.658990E+3
5.660842E+2	2.686236E+3
5.663402E+2	2.712460E+3
5.665963E+2	2.739181E+3
5.668523E+2	2.766427E+3
5.671083E+2	2.793990E+3
5.673644E+2	2.821651E+3
5.676204E+2	2.849132E+3
5.678764E+2	2.876706E+3
5.681324E+2	2.904941E+3
5.683883E+2	2.932662E+3
5.686443E+2	2.961149E+3
5.689003E+2	2.989662E+3
5.691562E+2	3.019007E+3
5.694122E+2	3.048477E+3
5.696681E+2	3.078351E+3
5.699241E+2	3.108203E+3
5.701800E+2	3.138099E+3
5.704359E+2	3.167985E+3
5.706918E+2	3.198843E+3
5.709477E+2	3.229608E+3
5.712036E+2	3.260209E+3
5.714595E+2	3.290487E+3
5.717154E+2	3.321127E+3
5.719713E+2	3.350804E+3
5.722271E+2	3.381487E+3
5.724830E+2	3.413258E+3
5.727388E+2	3.445329E+3
5.729947E+2	3.477099E+3
5.732505E+2	3.509395E+3
5.735063E+2	3.541028E+3
5.737621E+2	3.573881E+3
5.740179E+2	3.606526E+3
5.742737E+2	3.640160E+3
5.745295E+2	3.672444E+3
5.747853E+2	3.705613E+3
5.750411E+2	3.740143E+3
5.752968E+2	3.774176E+3
5.755526E+2	3.808209E+3
5.758083E+2	3.841329E+3
5.760641E+2	3.875843E+3
5.763198E+2	3.910296E+3
5.765755E+2	3.944471E+3
5.768312E+2	3.978285E+3
5.770869E+2	4.012914E+3
5.773426E+2	4.047728E+3
5.775983E+2	4.082302E+3
5.778540E+2	4.117673E+3
5.781097E+2	4.153630E+3
5.783653E+2	4.189324E+3
5.786210E+2	4.225996E+3
5.788766E+2	4.261411E+3
5.791323E+2	4.297160E+3
5.793879E+2	4.333875E+3
5.796435E+2	4.370018E+3
5.798991E+2	4.405591E+3
5.801547E+2	4.440854E+3
5.804103E+2	4.477744E+3
5.806659E+2	4.515034E+3
5.809215E+2	4.552345E+3
5.811771E+2	4.589815E+3
5.814327E+2	4.625974E+3
5.816882E+2	4.662766E+3
5.819438E+2	4.700138E+3
5.821993E+2	4.738367E+3
5.824548E+2	4.774449E+3
5.827104E+2	4.812198E+3
5.829659E+2	4.849651E+3
5.832214E+2	4.886203E+3
5.834769E+2	4.925089E+3
5.837324E+2	4.962837E+3
5.839878E+2	5.000460E+3
5.842433E+2	5.038116E+3
5.844988E+2	5.076176E+3
5.847542E+2	5.114209E+3
5.850097E+2	5.152668E+3
5.852651E+2	5.191121E+3
5.855206E+2	5.228640E+3
5.857760E+2	5.266690E+3
5.860314E+2	5.304783E+3
5.862868E+2	5.343001E+3
5.865422E+2	5.381455E+3
5.867976E+2	5.420706E+3
5.870530E+2	5.459854E+3
5.873084E+2	5.499258E+3
5.875637E+2	5.538023E+3
5.878191E+2	5.576968E+3
5.880744E+2	5.616083E+3
5.883298E+2	5.655569E+3
5.885851E+2	5.695045E+3
5.888404E+2	5.734843E+3
5.890958E+2	5.774498E+3
5.893511E+2	5.813154E+3
5.896064E+2	5.853460E+3
5.898617E+2	5.892569E+3
5.901169E+2	5.932848E+3
5.903722E+2	5.972886E+3
5.906275E+2	6.012750E+3
5.908827E+2	6.052930E+3
5.911380E+2	6.092181E+3
5.913932E+2	6.132389E+3
5.916485E+2	6.172848E+3
5.919037E+2	6.214722E+3
5.921589E+2	6.254930E+3
5.924141E+2	6.296236E+3
5.926693E+2	6.336400E+3
5.929245E+2	6.377739E+3
5.931797E+2	6.419028E+3
5.934349E+2	6.459941E+3
5.936900E+2	6.500761E+3
5.939452E+2	6.542668E+3
5.942004E+2	6.582957E+3
5.944555E+2	6.625089E+3
5.947106E+2	6.666509E+3
5.949658E+2	6.707171E+3
5.952209E+2	6.750094E+3
5.954760E+2	6.792810E+3
5.957311E+2	6.834799E+3
5.959862E+2	6.876263E+3
5.962413E+2	6.919214E+3
5.964963E+2	6.961263E+3
5.967514E+2	7.003553E+3
5.970065E+2	7.047815E+3
5.972615E+2	7.091395E+3
5.975166E+2	7.133908E+3
5.977716E+2	7.176438E+3
5.980266E+2	7.220843E+3
5.982816E+2	7.263192E+3
5.985367E+2	7.306444E+3
5.987917E+2	7.351597E+3
5.990467E+2	7.394750E+3
5.993016E+2	7.439094E+3
5.995566E+2	7.484362E+3
5.998116E+2	7.528345E+3
6.000665E+2	7.572209E+3
6.003215E+2	7.614302E+3
6.005764E+2	7.658701E+3
6.008314E+2	7.702859E+3
6.010863E+2	7.747416E+3
6.013412E+2	7.791121E+3
6.015961E+2	7.835515E+3
6.018510E+2	7.879651E+3
6.021059E+2	7.922843E+3
6.023608E+2	7.965187E+3
6.026157E+2	8.008247E+3
6.028706E+2	8.051832E+3
6.031254E+2	8.095848E+3
6.033803E+2	8.138783E+3
6.036351E+2	8.180247E+3
6.038900E+2	8.222903E+3
6.041448E+2	8.266444E+3
6.043996E+2	8.309821E+3
6.046544E+2	8.351990E+3
6.049092E+2	8.394722E+3
6.051640E+2	8.436034E+3
6.054188E+2	8.478635E+3
6.056736E+2	8.521509E+3
6.059283E+2	8.563564E+3
6.061831E+2	8.604302E+3
6.064378E+2	8.645482E+3
6.066926E+2	8.686914E+3
6.069473E+2	8.728291E+3
6.072021E+2	8.768826E+3
6.074568E+2	8.806750E+3
6.077115E+2	8.846198E+3
6.079662E+2	8.884542E+3
6.082209E+2	8.924996E+3
6.084756E+2	8.963411E+3
6.087302E+2	9.003127E+3
6.089849E+2	9.042438E+3
6.092396E+2	9.080422E+3
6.094942E+2	9.118493E+3
6.097489E+2	9.157028E+3
6.100035E+2	9.192531E+3
6.102581E+2	9.230187E+3
6.105127E+2	9.267078E+3
6.107674E+2	9.303007E+3
6.110220E+2	9.338318E+3
6.112766E+2	9.374733E+3
6.115311E+2	9.411127E+3
6.117857E+2	9.445531E+3
6.120403E+2	9.478788E+3
6.122948E+2	9.512395E+3
6.125494E+2	9.544897E+3
6.128039E+2	9.576919E+3
6.130585E+2	9.610094E+3
6.133130E+2	9.642165E+3
6.135675E+2	9.673039E+3
6.138220E+2	9.704788E+3
6.140765E+2	9.735302E+3
6.143310E+2	9.765187E+3
6.145855E+2	9.794324E+3
6.148400E+2	9.822668E+3
6.150945E+2	9.849635E+3
6.153489E+2	9.878340E+3
6.156034E+2	9.906138E+3
6.158578E+2	9.935373E+3
6.161123E+2	9.961865E+3
6.163667E+2	9.987815E+3
6.166211E+2	1.001399E+4
6.168755E+2	1.003933E+4
6.171299E+2	1.006400E+4
6.173843E+2	1.008844E+4
6.176387E+2	1.011276E+4
6.178931E+2	1.013835E+4
6.181474E+2	1.016283E+4
6.184018E+2	1.018641E+4
6.186561E+2	1.020936E+4
6.189105E+2	1.023284E+4
6.191648E+2	1.025558E+4
6.194191E+2	1.027698E+4
6.196735E+2	1.029888E+4
6.199278E+2	1.031973E+4
6.201821E+2	1.034203E+4
6.204364E+2	1.036233E+4
6.206907E+2	1.038176E+4
6.209449E+2	1.040100E+4
6.211992E+2	1.042127E+4
6.214535E+2	1.043984E+4
6.217077E+2	1.045995E+4
6.219619E+2	1.047836E+4
6.222162E+2	1.049639E+4
6.224704E+2	1.051424E+4
6.227246E+2	1.053154E+4
6.229788E+2	1.055018E+4
6.232330E+2	1.056930E+4
6.234872E+2	1.058766E+4
6.237414E+2	1.060348E+4
6.239956E+2	1.061921E+4
6.242498E+2	1.063514E+4
6.245039E+2	1.064952E+4
6.247581E+2	1.066561E+4
6.250122E+2	1.067976E+4
6.252663E+2	1.069425E+4
6.255205E+2	1.070918E+4
6.257746E+2	1.072220E+4
6.260287E+2	1.073500E+4
6.262828E+2	1.074617E+4
6.265369E+2	1.075968E+4
6.267910E+2	1.077096E+4
6.270450E+2	1.078111E+4
6.272991E+2	1.079167E+4
6.275532E+2	1.080332E+4
6.278072E+2	1.081316E+4
6.280613E+2	1.082280E+4
6.283153E+2	1.083184E+4
6.285693E+2	1.084154E+4
6.288233E+2	1.084933E+4
6.290773E+2	1.085808E+4
6.293313E+2	1.086398E+4
6.295853E+2	1.087150E+4
6.298393E+2	1.087852E+4
6.300933E+2	1.088419E+4
6.303472E+2	1.089003E+4
6.306012E+2	1.089550E+4
6.308551E+2	1.089982E+4
6.311091E+2	1.090420E+4
6.313630E+2	1.090867E+4
6.316169E+2	1.091140E+4
6.318709E+2	1.091356E+4
6.321248E+2	1.091527E+4
6.323787E+2	1.091824E+4
6.326326E+2	1.091956E+4
6.328864E+2	1.091984E+4
6.331403E+2	1.092062E+4
6.333942E+2	1.091978E+4
6.336480E+2	1.091886E+4
6.339019E+2	1.091740E+4
6.341557E+2	1.091579E+4
6.344095E+2	1.091333E+4
6.346634E+2	1.091096E+4
6.349172E+2	1.090703E+4
6.351710E+2	1.090110E+4
6.354248E+2	1.089489E+4
6.356786E+2	1.088962E+4
6.359324E+2	1.088492E+4
6.361861E+2	1.087931E+4
6.364399E+2	1.087350E+4
6.366936E+2	1.086513E+4
6.369474E+2	1.086084E+4
6.372011E+2	1.085163E+4
6.374549E+2	1.084397E+4
6.377086E+2	1.083651E+4
6.379623E+2	1.082694E+4
6.382160E+2	1.081675E+4
6.384697E+2	1.080521E+4
6.387234E+2	1.079365E+4
6.389771E+2	1.078146E+4
6.392307E+2	1.076977E+4
6.394844E+2	1.075736E+4
6.397380E+2	1.074326E+4
6.399917E+2	1.073043E+4
6.402453E+2	1.071605E+4
6.404990E+2	1.070036E+4
6.407526E+2	1.068442E+4
6.410062E+2	1.066842E+4
6.412598E+2	1.065274E+4
6.415134E+2	1.063456E+4
6.417670E+2	1.061854E+4
6.420206E+2	1.060019E+4
6.422741E+2	1.058370E+4
6.425277E+2	1.056765E+4
6.427812E+2	1.055142E+4
6.430348E+2	1.053286E+4
6.432883E+2	1.051411E+4
6.435418E+2	1.049387E+4
6.437954E+2	1.047413E+4
6.440489E+2	1.045378E+4
6.443024E+2	1.043384E+4
6.445559E+2	1.041377E+4
6.448094E+2	1.039443E+4
6.450628E+2	1.037162E+4
6.453163E+2	1.034987E+4
6.455698E+2	1.032874E+4
6.458232E+2	1.030679E+4
6.460767E+2	1.028494E+4
6.463301E+2	1.026292E+4
6.465835E+2	1.024120E+4
6.468369E+2	1.021753E+4
6.470903E+2	1.019483E+4
6.473437E+2	1.017213E+4
6.475971E+2	1.014923E+4
6.478505E+2	1.012494E+4
6.481039E+2	1.010178E+4
6.483573E+2	1.007967E+4
6.486106E+2	1.005607E+4
6.488640E+2	1.003098E+4
6.491173E+2	1.000719E+4
6.493706E+2	9.982804E+3
6.496240E+2	9.959089E+3
6.498773E+2	9.936132E+3
6.501306E+2	9.911558E+3
6.503839E+2	9.888154E+3
6.506372E+2	9.864897E+3
6.508905E+2	9.841427E+3
6.511437E+2	9.817116E+3
6.513970E+2	9.792597E+3
6.516503E+2	9.768520E+3
6.519035E+2	9.743733E+3
6.521567E+2	9.718384E+3
6.524100E+2	9.690914E+3
6.526632E+2	9.666526E+3
6.529164E+2	9.641362E+3
6.531696E+2	9.615821E+3
6.534228E+2	9.591214E+3
6.536760E+2	9.567313E+3
6.539292E+2	9.543416E+3
6.541824E+2	9.518493E+3
6.544355E+2	9.494498E+3
6.546887E+2	9.470362E+3
6.549418E+2	9.446848E+3
6.551950E+2	9.422192E+3
6.554481E+2	9.396963E+3
6.557012E+2	9.372859E+3
6.559543E+2	9.350280E+3
6.562074E+2	9.326192E+3
6.564605E+2	9.303848E+3
6.567136E+2	9.281056E+3
6.569667E+2	9.259460E+3
6.572198E+2	9.236269E+3
6.574728E+2	9.214187E+3
6.577259E+2	9.191236E+3
6.579789E+2	9.167985E+3
6.582319E+2	9.144209E+3
6.584850E+2	9.122919E+3
6.587380E+2	9.101580E+3
6.589910E+2	9.080815E+3
6.592440E+2	9.060209E+3
6.594970E+2	9.038427E+3
6.597500E+2	9.018619E+3
6.600030E+2	8.996848E+3
6.602559E+2	8.977334E+3
6.605089E+2	8.959422E+3
6.607618E+2	8.939635E+3
6.610148E+2	8.921089E+3
6.612677E+2	8.901143E+3
6.615206E+2	8.883012E+3
6.617736E+2	8.864373E+3
6.620265E+2	8.844427E+3
6.622794E+2	8.825630E+3
6.625323E+2	8.807089E+3
6.627851E+2	8.789094E+3
6.630380E+2	8.772242E+3
6.632909E+2	8.755520E+3
6.635437E+2	8.740318E+3
6.637966E+2	8.721777E+3
6.640494E+2	8.705384E+3
6.643023E+2	8.691389E+3
6.645551E+2	8.674804E+3
6.648079E+2	8.658826E+3
6.650607E+2	8.643515E+3
6.653135E+2	8.627668E+3
6.655663E+2	8.612597E+3
6.658191E+2	8.596772E+3
6.660718E+2	8.582520E+3
6.663246E+2	8.569007E+3
6.665774E+2	8.555657E+3
6.668301E+2	8.541367E+3
6.670828E+2	8.528870E+3
6.673356E+2	8.515171E+3
6.675883E+2	8.503542E+3
6.678410E+2	8.491968E+3
6.680937E+2	8.478728E+3
6.683464E+2	8.466307E+3
6.685991E+2	8.454963E+3
6.688518E+2	8.442930E+3
6.691044E+2	8.428996E+3
6.693571E+2	8.416258E+3
6.696098E+2	8.404493E+3
6.698624E+2	8.392192E+3
6.701150E+2	8.379630E+3
6.703677E+2	8.367996E+3
6.706203E+2	8.356635E+3
6.708729E+2	8.346034E+3
6.711255E+2	8.334356E+3
6.713781E+2	8.323154E+3
6.716307E+2	8.312974E+3
6.718832E+2	8.301580E+3
6.721358E+2	8.289635E+3
6.723884E+2	8.279083E+3
6.726409E+2	8.267646E+3
6.728935E+2	8.254875E+3
6.731460E+2	8.244231E+3
6.733985E+2	8.233886E+3
6.736510E+2	8.225034E+3
6.739035E+2	8.214919E+3
6.741560E+2	8.204826E+3
6.744085E+2	8.195624E+3
6.746610E+2	8.185608E+3
6.749135E+2	8.175832E+3
6.751660E+2	8.166110E+3
6.754184E+2	8.156575E+3
6.756709E+2	8.147236E+3
6.759233E+2	8.137395E+3
6.761757E+2	8.128597E+3
6.764282E+2	8.119072E+3
6.766806E+2	8.110176E+3
6.769330E+2	8.100165E+3
6.771854E+2	8.090466E+3
6.774378E+2	8.080105E+3
6.776901E+2	8.068684E+3
6.779425E+2	8.057056E+3
6.781949E+2	8.045586E+3
6.784472E+2	8.034509E+3
6.786996E+2	8.022433E+3
6.789519E+2	8.010209E+3
6.792042E+2	7.999280E+3
6.794566E+2	7.987750E+3
6.797089E+2	7.974968E+3
6.799612E+2	7.964198E+3
6.802135E+2	7.952908E+3
6.804657E+2	7.940252E+3
6.807180E+2	7.929083E+3
6.809703E+2	7.918957E+3
6.812226E+2	7.909291E+3
6.814748E+2	7.898324E+3
6.817270E+2	7.888985E+3
6.819793E+2	7.877990E+3
6.822315E+2	7.867263E+3
6.824837E+2	7.856591E+3
6.827359E+2	7.846903E+3
6.829881E+2	7.836384E+3
6.832403E+2	7.826110E+3
6.834925E+2	7.817657E+3
6.837447E+2	7.807061E+3
6.839968E+2	7.795793E+3
6.842490E+2	7.784793E+3
6.845011E+2	7.774957E+3
6.847533E+2	7.763400E+3
6.850054E+2	7.752192E+3
6.852575E+2	7.739755E+3
6.855097E+2	7.728941E+3
6.857618E+2	7.716837E+3
6.860139E+2	7.704433E+3
6.862659E+2	7.692318E+3
6.865180E+2	7.680067E+3
6.867701E+2	7.666263E+3
6.870222E+2	7.653575E+3
6.872742E+2	7.640865E+3
6.875263E+2	7.629717E+3
6.877783E+2	7.618214E+3
6.880303E+2	7.607826E+3
6.882823E+2	7.598717E+3
6.885343E+2	7.588466E+3
6.887864E+2	7.578280E+3
6.890383E+2	7.567772E+3
6.892903E+2	7.557815E+3
6.895423E+2	7.548345E+3
6.897943E+2	7.538810E+3
6.900462E+2	7.530285E+3
6.902982E+2	7.522739E+3
6.905501E+2	7.513247E+3
6.908021E+2	7.505340E+3
6.910540E+2	7.495624E+3
6.913059E+2	7.486695E+3
6.915578E+2	7.476569E+3
6.918097E+2	7.466329E+3
6.920616E+2	7.457712E+3
6.923135E+2	7.447050E+3
6.925654E+2	7.436624E+3
6.928172E+2	7.427690E+3
6.930691E+2	7.418121E+3
6.933209E+2	7.408149E+3
6.935728E+2	7.399045E+3
6.938246E+2	7.387400E+3
6.940764E+2	7.377815E+3
6.943282E+2	7.366537E+3
6.945800E+2	7.355848E+3
6.948318E+2	7.344826E+3
6.950836E+2	7.333591E+3
6.953354E+2	7.321580E+3
6.955872E+2	7.310651E+3
6.958389E+2	7.300619E+3
6.960907E+2	7.289979E+3
6.963424E+2	7.278799E+3
6.965942E+2	7.268318E+3
6.968459E+2	7.258608E+3
6.970976E+2	7.247788E+3
6.973493E+2	7.239384E+3
6.976010E+2	7.231460E+3
6.978527E+2	7.223121E+3
6.981044E+2	7.214433E+3
6.983561E+2	7.206531E+3
6.986077E+2	7.198280E+3
6.988594E+2	7.187870E+3
6.991110E+2	7.178258E+3
6.993627E+2	7.169558E+3
6.996143E+2	7.161433E+3
6.998659E+2	7.151875E+3
7.001175E+2	7.142630E+3
7.003692E+2	7.132351E+3
7.006207E+2	7.122537E+3
7.008723E+2	7.110269E+3
7.011239E+2	7.097766E+3
7.013755E+2	7.087526E+3
7.016271E+2	7.074548E+3
7.018786E+2	7.062165E+3
7.021302E+2	7.050138E+3
7.023817E+2	7.037045E+3
7.026332E+2	7.023848E+3
7.028847E+2	7.009356E+3
7.031362E+2	6.995772E+3
7.033878E+2	6.981411E+3
7.036392E+2	6.968110E+3
7.038907E+2	6.953083E+3
7.041422E+2	6.937810E+3
7.043937E+2	6.923181E+3
7.046451E+2	6.909471E+3
7.048966E+2	6.895766E+3
7.051480E+2	6.882242E+3
7.053995E+2	6.868892E+3
7.056509E+2	6.855564E+3
7.059023E+2	6.843886E+3
7.061537E+2	6.832580E+3
7.064051E+2	6.821094E+3
7.066565E+2	6.809411E+3
7.069079E+2	6.799160E+3
7.071593E+2	6.788094E+3
7.074106E+2	6.775712E+3
7.076620E+2	6.764548E+3
7.079133E+2	6.753099E+3
7.081647E+2	6.740936E+3
7.084160E+2	6.729630E+3
7.086673E+2	6.718875E+3
7.089186E+2	6.705662E+3
7.091699E+2	6.693001E+3
7.094212E+2	6.678946E+3
7.096725E+2	6.664203E+3
7.099238E+2	6.650427E+3
7.101751E+2	6.635094E+3
7.104263E+2	6.620018E+3
7.106776E+2	6.603832E+3
7.109288E+2	6.587154E+3
7.111800E+2	6.569449E+3
7.114313E+2	6.552963E+3
7.116825E+2	6.535624E+3
7.119337E+2	6.519138E+3
7.121849E+2	6.500143E+3
7.124361E+2	6.481542E+3
7.126873E+2	6.463269E+3
7.129384E+2	6.444553E+3
7.131896E+2	6.426619E+3
7.134408E+2	6.409214E+3
7.136919E+2	6.391657E+3
7.139430E+2	6.375089E+3
7.141942E+2	6.361400E+3
7.144453E+2	6.348679E+3
7.146964E+2	6.335630E+3
7.149475E+2	6.322930E+3
7.151986E+2	6.312116E+3
7.154497E+2	6.302875E+3
7.157008E+2	6.291974E+3
7.159518E+2	6.282624E+3
7.162029E+2	6.274591E+3
7.164540E+2	6.267280E+3
7.167050E+2	6.257110E+3
7.169560E+2	6.250050E+3
7.172071E+2	6.240870E+3
7.174581E+2	6.232099E+3
7.177091E+2	6.222340E+3
7.179601E+2	6.213045E+3
7.182111E+2	6.202504E+3
7.184621E+2	6.189936E+3
7.187130E+2	6.178001E+3
7.189640E+2	6.164056E+3
7.192150E+2	6.150067E+3
7.194659E+2	6.135750E+3
7.197169E+2	6.120154E+3
7.199678E+2	6.104318E+3
7.202187E+2	6.087744E+3
7.204696E+2	6.071132E+3
7.207205E+2	6.053974E+3
7.209714E+2	6.037192E+3
7.212223E+2	6.021788E+3
7.214732E+2	6.004761E+3
7.217241E+2	5.990132E+3
7.219749E+2	5.977132E+3
7.222258E+2	5.964859E+3
7.224766E+2	5.956056E+3
7.227274E+2	5.949236E+3
7.229783E+2	5.945313E+3
7.232291E+2	5.942968E+3
7.234799E+2	5.942099E+3
7.237307E+2	5.944028E+3
7.239815E+2	5.946433E+3
7.242323E+2	5.951416E+3
7.244830E+2	5.957263E+3
7.247338E+2	5.964389E+3
7.249846E+2	5.971575E+3
7.252353E+2	5.979039E+3
7.254861E+2	5.987067E+3
7.257368E+2	5.993968E+3
7.259875E+2	6.001695E+3
7.262382E+2	6.009061E+3
7.264889E+2	6.015345E+3
7.267396E+2	6.019832E+3
7.269903E+2	6.024679E+3
7.272410E+2	6.027143E+3
7.274917E+2	6.030892E+3
7.277423E+2	6.032553E+3
7.279930E+2	6.032963E+3
7.282436E+2	6.034356E+3
7.284942E+2	6.034433E+3
7.287449E+2	6.034575E+3
7.289955E+2	6.034941E+3
7.292461E+2	6.034537E+3
7.294967E+2	6.034269E+3
7.297473E+2	6.035274E+3
7.299979E+2	6.035591E+3
7.302484E+2	6.036755E+3
7.304990E+2	6.038034E+3
7.307496E+2	6.040061E+3
7.310001E+2	6.044509E+3
7.312507E+2	6.051045E+3
7.315012E+2	6.060302E+3
7.317517E+2	6.072209E+3
7.320022E+2	6.089722E+3
7.322527E+2	6.111870E+3
7.325032E+2	6.140433E+3
7.327537E+2	6.172679E+3
7.330042E+2	6.207318E+3
7.332547E+2	6.242985E+3
7.335051E+2	6.282345E+3
7.337556E+2	6.326553E+3
7.340060E+2	6.377968E+3
7.342564E+2	6.439433E+3
7.345069E+2	6.506078E+3
7.347573E+2	6.570750E+3
7.350077E+2	6.626875E+3
7.352581E+2	6.671679E+3
7.355085E+2	6.715099E+3
7.357589E+2	6.770914E+3
7.360092E+2	6.846340E+3
7.362596E+2	6.941657E+3
7.365100E+2	7.045504E+3
7.367603E+2	7.148630E+3
7.370106E+2	7.242821E+3
7.372610E+2	7.324061E+3
7.375113E+2	7.398810E+3
7.377616E+2	7.470018E+3
7.380119E+2	7.547236E+3
7.382622E+2	7.630903E+3
7.385125E+2	7.723804E+3
7.387628E+2	7.821477E+3
7.390130E+2	7.921613E+3
7.392633E+2	8.028231E+3
7.395135E+2	8.140416E+3
7.397638E+2	8.260586E+3
7.400140E+2	8.390039E+3
7.402642E+2	8.532509E+3
7.405144E+2	8.682810E+3
7.407647E+2	8.835679E+3
7.410149E+2	8.984936E+3
7.412650E+2	9.123258E+3
7.415152E+2	9.252722E+3
7.417654E+2	9.384307E+3
7.420156E+2	9.523149E+3
7.422657E+2	9.670203E+3
7.425159E+2	9.817127E+3
7.427660E+2	9.951416E+3
7.430161E+2	1.006760E+4
7.432662E+2	1.017019E+4
7.435164E+2	1.029682E+4
7.437665E+2	1.045792E+4
7.440165E+2	1.061871E+4
7.442666E+2	1.077858E+4
7.445167E+2	1.093847E+4
7.447668E+2	1.109726E+4
7.450168E+2	1.125418E+4
7.452669E+2	1.139767E+4
7.455169E+2	1.152218E+4
7.457669E+2	1.163615E+4
7.460170E+2	1.174428E+4
7.462670E+2	1.185883E+4
7.465170E+2	1.198055E+4
7.467670E+2	1.211534E+4
7.470170E+2	1.226232E+4
7.472670E+2	1.240510E+4
7.475169E+2	1.254276E+4
7.477669E+2	1.267557E+4
7.480168E+2	1.280532E+4
7.482668E+2	1.293384E+4
7.485167E+2	1.306149E+4
7.487666E+2	1.318680E+4
7.490166E+2	1.330220E+4
7.492665E+2	1.338432E+4
7.495164E+2	1.344755E+4
7.497663E+2	1.349748E+4
7.500161E+2	1.354184E+4
7.502660E+2	1.358395E+4
7.505159E+2	1.362744E+4
7.507657E+2	1.366929E+4
7.510156E+2	1.370218E+4
7.512654E+2	1.371990E+4
7.515152E+2	1.371785E+4
7.517651E+2	1.370545E+4
7.520149E+2	1.369712E+4
7.522647E+2	1.370343E+4
7.525145E+2	1.373185E+4
7.527643E+2	1.377061E+4
7.530140E+2	1.381045E+4
7.532638E+2	1.383517E+4
7.535136E+2	1.384254E+4
7.537633E+2	1.383559E+4
7.540131E+2	1.383171E+4
7.542628E+2	1.384383E+4
7.545125E+2	1.387102E+4
7.547622E+2	1.390446E+4
7.550119E+2	1.393254E+4
7.552616E+2	1.394621E+4
7.555113E+2	1.394511E+4
7.557610E+2	1.393156E+4
7.560107E+2	1.390457E+4
7.562603E+2	1.386859E+4
7.565100E+2	1.382764E+4
7.567596E+2	1.378582E+4
7.570093E+2	1.373263E+4
7.572589E+2	1.365821E+4
7.575085E+2	1.355974E+4
7.577581E+2	1.344717E+4
7.580077E+2	1.333580E+4
7.582573E+2	1.323271E+4
7.585069E+2	1.313047E+4
7.587565E+2	1.299353E+4
7.590060E+2	1.281401E+4
7.592556E+2	1.263355E+4
7.595051E+2	1.245345E+4
7.597547E+2	1.227691E+4
7.600042E+2	1.210393E+4
7.602537E+2	1.193318E+4
7.605032E+2	1.177900E+4
7.607527E+2	1.164548E+4
7.610022E+2	1.152447E+4
7.612517E+2	1.140933E+4
7.615012E+2	1.128903E+4
7.617507E+2	1.116108E+4
7.620001E+2	1.101816E+4
7.622496E+2	1.085848E+4
7.624990E+2	1.069682E+4
7.627485E+2	1.053283E+4
7.629979E+2	1.036692E+4
7.632473E+2	1.020288E+4
7.634967E+2	1.004162E+4
7.637461E+2	9.882613E+3
7.639955E+2	9.727558E+3
7.642449E+2	9.581504E+3
7.644942E+2	9.462498E+3
7.647436E+2	9.353761E+3
7.649930E+2	9.251471E+3
7.652423E+2	9.157198E+3
7.654916E+2	9.073449E+3
7.657410E+2	8.999018E+3
7.659903E+2	8.927865E+3
7.662396E+2	8.853023E+3
7.664889E+2	8.774018E+3
7.667382E+2	8.693225E+3
7.669875E+2	8.613165E+3
7.672367E+2	8.529952E+3
7.674860E+2	8.438526E+3
7.677353E+2	8.335941E+3
7.679845E+2	8.227979E+3
7.682337E+2	8.119482E+3
7.684830E+2	8.017859E+3
7.687322E+2	7.922919E+3
7.689814E+2	7.831515E+3
7.692306E+2	7.731712E+3
7.694798E+2	7.613471E+3
7.697290E+2	7.474258E+3
7.699782E+2	7.322252E+3
7.702273E+2	7.165351E+3
7.704765E+2	7.012263E+3
7.707256E+2	6.861810E+3
7.709748E+2	6.719149E+3
7.712239E+2	6.594280E+3
7.714730E+2	6.491116E+3
7.717222E+2	6.407783E+3
7.719713E+2	6.335433E+3
7.722204E+2	6.273892E+3
7.724694E+2	6.226892E+3
7.727185E+2	6.197848E+3
7.729676E+2	6.187034E+3
7.732167E+2	6.188985E+3
7.734657E+2	6.201493E+3
7.737147E+2	6.222946E+3
7.739638E+2	6.249783E+3
7.742128E+2	6.277132E+3
7.744618E+2	6.298072E+3
7.747108E+2	6.311635E+3
7.749598E+2	6.315340E+3
7.752088E+2	6.310979E+3
7.754578E+2	6.300373E+3
7.757068E+2	6.283859E+3
7.759557E+2	6.261848E+3
7.762047E+2	6.234630E+3
7.764536E+2	6.202099E+3
7.767026E+2	6.164187E+3
7.769515E+2	6.120717E+3
7.772004E+2	6.074181E+3
7.774493E+2	6.028750E+3
7.776982E+2	5.983744E+3
7.779471E+2	5.942471E+3
7.781960E+2	5.905515E+3
7.784449E+2	5.869007E+3
7.786938E+2	5.833427E+3
7.789426E+2	5.797564E+3
7.791915E+2	5.760444E+3
7.794403E+2	5.722640E+3
7.796891E+2	5.684395E+3
7.799380E+2	5.645580E+3
7.801868E+2	5.607908E+3
7.804356E+2	5.569050E+3
7.806844E+2	5.529280E+3
7.809332E+2	5.490613E+3
7.811819E+2	5.452378E+3
7.814307E+2	5.415296E+3
7.816795E+2	5.380487E+3
7.819282E+2	5.348897E+3
7.821770E+2	5.318701E+3
7.824257E+2	5.291384E+3
7.826744E+2	5.266815E+3
7.829231E+2	5.244575E+3
7.831718E+2	5.223701E+3
7.834205E+2	5.202608E+3
7.836692E+2	5.180996E+3
7.839179E+2	5.160034E+3
7.841666E+2	5.136039E+3
7.844152E+2	5.107575E+3
7.846639E+2	5.074651E+3
7.849125E+2	5.036979E+3
7.851612E+2	4.996094E+3
7.854098E+2	4.953165E+3
7.856584E+2	4.908356E+3
7.859070E+2	4.861192E+3
7.861556E+2	4.807690E+3
7.864042E+2	4.747056E+3
7.866528E+2	4.677034E+3
7.869014E+2	4.602810E+3
7.871499E+2	4.527171E+3
7.873985E+2	4.452252E+3
7.876470E+2	4.376804E+3
7.878956E+2	4.300181E+3
7.881441E+2	4.220121E+3
7.883926E+2	4.139127E+3
7.886411E+2	4.058225E+3
7.888896E+2	3.981045E+3
7.891381E+2	3.908580E+3
7.893866E+2	3.843526E+3
7.896351E+2	3.785220E+3
7.898835E+2	3.733875E+3
7.901320E+2	3.689165E+3
7.903804E+2	3.649416E+3
7.906289E+2	3.614356E+3
7.908773E+2	3.583865E+3
7.911257E+2	3.556886E+3
7.913742E+2	3.533345E+3
7.916226E+2	3.514558E+3
7.918709E+2	3.499558E+3
7.921193E+2	3.488028E+3
7.923677E+2	3.478351E+3
7.926161E+2	3.469072E+3
7.928644E+2	3.461258E+3
7.931128E+2	3.450318E+3
7.933611E+2	3.435793E+3
7.936095E+2	3.416936E+3
7.938578E+2	3.393411E+3
7.941061E+2	3.366553E+3
7.943544E+2	3.336072E+3
7.946027E+2	3.303553E+3
7.948510E+2	3.269630E+3
7.950993E+2	3.237001E+3
7.953475E+2	3.206340E+3
7.955958E+2	3.177695E+3
7.958440E+2	3.151701E+3
7.960923E+2	3.127160E+3
7.963405E+2	3.104099E+3
7.965887E+2	3.080859E+3
7.968370E+2	3.057110E+3
7.970852E+2	3.032269E+3
7.973334E+2	3.006914E+3
7.975816E+2	2.980324E+3
7.978297E+2	2.953247E+3
7.980779E+2	2.925673E+3
7.983261E+2	2.898236E+3
7.985742E+2	2.872591E+3
7.988224E+2	2.849165E+3
7.990705E+2	2.826739E+3
7.993186E+2	2.809078E+3
7.995668E+2	2.795815E+3
7.998149E+2	2.785810E+3
8.000630E+2	2.780783E+3
8.003111E+2	2.778968E+3
8.005591E+2	2.781455E+3
8.008072E+2	2.787018E+3
8.010553E+2	2.794859E+3
8.013033E+2	2.804990E+3
8.015514E+2	2.815526E+3
8.017994E+2	2.827722E+3
8.020474E+2	2.839072E+3
8.022955E+2	2.850673E+3
8.025435E+2	2.860903E+3
8.027915E+2	2.870105E+3
8.030395E+2	2.879187E+3
8.032874E+2	2.888296E+3
8.035354E+2	2.897886E+3
8.037834E+2	2.907930E+3
8.040313E+2	2.918269E+3
8.042793E+2	2.929996E+3
8.045272E+2	2.943537E+3
8.047752E+2	2.957919E+3
8.050231E+2	2.973690E+3
8.052710E+2	2.991777E+3
8.055189E+2	3.011143E+3
8.057668E+2	3.032865E+3
8.060147E+2	3.057214E+3
8.062625E+2	3.084373E+3
8.065104E+2	3.115761E+3
8.067583E+2	3.149504E+3
8.070061E+2	3.188083E+3
8.072540E+2	3.230422E+3
8.075018E+2	3.277493E+3
8.077496E+2	3.329405E+3
8.079974E+2	3.384427E+3
8.082452E+2	3.443722E+3
8.084930E+2	3.503477E+3
8.087408E+2	3.566919E+3
8.089886E+2	3.631832E+3
8.092364E+2	3.699089E+3
8.094841E+2	3.770220E+3
8.097319E+2	3.845613E+3
8.099796E+2	3.924504E+3
8.102273E+2	4.007712E+3
8.104751E+2	4.095236E+3
8.107228E+2	4.188351E+3
8.109705E+2	4.287050E+3
8.112182E+2	4.390252E+3
8.114659E+2	4.499728E+3
8.117135E+2	4.615356E+3
8.119612E+2	4.736537E+3
8.122089E+2	4.861985E+3
8.124565E+2	4.991007E+3
8.127042E+2	5.120023E+3
8.129518E+2	5.247209E+3
8.131994E+2	5.368187E+3
8.134470E+2	5.480826E+3
8.136946E+2	5.580154E+3
8.139422E+2	5.662291E+3
8.141898E+2	5.727946E+3
8.144374E+2	5.776526E+3
8.146850E+2	5.808318E+3
8.149325E+2	5.827023E+3
8.151801E+2	5.834810E+3
8.154276E+2	5.835580E+3
8.156752E+2	5.831569E+3
8.159227E+2	5.825695E+3
8.161702E+2	5.818018E+3
8.164177E+2	5.810045E+3
8.166652E+2	5.802340E+3
8.169127E+2	5.795110E+3
8.171602E+2	5.790012E+3
8.174077E+2	5.785192E+3
8.176551E+2	5.783384E+3
8.179026E+2	5.784870E+3
8.181500E+2	5.788739E+3
8.183975E+2	5.797072E+3
8.186449E+2	5.808996E+3
8.188923E+2	5.826717E+3
8.191397E+2	5.850531E+3
8.193871E+2	5.879487E+3
8.196345E+2	5.914023E+3
8.198819E+2	5.955553E+3
8.201293E+2	6.003903E+3
8.203766E+2	6.054482E+3
8.206240E+2	6.107389E+3
8.208713E+2	6.159946E+3
8.211187E+2	6.208717E+3
8.213660E+2	6.251334E+3
8.216133E+2	6.284296E+3
8.218606E+2	6.309345E+3
8.221079E+2	6.322138E+3
8.223552E+2	6.323591E+3
8.226025E+2	6.312996E+3
8.228498E+2	6.290859E+3
8.230970E+2	6.258466E+3
8.233443E+2	6.215936E+3
8.235915E+2	6.168001E+3
8.238388E+2	6.112127E+3
8.240860E+2	6.051143E+3
8.243332E+2	5.984509E+3
8.245804E+2	5.910804E+3
8.248276E+2	5.830056E+3
8.250748E+2	5.744176E+3
8.253220E+2	5.650520E+3
8.255692E+2	5.550138E+3
8.258163E+2	5.441657E+3
8.260635E+2	5.325258E+3
8.263106E+2	5.200651E+3
8.265578E+2	5.067176E+3
8.268049E+2	4.925624E+3
8.270520E+2	4.776378E+3
8.272991E+2	4.620865E+3
8.275462E+2	4.459870E+3
8.277933E+2	4.297056E+3
8.280404E+2	4.134269E+3
8.282875E+2	3.976198E+3
8.285345E+2	3.825083E+3
8.287816E+2	3.685772E+3
8.290287E+2	3.562892E+3
8.292757E+2	3.456843E+3
8.295227E+2	3.365930E+3
8.297697E+2	3.291334E+3
8.300168E+2	3.229411E+3
8.302638E+2	3.177892E+3
8.305107E+2	3.133455E+3
8.307577E+2	3.093859E+3
8.310047E+2	3.056367E+3
8.312517E+2	3.020941E+3
8.314986E+2	2.986225E+3
8.317456E+2	2.952313E+3
8.319925E+2	2.918422E+3
8.322394E+2	2.883799E+3
8.324864E+2	2.849520E+3
8.327333E+2	2.813078E+3
8.329802E+2	2.774411E+3
8.332271E+2	2.733214E+3
8.334740E+2	2.687892E+3
8.337208E+2	2.638673E+3
8.339677E+2	2.583701E+3
8.342146E+2	2.521668E+3
8.344614E+2	2.453143E+3
8.347082E+2	2.377389E+3
8.349551E+2	2.294504E+3
8.352019E+2	2.203105E+3
8.354487E+2	2.106351E+3
8.356955E+2	2.005039E+3
8.359423E+2	1.900733E+3
8.361891E+2	1.796821E+3
8.364359E+2	1.694635E+3
8.366826E+2	1.597400E+3
8.369294E+2	1.504542E+3
8.371761E+2	1.418285E+3
8.374229E+2	1.339154E+3
8.376696E+2	1.267925E+3
8.379163E+2	1.203537E+3
8.381630E+2	1.145974E+3
8.384097E+2	1.095875E+3
8.386564E+2	1.051728E+3
8.389031E+2	1.013258E+3
8.391498E+2	9.791487E+2
8.393965E+2	9.491487E+2
8.396431E+2	9.229301E+2
8.398898E+2	8.995476E+2
8.401364E+2	8.784274E+2
8.403830E+2	8.593290E+2
8.406297E+2	8.417279E+2
8.408763E+2	8.252907E+2
8.411229E+2	8.095476E+2
8.413695E+2	7.950776E+2
8.416161E+2	7.817060E+2
8.418626E+2	7.689192E+2
8.421092E+2	7.558372E+2
8.423558E+2	7.430230E+2
8.426023E+2	7.304437E+2
8.428489E+2	7.181432E+2
8.430954E+2	7.059465E+2
8.433419E+2	6.940831E+2
8.435884E+2	6.827607E+2
8.438349E+2	6.719137E+2
8.440814E+2	6.607935E+2
8.443279E+2	6.497661E+2
8.445744E+2	6.392689E+2
8.448208E+2	6.289301E+2
8.450673E+2	6.181814E+2
8.453138E+2	6.071760E+2
8.455602E+2	5.960886E+2
8.458066E+2	5.848864E+2
8.460530E+2	5.730940E+2
8.462995E+2	5.613126E+2
8.465459E+2	5.491651E+2
8.467923E+2	5.367552E+2
8.470386E+2	5.242743E+2
8.472850E+2	5.118372E+2
8.475314E+2	4.990339E+2
8.477777E+2	4.864929E+2
8.480241E+2	4.738809E+2
8.482704E+2	4.613618E+2
8.485168E+2	4.490175E+2
8.487631E+2	4.363071E+2
8.490094E+2	4.235148E+2
8.492557E+2	4.109519E+2
8.495020E+2	3.989246E+2
8.497483E+2	3.873126E+2
8.499946E+2	3.753454E+2
8.502408E+2	3.638099E+2
8.504871E+2	3.526951E+2
8.507333E+2	3.421049E+2
8.509796E+2	3.315421E+2
8.512258E+2	3.204274E+2
8.514720E+2	3.102361E+2
8.517182E+2	2.999629E+2
8.519644E+2	2.900394E+2
8.522106E+2	2.804984E+2
8.524568E+2	2.714711E+2
8.527030E+2	2.622361E+2
8.529492E+2	2.538317E+2
8.531953E+2	2.457661E+2
8.534415E+2	2.376842E+2
8.536876E+2	2.298427E+2
8.539337E+2	2.224219E+2
8.541799E+2	2.150612E+2
8.544260E+2	2.084274E+2
8.546721E+2	2.019957E+2
8.549182E+2	1.957771E+2
8.551643E+2	1.899246E+2
8.554103E+2	1.839465E+2
8.556564E+2	1.783126E+2
8.559024E+2	1.730667E+2
8.561485E+2	1.679519E+2
8.563945E+2	1.629847E+2
8.566406E+2	1.581323E+2
8.568866E+2	1.536295E+2
8.571326E+2	1.494656E+2
8.573786E+2	1.454492E+2
8.576246E+2	1.419902E+2
8.578706E+2	1.384328E+2
8.581166E+2	1.353345E+2
8.583625E+2	1.322689E+2
8.586085E+2	1.291213E+2
8.588544E+2	1.257170E+2
8.591004E+2	1.227989E+2
8.593463E+2	1.199738E+2
8.595922E+2	1.171268E+2
8.598381E+2	1.141104E+2
8.600840E+2	1.115913E+2
8.603299E+2	1.090120E+2
8.605758E+2	1.065913E+2
8.608217E+2	1.040120E+2
8.610675E+2	1.019082E+2
8.613134E+2	9.936178E+1
8.615592E+2	9.711588E+1
8.618051E+2	9.477708E+1
8.620509E+2	9.231260E+1
8.622967E+2	9.003391E+1
8.625425E+2	8.794101E+1
8.627883E+2	8.579347E+1
8.630341E+2	8.356943E+1
8.632799E+2	8.147653E+1
8.635257E+2	7.932353E+1
8.637715E+2	7.719784E+1
8.640172E+2	7.494648E+1
8.642630E+2	7.333992E+1
8.645087E+2	7.161861E+1
8.647544E+2	6.957489E+1
8.650001E+2	6.774975E+1
8.652459E+2	6.576068E+1
8.654916E+2	6.419784E+1
8.657372E+2	6.241642E+1
8.659829E+2	6.094648E+1
8.662286E+2	5.962407E+1
8.664743E+2	5.804484E+1
8.667199E+2	5.630713E+1
8.669656E+2	5.482626E+1
8.672112E+2	5.333445E+1
8.674568E+2	5.202844E+1
8.677024E+2	5.085904E+1
8.679481E+2	4.963500E+1
8.681937E+2	4.842189E+1
8.684392E+2	4.710495E+1
8.686848E+2	4.583719E+1
8.689304E+2	4.491915E+1
8.691760E+2	4.416506E+1
8.694215E+2	4.310495E+1
8.696671E+2	4.225249E+1
8.699126E+2	4.159675E+1
8.701581E+2	4.066232E+1
8.704036E+2	3.998473E+1
8.706491E+2	3.951478E+1
8.708946E+2	3.867325E+1
8.711401E+2	3.799566E+1
8.713856E+2	3.753664E+1
8.716311E+2	3.674429E+1
8.718766E+2	3.608855E+1
8.721220E+2	3.541642E+1
8.723674E+2	3.483719E+1
8.726129E+2	3.420331E+1
8.728583E+2	3.371150E+1
8.731037E+2	3.308855E+1
8.733491E+2	3.249839E+1
8.735945E+2	3.188637E+1
8.738399E+2	3.183172E+1
8.740853E+2	3.142189E+1
8.743307E+2	3.077708E+1
8.745760E+2	3.038363E+1
8.748214E+2	3.005030E+1
8.750667E+2	2.967872E+1
8.753121E+2	2.918691E+1
8.755574E+2	2.863500E+1
8.758027E+2	2.784812E+1
8.760480E+2	2.701205E+1
8.762933E+2	2.664047E+1
8.765386E+2	2.615413E+1
8.767839E+2	2.543281E+1
8.770291E+2	2.477708E+1
8.772744E+2	2.414320E+1
8.775196E+2	2.342189E+1
8.777649E+2	2.287544E+1
8.780101E+2	2.255850E+1
8.782553E+2	2.205577E+1
8.785006E+2	2.166779E+1
8.787458E+2	2.114866E+1
8.789910E+2	2.079347E+1
8.792361E+2	2.060768E+1
8.794813E+2	2.006669E+1
8.797265E+2	1.991915E+1
8.799717E+2	1.978801E+1
8.802168E+2	1.965686E+1
8.804619E+2	1.926888E+1
8.807071E+2	1.894101E+1
8.809522E+2	1.843828E+1
8.811973E+2	1.815959E+1
8.814424E+2	1.785904E+1
8.816875E+2	1.780440E+1
8.819326E+2	1.747107E+1
8.821777E+2	1.696287E+1
8.824227E+2	1.658582E+1
8.826678E+2	1.659128E+1
8.829128E+2	1.627434E+1
8.831579E+2	1.603391E+1
8.834029E+2	1.607216E+1
8.836479E+2	1.603391E+1
8.838929E+2	1.603391E+1
8.841379E+2	1.581533E+1
8.843829E+2	1.559128E+1
8.846279E+2	1.553664E+1
8.848729E+2	1.540003E+1
8.851179E+2	1.539456E+1
8.853628E+2	1.514320E+1
8.856078E+2	1.474975E+1
8.858527E+2	1.465686E+1
8.860976E+2	1.455850E+1
8.863425E+2	1.433992E+1
8.865875E+2	1.430167E+1
8.868324E+2	1.405030E+1
8.870772E+2	1.397380E+1
8.873221E+2	1.405577E+1
8.875670E+2	1.364593E+1
8.878119E+2	1.348746E+1
8.880567E+2	1.356396E+1
8.883016E+2	1.347107E+1
8.885464E+2	1.318145E+1
8.887912E+2	1.309948E+1
8.890360E+2	1.284812E+1
8.892809E+2	1.285904E+1
8.895257E+2	1.252025E+1
8.897704E+2	1.240549E+1
8.900152E+2	1.218145E+1
8.902600E+2	1.206669E+1
8.905048E+2	1.211041E+1
8.907495E+2	1.219238E+1
8.909943E+2	1.205577E+1
8.912390E+2	1.193555E+1
8.914837E+2	1.189730E+1
8.917284E+2	1.214320E+1
8.919731E+2	1.221424E+1
8.922178E+2	1.221424E+1
8.924625E+2	1.235085E+1
8.927072E+2	1.244374E+1
8.929519E+2	1.218691E+1
8.931965E+2	1.207762E+1
8.934412E+2	1.211041E+1
8.936858E+2	1.232899E+1
8.939305E+2	1.253664E+1
8.941751E+2	1.233992E+1
8.944197E+2	1.222516E+1
8.946643E+2	1.190276E+1
8.949089E+2	1.168965E+1
8.951535E+2	1.155303E+1
8.953981E+2	1.113227E+1
8.956426E+2	1.082079E+1
8.958872E+2	1.066232E+1
8.961317E+2	1.036178E+1
8.963763E+2	1.048200E+1
8.966208E+2	1.048200E+1
8.968653E+2	1.041096E+1
8.971098E+2	1.043828E+1
8.973543E+2	1.044921E+1
8.975988E+2	1.026888E+1
8.978433E+2	1.041096E+1
8.980878E+2	1.023063E+1
8.983323E+2	1.021970E+1
8.985767E+2	1.018691E+1
8.988212E+2	9.864509E+0
8.990656E+2	9.995656E+0
8.993100E+2	1.009948E+1
8.995545E+2	9.924618E+0
8.997989E+2	9.651394E+0
9.000433E+2	9.443744E+0
9.002877E+2	9.301667E+0
9.005320E+2	9.115875E+0
9.007764E+2	9.214236E+0
9.010208E+2	9.170520E+0
9.012651E+2	9.115875E+0
9.015095E+2	9.186913E+0
9.017538E+2	9.263416E+0
9.019981E+2	9.274345E+0
9.022425E+2	9.099482E+0
9.024868E+2	9.454673E+0
9.027311E+2	9.307132E+0
9.029754E+2	9.044837E+0
9.032196E+2	8.869973E+0
9.034639E+2	8.984727E+0
9.037082E+2	8.826258E+0
9.039524E+2	9.077624E+0
9.041967E+2	9.143197E+0
9.044409E+2	9.296203E+0
9.046851E+2	9.481995E+0
9.049293E+2	9.591285E+0
9.051736E+2	9.460137E+0
9.054177E+2	9.307132E+0
9.056619E+2	9.247023E+0
9.059061E+2	9.214236E+0
9.061503E+2	9.050301E+0
9.063944E+2	8.771613E+0
9.066386E+2	8.695110E+0
9.068827E+2	8.700574E+0
9.071269E+2	8.826258E+0
9.073710E+2	8.716968E+0
9.076151E+2	8.432815E+0
9.078592E+2	8.531176E+0
9.081033E+2	8.602214E+0
9.083474E+2	8.798935E+0
9.085915E+2	8.558498E+0
9.088355E+2	8.465602E+0
9.090796E+2	8.454673E+0
9.093236E+2	8.438279E+0
9.095677E+2	8.481995E+0
9.098117E+2	8.465602E+0
9.100557E+2	8.722432E+0
9.102997E+2	8.902760E+0
9.105437E+2	9.181449E+0
9.107877E+2	9.421886E+0
9.110317E+2	9.618607E+0
9.112757E+2	9.208771E+0
9.115197E+2	9.033908E+0
9.117636E+2	9.143197E+0
9.120076E+2	9.285274E+0
9.122515E+2	9.083088E+0
9.124954E+2	8.973799E+0
9.127393E+2	9.039372E+0
9.129832E+2	9.416421E+0
9.132271E+2	9.367241E+0
9.134710E+2	9.405493E+0
9.137149E+2	9.503853E+0
9.139588E+2	9.268880E+0
9.142026E+2	9.094017E+0
9.144465E+2	8.924618E+0
9.146903E+2	8.908225E+0
9.149342E+2	8.831722E+0
9.151780E+2	9.012050E+0
9.154218E+2	9.465602E+0
9.156656E+2	9.334454E+0
9.159094E+2	9.268880E+0
9.161532E+2	9.438279E+0
9.163970E+2	9.367241E+0
9.166408E+2	9.339919E+0
9.168845E+2	9.460137E+0
9.171283E+2	9.410957E+0
9.173720E+2	9.356312E+0
9.176157E+2	9.607678E+0
9.178595E+2	9.673252E+0
9.181032E+2	9.749755E+0
9.183469E+2	9.607678E+0
9.185906E+2	9.706039E+0
9.188343E+2	9.596749E+0
9.190779E+2	9.471066E+0
9.193216E+2	9.290738E+0
9.195653E+2	9.028443E+0
9.198089E+2	8.809864E+0
9.200525E+2	8.760684E+0
9.202962E+2	8.782542E+0
9.205398E+2	8.930083E+0
9.207834E+2	9.126804E+0
9.210270E+2	9.323525E+0
9.212706E+2	9.607678E+0
9.215142E+2	9.613143E+0
9.217577E+2	9.481995E+0
9.220013E+2	9.312596E+0
9.222449E+2	9.050301E+0
9.224884E+2	9.181449E+0
9.227319E+2	9.099482E+0
9.229755E+2	8.968334E+0
9.232190E+2	8.706039E+0
9.234625E+2	8.793471E+0
9.237060E+2	8.755219E+0
9.239495E+2	8.744290E+0
9.241930E+2	8.667788E+0
9.244364E+2	8.733361E+0
9.246799E+2	8.684181E+0
9.249233E+2	8.389099E+0
9.251668E+2	8.487460E+0
9.254102E+2	8.416421E+0
9.256536E+2	8.323525E+0
9.258971E+2	8.334454E+0
9.261405E+2	8.602214E+0
9.263839E+2	8.820793E+0
9.266272E+2	8.733361E+0
9.268706E+2	8.755219E+0
9.271140E+2	8.984727E+0
9.273573E+2	8.962870E+0
9.276007E+2	8.695110E+0
9.278440E+2	8.487460E+0
9.280874E+2	8.449208E+0
9.283307E+2	8.394564E+0
9.285740E+2	8.170520E+0
9.288173E+2	8.285274E+0
9.290606E+2	8.492924E+0
9.293039E+2	8.924618E+0
9.295471E+2	9.022979E+0
9.297904E+2	9.268880E+0
9.300337E+2	9.104946E+0
9.302769E+2	8.957405E+0
9.305201E+2	8.930083E+0
9.307634E+2	9.001121E+0
9.310066E+2	8.935547E+0
9.312498E+2	9.017514E+0
9.314930E+2	9.017514E+0
9.317362E+2	8.897296E+0
9.319794E+2	8.941012E+0
9.322225E+2	8.946476E+0
9.324657E+2	8.837186E+0
9.327088E+2	8.727897E+0
9.329520E+2	8.695110E+0
9.331951E+2	8.902760E+0
9.334382E+2	8.880902E+0
9.336814E+2	8.793471E+0
9.339245E+2	8.886367E+0
9.341676E+2	8.853580E+0
9.344106E+2	9.050301E+0
9.346537E+2	9.148662E+0
9.348968E+2	9.323525E+0
9.351398E+2	9.203307E+0
9.353829E+2	8.957405E+0
9.356259E+2	8.733361E+0
9.358690E+2	8.651394E+0
9.361120E+2	8.378170E+0
9.363550E+2	8.443744E+0
9.365980E+2	8.498389E+0
9.368410E+2	8.421886E+0
9.370840E+2	8.733361E+0
9.373269E+2	8.624072E+0
9.375699E+2	8.569427E+0
9.378129E+2	8.602214E+0
9.380558E+2	8.465602E+0
9.382987E+2	8.285274E+0
9.385417E+2	7.962870E+0
9.387846E+2	7.749755E+0
9.390275E+2	7.793471E+0
9.392704E+2	7.749755E+0
9.395133E+2	7.831722E+0
9.397562E+2	7.886367E+0
9.399990E+2	7.919154E+0
9.402419E+2	7.798935E+0
9.404847E+2	7.793471E+0
9.407276E+2	7.706039E+0
9.409704E+2	7.755219E+0
9.412132E+2	7.563962E+0
9.414560E+2	7.782542E+0
9.416988E+2	7.624072E+0
9.419416E+2	7.569427E+0
9.421844E+2	7.498389E+0
9.424272E+2	7.498389E+0
9.426700E+2	7.323525E+0
9.429127E+2	7.285274E+0
9.431555E+2	7.356312E+0
9.433982E+2	7.591285E+0
9.436409E+2	7.481995E+0
9.438837E+2	7.432815E+0
9.441264E+2	7.137733E+0
9.443691E+2	7.175984E+0
9.446118E+2	6.935547E+0
9.448544E+2	7.066695E+0
9.450971E+2	6.848115E+0
9.453398E+2	6.946476E+0
9.455824E+2	6.826258E+0
9.458251E+2	6.941012E+0
9.460677E+2	7.028443E+0
9.463103E+2	7.268880E+0
9.465530E+2	7.214236E+0
9.467956E+2	7.077624E+0
9.470382E+2	7.099482E+0
9.472807E+2	7.186913E+0
9.475233E+2	7.307132E+0
9.477659E+2	7.186913E+0
9.480084E+2	7.012050E+0
9.482510E+2	6.869973E+0
9.484935E+2	7.186913E+0
9.487361E+2	7.339919E+0
9.489786E+2	7.607678E+0
9.492211E+2	7.503853E+0
9.494636E+2	7.372706E+0
9.497061E+2	7.203307E+0
9.499486E+2	7.175984E+0
9.501911E+2	7.345383E+0
9.504335E+2	7.421886E+0
9.506760E+2	7.460137E+0
9.509184E+2	7.574891E+0
9.511609E+2	7.383635E+0
9.514033E+2	7.416421E+0
9.516457E+2	7.514782E+0
9.518881E+2	7.334454E+0
9.521305E+2	7.427350E+0
9.523729E+2	7.645930E+0
9.526153E+2	7.831722E+0
9.528576E+2	7.891831E+0
9.531000E+2	8.022979E+0
9.533424E+2	8.432815E+0
9.535847E+2	8.547569E+0
9.538270E+2	8.607678E+0
9.540694E+2	8.624072E+0
9.543117E+2	8.558498E+0
9.545540E+2	8.727897E+0
9.547963E+2	8.766148E+0
9.550386E+2	8.902760E+0
9.552808E+2	9.039372E+0
9.555231E+2	9.104946E+0
9.557654E+2	8.826258E+0
9.560076E+2	8.880902E+0
9.562498E+2	8.547569E+0
9.564921E+2	8.640465E+0
9.567343E+2	8.656859E+0
9.569765E+2	8.591285E+0
9.572187E+2	8.777077E+0
9.574609E+2	8.831722E+0
9.577031E+2	8.771613E+0
9.579452E+2	8.777077E+0
9.581874E+2	8.656859E+0
9.584296E+2	8.733361E+0
9.586717E+2	8.809864E+0
9.589138E+2	8.995656E+0
9.591560E+2	9.033908E+0
9.593981E+2	9.236094E+0
9.596402E+2	9.465602E+0
9.598823E+2	9.421886E+0
9.601244E+2	9.121339E+0
9.603664E+2	9.181449E+0
9.606085E+2	8.869973E+0
9.608506E+2	8.820793E+0
9.610926E+2	8.563962E+0
9.613347E+2	8.700574E+0
9.615767E+2	8.651394E+0
9.618187E+2	8.706039E+0
9.620607E+2	8.585820E+0
9.623027E+2	8.454673E+0
9.625447E+2	8.514782E+0
9.627867E+2	8.345383E+0
9.630287E+2	8.383635E+0
9.632706E+2	8.148662E+0
9.635126E+2	7.798935E+0
9.637545E+2	7.618607E+0
9.639965E+2	7.755219E+0
9.642384E+2	7.930083E+0
9.644803E+2	7.919154E+0
9.647222E+2	7.930083E+0
9.649641E+2	7.941012E+0
9.652060E+2	7.946476E+0
9.654479E+2	8.001121E+0
9.656897E+2	8.028443E+0
9.659316E+2	7.979263E+0
9.661734E+2	7.990192E+0
9.664153E+2	7.908225E+0
9.666571E+2	8.012050E+0
9.668989E+2	8.268880E+0
9.671408E+2	8.372706E+0
9.673826E+2	8.350848E+0
9.676243E+2	8.695110E+0
9.678661E+2	8.689646E+0
9.681079E+2	8.809864E+0
9.683497E+2	8.782542E+0
9.685914E+2	9.012050E+0
9.688332E+2	9.001121E+0
9.690749E+2	9.181449E+0
9.693166E+2	9.110411E+0
9.695583E+2	9.143197E+0
9.698001E+2	9.197842E+0
9.700417E+2	9.165055E+0
9.702834E+2	8.990192E+0
9.705251E+2	9.225165E+0
9.707668E+2	9.296203E+0
9.710084E+2	9.492924E+0
9.712501E+2	9.585820E+0
9.714917E+2	9.645930E+0
9.717334E+2	9.908225E+0
9.719750E+2	9.837186E+0
9.722166E+2	1.017052E+1
9.724582E+2	1.036178E+1
9.726998E+2	1.027981E+1
9.729414E+2	1.041642E+1
9.731830E+2	1.014866E+1
9.734245E+2	1.004484E+1
9.736661E+2	1.008309E+1
9.739076E+2	1.033992E+1
9.741492E+2	1.024702E+1
9.743907E+2	1.015959E+1
9.746322E+2	1.036178E+1
9.748737E+2	1.056943E+1
9.751152E+2	1.081533E+1
9.753567E+2	1.109402E+1
9.755982E+2	1.125249E+1
9.758396E+2	1.126888E+1
9.760811E+2	1.119238E+1
9.763226E+2	1.149839E+1
9.765640E+2	1.134538E+1
9.768054E+2	1.131260E+1
9.770468E+2	1.127981E+1
9.772883E+2	1.152571E+1
9.775297E+2	1.191915E+1
9.777711E+2	1.205030E+1
9.780124E+2	1.200112E+1
9.782538E+2	1.211588E+1
9.784952E+2	1.196287E+1
9.787365E+2	1.178254E+1
9.789779E+2	1.180440E+1
9.792192E+2	1.205030E+1
9.794605E+2	1.225795E+1
9.797019E+2	1.252571E+1
9.799432E+2	1.253118E+1
9.801845E+2	1.233992E+1
9.804257E+2	1.245467E+1
9.806670E+2	1.243281E+1
9.809083E+2	1.218145E+1
9.811496E+2	1.248200E+1
9.813908E+2	1.238363E+1
9.816320E+2	1.207216E+1
9.818733E+2	1.190822E+1
9.821145E+2	1.174975E+1
9.823557E+2	1.143281E+1
9.825969E+2	1.141096E+1
9.828381E+2	1.119784E+1
9.830793E+2	1.123609E+1
9.833205E+2	1.101751E+1
9.835616E+2	1.103937E+1
9.838028E+2	1.097926E+1
9.840439E+2	1.088637E+1
9.842851E+2	1.068418E+1
9.845262E+2	1.043828E+1
9.847673E+2	1.035085E+1
9.850084E+2	1.050932E+1
9.852495E+2	1.044374E+1
9.854906E+2	1.024702E+1
9.857317E+2	1.013227E+1
9.859727E+2	1.004484E+1
9.862138E+2	9.919154E+0
9.864549E+2	9.962870E+0
9.866959E+2	9.771613E+0
9.869369E+2	9.613143E+0
9.871779E+2	9.531176E+0
9.874190E+2	9.432815E+0
9.876600E+2	9.225165E+0
9.879010E+2	9.580356E+0
9.881419E+2	9.662323E+0
9.883829E+2	9.689646E+0
9.886239E+2	9.285274E+0
9.888648E+2	9.247023E+0
9.891058E+2	9.268880E+0
9.893467E+2	9.334454E+0
9.895876E+2	9.432815E+0
9.898285E+2	9.274345E+0
9.900695E+2	9.165055E+0
9.903104E+2	9.055766E+0
9.905512E+2	9.154126E+0
9.907921E+2	9.197842E+0
9.910330E+2	9.017514E+0
9.912738E+2	9.170520E+0
9.915147E+2	9.339919E+0
9.917555E+2	9.607678E+0
9.919964E+2	9.591285E+0
9.922372E+2	9.536640E+0
9.924780E+2	9.498389E+0
9.927188E+2	9.624072E+0
9.929596E+2	9.859044E+0
9.932004E+2	9.864509E+0
9.934411E+2	9.826258E+0
9.936819E+2	9.591285E+0
9.939227E+2	9.405493E+0
9.941634E+2	9.574891E+0
9.944041E+2	9.432815E+0
9.946449E+2	9.400028E+0
9.948856E+2	9.558498E+0
9.951263E+2	9.328990E+0
9.953670E+2	9.536640E+0
9.956077E+2	9.820793E+0
9.958483E+2	9.831722E+0
9.960890E+2	9.897296E+0
9.963297E+2	1.002298E+1
9.965703E+2	9.880902E+0
9.968109E+2	1.002844E+1
9.970516E+2	1.014320E+1
9.972922E+2	1.017598E+1
9.975328E+2	1.025795E+1
9.977734E+2	1.031260E+1
9.980140E+2	1.027981E+1
9.982546E+2	1.027434E+1
9.984951E+2	1.029620E+1
9.987357E+2	1.031260E+1
9.989763E+2	1.045467E+1
9.992168E+2	1.057489E+1
9.994573E+2	1.076615E+1
9.996978E+2	1.073336E+1
9.999384E+2	1.067872E+1
1.000179E+3	1.068965E+1
1.000419E+3	1.088090E+1
1.000660E+3	1.074429E+1
1.000900E+3	1.097380E+1
1.001141E+3	1.080986E+1
1.001381E+3	1.083719E+1
1.001622E+3	1.090822E+1
1.001862E+3	1.091915E+1
1.002103E+3	1.107762E+1
1.002343E+3	1.129620E+1
1.002583E+3	1.118145E+1
1.002824E+3	1.115413E+1
1.003064E+3	1.108309E+1
1.003305E+3	1.118691E+1
1.003545E+3	1.125795E+1
1.003785E+3	1.118145E+1
1.004026E+3	1.118145E+1
1.004266E+3	1.129620E+1
1.004506E+3	1.136178E+1
1.004747E+3	1.142189E+1
1.004987E+3	1.129074E+1
1.005227E+3	1.099019E+1
1.005468E+3	1.066779E+1
1.005708E+3	1.058036E+1
1.005948E+3	1.027434E+1
1.006188E+3	1.021970E+1
1.006429E+3	1.023063E+1
1.006669E+3	1.014320E+1
1.006909E+3	1.001751E+1
1.007149E+3	1.012134E+1
1.007390E+3	1.021424E+1
1.007630E+3	9.935547E+0
1.007870E+3	9.869973E+0
1.008110E+3	9.848115E+0
1.008350E+3	1.010495E+1
1.008590E+3	1.027981E+1
1.008831E+3	1.002844E+1
1.009071E+3	9.946476E+0
1.009311E+3	9.979263E+0
1.009551E+3	9.973799E+0
1.009791E+3	1.010495E+1
1.010031E+3	1.007762E+1
1.010271E+3	1.007762E+1
1.010511E+3	1.002844E+1
1.010752E+3	1.026888E+1
1.010992E+3	1.035085E+1
1.011232E+3	1.059128E+1
1.011472E+3	1.042189E+1
1.011712E+3	1.024702E+1
1.011952E+3	1.032353E+1
1.012192E+3	1.029074E+1
1.012432E+3	1.021424E+1
1.012672E+3	1.011041E+1
1.012912E+3	1.031806E+1
1.013152E+3	1.039456E+1
1.013392E+3	1.048200E+1
1.013632E+3	1.027434E+1
1.013872E+3	1.023609E+1
1.014112E+3	1.004484E+1
1.014352E+3	1.002298E+1
1.014591E+3	1.019784E+1
1.014831E+3	1.022516E+1
1.015071E+3	1.006123E+1
1.015311E+3	1.018691E+1
1.015551E+3	1.000659E+1
1.015791E+3	9.990192E+0
1.016031E+3	1.030713E+1
1.016271E+3	1.029074E+1
1.016511E+3	1.036724E+1
1.016750E+3	1.055850E+1
1.016990E+3	1.050932E+1
1.017230E+3	1.078801E+1
1.017470E+3	1.082079E+1
1.017710E+3	1.090822E+1
1.017949E+3	1.101751E+1
1.018189E+3	1.107762E+1
1.018429E+3	1.109402E+1
1.018669E+3	1.106123E+1
1.018908E+3	1.108309E+1
1.019148E+3	1.102844E+1
1.019388E+3	1.086451E+1
1.019628E+3	1.093555E+1
1.019867E+3	1.107762E+1
1.020107E+3	1.127434E+1
1.020347E+3	1.111588E+1
1.020586E+3	1.111041E+1
1.020826E+3	1.103391E+1
1.021066E+3	1.080986E+1
1.021305E+3	1.090276E+1
1.021545E+3	1.108855E+1
1.021785E+3	1.090276E+1
1.022024E+3	1.084812E+1
1.022264E+3	1.120877E+1
1.022504E+3	1.143281E+1
1.022743E+3	1.158036E+1
1.022983E+3	1.161314E+1
1.023222E+3	1.137271E+1
1.023462E+3	1.152571E+1
1.023702E+3	1.149839E+1
1.023941E+3	1.147107E+1
1.024181E+3	1.146014E+1
1.024420E+3	1.132899E+1
1.024660E+3	1.135631E+1
1.024899E+3	1.128527E+1
1.025139E+3	1.106123E+1
1.025378E+3	1.093555E+1
1.025618E+3	1.086997E+1
1.025857E+3	1.070604E+1
1.026097E+3	1.071150E+1
1.026336E+3	1.071697E+1
1.026575E+3	1.084265E+1
1.026815E+3	1.076615E+1
1.027054E+3	1.073883E+1
1.027294E+3	1.082626E+1
1.027533E+3	1.068418E+1
1.027773E+3	1.049292E+1
1.028012E+3	1.050385E+1
1.028251E+3	1.072790E+1
1.028491E+3	1.092462E+1
1.028730E+3	1.105577E+1
1.028969E+3	1.111041E+1
1.029209E+3	1.109402E+1
1.029448E+3	1.135631E+1
1.029687E+3	1.157489E+1
1.029927E+3	1.161861E+1
1.030166E+3	1.167872E+1
1.030405E+3	1.185904E+1
1.030645E+3	1.153664E+1
1.030884E+3	1.135631E+1
1.031123E+3	1.142735E+1
1.031362E+3	1.137817E+1
1.031602E+3	1.140003E+1
1.031841E+3	1.117598E+1
1.032080E+3	1.118145E+1
1.032319E+3	1.093555E+1
1.032558E+3	1.068965E+1
1.032798E+3	1.055850E+1
1.033037E+3	1.063500E+1
1.033276E+3	1.047107E+1
1.033515E+3	1.030713E+1
1.033754E+3	1.017052E+1
1.033993E+3	1.030713E+1
1.034233E+3	1.033445E+1
1.034472E+3	1.036724E+1
1.034711E+3	1.037817E+1
1.034950E+3	1.058582E+1
1.035189E+3	1.050932E+1
1.035428E+3	1.046014E+1
1.035667E+3	1.043281E+1
1.035906E+3	1.032899E+1
1.036145E+3	1.025795E+1
1.036384E+3	1.032353E+1
1.036623E+3	1.021970E+1
1.036862E+3	1.006669E+1
1.037101E+3	9.941012E+0
1.037340E+3	9.798935E+0
1.037579E+3	9.410957E+0
1.037818E+3	9.503853E+0
1.038057E+3	9.126804E+0
1.038296E+3	9.247023E+0
1.038535E+3	9.263416E+0
1.038774E+3	9.175984E+0
1.039013E+3	9.072159E+0
1.039252E+3	8.935547E+0
1.039491E+3	9.039372E+0
1.039730E+3	9.115875E+0
1.039969E+3	9.137733E+0
1.040208E+3	8.957405E+0
1.040447E+3	8.979263E+0
1.040685E+3	9.110411E+0
1.040924E+3	9.356312E+0
1.041163E+3	9.088553E+0
1.041402E+3	9.154126E+0
1.041641E+3	9.181449E+0
1.041880E+3	9.214236E+0
1.042118E+3	9.110411E+0
1.042357E+3	9.044837E+0
1.042596E+3	8.995656E+0
1.042835E+3	8.962870E+0
1.043074E+3	8.777077E+0
1.043312E+3	8.596749E+0
1.043551E+3	8.476531E+0
1.043790E+3	8.684181E+0
1.044029E+3	8.722432E+0
1.044267E+3	8.487460E+0
1.044506E+3	8.432815E+0
1.044745E+3	8.394564E+0
1.044983E+3	8.383635E+0
1.045222E+3	8.531176E+0
1.045461E+3	8.602214E+0
1.045699E+3	8.618607E+0
1.045938E+3	8.531176E+0
1.046177E+3	8.230629E+0
1.046415E+3	8.066695E+0
1.046654E+3	7.897296E+0
1.046893E+3	8.088553E+0
1.047131E+3	8.345383E+0
1.047370E+3	8.481995E+0
1.047608E+3	8.290738E+0
1.047847E+3	8.563962E+0
1.048086E+3	8.793471E+0
1.048324E+3	9.175984E+0
1.048563E+3	9.219700E+0
1.048801E+3	9.290738E+0
1.049040E+3	9.115875E+0
1.049278E+3	9.066695E+0
1.049517E+3	9.055766E+0
1.049755E+3	9.416421E+0
1.049994E+3	9.350848E+0
1.050232E+3	9.279809E+0
1.050471E+3	9.083088E+0
1.050709E+3	8.995656E+0
1.050948E+3	9.099482E+0
1.051186E+3	9.334454E+0
1.051424E+3	9.143197E+0
1.051663E+3	9.044837E+0
1.051901E+3	9.022979E+0
1.052140E+3	9.252487E+0
1.052378E+3	9.367241E+0
1.052616E+3	9.635001E+0
1.052855E+3	9.689646E+0
1.053093E+3	9.798935E+0
1.053332E+3	9.848115E+0
1.053570E+3	1.017598E+1
1.053808E+3	1.029620E+1
1.054047E+3	1.028527E+1
1.054285E+3	1.056396E+1
1.054523E+3	1.060221E+1
1.054761E+3	1.062407E+1
1.055000E+3	1.048200E+1
1.055238E+3	1.021970E+1
1.055476E+3	1.000112E+1
1.055715E+3	9.935547E+0
1.055953E+3	9.711503E+0
1.056191E+3	9.640465E+0
1.056429E+3	9.749755E+0
1.056667E+3	9.826258E+0
1.056906E+3	1.029620E+1
1.057144E+3	1.011041E+1
1.057382E+3	9.880902E+0
1.057620E+3	1.002844E+1
1.057858E+3	1.019784E+1
1.058097E+3	1.027981E+1
1.058335E+3	9.886367E+0
1.058573E+3	9.640465E+0
1.058811E+3	9.815329E+0
1.059049E+3	1.003391E+1
1.059287E+3	9.897296E+0
1.059525E+3	9.848115E+0
1.059763E+3	9.771613E+0
1.060001E+3	9.777077E+0
1.060239E+3	9.793471E+0
1.060478E+3	9.613143E+0
1.060716E+3	9.902760E+0
1.060954E+3	1.008309E+1
1.061192E+3	1.034538E+1
1.061430E+3	1.025249E+1
1.061668E+3	1.006123E+1
1.061906E+3	1.005577E+1
1.062144E+3	1.000112E+1
1.062382E+3	9.930083E+0
1.062620E+3	9.744290E+0
1.062858E+3	9.405493E+0
1.063096E+3	9.323525E+0
1.063333E+3	9.077624E+0
1.063571E+3	9.214236E+0
1.063809E+3	9.225165E+0
1.064047E+3	9.378170E+0
1.064285E+3	9.274345E+0
1.064523E+3	9.421886E+0
1.064761E+3	9.574891E+0
1.064999E+3	9.689646E+0
1.065237E+3	9.645930E+0
1.065474E+3	9.585820E+0
1.065712E+3	9.274345E+0
1.065950E+3	9.214236E+0
1.066188E+3	9.301667E+0
1.066426E+3	9.263416E+0
1.066664E+3	9.394564E+0
1.066901E+3	9.252487E+0
1.067139E+3	9.121339E+0
1.067377E+3	9.012050E+0
1.067615E+3	8.941012E+0
1.067852E+3	8.771613E+0
1.068090E+3	8.503853E+0
1.068328E+3	8.416421E+0
1.068566E+3	8.350848E+0
1.068803E+3	8.022979E+0
1.069041E+3	7.891831E+0
1.069279E+3	7.869973E+0
1.069516E+3	7.935547E+0
1.069754E+3	8.055766E+0
1.069992E+3	7.984727E+0
1.070229E+3	8.115875E+0
1.070467E+3	8.345383E+0
1.070705E+3	8.520247E+0
1.070942E+3	8.427350E+0
1.071180E+3	8.263416E+0
1.071418E+3	7.531176E+0
1.071655E+3	7.465602E+0
1.071893E+3	7.334454E+0
1.072130E+3	7.356312E+0
1.072368E+3	7.274345E+0
1.072605E+3	7.410957E+0
1.072843E+3	7.542105E+0
1.073081E+3	7.591285E+0
1.073318E+3	7.635001E+0
1.073556E+3	7.591285E+0
1.073793E+3	7.481995E+0
1.074031E+3	7.563962E+0
1.074268E+3	7.460137E+0
1.074506E+3	7.449208E+0
1.074743E+3	7.279809E+0
1.074981E+3	7.345383E+0
1.075218E+3	7.460137E+0
1.075455E+3	7.383635E+0
1.075693E+3	7.044837E+0
1.075930E+3	6.869973E+0
1.076168E+3	6.837186E+0
1.076405E+3	6.859044E+0
1.076642E+3	6.902760E+0
1.076880E+3	6.733361E+0
1.077117E+3	6.558498E+0
1.077355E+3	6.645930E+0
1.077592E+3	6.749755E+0
1.077829E+3	6.766148E+0
1.078067E+3	6.771613E+0
1.078304E+3	6.848115E+0
1.078541E+3	6.897296E+0
1.078779E+3	6.875438E+0
1.079016E+3	6.919154E+0
1.079253E+3	6.891831E+0
1.079490E+3	6.864509E+0
1.079728E+3	7.012050E+0
1.079965E+3	6.760684E+0
1.080202E+3	6.788006E+0
1.080439E+3	6.946476E+0
1.080677E+3	7.077624E+0
1.080914E+3	7.110411E+0
1.081151E+3	6.837186E+0
1.081388E+3	6.902760E+0
1.081625E+3	6.973799E+0
1.081863E+3	6.798935E+0
1.082100E+3	6.716968E+0
1.082337E+3	6.727897E+0
1.082574E+3	6.716968E+0
1.082811E+3	6.815329E+0
1.083048E+3	6.744290E+0
1.083285E+3	6.580356E+0
1.083522E+3	6.618607E+0
1.083760E+3	6.624072E+0
1.083997E+3	6.727897E+0
1.084234E+3	6.831722E+0
1.084471E+3	7.028443E+0
1.084708E+3	6.990192E+0
1.084945E+3	6.957405E+0
1.085182E+3	6.891831E+0
1.085419E+3	7.121339E+0
1.085656E+3	7.350848E+0
1.085893E+3	7.645930E+0
1.086130E+3	7.777077E+0
1.086367E+3	7.935547E+0
1.086604E+3	7.930083E+0
1.086841E+3	7.891831E+0
1.087078E+3	7.547569E+0
1.087315E+3	7.509318E+0
1.087552E+3	7.410957E+0
1.087789E+3	7.230629E+0
1.088026E+3	6.930083E+0
1.088262E+3	7.088553E+0
1.088499E+3	6.984727E+0
1.088736E+3	7.072159E+0
1.088973E+3	6.941012E+0
1.089210E+3	6.995656E+0
1.089447E+3	6.919154E+0
1.089684E+3	6.886367E+0
1.089921E+3	6.924618E+0
1.090157E+3	7.225165E+0
1.090394E+3	7.083088E+0
1.090631E+3	7.159591E+0
1.090868E+3	6.979263E+0
1.091105E+3	7.132268E+0
1.091341E+3	7.154126E+0
1.091578E+3	7.219700E+0
1.091815E+3	7.050301E+0
1.092052E+3	6.968334E+0
1.092288E+3	6.902760E+0
1.092525E+3	6.820793E+0
1.092762E+3	6.733361E+0
1.092999E+3	6.624072E+0
1.093235E+3	6.547569E+0
1.093472E+3	6.394564E+0
1.093709E+3	6.454673E+0
1.093945E+3	6.350848E+0
1.094182E+3	6.230629E+0
1.094419E+3	6.405493E+0
1.094655E+3	6.104946E+0
1.094892E+3	6.055766E+0
1.095128E+3	5.848115E+0
1.095365E+3	5.891831E+0
1.095602E+3	5.935547E+0
1.095838E+3	5.788006E+0
1.096075E+3	5.716968E+0
1.096311E+3	5.880902E+0
1.096548E+3	5.908225E+0
1.096784E+3	5.831722E+0
1.097021E+3	5.995656E+0
1.097258E+3	5.913689E+0
1.097494E+3	5.897296E+0
1.097731E+3	6.083088E+0
1.097967E+3	5.848115E+0
1.098204E+3	6.006585E+0
1.098440E+3	5.941012E+0
1.098677E+3	5.875438E+0
1.098913E+3	5.700574E+0
1.099149E+3	5.809864E+0
1.099386E+3	5.624072E+0
1.099622E+3	5.613143E+0
1.099859E+3	5.039372E+0
1.100095E+3	4.716968E+0
1.100332E+3	4.924618E+0
1.100568E+3	4.995656E+0
1.100804E+3	5.061230E+0
1.101041E+3	4.766148E+0
1.101277E+3	4.853580E+0
1.101513E+3	5.061230E+0
1.101750E+3	5.356312E+0
1.101986E+3	5.624072E+0
1.102222E+3	5.744290E+0
1.102459E+3	5.995656E+0
1.102695E+3	6.181449E+0
1.102931E+3	6.247023E+0
1.103168E+3	6.301667E+0
1.103404E+3	6.509318E+0
1.103640E+3	6.553033E+0
1.103876E+3	6.711503E+0
1.104113E+3	6.618607E+0
1.104349E+3	6.558498E+0
1.104585E+3	6.574891E+0
1.104821E+3	6.842651E+0
1.105057E+3	6.766148E+0
1.105294E+3	6.809864E+0
1.105530E+3	6.656859E+0
1.105766E+3	6.673252E+0
1.106002E+3	6.651394E+0
1.106238E+3	6.809864E+0
1.106474E+3	6.957405E+0
1.106711E+3	6.908225E+0
1.106947E+3	6.995656E+0
1.107183E+3	6.930083E+0
1.107419E+3	6.673252E+0
1.107655E+3	6.684181E+0
1.107891E+3	6.667788E+0
1.108127E+3	-5.572650E+0
1.108363E+3	1.009402E+1
1.108599E+3	9.760684E+0
1.108835E+3	2.576068E+1
1.109071E+3	1.742735E+1
1.109307E+3	1.509402E+1
1.109543E+3	1.142735E+1
1.109779E+3	1.676068E+1
1.110015E+3	1.376068E+1
1.110251E+3	6.094017E+0
1.110487E+3	1.109402E+1
1.110723E+3	1.176068E+1
1.110959E+3	1.342735E+1
1.111195E+3	1.042735E+1
1.111431E+3	6.427350E+0
1.111667E+3	1.576068E+1
1.111903E+3	8.094017E+0
1.112139E+3	7.606838E-1
1.112375E+3	5.094017E+0
1.112611E+3	5.760684E+0
1.112847E+3	6.427350E+0
1.113082E+3	2.760684E+0
1.113318E+3	9.094017E+0
1.113554E+3	1.676068E+1
1.113790E+3	-4.905983E+0
1.114026E+3	4.427350E+0
1.114262E+3	-1.905983E+0
1.114497E+3	-2.905983E+0
1.114733E+3	3.427350E+0
1.114969E+3	2.427350E+0
