1.951292E+2	0.000000E+0
1.953960E+2	0.000000E+0
1.956629E+2	0.000000E+0
1.959298E+2	0.000000E+0
1.961966E+2	0.000000E+0
1.964635E+2	0.000000E+0
1.967303E+2	0.000000E+0
1.969972E+2	0.000000E+0
1.972640E+2	0.000000E+0
1.975308E+2	0.000000E+0
1.977977E+2	0.000000E+0
1.980645E+2	0.000000E+0
1.983313E+2	0.000000E+0
1.985981E+2	0.000000E+0
1.988649E+2	0.000000E+0
1.991316E+2	0.000000E+0
1.993984E+2	0.000000E+0
1.996652E+2	0.000000E+0
1.999320E+2	0.000000E+0
2.001987E+2	0.000000E+0
2.004655E+2	0.000000E+0
2.007322E+2	0.000000E+0
2.009989E+2	0.000000E+0
2.012657E+2	0.000000E+0
2.015324E+2	0.000000E+0
2.017991E+2	0.000000E+0
2.020658E+2	0.000000E+0
2.023325E+2	0.000000E+0
2.025992E+2	0.000000E+0
2.028659E+2	0.000000E+0
2.031326E+2	0.000000E+0
2.033992E+2	0.000000E+0
2.036659E+2	0.000000E+0
2.039325E+2	0.000000E+0
2.041992E+2	0.000000E+0
2.044658E+2	0.000000E+0
2.047325E+2	0.000000E+0
2.049991E+2	0.000000E+0
2.052657E+2	0.000000E+0
2.055323E+2	0.000000E+0
2.057989E+2	0.000000E+0
2.060655E+2	0.000000E+0
2.063321E+2	0.000000E+0
2.065987E+2	0.000000E+0
2.068653E+2	0.000000E+0
2.071319E+2	0.000000E+0
2.073984E+2	0.000000E+0
2.076650E+2	0.000000E+0
2.079315E+2	0.000000E+0
2.081981E+2	0.000000E+0
2.084646E+2	0.000000E+0
2.087311E+2	0.000000E+0
2.089977E+2	0.000000E+0
2.092642E+2	0.000000E+0
2.095307E+2	0.000000E+0
2.097972E+2	0.000000E+0
2.100637E+2	0.000000E+0
2.103302E+2	0.000000E+0
2.105966E+2	0.000000E+0
2.108631E+2	0.000000E+0
2.111296E+2	0.000000E+0
2.113960E+2	0.000000E+0
2.116625E+2	0.000000E+0
2.119289E+2	0.000000E+0
2.121954E+2	0.000000E+0
2.124618E+2	0.000000E+0
2.127282E+2	0.000000E+0
2.129946E+2	0.000000E+0
2.132610E+2	0.000000E+0
2.135274E+2	0.000000E+0
2.137938E+2	0.000000E+0
2.140602E+2	0.000000E+0
2.143266E+2	0.000000E+0
2.145930E+2	0.000000E+0
2.148593E+2	0.000000E+0
2.151257E+2	0.000000E+0
2.153920E+2	0.000000E+0
2.156584E+2	0.000000E+0
2.159247E+2	0.000000E+0
2.161910E+2	0.000000E+0
2.164574E+2	0.000000E+0
2.167237E+2	0.000000E+0
2.169900E+2	0.000000E+0
2.172563E+2	0.000000E+0
2.175226E+2	0.000000E+0
2.177889E+2	0.000000E+0
2.180551E+2	0.000000E+0
2.183214E+2	0.000000E+0
2.185877E+2	0.000000E+0
2.188539E+2	0.000000E+0
2.191202E+2	0.000000E+0
2.193864E+2	0.000000E+0
2.196527E+2	0.000000E+0
2.199189E+2	0.000000E+0
2.201851E+2	0.000000E+0
2.204513E+2	0.000000E+0
2.207175E+2	0.000000E+0
2.209837E+2	0.000000E+0
2.212499E+2	0.000000E+0
2.215161E+2	0.000000E+0
2.217823E+2	0.000000E+0
2.220485E+2	0.000000E+0
2.223146E+2	0.000000E+0
2.225808E+2	0.000000E+0
2.228469E+2	0.000000E+0
2.231131E+2	0.000000E+0
2.233792E+2	0.000000E+0
2.236453E+2	0.000000E+0
2.239115E+2	0.000000E+0
2.241776E+2	0.000000E+0
2.244437E+2	0.000000E+0
2.247098E+2	0.000000E+0
2.249759E+2	0.000000E+0
2.252420E+2	0.000000E+0
2.255080E+2	0.000000E+0
2.257741E+2	0.000000E+0
2.260402E+2	0.000000E+0
2.263062E+2	0.000000E+0
2.265723E+2	0.000000E+0
2.268383E+2	0.000000E+0
2.271044E+2	0.000000E+0
2.273704E+2	0.000000E+0
2.276364E+2	0.000000E+0
2.279024E+2	0.000000E+0
2.281684E+2	0.000000E+0
2.284344E+2	0.000000E+0
2.287004E+2	0.000000E+0
2.289664E+2	0.000000E+0
2.292324E+2	0.000000E+0
2.294984E+2	0.000000E+0
2.297643E+2	0.000000E+0
2.300303E+2	0.000000E+0
2.302962E+2	0.000000E+0
2.305622E+2	0.000000E+0
2.308281E+2	0.000000E+0
2.310940E+2	0.000000E+0
2.313599E+2	0.000000E+0
2.316259E+2	0.000000E+0
2.318918E+2	0.000000E+0
2.321577E+2	0.000000E+0
2.324236E+2	0.000000E+0
2.326894E+2	0.000000E+0
2.329553E+2	0.000000E+0
2.332212E+2	0.000000E+0
2.334871E+2	0.000000E+0
2.337529E+2	0.000000E+0
2.340188E+2	0.000000E+0
2.342846E+2	0.000000E+0
2.345504E+2	0.000000E+0
2.348163E+2	0.000000E+0
2.350821E+2	0.000000E+0
2.353479E+2	0.000000E+0
2.356137E+2	0.000000E+0
2.358795E+2	0.000000E+0
2.361453E+2	0.000000E+0
2.364111E+2	0.000000E+0
2.366769E+2	0.000000E+0
2.369426E+2	0.000000E+0
2.372084E+2	0.000000E+0
2.374741E+2	0.000000E+0
2.377399E+2	0.000000E+0
2.380056E+2	0.000000E+0
2.382714E+2	0.000000E+0
2.385371E+2	0.000000E+0
2.388028E+2	0.000000E+0
2.390685E+2	0.000000E+0
2.393342E+2	0.000000E+0
2.395999E+2	0.000000E+0
2.398656E+2	0.000000E+0
2.401313E+2	0.000000E+0
2.403970E+2	0.000000E+0
2.406626E+2	0.000000E+0
2.409283E+2	0.000000E+0
2.411940E+2	0.000000E+0
2.414596E+2	0.000000E+0
2.417252E+2	0.000000E+0
2.419909E+2	0.000000E+0
2.422565E+2	0.000000E+0
2.425221E+2	0.000000E+0
2.427877E+2	0.000000E+0
2.430533E+2	0.000000E+0
2.433189E+2	0.000000E+0
2.435845E+2	0.000000E+0
2.438501E+2	0.000000E+0
2.441157E+2	0.000000E+0
2.443812E+2	0.000000E+0
2.446468E+2	0.000000E+0
2.449124E+2	0.000000E+0
2.451779E+2	0.000000E+0
2.454434E+2	0.000000E+0
2.457090E+2	0.000000E+0
2.459745E+2	0.000000E+0
2.462400E+2	0.000000E+0
2.465055E+2	0.000000E+0
2.467710E+2	0.000000E+0
2.470365E+2	0.000000E+0
2.473020E+2	0.000000E+0
2.475675E+2	0.000000E+0
2.478330E+2	0.000000E+0
2.480984E+2	0.000000E+0
2.483639E+2	0.000000E+0
2.486294E+2	0.000000E+0
2.488948E+2	0.000000E+0
2.491602E+2	0.000000E+0
2.494257E+2	0.000000E+0
2.496911E+2	0.000000E+0
2.499565E+2	0.000000E+0
2.502219E+2	6.372622E+0
2.504873E+2	6.378086E+0
2.507527E+2	6.077540E+0
2.510181E+2	5.864425E+0
2.512835E+2	6.339835E+0
2.515489E+2	6.525627E+0
2.518142E+2	6.733277E+0
2.520796E+2	7.104862E+0
2.523449E+2	7.301583E+0
2.526103E+2	7.487376E+0
2.528756E+2	7.383551E+0
2.531409E+2	7.454589E+0
2.534063E+2	7.673168E+0
2.536716E+2	8.257867E+0
2.539369E+2	8.602130E+0
2.542022E+2	9.022895E+0
2.544675E+2	9.454589E+0
2.547328E+2	9.722348E+0
2.549980E+2	1.009393E+1
2.552633E+2	1.012126E+1
2.555286E+2	1.018683E+1
2.557938E+2	1.047645E+1
2.560591E+2	1.097371E+1
2.563243E+2	1.120869E+1
2.565896E+2	1.135623E+1
2.568548E+2	1.149830E+1
2.571200E+2	1.154748E+1
2.573852E+2	1.193000E+1
2.576504E+2	1.233437E+1
2.579156E+2	1.245459E+1
2.581808E+2	1.260213E+1
2.584460E+2	1.262399E+1
2.587112E+2	1.282071E+1
2.589763E+2	1.291361E+1
2.592415E+2	1.308847E+1
2.595067E+2	1.338355E+1
2.597718E+2	1.338355E+1
2.600369E+2	1.361306E+1
2.603021E+2	1.351470E+1
2.605672E+2	1.364038E+1
2.608323E+2	1.378246E+1
2.610974E+2	1.372235E+1
2.613625E+2	1.352016E+1
2.616276E+2	1.349830E+1
2.618927E+2	1.346552E+1
2.621578E+2	1.342727E+1
2.624229E+2	1.361852E+1
2.626880E+2	1.399557E+1
2.629530E+2	1.424147E+1
2.632181E+2	1.399011E+1
2.634831E+2	1.402836E+1
2.637482E+2	1.400104E+1
2.640132E+2	1.436716E+1
2.642782E+2	1.431798E+1
2.645432E+2	1.429065E+1
2.648082E+2	1.455841E+1
2.650732E+2	1.435623E+1
2.653382E+2	1.413765E+1
2.656032E+2	1.394093E+1
2.658682E+2	1.398464E+1
2.661332E+2	1.397918E+1
2.663981E+2	1.377699E+1
2.666631E+2	1.377153E+1
2.669281E+2	1.387535E+1
2.671930E+2	1.377153E+1
2.674579E+2	1.311579E+1
2.677229E+2	1.316497E+1
2.679878E+2	1.280432E+1
2.682527E+2	1.233983E+1
2.685176E+2	1.188628E+1
2.687825E+2	1.153656E+1
2.690474E+2	1.160213E+1
2.693123E+2	1.142180E+1
2.695772E+2	1.116497E+1
2.698420E+2	1.094093E+1
2.701069E+2	1.066770E+1
2.703718E+2	1.029065E+1
2.706366E+2	9.902676E+0
2.709014E+2	9.656775E+0
2.711663E+2	9.219616E+0
2.714311E+2	9.203223E+0
2.716959E+2	9.263332E+0
2.719607E+2	9.001037E+0
2.722255E+2	8.596665E+0
2.724903E+2	8.591201E+0
2.727551E+2	8.585736E+0
2.730199E+2	8.246938E+0
2.732847E+2	8.389015E+0
2.735495E+2	7.984643E+0
2.738142E+2	7.853496E+0
2.740790E+2	7.891747E+0
2.743437E+2	7.640381E+0
2.746085E+2	7.651310E+0
2.748732E+2	7.307048E+0
2.751379E+2	7.121255E+0
2.754026E+2	6.979179E+0
2.756674E+2	6.738742E+0
2.759321E+2	6.602130E+0
2.761968E+2	6.290654E+0
2.764614E+2	6.257867E+0
2.767261E+2	6.487376E+0
2.769908E+2	6.623988E+0
2.772555E+2	6.689561E+0
2.775201E+2	6.618523E+0
2.777848E+2	6.585736E+0
2.780494E+2	6.613059E+0
2.783141E+2	6.656775E+0
2.785787E+2	6.618523E+0
2.788433E+2	6.312512E+0
2.791079E+2	6.044753E+0
2.793725E+2	5.744206E+0
2.796371E+2	5.645846E+0
2.799017E+2	5.629452E+0
2.801663E+2	5.104862E+0
2.804309E+2	4.979179E+0
2.806955E+2	5.022895E+0
2.809600E+2	4.722348E+0
2.812246E+2	4.733277E+0
2.814891E+2	4.771529E+0
2.817537E+2	4.809780E+0
2.820182E+2	4.886283E+0
2.822827E+2	4.596665E+0
2.825473E+2	4.585736E+0
2.828118E+2	4.389015E+0
2.830763E+2	4.257867E+0
2.833408E+2	4.143113E+0
2.836053E+2	4.399944E+0
2.838697E+2	4.279725E+0
2.841342E+2	4.072075E+0
2.843987E+2	4.236010E+0
2.846632E+2	4.367157E+0
2.849276E+2	4.580272E+0
2.851921E+2	4.476447E+0
2.854565E+2	4.465518E+0
2.857209E+2	4.279725E+0
2.859853E+2	4.154042E+0
2.862498E+2	4.093933E+0
2.865142E+2	4.137649E+0
2.867786E+2	4.307048E+0
2.870430E+2	4.263332E+0
2.873074E+2	4.263332E+0
2.875717E+2	4.001037E+0
2.878361E+2	3.875354E+0
2.881005E+2	3.875354E+0
2.883648E+2	4.039288E+0
2.886292E+2	3.891747E+0
2.888935E+2	4.137649E+0
2.891579E+2	4.416337E+0
2.894222E+2	4.236010E+0
2.896865E+2	4.503769E+0
2.899508E+2	4.460053E+0
2.902151E+2	4.460053E+0
2.904794E+2	4.563878E+0
2.907437E+2	4.678632E+0
2.910080E+2	4.711419E+0
2.912723E+2	5.104862E+0
2.915366E+2	5.104862E+0
2.918008E+2	5.323441E+0
2.920651E+2	5.520163E+0
2.923293E+2	5.700490E+0
2.925936E+2	5.771529E+0
2.928578E+2	5.421802E+0
2.931220E+2	5.104862E+0
2.933863E+2	4.908141E+0
2.936505E+2	5.121255E+0
2.939147E+2	5.317977E+0
2.941789E+2	5.389015E+0
2.944431E+2	5.514698E+0
2.947072E+2	5.585736E+0
2.949714E+2	5.662239E+0
2.952356E+2	5.738742E+0
2.954997E+2	6.230545E+0
2.957639E+2	6.208687E+0
2.960280E+2	6.181365E+0
2.962922E+2	6.317977E+0
2.965563E+2	6.148578E+0
2.968204E+2	5.837102E+0
2.970845E+2	5.711419E+0
2.973486E+2	5.684097E+0
2.976127E+2	5.580272E+0
2.978768E+2	5.678632E+0
2.981409E+2	5.722348E+0
2.984050E+2	5.771529E+0
2.986691E+2	6.077540E+0
2.989331E+2	6.061146E+0
2.991972E+2	6.137649E+0
2.994612E+2	6.421802E+0
2.997253E+2	6.317977E+0
2.999893E+2	6.328906E+0
3.002534E+2	6.476447E+0
3.005174E+2	6.246938E+0
3.007814E+2	6.296119E+0
3.010454E+2	6.268796E+0
3.013094E+2	6.257867E+0
3.015734E+2	5.995572E+0
3.018374E+2	6.011966E+0
3.021013E+2	5.705955E+0
3.023653E+2	5.667704E+0
3.026293E+2	5.476447E+0
3.028932E+2	5.492840E+0
3.031572E+2	5.569343E+0
3.034211E+2	5.509234E+0
3.036850E+2	5.695026E+0
3.039489E+2	5.684097E+0
3.042129E+2	5.744206E+0
3.044768E+2	5.645846E+0
3.047407E+2	5.509234E+0
3.050046E+2	5.399944E+0
3.052685E+2	5.181365E+0
3.055323E+2	5.263332E+0
3.057962E+2	5.170436E+0
3.060601E+2	5.225081E+0
3.063239E+2	5.137649E+0
3.065878E+2	5.203223E+0
3.068516E+2	5.110326E+0
3.071155E+2	5.307048E+0
3.073793E+2	5.126720E+0
3.076431E+2	5.143113E+0
3.079069E+2	5.017430E+0
3.081707E+2	5.011966E+0
3.084345E+2	4.771529E+0
3.086983E+2	4.776993E+0
3.089621E+2	4.831638E+0
3.092259E+2	4.864425E+0
3.094896E+2	4.919070E+0
3.097534E+2	4.656775E+0
3.100171E+2	4.328906E+0
3.102809E+2	4.137649E+0
3.105446E+2	4.143113E+0
3.108084E+2	4.022895E+0
3.110721E+2	4.017430E+0
3.113358E+2	3.990108E+0
3.115995E+2	3.946392E+0
3.118632E+2	3.919070E+0
3.121269E+2	4.022895E+0
3.123906E+2	3.984643E+0
3.126543E+2	4.061146E+0
3.129179E+2	4.132184E+0
3.131816E+2	4.181365E+0
3.134453E+2	4.132184E+0
3.137089E+2	4.143113E+0
3.139725E+2	3.984643E+0
3.142362E+2	3.776993E+0
3.144998E+2	3.940928E+0
3.147634E+2	3.782458E+0
3.150270E+2	3.951857E+0
3.152906E+2	4.170436E+0
3.155542E+2	4.241474E+0
3.158178E+2	4.055682E+0
3.160814E+2	3.957321E+0
3.163450E+2	3.990108E+0
3.166086E+2	4.263332E+0
3.168721E+2	4.203223E+0
3.171357E+2	4.050217E+0
3.173992E+2	4.110326E+0
3.176627E+2	4.323441E+0
3.179263E+2	4.656775E+0
3.181898E+2	5.001037E+0
3.184533E+2	4.995572E+0
3.187168E+2	5.077540E+0
3.189803E+2	4.869889E+0
3.192438E+2	4.481911E+0
3.195073E+2	4.563878E+0
3.197708E+2	4.908141E+0
3.200342E+2	4.957321E+0
3.202977E+2	5.066611E+0
3.205612E+2	5.044753E+0
3.208246E+2	5.225081E+0
3.210881E+2	5.093933E+0
3.213515E+2	5.394479E+0
3.216149E+2	5.547485E+0
3.218783E+2	5.465518E+0
3.221417E+2	5.487376E+0
3.224051E+2	5.760600E+0
3.226685E+2	5.689561E+0
3.229319E+2	5.673168E+0
3.231953E+2	5.503769E+0
3.234587E+2	5.290654E+0
3.237221E+2	5.279725E+0
3.239854E+2	5.449124E+0
3.242488E+2	5.492840E+0
3.245121E+2	5.651310E+0
3.247754E+2	5.492840E+0
3.250388E+2	5.766064E+0
3.253021E+2	5.897212E+0
3.255654E+2	5.727813E+0
3.258287E+2	5.809780E+0
3.260920E+2	5.886283E+0
3.263553E+2	5.891747E+0
3.266186E+2	5.815245E+0
3.268819E+2	5.826173E+0
3.271451E+2	5.979179E+0
3.274084E+2	6.066611E+0
3.276717E+2	6.011966E+0
3.279349E+2	6.137649E+0
3.281981E+2	5.962785E+0
3.284614E+2	6.110326E+0
3.287246E+2	6.372622E+0
3.289878E+2	6.580272E+0
3.292510E+2	6.602130E+0
3.295142E+2	6.815245E+0
3.297774E+2	6.891747E+0
3.300406E+2	6.984643E+0
3.303038E+2	7.181365E+0
3.305670E+2	7.279725E+0
3.308301E+2	7.558414E+0
3.310933E+2	7.695026E+0
3.313564E+2	7.498305E+0
3.316196E+2	7.356228E+0
3.318827E+2	7.656775E+0
3.321458E+2	7.596665E+0
3.324089E+2	7.766064E+0
3.326721E+2	7.804316E+0
3.329352E+2	7.957321E+0
3.331983E+2	7.809780E+0
3.334614E+2	7.798851E+0
3.337244E+2	7.804316E+0
3.339875E+2	7.634917E+0
3.342506E+2	7.503769E+0
3.345136E+2	7.591201E+0
3.347767E+2	7.552949E+0
3.350397E+2	7.585736E+0
3.353028E+2	8.033824E+0
3.355658E+2	8.011966E+0
3.358288E+2	7.886283E+0
3.360918E+2	7.837102E+0
3.363548E+2	7.897212E+0
3.366178E+2	7.809780E+0
3.368808E+2	7.727813E+0
3.371438E+2	7.574807E+0
3.374068E+2	7.241474E+0
3.376698E+2	7.208687E+0
3.379327E+2	7.383551E+0
3.381957E+2	7.219616E+0
3.384586E+2	6.869889E+0
3.387216E+2	6.880818E+0
3.389845E+2	6.695026E+0
3.392474E+2	6.618523E+0
3.395103E+2	6.585736E+0
3.397733E+2	6.684097E+0
3.400362E+2	6.345299E+0
3.402990E+2	6.066611E+0
3.405619E+2	5.957321E+0
3.408248E+2	6.083004E+0
3.410877E+2	6.033824E+0
3.413506E+2	5.946392E+0
3.416134E+2	5.924534E+0
3.418763E+2	6.001037E+0
3.421391E+2	6.039288E+0
3.424019E+2	6.148578E+0
3.426648E+2	6.350764E+0
3.429276E+2	6.399944E+0
3.431904E+2	6.345299E+0
3.434532E+2	6.263332E+0
3.437160E+2	6.192294E+0
3.439788E+2	6.072075E+0
3.442416E+2	6.061146E+0
3.445043E+2	5.973714E+0
3.447671E+2	5.776993E+0
3.450299E+2	5.678632E+0
3.452926E+2	5.771529E+0
3.455554E+2	5.700490E+0
3.458181E+2	5.662239E+0
3.460808E+2	5.542020E+0
3.463436E+2	5.700490E+0
3.466063E+2	5.623988E+0
3.468690E+2	5.285190E+0
3.471317E+2	5.001037E+0
3.473944E+2	4.935463E+0
3.476570E+2	5.110326E+0
3.479197E+2	4.842567E+0
3.481824E+2	4.826173E+0
3.484451E+2	4.727813E+0
3.487077E+2	4.563878E+0
3.489704E+2	4.383551E+0
3.492330E+2	4.656775E+0
3.494956E+2	4.640381E+0
3.497582E+2	4.536556E+0
3.500209E+2	4.542020E+0
3.502835E+2	4.684097E+0
3.505461E+2	4.591201E+0
3.508087E+2	4.897212E+0
3.510713E+2	4.919070E+0
3.513338E+2	4.738742E+0
3.515964E+2	4.602130E+0
3.518590E+2	4.257867E+0
3.521215E+2	4.279725E+0
3.523841E+2	4.148578E+0
3.526466E+2	4.208687E+0
3.529091E+2	4.378086E+0
3.531717E+2	4.219616E+0
3.534342E+2	4.820709E+0
3.536967E+2	4.973714E+0
3.539592E+2	4.880818E+0
3.542217E+2	4.749671E+0
3.544842E+2	4.919070E+0
3.547467E+2	4.760600E+0
3.550091E+2	4.880818E+0
3.552716E+2	5.039288E+0
3.555341E+2	5.301583E+0
3.557965E+2	5.290654E+0
3.560590E+2	5.842567E+0
3.563214E+2	6.246938E+0
3.565838E+2	6.542020E+0
3.568462E+2	6.399944E+0
3.571086E+2	6.312512E+0
3.573711E+2	6.520163E+0
3.576335E+2	6.760600E+0
3.578958E+2	6.542020E+0
3.581582E+2	6.312512E+0
3.584206E+2	6.132184E+0
3.586830E+2	5.897212E+0
3.589453E+2	6.055682E+0
3.592077E+2	5.973714E+0
3.594700E+2	6.033824E+0
3.597324E+2	6.050217E+0
3.599947E+2	5.962785E+0
3.602570E+2	6.148578E+0
3.605193E+2	6.028359E+0
3.607816E+2	6.208687E+0
3.610439E+2	6.454589E+0
3.613062E+2	6.503769E+0
3.615685E+2	6.317977E+0
3.618308E+2	6.454589E+0
3.620930E+2	6.618523E+0
3.623553E+2	6.389015E+0
3.626176E+2	6.339835E+0
3.628798E+2	6.602130E+0
3.631420E+2	6.755135E+0
3.634043E+2	6.809780E+0
3.636665E+2	6.831638E+0
3.639287E+2	7.039288E+0
3.641909E+2	7.104862E+0
3.644531E+2	7.164971E+0
3.647153E+2	6.995572E+0
3.649775E+2	6.842567E+0
3.652397E+2	6.798851E+0
3.655018E+2	6.705955E+0
3.657640E+2	6.727813E+0
3.660262E+2	6.793387E+0
3.662883E+2	6.848031E+0
3.665505E+2	6.809780E+0
3.668126E+2	6.580272E+0
3.670747E+2	6.574807E+0
3.673368E+2	6.301583E+0
3.675989E+2	6.307048E+0
3.678610E+2	6.662239E+0
3.681231E+2	6.793387E+0
3.683852E+2	6.853496E+0
3.686473E+2	6.711419E+0
3.689094E+2	6.394479E+0
3.691714E+2	6.716884E+0
3.694335E+2	6.279725E+0
3.696955E+2	6.001037E+0
3.699576E+2	6.110326E+0
3.702196E+2	6.290654E+0
3.704816E+2	6.328906E+0
3.707437E+2	6.252403E+0
3.710057E+2	6.274261E+0
3.712677E+2	6.170436E+0
3.715297E+2	6.050217E+0
3.717917E+2	6.066611E+0
3.720536E+2	5.727813E+0
3.723156E+2	5.460053E+0
3.725776E+2	5.569343E+0
3.728395E+2	5.815245E+0
3.731015E+2	5.755135E+0
3.733634E+2	5.749671E+0
3.736254E+2	5.645846E+0
3.738873E+2	5.886283E+0
3.741492E+2	6.159507E+0
3.744111E+2	6.257867E+0
3.746730E+2	6.449124E+0
3.749349E+2	6.432731E+0
3.751968E+2	6.580272E+0
3.754587E+2	6.449124E+0
3.757206E+2	6.192294E+0
3.759824E+2	6.159507E+0
3.762443E+2	6.175900E+0
3.765061E+2	6.378086E+0
3.767680E+2	6.438195E+0
3.770298E+2	6.186829E+0
3.772916E+2	6.001037E+0
3.775535E+2	6.154042E+0
3.778153E+2	6.077540E+0
3.780771E+2	5.951857E+0
3.783389E+2	6.088469E+0
3.786007E+2	5.940928E+0
3.788624E+2	5.689561E+0
3.791242E+2	5.695026E+0
3.793860E+2	5.727813E+0
3.796477E+2	5.607594E+0
3.799095E+2	5.618523E+0
3.801712E+2	5.651310E+0
3.804330E+2	5.815245E+0
3.806947E+2	5.979179E+0
3.809564E+2	6.345299E+0
3.812181E+2	6.290654E+0
3.814798E+2	6.148578E+0
3.817415E+2	6.443660E+0
3.820032E+2	6.569343E+0
3.822649E+2	6.317977E+0
3.825266E+2	6.345299E+0
3.827883E+2	6.197758E+0
3.830499E+2	6.115791E+0
3.833116E+2	6.236010E+0
3.835732E+2	6.405408E+0
3.838348E+2	6.181365E+0
3.840965E+2	6.061146E+0
3.843581E+2	6.170436E+0
3.846197E+2	6.350764E+0
3.848813E+2	6.503769E+0
3.851429E+2	6.339835E+0
3.854045E+2	6.328906E+0
3.856661E+2	6.449124E+0
3.859277E+2	6.378086E+0
3.861892E+2	6.367157E+0
3.864508E+2	6.307048E+0
3.867124E+2	6.225081E+0
3.869739E+2	6.143113E+0
3.872354E+2	6.487376E+0
3.874970E+2	6.776993E+0
3.877585E+2	6.776993E+0
3.880200E+2	6.798851E+0
3.882815E+2	6.929999E+0
3.885430E+2	6.733277E+0
3.888045E+2	6.481911E+0
3.890660E+2	6.405408E+0
3.893275E+2	6.143113E+0
3.895889E+2	6.257867E+0
3.898504E+2	6.132184E+0
3.901118E+2	6.017430E+0
3.903733E+2	6.033824E+0
3.906347E+2	5.771529E+0
3.908962E+2	5.667704E+0
3.911576E+2	5.421802E+0
3.914190E+2	5.613059E+0
3.916804E+2	5.858960E+0
3.919418E+2	5.973714E+0
3.922032E+2	5.793387E+0
3.924646E+2	5.432731E+0
3.927260E+2	5.033824E+0
3.929873E+2	4.990108E+0
3.932487E+2	5.061146E+0
3.935100E+2	4.962785E+0
3.937714E+2	4.831638E+0
3.940327E+2	4.831638E+0
3.942941E+2	4.574807E+0
3.945554E+2	4.727813E+0
3.948167E+2	4.733277E+0
3.950780E+2	4.700490E+0
3.953393E+2	4.793387E+0
3.956006E+2	4.798851E+0
3.958619E+2	4.776993E+0
3.961232E+2	4.848031E+0
3.963844E+2	4.607594E+0
3.966457E+2	4.536556E+0
3.969069E+2	4.383551E+0
3.971682E+2	4.367157E+0
3.974294E+2	4.711419E+0
3.976907E+2	4.684097E+0
3.979519E+2	4.580272E+0
3.982131E+2	4.771529E+0
3.984743E+2	4.935463E+0
3.987355E+2	5.033824E+0
3.989967E+2	5.050217E+0
3.992579E+2	5.093933E+0
3.995191E+2	4.891747E+0
3.997802E+2	4.760600E+0
4.000414E+2	4.837102E+0
4.003025E+2	4.711419E+0
4.005637E+2	4.651310E+0
4.008248E+2	4.787922E+0
4.010860E+2	4.990108E+0
4.013471E+2	5.285190E+0
4.016082E+2	4.940928E+0
4.018693E+2	4.820709E+0
4.021304E+2	4.738742E+0
4.023915E+2	4.793387E+0
4.026526E+2	5.099398E+0
4.029137E+2	5.099398E+0
4.031747E+2	4.935463E+0
4.034358E+2	4.738742E+0
4.036968E+2	4.656775E+0
4.039579E+2	4.602130E+0
4.042189E+2	4.514698E+0
4.044800E+2	4.290654E+0
4.047410E+2	4.350764E+0
4.050020E+2	4.662239E+0
4.052630E+2	4.853496E+0
4.055240E+2	4.853496E+0
4.057850E+2	5.143113E+0
4.060460E+2	5.361693E+0
4.063070E+2	5.317977E+0
4.065679E+2	5.460053E+0
4.068289E+2	5.405408E+0
4.070898E+2	5.399944E+0
4.073508E+2	5.301583E+0
4.076117E+2	5.372622E+0
4.078727E+2	5.416337E+0
4.081336E+2	5.607594E+0
4.083945E+2	5.886283E+0
4.086554E+2	6.033824E+0
4.089163E+2	6.132184E+0
4.091772E+2	6.236010E+0
4.094381E+2	6.350764E+0
4.096990E+2	6.569343E+0
4.099598E+2	6.951857E+0
4.102207E+2	7.022895E+0
4.104815E+2	7.011966E+0
4.107424E+2	7.001037E+0
4.110032E+2	6.809780E+0
4.112640E+2	6.645846E+0
4.115249E+2	6.678632E+0
4.117857E+2	6.744206E+0
4.120465E+2	6.552949E+0
4.123073E+2	6.460053E+0
4.125681E+2	6.798851E+0
4.128289E+2	6.733277E+0
4.130896E+2	7.083004E+0
4.133504E+2	6.902676E+0
4.136112E+2	6.815245E+0
4.138719E+2	6.820709E+0
4.141327E+2	6.853496E+0
4.143934E+2	6.744206E+0
4.146541E+2	6.913605E+0
4.149149E+2	7.022895E+0
4.151756E+2	7.296119E+0
4.154363E+2	7.438195E+0
4.156970E+2	7.678632E+0
4.159577E+2	7.798851E+0
4.162184E+2	7.826173E+0
4.164790E+2	7.913605E+0
4.167397E+2	7.711419E+0
4.170004E+2	7.558414E+0
4.172610E+2	7.389015E+0
4.175217E+2	7.897212E+0
4.177823E+2	8.006501E+0
4.180429E+2	8.126720E+0
4.183035E+2	8.044753E+0
4.185642E+2	8.104862E+0
4.188248E+2	8.214152E+0
4.190854E+2	8.241474E+0
4.193459E+2	8.443660E+0
4.196065E+2	8.853496E+0
4.198671E+2	8.809780E+0
4.201277E+2	8.935463E+0
4.203882E+2	9.159507E+0
4.206488E+2	9.164971E+0
4.209093E+2	9.022895E+0
4.211699E+2	8.809780E+0
4.214304E+2	8.711419E+0
4.216909E+2	8.695026E+0
4.219514E+2	8.334370E+0
4.222119E+2	8.088469E+0
4.224724E+2	8.061146E+0
4.227329E+2	8.132184E+0
4.229934E+2	8.186829E+0
4.232539E+2	8.317977E+0
4.235143E+2	8.421802E+0
4.237748E+2	8.214152E+0
4.240352E+2	8.263332E+0
4.242957E+2	8.334370E+0
4.245561E+2	8.596665E+0
4.248166E+2	8.782458E+0
4.250770E+2	8.673168E+0
4.253374E+2	8.634917E+0
4.255978E+2	8.618523E+0
4.258582E+2	8.438195E+0
4.261186E+2	8.558414E+0
4.263790E+2	8.793387E+0
4.266393E+2	8.897212E+0
4.268997E+2	8.908141E+0
4.271600E+2	8.793387E+0
4.274204E+2	8.755135E+0
4.276807E+2	8.826173E+0
4.279411E+2	9.072075E+0
4.282014E+2	9.252403E+0
4.284617E+2	9.241474E+0
4.287220E+2	9.618523E+0
4.289823E+2	9.449124E+0
4.292426E+2	9.525627E+0
4.295029E+2	9.569343E+0
4.297632E+2	9.602130E+0
4.300235E+2	9.667704E+0
4.302837E+2	9.837102E+0
4.305440E+2	9.815245E+0
4.308042E+2	1.003382E+1
4.310645E+2	9.973714E+0
4.313247E+2	1.015404E+1
4.315849E+2	9.782458E+0
4.318451E+2	9.689561E+0
4.321054E+2	9.826173E+0
4.323656E+2	9.793387E+0
4.326258E+2	9.886283E+0
4.328859E+2	9.995572E+0
4.331461E+2	1.001743E+1
4.334063E+2	9.946392E+0
4.336665E+2	9.886283E+0
4.339266E+2	9.826173E+0
4.341868E+2	9.809780E+0
4.344469E+2	9.755135E+0
4.347070E+2	9.667704E+0
4.349671E+2	9.634917E+0
4.352273E+2	9.547485E+0
4.354874E+2	9.252403E+0
4.357475E+2	9.405408E+0
4.360076E+2	9.520163E+0
4.362677E+2	9.684097E+0
4.365277E+2	9.798851E+0
4.367878E+2	9.853496E+0
4.370479E+2	1.018683E+1
4.373079E+2	1.030705E+1
4.375680E+2	1.046005E+1
4.378280E+2	1.084257E+1
4.380880E+2	1.127426E+1
4.383480E+2	1.149830E+1
4.386081E+2	1.174967E+1
4.388681E+2	1.195732E+1
4.391281E+2	1.191907E+1
4.393881E+2	1.186989E+1
4.396480E+2	1.202289E+1
4.399080E+2	1.210486E+1
4.401680E+2	1.211579E+1
4.404279E+2	1.234530E+1
4.406879E+2	1.248191E+1
4.409478E+2	1.266224E+1
4.412078E+2	1.308300E+1
4.414677E+2	1.303382E+1
4.417276E+2	1.295732E+1
4.419875E+2	1.322508E+1
4.422474E+2	1.309940E+1
4.425073E+2	1.324694E+1
4.427672E+2	1.353656E+1
4.430271E+2	1.368956E+1
4.432870E+2	1.374967E+1
4.435469E+2	1.355841E+1
4.438067E+2	1.356388E+1
4.440666E+2	1.362399E+1
4.443264E+2	1.347645E+1
4.445862E+2	1.333983E+1
4.448461E+2	1.330705E+1
4.451059E+2	1.336716E+1
4.453657E+2	1.344366E+1
4.456255E+2	1.370595E+1
4.458853E+2	1.364038E+1
4.461451E+2	1.376060E+1
4.464049E+2	1.420322E+1
4.466646E+2	1.411033E+1
4.469244E+2	1.425240E+1
4.471842E+2	1.425240E+1
4.474439E+2	1.467317E+1
4.477036E+2	1.484257E+1
4.479634E+2	1.484803E+1
4.482231E+2	1.494639E+1
4.484828E+2	1.512126E+1
4.487425E+2	1.531251E+1
4.490022E+2	1.552563E+1
4.492619E+2	1.532344E+1
4.495216E+2	1.529065E+1
4.497813E+2	1.542180E+1
4.500410E+2	1.562399E+1
4.503006E+2	1.578792E+1
4.505603E+2	1.612126E+1
4.508199E+2	1.624147E+1
4.510796E+2	1.616497E+1
4.513392E+2	1.620322E+1
4.515988E+2	1.632344E+1
4.518584E+2	1.647098E+1
4.521180E+2	1.643820E+1
4.523776E+2	1.653109E+1
4.526372E+2	1.655841E+1
4.528968E+2	1.661852E+1
4.531564E+2	1.661306E+1
4.534160E+2	1.650923E+1
4.536755E+2	1.653109E+1
4.539351E+2	1.658574E+1
4.541946E+2	1.658574E+1
4.544541E+2	1.649830E+1
4.547137E+2	1.656388E+1
4.549732E+2	1.664038E+1
4.552327E+2	1.660213E+1
4.554922E+2	1.673874E+1
4.557517E+2	1.663492E+1
4.560112E+2	1.669503E+1
4.562707E+2	1.644912E+1
4.565302E+2	1.641634E+1
4.567896E+2	1.691361E+1
4.570491E+2	1.696279E+1
4.573085E+2	1.715951E+1
4.575680E+2	1.727426E+1
4.578274E+2	1.718683E+1
4.580868E+2	1.742180E+1
4.583463E+2	1.779339E+1
4.586057E+2	1.807754E+1
4.588651E+2	1.861306E+1
4.591245E+2	1.882617E+1
4.593838E+2	1.918683E+1
4.596432E+2	1.946552E+1
4.599026E+2	1.967863E+1
4.601620E+2	1.977153E+1
4.604213E+2	1.993546E+1
4.606807E+2	1.994639E+1
4.609400E+2	2.029065E+1
4.611993E+2	2.036716E+1
4.614587E+2	2.017590E+1
4.617180E+2	2.055841E+1
4.619773E+2	2.058574E+1
4.622366E+2	2.026333E+1
4.624959E+2	2.055295E+1
4.627552E+2	2.065131E+1
4.630144E+2	2.090268E+1
4.632737E+2	2.119776E+1
4.635330E+2	2.125787E+1
4.637922E+2	2.157481E+1
4.640515E+2	2.180978E+1
4.643107E+2	2.197918E+1
4.645699E+2	2.218683E+1
4.648292E+2	2.237809E+1
4.650884E+2	2.278246E+1
4.653476E+2	2.341087E+1
4.656068E+2	2.383710E+1
4.658660E+2	2.397371E+1
4.661251E+2	2.426880E+1
4.663843E+2	2.421962E+1
4.666435E+2	2.429612E+1
4.669026E+2	2.477153E+1
4.671618E+2	2.508847E+1
4.674209E+2	2.520322E+1
4.676801E+2	2.535623E+1
4.679392E+2	2.556388E+1
4.681983E+2	2.573328E+1
4.684574E+2	2.603382E+1
4.687165E+2	2.639448E+1
4.689756E+2	2.680978E+1
4.692347E+2	2.712672E+1
4.694938E+2	2.716497E+1
4.697529E+2	2.725787E+1
4.700119E+2	2.735623E+1
4.702710E+2	2.748738E+1
4.705300E+2	2.799011E+1
4.707891E+2	2.844366E+1
4.710481E+2	2.877699E+1
4.713071E+2	2.932344E+1
4.715661E+2	2.995732E+1
4.718252E+2	3.027973E+1
4.720842E+2	3.065131E+1
4.723431E+2	3.076060E+1
4.726021E+2	3.080978E+1
4.728611E+2	3.086442E+1
4.731201E+2	3.131798E+1
4.733790E+2	3.200650E+1
4.736380E+2	3.249830E+1
4.738969E+2	3.301743E+1
4.741559E+2	3.327973E+1
4.744148E+2	3.358574E+1
4.746737E+2	3.388628E+1
4.749326E+2	3.454202E+1
4.751915E+2	3.496279E+1
4.754504E+2	3.527426E+1
4.757093E+2	3.598464E+1
4.759682E+2	3.666770E+1
4.762271E+2	3.708847E+1
4.764859E+2	3.756934E+1
4.767448E+2	3.801197E+1
4.770037E+2	3.846005E+1
4.772625E+2	3.918683E+1
4.775213E+2	3.954748E+1
4.777802E+2	4.013218E+1
4.780390E+2	4.062945E+1
4.782978E+2	4.108300E+1
4.785566E+2	4.158027E+1
4.788154E+2	4.224694E+1
4.790742E+2	4.262945E+1
4.793329E+2	4.321415E+1
4.795917E+2	4.381524E+1
4.798505E+2	4.438355E+1
4.801092E+2	4.502836E+1
4.803680E+2	4.558574E+1
4.806267E+2	4.619229E+1
4.808854E+2	4.678792E+1
4.811442E+2	4.706115E+1
4.814029E+2	4.763492E+1
4.816616E+2	4.860213E+1
4.819203E+2	4.918136E+1
4.821790E+2	4.991907E+1
4.824377E+2	5.093546E+1
4.826963E+2	5.153656E+1
4.829550E+2	5.226333E+1
4.832137E+2	5.325787E+1
4.834723E+2	5.403929E+1
4.837310E+2	5.509393E+1
4.839896E+2	5.607754E+1
4.842482E+2	5.696825E+1
4.845068E+2	5.743273E+1
4.847655E+2	5.829612E+1
4.850241E+2	5.877153E+1
4.852827E+2	5.968956E+1
4.855412E+2	6.061852E+1
4.857998E+2	6.153109E+1
4.860584E+2	6.256934E+1
4.863170E+2	6.312672E+1
4.865755E+2	6.378792E+1
4.868341E+2	6.484803E+1
4.870926E+2	6.549284E+1
4.873511E+2	6.613218E+1
4.876097E+2	6.712672E+1
4.878682E+2	6.824694E+1
4.881267E+2	6.942727E+1
4.883852E+2	7.037809E+1
4.886437E+2	7.152016E+1
4.889022E+2	7.242727E+1
4.891606E+2	7.322508E+1
4.894191E+2	7.413765E+1
4.896776E+2	7.498464E+1
4.899360E+2	7.601743E+1
4.901945E+2	7.705568E+1
4.904529E+2	7.772781E+1
4.907113E+2	7.852563E+1
4.909697E+2	7.964038E+1
4.912282E+2	8.080432E+1
4.914866E+2	8.180432E+1
4.917450E+2	8.269503E+1
4.920034E+2	8.395186E+1
4.922617E+2	8.505568E+1
4.925201E+2	8.612126E+1
4.927785E+2	8.726880E+1
4.930368E+2	8.847098E+1
4.932952E+2	8.983164E+1
4.935535E+2	9.105568E+1
4.938118E+2	9.242180E+1
4.940702E+2	9.372235E+1
4.943285E+2	9.507208E+1
4.945868E+2	9.608847E+1
4.948451E+2	9.742727E+1
4.951034E+2	9.875514E+1
4.953617E+2	9.997918E+1
4.956200E+2	1.013890E+2
4.958782E+2	1.029191E+2
4.961365E+2	1.044109E+2
4.963947E+2	1.057169E+2
4.966530E+2	1.069245E+2
4.969112E+2	1.084601E+2
4.971694E+2	1.096513E+2
4.974277E+2	1.108098E+2
4.976859E+2	1.123617E+2
4.979441E+2	1.140229E+2
4.982023E+2	1.153945E+2
4.984605E+2	1.169628E+2
4.987187E+2	1.186240E+2
4.989768E+2	1.197223E+2
4.992350E+2	1.210338E+2
4.994931E+2	1.222524E+2
4.997513E+2	1.234819E+2
5.000094E+2	1.248590E+2
5.002676E+2	1.266131E+2
5.005257E+2	1.280994E+2
5.007838E+2	1.300557E+2
5.010419E+2	1.318426E+2
5.013000E+2	1.337114E+2
5.015581E+2	1.354546E+2
5.018162E+2	1.373836E+2
5.020743E+2	1.393398E+2
5.023323E+2	1.412415E+2
5.025904E+2	1.430338E+2
5.028485E+2	1.451814E+2
5.031065E+2	1.471923E+2
5.033645E+2	1.488972E+2
5.036226E+2	1.507442E+2
5.038806E+2	1.525967E+2
5.041386E+2	1.545857E+2
5.043966E+2	1.567825E+2
5.046546E+2	1.588371E+2
5.049126E+2	1.611540E+2
5.051706E+2	1.634327E+2
5.054285E+2	1.656185E+2
5.056865E+2	1.676131E+2
5.059445E+2	1.698426E+2
5.062024E+2	1.722743E+2
5.064604E+2	1.745202E+2
5.067183E+2	1.766786E+2
5.069762E+2	1.790120E+2
5.072341E+2	1.809737E+2
5.074920E+2	1.835584E+2
5.077499E+2	1.859300E+2
5.080078E+2	1.885311E+2
5.082657E+2	1.906076E+2
5.085236E+2	1.928699E+2
5.087815E+2	1.951213E+2
5.090393E+2	1.976240E+2
5.092972E+2	2.000338E+2
5.095550E+2	2.026240E+2
5.098129E+2	2.052688E+2
5.100707E+2	2.080939E+2
5.103285E+2	2.110611E+2
5.105863E+2	2.138426E+2
5.108441E+2	2.165748E+2
5.111019E+2	2.192961E+2
5.113597E+2	2.220502E+2
5.116175E+2	2.247387E+2
5.118753E+2	2.273453E+2
5.121330E+2	2.304655E+2
5.123908E+2	2.338207E+2
5.126485E+2	2.367934E+2
5.129063E+2	2.399191E+2
5.131640E+2	2.434710E+2
5.134217E+2	2.467278E+2
5.136794E+2	2.501213E+2
5.139371E+2	2.533836E+2
5.141948E+2	2.568972E+2
5.144525E+2	2.599081E+2
5.147102E+2	2.635584E+2
5.149679E+2	2.672579E+2
5.152256E+2	2.707169E+2
5.154832E+2	2.745693E+2
5.157409E+2	2.783289E+2
5.159985E+2	2.818917E+2
5.162562E+2	2.856349E+2
5.165138E+2	2.894491E+2
5.167714E+2	2.932360E+2
5.170290E+2	2.972415E+2
5.172866E+2	3.014273E+2
5.175442E+2	3.051322E+2
5.178018E+2	3.091704E+2
5.180594E+2	3.132524E+2
5.183170E+2	3.170939E+2
5.185745E+2	3.209846E+2
5.188321E+2	3.252142E+2
5.190896E+2	3.296568E+2
5.193472E+2	3.338371E+2
5.196047E+2	3.380885E+2
5.198622E+2	3.421103E+2
5.201197E+2	3.463508E+2
5.203772E+2	3.507989E+2
5.206347E+2	3.555092E+2
5.208922E+2	3.596513E+2
5.211497E+2	3.642251E+2
5.214072E+2	3.689300E+2
5.216646E+2	3.737934E+2
5.219221E+2	3.786677E+2
5.221795E+2	3.834327E+2
5.224370E+2	3.884437E+2
5.226944E+2	3.930830E+2
5.229519E+2	3.980448E+2
5.232093E+2	4.029136E+2
5.234667E+2	4.079737E+2
5.237241E+2	4.130666E+2
5.239815E+2	4.188972E+2
5.242389E+2	4.245256E+2
5.244962E+2	4.300775E+2
5.247536E+2	4.353890E+2
5.250110E+2	4.408644E+2
5.252683E+2	4.464655E+2
5.255257E+2	4.520939E+2
5.257830E+2	4.579901E+2
5.260403E+2	4.634054E+2
5.262977E+2	4.692852E+2
5.265550E+2	4.753781E+2
5.268123E+2	4.811868E+2
5.270696E+2	4.871759E+2
5.273269E+2	4.932633E+2
5.275841E+2	4.995475E+2
5.278414E+2	5.055311E+2
5.280987E+2	5.113562E+2
5.283559E+2	5.174546E+2
5.286132E+2	5.240448E+2
5.288704E+2	5.300721E+2
5.291276E+2	5.363945E+2
5.293849E+2	5.423672E+2
5.296421E+2	5.485912E+2
5.298993E+2	5.548972E+2
5.301565E+2	5.617825E+2
5.304137E+2	5.685147E+2
5.306709E+2	5.754382E+2
5.309280E+2	5.823289E+2
5.311852E+2	5.891431E+2
5.314424E+2	5.962797E+2
5.316995E+2	6.037442E+2
5.319567E+2	6.108262E+2
5.322138E+2	6.180721E+2
5.324709E+2	6.252524E+2
5.327280E+2	6.325584E+2
5.329852E+2	6.400174E+2
5.332423E+2	6.479737E+2
5.334994E+2	6.555311E+2
5.337564E+2	6.631431E+2
5.340135E+2	6.711595E+2
5.342706E+2	6.794327E+2
5.345276E+2	6.876131E+2
5.347847E+2	6.959027E+2
5.350417E+2	7.037606E+2
5.352988E+2	7.119191E+2
5.355558E+2	7.200939E+2
5.358128E+2	7.280885E+2
5.360698E+2	7.364546E+2
5.363269E+2	7.446349E+2
5.365839E+2	7.535475E+2
5.368408E+2	7.621759E+2
5.370978E+2	7.708207E+2
5.373548E+2	7.793945E+2
5.376118E+2	7.884437E+2
5.378687E+2	7.973890E+2
5.381257E+2	8.065803E+2
5.383826E+2	8.163672E+2
5.386395E+2	8.257005E+2
5.388965E+2	8.349245E+2
5.391534E+2	8.443836E+2
5.394103E+2	8.543672E+2
5.396672E+2	8.642852E+2
5.399241E+2	8.739901E+2
5.401810E+2	8.837661E+2
5.404378E+2	8.937715E+2
5.406947E+2	9.037333E+2
5.409516E+2	9.142032E+2
5.412084E+2	9.248535E+2
5.414653E+2	9.351103E+2
5.417221E+2	9.457934E+2
5.419789E+2	9.565748E+2
5.422357E+2	9.669245E+2
5.424925E+2	9.780284E+2
5.427493E+2	9.889737E+2
5.430061E+2	9.997442E+2
5.432629E+2	1.011028E+3
5.435197E+2	1.022083E+3
5.437765E+2	1.033597E+3
5.440332E+2	1.045362E+3
5.442900E+2	1.056919E+3
5.445467E+2	1.068591E+3
5.448035E+2	1.080531E+3
5.450602E+2	1.092793E+3
5.453169E+2	1.104875E+3
5.455736E+2	1.116930E+3
5.458303E+2	1.129291E+3
5.460870E+2	1.141493E+3
5.463437E+2	1.153558E+3
5.466004E+2	1.166323E+3
5.468571E+2	1.179187E+3
5.471137E+2	1.191635E+3
5.473704E+2	1.204449E+3
5.476270E+2	1.217815E+3
5.478837E+2	1.230263E+3
5.481403E+2	1.243334E+3
5.483969E+2	1.256471E+3
5.486535E+2	1.269487E+3
5.489101E+2	1.282547E+3
5.491667E+2	1.295700E+3
5.494233E+2	1.309455E+3
5.496799E+2	1.322914E+3
5.499365E+2	1.336302E+3
5.501931E+2	1.350160E+3
5.504496E+2	1.363832E+3
5.507062E+2	1.378619E+3
5.509627E+2	1.392646E+3
5.512192E+2	1.407990E+3
5.514758E+2	1.422957E+3
5.517323E+2	1.438039E+3
5.519888E+2	1.452908E+3
5.522453E+2	1.468012E+3
5.525018E+2	1.483181E+3
5.527583E+2	1.498094E+3
5.530147E+2	1.513711E+3
5.532712E+2	1.528608E+3
5.535277E+2	1.544411E+3
5.537841E+2	1.560023E+3
5.540406E+2	1.575061E+3
5.542970E+2	1.591225E+3
5.545534E+2	1.607482E+3
5.548098E+2	1.623553E+3
5.550663E+2	1.639826E+3
5.553227E+2	1.656138E+3
5.555791E+2	1.672640E+3
5.558354E+2	1.689826E+3
5.560918E+2	1.706635E+3
5.563482E+2	1.724214E+3
5.566046E+2	1.741132E+3
5.568609E+2	1.757772E+3
5.571173E+2	1.774832E+3
5.573736E+2	1.792591E+3
5.576299E+2	1.809941E+3
5.578862E+2	1.827646E+3
5.581426E+2	1.844788E+3
5.583989E+2	1.862547E+3
5.586552E+2	1.881416E+3
5.589114E+2	1.899657E+3
5.591677E+2	1.918668E+3
5.594240E+2	1.936832E+3
5.596803E+2	1.955897E+3
5.599365E+2	1.975138E+3
5.601928E+2	1.994591E+3
5.604490E+2	2.013679E+3
5.607052E+2	2.033613E+3
5.609614E+2	2.053613E+3
5.612177E+2	2.074170E+3
5.614739E+2	2.094471E+3
5.617301E+2	2.114668E+3
5.619863E+2	2.135323E+3
5.622424E+2	2.155935E+3
5.624986E+2	2.176083E+3
5.627548E+2	2.196935E+3
5.630109E+2	2.218176E+3
5.632671E+2	2.238782E+3
5.635232E+2	2.261039E+3
5.637794E+2	2.283214E+3
5.640355E+2	2.305498E+3
5.642916E+2	2.327974E+3
5.645477E+2	2.350509E+3
5.648038E+2	2.373121E+3
5.650599E+2	2.395225E+3
5.653160E+2	2.418067E+3
5.655721E+2	2.441356E+3
5.658281E+2	2.464597E+3
5.660842E+2	2.488307E+3
5.663402E+2	2.511941E+3
5.665963E+2	2.535985E+3
5.668523E+2	2.560192E+3
5.671083E+2	2.584875E+3
5.673644E+2	2.609679E+3
5.676204E+2	2.633903E+3
5.678764E+2	2.658613E+3
5.681324E+2	2.683996E+3
5.683883E+2	2.710209E+3
5.686443E+2	2.735580E+3
5.689003E+2	2.762034E+3
5.691562E+2	2.788067E+3
5.694122E+2	2.814323E+3
5.696681E+2	2.841296E+3
5.699241E+2	2.867575E+3
5.701800E+2	2.894782E+3
5.704359E+2	2.921996E+3
5.706918E+2	2.949515E+3
5.709477E+2	2.976979E+3
5.712036E+2	3.004772E+3
5.714595E+2	3.032832E+3
5.717154E+2	3.061116E+3
5.719713E+2	3.089231E+3
5.722271E+2	3.118017E+3
5.724830E+2	3.147903E+3
5.727388E+2	3.177389E+3
5.729947E+2	3.206853E+3
5.732505E+2	3.237132E+3
5.735063E+2	3.267504E+3
5.737621E+2	3.299772E+3
5.740179E+2	3.330903E+3
5.742737E+2	3.362056E+3
5.745295E+2	3.393209E+3
5.747853E+2	3.424138E+3
5.750411E+2	3.456662E+3
5.752968E+2	3.488318E+3
5.755526E+2	3.520509E+3
5.758083E+2	3.552274E+3
5.760641E+2	3.585427E+3
5.763198E+2	3.618597E+3
5.765755E+2	3.652154E+3
5.768312E+2	3.685427E+3
5.770869E+2	3.718471E+3
5.773426E+2	3.751919E+3
5.775983E+2	3.785569E+3
5.778540E+2	3.819558E+3
5.781097E+2	3.855067E+3
5.783653E+2	3.890094E+3
5.786210E+2	3.924985E+3
5.788766E+2	3.960181E+3
5.791323E+2	3.995487E+3
5.793879E+2	4.031269E+3
5.796435E+2	4.066466E+3
5.798991E+2	4.102198E+3
5.801547E+2	4.138821E+3
5.804103E+2	4.175449E+3
5.806659E+2	4.211946E+3
5.809215E+2	4.249476E+3
5.811771E+2	4.286979E+3
5.814327E+2	4.324274E+3
5.816882E+2	4.361504E+3
5.819438E+2	4.398356E+3
5.821993E+2	4.435892E+3
5.824548E+2	4.472285E+3
5.827104E+2	4.510280E+3
5.829659E+2	4.548362E+3
5.832214E+2	4.585832E+3
5.834769E+2	4.625028E+3
5.837324E+2	4.663329E+3
5.839878E+2	4.702591E+3
5.842433E+2	4.741717E+3
5.844988E+2	4.781001E+3
5.847542E+2	4.821007E+3
5.850097E+2	4.860657E+3
5.852651E+2	4.900635E+3
5.855206E+2	4.940722E+3
5.857760E+2	4.981061E+3
5.860314E+2	5.020908E+3
5.862868E+2	5.060974E+3
5.865422E+2	5.101619E+3
5.867976E+2	5.143515E+3
5.870530E+2	5.184580E+3
5.873084E+2	5.226236E+3
5.875637E+2	5.267629E+3
5.878191E+2	5.308619E+3
5.880744E+2	5.349384E+3
5.883298E+2	5.391640E+3
5.885851E+2	5.432804E+3
5.888404E+2	5.474017E+3
5.890958E+2	5.516116E+3
5.893511E+2	5.557394E+3
5.896064E+2	5.599061E+3
5.898617E+2	5.640181E+3
5.901169E+2	5.683105E+3
5.903722E+2	5.725619E+3
5.906275E+2	5.767985E+3
5.908827E+2	5.810755E+3
5.911380E+2	5.852788E+3
5.913932E+2	5.896848E+3
5.916485E+2	5.939056E+3
5.919037E+2	5.982553E+3
5.921589E+2	6.023946E+3
5.924141E+2	6.066132E+3
5.926693E+2	6.109220E+3
5.929245E+2	6.153170E+3
5.931797E+2	6.196619E+3
5.934349E+2	6.240138E+3
5.936900E+2	6.283023E+3
5.939452E+2	6.326504E+3
5.942004E+2	6.368875E+3
5.944555E+2	6.413099E+3
5.947106E+2	6.457460E+3
5.949658E+2	6.501384E+3
5.952209E+2	6.546444E+3
5.954760E+2	6.591586E+3
5.957311E+2	6.635444E+3
5.959862E+2	6.680329E+3
5.962413E+2	6.726542E+3
5.964963E+2	6.771318E+3
5.967514E+2	6.816613E+3
5.970065E+2	6.861870E+3
5.972615E+2	6.908591E+3
5.975166E+2	6.954323E+3
5.977716E+2	7.000056E+3
5.980266E+2	7.046531E+3
5.982816E+2	7.092017E+3
5.985367E+2	7.137132E+3
5.987917E+2	7.184307E+3
5.990467E+2	7.229941E+3
5.993016E+2	7.276553E+3
5.995566E+2	7.323116E+3
5.998116E+2	7.369476E+3
6.000665E+2	7.416225E+3
6.003215E+2	7.460471E+3
6.005764E+2	7.507067E+3
6.008314E+2	7.553493E+3
6.010863E+2	7.600914E+3
6.013412E+2	7.646706E+3
6.015961E+2	7.692662E+3
6.018510E+2	7.739078E+3
6.021059E+2	7.785313E+3
6.023608E+2	7.831220E+3
6.026157E+2	7.877313E+3
6.028706E+2	7.923761E+3
6.031254E+2	7.968673E+3
6.033803E+2	8.013591E+3
6.036351E+2	8.057990E+3
6.038900E+2	8.102853E+3
6.041448E+2	8.149378E+3
6.043996E+2	8.195646E+3
6.046544E+2	8.239761E+3
6.049092E+2	8.284996E+3
6.051640E+2	8.331837E+3
6.054188E+2	8.378356E+3
6.056736E+2	8.423706E+3
6.059283E+2	8.468952E+3
6.061831E+2	8.513870E+3
6.064378E+2	8.558608E+3
6.066926E+2	8.603608E+3
6.069473E+2	8.648662E+3
6.072021E+2	8.693766E+3
6.074568E+2	8.736209E+3
6.077115E+2	8.780821E+3
6.079662E+2	8.825121E+3
6.082209E+2	8.869509E+3
6.084756E+2	8.912706E+3
6.087302E+2	8.958034E+3
6.089849E+2	9.001405E+3
6.092396E+2	9.044864E+3
6.094942E+2	9.089733E+3
6.097489E+2	9.136012E+3
6.100035E+2	9.179116E+3
6.102581E+2	9.222127E+3
6.105127E+2	9.265373E+3
6.107674E+2	9.307569E+3
6.110220E+2	9.349886E+3
6.112766E+2	9.393187E+3
6.115311E+2	9.435274E+3
6.117857E+2	9.477531E+3
6.120403E+2	9.520558E+3
6.122948E+2	9.561935E+3
6.125494E+2	9.602362E+3
6.128039E+2	9.642225E+3
6.130585E+2	9.684061E+3
6.133130E+2	9.725471E+3
6.135675E+2	9.766853E+3
6.138220E+2	9.808285E+3
6.140765E+2	9.849657E+3
6.143310E+2	9.890170E+3
6.145855E+2	9.930711E+3
6.148400E+2	9.969941E+3
6.150945E+2	1.000824E+4
6.153489E+2	1.004763E+4
6.156034E+2	1.008693E+4
6.158578E+2	1.012796E+4
6.161123E+2	1.016666E+4
6.163667E+2	1.020507E+4
6.166211E+2	1.024333E+4
6.168755E+2	1.028225E+4
6.171299E+2	1.032326E+4
6.173843E+2	1.036333E+4
6.176387E+2	1.040180E+4
6.178931E+2	1.043926E+4
6.181474E+2	1.047770E+4
6.184018E+2	1.051553E+4
6.186561E+2	1.055502E+4
6.189105E+2	1.059448E+4
6.191648E+2	1.063473E+4
6.194191E+2	1.067244E+4
6.196735E+2	1.071014E+4
6.199278E+2	1.074697E+4
6.201821E+2	1.078565E+4
6.204364E+2	1.082159E+4
6.206907E+2	1.085626E+4
6.209449E+2	1.089276E+4
6.211992E+2	1.092946E+4
6.214535E+2	1.096491E+4
6.217077E+2	1.100265E+4
6.219619E+2	1.103921E+4
6.222162E+2	1.107507E+4
6.224704E+2	1.110962E+4
6.227246E+2	1.114500E+4
6.229788E+2	1.118025E+4
6.232330E+2	1.121622E+4
6.234872E+2	1.125179E+4
6.237414E+2	1.128600E+4
6.239956E+2	1.131986E+4
6.242498E+2	1.135305E+4
6.245039E+2	1.138635E+4
6.247581E+2	1.142203E+4
6.250122E+2	1.145337E+4
6.252663E+2	1.148528E+4
6.255205E+2	1.151790E+4
6.257746E+2	1.154820E+4
6.260287E+2	1.157806E+4
6.262828E+2	1.160774E+4
6.265369E+2	1.163904E+4
6.267910E+2	1.166765E+4
6.270450E+2	1.169642E+4
6.272991E+2	1.172390E+4
6.275532E+2	1.175019E+4
6.278072E+2	1.177557E+4
6.280613E+2	1.180220E+4
6.283153E+2	1.182733E+4
6.285693E+2	1.185248E+4
6.288233E+2	1.187509E+4
6.290773E+2	1.189873E+4
6.293313E+2	1.191941E+4
6.295853E+2	1.194200E+4
6.298393E+2	1.196460E+4
6.300933E+2	1.198435E+4
6.303472E+2	1.200437E+4
6.306012E+2	1.202306E+4
6.308551E+2	1.204067E+4
6.311091E+2	1.205774E+4
6.313630E+2	1.207507E+4
6.316169E+2	1.209084E+4
6.318709E+2	1.210526E+4
6.321248E+2	1.211757E+4
6.323787E+2	1.213048E+4
6.326326E+2	1.213908E+4
6.328864E+2	1.214798E+4
6.331403E+2	1.215865E+4
6.333942E+2	1.216670E+4
6.336480E+2	1.217431E+4
6.339019E+2	1.218055E+4
6.341557E+2	1.218548E+4
6.344095E+2	1.219065E+4
6.346634E+2	1.219396E+4
6.349172E+2	1.219460E+4
6.351710E+2	1.219438E+4
6.354248E+2	1.219568E+4
6.356786E+2	1.219473E+4
6.359324E+2	1.219460E+4
6.361861E+2	1.219171E+4
6.364399E+2	1.218636E+4
6.366936E+2	1.217904E+4
6.369474E+2	1.217554E+4
6.372011E+2	1.216648E+4
6.374549E+2	1.215894E+4
6.377086E+2	1.214930E+4
6.379623E+2	1.213907E+4
6.382160E+2	1.212777E+4
6.384697E+2	1.211525E+4
6.387234E+2	1.210223E+4
6.389771E+2	1.208877E+4
6.392307E+2	1.207559E+4
6.394844E+2	1.206133E+4
6.397380E+2	1.204556E+4
6.399917E+2	1.202928E+4
6.402453E+2	1.200977E+4
6.404990E+2	1.199116E+4
6.407526E+2	1.196936E+4
6.410062E+2	1.194706E+4
6.412598E+2	1.192595E+4
6.415134E+2	1.190201E+4
6.417670E+2	1.187996E+4
6.420206E+2	1.185392E+4
6.422741E+2	1.182892E+4
6.425277E+2	1.180368E+4
6.427812E+2	1.177724E+4
6.430348E+2	1.174991E+4
6.432883E+2	1.172459E+4
6.435418E+2	1.169703E+4
6.437954E+2	1.166960E+4
6.440489E+2	1.164108E+4
6.443024E+2	1.161231E+4
6.445559E+2	1.158254E+4
6.448094E+2	1.155374E+4
6.450628E+2	1.152082E+4
6.453163E+2	1.148963E+4
6.455698E+2	1.145868E+4
6.458232E+2	1.142683E+4
6.460767E+2	1.139490E+4
6.463301E+2	1.136335E+4
6.465835E+2	1.132974E+4
6.468369E+2	1.129552E+4
6.470903E+2	1.126144E+4
6.473437E+2	1.122827E+4
6.475971E+2	1.119530E+4
6.478505E+2	1.115981E+4
6.481039E+2	1.112663E+4
6.483573E+2	1.109288E+4
6.486106E+2	1.105818E+4
6.488640E+2	1.102407E+4
6.491173E+2	1.098925E+4
6.493706E+2	1.095476E+4
6.496240E+2	1.091943E+4
6.498773E+2	1.088560E+4
6.501306E+2	1.084894E+4
6.503839E+2	1.081689E+4
6.506372E+2	1.078408E+4
6.508905E+2	1.074907E+4
6.511437E+2	1.071555E+4
6.513970E+2	1.068279E+4
6.516503E+2	1.065033E+4
6.519035E+2	1.061886E+4
6.521567E+2	1.058758E+4
6.524100E+2	1.055333E+4
6.526632E+2	1.052091E+4
6.529164E+2	1.048655E+4
6.531696E+2	1.045491E+4
6.534228E+2	1.042436E+4
6.536760E+2	1.039245E+4
6.539292E+2	1.036114E+4
6.541824E+2	1.032957E+4
6.544355E+2	1.029825E+4
6.546887E+2	1.026562E+4
6.549418E+2	1.023498E+4
6.551950E+2	1.020445E+4
6.554481E+2	1.017338E+4
6.557012E+2	1.014283E+4
6.559543E+2	1.011332E+4
6.562074E+2	1.008484E+4
6.564605E+2	1.005692E+4
6.567136E+2	1.002806E+4
6.569667E+2	1.000124E+4
6.572198E+2	9.973083E+3
6.574728E+2	9.945362E+3
6.577259E+2	9.918236E+3
6.579789E+2	9.891875E+3
6.582319E+2	9.866012E+3
6.584850E+2	9.840449E+3
6.587380E+2	9.814007E+3
6.589910E+2	9.789728E+3
6.592440E+2	9.765433E+3
6.594970E+2	9.739963E+3
6.597500E+2	9.717351E+3
6.600030E+2	9.693001E+3
6.602559E+2	9.669832E+3
6.605089E+2	9.648236E+3
6.607618E+2	9.624132E+3
6.610148E+2	9.601875E+3
6.612677E+2	9.578635E+3
6.615206E+2	9.558575E+3
6.617736E+2	9.537231E+3
6.620265E+2	9.515695E+3
6.622794E+2	9.494028E+3
6.625323E+2	9.473241E+3
6.627851E+2	9.451427E+3
6.630380E+2	9.430881E+3
6.632909E+2	9.412028E+3
6.635437E+2	9.393586E+3
6.637966E+2	9.373023E+3
6.640494E+2	9.353455E+3
6.643023E+2	9.335209E+3
6.645551E+2	9.315449E+3
6.648079E+2	9.296067E+3
6.650607E+2	9.277640E+3
6.653135E+2	9.258220E+3
6.655663E+2	9.241985E+3
6.658191E+2	9.223078E+3
6.660718E+2	9.206706E+3
6.663246E+2	9.190422E+3
6.665774E+2	9.174411E+3
6.668301E+2	9.154886E+3
6.670828E+2	9.139476E+3
6.673356E+2	9.121985E+3
6.675883E+2	9.106099E+3
6.678410E+2	9.090476E+3
6.680937E+2	9.074001E+3
6.683464E+2	9.059591E+3
6.685991E+2	9.044575E+3
6.688518E+2	9.027231E+3
6.691044E+2	9.011575E+3
6.693571E+2	8.996996E+3
6.696098E+2	8.981684E+3
6.698624E+2	8.964925E+3
6.701150E+2	8.949323E+3
6.703677E+2	8.932613E+3
6.706203E+2	8.914957E+3
6.708729E+2	8.897952E+3
6.711255E+2	8.880968E+3
6.713781E+2	8.864679E+3
6.716307E+2	8.847782E+3
6.718832E+2	8.831526E+3
6.721358E+2	8.814946E+3
6.723884E+2	8.799853E+3
6.726409E+2	8.783586E+3
6.728935E+2	8.767651E+3
6.731460E+2	8.752296E+3
6.733985E+2	8.736897E+3
6.736510E+2	8.721772E+3
6.739035E+2	8.706340E+3
6.741560E+2	8.691640E+3
6.744085E+2	8.675722E+3
6.746610E+2	8.660471E+3
6.749135E+2	8.645952E+3
6.751660E+2	8.631001E+3
6.754184E+2	8.615952E+3
6.756709E+2	8.601722E+3
6.759233E+2	8.586957E+3
6.761757E+2	8.572728E+3
6.764282E+2	8.558007E+3
6.766806E+2	8.543968E+3
6.769330E+2	8.527657E+3
6.771854E+2	8.511690E+3
6.774378E+2	8.496017E+3
6.776901E+2	8.479815E+3
6.779425E+2	8.463132E+3
6.781949E+2	8.447826E+3
6.784472E+2	8.432422E+3
6.786996E+2	8.415547E+3
6.789519E+2	8.398160E+3
6.792042E+2	8.381307E+3
6.794566E+2	8.364313E+3
6.797089E+2	8.347247E+3
6.799612E+2	8.330941E+3
6.802135E+2	8.315482E+3
6.804657E+2	8.300318E+3
6.807180E+2	8.284017E+3
6.809703E+2	8.267941E+3
6.812226E+2	8.253416E+3
6.814748E+2	8.237651E+3
6.817270E+2	8.222930E+3
6.819793E+2	8.206471E+3
6.822315E+2	8.192241E+3
6.824837E+2	8.177099E+3
6.827359E+2	8.163935E+3
6.829881E+2	8.149498E+3
6.832403E+2	8.134963E+3
6.834925E+2	8.121291E+3
6.837447E+2	8.106608E+3
6.839968E+2	8.091307E+3
6.842490E+2	8.075848E+3
6.845011E+2	8.061580E+3
6.847533E+2	8.046078E+3
6.850054E+2	8.031067E+3
6.852575E+2	8.016154E+3
6.855097E+2	8.001078E+3
6.857618E+2	7.986012E+3
6.860139E+2	7.971149E+3
6.862659E+2	7.957657E+3
6.865180E+2	7.943149E+3
6.867701E+2	7.926804E+3
6.870222E+2	7.912099E+3
6.872742E+2	7.897635E+3
6.875263E+2	7.884777E+3
6.877783E+2	7.871039E+3
6.880303E+2	7.856996E+3
6.882823E+2	7.844400E+3
6.885343E+2	7.831952E+3
6.887864E+2	7.819438E+3
6.890383E+2	7.807597E+3
6.892903E+2	7.795504E+3
6.895423E+2	7.782968E+3
6.897943E+2	7.771422E+3
6.900462E+2	7.759793E+3
6.902982E+2	7.750110E+3
6.905501E+2	7.739252E+3
6.908021E+2	7.730209E+3
6.910540E+2	7.719061E+3
6.913059E+2	7.707586E+3
6.915578E+2	7.695449E+3
6.918097E+2	7.683586E+3
6.920616E+2	7.672914E+3
6.923135E+2	7.659695E+3
6.925654E+2	7.647460E+3
6.928172E+2	7.637028E+3
6.930691E+2	7.625974E+3
6.933209E+2	7.614231E+3
6.935728E+2	7.602362E+3
6.938246E+2	7.589930E+3
6.940764E+2	7.578088E+3
6.943282E+2	7.565996E+3
6.945800E+2	7.555422E+3
6.948318E+2	7.543285E+3
6.950836E+2	7.530788E+3
6.953354E+2	7.519679E+3
6.955872E+2	7.507345E+3
6.958389E+2	7.496023E+3
6.960907E+2	7.484903E+3
6.963424E+2	7.473394E+3
6.965942E+2	7.461996E+3
6.968459E+2	7.450356E+3
6.970976E+2	7.439094E+3
6.973493E+2	7.429263E+3
6.976010E+2	7.419963E+3
6.978527E+2	7.410088E+3
6.981044E+2	7.399515E+3
6.983561E+2	7.390389E+3
6.986077E+2	7.381269E+3
6.988594E+2	7.371629E+3
6.991110E+2	7.362498E+3
6.993627E+2	7.354258E+3
6.996143E+2	7.346722E+3
6.998659E+2	7.336187E+3
7.001175E+2	7.327061E+3
7.003692E+2	7.316761E+3
7.006207E+2	7.306384E+3
7.008723E+2	7.295198E+3
7.011239E+2	7.284001E+3
7.013755E+2	7.272225E+3
7.016271E+2	7.258728E+3
7.018786E+2	7.246373E+3
7.021302E+2	7.233586E+3
7.023817E+2	7.219624E+3
7.026332E+2	7.205116E+3
7.028847E+2	7.190241E+3
7.031362E+2	7.175362E+3
7.033878E+2	7.162039E+3
7.036392E+2	7.147930E+3
7.038907E+2	7.134105E+3
7.041422E+2	7.119777E+3
7.043937E+2	7.104990E+3
7.046451E+2	7.091892E+3
7.048966E+2	7.078864E+3
7.051480E+2	7.065608E+3
7.053995E+2	7.052231E+3
7.056509E+2	7.037181E+3
7.059023E+2	7.024837E+3
7.061537E+2	7.011170E+3
7.064051E+2	6.998028E+3
7.066565E+2	6.986258E+3
7.069079E+2	6.975187E+3
7.071593E+2	6.963001E+3
7.074106E+2	6.951679E+3
7.076620E+2	6.941498E+3
7.079133E+2	6.930526E+3
7.081647E+2	6.918761E+3
7.084160E+2	6.907755E+3
7.086673E+2	6.897373E+3
7.089186E+2	6.885651E+3
7.091699E+2	6.873034E+3
7.094212E+2	6.859908E+3
7.096725E+2	6.846078E+3
7.099238E+2	6.831777E+3
7.101751E+2	6.816903E+3
7.104263E+2	6.803684E+3
7.106776E+2	6.787613E+3
7.109288E+2	6.771597E+3
7.111800E+2	6.754427E+3
7.114313E+2	6.737946E+3
7.116825E+2	6.721110E+3
7.119337E+2	6.705105E+3
7.121849E+2	6.687640E+3
7.124361E+2	6.668946E+3
7.126873E+2	6.651198E+3
7.129384E+2	6.633067E+3
7.131896E+2	6.616094E+3
7.134408E+2	6.598564E+3
7.136919E+2	6.580340E+3
7.139430E+2	6.563274E+3
7.141942E+2	6.548045E+3
7.144453E+2	6.532668E+3
7.146964E+2	6.517509E+3
7.149475E+2	6.503476E+3
7.151986E+2	6.493094E+3
7.154497E+2	6.481711E+3
7.157008E+2	6.470629E+3
7.159518E+2	6.460651E+3
7.162029E+2	6.451957E+3
7.164540E+2	6.444422E+3
7.167050E+2	6.437263E+3
7.169560E+2	6.431755E+3
7.172071E+2	6.423815E+3
7.174581E+2	6.416821E+3
7.177091E+2	6.409706E+3
7.179601E+2	6.401886E+3
7.182111E+2	6.393662E+3
7.184621E+2	6.383493E+3
7.187130E+2	6.372203E+3
7.189640E+2	6.361602E+3
7.192150E+2	6.347930E+3
7.194659E+2	6.334138E+3
7.197169E+2	6.319214E+3
7.199678E+2	6.304690E+3
7.202187E+2	6.289214E+3
7.204696E+2	6.273181E+3
7.207205E+2	6.256149E+3
7.209714E+2	6.241416E+3
7.212223E+2	6.225078E+3
7.214732E+2	6.209542E+3
7.217241E+2	6.196422E+3
7.219749E+2	6.183788E+3
7.222258E+2	6.172427E+3
7.224766E+2	6.164471E+3
7.227274E+2	6.158039E+3
7.229783E+2	6.154001E+3
7.232291E+2	6.152547E+3
7.234799E+2	6.153138E+3
7.237307E+2	6.156028E+3
7.239815E+2	6.159766E+3
7.242323E+2	6.165460E+3
7.244830E+2	6.171935E+3
7.247338E+2	6.179526E+3
7.249846E+2	6.188416E+3
7.252353E+2	6.197613E+3
7.254861E+2	6.207996E+3
7.257368E+2	6.215733E+3
7.259875E+2	6.225187E+3
7.262382E+2	6.234892E+3
7.264889E+2	6.243236E+3
7.267396E+2	6.250509E+3
7.269903E+2	6.257673E+3
7.272410E+2	6.262384E+3
7.274917E+2	6.267302E+3
7.277423E+2	6.271416E+3
7.279930E+2	6.274269E+3
7.282436E+2	6.278099E+3
7.284942E+2	6.279553E+3
7.287449E+2	6.282772E+3
7.289955E+2	6.286591E+3
7.292461E+2	6.289531E+3
7.294967E+2	6.293252E+3
7.297473E+2	6.297640E+3
7.299979E+2	6.300728E+3
7.302484E+2	6.304362E+3
7.304990E+2	6.306160E+3
7.307496E+2	6.310034E+3
7.310001E+2	6.316209E+3
7.312507E+2	6.325373E+3
7.315012E+2	6.337110E+3
7.317517E+2	6.350389E+3
7.320022E+2	6.369045E+3
7.322527E+2	6.393291E+3
7.325032E+2	6.423914E+3
7.327537E+2	6.458908E+3
7.330042E+2	6.496711E+3
7.332547E+2	6.536313E+3
7.335051E+2	6.579323E+3
7.337556E+2	6.626684E+3
7.340060E+2	6.681706E+3
7.342564E+2	6.746302E+3
7.345069E+2	6.817088E+3
7.347573E+2	6.885580E+3
7.350077E+2	6.945870E+3
7.352581E+2	6.993968E+3
7.355085E+2	7.041012E+3
7.357589E+2	7.101711E+3
7.360092E+2	7.183679E+3
7.362596E+2	7.285739E+3
7.365100E+2	7.399635E+3
7.367603E+2	7.511318E+3
7.370106E+2	7.612078E+3
7.372610E+2	7.698832E+3
7.375113E+2	7.777684E+3
7.377616E+2	7.853394E+3
7.380119E+2	7.933007E+3
7.382622E+2	8.023416E+3
7.385125E+2	8.121400E+3
7.387628E+2	8.222914E+3
7.390130E+2	8.327296E+3
7.392633E+2	8.437755E+3
7.395135E+2	8.555269E+3
7.397638E+2	8.681083E+3
7.400140E+2	8.816149E+3
7.402642E+2	8.961334E+3
7.405144E+2	9.108509E+3
7.407647E+2	9.255821E+3
7.410149E+2	9.404815E+3
7.412650E+2	9.542553E+3
7.415152E+2	9.669755E+3
7.417654E+2	9.799116E+3
7.420156E+2	9.938280E+3
7.422657E+2	1.008748E+4
7.425159E+2	1.023759E+4
7.427660E+2	1.037660E+4
7.430161E+2	1.049784E+4
7.432662E+2	1.060774E+4
7.435164E+2	1.074303E+4
7.437665E+2	1.089919E+4
7.440165E+2	1.105436E+4
7.442666E+2	1.120876E+4
7.445167E+2	1.136320E+4
7.447668E+2	1.151630E+4
7.450168E+2	1.166835E+4
7.452669E+2	1.181165E+4
7.455169E+2	1.193912E+4
7.457669E+2	1.205448E+4
7.460170E+2	1.216421E+4
7.462670E+2	1.227802E+4
7.465170E+2	1.239782E+4
7.467670E+2	1.253183E+4
7.470170E+2	1.267323E+4
7.472670E+2	1.280973E+4
7.475169E+2	1.294067E+4
7.477669E+2	1.306702E+4
7.480168E+2	1.318991E+4
7.482668E+2	1.331068E+4
7.485167E+2	1.343050E+4
7.487666E+2	1.354723E+4
7.490166E+2	1.366025E+4
7.492665E+2	1.374174E+4
7.495164E+2	1.380454E+4
7.497663E+2	1.385503E+4
7.500161E+2	1.389870E+4
7.502660E+2	1.394029E+4
7.505159E+2	1.398189E+4
7.507657E+2	1.402136E+4
7.510156E+2	1.405102E+4
7.512654E+2	1.406397E+4
7.515152E+2	1.405577E+4
7.517651E+2	1.403715E+4
7.520149E+2	1.402167E+4
7.522647E+2	1.402334E+4
7.525145E+2	1.404818E+4
7.527643E+2	1.408430E+4
7.530140E+2	1.412143E+4
7.532638E+2	1.414496E+4
7.535136E+2	1.414687E+4
7.537633E+2	1.413461E+4
7.540131E+2	1.412659E+4
7.542628E+2	1.413535E+4
7.545125E+2	1.416131E+4
7.547622E+2	1.419104E+4
7.550119E+2	1.421288E+4
7.552616E+2	1.422538E+4
7.555113E+2	1.422627E+4
7.557610E+2	1.422219E+4
7.560107E+2	1.420801E+4
7.562603E+2	1.417802E+4
7.565100E+2	1.414265E+4
7.567596E+2	1.410756E+4
7.570093E+2	1.406135E+4
7.572589E+2	1.399138E+4
7.575085E+2	1.389471E+4
7.577581E+2	1.378286E+4
7.580077E+2	1.367104E+4
7.582573E+2	1.356923E+4
7.585069E+2	1.346599E+4
7.587565E+2	1.332503E+4
7.590060E+2	1.315485E+4
7.592556E+2	1.298314E+4
7.595051E+2	1.281101E+4
7.597547E+2	1.264264E+4
7.600042E+2	1.247771E+4
7.602537E+2	1.231557E+4
7.605032E+2	1.216556E+4
7.607527E+2	1.203460E+4
7.610022E+2	1.191849E+4
7.612517E+2	1.180848E+4
7.615012E+2	1.169482E+4
7.617507E+2	1.157444E+4
7.620001E+2	1.143694E+4
7.622496E+2	1.128772E+4
7.624990E+2	1.113665E+4
7.627485E+2	1.098192E+4
7.629979E+2	1.082480E+4
7.632473E+2	1.066936E+4
7.634967E+2	1.051587E+4
7.637461E+2	1.036402E+4
7.639955E+2	1.021505E+4
7.642449E+2	1.007045E+4
7.644942E+2	9.951094E+3
7.647436E+2	9.840394E+3
7.649930E+2	9.736329E+3
7.652423E+2	9.641673E+3
7.654916E+2	9.558203E+3
7.657410E+2	9.485908E+3
7.659903E+2	9.419061E+3
7.662396E+2	9.348810E+3
7.664889E+2	9.276367E+3
7.667382E+2	9.203061E+3
7.669875E+2	9.129334E+3
7.672367E+2	9.054886E+3
7.674860E+2	8.972739E+3
7.677353E+2	8.879591E+3
7.679845E+2	8.781952E+3
7.682337E+2	8.683591E+3
7.684830E+2	8.592050E+3
7.687322E+2	8.509597E+3
7.689814E+2	8.431853E+3
7.692306E+2	8.343750E+3
7.694798E+2	8.235389E+3
7.697290E+2	8.104537E+3
7.699782E+2	7.961509E+3
7.702273E+2	7.814394E+3
7.704765E+2	7.665138E+3
7.707256E+2	7.516427E+3
7.709748E+2	7.373886E+3
7.712239E+2	7.248209E+3
7.714730E+2	7.144291E+3
7.717222E+2	7.061198E+3
7.719713E+2	6.989050E+3
7.722204E+2	6.926520E+3
7.724694E+2	6.879438E+3
7.727185E+2	6.851138E+3
7.729676E+2	6.840127E+3
7.732167E+2	6.842892E+3
7.734657E+2	6.854640E+3
7.737147E+2	6.874258E+3
7.739638E+2	6.900121E+3
7.742128E+2	6.927482E+3
7.744618E+2	6.948487E+3
7.747108E+2	6.962968E+3
7.749598E+2	6.967668E+3
7.752088E+2	6.964039E+3
7.754578E+2	6.954061E+3
7.757068E+2	6.937985E+3
7.759557E+2	6.915427E+3
7.762047E+2	6.888504E+3
7.764536E+2	6.856078E+3
7.767026E+2	6.818007E+3
7.769515E+2	6.774394E+3
7.772004E+2	6.727640E+3
7.774493E+2	6.682318E+3
7.776982E+2	6.637170E+3
7.779471E+2	6.597143E+3
7.781960E+2	6.562099E+3
7.784449E+2	6.527416E+3
7.786938E+2	6.494908E+3
7.789426E+2	6.463597E+3
7.791915E+2	6.431952E+3
7.794403E+2	6.398591E+3
7.796891E+2	6.364843E+3
7.799380E+2	6.330668E+3
7.801868E+2	6.296629E+3
7.804356E+2	6.261176E+3
7.806844E+2	6.223569E+3
7.809332E+2	6.184777E+3
7.811819E+2	6.143788E+3
7.814307E+2	6.103662E+3
7.816795E+2	6.063728E+3
7.819282E+2	6.025427E+3
7.821770E+2	5.989001E+3
7.824257E+2	5.954438E+3
7.826744E+2	5.922017E+3
7.829231E+2	5.892247E+3
7.831718E+2	5.863651E+3
7.834205E+2	5.835684E+3
7.836692E+2	5.806925E+3
7.839179E+2	5.778575E+3
7.841666E+2	5.748028E+3
7.844152E+2	5.714427E+3
7.846639E+2	5.677537E+3
7.849125E+2	5.635067E+3
7.851612E+2	5.589498E+3
7.854098E+2	5.544132E+3
7.856584E+2	5.496985E+3
7.859070E+2	5.447258E+3
7.861556E+2	5.390996E+3
7.864042E+2	5.326056E+3
7.866528E+2	5.253619E+3
7.869014E+2	5.176772E+3
7.871499E+2	5.098750E+3
7.873985E+2	5.021886E+3
7.876470E+2	4.943662E+3
7.878956E+2	4.863810E+3
7.881441E+2	4.782116E+3
7.883926E+2	4.698045E+3
7.886411E+2	4.614935E+3
7.888896E+2	4.536930E+3
7.891381E+2	4.463624E+3
7.893866E+2	4.397990E+3
7.896351E+2	4.339072E+3
7.898835E+2	4.286154E+3
7.901320E+2	4.238542E+3
7.903804E+2	4.196832E+3
7.906289E+2	4.158389E+3
7.908773E+2	4.124875E+3
7.911257E+2	4.094127E+3
7.913742E+2	4.065553E+3
7.916226E+2	4.041405E+3
7.918709E+2	4.020722E+3
7.921193E+2	4.003848E+3
7.923677E+2	3.989908E+3
7.926161E+2	3.976466E+3
7.928644E+2	3.964181E+3
7.931128E+2	3.949110E+3
7.933611E+2	3.930094E+3
7.936095E+2	3.907772E+3
7.938578E+2	3.880405E+3
7.941061E+2	3.849017E+3
7.943544E+2	3.814515E+3
7.946027E+2	3.777236E+3
7.948510E+2	3.738963E+3
7.950993E+2	3.701132E+3
7.953475E+2	3.665547E+3
7.955958E+2	3.632892E+3
7.958440E+2	3.603455E+3
7.960923E+2	3.577586E+3
7.963405E+2	3.554198E+3
7.965887E+2	3.531903E+3
7.968370E+2	3.510214E+3
7.970852E+2	3.488706E+3
7.973334E+2	3.465313E+3
7.975816E+2	3.440810E+3
7.978297E+2	3.415504E+3
7.980779E+2	3.389728E+3
7.983261E+2	3.363700E+3
7.985742E+2	3.338772E+3
7.988224E+2	3.315116E+3
7.990705E+2	3.291444E+3
7.993186E+2	3.269881E+3
7.995668E+2	3.251777E+3
7.998149E+2	3.235520E+3
8.000630E+2	3.224422E+3
8.003111E+2	3.216553E+3
8.005591E+2	3.212176E+3
8.008072E+2	3.212449E+3
8.010553E+2	3.215635E+3
8.013033E+2	3.220804E+3
8.015514E+2	3.227613E+3
8.017994E+2	3.236012E+3
8.020474E+2	3.244597E+3
8.022955E+2	3.253635E+3
8.025435E+2	3.262154E+3
8.027915E+2	3.269323E+3
8.030395E+2	3.277405E+3
8.032874E+2	3.285476E+3
8.035354E+2	3.294515E+3
8.037834E+2	3.302466E+3
8.040313E+2	3.311220E+3
8.042793E+2	3.320706E+3
8.045272E+2	3.331553E+3
8.047752E+2	3.344209E+3
8.050231E+2	3.358892E+3
8.052710E+2	3.376788E+3
8.055189E+2	3.396602E+3
8.057668E+2	3.420209E+3
8.060147E+2	3.446427E+3
8.062625E+2	3.475684E+3
8.065104E+2	3.509810E+3
8.067583E+2	3.547624E+3
8.070061E+2	3.590280E+3
8.072540E+2	3.638083E+3
8.075018E+2	3.690045E+3
8.077496E+2	3.747547E+3
8.079974E+2	3.809864E+3
8.082452E+2	3.874471E+3
8.084930E+2	3.940897E+3
8.087408E+2	4.010985E+3
8.089886E+2	4.081690E+3
8.092364E+2	4.154367E+3
8.094841E+2	4.229766E+3
8.097319E+2	4.310181E+3
8.099796E+2	4.393531E+3
8.102273E+2	4.480908E+3
8.104751E+2	4.572252E+3
8.107228E+2	4.667258E+3
8.109705E+2	4.766356E+3
8.112182E+2	4.870558E+3
8.114659E+2	4.980017E+3
8.117135E+2	5.095629E+3
8.119612E+2	5.216252E+3
8.122089E+2	5.342170E+3
8.124565E+2	5.470345E+3
8.127042E+2	5.599192E+3
8.129518E+2	5.725526E+3
8.131994E+2	5.846061E+3
8.134470E+2	5.958739E+3
8.136946E+2	6.058154E+3
8.139422E+2	6.141547E+3
8.141898E+2	6.208526E+3
8.144374E+2	6.257416E+3
8.146850E+2	6.289903E+3
8.149325E+2	6.309143E+3
8.151801E+2	6.317225E+3
8.154276E+2	6.319340E+3
8.156752E+2	6.317542E+3
8.159227E+2	6.312116E+3
8.161702E+2	6.305968E+3
8.164177E+2	6.299810E+3
8.166652E+2	6.293695E+3
8.169127E+2	6.287017E+3
8.171602E+2	6.280646E+3
8.174077E+2	6.274023E+3
8.176551E+2	6.270280E+3
8.179026E+2	6.269586E+3
8.181500E+2	6.271034E+3
8.183975E+2	6.277154E+3
8.186449E+2	6.286679E+3
8.188923E+2	6.302843E+3
8.191397E+2	6.324351E+3
8.193871E+2	6.353088E+3
8.196345E+2	6.387520E+3
8.198819E+2	6.428236E+3
8.201293E+2	6.475755E+3
8.203766E+2	6.526793E+3
8.206240E+2	6.579684E+3
8.208713E+2	6.630946E+3
8.211187E+2	6.678001E+3
8.213660E+2	6.719853E+3
8.216133E+2	6.750394E+3
8.218606E+2	6.771766E+3
8.221079E+2	6.781165E+3
8.223552E+2	6.776214E+3
8.226025E+2	6.758526E+3
8.228498E+2	6.728050E+3
8.230970E+2	6.685722E+3
8.233443E+2	6.634138E+3
8.235915E+2	6.575679E+3
8.238388E+2	6.508362E+3
8.240860E+2	6.436460E+3
8.243332E+2	6.358646E+3
8.245804E+2	6.275236E+3
8.248276E+2	6.184925E+3
8.250748E+2	6.088788E+3
8.253220E+2	5.986373E+3
8.255692E+2	5.877558E+3
8.258163E+2	5.761504E+3
8.260635E+2	5.639132E+3
8.263106E+2	5.508662E+3
8.265578E+2	5.370056E+3
8.268049E+2	5.222662E+3
8.270520E+2	5.067564E+3
8.272991E+2	4.904313E+3
8.275462E+2	4.736804E+3
8.277933E+2	4.567045E+3
8.280404E+2	4.397662E+3
8.282875E+2	4.232750E+3
8.285345E+2	4.074176E+3
8.287816E+2	3.927367E+3
8.290287E+2	3.796231E+3
8.292757E+2	3.681591E+3
8.295227E+2	3.584285E+3
8.297697E+2	3.503777E+3
8.300168E+2	3.436624E+3
8.302638E+2	3.380597E+3
8.305107E+2	3.331149E+3
8.307577E+2	3.285881E+3
8.310047E+2	3.243935E+3
8.312517E+2	3.203356E+3
8.314986E+2	3.163766E+3
8.317456E+2	3.124509E+3
8.319925E+2	3.086427E+3
8.322394E+2	3.048334E+3
8.324864E+2	3.010826E+3
8.327333E+2	2.970679E+3
8.329802E+2	2.928875E+3
8.332271E+2	2.884619E+3
8.334740E+2	2.835138E+3
8.337208E+2	2.781810E+3
8.339677E+2	2.721930E+3
8.342146E+2	2.655673E+3
8.344614E+2	2.581586E+3
8.347082E+2	2.500296E+3
8.349551E+2	2.411684E+3
8.352019E+2	2.315252E+3
8.354487E+2	2.212493E+3
8.356955E+2	2.104853E+3
8.359423E+2	1.994815E+3
8.361891E+2	1.884722E+3
8.364359E+2	1.775990E+3
8.366826E+2	1.673034E+3
8.369294E+2	1.574788E+3
8.371761E+2	1.483302E+3
8.374229E+2	1.399864E+3
8.376696E+2	1.325334E+3
8.379163E+2	1.257788E+3
8.381630E+2	1.197449E+3
8.384097E+2	1.145067E+3
8.386564E+2	1.098793E+3
8.389031E+2	1.058285E+3
8.391498E+2	1.022384E+3
8.393965E+2	9.911049E+2
8.396431E+2	9.628863E+2
8.398898E+2	9.378972E+2
8.401364E+2	9.158480E+2
8.403830E+2	8.957551E+2
8.406297E+2	8.767770E+2
8.408763E+2	8.598754E+2
8.411229E+2	8.437387E+2
8.413695E+2	8.279519E+2
8.416161E+2	8.130229E+2
8.418626E+2	7.987005E+2
8.421092E+2	7.842251E+2
8.423558E+2	7.701158E+2
8.426023E+2	7.570611E+2
8.428489E+2	7.438590E+2
8.430954E+2	7.308426E+2
8.433419E+2	7.179027E+2
8.435884E+2	7.053508E+2
8.438349E+2	6.931759E+2
8.440814E+2	6.811486E+2
8.443279E+2	6.692579E+2
8.445744E+2	6.578590E+2
8.448208E+2	6.462142E+2
8.450673E+2	6.348098E+2
8.453138E+2	6.233234E+2
8.455602E+2	6.114874E+2
8.458066E+2	5.997770E+2
8.460530E+2	5.874874E+2
8.462995E+2	5.752196E+2
8.465459E+2	5.632852E+2
8.467923E+2	5.507661E+2
8.470386E+2	5.378152E+2
8.472850E+2	5.247825E+2
8.475314E+2	5.116786E+2
8.477777E+2	4.990611E+2
8.480241E+2	4.863180E+2
8.482704E+2	4.733617E+2
8.485168E+2	4.607770E+2
8.487631E+2	4.478917E+2
8.490094E+2	4.351923E+2
8.492557E+2	4.225475E+2
8.495020E+2	4.104819E+2
8.497483E+2	3.984218E+2
8.499946E+2	3.866732E+2
8.502408E+2	3.749136E+2
8.504871E+2	3.633070E+2
8.507333E+2	3.515857E+2
8.509796E+2	3.403508E+2
8.512258E+2	3.295420E+2
8.514720E+2	3.190120E+2
8.517182E+2	3.085529E+2
8.519644E+2	2.983180E+2
8.522106E+2	2.884273E+2
8.524568E+2	2.791376E+2
8.527030E+2	2.696513E+2
8.529492E+2	2.607223E+2
8.531953E+2	2.521431E+2
8.534415E+2	2.437934E+2
8.536876E+2	2.356131E+2
8.539337E+2	2.279628E+2
8.541799E+2	2.206677E+2
8.544260E+2	2.138262E+2
8.546721E+2	2.074491E+2
8.549182E+2	2.011322E+2
8.551643E+2	1.953016E+2
8.554103E+2	1.895147E+2
8.556564E+2	1.838808E+2
8.559024E+2	1.783726E+2
8.561485E+2	1.731486E+2
8.563945E+2	1.685147E+2
8.566406E+2	1.641376E+2
8.568866E+2	1.596841E+2
8.571326E+2	1.557606E+2
8.573786E+2	1.519300E+2
8.576246E+2	1.481978E+2
8.578706E+2	1.447715E+2
8.581166E+2	1.415748E+2
8.583625E+2	1.386677E+2
8.586085E+2	1.359464E+2
8.588544E+2	1.327661E+2
8.591004E+2	1.299792E+2
8.593463E+2	1.272907E+2
8.595922E+2	1.248699E+2
8.598381E+2	1.224218E+2
8.600840E+2	1.201049E+2
8.603299E+2	1.176896E+2
8.605758E+2	1.151540E+2
8.608217E+2	1.125748E+2
8.610675E+2	1.104928E+2
8.613134E+2	1.080338E+2
8.615592E+2	1.053999E+2
8.618051E+2	1.031376E+2
8.620509E+2	1.007770E+2
8.622967E+2	9.867863E+1
8.625425E+2	9.656934E+1
8.627883E+2	9.425787E+1
8.630341E+2	9.197371E+1
8.632799E+2	9.003382E+1
8.635257E+2	8.831798E+1
8.637715E+2	8.630705E+1
8.640172E+2	8.445459E+1
8.642630E+2	8.309393E+1
8.645087E+2	8.129065E+1
8.647544E+2	7.963492E+1
8.650001E+2	7.817590E+1
8.652459E+2	7.650923E+1
8.654916E+2	7.504475E+1
8.657372E+2	7.362945E+1
8.659829E+2	7.218136E+1
8.662286E+2	7.059667E+1
8.664743E+2	6.923055E+1
8.667199E+2	6.806661E+1
8.669656E+2	6.668410E+1
8.672112E+2	6.573328E+1
8.674568E+2	6.455295E+1
8.677024E+2	6.363492E+1
8.679481E+2	6.259120E+1
8.681937E+2	6.144912E+1
8.684392E+2	6.033437E+1
8.686848E+2	5.958027E+1
8.689304E+2	5.892453E+1
8.691760E+2	5.821415E+1
8.694215E+2	5.770049E+1
8.696671E+2	5.695186E+1
8.699126E+2	5.623055E+1
8.701581E+2	5.552016E+1
8.704036E+2	5.470595E+1
8.706491E+2	5.413218E+1
8.708946E+2	5.325787E+1
8.711401E+2	5.273328E+1
8.713856E+2	5.198464E+1
8.716311E+2	5.119776E+1
8.718766E+2	5.067317E+1
8.721220E+2	4.984257E+1
8.723674E+2	4.932344E+1
8.726129E+2	4.875514E+1
8.728583E+2	4.826333E+1
8.731037E+2	4.775514E+1
8.733491E+2	4.688082E+1
8.735945E+2	4.608847E+1
8.738399E+2	4.574967E+1
8.740853E+2	4.547098E+1
8.743307E+2	4.503929E+1
8.745760E+2	4.442727E+1
8.748214E+2	4.387535E+1
8.750667E+2	4.340541E+1
8.753121E+2	4.266770E+1
8.755574E+2	4.232344E+1
8.758027E+2	4.169503E+1
8.760480E+2	4.103929E+1
8.762933E+2	4.046552E+1
8.765386E+2	4.008847E+1
8.767839E+2	3.949830E+1
8.770291E+2	3.906661E+1
8.772744E+2	3.834530E+1
8.775196E+2	3.778246E+1
8.777649E+2	3.725240E+1
8.780101E+2	3.699557E+1
8.782553E+2	3.648738E+1
8.785006E+2	3.587535E+1
8.787458E+2	3.532891E+1
8.789910E+2	3.501197E+1
8.792361E+2	3.451470E+1
8.794813E+2	3.423055E+1
8.797265E+2	3.384257E+1
8.799717E+2	3.330158E+1
8.802168E+2	3.278792E+1
8.804619E+2	3.243273E+1
8.807071E+2	3.206661E+1
8.809522E+2	3.155841E+1
8.811973E+2	3.131251E+1
8.814424E+2	3.091907E+1
8.816875E+2	3.040541E+1
8.819326E+2	3.024694E+1
8.821777E+2	2.973328E+1
8.824227E+2	2.917590E+1
8.826678E+2	2.884257E+1
8.829128E+2	2.858574E+1
8.831579E+2	2.841087E+1
8.834029E+2	2.826880E+1
8.836479E+2	2.786989E+1
8.838929E+2	2.778246E+1
8.841379E+2	2.758027E+1
8.843829E+2	2.711579E+1
8.846279E+2	2.697918E+1
8.848729E+2	2.683164E+1
8.851179E+2	2.667317E+1
8.853628E+2	2.630158E+1
8.856078E+2	2.589175E+1
8.858527E+2	2.557481E+1
8.860976E+2	2.529065E+1
8.863425E+2	2.509393E+1
8.865875E+2	2.478792E+1
8.868324E+2	2.430705E+1
8.870772E+2	2.368410E+1
8.873221E+2	2.344912E+1
8.875670E+2	2.296825E+1
8.878119E+2	2.256934E+1
8.880567E+2	2.241087E+1
8.883016E+2	2.253656E+1
8.885464E+2	2.214311E+1
8.887912E+2	2.203382E+1
8.890360E+2	2.169503E+1
8.892809E+2	2.131251E+1
8.895257E+2	2.106115E+1
8.897704E+2	2.083710E+1
8.900152E+2	2.050377E+1
8.902600E+2	2.051470E+1
8.905048E+2	2.039448E+1
8.907495E+2	2.055841E+1
8.909943E+2	2.041634E+1
8.912390E+2	2.009940E+1
8.914837E+2	1.977699E+1
8.917284E+2	1.973328E+1
8.919731E+2	1.967863E+1
8.922178E+2	1.954202E+1
8.924625E+2	1.936716E+1
8.927072E+2	1.934530E+1
8.929519E+2	1.902836E+1
8.931965E+2	1.884257E+1
8.934412E+2	1.881524E+1
8.936858E+2	1.896825E+1
8.939305E+2	1.895732E+1
8.941751E+2	1.880432E+1
8.944197E+2	1.858574E+1
8.946643E+2	1.835076E+1
8.949089E+2	1.819229E+1
8.951535E+2	1.805568E+1
8.953981E+2	1.776060E+1
8.956426E+2	1.779339E+1
8.958872E+2	1.754748E+1
8.961317E+2	1.737809E+1
8.963763E+2	1.715951E+1
8.966208E+2	1.718136E+1
8.968653E+2	1.700650E+1
8.971098E+2	1.691361E+1
8.973543E+2	1.702836E+1
8.975988E+2	1.686989E+1
8.978433E+2	1.678246E+1
8.980878E+2	1.657481E+1
8.983323E+2	1.650923E+1
8.985767E+2	1.653109E+1
8.988212E+2	1.624147E+1
8.990656E+2	1.614311E+1
8.993100E+2	1.619776E+1
8.995545E+2	1.589721E+1
8.997989E+2	1.549284E+1
9.000433E+2	1.512126E+1
9.002877E+2	1.487535E+1
9.005320E+2	1.496279E+1
9.007764E+2	1.508300E+1
9.010208E+2	1.511033E+1
9.012651E+2	1.508847E+1
9.015095E+2	1.522508E+1
9.017538E+2	1.532891E+1
9.019981E+2	1.566224E+1
9.022425E+2	1.562399E+1
9.024868E+2	1.589175E+1
9.027311E+2	1.578246E+1
9.029754E+2	1.572781E+1
9.032196E+2	1.544912E+1
9.034639E+2	1.556388E+1
9.037082E+2	1.519776E+1
9.039524E+2	1.513218E+1
9.041967E+2	1.511579E+1
9.044409E+2	1.533437E+1
9.046851E+2	1.559667E+1
9.049293E+2	1.589175E+1
9.051736E+2	1.559120E+1
9.054177E+2	1.520869E+1
9.056619E+2	1.497371E+1
9.059061E+2	1.501743E+1
9.061503E+2	1.515951E+1
9.063944E+2	1.513218E+1
9.066386E+2	1.499557E+1
9.068827E+2	1.491361E+1
9.071269E+2	1.520869E+1
9.073710E+2	1.530158E+1
9.076151E+2	1.515951E+1
9.078592E+2	1.537809E+1
9.081033E+2	1.552563E+1
9.083474E+2	1.556388E+1
9.085915E+2	1.529612E+1
9.088355E+2	1.482071E+1
9.090796E+2	1.489721E+1
9.093236E+2	1.489721E+1
9.095677E+2	1.486442E+1
9.098117E+2	1.477699E+1
9.100557E+2	1.483710E+1
9.102997E+2	1.476606E+1
9.105437E+2	1.480432E+1
9.107877E+2	1.524147E+1
9.110317E+2	1.527426E+1
9.112757E+2	1.535076E+1
9.115197E+2	1.534530E+1
9.117636E+2	1.514858E+1
9.120076E+2	1.502836E+1
9.122515E+2	1.456388E+1
9.124954E+2	1.439448E+1
9.127393E+2	1.457481E+1
9.129832E+2	1.480978E+1
9.132271E+2	1.494639E+1
9.134710E+2	1.497371E+1
9.137149E+2	1.513218E+1
9.139588E+2	1.513765E+1
9.142026E+2	1.513218E+1
9.144465E+2	1.506661E+1
9.146903E+2	1.489175E+1
9.149342E+2	1.466224E+1
9.151780E+2	1.477699E+1
9.154218E+2	1.458574E+1
9.156656E+2	1.439448E+1
9.159094E+2	1.424147E+1
9.161532E+2	1.407208E+1
9.163970E+2	1.375514E+1
9.166408E+2	1.375514E+1
9.168845E+2	1.379339E+1
9.171283E+2	1.370595E+1
9.173720E+2	1.376060E+1
9.176157E+2	1.403382E+1
9.178595E+2	1.389175E+1
9.181032E+2	1.407754E+1
9.183469E+2	1.400650E+1
9.185906E+2	1.417590E+1
9.188343E+2	1.415951E+1
9.190779E+2	1.436716E+1
9.193216E+2	1.418683E+1
9.195653E+2	1.422508E+1
9.198089E+2	1.395732E+1
9.200525E+2	1.394093E+1
9.202962E+2	1.424694E+1
9.205398E+2	1.422508E+1
9.207834E+2	1.412672E+1
9.210270E+2	1.419229E+1
9.212706E+2	1.442727E+1
9.215142E+2	1.465131E+1
9.217577E+2	1.473328E+1
9.220013E+2	1.450923E+1
9.222449E+2	1.421415E+1
9.224884E+2	1.447645E+1
9.227319E+2	1.423601E+1
9.229755E+2	1.397918E+1
9.232190E+2	1.375514E+1
9.234625E+2	1.393546E+1
9.237060E+2	1.412126E+1
9.239495E+2	1.406115E+1
9.241930E+2	1.380432E+1
9.244364E+2	1.373874E+1
9.246799E+2	1.371688E+1
9.249233E+2	1.361852E+1
9.251668E+2	1.363492E+1
9.254102E+2	1.330705E+1
9.256536E+2	1.306661E+1
9.258971E+2	1.302289E+1
9.261405E+2	1.302836E+1
9.263839E+2	1.315951E+1
9.266272E+2	1.323055E+1
9.268706E+2	1.309940E+1
9.271140E+2	1.342727E+1
9.273573E+2	1.344366E+1
9.276007E+2	1.333983E+1
9.278440E+2	1.324694E+1
9.280874E+2	1.318136E+1
9.283307E+2	1.307754E+1
9.285740E+2	1.297918E+1
9.288173E+2	1.290268E+1
9.290606E+2	1.267317E+1
9.293039E+2	1.283710E+1
9.295471E+2	1.300104E+1
9.297904E+2	1.344366E+1
9.300337E+2	1.337809E+1
9.302769E+2	1.344366E+1
9.305201E+2	1.364038E+1
9.307634E+2	1.377153E+1
9.310066E+2	1.395186E+1
9.312498E+2	1.412672E+1
9.314930E+2	1.402289E+1
9.317362E+2	1.397371E+1
9.319794E+2	1.397918E+1
9.322225E+2	1.377153E+1
9.324657E+2	1.358027E+1
9.327088E+2	1.361852E+1
9.329520E+2	1.349830E+1
9.331951E+2	1.365131E+1
9.334382E+2	1.377699E+1
9.336814E+2	1.355295E+1
9.339245E+2	1.315404E+1
9.341676E+2	1.300650E+1
9.344106E+2	1.291907E+1
9.346537E+2	1.300650E+1
9.348968E+2	1.321962E+1
9.351398E+2	1.286442E+1
9.353829E+2	1.289175E+1
9.356259E+2	1.300104E+1
9.358690E+2	1.292453E+1
9.361120E+2	1.260213E+1
9.363550E+2	1.247098E+1
9.365980E+2	1.250377E+1
9.368410E+2	1.243820E+1
9.370840E+2	1.265677E+1
9.373269E+2	1.236169E+1
9.375699E+2	1.232344E+1
9.378129E+2	1.218136E+1
9.380558E+2	1.218136E+1
9.382987E+2	1.200104E+1
9.385417E+2	1.199011E+1
9.387846E+2	1.162945E+1
9.390275E+2	1.203382E+1
9.392704E+2	1.201743E+1
9.395133E+2	1.228519E+1
9.397562E+2	1.244366E+1
9.399990E+2	1.241634E+1
9.402419E+2	1.235076E+1
9.404847E+2	1.232891E+1
9.407276E+2	1.228519E+1
9.409704E+2	1.221415E+1
9.412132E+2	1.195732E+1
9.414560E+2	1.216497E+1
9.416988E+2	1.223055E+1
9.419416E+2	1.228519E+1
9.421844E+2	1.209393E+1
9.424272E+2	1.191361E+1
9.426700E+2	1.183164E+1
9.429127E+2	1.178792E+1
9.431555E+2	1.193000E+1
9.433982E+2	1.183710E+1
9.436409E+2	1.169503E+1
9.438837E+2	1.176606E+1
9.441264E+2	1.171688E+1
9.443691E+2	1.178792E+1
9.446118E+2	1.165677E+1
9.448544E+2	1.182071E+1
9.450971E+2	1.183164E+1
9.453398E+2	1.160213E+1
9.455824E+2	1.142727E+1
9.458251E+2	1.130705E+1
9.460677E+2	1.134530E+1
9.463103E+2	1.154748E+1
9.465530E+2	1.148738E+1
9.467956E+2	1.151470E+1
9.470382E+2	1.154202E+1
9.472807E+2	1.171688E+1
9.475233E+2	1.172235E+1
9.477659E+2	1.172781E+1
9.480084E+2	1.161306E+1
9.482510E+2	1.155295E+1
9.484935E+2	1.184803E+1
9.487361E+2	1.215951E+1
9.489786E+2	1.249830E+1
9.492211E+2	1.234530E+1
9.494636E+2	1.232891E+1
9.497061E+2	1.217044E+1
9.499486E+2	1.229612E+1
9.501911E+2	1.224147E+1
9.504335E+2	1.194639E+1
9.506760E+2	1.183710E+1
9.509184E+2	1.176606E+1
9.511609E+2	1.159120E+1
9.514033E+2	1.155841E+1
9.516457E+2	1.156934E+1
9.518881E+2	1.146005E+1
9.521305E+2	1.142727E+1
9.523729E+2	1.161852E+1
9.526153E+2	1.173328E+1
9.528576E+2	1.153656E+1
9.531000E+2	1.176060E+1
9.533424E+2	1.185350E+1
9.535847E+2	1.199557E+1
9.538270E+2	1.188628E+1
9.540694E+2	1.185350E+1
9.543117E+2	1.161852E+1
9.545540E+2	1.144912E+1
9.547963E+2	1.158574E+1
9.550386E+2	1.196825E+1
9.552808E+2	1.207754E+1
9.555231E+2	1.229612E+1
9.557654E+2	1.208847E+1
9.560076E+2	1.212672E+1
9.562498E+2	1.193546E+1
9.564921E+2	1.233983E+1
9.567343E+2	1.240541E+1
9.569765E+2	1.267317E+1
9.572187E+2	1.268956E+1
9.574609E+2	1.257481E+1
9.577031E+2	1.244912E+1
9.579452E+2	1.231251E+1
9.581874E+2	1.234530E+1
9.584296E+2	1.255295E+1
9.586717E+2	1.264585E+1
9.589138E+2	1.272781E+1
9.591560E+2	1.284803E+1
9.593981E+2	1.271142E+1
9.596402E+2	1.270595E+1
9.598823E+2	1.273328E+1
9.601244E+2	1.289175E+1
9.603664E+2	1.313218E+1
9.606085E+2	1.305022E+1
9.608506E+2	1.288628E+1
9.610926E+2	1.273328E+1
9.613347E+2	1.270049E+1
9.615767E+2	1.254202E+1
9.618187E+2	1.274967E+1
9.620607E+2	1.252016E+1
9.623027E+2	1.250377E+1
9.625447E+2	1.253656E+1
9.627867E+2	1.257481E+1
9.630287E+2	1.244912E+1
9.632706E+2	1.234530E+1
9.635126E+2	1.219776E+1
9.637545E+2	1.201197E+1
9.639965E+2	1.231251E+1
9.642384E+2	1.241087E+1
9.644803E+2	1.235623E+1
9.647222E+2	1.229065E+1
9.649641E+2	1.235623E+1
9.652060E+2	1.268410E+1
9.654479E+2	1.289721E+1
9.656897E+2	1.300650E+1
9.659316E+2	1.295732E+1
9.661734E+2	1.288082E+1
9.664153E+2	1.297918E+1
9.666571E+2	1.317590E+1
9.668989E+2	1.347098E+1
9.671408E+2	1.368410E+1
9.673826E+2	1.381524E+1
9.676243E+2	1.420869E+1
9.678661E+2	1.419229E+1
9.681079E+2	1.436716E+1
9.683497E+2	1.437262E+1
9.685914E+2	1.445459E+1
9.688332E+2	1.459120E+1
9.690749E+2	1.472235E+1
9.693166E+2	1.478792E+1
9.695583E+2	1.464585E+1
9.698001E+2	1.453109E+1
9.700417E+2	1.453109E+1
9.702834E+2	1.427426E+1
9.705251E+2	1.437262E+1
9.707668E+2	1.430158E+1
9.710084E+2	1.435076E+1
9.712501E+2	1.396825E+1
9.714917E+2	1.389721E+1
9.717334E+2	1.399011E+1
9.719750E+2	1.401197E+1
9.722166E+2	1.417590E+1
9.724582E+2	1.431798E+1
9.726998E+2	1.424694E+1
9.729414E+2	1.442180E+1
9.731830E+2	1.420869E+1
9.734245E+2	1.419776E+1
9.736661E+2	1.413765E+1
9.739076E+2	1.403929E+1
9.741492E+2	1.397918E+1
9.743907E+2	1.380432E+1
9.746322E+2	1.381524E+1
9.748737E+2	1.395186E+1
9.751152E+2	1.403382E+1
9.753567E+2	1.425787E+1
9.755982E+2	1.442180E+1
9.758396E+2	1.444912E+1
9.760811E+2	1.450923E+1
9.763226E+2	1.478246E+1
9.765640E+2	1.457481E+1
9.768054E+2	1.465677E+1
9.770468E+2	1.455295E+1
9.772883E+2	1.448191E+1
9.775297E+2	1.458027E+1
9.777711E+2	1.469503E+1
9.780124E+2	1.465677E+1
9.782538E+2	1.452016E+1
9.784952E+2	1.458027E+1
9.787365E+2	1.419776E+1
9.789779E+2	1.393546E+1
9.792192E+2	1.418683E+1
9.794605E+2	1.433437E+1
9.797019E+2	1.439994E+1
9.799432E+2	1.414858E+1
9.801845E+2	1.415404E+1
9.804257E+2	1.408847E+1
9.806670E+2	1.438355E+1
9.809083E+2	1.427973E+1
9.811496E+2	1.441634E+1
9.813908E+2	1.406661E+1
9.816320E+2	1.393546E+1
9.818733E+2	1.361852E+1
9.821145E+2	1.346005E+1
9.823557E+2	1.332891E+1
9.825969E+2	1.323601E+1
9.828381E+2	1.305568E+1
9.830793E+2	1.301197E+1
9.833205E+2	1.259120E+1
9.835616E+2	1.238901E+1
9.838028E+2	1.220869E+1
9.840439E+2	1.224147E+1
9.842851E+2	1.213765E+1
9.845262E+2	1.199557E+1
9.847673E+2	1.203929E+1
9.850084E+2	1.235623E+1
9.852495E+2	1.256934E+1
9.854906E+2	1.272781E+1
9.857317E+2	1.271688E+1
9.859727E+2	1.294639E+1
9.862138E+2	1.296279E+1
9.864549E+2	1.296825E+1
9.866959E+2	1.286442E+1
9.869369E+2	1.276060E+1
9.871779E+2	1.253109E+1
9.874190E+2	1.250923E+1
9.876600E+2	1.250377E+1
9.879010E+2	1.273328E+1
9.881419E+2	1.259120E+1
9.883829E+2	1.256934E+1
9.886239E+2	1.238901E+1
9.888648E+2	1.250377E+1
9.891058E+2	1.284803E+1
9.893467E+2	1.305022E+1
9.895876E+2	1.296279E+1
9.898285E+2	1.293546E+1
9.900695E+2	1.276606E+1
9.903104E+2	1.253109E+1
9.905512E+2	1.256388E+1
9.907921E+2	1.259667E+1
9.910330E+2	1.245459E+1
9.912738E+2	1.253109E+1
9.915147E+2	1.268956E+1
9.917555E+2	1.288082E+1
9.919964E+2	1.321415E+1
9.922372E+2	1.325787E+1
9.924780E+2	1.307754E+1
9.927188E+2	1.301743E+1
9.929596E+2	1.328519E+1
9.932004E+2	1.309940E+1
9.934411E+2	1.312126E+1
9.936819E+2	1.315404E+1
9.939227E+2	1.300650E+1
9.941634E+2	1.307754E+1
9.944041E+2	1.314311E+1
9.946449E+2	1.331251E+1
9.948856E+2	1.318683E+1
9.951263E+2	1.319229E+1
9.953670E+2	1.308847E+1
9.956077E+2	1.334530E+1
9.958483E+2	1.337262E+1
9.960890E+2	1.356388E+1
9.963297E+2	1.350377E+1
9.965703E+2	1.352563E+1
9.968109E+2	1.374421E+1
9.970516E+2	1.378246E+1
9.972922E+2	1.373874E+1
9.975328E+2	1.383164E+1
9.977734E+2	1.393546E+1
9.980140E+2	1.400104E+1
9.982546E+2	1.418683E+1
9.984951E+2	1.449830E+1
9.987357E+2	1.437262E+1
9.989763E+2	1.467863E+1
9.992168E+2	1.467863E+1
9.994573E+2	1.456388E+1
9.996978E+2	1.443273E+1
9.999384E+2	1.406661E+1
1.000179E+3	1.383164E+1
1.000419E+3	1.374421E+1
1.000660E+3	1.358027E+1
1.000900E+3	1.348191E+1
1.001141E+3	1.343273E+1
1.001381E+3	1.357481E+1
1.001622E+3	1.360759E+1
1.001862E+3	1.385896E+1
1.002103E+3	1.395186E+1
1.002343E+3	1.386442E+1
1.002583E+3	1.392453E+1
1.002824E+3	1.390814E+1
1.003064E+3	1.386989E+1
1.003305E+3	1.404475E+1
1.003545E+3	1.391361E+1
1.003785E+3	1.359667E+1
1.004026E+3	1.335623E+1
1.004266E+3	1.350923E+1
1.004506E+3	1.355841E+1
1.004747E+3	1.385896E+1
1.004987E+3	1.404475E+1
1.005227E+3	1.405568E+1
1.005468E+3	1.389175E+1
1.005708E+3	1.384803E+1
1.005948E+3	1.396279E+1
1.006188E+3	1.393546E+1
1.006429E+3	1.402289E+1
1.006669E+3	1.395732E+1
1.006909E+3	1.394093E+1
1.007149E+3	1.409940E+1
1.007390E+3	1.440541E+1
1.007630E+3	1.434530E+1
1.007870E+3	1.435623E+1
1.008110E+3	1.443820E+1
1.008350E+3	1.456388E+1
1.008590E+3	1.464038E+1
1.008831E+3	1.454748E+1
1.009071E+3	1.445459E+1
1.009311E+3	1.432344E+1
1.009551E+3	1.409393E+1
1.009791E+3	1.411033E+1
1.010031E+3	1.402289E+1
1.010271E+3	1.391361E+1
1.010511E+3	1.371688E+1
1.010752E+3	1.394639E+1
1.010992E+3	1.397918E+1
1.011232E+3	1.402289E+1
1.011472E+3	1.379885E+1
1.011712E+3	1.360213E+1
1.011952E+3	1.352016E+1
1.012192E+3	1.338901E+1
1.012432E+3	1.323055E+1
1.012672E+3	1.327426E+1
1.012912E+3	1.359667E+1
1.013152E+3	1.318683E+1
1.013392E+3	1.330158E+1
1.013632E+3	1.324694E+1
1.013872E+3	1.340541E+1
1.014112E+3	1.351470E+1
1.014352E+3	1.330705E+1
1.014591E+3	1.362945E+1
1.014831E+3	1.386442E+1
1.015071E+3	1.420869E+1
1.015311E+3	1.425240E+1
1.015551E+3	1.435623E+1
1.015791E+3	1.437262E+1
1.016031E+3	1.462399E+1
1.016271E+3	1.471142E+1
1.016511E+3	1.467863E+1
1.016750E+3	1.474421E+1
1.016990E+3	1.472781E+1
1.017230E+3	1.452016E+1
1.017470E+3	1.476060E+1
1.017710E+3	1.491907E+1
1.017949E+3	1.492453E+1
1.018189E+3	1.519229E+1
1.018429E+3	1.530158E+1
1.018669E+3	1.536716E+1
1.018908E+3	1.505022E+1
1.019148E+3	1.480978E+1
1.019388E+3	1.441087E+1
1.019628E+3	1.432344E+1
1.019867E+3	1.430158E+1
1.020107E+3	1.447645E+1
1.020347E+3	1.443273E+1
1.020586E+3	1.427426E+1
1.020826E+3	1.436169E+1
1.021066E+3	1.405568E+1
1.021305E+3	1.385350E+1
1.021545E+3	1.402289E+1
1.021785E+3	1.395186E+1
1.022024E+3	1.391361E+1
1.022264E+3	1.388082E+1
1.022504E+3	1.396825E+1
1.022743E+3	1.387535E+1
1.022983E+3	1.395732E+1
1.023222E+3	1.394639E+1
1.023462E+3	1.396279E+1
1.023702E+3	1.382617E+1
1.023941E+3	1.379885E+1
1.024181E+3	1.418136E+1
1.024420E+3	1.429612E+1
1.024660E+3	1.443820E+1
1.024899E+3	1.444912E+1
1.025139E+3	1.444912E+1
1.025378E+3	1.414311E+1
1.025618E+3	1.403382E+1
1.025857E+3	1.419229E+1
1.026097E+3	1.408300E+1
1.026336E+3	1.414311E+1
1.026575E+3	1.446552E+1
1.026815E+3	1.454748E+1
1.027054E+3	1.461306E+1
1.027294E+3	1.470595E+1
1.027533E+3	1.448191E+1
1.027773E+3	1.484803E+1
1.028012E+3	1.471688E+1
1.028251E+3	1.461306E+1
1.028491E+3	1.455841E+1
1.028730E+3	1.455841E+1
1.028969E+3	1.480432E+1
1.029209E+3	1.468956E+1
1.029448E+3	1.463492E+1
1.029687E+3	1.446005E+1
1.029927E+3	1.447645E+1
1.030166E+3	1.453109E+1
1.030405E+3	1.454202E+1
1.030645E+3	1.396279E+1
1.030884E+3	1.372235E+1
1.031123E+3	1.375514E+1
1.031362E+3	1.376606E+1
1.031602E+3	1.376606E+1
1.031841E+3	1.365131E+1
1.032080E+3	1.354748E+1
1.032319E+3	1.340541E+1
1.032558E+3	1.332344E+1
1.032798E+3	1.313218E+1
1.033037E+3	1.308300E+1
1.033276E+3	1.289721E+1
1.033515E+3	1.288628E+1
1.033754E+3	1.280432E+1
1.033993E+3	1.296825E+1
1.034233E+3	1.313218E+1
1.034472E+3	1.291361E+1
1.034711E+3	1.295186E+1
1.034950E+3	1.307754E+1
1.035189E+3	1.290814E+1
1.035428E+3	1.262945E+1
1.035667E+3	1.265131E+1
1.035906E+3	1.282617E+1
1.036145E+3	1.265677E+1
1.036384E+3	1.268956E+1
1.036623E+3	1.253656E+1
1.036862E+3	1.261852E+1
1.037101E+3	1.256388E+1
1.037340E+3	1.271142E+1
1.037579E+3	1.271142E+1
1.037818E+3	1.270595E+1
1.038057E+3	1.252016E+1
1.038296E+3	1.260759E+1
1.038535E+3	1.278246E+1
1.038774E+3	1.286989E+1
1.039013E+3	1.267317E+1
1.039252E+3	1.250377E+1
1.039491E+3	1.254748E+1
1.039730E+3	1.247098E+1
1.039969E+3	1.269503E+1
1.040208E+3	1.261852E+1
1.040447E+3	1.238355E+1
1.040685E+3	1.258027E+1
1.040924E+3	1.258027E+1
1.041163E+3	1.231251E+1
1.041402E+3	1.219229E+1
1.041641E+3	1.228519E+1
1.041880E+3	1.206661E+1
1.042118E+3	1.195732E+1
1.042357E+3	1.171142E+1
1.042596E+3	1.194093E+1
1.042835E+3	1.188082E+1
1.043074E+3	1.156934E+1
1.043312E+3	1.127426E+1
1.043551E+3	1.107208E+1
1.043790E+3	1.138355E+1
1.044029E+3	1.139994E+1
1.044267E+3	1.131251E+1
1.044506E+3	1.115404E+1
1.044745E+3	1.099557E+1
1.044983E+3	1.105022E+1
1.045222E+3	1.132344E+1
1.045461E+3	1.160213E+1
1.045699E+3	1.148191E+1
1.045938E+3	1.127426E+1
1.046177E+3	1.097371E+1
1.046415E+3	1.113765E+1
1.046654E+3	1.100104E+1
1.046893E+3	1.085896E+1
1.047131E+3	1.094639E+1
1.047370E+3	1.114311E+1
1.047608E+3	1.107754E+1
1.047847E+3	1.126880E+1
1.048086E+3	1.145459E+1
1.048324E+3	1.166224E+1
1.048563E+3	1.166770E+1
1.048801E+3	1.166224E+1
1.049040E+3	1.179339E+1
1.049278E+3	1.170595E+1
1.049517E+3	1.174421E+1
1.049755E+3	1.188628E+1
1.049994E+3	1.207754E+1
1.050232E+3	1.223055E+1
1.050471E+3	1.198464E+1
1.050709E+3	1.180978E+1
1.050948E+3	1.180432E+1
1.051186E+3	1.197918E+1
1.051424E+3	1.199011E+1
1.051663E+3	1.208300E+1
1.051901E+3	1.186442E+1
1.052140E+3	1.158574E+1
1.052378E+3	1.160759E+1
1.052616E+3	1.165677E+1
1.052855E+3	1.168956E+1
1.053093E+3	1.166224E+1
1.053332E+3	1.135076E+1
1.053570E+3	1.161852E+1
1.053808E+3	1.189721E+1
1.054047E+3	1.172781E+1
1.054285E+3	1.180432E+1
1.054523E+3	1.161306E+1
1.054761E+3	1.177699E+1
1.055000E+3	1.180978E+1
1.055238E+3	1.176606E+1
1.055476E+3	1.161306E+1
1.055715E+3	1.160759E+1
1.055953E+3	1.157481E+1
1.056191E+3	1.132344E+1
1.056429E+3	1.154748E+1
1.056667E+3	1.146005E+1
1.056906E+3	1.151470E+1
1.057144E+3	1.135623E+1
1.057382E+3	1.130158E+1
1.057620E+3	1.158027E+1
1.057858E+3	1.176606E+1
1.058097E+3	1.184257E+1
1.058335E+3	1.153656E+1
1.058573E+3	1.161852E+1
1.058811E+3	1.174967E+1
1.059049E+3	1.188082E+1
1.059287E+3	1.193546E+1
1.059525E+3	1.166770E+1
1.059763E+3	1.155295E+1
1.060001E+3	1.136169E+1
1.060239E+3	1.119229E+1
1.060478E+3	1.121962E+1
1.060716E+3	1.132344E+1
1.060954E+3	1.130158E+1
1.061192E+3	1.129065E+1
1.061430E+3	1.124694E+1
1.061668E+3	1.109393E+1
1.061906E+3	1.092453E+1
1.062144E+3	1.089721E+1
1.062382E+3	1.078792E+1
1.062620E+3	1.076606E+1
1.062858E+3	1.054748E+1
1.063096E+3	1.048738E+1
1.063333E+3	1.039448E+1
1.063571E+3	1.031798E+1
1.063809E+3	1.028519E+1
1.064047E+3	1.007754E+1
1.064285E+3	1.006661E+1
1.064523E+3	9.908141E+0
1.064761E+3	9.897212E+0
1.064999E+3	1.003382E+1
1.065237E+3	1.014858E+1
1.065474E+3	1.011579E+1
1.065712E+3	9.804316E+0
1.065950E+3	9.613059E+0
1.066188E+3	9.443660E+0
1.066426E+3	9.547485E+0
1.066664E+3	9.662239E+0
1.066901E+3	9.509234E+0
1.067139E+3	9.498305E+0
1.067377E+3	9.558414E+0
1.067615E+3	9.492840E+0
1.067852E+3	9.438195E+0
1.068090E+3	8.984643E+0
1.068328E+3	8.689561E+0
1.068566E+3	8.607594E+0
1.068803E+3	8.449124E+0
1.069041E+3	8.334370E+0
1.069279E+3	8.296119E+0
1.069516E+3	8.192294E+0
1.069754E+3	8.121255E+0
1.069992E+3	8.137649E+0
1.070229E+3	8.115791E+0
1.070467E+3	8.088469E+0
1.070705E+3	8.345299E+0
1.070942E+3	8.296119E+0
1.071180E+3	8.274261E+0
1.071418E+3	8.088469E+0
1.071655E+3	8.022895E+0
1.071893E+3	8.104862E+0
1.072130E+3	8.099398E+0
1.072368E+3	8.072075E+0
1.072605E+3	8.044753E+0
1.072843E+3	8.088469E+0
1.073081E+3	7.968250E+0
1.073318E+3	7.815245E+0
1.073556E+3	7.864425E+0
1.073793E+3	7.689561E+0
1.074031E+3	7.919070E+0
1.074268E+3	7.962785E+0
1.074506E+3	8.186829E+0
1.074743E+3	8.405408E+0
1.074981E+3	8.487376E+0
1.075218E+3	8.727813E+0
1.075455E+3	8.667704E+0
1.075693E+3	8.673168E+0
1.075930E+3	8.749671E+0
1.076168E+3	8.662239E+0
1.076405E+3	8.733277E+0
1.076642E+3	8.656775E+0
1.076880E+3	8.875354E+0
1.077117E+3	8.585736E+0
1.077355E+3	8.634917E+0
1.077592E+3	8.798851E+0
1.077829E+3	8.667704E+0
1.078067E+3	8.869889E+0
1.078304E+3	8.875354E+0
1.078541E+3	9.050217E+0
1.078779E+3	9.126720E+0
1.079016E+3	9.148578E+0
1.079253E+3	9.192294E+0
1.079490E+3	8.979179E+0
1.079728E+3	8.776993E+0
1.079965E+3	8.558414E+0
1.080202E+3	8.427266E+0
1.080439E+3	8.476447E+0
1.080677E+3	8.460053E+0
1.080914E+3	8.558414E+0
1.081151E+3	8.476447E+0
1.081388E+3	8.733277E+0
1.081625E+3	8.919070E+0
1.081863E+3	8.667704E+0
1.082100E+3	8.809780E+0
1.082337E+3	8.695026E+0
1.082574E+3	8.793387E+0
1.082811E+3	8.842567E+0
1.083048E+3	8.853496E+0
1.083285E+3	8.689561E+0
1.083522E+3	8.678632E+0
1.083760E+3	8.591201E+0
1.083997E+3	8.596665E+0
1.084234E+3	8.607594E+0
1.084471E+3	8.607594E+0
1.084708E+3	8.399944E+0
1.084945E+3	8.640381E+0
1.085182E+3	8.509234E+0
1.085419E+3	8.460053E+0
1.085656E+3	8.634917E+0
1.085893E+3	8.705955E+0
1.086130E+3	8.744206E+0
1.086367E+3	8.722348E+0
1.086604E+3	8.744206E+0
1.086841E+3	8.716884E+0
1.087078E+3	8.629452E+0
1.087315E+3	8.738742E+0
1.087552E+3	8.662239E+0
1.087789E+3	8.591201E+0
1.088026E+3	8.339835E+0
1.088262E+3	8.312512E+0
1.088499E+3	8.083004E+0
1.088736E+3	7.990108E+0
1.088973E+3	7.722348E+0
1.089210E+3	7.826173E+0
1.089447E+3	7.722348E+0
1.089684E+3	7.465518E+0
1.089921E+3	7.476447E+0
1.090157E+3	7.498305E+0
1.090394E+3	7.410873E+0
1.090631E+3	7.536556E+0
1.090868E+3	7.454589E+0
1.091105E+3	7.634917E+0
1.091341E+3	7.487376E+0
1.091578E+3	7.618523E+0
1.091815E+3	7.695026E+0
1.092052E+3	7.503769E+0
1.092288E+3	7.711419E+0
1.092525E+3	7.613059E+0
1.092762E+3	7.602130E+0
1.092999E+3	7.476447E+0
1.093235E+3	7.361693E+0
1.093472E+3	7.317977E+0
1.093709E+3	7.263332E+0
1.093945E+3	7.285190E+0
1.094182E+3	7.159507E+0
1.094419E+3	7.290654E+0
1.094655E+3	7.307048E+0
1.094892E+3	7.252403E+0
1.095128E+3	7.225081E+0
1.095365E+3	7.104862E+0
1.095602E+3	7.257867E+0
1.095838E+3	7.022895E+0
1.096075E+3	6.858960E+0
1.096311E+3	6.990108E+0
1.096548E+3	6.727813E+0
1.096784E+3	6.689561E+0
1.097021E+3	6.695026E+0
1.097258E+3	6.656775E+0
1.097494E+3	6.574807E+0
1.097731E+3	6.804316E+0
1.097967E+3	6.897212E+0
1.098204E+3	6.984643E+0
1.098440E+3	7.001037E+0
1.098677E+3	7.137649E+0
1.098913E+3	7.296119E+0
1.099149E+3	7.552949E+0
1.099386E+3	7.257867E+0
1.099622E+3	7.350764E+0
1.099859E+3	7.192294E+0
1.100095E+3	6.826173E+0
1.100332E+3	6.755135E+0
1.100568E+3	6.902676E+0
1.100804E+3	6.826173E+0
1.101041E+3	6.678632E+0
1.101277E+3	6.787922E+0
1.101513E+3	6.886283E+0
1.101750E+3	6.831638E+0
1.101986E+3	7.132184E+0
1.102222E+3	7.460053E+0
1.102459E+3	7.449124E+0
1.102695E+3	7.460053E+0
1.102931E+3	7.410873E+0
1.103168E+3	7.481911E+0
1.103404E+3	7.569343E+0
1.103640E+3	7.487376E+0
1.103876E+3	7.651310E+0
1.104113E+3	8.050217E+0
1.104349E+3	8.104862E+0
1.104585E+3	8.274261E+0
1.104821E+3	8.328906E+0
1.105057E+3	8.372622E+0
1.105294E+3	8.219616E+0
1.105530E+3	8.115791E+0
1.105766E+3	8.088469E+0
1.106002E+3	8.110326E+0
1.106238E+3	8.083004E+0
1.106474E+3	8.263332E+0
1.106711E+3	8.203223E+0
1.106947E+3	8.137649E+0
1.107183E+3	7.957321E+0
1.107419E+3	7.891747E+0
1.107655E+3	7.951857E+0
1.107891E+3	7.951857E+0
1.108127E+3	6.345299E+0
1.108363E+3	1.034530E+1
1.108599E+3	1.067863E+1
1.108835E+3	1.601197E+1
1.109071E+3	2.401197E+1
1.109307E+3	2.401197E+1
1.109543E+3	1.196581E-2
1.109779E+3	2.678632E+0
1.110015E+3	1.196581E-2
1.110251E+3	4.345299E+0
1.110487E+3	7.345299E+0
1.110723E+3	1.401197E+1
1.110959E+3	1.434530E+1
1.111195E+3	2.734530E+1
1.111431E+3	1.167863E+1
1.111667E+3	1.701197E+1
1.111903E+3	2.678632E+0
1.112139E+3	9.345299E+0
1.112375E+3	1.196581E-2
1.112611E+3	5.678632E+0
1.112847E+3	9.678632E+0
1.113082E+3	8.678632E+0
1.113318E+3	1.034530E+1
1.113554E+3	1.634530E+1
1.113790E+3	1.134530E+1
1.114026E+3	7.011966E+0
1.114262E+3	-2.988034E+0
1.114497E+3	4.011966E+0
1.114733E+3	1.034530E+1
1.114969E+3	7.345299E+0
