1.951292E+2	0.000000E+0
1.953960E+2	0.000000E+0
1.956629E+2	0.000000E+0
1.959298E+2	0.000000E+0
1.961966E+2	0.000000E+0
1.964635E+2	0.000000E+0
1.967303E+2	0.000000E+0
1.969972E+2	0.000000E+0
1.972640E+2	0.000000E+0
1.975308E+2	0.000000E+0
1.977977E+2	0.000000E+0
1.980645E+2	0.000000E+0
1.983313E+2	0.000000E+0
1.985981E+2	0.000000E+0
1.988649E+2	0.000000E+0
1.991316E+2	0.000000E+0
1.993984E+2	0.000000E+0
1.996652E+2	0.000000E+0
1.999320E+2	0.000000E+0
2.001987E+2	0.000000E+0
2.004655E+2	0.000000E+0
2.007322E+2	0.000000E+0
2.009989E+2	0.000000E+0
2.012657E+2	0.000000E+0
2.015324E+2	0.000000E+0
2.017991E+2	0.000000E+0
2.020658E+2	0.000000E+0
2.023325E+2	0.000000E+0
2.025992E+2	0.000000E+0
2.028659E+2	0.000000E+0
2.031326E+2	0.000000E+0
2.033992E+2	0.000000E+0
2.036659E+2	0.000000E+0
2.039325E+2	0.000000E+0
2.041992E+2	0.000000E+0
2.044658E+2	0.000000E+0
2.047325E+2	0.000000E+0
2.049991E+2	0.000000E+0
2.052657E+2	0.000000E+0
2.055323E+2	0.000000E+0
2.057989E+2	0.000000E+0
2.060655E+2	0.000000E+0
2.063321E+2	0.000000E+0
2.065987E+2	0.000000E+0
2.068653E+2	0.000000E+0
2.071319E+2	0.000000E+0
2.073984E+2	0.000000E+0
2.076650E+2	0.000000E+0
2.079315E+2	0.000000E+0
2.081981E+2	0.000000E+0
2.084646E+2	0.000000E+0
2.087311E+2	0.000000E+0
2.089977E+2	0.000000E+0
2.092642E+2	0.000000E+0
2.095307E+2	0.000000E+0
2.097972E+2	0.000000E+0
2.100637E+2	0.000000E+0
2.103302E+2	0.000000E+0
2.105966E+2	0.000000E+0
2.108631E+2	0.000000E+0
2.111296E+2	0.000000E+0
2.113960E+2	0.000000E+0
2.116625E+2	0.000000E+0
2.119289E+2	0.000000E+0
2.121954E+2	0.000000E+0
2.124618E+2	0.000000E+0
2.127282E+2	0.000000E+0
2.129946E+2	0.000000E+0
2.132610E+2	0.000000E+0
2.135274E+2	0.000000E+0
2.137938E+2	0.000000E+0
2.140602E+2	0.000000E+0
2.143266E+2	0.000000E+0
2.145930E+2	0.000000E+0
2.148593E+2	0.000000E+0
2.151257E+2	0.000000E+0
2.153920E+2	0.000000E+0
2.156584E+2	0.000000E+0
2.159247E+2	0.000000E+0
2.161910E+2	0.000000E+0
2.164574E+2	0.000000E+0
2.167237E+2	0.000000E+0
2.169900E+2	0.000000E+0
2.172563E+2	0.000000E+0
2.175226E+2	0.000000E+0
2.177889E+2	0.000000E+0
2.180551E+2	0.000000E+0
2.183214E+2	0.000000E+0
2.185877E+2	0.000000E+0
2.188539E+2	0.000000E+0
2.191202E+2	0.000000E+0
2.193864E+2	0.000000E+0
2.196527E+2	0.000000E+0
2.199189E+2	0.000000E+0
2.201851E+2	0.000000E+0
2.204513E+2	0.000000E+0
2.207175E+2	0.000000E+0
2.209837E+2	0.000000E+0
2.212499E+2	0.000000E+0
2.215161E+2	0.000000E+0
2.217823E+2	0.000000E+0
2.220485E+2	0.000000E+0
2.223146E+2	0.000000E+0
2.225808E+2	0.000000E+0
2.228469E+2	0.000000E+0
2.231131E+2	0.000000E+0
2.233792E+2	0.000000E+0
2.236453E+2	0.000000E+0
2.239115E+2	0.000000E+0
2.241776E+2	0.000000E+0
2.244437E+2	0.000000E+0
2.247098E+2	0.000000E+0
2.249759E+2	0.000000E+0
2.252420E+2	0.000000E+0
2.255080E+2	0.000000E+0
2.257741E+2	0.000000E+0
2.260402E+2	0.000000E+0
2.263062E+2	0.000000E+0
2.265723E+2	0.000000E+0
2.268383E+2	0.000000E+0
2.271044E+2	0.000000E+0
2.273704E+2	0.000000E+0
2.276364E+2	0.000000E+0
2.279024E+2	0.000000E+0
2.281684E+2	0.000000E+0
2.284344E+2	0.000000E+0
2.287004E+2	0.000000E+0
2.289664E+2	0.000000E+0
2.292324E+2	0.000000E+0
2.294984E+2	0.000000E+0
2.297643E+2	0.000000E+0
2.300303E+2	0.000000E+0
2.302962E+2	0.000000E+0
2.305622E+2	0.000000E+0
2.308281E+2	0.000000E+0
2.310940E+2	0.000000E+0
2.313599E+2	0.000000E+0
2.316259E+2	0.000000E+0
2.318918E+2	0.000000E+0
2.321577E+2	0.000000E+0
2.324236E+2	0.000000E+0
2.326894E+2	0.000000E+0
2.329553E+2	0.000000E+0
2.332212E+2	0.000000E+0
2.334871E+2	0.000000E+0
2.337529E+2	0.000000E+0
2.340188E+2	0.000000E+0
2.342846E+2	0.000000E+0
2.345504E+2	0.000000E+0
2.348163E+2	0.000000E+0
2.350821E+2	0.000000E+0
2.353479E+2	0.000000E+0
2.356137E+2	0.000000E+0
2.358795E+2	0.000000E+0
2.361453E+2	0.000000E+0
2.364111E+2	0.000000E+0
2.366769E+2	0.000000E+0
2.369426E+2	0.000000E+0
2.372084E+2	0.000000E+0
2.374741E+2	0.000000E+0
2.377399E+2	0.000000E+0
2.380056E+2	0.000000E+0
2.382714E+2	0.000000E+0
2.385371E+2	0.000000E+0
2.388028E+2	0.000000E+0
2.390685E+2	0.000000E+0
2.393342E+2	0.000000E+0
2.395999E+2	0.000000E+0
2.398656E+2	0.000000E+0
2.401313E+2	0.000000E+0
2.403970E+2	0.000000E+0
2.406626E+2	0.000000E+0
2.409283E+2	0.000000E+0
2.411940E+2	0.000000E+0
2.414596E+2	0.000000E+0
2.417252E+2	0.000000E+0
2.419909E+2	0.000000E+0
2.422565E+2	0.000000E+0
2.425221E+2	0.000000E+0
2.427877E+2	0.000000E+0
2.430533E+2	0.000000E+0
2.433189E+2	0.000000E+0
2.435845E+2	0.000000E+0
2.438501E+2	0.000000E+0
2.441157E+2	0.000000E+0
2.443812E+2	0.000000E+0
2.446468E+2	0.000000E+0
2.449124E+2	0.000000E+0
2.451779E+2	0.000000E+0
2.454434E+2	0.000000E+0
2.457090E+2	0.000000E+0
2.459745E+2	0.000000E+0
2.462400E+2	0.000000E+0
2.465055E+2	0.000000E+0
2.467710E+2	0.000000E+0
2.470365E+2	0.000000E+0
2.473020E+2	0.000000E+0
2.475675E+2	0.000000E+0
2.478330E+2	0.000000E+0
2.480984E+2	0.000000E+0
2.483639E+2	0.000000E+0
2.486294E+2	0.000000E+0
2.488948E+2	0.000000E+0
2.491602E+2	0.000000E+0
2.494257E+2	0.000000E+0
2.496911E+2	0.000000E+0
2.499565E+2	0.000000E+0
2.502219E+2	8.623035E+0
2.504873E+2	8.705002E+0
2.507527E+2	8.371669E+0
2.510181E+2	8.726860E+0
2.512835E+2	9.125767E+0
2.515489E+2	8.945439E+0
2.518142E+2	8.868937E+0
2.520796E+2	9.224128E+0
2.523449E+2	9.612106E+0
2.526103E+2	9.590248E+0
2.528756E+2	9.420849E+0
2.531409E+2	8.830685E+0
2.534063E+2	8.874401E+0
2.536716E+2	9.743253E+0
2.539369E+2	9.677680E+0
2.542022E+2	1.018041E+1
2.544675E+2	1.004926E+1
2.547328E+2	1.052467E+1
2.549980E+2	1.063396E+1
2.552633E+2	1.044817E+1
2.555286E+2	1.011484E+1
2.557938E+2	1.021866E+1
2.560591E+2	1.093997E+1
2.563243E+2	1.125691E+1
2.565896E+2	1.131156E+1
2.568548E+2	1.136074E+1
2.571200E+2	1.160664E+1
2.573852E+2	1.139899E+1
2.576504E+2	1.151921E+1
2.579156E+2	1.133342E+1
2.581808E+2	1.144271E+1
2.584460E+2	1.124599E+1
2.587112E+2	1.108752E+1
2.589763E+2	1.130063E+1
2.592415E+2	1.108205E+1
2.595067E+2	1.107112E+1
2.597718E+2	1.104380E+1
2.600369E+2	1.122959E+1
2.603021E+2	1.121866E+1
2.605672E+2	1.122413E+1
2.608323E+2	1.118588E+1
2.610974E+2	1.079790E+1
2.613625E+2	1.042085E+1
2.616276E+2	1.043178E+1
2.618927E+2	1.056293E+1
2.621578E+2	1.062303E+1
2.624229E+2	1.049735E+1
2.626880E+2	1.112577E+1
2.629530E+2	1.165036E+1
2.632181E+2	1.155200E+1
2.634831E+2	1.108205E+1
2.637482E+2	1.093997E+1
2.640132E+2	1.131156E+1
2.642782E+2	1.149735E+1
2.645432E+2	1.153560E+1
2.648082E+2	1.191265E+1
2.650732E+2	1.189079E+1
2.653382E+2	1.168314E+1
2.656032E+2	1.149189E+1
2.658682E+2	1.152467E+1
2.661332E+2	1.162850E+1
2.663981E+2	1.151375E+1
2.666631E+2	1.122413E+1
2.669281E+2	1.126784E+1
2.671930E+2	1.079790E+1
2.674579E+2	1.022959E+1
2.677229E+2	1.059025E+1
2.679878E+2	1.072140E+1
2.682527E+2	1.050282E+1
2.685176E+2	9.819756E+0
2.687825E+2	9.721396E+0
2.690474E+2	9.879865E+0
2.693123E+2	9.808827E+0
2.695772E+2	9.546532E+0
2.698420E+2	8.836150E+0
2.701069E+2	8.983691E+0
2.703718E+2	8.994620E+0
2.706366E+2	9.032871E+0
2.709014E+2	8.830685E+0
2.711663E+2	8.584784E+0
2.714311E+2	8.541068E+0
2.716959E+2	8.781505E+0
2.719607E+2	8.776040E+0
2.722255E+2	8.464565E+0
2.724903E+2	8.207734E+0
2.727551E+2	8.431778E+0
2.730199E+2	8.584784E+0
2.732847E+2	8.699538E+0
2.735495E+2	8.819756E+0
2.738142E+2	8.759647E+0
2.740790E+2	9.426314E+0
2.743437E+2	9.245986E+0
2.746085E+2	9.317024E+0
2.748732E+2	9.453636E+0
2.751379E+2	9.273308E+0
2.754026E+2	9.278773E+0
2.756674E+2	9.245986E+0
2.759321E+2	9.082051E+0
2.761968E+2	8.551997E+0
2.764614E+2	8.579319E+0
2.767261E+2	8.792434E+0
2.769908E+2	8.639428E+0
2.772555E+2	8.639428E+0
2.775201E+2	8.639428E+0
2.777848E+2	8.666751E+0
2.780494E+2	8.705002E+0
2.783141E+2	8.858008E+0
2.785787E+2	9.027406E+0
2.788433E+2	8.623035E+0
2.791079E+2	8.071122E+0
2.793725E+2	7.661286E+0
2.796371E+2	7.743253E+0
2.799017E+2	7.448172E+0
2.801663E+2	7.005549E+0
2.804309E+2	6.705002E+0
2.806955E+2	6.464565E+0
2.809600E+2	6.185876E+0
2.812246E+2	6.524674E+0
2.814891E+2	6.442707E+0
2.817537E+2	6.420849E+0
2.820182E+2	6.311559E+0
2.822827E+2	5.934510E+0
2.825473E+2	5.743253E+0
2.828118E+2	5.623035E+0
2.830763E+2	5.502816E+0
2.833408E+2	5.311559E+0
2.836053E+2	5.382598E+0
2.838697E+2	4.847079E+0
2.841342E+2	4.459100E+0
2.843987E+2	4.480958E+0
2.846632E+2	4.786969E+0
2.849276E+2	4.989155E+0
2.851921E+2	5.082051E+0
2.854565E+2	5.322488E+0
2.857209E+2	5.289702E+0
2.859853E+2	5.251450E+0
2.862498E+2	5.076587E+0
2.865142E+2	4.765111E+0
2.867786E+2	4.939975E+0
2.870430E+2	4.759647E+0
2.873074E+2	4.311559E+0
2.875717E+2	4.076587E+0
2.878361E+2	3.901723E+0
2.881005E+2	3.786969E+0
2.883648E+2	3.606641E+0
2.886292E+2	3.486423E+0
2.888935E+2	3.770576E+0
2.891579E+2	3.737789E+0
2.894222E+2	3.426314E+0
2.896865E+2	3.792434E+0
2.899508E+2	3.918117E+0
2.902151E+2	3.524674E+0
2.904794E+2	3.672215E+0
2.907437E+2	3.852543E+0
2.910080E+2	3.792434E+0
2.912723E+2	4.054729E+0
2.915366E+2	4.377133E+0
2.918008E+2	4.579319E+0
2.920651E+2	4.765111E+0
2.923293E+2	4.956368E+0
2.925936E+2	5.109374E+0
2.928578E+2	5.235057E+0
2.931220E+2	5.393527E+0
2.933863E+2	5.169483E+0
2.936505E+2	5.262379E+0
2.939147E+2	5.306095E+0
2.941789E+2	5.404456E+0
2.944431E+2	5.524674E+0
2.947072E+2	5.601177E+0
2.949714E+2	5.437243E+0
2.952356E+2	5.606641E+0
2.954997E+2	5.896259E+0
2.957639E+2	6.005549E+0
2.960280E+2	6.322488E+0
2.962922E+2	6.196805E+0
2.965563E+2	6.262379E+0
2.968204E+2	5.808827E+0
2.970845E+2	5.606641E+0
2.973486E+2	5.027406E+0
2.976127E+2	5.164018E+0
2.978768E+2	5.109374E+0
2.981409E+2	5.136696E+0
2.984050E+2	4.989155E+0
2.986691E+2	5.251450E+0
2.989331E+2	5.393527E+0
2.991972E+2	5.601177E+0
2.994612E+2	5.726860E+0
2.997253E+2	5.776040E+0
2.999893E+2	6.092980E+0
3.002534E+2	6.322488E+0
3.005174E+2	6.191341E+0
3.007814E+2	6.262379E+0
3.010454E+2	6.196805E+0
3.013094E+2	5.967297E+0
3.015734E+2	5.890794E+0
3.018374E+2	6.120303E+0
3.021013E+2	6.360740E+0
3.023653E+2	6.459100E+0
3.026293E+2	6.688609E+0
3.028932E+2	6.502816E+0
3.031572E+2	6.808827E+0
3.034211E+2	7.267844E+0
3.036850E+2	7.535603E+0
3.039489E+2	7.967297E+0
3.042129E+2	8.185876E+0
3.044768E+2	8.431778E+0
3.047407E+2	8.568390E+0
3.050046E+2	8.431778E+0
3.052685E+2	8.388062E+0
3.055323E+2	8.748718E+0
3.057962E+2	8.284237E+0
3.060601E+2	8.448172E+0
3.063239E+2	8.448172E+0
3.065878E+2	8.879865E+0
3.068516E+2	8.781505E+0
3.071155E+2	8.858008E+0
3.073793E+2	8.819756E+0
3.076431E+2	8.524674E+0
3.079069E+2	8.295166E+0
3.081707E+2	8.584784E+0
3.084345E+2	8.803363E+0
3.086983E+2	8.688609E+0
3.089621E+2	8.639428E+0
3.092259E+2	8.355275E+0
3.094896E+2	8.699538E+0
3.097534E+2	8.415385E+0
3.100171E+2	8.470029E+0
3.102809E+2	8.060193E+0
3.105446E+2	8.021942E+0
3.108084E+2	8.027406E+0
3.110721E+2	8.322488E+0
3.113358E+2	8.333417E+0
3.115995E+2	8.431778E+0
3.118632E+2	8.235057E+0
3.121269E+2	8.623035E+0
3.123906E+2	8.726860E+0
3.126543E+2	8.961833E+0
3.129179E+2	9.032871E+0
3.131816E+2	9.109374E+0
3.134453E+2	8.989155E+0
3.137089E+2	8.808827E+0
3.139725E+2	9.011013E+0
3.142362E+2	9.082051E+0
3.144998E+2	8.972762E+0
3.147634E+2	8.710467E+0
3.150270E+2	8.847079E+0
3.152906E+2	8.934510E+0
3.155542E+2	9.240521E+0
3.158178E+2	9.420849E+0
3.160814E+2	9.164018E+0
3.163450E+2	9.043800E+0
3.166086E+2	9.120303E+0
3.168721E+2	9.251450E+0
3.171357E+2	9.300631E+0
3.173992E+2	9.377133E+0
3.176627E+2	9.377133E+0
3.179263E+2	9.519210E+0
3.181898E+2	9.470029E+0
3.184533E+2	9.442707E+0
3.187168E+2	9.491887E+0
3.189803E+2	9.661286E+0
3.192438E+2	9.333417E+0
3.195073E+2	9.169483E+0
3.197708E+2	9.595712E+0
3.200342E+2	9.513745E+0
3.202977E+2	9.672215E+0
3.205612E+2	9.508281E+0
3.208246E+2	9.929046E+0
3.210881E+2	1.011484E+1
3.213515E+2	1.050282E+1
3.216149E+2	1.060664E+1
3.218783E+2	1.086347E+1
3.221417E+2	1.116948E+1
3.224051E+2	1.125691E+1
3.226685E+2	1.073232E+1
3.229319E+2	1.072140E+1
3.231953E+2	1.080883E+1
3.234587E+2	1.067768E+1
3.237221E+2	1.038806E+1
3.239854E+2	1.074872E+1
3.242488E+2	1.063943E+1
3.245121E+2	1.006566E+1
3.247754E+2	9.868937E+0
3.250388E+2	9.830685E+0
3.253021E+2	1.018041E+1
3.255654E+2	1.019134E+1
3.258287E+2	1.089079E+1
3.260920E+2	1.085254E+1
3.263553E+2	1.122413E+1
3.266186E+2	1.084161E+1
3.268819E+2	1.096730E+1
3.271451E+2	1.098916E+1
3.274084E+2	1.108752E+1
3.276717E+2	1.136620E+1
3.279349E+2	1.177058E+1
3.281981E+2	1.136074E+1
3.284614E+2	1.171593E+1
3.287246E+2	1.174872E+1
3.289878E+2	1.208752E+1
3.292510E+2	1.203287E+1
3.295142E+2	1.262850E+1
3.297774E+2	1.282522E+1
3.300406E+2	1.293997E+1
3.303038E+2	1.301648E+1
3.305670E+2	1.363396E+1
3.308301E+2	1.403287E+1
3.310933E+2	1.411484E+1
3.313564E+2	1.395637E+1
3.316196E+2	1.406566E+1
3.318827E+2	1.422413E+1
3.321458E+2	1.453560E+1
3.324089E+2	1.494544E+1
3.326721E+2	1.541538E+1
3.329352E+2	1.545910E+1
3.331983E+2	1.532795E+1
3.334614E+2	1.579790E+1
3.337244E+2	1.612030E+1
3.339875E+2	1.610937E+1
3.342506E+2	1.615855E+1
3.345136E+2	1.667768E+1
3.347767E+2	1.653560E+1
3.350397E+2	1.620227E+1
3.353028E+2	1.650282E+1
3.355658E+2	1.657385E+1
3.358288E+2	1.657385E+1
3.360918E+2	1.632249E+1
3.363548E+2	1.639899E+1
3.366178E+2	1.665036E+1
3.368808E+2	1.638260E+1
3.371438E+2	1.627877E+1
3.374068E+2	1.592905E+1
3.376698E+2	1.604380E+1
3.379327E+2	1.615309E+1
3.381957E+2	1.583069E+1
3.384586E+2	1.581429E+1
3.387216E+2	1.637167E+1
3.389845E+2	1.649735E+1
3.392474E+2	1.664489E+1
3.395103E+2	1.687987E+1
3.397733E+2	1.736074E+1
3.400362E+2	1.735528E+1
3.402990E+2	1.738260E+1
3.405619E+2	1.820227E+1
3.408248E+2	1.848642E+1
3.410877E+2	1.869954E+1
3.413506E+2	1.913670E+1
3.416134E+2	1.928970E+1
3.418763E+2	1.924052E+1
3.421391E+2	1.963943E+1
3.424019E+2	1.981429E+1
3.426648E+2	2.038260E+1
3.429276E+2	2.085254E+1
3.431904E+2	2.133342E+1
3.434532E+2	2.150828E+1
3.437160E+2	2.172140E+1
3.439788E+2	2.171593E+1
3.442416E+2	2.209298E+1
3.445043E+2	2.239899E+1
3.447671E+2	2.267768E+1
3.450299E+2	2.318588E+1
3.452926E+2	2.356839E+1
3.455554E+2	2.348642E+1
3.458181E+2	2.397276E+1
3.460808E+2	2.409844E+1
3.463436E+2	2.509844E+1
3.466063E+2	2.530609E+1
3.468690E+2	2.543724E+1
3.471317E+2	2.564489E+1
3.473944E+2	2.639353E+1
3.476570E+2	2.701648E+1
3.479197E+2	2.762850E+1
3.481824E+2	2.806566E+1
3.484451E+2	2.863943E+1
3.487077E+2	2.917495E+1
3.489704E+2	2.960118E+1
3.492330E+2	3.021866E+1
3.494956E+2	3.078697E+1
3.497582E+2	3.132249E+1
3.500209E+2	3.179243E+1
3.502835E+2	3.254653E+1
3.505461E+2	3.298369E+1
3.508087E+2	3.382522E+1
3.510713E+2	3.472686E+1
3.513338E+2	3.556839E+1
3.515964E+2	3.655746E+1
3.518590E+2	3.700008E+1
3.521215E+2	3.787440E+1
3.523841E+2	3.813670E+1
3.526466E+2	3.892905E+1
3.529091E+2	3.995637E+1
3.531717E+2	4.077604E+1
3.534342E+2	4.239353E+1
3.536967E+2	4.334981E+1
3.539592E+2	4.403834E+1
3.542217E+2	4.468314E+1
3.544842E+2	4.575418E+1
3.547467E+2	4.624599E+1
3.550091E+2	4.734435E+1
3.552716E+2	4.833888E+1
3.555341E+2	4.963943E+1
3.557965E+2	5.054107E+1
3.560590E+2	5.196183E+1
3.563214E+2	5.351375E+1
3.565838E+2	5.422413E+1
3.568462E+2	5.532249E+1
3.571086E+2	5.628424E+1
3.573711E+2	5.742085E+1
3.576335E+2	5.845364E+1
3.578958E+2	5.938806E+1
3.581582E+2	6.037167E+1
3.584206E+2	6.114216E+1
3.586830E+2	6.226238E+1
3.589453E+2	6.293997E+1
3.592077E+2	6.361211E+1
3.594700E+2	6.498369E+1
3.597324E+2	6.623506E+1
3.599947E+2	6.755746E+1
3.602570E+2	6.891265E+1
3.605193E+2	6.993451E+1
3.607816E+2	7.118588E+1
3.610439E+2	7.279243E+1
3.613062E+2	7.439353E+1
3.615685E+2	7.558478E+1
3.618308E+2	7.700008E+1
3.620930E+2	7.855746E+1
3.623553E+2	7.926784E+1
3.626176E+2	8.085254E+1
3.628798E+2	8.255746E+1
3.631420E+2	8.404926E+1
3.634043E+2	8.524599E+1
3.636665E+2	8.675418E+1
3.639287E+2	8.781976E+1
3.641909E+2	8.915309E+1
3.644531E+2	9.061757E+1
3.647153E+2	9.186347E+1
3.649775E+2	9.324599E+1
3.652397E+2	9.531702E+1
3.655018E+2	9.634435E+1
3.657640E+2	9.763396E+1
3.660262E+2	9.935528E+1
3.662883E+2	1.007159E+2
3.665505E+2	1.020547E+2
3.668126E+2	1.033170E+2
3.670747E+2	1.047378E+2
3.673368E+2	1.058034E+2
3.675989E+2	1.072569E+2
3.678610E+2	1.089509E+2
3.681231E+2	1.107159E+2
3.683852E+2	1.127487E+2
3.686473E+2	1.144154E+2
3.689094E+2	1.160055E+2
3.691714E+2	1.174919E+2
3.694335E+2	1.187378E+2
3.696955E+2	1.203990E+2
3.699576E+2	1.222351E+2
3.702196E+2	1.239564E+2
3.704816E+2	1.257105E+2
3.707437E+2	1.276613E+2
3.710057E+2	1.293717E+2
3.712677E+2	1.311531E+2
3.715297E+2	1.323334E+2
3.717917E+2	1.342515E+2
3.720536E+2	1.357323E+2
3.723156E+2	1.373498E+2
3.725776E+2	1.394919E+2
3.728395E+2	1.418853E+2
3.731015E+2	1.437924E+2
3.733634E+2	1.454700E+2
3.736254E+2	1.471913E+2
3.738873E+2	1.491913E+2
3.741492E+2	1.514099E+2
3.744111E+2	1.538580E+2
3.746730E+2	1.561804E+2
3.749349E+2	1.589892E+2
3.751968E+2	1.612733E+2
3.754587E+2	1.631913E+2
3.757206E+2	1.649892E+2
3.759824E+2	1.670001E+2
3.762443E+2	1.687979E+2
3.765061E+2	1.711094E+2
3.767680E+2	1.734263E+2
3.770298E+2	1.754536E+2
3.772916E+2	1.775411E+2
3.775535E+2	1.799345E+2
3.778153E+2	1.819454E+2
3.780771E+2	1.841148E+2
3.783389E+2	1.866394E+2
3.786007E+2	1.886722E+2
3.788624E+2	1.908088E+2
3.791242E+2	1.933553E+2
3.793860E+2	1.961422E+2
3.796477E+2	1.983826E+2
3.799095E+2	2.010110E+2
3.801712E+2	2.040657E+2
3.804330E+2	2.067050E+2
3.806947E+2	2.094208E+2
3.809564E+2	2.122515E+2
3.812181E+2	2.144700E+2
3.814798E+2	2.171258E+2
3.817415E+2	2.202952E+2
3.820032E+2	2.231367E+2
3.822649E+2	2.257159E+2
3.825266E+2	2.283935E+2
3.827883E+2	2.312351E+2
3.830499E+2	2.343170E+2
3.833116E+2	2.373280E+2
3.835732E+2	2.405848E+2
3.838348E+2	2.437706E+2
3.840965E+2	2.467159E+2
3.843581E+2	2.498471E+2
3.846197E+2	2.530711E+2
3.848813E+2	2.561203E+2
3.851429E+2	2.592515E+2
3.854045E+2	2.622733E+2
3.856661E+2	2.653280E+2
3.859277E+2	2.685356E+2
3.861892E+2	2.716777E+2
3.864508E+2	2.743935E+2
3.867124E+2	2.772733E+2
3.869739E+2	2.803006E+2
3.872354E+2	2.839236E+2
3.874970E+2	2.877815E+2
3.877585E+2	2.912023E+2
3.880200E+2	2.947105E+2
3.882815E+2	2.983990E+2
3.885430E+2	3.016449E+2
3.888045E+2	3.045301E+2
3.890660E+2	3.078853E+2
3.893275E+2	3.111476E+2
3.895889E+2	3.151039E+2
3.898504E+2	3.184591E+2
3.901118E+2	3.216449E+2
3.903733E+2	3.252460E+2
3.906347E+2	3.280821E+2
3.908962E+2	3.309181E+2
3.911576E+2	3.346777E+2
3.914190E+2	3.383498E+2
3.916804E+2	3.420274E+2
3.919418E+2	3.456449E+2
3.922032E+2	3.494372E+2
3.924646E+2	3.528143E+2
3.927260E+2	3.564810E+2
3.929873E+2	3.598088E+2
3.932487E+2	3.634372E+2
3.935100E+2	3.673389E+2
3.937714E+2	3.713280E+2
3.940327E+2	3.750274E+2
3.942941E+2	3.787760E+2
3.945554E+2	3.826777E+2
3.948167E+2	3.867487E+2
3.950780E+2	3.910274E+2
3.953393E+2	3.945793E+2
3.956006E+2	3.986394E+2
3.958619E+2	4.027105E+2
3.961232E+2	4.061695E+2
3.963844E+2	4.101859E+2
3.966457E+2	4.141258E+2
3.969069E+2	4.183170E+2
3.971682E+2	4.225137E+2
3.974294E+2	4.266995E+2
3.976907E+2	4.306886E+2
3.979519E+2	4.346886E+2
3.982131E+2	4.392187E+2
3.984743E+2	4.436831E+2
3.987355E+2	4.481640E+2
3.989967E+2	4.523116E+2
3.992579E+2	4.568908E+2
3.995191E+2	4.610493E+2
3.997802E+2	4.648198E+2
4.000414E+2	4.692624E+2
4.003025E+2	4.737050E+2
4.005637E+2	4.778689E+2
4.008248E+2	4.824427E+2
4.010860E+2	4.873006E+2
4.013471E+2	4.920383E+2
4.016082E+2	4.964536E+2
4.018693E+2	5.008799E+2
4.021304E+2	5.058853E+2
4.023915E+2	5.109509E+2
4.026526E+2	5.164045E+2
4.029137E+2	5.212187E+2
4.031747E+2	5.257378E+2
4.034358E+2	5.307706E+2
4.036968E+2	5.360984E+2
4.039579E+2	5.408471E+2
4.042189E+2	5.458471E+2
4.044800E+2	5.510438E+2
4.047410E+2	5.562788E+2
4.050020E+2	5.616558E+2
4.052630E+2	5.667050E+2
4.055240E+2	5.718853E+2
4.057850E+2	5.772842E+2
4.060460E+2	5.829345E+2
4.063070E+2	5.878853E+2
4.065679E+2	5.936285E+2
4.068289E+2	5.992405E+2
4.070898E+2	6.045629E+2
4.073508E+2	6.099946E+2
4.076117E+2	6.150383E+2
4.078727E+2	6.207159E+2
4.081336E+2	6.266012E+2
4.083945E+2	6.327323E+2
4.086554E+2	6.387651E+2
4.089163E+2	6.450657E+2
4.091772E+2	6.512241E+2
4.094381E+2	6.569673E+2
4.096990E+2	6.634646E+2
4.099598E+2	6.701039E+2
4.102207E+2	6.759728E+2
4.104815E+2	6.824591E+2
4.107424E+2	6.882351E+2
4.110032E+2	6.938525E+2
4.112640E+2	6.998853E+2
4.115249E+2	7.058361E+2
4.117857E+2	7.120930E+2
4.120465E+2	7.179728E+2
4.123073E+2	7.237870E+2
4.125681E+2	7.299017E+2
4.128289E+2	7.357378E+2
4.130896E+2	7.419290E+2
4.133504E+2	7.482132E+2
4.136112E+2	7.545301E+2
4.138719E+2	7.611312E+2
4.141327E+2	7.672624E+2
4.143934E+2	7.733334E+2
4.146541E+2	7.800165E+2
4.149149E+2	7.859618E+2
4.151756E+2	7.918198E+2
4.154363E+2	7.979564E+2
4.156970E+2	8.046722E+2
4.159577E+2	8.115301E+2
4.162184E+2	8.178963E+2
4.164790E+2	8.244099E+2
4.167397E+2	8.307105E+2
4.170004E+2	8.368361E+2
4.172610E+2	8.431640E+2
4.175217E+2	8.496394E+2
4.177823E+2	8.564591E+2
4.180429E+2	8.632241E+2
4.183035E+2	8.701859E+2
4.185642E+2	8.763826E+2
4.188248E+2	8.830821E+2
4.190854E+2	8.900055E+2
4.193459E+2	8.964318E+2
4.196065E+2	9.033170E+2
4.198671E+2	9.099837E+2
4.201277E+2	9.161804E+2
4.203882E+2	9.229837E+2
4.206488E+2	9.300602E+2
4.209093E+2	9.366941E+2
4.211699E+2	9.436777E+2
4.214304E+2	9.505629E+2
4.216909E+2	9.574154E+2
4.219514E+2	9.640875E+2
4.222119E+2	9.711531E+2
4.224724E+2	9.784919E+2
4.227329E+2	9.850657E+2
4.229934E+2	9.920110E+2
4.232539E+2	9.998252E+2
4.235143E+2	1.008284E+3
4.237748E+2	1.015273E+3
4.240352E+2	1.022760E+3
4.242957E+2	1.030033E+3
4.245561E+2	1.037426E+3
4.248166E+2	1.044317E+3
4.250770E+2	1.051825E+3
4.253374E+2	1.059935E+3
4.255978E+2	1.067410E+3
4.258582E+2	1.074825E+3
4.261186E+2	1.082689E+3
4.263790E+2	1.090700E+3
4.266393E+2	1.098771E+3
4.268997E+2	1.106853E+3
4.271600E+2	1.115486E+3
4.274204E+2	1.123650E+3
4.276807E+2	1.131716E+3
4.279411E+2	1.140120E+3
4.282014E+2	1.148191E+3
4.284617E+2	1.156082E+3
4.287220E+2	1.165082E+3
4.289823E+2	1.174060E+3
4.292426E+2	1.182929E+3
4.295029E+2	1.191563E+3
4.297632E+2	1.200137E+3
4.300235E+2	1.209235E+3
4.302837E+2	1.218618E+3
4.305440E+2	1.227290E+3
4.308042E+2	1.236880E+3
4.310645E+2	1.246530E+3
4.313247E+2	1.255836E+3
4.315849E+2	1.263896E+3
4.318451E+2	1.272716E+3
4.321054E+2	1.281995E+3
4.323656E+2	1.291027E+3
4.326258E+2	1.300126E+3
4.328859E+2	1.309169E+3
4.331461E+2	1.318262E+3
4.334063E+2	1.327978E+3
4.336665E+2	1.337372E+3
4.339266E+2	1.346191E+3
4.341868E+2	1.354661E+3
4.344469E+2	1.363481E+3
4.347070E+2	1.372366E+3
4.349671E+2	1.381191E+3
4.352273E+2	1.390765E+3
4.354874E+2	1.399628E+3
4.357475E+2	1.408689E+3
4.360076E+2	1.417339E+3
4.362677E+2	1.426825E+3
4.365277E+2	1.436071E+3
4.367878E+2	1.445891E+3
4.370479E+2	1.454853E+3
4.373079E+2	1.464372E+3
4.375680E+2	1.474448E+3
4.378280E+2	1.484492E+3
4.380880E+2	1.493913E+3
4.383480E+2	1.503623E+3
4.386081E+2	1.513863E+3
4.388681E+2	1.524115E+3
4.391281E+2	1.532344E+3
4.393881E+2	1.540525E+3
4.396480E+2	1.550230E+3
4.399080E+2	1.559536E+3
4.401680E+2	1.568634E+3
4.404279E+2	1.578153E+3
4.406879E+2	1.587989E+3
4.409478E+2	1.597049E+3
4.412078E+2	1.605596E+3
4.414677E+2	1.614547E+3
4.417276E+2	1.622863E+3
4.419875E+2	1.632344E+3
4.422474E+2	1.640350E+3
4.425073E+2	1.649792E+3
4.427672E+2	1.659235E+3
4.430271E+2	1.668088E+3
4.432870E+2	1.677011E+3
4.435469E+2	1.685700E+3
4.438067E+2	1.695060E+3
4.440666E+2	1.703995E+3
4.443264E+2	1.713022E+3
4.445862E+2	1.721126E+3
4.448461E+2	1.729612E+3
4.451059E+2	1.738710E+3
4.453657E+2	1.747481E+3
4.456255E+2	1.755694E+3
4.458853E+2	1.764536E+3
4.461451E+2	1.772754E+3
4.464049E+2	1.781803E+3
4.466646E+2	1.790131E+3
4.469244E+2	1.799579E+3
4.471842E+2	1.808011E+3
4.474439E+2	1.818219E+3
4.477036E+2	1.828241E+3
4.479634E+2	1.837492E+3
4.482231E+2	1.847213E+3
4.484828E+2	1.856891E+3
4.487425E+2	1.867000E+3
4.490022E+2	1.877006E+3
4.492619E+2	1.886120E+3
4.495216E+2	1.894465E+3
4.497813E+2	1.904186E+3
4.500410E+2	1.914235E+3
4.503006E+2	1.925033E+3
4.505603E+2	1.936230E+3
4.508199E+2	1.946557E+3
4.510796E+2	1.956361E+3
4.513392E+2	1.966782E+3
4.515988E+2	1.977241E+3
4.518584E+2	1.988891E+3
4.521180E+2	1.999235E+3
4.523776E+2	2.009557E+3
4.526372E+2	2.019317E+3
4.528968E+2	2.030383E+3
4.531564E+2	2.041541E+3
4.534160E+2	2.051945E+3
4.536755E+2	2.062705E+3
4.539351E+2	2.075131E+3
4.541946E+2	2.085732E+3
4.544541E+2	2.096590E+3
4.547137E+2	2.107377E+3
4.549732E+2	2.119782E+3
4.552327E+2	2.132241E+3
4.554922E+2	2.143754E+3
4.557517E+2	2.155481E+3
4.560112E+2	2.168235E+3
4.562707E+2	2.180639E+3
4.565302E+2	2.193060E+3
4.567896E+2	2.207120E+3
4.570491E+2	2.220803E+3
4.573085E+2	2.233148E+3
4.575680E+2	2.247410E+3
4.578274E+2	2.260782E+3
4.580868E+2	2.275006E+3
4.583463E+2	2.289224E+3
4.586057E+2	2.302098E+3
4.588651E+2	2.316131E+3
4.591245E+2	2.330153E+3
4.593838E+2	2.344918E+3
4.596432E+2	2.359016E+3
4.599026E+2	2.374339E+3
4.601620E+2	2.389929E+3
4.604213E+2	2.405814E+3
4.606807E+2	2.421246E+3
4.609400E+2	2.437432E+3
4.611993E+2	2.453913E+3
4.614587E+2	2.470831E+3
4.617180E+2	2.488716E+3
4.619773E+2	2.505448E+3
4.622366E+2	2.522120E+3
4.624959E+2	2.540820E+3
4.627552E+2	2.557525E+3
4.630144E+2	2.575388E+3
4.632737E+2	2.594306E+3
4.635330E+2	2.611760E+3
4.637922E+2	2.630760E+3
4.640515E+2	2.649563E+3
4.643107E+2	2.667880E+3
4.645699E+2	2.686579E+3
4.648292E+2	2.706137E+3
4.650884E+2	2.726902E+3
4.653476E+2	2.748514E+3
4.656068E+2	2.769552E+3
4.658660E+2	2.791153E+3
4.661251E+2	2.812355E+3
4.663843E+2	2.832678E+3
4.666435E+2	2.855159E+3
4.669026E+2	2.878984E+3
4.671618E+2	2.901585E+3
4.674209E+2	2.925579E+3
4.676801E+2	2.949044E+3
4.679392E+2	2.972700E+3
4.681983E+2	2.997148E+3
4.684574E+2	3.022290E+3
4.687165E+2	3.047935E+3
4.689756E+2	3.072727E+3
4.692347E+2	3.098459E+3
4.694938E+2	3.124541E+3
4.697529E+2	3.149585E+3
4.700119E+2	3.177732E+3
4.702710E+2	3.205339E+3
4.705300E+2	3.233590E+3
4.707891E+2	3.261104E+3
4.710481E+2	3.290180E+3
4.713071E+2	3.320077E+3
4.715661E+2	3.349612E+3
4.718252E+2	3.379339E+3
4.720842E+2	3.410191E+3
4.723431E+2	3.441022E+3
4.726021E+2	3.471563E+3
4.728611E+2	3.502831E+3
4.731201E+2	3.536907E+3
4.733790E+2	3.570415E+3
4.736380E+2	3.603164E+3
4.738969E+2	3.637486E+3
4.741559E+2	3.670508E+3
4.744148E+2	3.704131E+3
4.746737E+2	3.739279E+3
4.749326E+2	3.775175E+3
4.751915E+2	3.810180E+3
4.754504E+2	3.845967E+3
4.757093E+2	3.882809E+3
4.759682E+2	3.918836E+3
4.762271E+2	3.956459E+3
4.764859E+2	3.994191E+3
4.767448E+2	4.031798E+3
4.770037E+2	4.069842E+3
4.772625E+2	4.107782E+3
4.775213E+2	4.144159E+3
4.777802E+2	4.183251E+3
4.780390E+2	4.221514E+3
4.782978E+2	4.259377E+3
4.785566E+2	4.298159E+3
4.788154E+2	4.338891E+3
4.790742E+2	4.378454E+3
4.793329E+2	4.417257E+3
4.795917E+2	4.457437E+3
4.798505E+2	4.496978E+3
4.801092E+2	4.537661E+3
4.803680E+2	4.577508E+3
4.806267E+2	4.616672E+3
4.808854E+2	4.656792E+3
4.811442E+2	4.695678E+3
4.814029E+2	4.735394E+3
4.816616E+2	4.776142E+3
4.819203E+2	4.816306E+3
4.821790E+2	4.857831E+3
4.824377E+2	4.897891E+3
4.826963E+2	4.936732E+3
4.829550E+2	4.976301E+3
4.832137E+2	5.017093E+3
4.834723E+2	5.057093E+3
4.837310E+2	5.097536E+3
4.839896E+2	5.137186E+3
4.842482E+2	5.177672E+3
4.845068E+2	5.217579E+3
4.847655E+2	5.257115E+3
4.850241E+2	5.297000E+3
4.852827E+2	5.334547E+3
4.855412E+2	5.374623E+3
4.857998E+2	5.413044E+3
4.860584E+2	5.451503E+3
4.863170E+2	5.489104E+3
4.865755E+2	5.529519E+3
4.868341E+2	5.566727E+3
4.870926E+2	5.603667E+3
4.873511E+2	5.640984E+3
4.876097E+2	5.679126E+3
4.878682E+2	5.715754E+3
4.881267E+2	5.753142E+3
4.883852E+2	5.788869E+3
4.886437E+2	5.824858E+3
4.889022E+2	5.858213E+3
4.891606E+2	5.892530E+3
4.894191E+2	5.927317E+3
4.896776E+2	5.960437E+3
4.899360E+2	5.996295E+3
4.901945E+2	6.031388E+3
4.904529E+2	6.064142E+3
4.907113E+2	6.095224E+3
4.909697E+2	6.128656E+3
4.912282E+2	6.160847E+3
4.914866E+2	6.191486E+3
4.917450E+2	6.223077E+3
4.920034E+2	6.253093E+3
4.922617E+2	6.282645E+3
4.925201E+2	6.312541E+3
4.927785E+2	6.342088E+3
4.930368E+2	6.372202E+3
4.932952E+2	6.402098E+3
4.935535E+2	6.430765E+3
4.938118E+2	6.459771E+3
4.940702E+2	6.488519E+3
4.943285E+2	6.517809E+3
4.945868E+2	6.544470E+3
4.948451E+2	6.571126E+3
4.951034E+2	6.599574E+3
4.953617E+2	6.624623E+3
4.956200E+2	6.651241E+3
4.958782E+2	6.678055E+3
4.961365E+2	6.705383E+3
4.963947E+2	6.731639E+3
4.966530E+2	6.756678E+3
4.969112E+2	6.782639E+3
4.971694E+2	6.807978E+3
4.974277E+2	6.832071E+3
4.976859E+2	6.856557E+3
4.979441E+2	6.880257E+3
4.982023E+2	6.903038E+3
4.984605E+2	6.925645E+3
4.987187E+2	6.948853E+3
4.989768E+2	6.970033E+3
4.992350E+2	6.992175E+3
4.994931E+2	7.014749E+3
4.997513E+2	7.037475E+3
5.000094E+2	7.058721E+3
5.002676E+2	7.079426E+3
5.005257E+2	7.099344E+3
5.007838E+2	7.119219E+3
5.010419E+2	7.142241E+3
5.013000E+2	7.161973E+3
5.015581E+2	7.182224E+3
5.018162E+2	7.202601E+3
5.020743E+2	7.222000E+3
5.023323E+2	7.240853E+3
5.025904E+2	7.259257E+3
5.028485E+2	7.278656E+3
5.031065E+2	7.297175E+3
5.033645E+2	7.316044E+3
5.036226E+2	7.334361E+3
5.038806E+2	7.351312E+3
5.041386E+2	7.368989E+3
5.043966E+2	7.387541E+3
5.046546E+2	7.405787E+3
5.049126E+2	7.423940E+3
5.051706E+2	7.443055E+3
5.054285E+2	7.460891E+3
5.056865E+2	7.475798E+3
5.059445E+2	7.491945E+3
5.062024E+2	7.509219E+3
5.064604E+2	7.527410E+3
5.067183E+2	7.543148E+3
5.069762E+2	7.561148E+3
5.072341E+2	7.578585E+3
5.074920E+2	7.596333E+3
5.077499E+2	7.612907E+3
5.080078E+2	7.630421E+3
5.082657E+2	7.645891E+3
5.085236E+2	7.662656E+3
5.087815E+2	7.678574E+3
5.090393E+2	7.694798E+3
5.092972E+2	7.711180E+3
5.095550E+2	7.727951E+3
5.098129E+2	7.744159E+3
5.100707E+2	7.758749E+3
5.103285E+2	7.774634E+3
5.105863E+2	7.790241E+3
5.108441E+2	7.805066E+3
5.111019E+2	7.822776E+3
5.113597E+2	7.837077E+3
5.116175E+2	7.852820E+3
5.118753E+2	7.866782E+3
5.121330E+2	7.882836E+3
5.123908E+2	7.897874E+3
5.126485E+2	7.913153E+3
5.129063E+2	7.927940E+3
5.131640E+2	7.943585E+3
5.134217E+2	7.958858E+3
5.136794E+2	7.973902E+3
5.139371E+2	7.988574E+3
5.141948E+2	8.005372E+3
5.144525E+2	8.020088E+3
5.147102E+2	8.035874E+3
5.149679E+2	8.050869E+3
5.152256E+2	8.065246E+3
5.154832E+2	8.079077E+3
5.157409E+2	8.094142E+3
5.159985E+2	8.109645E+3
5.162562E+2	8.126448E+3
5.165138E+2	8.141749E+3
5.167714E+2	8.156503E+3
5.170290E+2	8.172033E+3
5.172866E+2	8.186071E+3
5.175442E+2	8.201475E+3
5.178018E+2	8.217126E+3
5.180594E+2	8.230044E+3
5.183170E+2	8.244842E+3
5.185745E+2	8.258465E+3
5.188321E+2	8.272339E+3
5.190896E+2	8.285650E+3
5.193472E+2	8.299530E+3
5.196047E+2	8.312727E+3
5.198622E+2	8.328022E+3
5.201197E+2	8.341454E+3
5.203772E+2	8.354721E+3
5.206347E+2	8.368945E+3
5.208922E+2	8.380246E+3
5.211497E+2	8.393372E+3
5.214072E+2	8.406383E+3
5.216646E+2	8.420973E+3
5.219221E+2	8.434241E+3
5.221795E+2	8.448306E+3
5.224370E+2	8.460656E+3
5.226944E+2	8.470131E+3
5.229519E+2	8.482508E+3
5.232093E+2	8.493164E+3
5.234667E+2	8.505650E+3
5.237241E+2	8.517262E+3
5.239815E+2	8.529809E+3
5.242389E+2	8.539874E+3
5.244962E+2	8.549301E+3
5.247536E+2	8.559443E+3
5.250110E+2	8.569689E+3
5.252683E+2	8.579727E+3
5.255257E+2	8.588967E+3
5.257830E+2	8.600661E+3
5.260403E+2	8.610601E+3
5.262977E+2	8.620454E+3
5.265550E+2	8.630301E+3
5.268123E+2	8.637732E+3
5.270696E+2	8.649224E+3
5.273269E+2	8.659361E+3
5.275841E+2	8.669186E+3
5.278414E+2	8.678814E+3
5.280987E+2	8.686995E+3
5.283559E+2	8.695038E+3
5.286132E+2	8.703601E+3
5.288704E+2	8.712219E+3
5.291276E+2	8.720853E+3
5.293849E+2	8.728945E+3
5.296421E+2	8.738710E+3
5.298993E+2	8.746470E+3
5.301565E+2	8.754093E+3
5.304137E+2	8.760115E+3
5.306709E+2	8.768514E+3
5.309280E+2	8.777153E+3
5.311852E+2	8.783853E+3
5.314424E+2	8.788924E+3
5.316995E+2	8.795492E+3
5.319567E+2	8.800399E+3
5.322138E+2	8.806874E+3
5.324709E+2	8.813202E+3
5.327280E+2	8.819421E+3
5.329852E+2	8.825290E+3
5.332423E+2	8.830863E+3
5.334994E+2	8.836000E+3
5.337564E+2	8.842530E+3
5.340135E+2	8.850011E+3
5.342706E+2	8.856716E+3
5.345276E+2	8.863377E+3
5.347847E+2	8.869169E+3
5.350417E+2	8.873678E+3
5.352988E+2	8.880098E+3
5.355558E+2	8.884858E+3
5.358128E+2	8.889503E+3
5.360698E+2	8.896295E+3
5.363269E+2	8.900776E+3
5.365839E+2	8.907115E+3
5.368408E+2	8.912071E+3
5.370978E+2	8.918585E+3
5.373548E+2	8.924082E+3
5.376118E+2	8.929989E+3
5.378687E+2	8.934465E+3
5.381257E+2	8.942437E+3
5.383826E+2	8.949645E+3
5.386395E+2	8.955404E+3
5.388965E+2	8.962366E+3
5.391534E+2	8.967454E+3
5.394103E+2	8.973399E+3
5.396672E+2	8.979853E+3
5.399241E+2	8.986126E+3
5.401810E+2	8.992956E+3
5.404378E+2	8.998924E+3
5.406947E+2	9.004131E+3
5.409516E+2	9.009951E+3
5.412084E+2	9.017312E+3
5.414653E+2	9.022803E+3
5.417221E+2	9.027907E+3
5.419789E+2	9.033508E+3
5.422357E+2	9.038333E+3
5.424925E+2	9.044858E+3
5.427493E+2	9.049448E+3
5.430061E+2	9.053109E+3
5.432629E+2	9.058590E+3
5.435197E+2	9.064126E+3
5.437765E+2	9.070765E+3
5.440332E+2	9.077541E+3
5.442900E+2	9.082071E+3
5.445467E+2	9.085710E+3
5.448035E+2	9.091142E+3
5.450602E+2	9.096148E+3
5.453169E+2	9.099765E+3
5.455736E+2	9.103891E+3
5.458303E+2	9.109749E+3
5.460870E+2	9.115366E+3
5.463437E+2	9.119115E+3
5.466004E+2	9.121710E+3
5.468571E+2	9.127410E+3
5.471137E+2	9.133344E+3
5.473704E+2	9.137443E+3
5.476270E+2	9.143929E+3
5.478837E+2	9.148924E+3
5.481403E+2	9.153137E+3
5.483969E+2	9.158208E+3
5.486535E+2	9.163186E+3
5.489101E+2	9.166743E+3
5.491667E+2	9.170536E+3
5.494233E+2	9.173689E+3
5.496799E+2	9.176383E+3
5.499365E+2	9.179612E+3
5.501931E+2	9.183191E+3
5.504496E+2	9.186940E+3
5.507062E+2	9.191754E+3
5.509627E+2	9.193978E+3
5.512192E+2	9.198066E+3
5.514758E+2	9.202071E+3
5.517323E+2	9.204443E+3
5.519888E+2	9.207421E+3
5.522453E+2	9.210541E+3
5.525018E+2	9.213082E+3
5.527583E+2	9.213607E+3
5.530147E+2	9.214333E+3
5.532712E+2	9.214421E+3
5.535277E+2	9.216508E+3
5.537841E+2	9.216503E+3
5.540406E+2	9.217530E+3
5.542970E+2	9.218055E+3
5.545534E+2	9.218694E+3
5.548098E+2	9.220164E+3
5.550663E+2	9.220552E+3
5.553227E+2	9.220126E+3
5.555791E+2	9.220366E+3
5.558354E+2	9.221202E+3
5.560918E+2	9.222219E+3
5.563482E+2	9.224306E+3
5.566046E+2	9.224738E+3
5.568609E+2	9.223454E+3
5.571173E+2	9.222426E+3
5.573736E+2	9.223497E+3
5.576299E+2	9.223825E+3
5.578862E+2	9.224339E+3
5.581426E+2	9.222913E+3
5.583989E+2	9.222273E+3
5.586552E+2	9.222924E+3
5.589114E+2	9.221885E+3
5.591677E+2	9.220027E+3
5.594240E+2	9.218475E+3
5.596803E+2	9.218295E+3
5.599365E+2	9.218820E+3
5.601928E+2	9.219891E+3
5.604490E+2	9.217257E+3
5.607052E+2	9.215645E+3
5.609614E+2	9.215383E+3
5.612177E+2	9.214650E+3
5.614739E+2	9.213312E+3
5.617301E+2	9.212454E+3
5.619863E+2	9.211257E+3
5.622424E+2	9.211131E+3
5.624986E+2	9.209180E+3
5.627548E+2	9.207710E+3
5.630109E+2	9.206268E+3
5.632671E+2	9.203536E+3
5.635232E+2	9.201082E+3
5.637794E+2	9.199568E+3
5.640355E+2	9.196891E+3
5.642916E+2	9.194426E+3
5.645477E+2	9.192607E+3
5.648038E+2	9.190115E+3
5.650599E+2	9.188650E+3
5.653160E+2	9.186317E+3
5.655721E+2	9.184344E+3
5.658281E+2	9.182678E+3
5.660842E+2	9.179700E+3
5.663402E+2	9.175574E+3
5.665963E+2	9.173224E+3
5.668523E+2	9.169989E+3
5.671083E+2	9.166230E+3
5.673644E+2	9.163421E+3
5.676204E+2	9.159809E+3
5.678764E+2	9.156120E+3
5.681324E+2	9.154858E+3
5.683883E+2	9.154033E+3
5.686443E+2	9.151973E+3
5.689003E+2	9.150869E+3
5.691562E+2	9.148924E+3
5.694122E+2	9.146465E+3
5.696681E+2	9.144585E+3
5.699241E+2	9.141536E+3
5.701800E+2	9.137984E+3
5.704359E+2	9.134645E+3
5.706918E+2	9.131945E+3
5.709477E+2	9.128678E+3
5.712036E+2	9.124896E+3
5.714595E+2	9.122038E+3
5.717154E+2	9.118656E+3
5.719713E+2	9.113579E+3
5.722271E+2	9.109224E+3
5.724830E+2	9.106284E+3
5.727388E+2	9.102842E+3
5.729947E+2	9.098814E+3
5.732505E+2	9.094328E+3
5.735063E+2	9.089552E+3
5.737621E+2	9.087574E+3
5.740179E+2	9.084159E+3
5.742737E+2	9.079978E+3
5.745295E+2	9.076197E+3
5.747853E+2	9.071465E+3
5.750411E+2	9.068962E+3
5.752968E+2	9.064060E+3
5.755526E+2	9.059273E+3
5.758083E+2	9.053508E+3
5.760641E+2	9.050596E+3
5.763198E+2	9.046760E+3
5.765755E+2	9.042743E+3
5.768312E+2	9.038437E+3
5.770869E+2	9.033448E+3
5.773426E+2	9.028284E+3
5.775983E+2	9.023541E+3
5.778540E+2	9.018607E+3
5.781097E+2	9.016126E+3
5.783653E+2	9.011956E+3
5.786210E+2	9.007241E+3
5.788766E+2	9.002885E+3
5.791323E+2	8.997863E+3
5.793879E+2	8.993399E+3
5.796435E+2	8.988273E+3
5.798991E+2	8.983410E+3
5.801547E+2	8.978088E+3
5.804103E+2	8.974115E+3
5.806659E+2	8.969077E+3
5.809215E+2	8.964984E+3
5.811771E+2	8.960700E+3
5.814327E+2	8.954913E+3
5.816882E+2	8.949421E+3
5.819438E+2	8.944836E+3
5.821993E+2	8.939803E+3
5.824548E+2	8.932333E+3
5.827104E+2	8.927098E+3
5.829659E+2	8.921044E+3
5.832214E+2	8.913825E+3
5.834769E+2	8.908295E+3
5.837324E+2	8.901410E+3
5.839878E+2	8.895197E+3
5.842433E+2	8.888913E+3
5.844988E+2	8.882000E+3
5.847542E+2	8.874399E+3
5.850097E+2	8.866716E+3
5.852651E+2	8.860038E+3
5.855206E+2	8.853634E+3
5.857760E+2	8.848306E+3
5.860314E+2	8.841361E+3
5.862868E+2	8.833978E+3
5.865422E+2	8.828590E+3
5.867976E+2	8.824366E+3
5.870530E+2	8.818164E+3
5.873084E+2	8.811426E+3
5.875637E+2	8.805437E+3
5.878191E+2	8.799694E+3
5.880744E+2	8.794235E+3
5.883298E+2	8.788634E+3
5.885851E+2	8.783038E+3
5.888404E+2	8.776880E+3
5.890958E+2	8.770820E+3
5.893511E+2	8.762907E+3
5.896064E+2	8.756661E+3
5.898617E+2	8.749765E+3
5.901169E+2	8.743842E+3
5.903722E+2	8.738568E+3
5.906275E+2	8.731743E+3
5.908827E+2	8.725508E+3
5.911380E+2	8.718836E+3
5.913932E+2	8.712984E+3
5.916485E+2	8.705612E+3
5.919037E+2	8.700213E+3
5.921589E+2	8.693224E+3
5.924141E+2	8.686967E+3
5.926693E+2	8.680426E+3
5.929245E+2	8.675197E+3
5.931797E+2	8.669782E+3
5.934349E+2	8.662929E+3
5.936900E+2	8.654525E+3
5.939452E+2	8.648148E+3
5.942004E+2	8.642415E+3
5.944555E+2	8.636213E+3
5.947106E+2	8.631508E+3
5.949658E+2	8.624634E+3
5.952209E+2	8.619519E+3
5.954760E+2	8.613536E+3
5.957311E+2	8.607448E+3
5.959862E+2	8.602454E+3
5.962413E+2	8.597978E+3
5.964963E+2	8.592104E+3
5.967514E+2	8.586798E+3
5.970065E+2	8.582257E+3
5.972615E+2	8.579279E+3
5.975166E+2	8.574667E+3
5.977716E+2	8.570749E+3
5.980266E+2	8.568563E+3
5.982816E+2	8.564164E+3
5.985367E+2	8.560880E+3
5.987917E+2	8.559322E+3
5.990467E+2	8.554574E+3
5.993016E+2	8.550465E+3
5.995566E+2	8.547295E+3
5.998116E+2	8.543962E+3
6.000665E+2	8.540809E+3
6.003215E+2	8.536924E+3
6.005764E+2	8.535268E+3
6.008314E+2	8.532350E+3
6.010863E+2	8.530443E+3
6.013412E+2	8.525721E+3
6.015961E+2	8.522689E+3
6.018510E+2	8.521104E+3
6.021059E+2	8.517104E+3
6.023608E+2	8.512967E+3
6.026157E+2	8.509284E+3
6.028706E+2	8.505885E+3
6.031254E+2	8.503344E+3
6.033803E+2	8.500060E+3
6.036351E+2	8.495705E+3
6.038900E+2	8.491913E+3
6.041448E+2	8.488082E+3
6.043996E+2	8.485470E+3
6.046544E+2	8.483033E+3
6.049092E+2	8.480694E+3
6.051640E+2	8.477585E+3
6.054188E+2	8.474803E+3
6.056736E+2	8.472246E+3
6.059283E+2	8.469634E+3
6.061831E+2	8.465672E+3
6.064378E+2	8.462486E+3
6.066926E+2	8.460426E+3
6.069473E+2	8.457519E+3
6.072021E+2	8.454776E+3
6.074568E+2	8.450120E+3
6.077115E+2	8.446011E+3
6.079662E+2	8.441913E+3
6.082209E+2	8.439907E+3
6.084756E+2	8.435776E+3
6.087302E+2	8.433131E+3
6.089849E+2	8.430607E+3
6.092396E+2	8.427585E+3
6.094942E+2	8.424902E+3
6.097489E+2	8.420836E+3
6.100035E+2	8.416798E+3
6.102581E+2	8.412536E+3
6.105127E+2	8.408465E+3
6.107674E+2	8.403088E+3
6.110220E+2	8.398771E+3
6.112766E+2	8.395322E+3
6.115311E+2	8.391301E+3
6.117857E+2	8.386547E+3
6.120403E+2	8.381628E+3
6.122948E+2	8.376639E+3
6.125494E+2	8.371044E+3
6.128039E+2	8.364120E+3
6.130585E+2	8.359454E+3
6.133130E+2	8.353508E+3
6.135675E+2	8.347738E+3
6.138220E+2	8.343241E+3
6.140765E+2	8.337448E+3
6.143310E+2	8.330497E+3
6.145855E+2	8.324721E+3
6.148400E+2	8.320044E+3
6.150945E+2	8.314344E+3
6.153489E+2	8.308825E+3
6.156034E+2	8.301754E+3
6.158578E+2	8.296355E+3
6.161123E+2	8.289530E+3
6.163667E+2	8.282918E+3
6.166211E+2	8.276552E+3
6.168755E+2	8.271219E+3
6.171299E+2	8.266454E+3
6.173843E+2	8.260552E+3
6.176387E+2	8.254241E+3
6.178931E+2	8.247284E+3
6.181474E+2	8.241459E+3
6.184018E+2	8.236399E+3
6.186561E+2	8.230104E+3
6.189105E+2	8.225060E+3
6.191648E+2	8.219995E+3
6.194191E+2	8.214634E+3
6.196735E+2	8.210164E+3
6.199278E+2	8.203902E+3
6.201821E+2	8.199115E+3
6.204364E+2	8.192317E+3
6.206907E+2	8.185547E+3
6.209449E+2	8.179732E+3
6.211992E+2	8.175120E+3
6.214535E+2	8.167787E+3
6.217077E+2	8.163525E+3
6.219619E+2	8.158683E+3
6.222162E+2	8.153552E+3
6.224704E+2	8.147940E+3
6.227246E+2	8.143710E+3
6.229788E+2	8.139803E+3
6.232330E+2	8.137344E+3
6.234872E+2	8.133913E+3
6.237414E+2	8.128956E+3
6.239956E+2	8.123383E+3
6.242498E+2	8.118055E+3
6.245039E+2	8.113508E+3
6.247581E+2	8.110710E+3
6.250122E+2	8.106071E+3
6.252663E+2	8.102935E+3
6.255205E+2	8.098869E+3
6.257746E+2	8.094732E+3
6.260287E+2	8.090869E+3
6.262828E+2	8.087437E+3
6.265369E+2	8.085935E+3
6.267910E+2	8.082743E+3
6.270450E+2	8.078836E+3
6.272991E+2	8.074443E+3
6.275532E+2	8.071634E+3
6.278072E+2	8.067607E+3
6.280613E+2	8.065060E+3
6.283153E+2	8.061465E+3
6.285693E+2	8.059213E+3
6.288233E+2	8.056235E+3
6.290773E+2	8.053006E+3
6.293313E+2	8.048694E+3
6.295853E+2	8.046088E+3
6.298393E+2	8.043060E+3
6.300933E+2	8.039268E+3
6.303472E+2	8.035000E+3
6.306012E+2	8.031251E+3
6.308551E+2	8.028197E+3
6.311091E+2	8.026208E+3
6.313630E+2	8.023230E+3
6.316169E+2	8.020312E+3
6.318709E+2	8.017410E+3
6.321248E+2	8.013279E+3
6.323787E+2	8.009639E+3
6.326326E+2	8.004825E+3
6.328864E+2	8.000749E+3
6.331403E+2	7.998557E+3
6.333942E+2	7.996279E+3
6.336480E+2	7.993754E+3
6.339019E+2	7.990366E+3
6.341557E+2	7.987765E+3
6.344095E+2	7.983847E+3
6.346634E+2	7.979634E+3
6.349172E+2	7.975399E+3
6.351710E+2	7.970410E+3
6.354248E+2	7.966858E+3
6.356786E+2	7.963016E+3
6.359324E+2	7.960432E+3
6.361861E+2	7.957623E+3
6.364399E+2	7.952874E+3
6.366936E+2	7.947536E+3
6.369474E+2	7.946169E+3
6.372011E+2	7.940579E+3
6.374549E+2	7.936006E+3
6.377086E+2	7.930705E+3
6.379623E+2	7.925590E+3
6.382160E+2	7.919814E+3
6.384697E+2	7.913306E+3
6.387234E+2	7.906940E+3
6.389771E+2	7.901678E+3
6.392307E+2	7.897219E+3
6.394844E+2	7.893902E+3
6.397380E+2	7.888426E+3
6.399917E+2	7.884312E+3
6.402453E+2	7.879262E+3
6.404990E+2	7.874612E+3
6.407526E+2	7.869738E+3
6.410062E+2	7.864689E+3
6.412598E+2	7.858738E+3
6.415134E+2	7.852262E+3
6.417670E+2	7.846935E+3
6.420206E+2	7.838913E+3
6.422741E+2	7.833126E+3
6.425277E+2	7.827514E+3
6.427812E+2	7.823213E+3
6.430348E+2	7.816377E+3
6.432883E+2	7.811038E+3
6.435418E+2	7.805044E+3
6.437954E+2	7.799836E+3
6.440489E+2	7.793202E+3
6.443024E+2	7.787497E+3
6.445559E+2	7.782241E+3
6.448094E+2	7.777486E+3
6.450628E+2	7.771088E+3
6.453163E+2	7.767301E+3
6.455698E+2	7.763437E+3
6.458232E+2	7.758563E+3
6.460767E+2	7.752208E+3
6.463301E+2	7.747443E+3
6.465835E+2	7.741902E+3
6.468369E+2	7.736497E+3
6.470903E+2	7.731159E+3
6.473437E+2	7.725973E+3
6.475971E+2	7.721394E+3
6.478505E+2	7.716213E+3
6.481039E+2	7.711639E+3
6.483573E+2	7.706383E+3
6.486106E+2	7.700481E+3
6.488640E+2	7.695098E+3
6.491173E+2	7.689241E+3
6.493706E+2	7.683661E+3
6.496240E+2	7.677967E+3
6.498773E+2	7.674022E+3
6.501306E+2	7.668372E+3
6.503839E+2	7.663623E+3
6.506372E+2	7.659055E+3
6.508905E+2	7.654290E+3
6.511437E+2	7.648929E+3
6.513970E+2	7.644437E+3
6.516503E+2	7.639033E+3
6.519035E+2	7.635339E+3
6.521567E+2	7.630782E+3
6.524100E+2	7.624404E+3
6.526632E+2	7.620191E+3
6.529164E+2	7.615601E+3
6.531696E+2	7.611880E+3
6.534228E+2	7.608454E+3
6.536760E+2	7.604186E+3
6.539292E+2	7.601421E+3
6.541824E+2	7.597792E+3
6.544355E+2	7.593120E+3
6.546887E+2	7.588459E+3
6.549418E+2	7.584426E+3
6.551950E+2	7.580820E+3
6.554481E+2	7.574443E+3
6.557012E+2	7.569612E+3
6.559543E+2	7.564689E+3
6.562074E+2	7.558596E+3
6.564605E+2	7.554350E+3
6.567136E+2	7.552295E+3
6.569667E+2	7.550120E+3
6.572198E+2	7.546863E+3
6.574728E+2	7.544765E+3
6.577259E+2	7.541470E+3
6.579789E+2	7.538153E+3
6.582319E+2	7.534000E+3
6.584850E+2	7.532241E+3
6.587380E+2	7.529913E+3
6.589910E+2	7.526312E+3
6.592440E+2	7.524475E+3
6.594970E+2	7.521328E+3
6.597500E+2	7.519989E+3
6.600030E+2	7.517027E+3
6.602559E+2	7.514918E+3
6.605089E+2	7.513645E+3
6.607618E+2	7.509809E+3
6.610148E+2	7.507749E+3
6.612677E+2	7.504547E+3
6.615206E+2	7.503798E+3
6.617736E+2	7.501175E+3
6.620265E+2	7.498541E+3
6.622794E+2	7.495541E+3
6.625323E+2	7.492902E+3
6.627851E+2	7.490241E+3
6.630380E+2	7.488563E+3
6.632909E+2	7.487475E+3
6.635437E+2	7.486366E+3
6.637966E+2	7.484000E+3
6.640494E+2	7.482006E+3
6.643023E+2	7.480885E+3
6.645551E+2	7.479596E+3
6.648079E+2	7.477765E+3
6.650607E+2	7.475148E+3
6.653135E+2	7.472995E+3
6.655663E+2	7.472350E+3
6.658191E+2	7.470312E+3
6.660718E+2	7.468153E+3
6.663246E+2	7.467202E+3
6.665774E+2	7.467006E+3
6.668301E+2	7.463432E+3
6.670828E+2	7.462508E+3
6.673356E+2	7.459683E+3
6.675883E+2	7.457596E+3
6.678410E+2	7.456470E+3
6.680937E+2	7.453082E+3
6.683464E+2	7.450776E+3
6.685991E+2	7.448126E+3
6.688518E+2	7.445585E+3
6.691044E+2	7.443530E+3
6.693571E+2	7.441497E+3
6.696098E+2	7.439672E+3
6.698624E+2	7.438322E+3
6.701150E+2	7.436924E+3
6.703677E+2	7.434995E+3
6.706203E+2	7.432847E+3
6.708729E+2	7.431782E+3
6.711255E+2	7.429153E+3
6.713781E+2	7.427645E+3
6.716307E+2	7.427148E+3
6.718832E+2	7.426716E+3
6.721358E+2	7.424088E+3
6.723884E+2	7.421880E+3
6.726409E+2	7.419131E+3
6.728935E+2	7.416006E+3
6.731460E+2	7.413268E+3
6.733985E+2	7.411306E+3
6.736510E+2	7.410355E+3
6.739035E+2	7.407082E+3
6.741560E+2	7.403885E+3
6.744085E+2	7.401880E+3
6.746610E+2	7.398945E+3
6.749135E+2	7.396842E+3
6.751660E+2	7.394011E+3
6.754184E+2	7.392306E+3
6.756709E+2	7.390705E+3
6.759233E+2	7.387366E+3
6.761757E+2	7.385590E+3
6.764282E+2	7.383656E+3
6.766806E+2	7.382454E+3
6.769330E+2	7.380093E+3
6.771854E+2	7.377749E+3
6.774378E+2	7.375426E+3
6.776901E+2	7.373071E+3
6.779425E+2	7.371257E+3
6.781949E+2	7.369945E+3
6.784472E+2	7.368082E+3
6.786996E+2	7.365235E+3
6.789519E+2	7.362372E+3
6.792042E+2	7.360033E+3
6.794566E+2	7.357164E+3
6.797089E+2	7.353552E+3
6.799612E+2	7.350689E+3
6.802135E+2	7.348705E+3
6.804657E+2	7.346924E+3
6.807180E+2	7.344935E+3
6.809703E+2	7.343732E+3
6.812226E+2	7.343317E+3
6.814748E+2	7.341880E+3
6.817270E+2	7.339372E+3
6.819793E+2	7.335967E+3
6.822315E+2	7.335219E+3
6.824837E+2	7.333410E+3
6.827359E+2	7.331754E+3
6.829881E+2	7.328787E+3
6.832403E+2	7.326049E+3
6.834925E+2	7.325683E+3
6.837447E+2	7.323536E+3
6.839968E+2	7.322033E+3
6.842490E+2	7.320836E+3
6.845011E+2	7.319809E+3
6.847533E+2	7.316792E+3
6.850054E+2	7.315180E+3
6.852575E+2	7.312874E+3
6.855097E+2	7.310366E+3
6.857618E+2	7.308847E+3
6.860139E+2	7.307361E+3
6.862659E+2	7.306563E+3
6.865180E+2	7.305486E+3
6.867701E+2	7.303202E+3
6.870222E+2	7.301650E+3
6.872742E+2	7.299749E+3
6.875263E+2	7.298372E+3
6.877783E+2	7.297055E+3
6.880303E+2	7.296241E+3
6.882823E+2	7.296383E+3
6.885343E+2	7.295869E+3
6.887864E+2	7.294831E+3
6.890383E+2	7.292973E+3
6.892903E+2	7.291705E+3
6.895423E+2	7.289825E+3
6.897943E+2	7.289470E+3
6.900462E+2	7.287601E+3
6.902982E+2	7.287639E+3
6.905501E+2	7.286503E+3
6.908021E+2	7.284907E+3
6.910540E+2	7.281842E+3
6.913059E+2	7.280322E+3
6.915578E+2	7.277115E+3
6.918097E+2	7.274541E+3
6.920616E+2	7.273049E+3
6.923135E+2	7.270366E+3
6.925654E+2	7.268246E+3
6.928172E+2	7.266956E+3
6.930691E+2	7.264798E+3
6.933209E+2	7.261639E+3
6.935728E+2	7.259760E+3
6.938246E+2	7.256732E+3
6.940764E+2	7.254929E+3
6.943282E+2	7.253011E+3
6.945800E+2	7.250836E+3
6.948318E+2	7.249230E+3
6.950836E+2	7.246995E+3
6.953354E+2	7.244847E+3
6.955872E+2	7.241732E+3
6.958389E+2	7.239312E+3
6.960907E+2	7.235607E+3
6.963424E+2	7.231454E+3
6.965942E+2	7.226700E+3
6.968459E+2	7.222825E+3
6.970976E+2	7.219432E+3
6.973493E+2	7.216148E+3
6.976010E+2	7.213907E+3
6.978527E+2	7.211738E+3
6.981044E+2	7.209639E+3
6.983561E+2	7.208322E+3
6.986077E+2	7.205803E+3
6.988594E+2	7.202312E+3
6.991110E+2	7.200126E+3
6.993627E+2	7.198186E+3
6.996143E+2	7.194962E+3
6.998659E+2	7.190967E+3
7.001175E+2	7.189186E+3
7.003692E+2	7.186410E+3
7.006207E+2	7.183732E+3
7.008723E+2	7.180989E+3
7.011239E+2	7.177366E+3
7.013755E+2	7.175180E+3
7.016271E+2	7.171814E+3
7.018786E+2	7.169497E+3
7.021302E+2	7.167186E+3
7.023817E+2	7.164175E+3
7.026332E+2	7.160880E+3
7.028847E+2	7.157710E+3
7.031362E+2	7.155339E+3
7.033878E+2	7.153514E+3
7.036392E+2	7.150246E+3
7.038907E+2	7.146241E+3
7.041422E+2	7.142754E+3
7.043937E+2	7.139197E+3
7.046451E+2	7.136776E+3
7.048966E+2	7.134404E+3
7.051480E+2	7.129885E+3
7.053995E+2	7.126328E+3
7.056509E+2	7.121547E+3
7.059023E+2	7.117202E+3
7.061537E+2	7.113241E+3
7.064051E+2	7.109241E+3
7.066565E+2	7.105880E+3
7.069079E+2	7.103694E+3
7.071593E+2	7.099869E+3
7.074106E+2	7.096093E+3
7.076620E+2	7.092787E+3
7.079133E+2	7.087880E+3
7.081647E+2	7.084126E+3
7.084160E+2	7.082552E+3
7.086673E+2	7.080027E+3
7.089186E+2	7.075443E+3
7.091699E+2	7.071787E+3
7.094212E+2	7.067940E+3
7.096725E+2	7.063503E+3
7.099238E+2	7.060519E+3
7.101751E+2	7.057049E+3
7.104263E+2	7.053924E+3
7.106776E+2	7.050426E+3
7.109288E+2	7.048027E+3
7.111800E+2	7.044224E+3
7.114313E+2	7.040874E+3
7.116825E+2	7.036481E+3
7.119337E+2	7.034164E+3
7.121849E+2	7.030180E+3
7.124361E+2	7.025803E+3
7.126873E+2	7.021853E+3
7.129384E+2	7.016344E+3
7.131896E+2	7.011306E+3
7.134408E+2	7.005962E+3
7.136919E+2	6.999853E+3
7.139430E+2	6.994257E+3
7.141942E+2	6.990268E+3
7.144453E+2	6.985153E+3
7.146964E+2	6.977765E+3
7.149475E+2	6.972164E+3
7.151986E+2	6.967366E+3
7.154497E+2	6.961820E+3
7.157008E+2	6.954082E+3
7.159518E+2	6.946765E+3
7.162029E+2	6.939044E+3
7.164540E+2	6.933639E+3
7.167050E+2	6.925940E+3
7.169560E+2	6.919945E+3
7.172071E+2	6.912628E+3
7.174581E+2	6.906257E+3
7.177091E+2	6.899803E+3
7.179601E+2	6.892984E+3
7.182111E+2	6.885574E+3
7.184621E+2	6.877301E+3
7.187130E+2	6.870241E+3
7.189640E+2	6.863169E+3
7.192150E+2	6.856284E+3
7.194659E+2	6.849410E+3
7.197169E+2	6.841902E+3
7.199678E+2	6.835055E+3
7.202187E+2	6.826164E+3
7.204696E+2	6.817514E+3
7.207205E+2	6.810432E+3
7.209714E+2	6.804093E+3
7.212223E+2	6.797459E+3
7.214732E+2	6.789732E+3
7.217241E+2	6.783874E+3
7.219749E+2	6.776508E+3
7.222258E+2	6.769180E+3
7.224766E+2	6.762618E+3
7.227274E+2	6.754607E+3
7.229783E+2	6.746940E+3
7.232291E+2	6.740497E+3
7.234799E+2	6.733180E+3
7.237307E+2	6.724749E+3
7.239815E+2	6.716448E+3
7.242323E+2	6.709011E+3
7.244830E+2	6.702175E+3
7.247338E+2	6.695202E+3
7.249846E+2	6.688918E+3
7.252353E+2	6.682935E+3
7.254861E+2	6.676978E+3
7.257368E+2	6.671448E+3
7.259875E+2	6.665547E+3
7.262382E+2	6.659197E+3
7.264889E+2	6.653339E+3
7.267396E+2	6.646716E+3
7.269903E+2	6.640716E+3
7.272410E+2	6.633448E+3
7.274917E+2	6.626776E+3
7.277423E+2	6.620224E+3
7.279930E+2	6.613437E+3
7.282436E+2	6.608579E+3
7.284942E+2	6.602164E+3
7.287449E+2	6.597760E+3
7.289955E+2	6.593721E+3
7.292461E+2	6.588514E+3
7.294967E+2	6.582798E+3
7.297473E+2	6.578131E+3
7.299979E+2	6.573945E+3
7.302484E+2	6.568995E+3
7.304990E+2	6.563628E+3
7.307496E+2	6.558503E+3
7.310001E+2	6.553798E+3
7.312507E+2	6.550077E+3
7.315012E+2	6.545601E+3
7.317517E+2	6.539164E+3
7.320022E+2	6.534295E+3
7.322527E+2	6.528645E+3
7.325032E+2	6.523213E+3
7.327537E+2	6.517590E+3
7.330042E+2	6.512596E+3
7.332547E+2	6.508366E+3
7.335051E+2	6.504803E+3
7.337556E+2	6.501077E+3
7.340060E+2	6.495782E+3
7.342564E+2	6.491514E+3
7.345069E+2	6.487853E+3
7.347573E+2	6.484683E+3
7.350077E+2	6.484016E+3
7.352581E+2	6.482470E+3
7.355085E+2	6.484213E+3
7.357589E+2	6.485754E+3
7.360092E+2	6.485175E+3
7.362596E+2	6.485011E+3
7.365100E+2	6.486049E+3
7.367603E+2	6.485945E+3
7.370106E+2	6.484656E+3
7.372610E+2	6.483978E+3
7.375113E+2	6.483284E+3
7.377616E+2	6.482459E+3
7.380119E+2	6.482383E+3
7.382622E+2	6.481497E+3
7.385125E+2	6.481027E+3
7.387628E+2	6.480033E+3
7.390130E+2	6.478475E+3
7.392633E+2	6.478011E+3
7.395135E+2	6.476645E+3
7.397638E+2	6.475060E+3
7.400140E+2	6.474650E+3
7.402642E+2	6.473716E+3
7.405144E+2	6.472448E+3
7.407647E+2	6.471776E+3
7.410149E+2	6.470033E+3
7.412650E+2	6.469951E+3
7.415152E+2	6.470935E+3
7.417654E+2	6.474847E+3
7.420156E+2	6.481557E+3
7.422657E+2	6.492098E+3
7.425159E+2	6.507716E+3
7.427660E+2	6.530426E+3
7.430161E+2	6.560219E+3
7.432662E+2	6.603885E+3
7.435164E+2	6.671115E+3
7.437665E+2	6.769033E+3
7.440165E+2	6.865536E+3
7.442666E+2	6.940700E+3
7.445167E+2	6.996279E+3
7.447668E+2	7.038978E+3
7.450168E+2	7.075306E+3
7.452669E+2	7.101809E+3
7.455169E+2	7.116541E+3
7.457669E+2	7.124825E+3
7.460170E+2	7.130792E+3
7.462670E+2	7.139984E+3
7.465170E+2	7.147530E+3
7.467670E+2	7.157563E+3
7.470170E+2	7.170388E+3
7.472670E+2	7.188213E+3
7.475169E+2	7.213700E+3
7.477669E+2	7.237082E+3
7.480168E+2	7.251634E+3
7.482668E+2	7.261727E+3
7.485167E+2	7.273197E+3
7.487666E+2	7.287973E+3
7.490166E+2	7.305224E+3
7.492665E+2	7.320186E+3
7.495164E+2	7.332475E+3
7.497663E+2	7.344339E+3
7.500161E+2	7.356383E+3
7.502660E+2	7.366825E+3
7.505159E+2	7.378071E+3
7.507657E+2	7.384426E+3
7.510156E+2	7.390492E+3
7.512654E+2	7.394273E+3
7.515152E+2	7.395421E+3
7.517651E+2	7.395661E+3
7.520149E+2	7.396443E+3
7.522647E+2	7.398776E+3
7.525145E+2	7.403208E+3
7.527643E+2	7.409874E+3
7.530140E+2	7.418585E+3
7.532638E+2	7.428088E+3
7.535136E+2	7.436896E+3
7.537633E+2	7.443394E+3
7.540131E+2	7.450820E+3
7.542628E+2	7.462787E+3
7.545125E+2	7.474268E+3
7.547622E+2	7.484055E+3
7.550119E+2	7.490465E+3
7.552616E+2	7.493126E+3
7.555113E+2	7.494978E+3
7.557610E+2	7.495907E+3
7.560107E+2	7.495027E+3
7.562603E+2	7.495033E+3
7.565100E+2	7.491743E+3
7.567596E+2	7.488497E+3
7.570093E+2	7.481809E+3
7.572589E+2	7.473142E+3
7.575085E+2	7.459579E+3
7.577581E+2	7.441312E+3
7.580077E+2	7.417306E+3
7.582573E+2	7.387628E+3
7.585069E+2	7.342885E+3
7.587565E+2	7.273284E+3
7.590060E+2	7.171749E+3
7.592556E+2	7.072536E+3
7.595051E+2	6.994836E+3
7.597547E+2	6.937279E+3
7.600042E+2	6.891421E+3
7.602537E+2	6.848749E+3
7.605032E+2	6.815831E+3
7.607527E+2	6.793869E+3
7.610022E+2	6.778159E+3
7.612517E+2	6.766268E+3
7.615012E+2	6.753465E+3
7.617507E+2	6.743224E+3
7.620001E+2	6.733241E+3
7.622496E+2	6.720322E+3
7.624990E+2	6.701077E+3
7.627485E+2	6.672650E+3
7.629979E+2	6.644454E+3
7.632473E+2	6.626896E+3
7.634967E+2	6.614049E+3
7.637461E+2	6.599366E+3
7.639955E+2	6.580432E+3
7.642449E+2	6.557672E+3
7.644942E+2	6.534978E+3
7.647436E+2	6.513771E+3
7.649930E+2	6.491224E+3
7.652423E+2	6.468219E+3
7.654916E+2	6.444055E+3
7.657410E+2	6.421219E+3
7.659903E+2	6.402858E+3
7.662396E+2	6.385404E+3
7.664889E+2	6.370869E+3
7.667382E+2	6.356481E+3
7.669875E+2	6.342967E+3
7.672367E+2	6.330672E+3
7.674860E+2	6.317197E+3
7.677353E+2	6.300574E+3
7.679845E+2	6.281273E+3
7.682337E+2	6.259568E+3
7.684830E+2	6.237536E+3
7.687322E+2	6.218022E+3
7.689814E+2	6.202672E+3
7.692306E+2	6.185803E+3
7.694798E+2	6.166328E+3
7.697290E+2	6.146721E+3
7.699782E+2	6.131290E+3
7.702273E+2	6.117590E+3
7.704765E+2	6.106978E+3
7.707256E+2	6.096995E+3
7.709748E+2	6.087213E+3
7.712239E+2	6.079530E+3
7.714730E+2	6.072224E+3
7.717222E+2	6.067251E+3
7.719713E+2	6.062355E+3
7.722204E+2	6.057700E+3
7.724694E+2	6.051858E+3
7.727185E+2	6.047847E+3
7.729676E+2	6.043448E+3
7.732167E+2	6.038180E+3
7.734657E+2	6.030831E+3
7.737147E+2	6.022060E+3
7.739638E+2	6.013661E+3
7.742128E+2	6.006006E+3
7.744618E+2	5.995645E+3
7.747108E+2	5.984645E+3
7.749598E+2	5.973295E+3
7.752088E+2	5.962514E+3
7.754578E+2	5.953213E+3
7.757068E+2	5.944530E+3
7.759557E+2	5.937241E+3
7.762047E+2	5.931312E+3
7.764536E+2	5.924142E+3
7.767026E+2	5.915153E+3
7.769515E+2	5.904672E+3
7.772004E+2	5.892568E+3
7.774493E+2	5.881508E+3
7.776982E+2	5.868689E+3
7.779471E+2	5.857984E+3
7.781960E+2	5.848033E+3
7.784449E+2	5.835995E+3
7.786938E+2	5.823399E+3
7.789426E+2	5.811312E+3
7.791915E+2	5.800432E+3
7.794403E+2	5.792771E+3
7.796891E+2	5.788940E+3
7.799380E+2	5.786519E+3
7.801868E+2	5.785940E+3
7.804356E+2	5.784716E+3
7.806844E+2	5.782650E+3
7.809332E+2	5.777771E+3
7.811819E+2	5.772006E+3
7.814307E+2	5.767339E+3
7.816795E+2	5.763656E+3
7.819282E+2	5.761601E+3
7.821770E+2	5.759235E+3
7.824257E+2	5.756721E+3
7.826744E+2	5.753027E+3
7.829231E+2	5.748918E+3
7.831718E+2	5.744426E+3
7.834205E+2	5.740082E+3
7.836692E+2	5.734765E+3
7.839179E+2	5.727896E+3
7.841666E+2	5.718257E+3
7.844152E+2	5.709137E+3
7.846639E+2	5.699913E+3
7.849125E+2	5.690776E+3
7.851612E+2	5.679700E+3
7.854098E+2	5.668093E+3
7.856584E+2	5.656006E+3
7.859070E+2	5.644465E+3
7.861556E+2	5.632366E+3
7.864042E+2	5.619596E+3
7.866528E+2	5.605098E+3
7.869014E+2	5.589448E+3
7.871499E+2	5.572426E+3
7.873985E+2	5.556754E+3
7.876470E+2	5.541492E+3
7.878956E+2	5.525066E+3
7.881441E+2	5.509454E+3
7.883926E+2	5.494268E+3
7.886411E+2	5.480355E+3
7.888896E+2	5.469339E+3
7.891381E+2	5.457410E+3
7.893866E+2	5.447579E+3
7.896351E+2	5.437486E+3
7.898835E+2	5.427623E+3
7.901320E+2	5.418885E+3
7.903804E+2	5.411246E+3
7.906289E+2	5.402547E+3
7.908773E+2	5.395055E+3
7.911257E+2	5.386913E+3
7.913742E+2	5.377022E+3
7.916226E+2	5.368104E+3
7.918709E+2	5.357721E+3
7.921193E+2	5.347235E+3
7.923677E+2	5.335596E+3
7.926161E+2	5.322924E+3
7.928644E+2	5.312907E+3
7.931128E+2	5.301486E+3
7.933611E+2	5.291787E+3
7.936095E+2	5.281776E+3
7.938578E+2	5.271044E+3
7.941061E+2	5.259044E+3
7.943544E+2	5.245251E+3
7.946027E+2	5.229825E+3
7.948510E+2	5.212208E+3
7.950993E+2	5.193213E+3
7.953475E+2	5.174601E+3
7.955958E+2	5.156033E+3
7.958440E+2	5.138809E+3
7.960923E+2	5.123251E+3
7.963405E+2	5.107415E+3
7.965887E+2	5.089650E+3
7.968370E+2	5.072317E+3
7.970852E+2	5.055011E+3
7.973334E+2	5.038186E+3
7.975816E+2	5.021055E+3
7.978297E+2	5.007410E+3
7.980779E+2	4.994470E+3
7.983261E+2	4.981738E+3
7.985742E+2	4.969820E+3
7.988224E+2	4.958000E+3
7.990705E+2	4.945683E+3
7.993186E+2	4.934098E+3
7.995668E+2	4.923044E+3
7.998149E+2	4.910590E+3
8.000630E+2	4.899798E+3
8.003111E+2	4.889148E+3
8.005591E+2	4.879732E+3
8.008072E+2	4.870241E+3
8.010553E+2	4.859011E+3
8.013033E+2	4.846077E+3
8.015514E+2	4.833093E+3
8.017994E+2	4.820694E+3
8.020474E+2	4.808410E+3
8.022955E+2	4.796639E+3
8.025435E+2	4.784809E+3
8.027915E+2	4.772929E+3
8.030395E+2	4.762344E+3
8.032874E+2	4.750088E+3
8.035354E+2	4.738148E+3
8.037834E+2	4.724710E+3
8.040313E+2	4.710825E+3
8.042793E+2	4.697361E+3
8.045272E+2	4.682377E+3
8.047752E+2	4.668803E+3
8.050231E+2	4.656257E+3
8.052710E+2	4.644426E+3
8.055189E+2	4.633443E+3
8.057668E+2	4.625956E+3
8.060147E+2	4.619683E+3
8.062625E+2	4.613973E+3
8.065104E+2	4.609328E+3
8.067583E+2	4.603618E+3
8.070061E+2	4.599853E+3
8.072540E+2	4.595164E+3
8.075018E+2	4.591765E+3
8.077496E+2	4.588809E+3
8.079974E+2	4.585197E+3
8.082452E+2	4.583432E+3
8.084930E+2	4.581683E+3
8.087408E+2	4.580842E+3
8.089886E+2	4.580317E+3
8.092364E+2	4.579415E+3
8.094841E+2	4.579131E+3
8.097319E+2	4.578880E+3
8.099796E+2	4.578077E+3
8.102273E+2	4.579377E+3
8.104751E+2	4.581787E+3
8.107228E+2	4.584486E+3
8.109705E+2	4.587924E+3
8.112182E+2	4.590159E+3
8.114659E+2	4.592541E+3
8.117135E+2	4.593738E+3
8.119612E+2	4.592033E+3
8.122089E+2	4.588109E+3
8.124565E+2	4.582317E+3
8.127042E+2	4.575896E+3
8.129518E+2	4.566497E+3
8.131994E+2	4.556918E+3
8.134470E+2	4.546984E+3
8.136946E+2	4.536213E+3
8.139422E+2	4.524612E+3
8.141898E+2	4.513448E+3
8.144374E+2	4.501700E+3
8.146850E+2	4.488874E+3
8.149325E+2	4.477246E+3
8.151801E+2	4.464186E+3
8.154276E+2	4.450661E+3
8.156752E+2	4.436913E+3
8.159227E+2	4.424344E+3
8.161702E+2	4.414104E+3
8.164177E+2	4.406508E+3
8.166652E+2	4.398956E+3
8.169127E+2	4.392672E+3
8.171602E+2	4.385760E+3
8.174077E+2	4.377601E+3
8.176551E+2	4.368104E+3
8.179026E+2	4.358705E+3
8.181500E+2	4.347962E+3
8.183975E+2	4.338776E+3
8.186449E+2	4.328935E+3
8.188923E+2	4.320667E+3
8.191397E+2	4.312738E+3
8.193871E+2	4.304120E+3
8.196345E+2	4.295394E+3
8.198819E+2	4.285109E+3
8.201293E+2	4.274497E+3
8.203766E+2	4.261989E+3
8.206240E+2	4.247776E+3
8.208713E+2	4.231098E+3
8.211187E+2	4.212191E+3
8.213660E+2	4.192410E+3
8.216133E+2	4.171503E+3
8.218606E+2	4.150071E+3
8.221079E+2	4.127219E+3
8.223552E+2	4.104672E+3
8.226025E+2	4.081585E+3
8.228498E+2	4.058230E+3
8.230970E+2	4.035131E+3
8.233443E+2	4.009557E+3
8.235915E+2	3.983268E+3
8.238388E+2	3.956672E+3
8.240860E+2	3.930180E+3
8.243332E+2	3.904645E+3
8.245804E+2	3.878628E+3
8.248276E+2	3.852869E+3
8.250748E+2	3.828006E+3
8.253220E+2	3.802612E+3
8.255692E+2	3.775842E+3
8.258163E+2	3.748634E+3
8.260635E+2	3.721639E+3
8.263106E+2	3.694596E+3
8.265578E+2	3.667093E+3
8.268049E+2	3.642109E+3
8.270520E+2	3.618508E+3
8.272991E+2	3.595803E+3
8.275462E+2	3.573891E+3
8.277933E+2	3.551732E+3
8.280404E+2	3.530787E+3
8.282875E+2	3.510301E+3
8.285345E+2	3.490907E+3
8.287816E+2	3.471557E+3
8.290287E+2	3.453055E+3
8.292757E+2	3.435131E+3
8.295227E+2	3.417519E+3
8.297697E+2	3.400590E+3
8.300168E+2	3.381989E+3
8.302638E+2	3.364109E+3
8.305107E+2	3.346579E+3
8.307577E+2	3.328497E+3
8.310047E+2	3.310230E+3
8.312517E+2	3.290836E+3
8.314986E+2	3.270771E+3
8.317456E+2	3.250437E+3
8.319925E+2	3.229628E+3
8.322394E+2	3.209678E+3
8.324864E+2	3.190956E+3
8.327333E+2	3.173115E+3
8.329802E+2	3.154782E+3
8.332271E+2	3.138022E+3
8.334740E+2	3.119694E+3
8.337208E+2	3.102372E+3
8.339677E+2	3.084743E+3
8.342146E+2	3.065798E+3
8.344614E+2	3.047454E+3
8.347082E+2	3.030295E+3
8.349551E+2	3.013776E+3
8.352019E+2	2.997208E+3
8.354487E+2	2.981514E+3
8.356955E+2	2.966891E+3
8.359423E+2	2.952055E+3
8.361891E+2	2.937836E+3
8.364359E+2	2.923016E+3
8.366826E+2	2.909536E+3
8.369294E+2	2.895885E+3
8.371761E+2	2.884126E+3
8.374229E+2	2.871776E+3
8.376696E+2	2.860295E+3
8.379163E+2	2.847858E+3
8.381630E+2	2.835776E+3
8.384097E+2	2.824700E+3
8.386564E+2	2.814475E+3
8.389031E+2	2.804033E+3
8.391498E+2	2.793514E+3
8.393965E+2	2.783421E+3
8.396431E+2	2.774530E+3
8.398898E+2	2.765475E+3
8.401364E+2	2.755394E+3
8.403830E+2	2.745519E+3
8.406297E+2	2.735164E+3
8.408763E+2	2.724557E+3
8.411229E+2	2.712705E+3
8.413695E+2	2.700973E+3
8.416161E+2	2.690148E+3
8.418626E+2	2.679410E+3
8.421092E+2	2.668503E+3
8.423558E+2	2.658262E+3
8.426023E+2	2.647743E+3
8.428489E+2	2.638486E+3
8.430954E+2	2.628175E+3
8.433419E+2	2.618530E+3
8.435884E+2	2.608284E+3
8.438349E+2	2.598754E+3
8.440814E+2	2.589027E+3
8.443279E+2	2.579454E+3
8.445744E+2	2.569705E+3
8.448208E+2	2.560350E+3
8.450673E+2	2.551792E+3
8.453138E+2	2.543415E+3
8.455602E+2	2.533902E+3
8.458066E+2	2.525885E+3
8.460530E+2	2.516169E+3
8.462995E+2	2.507749E+3
8.465459E+2	2.499060E+3
8.467923E+2	2.490159E+3
8.470386E+2	2.481519E+3
8.472850E+2	2.473230E+3
8.475314E+2	2.464557E+3
8.477777E+2	2.456732E+3
8.480241E+2	2.449153E+3
8.482704E+2	2.440661E+3
8.485168E+2	2.433027E+3
8.487631E+2	2.424394E+3
8.490094E+2	2.415481E+3
8.492557E+2	2.407738E+3
8.495020E+2	2.400257E+3
8.497483E+2	2.391792E+3
8.499946E+2	2.384306E+3
8.502408E+2	2.376415E+3
8.504871E+2	2.368306E+3
8.507333E+2	2.359563E+3
8.509796E+2	2.351366E+3
8.512258E+2	2.343044E+3
8.514720E+2	2.335148E+3
8.517182E+2	2.326700E+3
8.519644E+2	2.318924E+3
8.522106E+2	2.310465E+3
8.524568E+2	2.302847E+3
8.527030E+2	2.294486E+3
8.529492E+2	2.286601E+3
8.531953E+2	2.278710E+3
8.534415E+2	2.271262E+3
8.536876E+2	2.263066E+3
8.539337E+2	2.254754E+3
8.541799E+2	2.246656E+3
8.544260E+2	2.238514E+3
8.546721E+2	2.230612E+3
8.549182E+2	2.222710E+3
8.551643E+2	2.215235E+3
8.554103E+2	2.207874E+3
8.556564E+2	2.200547E+3
8.559024E+2	2.193372E+3
8.561485E+2	2.186339E+3
8.563945E+2	2.179333E+3
8.566406E+2	2.172514E+3
8.568866E+2	2.165394E+3
8.571326E+2	2.158093E+3
8.573786E+2	2.150552E+3
8.576246E+2	2.143689E+3
8.578706E+2	2.136984E+3
8.581166E+2	2.130814E+3
8.583625E+2	2.124262E+3
8.586085E+2	2.117798E+3
8.588544E+2	2.110590E+3
8.591004E+2	2.103836E+3
8.593463E+2	2.097148E+3
8.595922E+2	2.090634E+3
8.598381E+2	2.083437E+3
8.600840E+2	2.076312E+3
8.603299E+2	2.069568E+3
8.605758E+2	2.063623E+3
8.608217E+2	2.056508E+3
8.610675E+2	2.050448E+3
8.613134E+2	2.043104E+3
8.615592E+2	2.036607E+3
8.618051E+2	2.030197E+3
8.620509E+2	2.023426E+3
8.622967E+2	2.016623E+3
8.625425E+2	2.009776E+3
8.627883E+2	2.002328E+3
8.630341E+2	1.994432E+3
8.632799E+2	1.987492E+3
8.635257E+2	1.980672E+3
8.637715E+2	1.973169E+3
8.640172E+2	1.965109E+3
8.642630E+2	1.957175E+3
8.645087E+2	1.949738E+3
8.647544E+2	1.942432E+3
8.650001E+2	1.934585E+3
8.652459E+2	1.926678E+3
8.654916E+2	1.919787E+3
8.657372E+2	1.912251E+3
8.659829E+2	1.904705E+3
8.662286E+2	1.897448E+3
8.664743E+2	1.890782E+3
8.667199E+2	1.883951E+3
8.669656E+2	1.876333E+3
8.672112E+2	1.869279E+3
8.674568E+2	1.862475E+3
8.677024E+2	1.856066E+3
8.679481E+2	1.849716E+3
8.681937E+2	1.843475E+3
8.684392E+2	1.836705E+3
8.686848E+2	1.829918E+3
8.689304E+2	1.823180E+3
8.691760E+2	1.816787E+3
8.694215E+2	1.810120E+3
8.696671E+2	1.803098E+3
8.699126E+2	1.796410E+3
8.701581E+2	1.790552E+3
8.704036E+2	1.782913E+3
8.706491E+2	1.776016E+3
8.708946E+2	1.769011E+3
8.711401E+2	1.762322E+3
8.713856E+2	1.756645E+3
8.716311E+2	1.750306E+3
8.718766E+2	1.743978E+3
8.721220E+2	1.738022E+3
8.723674E+2	1.731924E+3
8.726129E+2	1.725945E+3
8.728583E+2	1.719700E+3
8.731037E+2	1.713202E+3
8.733491E+2	1.706700E+3
8.735945E+2	1.700612E+3
8.738399E+2	1.694787E+3
8.740853E+2	1.688951E+3
8.743307E+2	1.682885E+3
8.745760E+2	1.677055E+3
8.748214E+2	1.671295E+3
8.750667E+2	1.666208E+3
8.753121E+2	1.659732E+3
8.755574E+2	1.653306E+3
8.758027E+2	1.646973E+3
8.760480E+2	1.640956E+3
8.762933E+2	1.635164E+3
8.765386E+2	1.629011E+3
8.767839E+2	1.623186E+3
8.770291E+2	1.617246E+3
8.772744E+2	1.611377E+3
8.775196E+2	1.605820E+3
8.777649E+2	1.599771E+3
8.780101E+2	1.594803E+3
8.782553E+2	1.589213E+3
8.785006E+2	1.583153E+3
8.787458E+2	1.578006E+3
8.789910E+2	1.573082E+3
8.792361E+2	1.568066E+3
8.794813E+2	1.562710E+3
8.797265E+2	1.557503E+3
8.799717E+2	1.552743E+3
8.802168E+2	1.548027E+3
8.804619E+2	1.542525E+3
8.807071E+2	1.537006E+3
8.809522E+2	1.531929E+3
8.811973E+2	1.526088E+3
8.814424E+2	1.520213E+3
8.816875E+2	1.514995E+3
8.819326E+2	1.510574E+3
8.821777E+2	1.505727E+3
8.824227E+2	1.500667E+3
8.826678E+2	1.495497E+3
8.829128E+2	1.490230E+3
8.831579E+2	1.484519E+3
8.834029E+2	1.479907E+3
8.836479E+2	1.475328E+3
8.838929E+2	1.471071E+3
8.841379E+2	1.466552E+3
8.843829E+2	1.461858E+3
8.846279E+2	1.457443E+3
8.848729E+2	1.452689E+3
8.851179E+2	1.447694E+3
8.853628E+2	1.443169E+3
8.856078E+2	1.438705E+3
8.858527E+2	1.433989E+3
8.860976E+2	1.429563E+3
8.863425E+2	1.424530E+3
8.865875E+2	1.419978E+3
8.868324E+2	1.414995E+3
8.870772E+2	1.409568E+3
8.873221E+2	1.404547E+3
8.875670E+2	1.399197E+3
8.878119E+2	1.394404E+3
8.880567E+2	1.390011E+3
8.883016E+2	1.385366E+3
8.885464E+2	1.380803E+3
8.887912E+2	1.376022E+3
8.890360E+2	1.371148E+3
8.892809E+2	1.366519E+3
8.895257E+2	1.361098E+3
8.897704E+2	1.355902E+3
8.900152E+2	1.350399E+3
8.902600E+2	1.345486E+3
8.905048E+2	1.340935E+3
8.907495E+2	1.336312E+3
8.909943E+2	1.331650E+3
8.912390E+2	1.326935E+3
8.914837E+2	1.322503E+3
8.917284E+2	1.318000E+3
8.919731E+2	1.313650E+3
8.922178E+2	1.308656E+3
8.924625E+2	1.303771E+3
8.927072E+2	1.299202E+3
8.929519E+2	1.294033E+3
8.931965E+2	1.289142E+3
8.934412E+2	1.284607E+3
8.936858E+2	1.280481E+3
8.939305E+2	1.276344E+3
8.941751E+2	1.272038E+3
8.944197E+2	1.267596E+3
8.946643E+2	1.262896E+3
8.949089E+2	1.258093E+3
8.951535E+2	1.253060E+3
8.953981E+2	1.248399E+3
8.956426E+2	1.244131E+3
8.958872E+2	1.239443E+3
8.961317E+2	1.235514E+3
8.963763E+2	1.231667E+3
8.966208E+2	1.227470E+3
8.968653E+2	1.222410E+3
8.971098E+2	1.217743E+3
8.973543E+2	1.212984E+3
8.975988E+2	1.208394E+3
8.978433E+2	1.204016E+3
8.980878E+2	1.199847E+3
8.983323E+2	1.195590E+3
8.985767E+2	1.190792E+3
8.988212E+2	1.186322E+3
8.990656E+2	1.181536E+3
8.993100E+2	1.177066E+3
8.995545E+2	1.172131E+3
8.997989E+2	1.167153E+3
9.000433E+2	1.162295E+3
9.002877E+2	1.157519E+3
9.005320E+2	1.153038E+3
9.007764E+2	1.148945E+3
9.010208E+2	1.144552E+3
9.012651E+2	1.140197E+3
9.015095E+2	1.135710E+3
9.017538E+2	1.131656E+3
9.019981E+2	1.127426E+3
9.022425E+2	1.123552E+3
9.024868E+2	1.120153E+3
9.027311E+2	1.115907E+3
9.029754E+2	1.111104E+3
9.032196E+2	1.106863E+3
9.034639E+2	1.102607E+3
9.037082E+2	1.098169E+3
9.039524E+2	1.093902E+3
9.041967E+2	1.089016E+3
9.044409E+2	1.085104E+3
9.046851E+2	1.081366E+3
9.049293E+2	1.077792E+3
9.051736E+2	1.073645E+3
9.054177E+2	1.069426E+3
9.056619E+2	1.065678E+3
9.059061E+2	1.061328E+3
9.061503E+2	1.057372E+3
9.063944E+2	1.053006E+3
9.066386E+2	1.048284E+3
9.068827E+2	1.044011E+3
9.071269E+2	1.040322E+3
9.073710E+2	1.035880E+3
9.076151E+2	1.031995E+3
9.078592E+2	1.028590E+3
9.081033E+2	1.024782E+3
9.083474E+2	1.021044E+3
9.085915E+2	1.016508E+3
9.088355E+2	1.011754E+3
9.090796E+2	1.007164E+3
9.093236E+2	1.003066E+3
9.095677E+2	9.992023E+2
9.098117E+2	9.949454E+2
9.100557E+2	9.910383E+2
9.102997E+2	9.870438E+2
9.105437E+2	9.829509E+2
9.107877E+2	9.790274E+2
9.110317E+2	9.749618E+2
9.112757E+2	9.703771E+2
9.115197E+2	9.657651E+2
9.117636E+2	9.617323E+2
9.120076E+2	9.575793E+2
9.122515E+2	9.532405E+2
9.124954E+2	9.489946E+2
9.127393E+2	9.453116E+2
9.129832E+2	9.414263E+2
9.132271E+2	9.367269E+2
9.134710E+2	9.330875E+2
9.137149E+2	9.287706E+2
9.139588E+2	9.247214E+2
9.142026E+2	9.205247E+2
9.144465E+2	9.164427E+2
9.146903E+2	9.123662E+2
9.149342E+2	9.084427E+2
9.151780E+2	9.046886E+2
9.154218E+2	9.005684E+2
9.156656E+2	8.957050E+2
9.159094E+2	8.916558E+2
9.161532E+2	8.872788E+2
9.163970E+2	8.830821E+2
9.166408E+2	8.785247E+2
9.168845E+2	8.746668E+2
9.171283E+2	8.700602E+2
9.173720E+2	8.653280E+2
9.176157E+2	8.611859E+2
9.178595E+2	8.571148E+2
9.181032E+2	8.526558E+2
9.183469E+2	8.478252E+2
9.185906E+2	8.437596E+2
9.188343E+2	8.392187E+2
9.190779E+2	8.354208E+2
9.193216E+2	8.309181E+2
9.195653E+2	8.263553E+2
9.198089E+2	8.215356E+2
9.200525E+2	8.173553E+2
9.202962E+2	8.129127E+2
9.205398E+2	8.079673E+2
9.207834E+2	8.035137E+2
9.210270E+2	7.990329E+2
9.212706E+2	7.949181E+2
9.215142E+2	7.910875E+2
9.217577E+2	7.863662E+2
9.220013E+2	7.815411E+2
9.222449E+2	7.770055E+2
9.224884E+2	7.726941E+2
9.227319E+2	7.680493E+2
9.229755E+2	7.632515E+2
9.232190E+2	7.583443E+2
9.234625E+2	7.538525E+2
9.237060E+2	7.496831E+2
9.239495E+2	7.455739E+2
9.241930E+2	7.405739E+2
9.244364E+2	7.358361E+2
9.246799E+2	7.312296E+2
9.249233E+2	7.264045E+2
9.251668E+2	7.215520E+2
9.254102E+2	7.165301E+2
9.256536E+2	7.115411E+2
9.258971E+2	7.066831E+2
9.261405E+2	7.020110E+2
9.263839E+2	6.975083E+2
9.266272E+2	6.926285E+2
9.268706E+2	6.875083E+2
9.271140E+2	6.825848E+2
9.273573E+2	6.774755E+2
9.276007E+2	6.721476E+2
9.278440E+2	6.668471E+2
9.280874E+2	6.616886E+2
9.283307E+2	6.560821E+2
9.285740E+2	6.506012E+2
9.288173E+2	6.454919E+2
9.290606E+2	6.401476E+2
9.293039E+2	6.349564E+2
9.295471E+2	6.299673E+2
9.297904E+2	6.247596E+2
9.300337E+2	6.190657E+2
9.302769E+2	6.134318E+2
9.305201E+2	6.080383E+2
9.307634E+2	6.024591E+2
9.310066E+2	5.967815E+2
9.312498E+2	5.910055E+2
9.314930E+2	5.849728E+2
9.317362E+2	5.787651E+2
9.319794E+2	5.728853E+2
9.322225E+2	5.671367E+2
9.324657E+2	5.611422E+2
9.327088E+2	5.547760E+2
9.329520E+2	5.489017E+2
9.331951E+2	5.432952E+2
9.334382E+2	5.374318E+2
9.336814E+2	5.315629E+2
9.339245E+2	5.254482E+2
9.341676E+2	5.195739E+2
9.344106E+2	5.138908E+2
9.346537E+2	5.081422E+2
9.348968E+2	5.022023E+2
9.351398E+2	4.963498E+2
9.353829E+2	4.906941E+2
9.356259E+2	4.847815E+2
9.358690E+2	4.790110E+2
9.361120E+2	4.728635E+2
9.363550E+2	4.668471E+2
9.365980E+2	4.613717E+2
9.368410E+2	4.558252E+2
9.370840E+2	4.509290E+2
9.373269E+2	4.451586E+2
9.375699E+2	4.394646E+2
9.378129E+2	4.339946E+2
9.380558E+2	4.285684E+2
9.382987E+2	4.227378E+2
9.385417E+2	4.175575E+2
9.387846E+2	4.118635E+2
9.390275E+2	4.070219E+2
9.392704E+2	4.017487E+2
9.395133E+2	3.972351E+2
9.397562E+2	3.927378E+2
9.399990E+2	3.878908E+2
9.402419E+2	3.833607E+2
9.404847E+2	3.792077E+2
9.407276E+2	3.751203E+2
9.409704E+2	3.709673E+2
9.412132E+2	3.667105E+2
9.414560E+2	3.632187E+2
9.416988E+2	3.593116E+2
9.419416E+2	3.556995E+2
9.421844E+2	3.523170E+2
9.424272E+2	3.488908E+2
9.426700E+2	3.453990E+2
9.429127E+2	3.422515E+2
9.431555E+2	3.392077E+2
9.433982E+2	3.365684E+2
9.436409E+2	3.333717E+2
9.438837E+2	3.307214E+2
9.441264E+2	3.281749E+2
9.443691E+2	3.253389E+2
9.446118E+2	3.228252E+2
9.448544E+2	3.208744E+2
9.450971E+2	3.186995E+2
9.453398E+2	3.172023E+2
9.455824E+2	3.150930E+2
9.458251E+2	3.136886E+2
9.460677E+2	3.123334E+2
9.463103E+2	3.113116E+2
9.465530E+2	3.100001E+2
9.467956E+2	3.089181E+2
9.470382E+2	3.078252E+2
9.472807E+2	3.067706E+2
9.475233E+2	3.063553E+2
9.477659E+2	3.054372E+2
9.480084E+2	3.046285E+2
9.482510E+2	3.040274E+2
9.484935E+2	3.041804E+2
9.487361E+2	3.041859E+2
9.489786E+2	3.043881E+2
9.492211E+2	3.039127E+2
9.494636E+2	3.034482E+2
9.497061E+2	3.030821E+2
9.499486E+2	3.026777E+2
9.501911E+2	3.025957E+2
9.504335E+2	3.024700E+2
9.506760E+2	3.022296E+2
9.509184E+2	3.022351E+2
9.511609E+2	3.023498E+2
9.514033E+2	3.026066E+2
9.516457E+2	3.027651E+2
9.518881E+2	3.026066E+2
9.521305E+2	3.022624E+2
9.523729E+2	3.027323E+2
9.526153E+2	3.033225E+2
9.528576E+2	3.035902E+2
9.531000E+2	3.041695E+2
9.533424E+2	3.043443E+2
9.535847E+2	3.045520E+2
9.538270E+2	3.047159E+2
9.540694E+2	3.049782E+2
9.543117E+2	3.046668E+2
9.545540E+2	3.047159E+2
9.547963E+2	3.050274E+2
9.550386E+2	3.053061E+2
9.552808E+2	3.055465E+2
9.555231E+2	3.052788E+2
9.557654E+2	3.048908E+2
9.560076E+2	3.048034E+2
9.562498E+2	3.041312E+2
9.564921E+2	3.040547E+2
9.567343E+2	3.039454E+2
9.569765E+2	3.033717E+2
9.572187E+2	3.029290E+2
9.574609E+2	3.027433E+2
9.577031E+2	3.023662E+2
9.579452E+2	3.020930E+2
9.581874E+2	3.016777E+2
9.584296E+2	3.013771E+2
9.586717E+2	3.006777E+2
9.589138E+2	2.998525E+2
9.591560E+2	2.996340E+2
9.593981E+2	2.992515E+2
9.596402E+2	2.986668E+2
9.598823E+2	2.980165E+2
9.601244E+2	2.971203E+2
9.603664E+2	2.968307E+2
9.606085E+2	2.958525E+2
9.608506E+2	2.947378E+2
9.610926E+2	2.936285E+2
9.613347E+2	2.930110E+2
9.615767E+2	2.918799E+2
9.618187E+2	2.913061E+2
9.620607E+2	2.903717E+2
9.623027E+2	2.895411E+2
9.625447E+2	2.890383E+2
9.627867E+2	2.882077E+2
9.630287E+2	2.871640E+2
9.632706E+2	2.858034E+2
9.635126E+2	2.845301E+2
9.637545E+2	2.831749E+2
9.639965E+2	2.828908E+2
9.642384E+2	2.821695E+2
9.644803E+2	2.810711E+2
9.647222E+2	2.801859E+2
9.649641E+2	2.791531E+2
9.652060E+2	2.784045E+2
9.654479E+2	2.777651E+2
9.656897E+2	2.766066E+2
9.659316E+2	2.752351E+2
9.661734E+2	2.738143E+2
9.664153E+2	2.730110E+2
9.666571E+2	2.719181E+2
9.668989E+2	2.717433E+2
9.671408E+2	2.705028E+2
9.673826E+2	2.690547E+2
9.676243E+2	2.677760E+2
9.678661E+2	2.664919E+2
9.681079E+2	2.655465E+2
9.683497E+2	2.643443E+2
9.685914E+2	2.631586E+2
9.688332E+2	2.620875E+2
9.690749E+2	2.610657E+2
9.693166E+2	2.599400E+2
9.695583E+2	2.587651E+2
9.698001E+2	2.574263E+2
9.700417E+2	2.558525E+2
9.702834E+2	2.546285E+2
9.705251E+2	2.534318E+2
9.707668E+2	2.522077E+2
9.710084E+2	2.509454E+2
9.712501E+2	2.496230E+2
9.714917E+2	2.481968E+2
9.717334E+2	2.473826E+2
9.719750E+2	2.462351E+2
9.722166E+2	2.450711E+2
9.724582E+2	2.440001E+2
9.726998E+2	2.423717E+2
9.729414E+2	2.409564E+2
9.731830E+2	2.392296E+2
9.734245E+2	2.381695E+2
9.736661E+2	2.372132E+2
9.739076E+2	2.359946E+2
9.741492E+2	2.343771E+2
9.743907E+2	2.329946E+2
9.746322E+2	2.318799E+2
9.748737E+2	2.305192E+2
9.751152E+2	2.292897E+2
9.753567E+2	2.282077E+2
9.755982E+2	2.271913E+2
9.758396E+2	2.262678E+2
9.760811E+2	2.249728E+2
9.763226E+2	2.243443E+2
9.765640E+2	2.229564E+2
9.768054E+2	2.214810E+2
9.770468E+2	2.196558E+2
9.772883E+2	2.183061E+2
9.775297E+2	2.170438E+2
9.777711E+2	2.158252E+2
9.780124E+2	2.146722E+2
9.782538E+2	2.136722E+2
9.784952E+2	2.125301E+2
9.787365E+2	2.107105E+2
9.789779E+2	2.093662E+2
9.792192E+2	2.082788E+2
9.794605E+2	2.070001E+2
9.797019E+2	2.059892E+2
9.799432E+2	2.044591E+2
9.801845E+2	2.029564E+2
9.804257E+2	2.021203E+2
9.806670E+2	2.013662E+2
9.809083E+2	2.003225E+2
9.811496E+2	1.993607E+2
9.813908E+2	1.981913E+2
9.816320E+2	1.966613E+2
9.818733E+2	1.953498E+2
9.821145E+2	1.942077E+2
9.823557E+2	1.931586E+2
9.825969E+2	1.920602E+2
9.828381E+2	1.907924E+2
9.830793E+2	1.901367E+2
9.833205E+2	1.889017E+2
9.835616E+2	1.877760E+2
9.838028E+2	1.863170E+2
9.840439E+2	1.852733E+2
9.842851E+2	1.839181E+2
9.845262E+2	1.827105E+2
9.847673E+2	1.818471E+2
9.850084E+2	1.811094E+2
9.852495E+2	1.803170E+2
9.854906E+2	1.794810E+2
9.857317E+2	1.787269E+2
9.859727E+2	1.779181E+2
9.862138E+2	1.771749E+2
9.864549E+2	1.764045E+2
9.866959E+2	1.752077E+2
9.869369E+2	1.741968E+2
9.871779E+2	1.730055E+2
9.874190E+2	1.723771E+2
9.876600E+2	1.717105E+2
9.879010E+2	1.715575E+2
9.881419E+2	1.709564E+2
9.883829E+2	1.704045E+2
9.886239E+2	1.690055E+2
9.888648E+2	1.685356E+2
9.891058E+2	1.680055E+2
9.893467E+2	1.674208E+2
9.895876E+2	1.668744E+2
9.898285E+2	1.661586E+2
9.900695E+2	1.653006E+2
9.903104E+2	1.644427E+2
9.905512E+2	1.637269E+2
9.907921E+2	1.630984E+2
9.910330E+2	1.623826E+2
9.912738E+2	1.617105E+2
9.915147E+2	1.614919E+2
9.917555E+2	1.613280E+2
9.919964E+2	1.607924E+2
9.922372E+2	1.599837E+2
9.924780E+2	1.593334E+2
9.927188E+2	1.583389E+2
9.929596E+2	1.578580E+2
9.932004E+2	1.571148E+2
9.934411E+2	1.561312E+2
9.936819E+2	1.551531E+2
9.939227E+2	1.544154E+2
9.941634E+2	1.542187E+2
9.944041E+2	1.535739E+2
9.946449E+2	1.532187E+2
9.948856E+2	1.524318E+2
9.951263E+2	1.514591E+2
9.953670E+2	1.505957E+2
9.956077E+2	1.500438E+2
9.958483E+2	1.492569E+2
9.960890E+2	1.484755E+2
9.963297E+2	1.474974E+2
9.965703E+2	1.465356E+2
9.968109E+2	1.460984E+2
9.970516E+2	1.450930E+2
9.972922E+2	1.444482E+2
9.975328E+2	1.436394E+2
9.977734E+2	1.426340E+2
9.980140E+2	1.417979E+2
9.982546E+2	1.410438E+2
9.984951E+2	1.407433E+2
9.987357E+2	1.395848E+2
9.989763E+2	1.390329E+2
9.992168E+2	1.382842E+2
9.994573E+2	1.373881E+2
9.996978E+2	1.362241E+2
9.999384E+2	1.351695E+2
1.000179E+3	1.336340E+2
1.000419E+3	1.327378E+2
1.000660E+3	1.317323E+2
1.000900E+3	1.308252E+2
1.001141E+3	1.296121E+2
1.001381E+3	1.291531E+2
1.001622E+3	1.281804E+2
1.001862E+3	1.275247E+2
1.002103E+3	1.266886E+2
1.002343E+3	1.257214E+2
1.002583E+3	1.246941E+2
1.002824E+3	1.236558E+2
1.003064E+3	1.226504E+2
1.003305E+3	1.222132E+2
1.003545E+3	1.211039E+2
1.003785E+3	1.199946E+2
1.004026E+3	1.189290E+2
1.004266E+3	1.180547E+2
1.004506E+3	1.168963E+2
1.004747E+3	1.161531E+2
1.004987E+3	1.152405E+2
1.005227E+3	1.142515E+2
1.005468E+3	1.131695E+2
1.005708E+3	1.120165E+2
1.005948E+3	1.110219E+2
1.006188E+3	1.099509E+2
1.006429E+3	1.091203E+2
1.006669E+3	1.080766E+2
1.006909E+3	1.076504E+2
1.007149E+3	1.067651E+2
1.007390E+3	1.064755E+2
1.007630E+3	1.052351E+2
1.007870E+3	1.041094E+2
1.008110E+3	1.035137E+2
1.008350E+3	1.031531E+2
1.008590E+3	1.026176E+2
1.008831E+3	1.012952E+2
1.009071E+3	1.003116E+2
1.009311E+3	9.932795E+1
1.009551E+3	9.842631E+1
1.009791E+3	9.745910E+1
1.010031E+3	9.647549E+1
1.010271E+3	9.554107E+1
1.010511E+3	9.451375E+1
1.010752E+3	9.409844E+1
1.010992E+3	9.384708E+1
1.011232E+3	9.351921E+1
1.011472E+3	9.256293E+1
1.011712E+3	9.199462E+1
1.011952E+3	9.134981E+1
1.012192E+3	9.075418E+1
1.012432E+3	8.987440E+1
1.012672E+3	8.892358E+1
1.012912E+3	8.851921E+1
1.013152E+3	8.768861E+1
1.013392E+3	8.710391E+1
1.013632E+3	8.616948E+1
1.013872E+3	8.573232E+1
1.014112E+3	8.516402E+1
1.014352E+3	8.474872E+1
1.014591E+3	8.457932E+1
1.014831E+3	8.431702E+1
1.015071E+3	8.370500E+1
1.015311E+3	8.301648E+1
1.015551E+3	8.212030E+1
1.015791E+3	8.150828E+1
1.016031E+3	8.104380E+1
1.016271E+3	8.068861E+1
1.016511E+3	7.987987E+1
1.016750E+3	7.933888E+1
1.016990E+3	7.862303E+1
1.017230E+3	7.785254E+1
1.017470E+3	7.724599E+1
1.017710E+3	7.673779E+1
1.017949E+3	7.613670E+1
1.018189E+3	7.547549E+1
1.018429E+3	7.468861E+1
1.018669E+3	7.402741E+1
1.018908E+3	7.326784E+1
1.019148E+3	7.263943E+1
1.019388E+3	7.183615E+1
1.019628E+3	7.157385E+1
1.019867E+3	7.115309E+1
1.020107E+3	7.059025E+1
1.020347E+3	6.975418E+1
1.020586E+3	6.895090E+1
1.020826E+3	6.833342E+1
1.021066E+3	6.745910E+1
1.021305E+3	6.687987E+1
1.021545E+3	6.627877E+1
1.021785E+3	6.548642E+1
1.022024E+3	6.467222E+1
1.022264E+3	6.425145E+1
1.022504E+3	6.400008E+1
1.022743E+3	6.360118E+1
1.022983E+3	6.307659E+1
1.023222E+3	6.225691E+1
1.023462E+3	6.201101E+1
1.023702E+3	6.130609E+1
1.023941E+3	6.077058E+1
1.024181E+3	6.070500E+1
1.024420E+3	6.021320E+1
1.024660E+3	5.996183E+1
1.024899E+3	5.921866E+1
1.025139E+3	5.862303E+1
1.025378E+3	5.771047E+1
1.025618E+3	5.689626E+1
1.025857E+3	5.612030E+1
1.026097E+3	5.519681E+1
1.026336E+3	5.469954E+1
1.026575E+3	5.431702E+1
1.026815E+3	5.367768E+1
1.027054E+3	5.330063E+1
1.027294E+3	5.320773E+1
1.027533E+3	5.242085E+1
1.027773E+3	5.175965E+1
1.028012E+3	5.134435E+1
1.028251E+3	5.107659E+1
1.028491E+3	5.047003E+1
1.028730E+3	4.978697E+1
1.028969E+3	4.923506E+1
1.029209E+3	4.842631E+1
1.029448E+3	4.810937E+1
1.029687E+3	4.808205E+1
1.029927E+3	4.774872E+1
1.030166E+3	4.745910E+1
1.030405E+3	4.686894E+1
1.030645E+3	4.585801E+1
1.030884E+3	4.528970E+1
1.031123E+3	4.485801E+1
1.031362E+3	4.447003E+1
1.031602E+3	4.442085E+1
1.031841E+3	4.392905E+1
1.032080E+3	4.353560E+1
1.032319E+3	4.286894E+1
1.032558E+3	4.242631E+1
1.032798E+3	4.195637E+1
1.033037E+3	4.184161E+1
1.033276E+3	4.137713E+1
1.033515E+3	4.113123E+1
1.033754E+3	4.070500E+1
1.033993E+3	4.052467E+1
1.034233E+3	3.996183E+1
1.034472E+3	3.944271E+1
1.034711E+3	3.927877E+1
1.034950E+3	3.909298E+1
1.035189E+3	3.878150E+1
1.035428E+3	3.807112E+1
1.035667E+3	3.743724E+1
1.035906E+3	3.697276E+1
1.036145E+3	3.696730E+1
1.036384E+3	3.702194E+1
1.036623E+3	3.666129E+1
1.036862E+3	3.630609E+1
1.037101E+3	3.591265E+1
1.037340E+3	3.539353E+1
1.037579E+3	3.472140E+1
1.037818E+3	3.429517E+1
1.038057E+3	3.368861E+1
1.038296E+3	3.359571E+1
1.038535E+3	3.321866E+1
1.038774E+3	3.277604E+1
1.039013E+3	3.255200E+1
1.039252E+3	3.200555E+1
1.039491E+3	3.202194E+1
1.039730E+3	3.174325E+1
1.039969E+3	3.175965E+1
1.040208E+3	3.101648E+1
1.040447E+3	3.073779E+1
1.040685E+3	3.096730E+1
1.040924E+3	3.068314E+1
1.041163E+3	3.003834E+1
1.041402E+3	2.959571E+1
1.041641E+3	2.932795E+1
1.041880E+3	2.902194E+1
1.042118E+3	2.875965E+1
1.042357E+3	2.852467E+1
1.042596E+3	2.833342E+1
1.042835E+3	2.773779E+1
1.043074E+3	2.728970E+1
1.043312E+3	2.713670E+1
1.043551E+3	2.687440E+1
1.043790E+3	2.748642E+1
1.044029E+3	2.733888E+1
1.044267E+3	2.650828E+1
1.044506E+3	2.645364E+1
1.044745E+3	2.628970E+1
1.044983E+3	2.638260E+1
1.045222E+3	2.654653E+1
1.045461E+3	2.638806E+1
1.045699E+3	2.607659E+1
1.045938E+3	2.589079E+1
1.046177E+3	2.500008E+1
1.046415E+3	2.452467E+1
1.046654E+3	2.390719E+1
1.046893E+3	2.390172E+1
1.047131E+3	2.392905E+1
1.047370E+3	2.410391E+1
1.047608E+3	2.400008E+1
1.047847E+3	2.427331E+1
1.048086E+3	2.400008E+1
1.048324E+3	2.415855E+1
1.048563E+3	2.382522E+1
1.048801E+3	2.361757E+1
1.049040E+3	2.326238E+1
1.049278E+3	2.286894E+1
1.049517E+3	2.284161E+1
1.049755E+3	2.303834E+1
1.049994E+3	2.317495E+1
1.050232E+3	2.343724E+1
1.050471E+3	2.336074E+1
1.050709E+3	2.238806E+1
1.050948E+3	2.219681E+1
1.051186E+3	2.230063E+1
1.051424E+3	2.224599E+1
1.051663E+3	2.195637E+1
1.051901E+3	2.165036E+1
1.052140E+3	2.156293E+1
1.052378E+3	2.182522E+1
1.052616E+3	2.172140E+1
1.052855E+3	2.161211E+1
1.053093E+3	2.155200E+1
1.053332E+3	2.107659E+1
1.053570E+3	2.113670E+1
1.053808E+3	2.126784E+1
1.054047E+3	2.107112E+1
1.054285E+3	2.104926E+1
1.054523E+3	2.072140E+1
1.054761E+3	2.106019E+1
1.055000E+3	2.075418E+1
1.055238E+3	2.052467E+1
1.055476E+3	2.033342E+1
1.055715E+3	2.036074E+1
1.055953E+3	2.051375E+1
1.056191E+3	2.035528E+1
1.056429E+3	2.026784E+1
1.056667E+3	2.028424E+1
1.056906E+3	2.033342E+1
1.057144E+3	2.002741E+1
1.057382E+3	2.000555E+1
1.057620E+3	2.011484E+1
1.057858E+3	1.987440E+1
1.058097E+3	1.959025E+1
1.058335E+3	1.844271E+1
1.058573E+3	1.839353E+1
1.058811E+3	1.857385E+1
1.059049E+3	1.877058E+1
1.059287E+3	1.867768E+1
1.059525E+3	1.839899E+1
1.059763E+3	1.789626E+1
1.060001E+3	1.768861E+1
1.060239E+3	1.767222E+1
1.060478E+3	1.729517E+1
1.060716E+3	1.761211E+1
1.060954E+3	1.782522E+1
1.061192E+3	1.812577E+1
1.061430E+3	1.757932E+1
1.061668E+3	1.707112E+1
1.061906E+3	1.676511E+1
1.062144E+3	1.643178E+1
1.062382E+3	1.602194E+1
1.062620E+3	1.602194E+1
1.062858E+3	1.544271E+1
1.063096E+3	1.521320E+1
1.063333E+3	1.503834E+1
1.063571E+3	1.496730E+1
1.063809E+3	1.486894E+1
1.064047E+3	1.468861E+1
1.064285E+3	1.457385E+1
1.064523E+3	1.449189E+1
1.064761E+3	1.427331E+1
1.064999E+3	1.396730E+1
1.065237E+3	1.424599E+1
1.065474E+3	1.422413E+1
1.065712E+3	1.393451E+1
1.065950E+3	1.339899E+1
1.066188E+3	1.350282E+1
1.066426E+3	1.378697E+1
1.066664E+3	1.355746E+1
1.066901E+3	1.335528E+1
1.067139E+3	1.360118E+1
1.067377E+3	1.371047E+1
1.067615E+3	1.375965E+1
1.067852E+3	1.375418E+1
1.068090E+3	1.313670E+1
1.068328E+3	1.271047E+1
1.068566E+3	1.242631E+1
1.068803E+3	1.213123E+1
1.069041E+3	1.186894E+1
1.069279E+3	1.168314E+1
1.069516E+3	1.166129E+1
1.069754E+3	1.123506E+1
1.069992E+3	1.106019E+1
1.070229E+3	1.100008E+1
1.070467E+3	1.091265E+1
1.070705E+3	1.102194E+1
1.070942E+3	1.096730E+1
1.071180E+3	1.059025E+1
1.071418E+3	1.003287E+1
1.071655E+3	1.019681E+1
1.071893E+3	1.009298E+1
1.072130E+3	9.923581E+0
1.072368E+3	1.000008E+1
1.072605E+3	9.852543E+0
1.072843E+3	1.013670E+1
1.073081E+3	9.770576E+0
1.073318E+3	9.803363E+0
1.073556E+3	9.524674E+0
1.073793E+3	9.409920E+0
1.074031E+3	9.475494E+0
1.074268E+3	9.349811E+0
1.074506E+3	9.541068E+0
1.074743E+3	9.694073E+0
1.074981E+3	9.524674E+0
1.075218E+3	9.797898E+0
1.075455E+3	9.743253E+0
1.075693E+3	9.655822E+0
1.075930E+3	9.967297E+0
1.076168E+3	9.901723E+0
1.076405E+3	1.008205E+1
1.076642E+3	1.033342E+1
1.076880E+3	1.022959E+1
1.077117E+3	9.950904E+0
1.077355E+3	1.036620E+1
1.077592E+3	1.066129E+1
1.077829E+3	1.080336E+1
1.078067E+3	1.125691E+1
1.078304E+3	1.136074E+1
1.078541E+3	1.148642E+1
1.078779E+3	1.150282E+1
1.079016E+3	1.157385E+1
1.079253E+3	1.162303E+1
1.079490E+3	1.156293E+1
1.079728E+3	1.156293E+1
1.079965E+3	1.105473E+1
1.080202E+3	1.089626E+1
1.080439E+3	1.096183E+1
1.080677E+3	1.095637E+1
1.080914E+3	1.100555E+1
1.081151E+3	1.107659E+1
1.081388E+3	1.100008E+1
1.081625E+3	1.092905E+1
1.081863E+3	1.048096E+1
1.082100E+3	1.051921E+1
1.082337E+3	1.033342E+1
1.082574E+3	1.082522E+1
1.082811E+3	1.125145E+1
1.083048E+3	1.137167E+1
1.083285E+3	1.103834E+1
1.083522E+3	1.109298E+1
1.083760E+3	1.127877E+1
1.083997E+3	1.137167E+1
1.084234E+3	1.147003E+1
1.084471E+3	1.155200E+1
1.084708E+3	1.153560E+1
1.084945E+3	1.145910E+1
1.085182E+3	1.129517E+1
1.085419E+3	1.133342E+1
1.085656E+3	1.160664E+1
1.085893E+3	1.204926E+1
1.086130E+3	1.211484E+1
1.086367E+3	1.238260E+1
1.086604E+3	1.255200E+1
1.086841E+3	1.279243E+1
1.087078E+3	1.274325E+1
1.087315E+3	1.285801E+1
1.087552E+3	1.285801E+1
1.087789E+3	1.287440E+1
1.088026E+3	1.261211E+1
1.088262E+3	1.263396E+1
1.088499E+3	1.291265E+1
1.088736E+3	1.329517E+1
1.088973E+3	1.321320E+1
1.089210E+3	1.336620E+1
1.089447E+3	1.343724E+1
1.089684E+3	1.300008E+1
1.089921E+3	1.286894E+1
1.090157E+3	1.308205E+1
1.090394E+3	1.282522E+1
1.090631E+3	1.306019E+1
1.090868E+3	1.298369E+1
1.091105E+3	1.272686E+1
1.091341E+3	1.299462E+1
1.091578E+3	1.304926E+1
1.091815E+3	1.269954E+1
1.092052E+3	1.275418E+1
1.092288E+3	1.272140E+1
1.092525E+3	1.219134E+1
1.092762E+3	1.197823E+1
1.092999E+3	1.175965E+1
1.093235E+3	1.158478E+1
1.093472E+3	1.122959E+1
1.093709E+3	1.086894E+1
1.093945E+3	1.104926E+1
1.094182E+3	1.097823E+1
1.094419E+3	1.118588E+1
1.094655E+3	1.094544E+1
1.094892E+3	1.097823E+1
1.095128E+3	1.110937E+1
1.095365E+3	1.097823E+1
1.095602E+3	1.100008E+1
1.095838E+3	1.083069E+1
1.096075E+3	1.054107E+1
1.096311E+3	1.054107E+1
1.096548E+3	1.016948E+1
1.096784E+3	1.008752E+1
1.097021E+3	1.026238E+1
1.097258E+3	1.006019E+1
1.097494E+3	9.885330E+0
1.097731E+3	1.040992E+1
1.097967E+3	1.031702E+1
1.098204E+3	1.022959E+1
1.098440E+3	1.044271E+1
1.098677E+3	1.092905E+1
1.098913E+3	1.109298E+1
1.099149E+3	1.114216E+1
1.099386E+3	1.102194E+1
1.099622E+3	1.122413E+1
1.099859E+3	1.069954E+1
1.100095E+3	1.034435E+1
1.100332E+3	1.042085E+1
1.100568E+3	1.010937E+1
1.100804E+3	9.792434E+0
1.101041E+3	9.480958E+0
1.101277E+3	9.202270E+0
1.101513E+3	9.431778E+0
1.101750E+3	9.470029E+0
1.101986E+3	9.994620E+0
1.102222E+3	9.961833E+0
1.102459E+3	1.010937E+1
1.102695E+3	1.019681E+1
1.102931E+3	9.950904E+0
1.103168E+3	9.754182E+0
1.103404E+3	9.819756E+0
1.103640E+3	9.579319E+0
1.103876E+3	9.797898E+0
1.104113E+3	1.021320E+1
1.104349E+3	1.023506E+1
1.104585E+3	1.032249E+1
1.104821E+3	1.030063E+1
1.105057E+3	1.005473E+1
1.105294E+3	9.748718E+0
1.105530E+3	9.863472E+0
1.105766E+3	9.765111E+0
1.106002E+3	9.885330E+0
1.106238E+3	1.004380E+1
1.106474E+3	1.008752E+1
1.106711E+3	9.858008E+0
1.106947E+3	9.633964E+0
1.107183E+3	9.650357E+0
1.107419E+3	9.519210E+0
1.107655E+3	9.256915E+0
1.107891E+3	9.486423E+0
1.108127E+3	8.205128E-2
1.108363E+3	5.748718E+0
1.108599E+3	1.141538E+1
1.108835E+3	2.241538E+1
1.109071E+3	3.574872E+1
1.109307E+3	1.841538E+1
1.109543E+3	1.208205E+1
1.109779E+3	1.774872E+1
1.110015E+3	1.674872E+1
1.110251E+3	3.415385E+0
1.110487E+3	2.074872E+1
1.110723E+3	9.082051E+0
1.110959E+3	1.574872E+1
1.111195E+3	3.441538E+1
1.111431E+3	4.415385E+0
1.111667E+3	2.608205E+1
1.111903E+3	-9.179487E-1
1.112139E+3	-3.584615E+0
1.112375E+3	-1.251282E+0
1.112611E+3	1.608205E+1
1.112847E+3	1.974872E+1
1.113082E+3	1.108205E+1
1.113318E+3	1.541538E+1
1.113554E+3	1.941538E+1
1.113790E+3	-2.251282E+0
1.114026E+3	-1.258462E+1
1.114262E+3	1.415385E+0
1.114497E+3	1.082051E+0
1.114733E+3	-1.584615E+0
1.114969E+3	8.748718E+0
