1.951292E+2	0.000000E+0
1.953960E+2	0.000000E+0
1.956629E+2	0.000000E+0
1.959298E+2	0.000000E+0
1.961966E+2	0.000000E+0
1.964635E+2	0.000000E+0
1.967303E+2	0.000000E+0
1.969972E+2	0.000000E+0
1.972640E+2	0.000000E+0
1.975308E+2	0.000000E+0
1.977977E+2	0.000000E+0
1.980645E+2	0.000000E+0
1.983313E+2	0.000000E+0
1.985981E+2	0.000000E+0
1.988649E+2	0.000000E+0
1.991316E+2	0.000000E+0
1.993984E+2	0.000000E+0
1.996652E+2	0.000000E+0
1.999320E+2	0.000000E+0
2.001987E+2	0.000000E+0
2.004655E+2	0.000000E+0
2.007322E+2	0.000000E+0
2.009989E+2	0.000000E+0
2.012657E+2	0.000000E+0
2.015324E+2	0.000000E+0
2.017991E+2	0.000000E+0
2.020658E+2	0.000000E+0
2.023325E+2	0.000000E+0
2.025992E+2	0.000000E+0
2.028659E+2	0.000000E+0
2.031326E+2	0.000000E+0
2.033992E+2	0.000000E+0
2.036659E+2	0.000000E+0
2.039325E+2	0.000000E+0
2.041992E+2	0.000000E+0
2.044658E+2	0.000000E+0
2.047325E+2	0.000000E+0
2.049991E+2	0.000000E+0
2.052657E+2	0.000000E+0
2.055323E+2	0.000000E+0
2.057989E+2	0.000000E+0
2.060655E+2	0.000000E+0
2.063321E+2	0.000000E+0
2.065987E+2	0.000000E+0
2.068653E+2	0.000000E+0
2.071319E+2	0.000000E+0
2.073984E+2	0.000000E+0
2.076650E+2	0.000000E+0
2.079315E+2	0.000000E+0
2.081981E+2	0.000000E+0
2.084646E+2	0.000000E+0
2.087311E+2	0.000000E+0
2.089977E+2	0.000000E+0
2.092642E+2	0.000000E+0
2.095307E+2	0.000000E+0
2.097972E+2	0.000000E+0
2.100637E+2	0.000000E+0
2.103302E+2	0.000000E+0
2.105966E+2	0.000000E+0
2.108631E+2	0.000000E+0
2.111296E+2	0.000000E+0
2.113960E+2	0.000000E+0
2.116625E+2	0.000000E+0
2.119289E+2	0.000000E+0
2.121954E+2	0.000000E+0
2.124618E+2	0.000000E+0
2.127282E+2	0.000000E+0
2.129946E+2	0.000000E+0
2.132610E+2	0.000000E+0
2.135274E+2	0.000000E+0
2.137938E+2	0.000000E+0
2.140602E+2	0.000000E+0
2.143266E+2	0.000000E+0
2.145930E+2	0.000000E+0
2.148593E+2	0.000000E+0
2.151257E+2	0.000000E+0
2.153920E+2	0.000000E+0
2.156584E+2	0.000000E+0
2.159247E+2	0.000000E+0
2.161910E+2	0.000000E+0
2.164574E+2	0.000000E+0
2.167237E+2	0.000000E+0
2.169900E+2	0.000000E+0
2.172563E+2	0.000000E+0
2.175226E+2	0.000000E+0
2.177889E+2	0.000000E+0
2.180551E+2	0.000000E+0
2.183214E+2	0.000000E+0
2.185877E+2	0.000000E+0
2.188539E+2	0.000000E+0
2.191202E+2	0.000000E+0
2.193864E+2	0.000000E+0
2.196527E+2	0.000000E+0
2.199189E+2	0.000000E+0
2.201851E+2	0.000000E+0
2.204513E+2	0.000000E+0
2.207175E+2	0.000000E+0
2.209837E+2	0.000000E+0
2.212499E+2	0.000000E+0
2.215161E+2	0.000000E+0
2.217823E+2	0.000000E+0
2.220485E+2	0.000000E+0
2.223146E+2	0.000000E+0
2.225808E+2	0.000000E+0
2.228469E+2	0.000000E+0
2.231131E+2	0.000000E+0
2.233792E+2	0.000000E+0
2.236453E+2	0.000000E+0
2.239115E+2	0.000000E+0
2.241776E+2	0.000000E+0
2.244437E+2	0.000000E+0
2.247098E+2	0.000000E+0
2.249759E+2	0.000000E+0
2.252420E+2	0.000000E+0
2.255080E+2	0.000000E+0
2.257741E+2	0.000000E+0
2.260402E+2	0.000000E+0
2.263062E+2	0.000000E+0
2.265723E+2	0.000000E+0
2.268383E+2	0.000000E+0
2.271044E+2	0.000000E+0
2.273704E+2	0.000000E+0
2.276364E+2	0.000000E+0
2.279024E+2	0.000000E+0
2.281684E+2	0.000000E+0
2.284344E+2	0.000000E+0
2.287004E+2	0.000000E+0
2.289664E+2	0.000000E+0
2.292324E+2	0.000000E+0
2.294984E+2	0.000000E+0
2.297643E+2	0.000000E+0
2.300303E+2	0.000000E+0
2.302962E+2	0.000000E+0
2.305622E+2	0.000000E+0
2.308281E+2	0.000000E+0
2.310940E+2	0.000000E+0
2.313599E+2	0.000000E+0
2.316259E+2	0.000000E+0
2.318918E+2	0.000000E+0
2.321577E+2	0.000000E+0
2.324236E+2	0.000000E+0
2.326894E+2	0.000000E+0
2.329553E+2	0.000000E+0
2.332212E+2	0.000000E+0
2.334871E+2	0.000000E+0
2.337529E+2	0.000000E+0
2.340188E+2	0.000000E+0
2.342846E+2	0.000000E+0
2.345504E+2	0.000000E+0
2.348163E+2	0.000000E+0
2.350821E+2	0.000000E+0
2.353479E+2	0.000000E+0
2.356137E+2	0.000000E+0
2.358795E+2	0.000000E+0
2.361453E+2	0.000000E+0
2.364111E+2	0.000000E+0
2.366769E+2	0.000000E+0
2.369426E+2	0.000000E+0
2.372084E+2	0.000000E+0
2.374741E+2	0.000000E+0
2.377399E+2	0.000000E+0
2.380056E+2	0.000000E+0
2.382714E+2	0.000000E+0
2.385371E+2	0.000000E+0
2.388028E+2	0.000000E+0
2.390685E+2	0.000000E+0
2.393342E+2	0.000000E+0
2.395999E+2	0.000000E+0
2.398656E+2	0.000000E+0
2.401313E+2	0.000000E+0
2.403970E+2	0.000000E+0
2.406626E+2	0.000000E+0
2.409283E+2	0.000000E+0
2.411940E+2	0.000000E+0
2.414596E+2	0.000000E+0
2.417252E+2	0.000000E+0
2.419909E+2	0.000000E+0
2.422565E+2	0.000000E+0
2.425221E+2	0.000000E+0
2.427877E+2	0.000000E+0
2.430533E+2	0.000000E+0
2.433189E+2	0.000000E+0
2.435845E+2	0.000000E+0
2.438501E+2	0.000000E+0
2.441157E+2	0.000000E+0
2.443812E+2	0.000000E+0
2.446468E+2	0.000000E+0
2.449124E+2	0.000000E+0
2.451779E+2	0.000000E+0
2.454434E+2	0.000000E+0
2.457090E+2	0.000000E+0
2.459745E+2	0.000000E+0
2.462400E+2	0.000000E+0
2.465055E+2	0.000000E+0
2.467710E+2	0.000000E+0
2.470365E+2	0.000000E+0
2.473020E+2	0.000000E+0
2.475675E+2	0.000000E+0
2.478330E+2	0.000000E+0
2.480984E+2	0.000000E+0
2.483639E+2	0.000000E+0
2.486294E+2	0.000000E+0
2.488948E+2	0.000000E+0
2.491602E+2	0.000000E+0
2.494257E+2	0.000000E+0
2.496911E+2	0.000000E+0
2.499565E+2	0.000000E+0
2.502219E+2	4.354014E+0
2.504873E+2	4.277512E+0
2.507527E+2	3.813031E+0
2.510181E+2	3.725599E+0
2.512835E+2	3.987894E+0
2.515489E+2	4.031610E+0
2.518142E+2	3.993359E+0
2.520796E+2	3.911391E+0
2.523449E+2	3.829424E+0
2.526103E+2	3.747457E+0
2.528756E+2	3.463304E+0
2.531409E+2	3.425053E+0
2.534063E+2	3.550736E+0
2.536716E+2	3.976965E+0
2.539369E+2	3.780244E+0
2.542022E+2	3.911391E+0
2.544675E+2	3.747457E+0
2.547328E+2	3.873140E+0
2.549980E+2	3.813031E+0
2.552633E+2	3.714670E+0
2.555286E+2	3.517949E+0
2.557938E+2	3.332156E+0
2.560591E+2	3.599916E+0
2.563243E+2	3.556200E+0
2.565896E+2	3.496091E+0
2.568548E+2	4.129971E+0
2.571200E+2	4.058932E+0
2.573852E+2	3.966036E+0
2.576504E+2	4.157293E+0
2.579156E+2	4.113577E+0
2.581808E+2	4.168222E+0
2.584460E+2	4.228331E+0
2.587112E+2	4.113577E+0
2.589763E+2	3.840353E+0
2.592415E+2	3.616309E+0
2.595067E+2	3.616309E+0
2.597718E+2	3.698277E+0
2.600369E+2	3.966036E+0
2.603021E+2	3.922320E+0
2.605672E+2	4.058932E+0
2.608323E+2	4.091719E+0
2.610974E+2	3.796637E+0
2.613625E+2	3.741992E+0
2.616276E+2	3.823960E+0
2.618927E+2	3.807566E+0
2.621578E+2	3.632703E+0
2.624229E+2	3.446910E+0
2.626880E+2	3.627238E+0
2.629530E+2	3.681883E+0
2.632181E+2	3.517949E+0
2.634831E+2	3.375872E+0
2.637482E+2	3.414124E+0
2.640132E+2	3.599916E+0
2.642782E+2	3.873140E+0
2.645432E+2	3.867675E+0
2.648082E+2	3.802102E+0
2.650732E+2	3.578058E+0
2.653382E+2	3.517949E+0
2.656032E+2	3.343085E+0
2.658682E+2	3.321227E+0
2.661332E+2	3.326692E+0
2.663981E+2	3.211938E+0
2.666631E+2	3.239260E+0
2.669281E+2	3.605380E+0
2.671930E+2	3.660025E+0
2.674579E+2	3.408659E+0
2.677229E+2	3.496091E+0
2.679878E+2	3.457839E+0
2.682527E+2	3.419588E+0
2.685176E+2	3.282976E+0
2.687825E+2	3.222867E+0
2.690474E+2	3.403195E+0
2.693123E+2	3.304834E+0
2.695772E+2	3.261118E+0
2.698420E+2	2.982430E+0
2.701069E+2	3.124506E+0
2.703718E+2	3.157293E+0
2.706366E+2	3.255654E+0
2.709014E+2	3.020681E+0
2.711663E+2	3.053468E+0
2.714311E+2	3.135435E+0
2.716959E+2	3.129971E+0
2.719607E+2	3.179151E+0
2.722255E+2	3.151828E+0
2.724903E+2	3.086255E+0
2.727551E+2	3.299369E+0
2.730199E+2	2.741992E+0
2.732847E+2	2.720135E+0
2.735495E+2	2.949643E+0
2.738142E+2	2.845818E+0
2.740790E+2	2.998823E+0
2.743437E+2	2.873140E+0
2.746085E+2	2.780244E+0
2.748732E+2	2.709206E+0
2.751379E+2	2.785708E+0
2.754026E+2	2.955107E+0
2.756674E+2	3.069861E+0
2.759321E+2	2.960572E+0
2.761968E+2	2.670954E+0
2.764614E+2	2.692812E+0
2.767261E+2	2.621774E+0
2.769908E+2	2.567129E+0
2.772555E+2	2.676419E+0
2.775201E+2	2.474233E+0
2.777848E+2	2.572594E+0
2.780494E+2	2.818495E+0
2.783141E+2	2.851282E+0
2.785787E+2	2.911391E+0
2.788433E+2	2.660025E+0
2.791079E+2	2.528878E+0
2.793725E+2	2.364943E+0
2.796371E+2	2.332156E+0
2.799017E+2	1.976965E+0
2.801663E+2	1.731063E+0
2.804309E+2	1.403195E+0
2.806955E+2	1.496091E+0
2.809600E+2	1.452375E+0
2.812246E+2	1.747457E+0
2.814891E+2	1.649096E+0
2.817537E+2	1.660025E+0
2.820182E+2	1.643632E+0
2.822827E+2	1.714670E+0
2.825473E+2	1.698277E+0
2.828118E+2	1.643632E+0
2.830763E+2	1.375872E+0
2.833408E+2	1.102648E+0
2.836053E+2	1.140900E+0
2.838697E+2	7.802438E-1
2.841342E+2	4.687684E-1
2.843987E+2	4.414460E-1
2.846632E+2	5.179487E-1
2.849276E+2	5.452711E-1
2.851921E+2	5.452711E-1
2.854565E+2	5.288777E-1
2.857209E+2	3.977301E-1
2.859853E+2	3.868012E-1
2.862498E+2	3.048340E-1
2.865142E+2	1.900799E-1
2.867786E+2	2.884405E-1
2.870430E+2	1.081127E-1
2.873074E+2	-3.942833E-2
2.875717E+2	-2.306852E-1
2.878361E+2	-2.798655E-1
2.881005E+2	-2.525431E-1
2.883648E+2	-5.257671E-1
2.886292E+2	-5.585540E-1
2.888935E+2	-6.077343E-1
2.891579E+2	-6.459857E-1
2.894222E+2	-4.929802E-1
2.896865E+2	-4.110130E-1
2.899508E+2	-7.279529E-1
2.902151E+2	-7.989912E-1
2.904794E+2	-8.372425E-1
2.907437E+2	-6.787726E-1
2.910080E+2	-5.968054E-1
2.912723E+2	-6.077343E-1
2.915366E+2	-4.711223E-1
2.918008E+2	-3.071879E-1
2.920651E+2	-1.869693E-1
2.923293E+2	-8.860866E-2
2.925936E+2	-2.033628E-1
2.928578E+2	-2.689365E-1
2.931220E+2	-4.274065E-1
2.933863E+2	-5.694830E-1
2.936505E+2	-4.711223E-1
2.939147E+2	-5.858764E-1
2.941789E+2	-9.246742E-1
2.944431E+2	-8.153846E-1
2.947072E+2	-6.022699E-1
2.949714E+2	-5.749475E-1
2.952356E+2	-6.569147E-1
2.954997E+2	-5.148382E-1
2.957639E+2	-3.727617E-1
2.960280E+2	-5.035729E-2
2.962922E+2	-1.432535E-1
2.965563E+2	-1.377890E-1
2.968204E+2	-4.656578E-1
2.970845E+2	-5.530895E-1
2.973486E+2	-7.825977E-1
2.976127E+2	-7.006305E-1
2.978768E+2	-6.022699E-1
2.981409E+2	-7.170240E-1
2.984050E+2	-1.066751E+0
2.986691E+2	-9.902480E-1
2.989331E+2	-1.203363E+0
2.991972E+2	-1.033964E+0
2.994612E+2	-1.039428E+0
2.997253E+2	-1.263472E+0
2.999893E+2	-1.023035E+0
3.002534E+2	-8.918873E-1
3.005174E+2	-9.465322E-1
3.007814E+2	-7.662043E-1
3.010454E+2	-7.771332E-1
3.013094E+2	-8.263136E-1
3.015734E+2	-8.208491E-1
3.018374E+2	-5.749475E-1
3.021013E+2	-4.274065E-1
3.023653E+2	-4.929802E-1
3.026293E+2	-5.968054E-1
3.028932E+2	-4.984447E-1
3.031572E+2	-3.727617E-1
3.034211E+2	-3.290458E-1
3.036850E+2	-4.219420E-1
3.039489E+2	-3.071879E-1
3.042129E+2	-1.815048E-1
3.044768E+2	-7.221522E-2
3.047407E+2	-1.323245E-1
3.050046E+2	-8.314418E-2
3.052685E+2	1.521648E-2
3.055323E+2	6.986129E-2
3.057962E+2	-1.432535E-1
3.060601E+2	1.955443E-1
3.063239E+2	7.532577E-2
3.065878E+2	4.031946E-1
3.068516E+2	1.627575E-1
3.071155E+2	1.572930E-1
3.073793E+2	1.627575E-1
3.076431E+2	7.532577E-2
3.079069E+2	-1.050021E-1
3.081707E+2	-1.159311E-1
3.084345E+2	-5.035729E-2
3.086983E+2	-3.396385E-2
3.089621E+2	-1.432535E-1
3.092259E+2	-7.767970E-2
3.094896E+2	8.625473E-2
3.097534E+2	6.986129E-2
3.100171E+2	1.521648E-2
3.102809E+2	-1.210593E-2
3.105446E+2	6.439681E-2
3.108084E+2	1.026482E-1
3.110721E+2	2.614544E-2
3.113358E+2	3.321564E-1
3.115995E+2	2.665826E-1
3.118632E+2	1.354351E-1
3.121269E+2	4.253888E-2
3.123906E+2	4.253888E-2
3.126543E+2	-1.323245E-1
3.129179E+2	-1.760404E-1
3.131816E+2	-6.128625E-2
3.134453E+2	-6.128625E-2
3.137089E+2	-1.815048E-1
3.139725E+2	-2.306852E-1
3.142362E+2	-2.306852E-1
3.144998E+2	-2.689365E-1
3.147634E+2	-4.164775E-1
3.150270E+2	-1.159311E-1
3.152906E+2	-1.210593E-2
3.155542E+2	2.447247E-1
3.158178E+2	5.889870E-1
3.160814E+2	5.725935E-1
3.163450E+2	5.616646E-1
3.166086E+2	6.163094E-1
3.168721E+2	4.195881E-1
3.171357E+2	3.594788E-1
3.173992E+2	3.758722E-1
3.176627E+2	4.851618E-1
3.179263E+2	3.758722E-1
3.181898E+2	3.102984E-1
3.184533E+2	3.048340E-1
3.187168E+2	4.523749E-1
3.189803E+2	2.829760E-1
3.192438E+2	3.157629E-1
3.195073E+2	3.430853E-1
3.197708E+2	7.474569E-1
3.200342E+2	5.835225E-1
3.202977E+2	6.490963E-1
3.205612E+2	7.037411E-1
3.208246E+2	9.769651E-1
3.210881E+2	1.026145E+0
3.213515E+2	1.075326E+0
3.216149E+2	9.660361E-1
3.218783E+2	1.058932E+0
3.221417E+2	1.080790E+0
3.224051E+2	9.933586E-1
3.226685E+2	4.906263E-1
3.229319E+2	5.398066E-1
3.231953E+2	4.195881E-1
3.234587E+2	2.720471E-1
3.237221E+2	2.501892E-1
3.239854E+2	3.485498E-1
3.242488E+2	4.195881E-1
3.245121E+2	2.174023E-1
3.247754E+2	1.081127E-1
3.250388E+2	2.884405E-1
3.253021E+2	3.266919E-1
3.255654E+2	2.720471E-1
3.258287E+2	4.578394E-1
3.260920E+2	3.868012E-1
3.263553E+2	4.851618E-1
3.266186E+2	2.228668E-1
3.268819E+2	1.521648E-2
3.271451E+2	1.245061E-1
3.274084E+2	8.625473E-2
3.276717E+2	2.775116E-1
3.279349E+2	3.430853E-1
3.281981E+2	3.594788E-1
3.284614E+2	4.305170E-1
3.287246E+2	6.381673E-1
3.289878E+2	7.201345E-1
3.292510E+2	6.818831E-1
3.295142E+2	8.840689E-1
3.297774E+2	1.119042E+0
3.300406E+2	1.184615E+0
3.303038E+2	1.266583E+0
3.305670E+2	1.567129E+0
3.308301E+2	1.687348E+0
3.310933E+2	1.638167E+0
3.313564E+2	1.463304E+0
3.316196E+2	1.321227E+0
3.318827E+2	1.397730E+0
3.321458E+2	1.228331E+0
3.324089E+2	1.272047E+0
3.326721E+2	1.299369E+0
3.329352E+2	1.446910E+0
3.331983E+2	1.517949E+0
3.334614E+2	1.889533E+0
3.337244E+2	1.769315E+0
3.339875E+2	1.802102E+0
3.342506E+2	1.649096E+0
3.345136E+2	1.834889E+0
3.347767E+2	1.758386E+0
3.350397E+2	1.796637E+0
3.353028E+2	1.884069E+0
3.355658E+2	1.741992E+0
3.358288E+2	1.791173E+0
3.360918E+2	2.020681E+0
3.363548E+2	1.966036E+0
3.366178E+2	1.818495E+0
3.368808E+2	1.791173E+0
3.371438E+2	1.578058E+0
3.374068E+2	1.381337E+0
3.376698E+2	1.425053E+0
3.379327E+2	1.348550E+0
3.381957E+2	1.315763E+0
3.384586E+2	1.337621E+0
3.387216E+2	1.681883E+0
3.389845E+2	1.889533E+0
3.392474E+2	2.031610E+0
3.395103E+2	2.097184E+0
3.397733E+2	1.916856E+0
3.400362E+2	1.632703E+0
3.402990E+2	1.512484E+0
3.405619E+2	1.654561E+0
3.408248E+2	1.687348E+0
3.410877E+2	1.599916E+0
3.413506E+2	1.769315E+0
3.416134E+2	1.763850E+0
3.418763E+2	1.714670E+0
3.421391E+2	1.982430E+0
3.424019E+2	1.873140E+0
3.426648E+2	1.933249E+0
3.429276E+2	2.201009E+0
3.431904E+2	2.501555E+0
3.434532E+2	2.430517E+0
3.437160E+2	2.282976E+0
3.439788E+2	2.184615E+0
3.442416E+2	2.184615E+0
3.445043E+2	2.233796E+0
3.447671E+2	2.354014E+0
3.450299E+2	2.375872E+0
3.452926E+2	2.288441E+0
3.455554E+2	2.108113E+0
3.458181E+2	1.976965E+0
3.460808E+2	1.976965E+0
3.463436E+2	2.168222E+0
3.466063E+2	2.058932E+0
3.468690E+2	1.829424E+0
3.471317E+2	1.550736E+0
3.473944E+2	1.605380E+0
3.476570E+2	1.616309E+0
3.479197E+2	1.386801E+0
3.481824E+2	1.381337E+0
3.484451E+2	1.435982E+0
3.487077E+2	1.435982E+0
3.489704E+2	1.375872E+0
3.492330E+2	1.250189E+0
3.494956E+2	1.091719E+0
3.497582E+2	1.222867E+0
3.500209E+2	1.004288E+0
3.502835E+2	1.135435E+0
3.505461E+2	1.075326E+0
3.508087E+2	1.135435E+0
3.510713E+2	9.441782E-1
3.513338E+2	6.545607E-1
3.515964E+2	8.403531E-1
3.518590E+2	5.343422E-1
3.521215E+2	3.102984E-1
3.523841E+2	1.354351E-1
3.526466E+2	2.283312E-1
3.529091E+2	2.283312E-1
3.531717E+2	2.447247E-1
3.534342E+2	6.327028E-1
3.536967E+2	7.255990E-1
3.539592E+2	7.693148E-1
3.542217E+2	5.780580E-1
3.544842E+2	7.365280E-1
3.547467E+2	5.015553E-1
3.550091E+2	6.327028E-1
3.552716E+2	6.327028E-1
3.555341E+2	8.458176E-1
3.557965E+2	8.184952E-1
3.560590E+2	1.179151E+0
3.563214E+2	1.414124E+0
3.565838E+2	1.485162E+0
3.568462E+2	1.512484E+0
3.571086E+2	1.528878E+0
3.573711E+2	1.326692E+0
3.576335E+2	1.397730E+0
3.578958E+2	1.206473E+0
3.581582E+2	9.824296E-1
3.584206E+2	7.911728E-1
3.586830E+2	8.348886E-1
3.589453E+2	5.507356E-1
3.592077E+2	2.884405E-1
3.594700E+2	3.266919E-1
3.597324E+2	4.687684E-1
3.599947E+2	4.742329E-1
3.602570E+2	6.381673E-1
3.605193E+2	7.037411E-1
3.607816E+2	8.840689E-1
3.610439E+2	1.217402E+0
3.613062E+2	1.195544E+0
3.615685E+2	1.102648E+0
3.618308E+2	1.086255E+0
3.620930E+2	9.878941E-1
3.623553E+2	8.075662E-1
3.626176E+2	8.731400E-1
3.628798E+2	1.184615E+0
3.631420E+2	1.195544E+0
3.634043E+2	1.288441E+0
3.636665E+2	1.561665E+0
3.639287E+2	1.517949E+0
3.641909E+2	1.523413E+0
3.644531E+2	1.627238E+0
3.647153E+2	1.534342E+0
3.649775E+2	1.490626E+0
3.652397E+2	1.632703E+0
3.655018E+2	1.277512E+0
3.657640E+2	1.091719E+0
3.660262E+2	1.272047E+0
3.662883E+2	1.244725E+0
3.665505E+2	1.255654E+0
3.668126E+2	9.113913E-1
3.670747E+2	9.660361E-1
3.673368E+2	1.015216E+0
3.675989E+2	1.119042E+0
3.678610E+2	1.157293E+0
3.681231E+2	1.446910E+0
3.683852E+2	1.802102E+0
3.686473E+2	1.840353E+0
3.689094E+2	1.867675E+0
3.691714E+2	1.747457E+0
3.694335E+2	1.479697E+0
3.696955E+2	1.512484E+0
3.699576E+2	1.545271E+0
3.702196E+2	1.709206E+0
3.704816E+2	1.829424E+0
3.707437E+2	2.037074E+0
3.710057E+2	1.960572E+0
3.712677E+2	2.020681E+0
3.715297E+2	1.572594E+0
3.717917E+2	1.714670E+0
3.720536E+2	1.627238E+0
3.723156E+2	1.736528E+0
3.725776E+2	1.725599E+0
3.728395E+2	1.905927E+0
3.731015E+2	1.884069E+0
3.733634E+2	2.053468E+0
3.736254E+2	1.938714E+0
3.738873E+2	2.031610E+0
3.741492E+2	2.140900E+0
3.744111E+2	2.414124E+0
3.746730E+2	2.386801E+0
3.749349E+2	2.643632E+0
3.751968E+2	2.567129E+0
3.754587E+2	2.381337E+0
3.757206E+2	2.135435E+0
3.759824E+2	2.102648E+0
3.762443E+2	1.987894E+0
3.765061E+2	1.987894E+0
3.767680E+2	1.676419E+0
3.770298E+2	1.419588E+0
3.772916E+2	1.588987E+0
3.775535E+2	1.807566E+0
3.778153E+2	1.649096E+0
3.780771E+2	1.474233E+0
3.783389E+2	1.463304E+0
3.786007E+2	1.239260E+0
3.788624E+2	1.157293E+0
3.791242E+2	1.321227E+0
3.793860E+2	1.408659E+0
3.796477E+2	1.048003E+0
3.799095E+2	1.102648E+0
3.801712E+2	1.102648E+0
3.804330E+2	1.190080E+0
3.806947E+2	1.332156E+0
3.809564E+2	1.337621E+0
3.812181E+2	1.233796E+0
3.814798E+2	1.463304E+0
3.817415E+2	1.687348E+0
3.820032E+2	1.709206E+0
3.822649E+2	1.714670E+0
3.825266E+2	1.610845E+0
3.827883E+2	1.829424E+0
3.830499E+2	1.856747E+0
3.833116E+2	1.922320E+0
3.835732E+2	1.878604E+0
3.838348E+2	1.976965E+0
3.840965E+2	1.802102E+0
3.843581E+2	2.004288E+0
3.846197E+2	2.080790E+0
3.848813E+2	2.119042E+0
3.851429E+2	2.250189E+0
3.854045E+2	2.102648E+0
3.856661E+2	1.867675E+0
3.859277E+2	1.873140E+0
3.861892E+2	1.714670E+0
3.864508E+2	1.578058E+0
3.867124E+2	1.419588E+0
3.869739E+2	1.228331E+0
3.872354E+2	1.397730E+0
3.874970E+2	1.834889E+0
3.877585E+2	1.840353E+0
3.880200E+2	1.670954E+0
3.882815E+2	1.632703E+0
3.885430E+2	1.403195E+0
3.888045E+2	9.769651E-1
3.890660E+2	9.933586E-1
3.893275E+2	8.840689E-1
3.895889E+2	1.129971E+0
3.898504E+2	1.097184E+0
3.901118E+2	1.261118E+0
3.903733E+2	1.397730E+0
3.906347E+2	1.501555E+0
3.908962E+2	1.299369E+0
3.911576E+2	1.435982E+0
3.914190E+2	1.348550E+0
3.916804E+2	1.479697E+0
3.919418E+2	1.660025E+0
3.922032E+2	1.545271E+0
3.924646E+2	1.364943E+0
3.927260E+2	1.452375E+0
3.929873E+2	1.261118E+0
3.932487E+2	1.119042E+0
3.935100E+2	9.004624E-1
3.937714E+2	1.129971E+0
3.940327E+2	1.304834E+0
3.942941E+2	1.326692E+0
3.945554E+2	1.485162E+0
3.948167E+2	1.452375E+0
3.950780E+2	1.561665E+0
3.953393E+2	1.512484E+0
3.956006E+2	1.528878E+0
3.958619E+2	1.485162E+0
3.961232E+2	1.419588E+0
3.963844E+2	1.299369E+0
3.966457E+2	1.146364E+0
3.969069E+2	1.255654E+0
3.971682E+2	1.425053E+0
3.974294E+2	1.348550E+0
3.976907E+2	1.414124E+0
3.979519E+2	1.457839E+0
3.982131E+2	1.446910E+0
3.984743E+2	1.517949E+0
3.987355E+2	1.474233E+0
3.989967E+2	1.441446E+0
3.992579E+2	1.266583E+0
3.995191E+2	9.441782E-1
3.997802E+2	8.294241E-1
4.000414E+2	9.004624E-1
4.003025E+2	4.578394E-1
4.005637E+2	4.687684E-1
4.008248E+2	4.305170E-1
4.010860E+2	6.436318E-1
4.013471E+2	1.075326E+0
4.016082E+2	1.048003E+0
4.018693E+2	7.857083E-1
4.021304E+2	9.004624E-1
4.023915E+2	9.715006E-1
4.026526E+2	1.135435E+0
4.029137E+2	1.108113E+0
4.031747E+2	1.026145E+0
4.034358E+2	8.786045E-1
4.036968E+2	8.184952E-1
4.039579E+2	7.092055E-1
4.042189E+2	5.288777E-1
4.044800E+2	6.818831E-1
4.047410E+2	8.949979E-1
4.050020E+2	1.064397E+0
4.052630E+2	9.605717E-1
4.055240E+2	9.878941E-1
4.057850E+2	1.086255E+0
4.060460E+2	1.058932E+0
4.063070E+2	9.059269E-1
4.065679E+2	8.348886E-1
4.068289E+2	7.747793E-1
4.070898E+2	6.327028E-1
4.073508E+2	8.130307E-1
4.076117E+2	6.163094E-1
4.078727E+2	5.616646E-1
4.081336E+2	6.163094E-1
4.083945E+2	4.359815E-1
4.086554E+2	5.179487E-1
4.089163E+2	6.163094E-1
4.091772E+2	6.490963E-1
4.094381E+2	7.419924E-1
4.096990E+2	8.786045E-1
4.099598E+2	9.605717E-1
4.102207E+2	8.075662E-1
4.104815E+2	8.021017E-1
4.107424E+2	7.419924E-1
4.110032E+2	5.124842E-1
4.112640E+2	3.430853E-1
4.115249E+2	5.452711E-1
4.117857E+2	6.163094E-1
4.120465E+2	7.802438E-1
4.123073E+2	7.365280E-1
4.125681E+2	1.217402E+0
4.128289E+2	1.020681E+0
4.130896E+2	9.660361E-1
4.133504E+2	1.048003E+0
4.136112E+2	9.496427E-1
4.138719E+2	9.769651E-1
4.141327E+2	1.069861E+0
4.143934E+2	1.058932E+0
4.146541E+2	1.195544E+0
4.149149E+2	1.097184E+0
4.151756E+2	1.452375E+0
4.154363E+2	1.709206E+0
4.156970E+2	1.889533E+0
4.159577E+2	2.140900E+0
4.162184E+2	2.179151E+0
4.164790E+2	2.080790E+0
4.167397E+2	1.966036E+0
4.170004E+2	1.889533E+0
4.172610E+2	1.752921E+0
4.175217E+2	1.878604E+0
4.177823E+2	1.955107E+0
4.180429E+2	1.916856E+0
4.183035E+2	1.823960E+0
4.185642E+2	1.840353E+0
4.188248E+2	1.982430E+0
4.190854E+2	1.976965E+0
4.193459E+2	2.206473E+0
4.196065E+2	2.392266E+0
4.198671E+2	2.408659E+0
4.201277E+2	2.179151E+0
4.203882E+2	2.064397E+0
4.206488E+2	1.960572E+0
4.209093E+2	1.643632E+0
4.211699E+2	1.720135E+0
4.214304E+2	1.583522E+0
4.216909E+2	1.441446E+0
4.219514E+2	1.282976E+0
4.222119E+2	1.250189E+0
4.224724E+2	1.129971E+0
4.227329E+2	9.496427E-1
4.229934E+2	9.551072E-1
4.232539E+2	1.004288E+0
4.235143E+2	1.299369E+0
4.237748E+2	1.086255E+0
4.240352E+2	1.119042E+0
4.242957E+2	1.337621E+0
4.245561E+2	1.567129E+0
4.248166E+2	1.736528E+0
4.250770E+2	1.605380E+0
4.253374E+2	1.479697E+0
4.255978E+2	1.304834E+0
4.258582E+2	1.479697E+0
4.261186E+2	1.610845E+0
4.263790E+2	1.823960E+0
4.266393E+2	1.878604E+0
4.268997E+2	1.813031E+0
4.271600E+2	1.894998E+0
4.274204E+2	1.911391E+0
4.276807E+2	1.987894E+0
4.279411E+2	1.862211E+0
4.282014E+2	1.687348E+0
4.284617E+2	1.282976E+0
4.287220E+2	1.452375E+0
4.289823E+2	1.419588E+0
4.292426E+2	1.479697E+0
4.295029E+2	1.490626E+0
4.297632E+2	1.594451E+0
4.300235E+2	1.474233E+0
4.302837E+2	1.490626E+0
4.305440E+2	1.457839E+0
4.308042E+2	1.774779E+0
4.310645E+2	1.632703E+0
4.313247E+2	1.752921E+0
4.315849E+2	1.692812E+0
4.318451E+2	1.425053E+0
4.321054E+2	1.572594E+0
4.323656E+2	1.523413E+0
4.326258E+2	1.660025E+0
4.328859E+2	1.419588E+0
4.331461E+2	1.282976E+0
4.334063E+2	1.386801E+0
4.336665E+2	1.692812E+0
4.339266E+2	1.725599E+0
4.341868E+2	1.616309E+0
4.344469E+2	1.414124E+0
4.347070E+2	1.119042E+0
4.349671E+2	9.168558E-1
4.352273E+2	7.255990E-1
4.354874E+2	5.725935E-1
4.357475E+2	7.419924E-1
4.360076E+2	9.496427E-1
4.362677E+2	9.660361E-1
4.365277E+2	9.551072E-1
4.367878E+2	1.015216E+0
4.370479E+2	1.004288E+0
4.373079E+2	1.184615E+0
4.375680E+2	1.452375E+0
4.378280E+2	1.627238E+0
4.380880E+2	1.785708E+0
4.383480E+2	1.976965E+0
4.386081E+2	2.266583E+0
4.388681E+2	2.507020E+0
4.391281E+2	2.572594E+0
4.393881E+2	2.523413E+0
4.396480E+2	2.616309E+0
4.399080E+2	2.616309E+0
4.401680E+2	2.490626E+0
4.404279E+2	2.293905E+0
4.406879E+2	2.244725E+0
4.409478E+2	2.282976E+0
4.412078E+2	2.408659E+0
4.414677E+2	2.485162E+0
4.417276E+2	2.119042E+0
4.419875E+2	2.430517E+0
4.422474E+2	2.354014E+0
4.425073E+2	2.184615E+0
4.427672E+2	2.326692E+0
4.430271E+2	2.201009E+0
4.432870E+2	2.222867E+0
4.435469E+2	2.015216E+0
4.438067E+2	2.124506E+0
4.440666E+2	2.239260E+0
4.443264E+2	2.266583E+0
4.445862E+2	2.288441E+0
4.448461E+2	2.228331E+0
4.451059E+2	2.135435E+0
4.453657E+2	2.162757E+0
4.456255E+2	1.938714E+0
4.458853E+2	2.091719E+0
4.461451E+2	2.233796E+0
4.464049E+2	2.523413E+0
4.466646E+2	2.425053E+0
4.469244E+2	2.435982E+0
4.471842E+2	2.255654E+0
4.474439E+2	2.272047E+0
4.477036E+2	2.375872E+0
4.479634E+2	2.326692E+0
4.482231E+2	2.244725E+0
4.484828E+2	2.058932E+0
4.487425E+2	2.233796E+0
4.490022E+2	2.326692E+0
4.492619E+2	2.310298E+0
4.495216E+2	2.293905E+0
4.497813E+2	2.250189E+0
4.500410E+2	2.217402E+0
4.503006E+2	2.354014E+0
4.505603E+2	2.599916E+0
4.508199E+2	2.528878E+0
4.510796E+2	2.381337E+0
4.513392E+2	2.397730E+0
4.515988E+2	2.561665E+0
4.518584E+2	2.599916E+0
4.521180E+2	2.681883E+0
4.523776E+2	2.698277E+0
4.526372E+2	2.813031E+0
4.528968E+2	2.785708E+0
4.531564E+2	2.435982E+0
4.534160E+2	2.501555E+0
4.536755E+2	2.474233E+0
4.539351E+2	2.572594E+0
4.541946E+2	2.512484E+0
4.544541E+2	2.337621E+0
4.547137E+2	2.206473E+0
4.549732E+2	2.140900E+0
4.552327E+2	2.020681E+0
4.554922E+2	1.938714E+0
4.557517E+2	1.927785E+0
4.560112E+2	2.069861E+0
4.562707E+2	1.971501E+0
4.565302E+2	1.769315E+0
4.567896E+2	2.042539E+0
4.570491E+2	2.031610E+0
4.573085E+2	1.856747E+0
4.575680E+2	1.927785E+0
4.578274E+2	1.703741E+0
4.580868E+2	1.583522E+0
4.583463E+2	1.873140E+0
4.586057E+2	1.960572E+0
4.588651E+2	2.135435E+0
4.591245E+2	1.949643E+0
4.593838E+2	2.201009E+0
4.596432E+2	2.419588E+0
4.599026E+2	2.774779E+0
4.601620E+2	2.840353E+0
4.604213E+2	2.709206E+0
4.606807E+2	2.845818E+0
4.609400E+2	2.840353E+0
4.611993E+2	2.621774E+0
4.614587E+2	2.474233E+0
4.617180E+2	2.441446E+0
4.619773E+2	2.190080E+0
4.622366E+2	1.938714E+0
4.624959E+2	2.135435E+0
4.627552E+2	2.233796E+0
4.630144E+2	2.293905E+0
4.632737E+2	1.955107E+0
4.635330E+2	1.998823E+0
4.637922E+2	2.091719E+0
4.640515E+2	2.157293E+0
4.643107E+2	2.550736E+0
4.645699E+2	2.665490E+0
4.648292E+2	2.840353E+0
4.650884E+2	2.807566E+0
4.653476E+2	2.720135E+0
4.656068E+2	2.851282E+0
4.658660E+2	3.272047E+0
4.661251E+2	3.474233E+0
4.663843E+2	3.425053E+0
4.666435E+2	3.337621E+0
4.669026E+2	3.616309E+0
4.671618E+2	3.649096E+0
4.674209E+2	3.485162E+0
4.676801E+2	3.528878E+0
4.679392E+2	3.490626E+0
4.681983E+2	3.687348E+0
4.684574E+2	3.698277E+0
4.687165E+2	3.900462E+0
4.689756E+2	3.987894E+0
4.692347E+2	3.834889E+0
4.694938E+2	3.736528E+0
4.697529E+2	3.408659E+0
4.700119E+2	3.397730E+0
4.702710E+2	3.392266E+0
4.705300E+2	3.446910E+0
4.707891E+2	3.282976E+0
4.710481E+2	3.474233E+0
4.713071E+2	3.654561E+0
4.715661E+2	3.769315E+0
4.718252E+2	3.851282E+0
4.720842E+2	3.955107E+0
4.723431E+2	4.272047E+0
4.726021E+2	4.304834E+0
4.728611E+2	4.348550E+0
4.731201E+2	4.599916E+0
4.733790E+2	4.867675E+0
4.736380E+2	4.927785E+0
4.738969E+2	5.042539E+0
4.741559E+2	5.075326E+0
4.744148E+2	5.310298E+0
4.746737E+2	5.725599E+0
4.749326E+2	5.933249E+0
4.751915E+2	5.884069E+0
4.754504E+2	5.823960E+0
4.757093E+2	5.927785E+0
4.759682E+2	6.244725E+0
4.762271E+2	6.572594E+0
4.764859E+2	6.649096E+0
4.767448E+2	7.102648E+0
4.770037E+2	7.228331E+0
4.772625E+2	7.627238E+0
4.775213E+2	7.588987E+0
4.777802E+2	7.752921E+0
4.780390E+2	7.736528E+0
4.782978E+2	7.567129E+0
4.785566E+2	7.982430E+0
4.788154E+2	8.474233E+0
4.790742E+2	8.774779E+0
4.793329E+2	8.720135E+0
4.795917E+2	9.042539E+0
4.798505E+2	9.222867E+0
4.801092E+2	9.146364E+0
4.803680E+2	8.998823E+0
4.806267E+2	9.015216E+0
4.808854E+2	9.140900E+0
4.811442E+2	8.960572E+0
4.814029E+2	9.113577E+0
4.816616E+2	9.255654E+0
4.819203E+2	9.364943E+0
4.821790E+2	9.665490E+0
4.824377E+2	1.030483E+1
4.826963E+2	1.036494E+1
4.829550E+2	1.062724E+1
4.832137E+2	1.068735E+1
4.834723E+2	1.085675E+1
4.837310E+2	1.142505E+1
4.839896E+2	1.189500E+1
4.842482E+2	1.220101E+1
4.845068E+2	1.216822E+1
4.847655E+2	1.268735E+1
4.850241E+2	1.282396E+1
4.852827E+2	1.288953E+1
4.855412E+2	1.330483E+1
4.857998E+2	1.362177E+1
4.860584E+2	1.403707E+1
4.863170E+2	1.411358E+1
4.865755E+2	1.474746E+1
4.868341E+2	1.501522E+1
4.870926E+2	1.524472E+1
4.873511E+2	1.539227E+1
4.876097E+2	1.554527E+1
4.878682E+2	1.629391E+1
4.881267E+2	1.675292E+1
4.883852E+2	1.716276E+1
4.886437E+2	1.778024E+1
4.889022E+2	1.808079E+1
4.891606E+2	1.846330E+1
4.894191E+2	1.886221E+1
4.896776E+2	1.976385E+1
4.899360E+2	2.049609E+1
4.901945E+2	2.081303E+1
4.904529E+2	2.113544E+1
4.907113E+2	2.156713E+1
4.909697E+2	2.202615E+1
4.912282E+2	2.299336E+1
4.914866E+2	2.336494E+1
4.917450E+2	2.373653E+1
4.920034E+2	2.416822E+1
4.922617E+2	2.446330E+1
4.925201E+2	2.460538E+1
4.927785E+2	2.534309E+1
4.930368E+2	2.608079E+1
4.932952E+2	2.685128E+1
4.935535E+2	2.767642E+1
4.938118E+2	2.905893E+1
4.940702E+2	3.016822E+1
4.943285E+2	3.086221E+1
4.945868E+2	3.128844E+1
4.948451E+2	3.297150E+1
4.951034E+2	3.401522E+1
4.953617E+2	3.499882E+1
4.956200E+2	3.592232E+1
4.958782E+2	3.692232E+1
4.961365E+2	3.874199E+1
4.963947E+2	3.960538E+1
4.966530E+2	4.016276E+1
4.969112E+2	4.140319E+1
4.971694E+2	4.252888E+1
4.974277E+2	4.329391E+1
4.976859E+2	4.451248E+1
4.979441E+2	4.612451E+1
4.982023E+2	4.750156E+1
4.984605E+2	4.932669E+1
4.987187E+2	5.035401E+1
4.989768E+2	5.159992E+1
4.992350E+2	5.299336E+1
4.994931E+2	5.411904E+1
4.997513E+2	5.544691E+1
5.000094E+2	5.714090E+1
5.002676E+2	5.825565E+1
5.005257E+2	5.958899E+1
5.007838E+2	6.079117E+1
5.010419E+2	6.258899E+1
5.013000E+2	6.424472E+1
5.015581E+2	6.594418E+1
5.018162E+2	6.806986E+1
5.020743E+2	7.062724E+1
5.023323E+2	7.252341E+1
5.025904E+2	7.457259E+1
5.028485E+2	7.666549E+1
5.031065E+2	7.958899E+1
5.033645E+2	8.203707E+1
5.036226E+2	8.373653E+1
5.038806E+2	8.516822E+1
5.041386E+2	8.726658E+1
5.043966E+2	8.987314E+1
5.046546E+2	9.193871E+1
5.049126E+2	9.427751E+1
5.051706E+2	9.711358E+1
5.054285E+2	9.924472E+1
5.056865E+2	1.015453E+2
5.059445E+2	1.044251E+2
5.062024E+2	1.067966E+2
5.064604E+2	1.092994E+2
5.067183E+2	1.119879E+2
5.069762E+2	1.141464E+2
5.072341E+2	1.166108E+2
5.074920E+2	1.195016E+2
5.077499E+2	1.221026E+2
5.080078E+2	1.252229E+2
5.082657E+2	1.280808E+2
5.085236E+2	1.303158E+2
5.087815E+2	1.335398E+2
5.090393E+2	1.361682E+2
5.092972E+2	1.395507E+2
5.095550E+2	1.417365E+2
5.098129E+2	1.451464E+2
5.100707E+2	1.483704E+2
5.103285E+2	1.523212E+2
5.105863E+2	1.551573E+2
5.108441E+2	1.581518E+2
5.111019E+2	1.613704E+2
5.113597E+2	1.650480E+2
5.116175E+2	1.678021E+2
5.118753E+2	1.708294E+2
5.121330E+2	1.736163E+2
5.123908E+2	1.772502E+2
5.126485E+2	1.812830E+2
5.129063E+2	1.846054E+2
5.131640E+2	1.880699E+2
5.134217E+2	1.915890E+2
5.136794E+2	1.950863E+2
5.139371E+2	1.988567E+2
5.141948E+2	2.023923E+2
5.144525E+2	2.063540E+2
5.147102E+2	2.100808E+2
5.149679E+2	2.141682E+2
5.152256E+2	2.175945E+2
5.154832E+2	2.220808E+2
5.157409E+2	2.256928E+2
5.159985E+2	2.302884E+2
5.162562E+2	2.339496E+2
5.165138E+2	2.388294E+2
5.167714E+2	2.427639E+2
5.170290E+2	2.470699E+2
5.172866E+2	2.515289E+2
5.175442E+2	2.554906E+2
5.178018E+2	2.598076E+2
5.180594E+2	2.642010E+2
5.183170E+2	2.681136E+2
5.185745E+2	2.721737E+2
5.188321E+2	2.749278E+2
5.190896E+2	2.792775E+2
5.193472E+2	2.831354E+2
5.196047E+2	2.882775E+2
5.198622E+2	2.923540E+2
5.201197E+2	2.964469E+2
5.203772E+2	3.008895E+2
5.206347E+2	3.064196E+2
5.208922E+2	3.105726E+2
5.211497E+2	3.155453E+2
5.214072E+2	3.195234E+2
5.216646E+2	3.235890E+2
5.219221E+2	3.284414E+2
5.221795E+2	3.333977E+2
5.224370E+2	3.384906E+2
5.226944E+2	3.429223E+2
5.229519E+2	3.475507E+2
5.232093E+2	3.522939E+2
5.234667E+2	3.571846E+2
5.237241E+2	3.617365E+2
5.239815E+2	3.666873E+2
5.242389E+2	3.720972E+2
5.244962E+2	3.757912E+2
5.247536E+2	3.812611E+2
5.250110E+2	3.853322E+2
5.252683E+2	3.904032E+2
5.255257E+2	3.945343E+2
5.257830E+2	3.993868E+2
5.260403E+2	4.033158E+2
5.262977E+2	4.078458E+2
5.265550E+2	4.132010E+2
5.268123E+2	4.179442E+2
5.270696E+2	4.221901E+2
5.273269E+2	4.281464E+2
5.275841E+2	4.327857E+2
5.278414E+2	4.382830E+2
5.280987E+2	4.434414E+2
5.283559E+2	4.477857E+2
5.286132E+2	4.526382E+2
5.288704E+2	4.577693E+2
5.291276E+2	4.630261E+2
5.293849E+2	4.679551E+2
5.296421E+2	4.723322E+2
5.298993E+2	4.778185E+2
5.301565E+2	4.828950E+2
5.304137E+2	4.883540E+2
5.306709E+2	4.929496E+2
5.309280E+2	4.983158E+2
5.311852E+2	5.025179E+2
5.314424E+2	5.080808E+2
5.316995E+2	5.138185E+2
5.319567E+2	5.192884E+2
5.322138E+2	5.236054E+2
5.324709E+2	5.292884E+2
5.327280E+2	5.350043E+2
5.329852E+2	5.405070E+2
5.332423E+2	5.462557E+2
5.334994E+2	5.510644E+2
5.337564E+2	5.560535E+2
5.340135E+2	5.618185E+2
5.342706E+2	5.675234E+2
5.345276E+2	5.743376E+2
5.347847E+2	5.810098E+2
5.350417E+2	5.870808E+2
5.352988E+2	5.920917E+2
5.355558E+2	5.978622E+2
5.358128E+2	6.029770E+2
5.360698E+2	6.091245E+2
5.363269E+2	6.140589E+2
5.365839E+2	6.200480E+2
5.368408E+2	6.248841E+2
5.370978E+2	6.307092E+2
5.373548E+2	6.359824E+2
5.376118E+2	6.414196E+2
5.378687E+2	6.471518E+2
5.381257E+2	6.533923E+2
5.383826E+2	6.594251E+2
5.386395E+2	6.655999E+2
5.388965E+2	6.712557E+2
5.391534E+2	6.774196E+2
5.394103E+2	6.836491E+2
5.396672E+2	6.898567E+2
5.399241E+2	6.954797E+2
5.401810E+2	7.021245E+2
5.404378E+2	7.073704E+2
5.406947E+2	7.137092E+2
5.409516E+2	7.197529E+2
5.412084E+2	7.258458E+2
5.414653E+2	7.310863E+2
5.417221E+2	7.374087E+2
5.419789E+2	7.435289E+2
5.422357E+2	7.488950E+2
5.424925E+2	7.552010E+2
5.427493E+2	7.617529E+2
5.430061E+2	7.677857E+2
5.432629E+2	7.741901E+2
5.435197E+2	7.801300E+2
5.437765E+2	7.858622E+2
5.440332E+2	7.921518E+2
5.442900E+2	7.990316E+2
5.445467E+2	8.060480E+2
5.448035E+2	8.127857E+2
5.450602E+2	8.186546E+2
5.453169E+2	8.251409E+2
5.455736E+2	8.306655E+2
5.458303E+2	8.374633E+2
5.460870E+2	8.435179E+2
5.463437E+2	8.498622E+2
5.466004E+2	8.564742E+2
5.468571E+2	8.634032E+2
5.471137E+2	8.696873E+2
5.473704E+2	8.759606E+2
5.476270E+2	8.828404E+2
5.478837E+2	8.902283E+2
5.481403E+2	8.970152E+2
5.483969E+2	9.030863E+2
5.486535E+2	9.090972E+2
5.489101E+2	9.152229E+2
5.491667E+2	9.215125E+2
5.494233E+2	9.284360E+2
5.496799E+2	9.352557E+2
5.499365E+2	9.422611E+2
5.501931E+2	9.484906E+2
5.504496E+2	9.541354E+2
5.507062E+2	9.612065E+2
5.509627E+2	9.682884E+2
5.512192E+2	9.757256E+2
5.514758E+2	9.831682E+2
5.517323E+2	9.895179E+2
5.519888E+2	9.965343E+2
5.522453E+2	1.003655E+3
5.525018E+2	1.010671E+3
5.527583E+2	1.018026E+3
5.530147E+2	1.026010E+3
5.532712E+2	1.032879E+3
5.535277E+2	1.040403E+3
5.537841E+2	1.046868E+3
5.540406E+2	1.054097E+3
5.542970E+2	1.061507E+3
5.545534E+2	1.069021E+3
5.548098E+2	1.075961E+3
5.550663E+2	1.083403E+3
5.553227E+2	1.090594E+3
5.555791E+2	1.098928E+3
5.558354E+2	1.106655E+3
5.560918E+2	1.115185E+3
5.563482E+2	1.123409E+3
5.566046E+2	1.131534E+3
5.568609E+2	1.139026E+3
5.571173E+2	1.147338E+3
5.573736E+2	1.155452E+3
5.576299E+2	1.163972E+3
5.578862E+2	1.172370E+3
5.581426E+2	1.180272E+3
5.583989E+2	1.188381E+3
5.586552E+2	1.196529E+3
5.589114E+2	1.204627E+3
5.591677E+2	1.213709E+3
5.594240E+2	1.222884E+3
5.596803E+2	1.231682E+3
5.599365E+2	1.240108E+3
5.601928E+2	1.248737E+3
5.604490E+2	1.256780E+3
5.607052E+2	1.266141E+3
5.609614E+2	1.275376E+3
5.612177E+2	1.284977E+3
5.614739E+2	1.293660E+3
5.617301E+2	1.302846E+3
5.619863E+2	1.312053E+3
5.622424E+2	1.321414E+3
5.624986E+2	1.330458E+3
5.627548E+2	1.339671E+3
5.630109E+2	1.348349E+3
5.632671E+2	1.357463E+3
5.635232E+2	1.366491E+3
5.637794E+2	1.375753E+3
5.640355E+2	1.385529E+3
5.642916E+2	1.395545E+3
5.645477E+2	1.405174E+3
5.648038E+2	1.414906E+3
5.650599E+2	1.424288E+3
5.653160E+2	1.433895E+3
5.655721E+2	1.443070E+3
5.658281E+2	1.452868E+3
5.660842E+2	1.462491E+3
5.663402E+2	1.471857E+3
5.665963E+2	1.481873E+3
5.668523E+2	1.491534E+3
5.671083E+2	1.501469E+3
5.673644E+2	1.512376E+3
5.676204E+2	1.521911E+3
5.678764E+2	1.531436E+3
5.681324E+2	1.542053E+3
5.683883E+2	1.552359E+3
5.686443E+2	1.562217E+3
5.689003E+2	1.573097E+3
5.691562E+2	1.583190E+3
5.694122E+2	1.593594E+3
5.696681E+2	1.603665E+3
5.699241E+2	1.614081E+3
5.701800E+2	1.624758E+3
5.704359E+2	1.636021E+3
5.706918E+2	1.647037E+3
5.709477E+2	1.658179E+3
5.712036E+2	1.668097E+3
5.714595E+2	1.679092E+3
5.717154E+2	1.689890E+3
5.719713E+2	1.700190E+3
5.722271E+2	1.710518E+3
5.724830E+2	1.722278E+3
5.727388E+2	1.733633E+3
5.729947E+2	1.744392E+3
5.732505E+2	1.754611E+3
5.735063E+2	1.765485E+3
5.737621E+2	1.777190E+3
5.740179E+2	1.788693E+3
5.742737E+2	1.799977E+3
5.745295E+2	1.811523E+3
5.747853E+2	1.822693E+3
5.750411E+2	1.833993E+3
5.752968E+2	1.845206E+3
5.755526E+2	1.856234E+3
5.758083E+2	1.867086E+3
5.760641E+2	1.878775E+3
5.763198E+2	1.889753E+3
5.765755E+2	1.901239E+3
5.768312E+2	1.912485E+3
5.770869E+2	1.924108E+3
5.773426E+2	1.935764E+3
5.775983E+2	1.947737E+3
5.778540E+2	1.959600E+3
5.781097E+2	1.971633E+3
5.783653E+2	1.983534E+3
5.786210E+2	1.995584E+3
5.788766E+2	2.007398E+3
5.791323E+2	2.019594E+3
5.793879E+2	2.032004E+3
5.796435E+2	2.043491E+3
5.798991E+2	2.055327E+3
5.801547E+2	2.067081E+3
5.804103E+2	2.078840E+3
5.806659E+2	2.090737E+3
5.809215E+2	2.102327E+3
5.811771E+2	2.114556E+3
5.814327E+2	2.126469E+3
5.816882E+2	2.138376E+3
5.819438E+2	2.150638E+3
5.821993E+2	2.162622E+3
5.824548E+2	2.174141E+3
5.827104E+2	2.185917E+3
5.829659E+2	2.197737E+3
5.832214E+2	2.209452E+3
5.834769E+2	2.221906E+3
5.837324E+2	2.233223E+3
5.839878E+2	2.244950E+3
5.842433E+2	2.256573E+3
5.844988E+2	2.268474E+3
5.847542E+2	2.279660E+3
5.850097E+2	2.291600E+3
5.852651E+2	2.303611E+3
5.855206E+2	2.315731E+3
5.857760E+2	2.327584E+3
5.860314E+2	2.338857E+3
5.862868E+2	2.350010E+3
5.865422E+2	2.361327E+3
5.867976E+2	2.373851E+3
5.870530E+2	2.385780E+3
5.873084E+2	2.397168E+3
5.875637E+2	2.409141E+3
5.878191E+2	2.421278E+3
5.880744E+2	2.432496E+3
5.883298E+2	2.443835E+3
5.885851E+2	2.455676E+3
5.888404E+2	2.467797E+3
5.890958E+2	2.479436E+3
5.893511E+2	2.490179E+3
5.896064E+2	2.501480E+3
5.898617E+2	2.512622E+3
5.901169E+2	2.523523E+3
5.903722E+2	2.535064E+3
5.906275E+2	2.547135E+3
5.908827E+2	2.558917E+3
5.911380E+2	2.570895E+3
5.913932E+2	2.582305E+3
5.916485E+2	2.594010E+3
5.919037E+2	2.606502E+3
5.921589E+2	2.617780E+3
5.924141E+2	2.629004E+3
5.926693E+2	2.640228E+3
5.929245E+2	2.651950E+3
5.931797E+2	2.663283E+3
5.934349E+2	2.674146E+3
5.936900E+2	2.685075E+3
5.939452E+2	2.695917E+3
5.942004E+2	2.707343E+3
5.944555E+2	2.718502E+3
5.947106E+2	2.729321E+3
5.949658E+2	2.739485E+3
5.952209E+2	2.751343E+3
5.954760E+2	2.761840E+3
5.957311E+2	2.772939E+3
5.959862E+2	2.785048E+3
5.962413E+2	2.797130E+3
5.964963E+2	2.808644E+3
5.967514E+2	2.819808E+3
5.970065E+2	2.831534E+3
5.972615E+2	2.843638E+3
5.975166E+2	2.855168E+3
5.977716E+2	2.866644E+3
5.980266E+2	2.878600E+3
5.982816E+2	2.890037E+3
5.985367E+2	2.900917E+3
5.987917E+2	2.913409E+3
5.990467E+2	2.924387E+3
5.993016E+2	2.936294E+3
5.995566E+2	2.948349E+3
5.998116E+2	2.960250E+3
6.000665E+2	2.971693E+3
6.003215E+2	2.983540E+3
6.005764E+2	2.995103E+3
6.008314E+2	3.006868E+3
6.010863E+2	3.018310E+3
6.013412E+2	3.029900E+3
6.015961E+2	3.041452E+3
6.018510E+2	3.054021E+3
6.021059E+2	3.066463E+3
6.023608E+2	3.078316E+3
6.026157E+2	3.089551E+3
6.028706E+2	3.101387E+3
6.031254E+2	3.112327E+3
6.033803E+2	3.123507E+3
6.036351E+2	3.134955E+3
6.038900E+2	3.146299E+3
6.041448E+2	3.157769E+3
6.043996E+2	3.168988E+3
6.046544E+2	3.180349E+3
6.049092E+2	3.192157E+3
6.051640E+2	3.203928E+3
6.054188E+2	3.215977E+3
6.056736E+2	3.228185E+3
6.059283E+2	3.239665E+3
6.061831E+2	3.250627E+3
6.064378E+2	3.261911E+3
6.066926E+2	3.272873E+3
6.069473E+2	3.284747E+3
6.072021E+2	3.295534E+3
6.074568E+2	3.305644E+3
6.077115E+2	3.316420E+3
6.079662E+2	3.327939E+3
6.082209E+2	3.339698E+3
6.084756E+2	3.351032E+3
6.087302E+2	3.363059E+3
6.089849E+2	3.374638E+3
6.092396E+2	3.385458E+3
6.094942E+2	3.397305E+3
6.097489E+2	3.408496E+3
6.100035E+2	3.419764E+3
6.102581E+2	3.431332E+3
6.105127E+2	3.442447E+3
6.107674E+2	3.453026E+3
6.110220E+2	3.465032E+3
6.112766E+2	3.476294E+3
6.115311E+2	3.486917E+3
6.117857E+2	3.497070E+3
6.120403E+2	3.507573E+3
6.122948E+2	3.518376E+3
6.125494E+2	3.529370E+3
6.128039E+2	3.539709E+3
6.130585E+2	3.550813E+3
6.133130E+2	3.561573E+3
6.135675E+2	3.572469E+3
6.138220E+2	3.583452E+3
6.140765E+2	3.595130E+3
6.143310E+2	3.605829E+3
6.145855E+2	3.616578E+3
6.148400E+2	3.627655E+3
6.150945E+2	3.638671E+3
6.153489E+2	3.649447E+3
6.156034E+2	3.659900E+3
6.158578E+2	3.671059E+3
6.161123E+2	3.681562E+3
6.163667E+2	3.692518E+3
6.166211E+2	3.703212E+3
6.168755E+2	3.713622E+3
6.171299E+2	3.724802E+3
6.173843E+2	3.735135E+3
6.176387E+2	3.745633E+3
6.178931E+2	3.755551E+3
6.181474E+2	3.766523E+3
6.184018E+2	3.777988E+3
6.186561E+2	3.789523E+3
6.189105E+2	3.800627E+3
6.191648E+2	3.812212E+3
6.194191E+2	3.823540E+3
6.196735E+2	3.835086E+3
6.199278E+2	3.846523E+3
6.201821E+2	3.857791E+3
6.204364E+2	3.868993E+3
6.206907E+2	3.879627E+3
6.209449E+2	3.890507E+3
6.211992E+2	3.902338E+3
6.214535E+2	3.913278E+3
6.217077E+2	3.925103E+3
6.219619E+2	3.935857E+3
6.222162E+2	3.947605E+3
6.224704E+2	3.958900E+3
6.227246E+2	3.970737E+3
6.229788E+2	3.982950E+3
6.232330E+2	3.995485E+3
6.234872E+2	4.007114E+3
6.237414E+2	4.018480E+3
6.239956E+2	4.029365E+3
6.242498E+2	4.040589E+3
6.245039E+2	4.052332E+3
6.247581E+2	4.065174E+3
6.250122E+2	4.076797E+3
6.252663E+2	4.089321E+3
6.255205E+2	4.101627E+3
6.257746E+2	4.113584E+3
6.260287E+2	4.125693E+3
6.262828E+2	4.138354E+3
6.265369E+2	4.150573E+3
6.267910E+2	4.163114E+3
6.270450E+2	4.175840E+3
6.272991E+2	4.189502E+3
6.275532E+2	4.203354E+3
6.278072E+2	4.215982E+3
6.280613E+2	4.228015E+3
6.283153E+2	4.240321E+3
6.285693E+2	4.253720E+3
6.288233E+2	4.265873E+3
6.290773E+2	4.278906E+3
6.293313E+2	4.291075E+3
6.295853E+2	4.303879E+3
6.298393E+2	4.315868E+3
6.300933E+2	4.328398E+3
6.303472E+2	4.341518E+3
6.306012E+2	4.353381E+3
6.308551E+2	4.366573E+3
6.311091E+2	4.379354E+3
6.313630E+2	4.392534E+3
6.316169E+2	4.405655E+3
6.318709E+2	4.418032E+3
6.321248E+2	4.430562E+3
6.323787E+2	4.443512E+3
6.326326E+2	4.455758E+3
6.328864E+2	4.468436E+3
6.331403E+2	4.481649E+3
6.333942E+2	4.494627E+3
6.336480E+2	4.507633E+3
6.339019E+2	4.519305E+3
6.341557E+2	4.531616E+3
6.344095E+2	4.544343E+3
6.346634E+2	4.556715E+3
6.349172E+2	4.569097E+3
6.351710E+2	4.581518E+3
6.354248E+2	4.594234E+3
6.356786E+2	4.607305E+3
6.359324E+2	4.620026E+3
6.361861E+2	4.632818E+3
6.364399E+2	4.645174E+3
6.366936E+2	4.657480E+3
6.369474E+2	4.671786E+3
6.372011E+2	4.683824E+3
6.374549E+2	4.697644E+3
6.377086E+2	4.709507E+3
6.379623E+2	4.721884E+3
6.382160E+2	4.733758E+3
6.384697E+2	4.745496E+3
6.387234E+2	4.757775E+3
6.389771E+2	4.770321E+3
6.392307E+2	4.782463E+3
6.394844E+2	4.794452E+3
6.397380E+2	4.806196E+3
6.399917E+2	4.818928E+3
6.402453E+2	4.830715E+3
6.404990E+2	4.842485E+3
6.407526E+2	4.854125E+3
6.410062E+2	4.866064E+3
6.412598E+2	4.877840E+3
6.415134E+2	4.889409E+3
6.417670E+2	4.901256E+3
6.420206E+2	4.912420E+3
6.422741E+2	4.924649E+3
6.425277E+2	4.936152E+3
6.427812E+2	4.947731E+3
6.430348E+2	4.958627E+3
6.432883E+2	4.970436E+3
6.435418E+2	4.981802E+3
6.437954E+2	4.993562E+3
6.440489E+2	5.004747E+3
6.443024E+2	5.017021E+3
6.445559E+2	5.028299E+3
6.448094E+2	5.040163E+3
6.450628E+2	5.050627E+3
6.453163E+2	5.062507E+3
6.455698E+2	5.074496E+3
6.458232E+2	5.085594E+3
6.460767E+2	5.098070E+3
6.463301E+2	5.110359E+3
6.465835E+2	5.123130E+3
6.468369E+2	5.134972E+3
6.470903E+2	5.146797E+3
6.473437E+2	5.158518E+3
6.475971E+2	5.170846E+3
6.478505E+2	5.182633E+3
6.481039E+2	5.194846E+3
6.483573E+2	5.206600E+3
6.486106E+2	5.217365E+3
6.488640E+2	5.228933E+3
6.491173E+2	5.240507E+3
6.493706E+2	5.251928E+3
6.496240E+2	5.263491E+3
6.498773E+2	5.275873E+3
6.501306E+2	5.286972E+3
6.503839E+2	5.299059E+3
6.506372E+2	5.310644E+3
6.508905E+2	5.321737E+3
6.511437E+2	5.333540E+3
6.513970E+2	5.345529E+3
6.516503E+2	5.357305E+3
6.519035E+2	5.369955E+3
6.521567E+2	5.381387E+3
6.524100E+2	5.391458E+3
6.526632E+2	5.403152E+3
6.529164E+2	5.414584E+3
6.531696E+2	5.426840E+3
6.534228E+2	5.438961E+3
6.536760E+2	5.451824E+3
6.539292E+2	5.464600E+3
6.541824E+2	5.476966E+3
6.544355E+2	5.489496E+3
6.546887E+2	5.502578E+3
6.549418E+2	5.516365E+3
6.551950E+2	5.530228E+3
6.554481E+2	5.542064E+3
6.557012E+2	5.555359E+3
6.559543E+2	5.567977E+3
6.562074E+2	5.579359E+3
6.564605E+2	5.591081E+3
6.567136E+2	5.603911E+3
6.569667E+2	5.616573E+3
6.572198E+2	5.628447E+3
6.574728E+2	5.640496E+3
6.577259E+2	5.652359E+3
6.579789E+2	5.665053E+3
6.582319E+2	5.675879E+3
6.584850E+2	5.688884E+3
6.587380E+2	5.701742E+3
6.589910E+2	5.714135E+3
6.592440E+2	5.727163E+3
6.594970E+2	5.738605E+3
6.597500E+2	5.751431E+3
6.600030E+2	5.763982E+3
6.602559E+2	5.777616E+3
6.605089E+2	5.790824E+3
6.607618E+2	5.802562E+3
6.610148E+2	5.815578E+3
6.612677E+2	5.827534E+3
6.615206E+2	5.840720E+3
6.617736E+2	5.853152E+3
6.620265E+2	5.864764E+3
6.622794E+2	5.876043E+3
6.625323E+2	5.888327E+3
6.627851E+2	5.901053E+3
6.630380E+2	5.913649E+3
6.632909E+2	5.925824E+3
6.635437E+2	5.938627E+3
6.637966E+2	5.950048E+3
6.640494E+2	5.962600E+3
6.643023E+2	5.975753E+3
6.645551E+2	5.987540E+3
6.648079E+2	6.000474E+3
6.650607E+2	6.013064E+3
6.653135E+2	6.024502E+3
6.655663E+2	6.036294E+3
6.658191E+2	6.046726E+3
6.660718E+2	6.057879E+3
6.663246E+2	6.070797E+3
6.665774E+2	6.082829E+3
6.668301E+2	6.093261E+3
6.670828E+2	6.105928E+3
6.673356E+2	6.117365E+3
6.675883E+2	6.128425E+3
6.678410E+2	6.140529E+3
6.680937E+2	6.152130E+3
6.683464E+2	6.163638E+3
6.685991E+2	6.175310E+3
6.688518E+2	6.186086E+3
6.691044E+2	6.196288E+3
6.693571E+2	6.208338E+3
6.696098E+2	6.219108E+3
6.698624E+2	6.228660E+3
6.701150E+2	6.238868E+3
6.703677E+2	6.248491E+3
6.706203E+2	6.257425E+3
6.708729E+2	6.267409E+3
6.711255E+2	6.275441E+3
6.713781E+2	6.284884E+3
6.716307E+2	6.294824E+3
6.718832E+2	6.304305E+3
6.721358E+2	6.312376E+3
6.723884E+2	6.321644E+3
6.726409E+2	6.329359E+3
6.728935E+2	6.337053E+3
6.731460E+2	6.344840E+3
6.733985E+2	6.352152E+3
6.736510E+2	6.360622E+3
6.739035E+2	6.366731E+3
6.741560E+2	6.373720E+3
6.744085E+2	6.380534E+3
6.746610E+2	6.386616E+3
6.749135E+2	6.393715E+3
6.751660E+2	6.400480E+3
6.754184E+2	6.406431E+3
6.756709E+2	6.412256E+3
6.759233E+2	6.418037E+3
6.761757E+2	6.425185E+3
6.764282E+2	6.431310E+3
6.766806E+2	6.437458E+3
6.769330E+2	6.442502E+3
6.771854E+2	6.446797E+3
6.774378E+2	6.451108E+3
6.776901E+2	6.455092E+3
6.779425E+2	6.457786E+3
6.781949E+2	6.460458E+3
6.784472E+2	6.462004E+3
6.786996E+2	6.463081E+3
6.789519E+2	6.464152E+3
6.792042E+2	6.465698E+3
6.794566E+2	6.465567E+3
6.797089E+2	6.465015E+3
6.799612E+2	6.465070E+3
6.802135E+2	6.463529E+3
6.804657E+2	6.462010E+3
6.807180E+2	6.460015E+3
6.809703E+2	6.459174E+3
6.812226E+2	6.458780E+3
6.814748E+2	6.457157E+3
6.817270E+2	6.454687E+3
6.819793E+2	6.452114E+3
6.822315E+2	6.449693E+3
6.824837E+2	6.446152E+3
6.827359E+2	6.442737E+3
6.829881E+2	6.439414E+3
6.832403E+2	6.435507E+3
6.834925E+2	6.432305E+3
6.837447E+2	6.427512E+3
6.839968E+2	6.423004E+3
6.842490E+2	6.418403E+3
6.845011E+2	6.412988E+3
6.847533E+2	6.405387E+3
6.850054E+2	6.398824E+3
6.852575E+2	6.392359E+3
6.855097E+2	6.385163E+3
6.857618E+2	6.378081E+3
6.860139E+2	6.370802E+3
6.862659E+2	6.363185E+3
6.865180E+2	6.355567E+3
6.867701E+2	6.345463E+3
6.870222E+2	6.335966E+3
6.872742E+2	6.326562E+3
6.875263E+2	6.316747E+3
6.877783E+2	6.306196E+3
6.880303E+2	6.296239E+3
6.882823E+2	6.287709E+3
6.885343E+2	6.277890E+3
6.887864E+2	6.266857E+3
6.890383E+2	6.255556E+3
6.892903E+2	6.245174E+3
6.895423E+2	6.234130E+3
6.897943E+2	6.223829E+3
6.900462E+2	6.212168E+3
6.902982E+2	6.200982E+3
6.905501E+2	6.187879E+3
6.908021E+2	6.176928E+3
6.910540E+2	6.164381E+3
6.913059E+2	6.152523E+3
6.915578E+2	6.139370E+3
6.918097E+2	6.125491E+3
6.920616E+2	6.113141E+3
6.923135E+2	6.098638E+3
6.925654E+2	6.085086E+3
6.928172E+2	6.071567E+3
6.930691E+2	6.058420E+3
6.933209E+2	6.044813E+3
6.935728E+2	6.031840E+3
6.938246E+2	6.018021E+3
6.940764E+2	6.004693E+3
6.943282E+2	5.989245E+3
6.945800E+2	5.973660E+3
6.948318E+2	5.958163E+3
6.950836E+2	5.941370E+3
6.953354E+2	5.924709E+3
6.955872E+2	5.908545E+3
6.958389E+2	5.892163E+3
6.960907E+2	5.875523E+3
6.963424E+2	5.856966E+3
6.965942E+2	5.838491E+3
6.968459E+2	5.820327E+3
6.970976E+2	5.802163E+3
6.973493E+2	5.783993E+3
6.976010E+2	5.767010E+3
6.978527E+2	5.749310E+3
6.981044E+2	5.731288E+3
6.983561E+2	5.714004E+3
6.986077E+2	5.697141E+3
6.988594E+2	5.678939E+3
6.991110E+2	5.662808E+3
6.993627E+2	5.646228E+3
6.996143E+2	5.629627E+3
6.998659E+2	5.613245E+3
7.001175E+2	5.597021E+3
7.003692E+2	5.580540E+3
7.006207E+2	5.563988E+3
7.008723E+2	5.546381E+3
7.011239E+2	5.528267E+3
7.013755E+2	5.510370E+3
7.016271E+2	5.491250E+3
7.018786E+2	5.472441E+3
7.021302E+2	5.454611E+3
7.023817E+2	5.435114E+3
7.026332E+2	5.415578E+3
7.028847E+2	5.396310E+3
7.031362E+2	5.376026E+3
7.033878E+2	5.355589E+3
7.036392E+2	5.333835E+3
7.038907E+2	5.311791E+3
7.041422E+2	5.290272E+3
7.043937E+2	5.268665E+3
7.046451E+2	5.247190E+3
7.048966E+2	5.224868E+3
7.051480E+2	5.202441E+3
7.053995E+2	5.180709E+3
7.056509E+2	5.159403E+3
7.059023E+2	5.138922E+3
7.061537E+2	5.117917E+3
7.064051E+2	5.097212E+3
7.066565E+2	5.076769E+3
7.069079E+2	5.057545E+3
7.071593E+2	5.038075E+3
7.074106E+2	5.017338E+3
7.076620E+2	4.998649E+3
7.079133E+2	4.979217E+3
7.081647E+2	4.961048E+3
7.084160E+2	4.942922E+3
7.086673E+2	4.925917E+3
7.089186E+2	4.907496E+3
7.091699E+2	4.889048E+3
7.094212E+2	4.870616E+3
7.096725E+2	4.852485E+3
7.099238E+2	4.834633E+3
7.101751E+2	4.816190E+3
7.104263E+2	4.798567E+3
7.106776E+2	4.779758E+3
7.109288E+2	4.760387E+3
7.111800E+2	4.739217E+3
7.114313E+2	4.718939E+3
7.116825E+2	4.699146E+3
7.119337E+2	4.678671E+3
7.121849E+2	4.657534E+3
7.124361E+2	4.634747E+3
7.126873E+2	4.612900E+3
7.129384E+2	4.590950E+3
7.131896E+2	4.568693E+3
7.134408E+2	4.547064E+3
7.136919E+2	4.524693E+3
7.139430E+2	4.501993E+3
7.141942E+2	4.480988E+3
7.144453E+2	4.459687E+3
7.146964E+2	4.438458E+3
7.149475E+2	4.419043E+3
7.151986E+2	4.401316E+3
7.154497E+2	4.383742E+3
7.157008E+2	4.366327E+3
7.159518E+2	4.350179E+3
7.162029E+2	4.334523E+3
7.164540E+2	4.320786E+3
7.167050E+2	4.306398E+3
7.169560E+2	4.293906E+3
7.172071E+2	4.280933E+3
7.174581E+2	4.268431E+3
7.177091E+2	4.255370E+3
7.179601E+2	4.242267E+3
7.182111E+2	4.229141E+3
7.184621E+2	4.215786E+3
7.187130E+2	4.203130E+3
7.189640E+2	4.189261E+3
7.192150E+2	4.174491E+3
7.194659E+2	4.158868E+3
7.197169E+2	4.142059E+3
7.199678E+2	4.125431E+3
7.202187E+2	4.108190E+3
7.204696E+2	4.090283E+3
7.207205E+2	4.072655E+3
7.209714E+2	4.053638E+3
7.212223E+2	4.034813E+3
7.214732E+2	4.015021E+3
7.217241E+2	3.996682E+3
7.219749E+2	3.978813E+3
7.222258E+2	3.960715E+3
7.224766E+2	3.943682E+3
7.227274E+2	3.928791E+3
7.229783E+2	3.914693E+3
7.232291E+2	3.902605E+3
7.234799E+2	3.891529E+3
7.237307E+2	3.882283E+3
7.239815E+2	3.873731E+3
7.242323E+2	3.866387E+3
7.244830E+2	3.861021E+3
7.247338E+2	3.856141E+3
7.249846E+2	3.852584E+3
7.252353E+2	3.849906E+3
7.254861E+2	3.847813E+3
7.257368E+2	3.845327E+3
7.259875E+2	3.843507E+3
7.262382E+2	3.842857E+3
7.264889E+2	3.842682E+3
7.267396E+2	3.841906E+3
7.269903E+2	3.841130E+3
7.272410E+2	3.840141E+3
7.274917E+2	3.838972E+3
7.277423E+2	3.837988E+3
7.279930E+2	3.835687E+3
7.282436E+2	3.832458E+3
7.284942E+2	3.828480E+3
7.287449E+2	3.824267E+3
7.289955E+2	3.820529E+3
7.292461E+2	3.816567E+3
7.294967E+2	3.812649E+3
7.297473E+2	3.808174E+3
7.299979E+2	3.803682E+3
7.302484E+2	3.797589E+3
7.304990E+2	3.790567E+3
7.307496E+2	3.783906E+3
7.310001E+2	3.776633E+3
7.312507E+2	3.769665E+3
7.315012E+2	3.764146E+3
7.317517E+2	3.758649E+3
7.320022E+2	3.756321E+3
7.322527E+2	3.756709E+3
7.325032E+2	3.762452E+3
7.327537E+2	3.771070E+3
7.330042E+2	3.783048E+3
7.332547E+2	3.795786E+3
7.335051E+2	3.810731E+3
7.337556E+2	3.829638E+3
7.340060E+2	3.853420E+3
7.342564E+2	3.885808E+3
7.345069E+2	3.925168E+3
7.347573E+2	3.967206E+3
7.350077E+2	4.006573E+3
7.352581E+2	4.037589E+3
7.355085E+2	4.065010E+3
7.357589E+2	4.097398E+3
7.360092E+2	4.141665E+3
7.362596E+2	4.201283E+3
7.365100E+2	4.271775E+3
7.367603E+2	4.344999E+3
7.370106E+2	4.414698E+3
7.372610E+2	4.476747E+3
7.375113E+2	4.532425E+3
7.377616E+2	4.584010E+3
7.380119E+2	4.634829E+3
7.382622E+2	4.689862E+3
7.385125E+2	4.749660E+3
7.387628E+2	4.812551E+3
7.390130E+2	4.877316E+3
7.392633E+2	4.945212E+3
7.395135E+2	5.017354E+3
7.397638E+2	5.094862E+3
7.400140E+2	5.179179E+3
7.402642E+2	5.272398E+3
7.405144E+2	5.372786E+3
7.407647E+2	5.480174E+3
7.410149E+2	5.583698E+3
7.412650E+2	5.680911E+3
7.415152E+2	5.770256E+3
7.417654E+2	5.860829E+3
7.420156E+2	5.958649E+3
7.422657E+2	6.066917E+3
7.425159E+2	6.181387E+3
7.427660E+2	6.292338E+3
7.430161E+2	6.392217E+3
7.432662E+2	6.480884E+3
7.435164E+2	6.577463E+3
7.437665E+2	6.724267E+3
7.440165E+2	6.917523E+3
7.442666E+2	7.117993E+3
7.445167E+2	7.311534E+3
7.447668E+2	7.465485E+3
7.450168E+2	7.594731E+3
7.452669E+2	7.709086E+3
7.455169E+2	7.812758E+3
7.457669E+2	7.909523E+3
7.460170E+2	8.004146E+3
7.462670E+2	8.102895E+3
7.465170E+2	8.205463E+3
7.467670E+2	8.314037E+3
7.470170E+2	8.437403E+3
7.472670E+2	8.584693E+3
7.475169E+2	8.760999E+3
7.477669E+2	8.940868E+3
7.480168E+2	9.117010E+3
7.482668E+2	9.285966E+3
7.485167E+2	9.437070E+3
7.487666E+2	9.561250E+3
7.490166E+2	9.651720E+3
7.492665E+2	9.716939E+3
7.495164E+2	9.768021E+3
7.497663E+2	9.807059E+3
7.500161E+2	9.841283E+3
7.502660E+2	9.872769E+3
7.505159E+2	9.907573E+3
7.507657E+2	9.947381E+3
7.510156E+2	9.987764E+3
7.512654E+2	1.002150E+4
7.515152E+2	1.004261E+4
7.517651E+2	1.005463E+4
7.520149E+2	1.006674E+4
7.522647E+2	1.008770E+4
7.525145E+2	1.012367E+4
7.527643E+2	1.017105E+4
7.530140E+2	1.022249E+4
7.532638E+2	1.026805E+4
7.535136E+2	1.030027E+4
7.537633E+2	1.032255E+4
7.540131E+2	1.034578E+4
7.542628E+2	1.037899E+4
7.545125E+2	1.042304E+4
7.547622E+2	1.047304E+4
7.550119E+2	1.051968E+4
7.552616E+2	1.055598E+4
7.555113E+2	1.058096E+4
7.557610E+2	1.059447E+4
7.560107E+2	1.059444E+4
7.562603E+2	1.058765E+4
7.565100E+2	1.057403E+4
7.567596E+2	1.055935E+4
7.570093E+2	1.053416E+4
7.572589E+2	1.049038E+4
7.575085E+2	1.042406E+4
7.577581E+2	1.034033E+4
7.580077E+2	1.025108E+4
7.582573E+2	1.016599E+4
7.585069E+2	1.008349E+4
7.587565E+2	9.985540E+3
7.590060E+2	9.831578E+3
7.592556E+2	9.629283E+3
7.595051E+2	9.418660E+3
7.597547E+2	9.216665E+3
7.600042E+2	9.053556E+3
7.602537E+2	8.915097E+3
7.605032E+2	8.792518E+3
7.607527E+2	8.682704E+3
7.610022E+2	8.581950E+3
7.612517E+2	8.485015E+3
7.615012E+2	8.387676E+3
7.617507E+2	8.289966E+3
7.620001E+2	8.189217E+3
7.622496E+2	8.074824E+3
7.624990E+2	7.935966E+3
7.627485E+2	7.765879E+3
7.629979E+2	7.588278E+3
7.632473E+2	7.413726E+3
7.634967E+2	7.246769E+3
7.637461E+2	7.097627E+3
7.639955E+2	6.976939E+3
7.642449E+2	6.889152E+3
7.644942E+2	6.822611E+3
7.647436E+2	6.763272E+3
7.649930E+2	6.707447E+3
7.652423E+2	6.654786E+3
7.654916E+2	6.608359E+3
7.657410E+2	6.565431E+3
7.659903E+2	6.522425E+3
7.662396E+2	6.474288E+3
7.664889E+2	6.418857E+3
7.667382E+2	6.358409E+3
7.669875E+2	6.295496E+3
7.672367E+2	6.227988E+3
7.674860E+2	6.152392E+3
7.677353E+2	6.067972E+3
7.679845E+2	5.977720E+3
7.682337E+2	5.885256E+3
7.684830E+2	5.794267E+3
7.687322E+2	5.708534E+3
7.689814E+2	5.623890E+3
7.692306E+2	5.532518E+3
7.694798E+2	5.427764E+3
7.697290E+2	5.308753E+3
7.699782E+2	5.179676E+3
7.702273E+2	5.046851E+3
7.704765E+2	4.917966E+3
7.707256E+2	4.791988E+3
7.709748E+2	4.672627E+3
7.712239E+2	4.565414E+3
7.714730E+2	4.474698E+3
7.717222E+2	4.402409E+3
7.719713E+2	4.340305E+3
7.722204E+2	4.288458E+3
7.724694E+2	4.249502E+3
7.727185E+2	4.224709E+3
7.729676E+2	4.214075E+3
7.732167E+2	4.215272E+3
7.734657E+2	4.223611E+3
7.737147E+2	4.238512E+3
7.739638E+2	4.259015E+3
7.742128E+2	4.281829E+3
7.744618E+2	4.301791E+3
7.747108E+2	4.318676E+3
7.749598E+2	4.330332E+3
7.752088E+2	4.338392E+3
7.754578E+2	4.344600E+3
7.757068E+2	4.347458E+3
7.759557E+2	4.346704E+3
7.762047E+2	4.341786E+3
7.764536E+2	4.331999E+3
7.767026E+2	4.316097E+3
7.769515E+2	4.293726E+3
7.772004E+2	4.265245E+3
7.774493E+2	4.234081E+3
7.776982E+2	4.199769E+3
7.779471E+2	4.164988E+3
7.781960E+2	4.130890E+3
7.784449E+2	4.095376E+3
7.786938E+2	4.058627E+3
7.789426E+2	4.021174E+3
7.791915E+2	3.980731E+3
7.794403E+2	3.939103E+3
7.796891E+2	3.896103E+3
7.799380E+2	3.852704E+3
7.801868E+2	3.812053E+3
7.804356E+2	3.771545E+3
7.806844E+2	3.731928E+3
7.809332E+2	3.693256E+3
7.811819E+2	3.655611E+3
7.814307E+2	3.619638E+3
7.816795E+2	3.587676E+3
7.819282E+2	3.560288E+3
7.821770E+2	3.536310E+3
7.824257E+2	3.516808E+3
7.826744E+2	3.500523E+3
7.829231E+2	3.486157E+3
7.831718E+2	3.473704E+3
7.834205E+2	3.463420E+3
7.836692E+2	3.455840E+3
7.839179E+2	3.449261E+3
7.841666E+2	3.443769E+3
7.844152E+2	3.436196E+3
7.846639E+2	3.425567E+3
7.849125E+2	3.411026E+3
7.851612E+2	3.392622E+3
7.854098E+2	3.372431E+3
7.856584E+2	3.349075E+3
7.859070E+2	3.323474E+3
7.861556E+2	3.293600E+3
7.864042E+2	3.258250E+3
7.866528E+2	3.217452E+3
7.869014E+2	3.171540E+3
7.871499E+2	3.124403E+3
7.873985E+2	3.078370E+3
7.876470E+2	3.030758E+3
7.878956E+2	2.982152E+3
7.881441E+2	2.931387E+3
7.883926E+2	2.878414E+3
7.886411E+2	2.825370E+3
7.888896E+2	2.774108E+3
7.891381E+2	2.724900E+3
7.893866E+2	2.679523E+3
7.896351E+2	2.637922E+3
7.898835E+2	2.600387E+3
7.901320E+2	2.566392E+3
7.903804E+2	2.536081E+3
7.906289E+2	2.507190E+3
7.908773E+2	2.481868E+3
7.911257E+2	2.458988E+3
7.913742E+2	2.438573E+3
7.916226E+2	2.421895E+3
7.918709E+2	2.408032E+3
7.921193E+2	2.396616E+3
7.923677E+2	2.387567E+3
7.926161E+2	2.379157E+3
7.928644E+2	2.371267E+3
7.931128E+2	2.361354E+3
7.933611E+2	2.349944E+3
7.936095E+2	2.337556E+3
7.938578E+2	2.323043E+3
7.941061E+2	2.307321E+3
7.943544E+2	2.290414E+3
7.946027E+2	2.271808E+3
7.948510E+2	2.253168E+3
7.950993E+2	2.235278E+3
7.953475E+2	2.218174E+3
7.955958E+2	2.202015E+3
7.958440E+2	2.186605E+3
7.960923E+2	2.172605E+3
7.963405E+2	2.158425E+3
7.965887E+2	2.143278E+3
7.968370E+2	2.127791E+3
7.970852E+2	2.111436E+3
7.973334E+2	2.092627E+3
7.975816E+2	2.071562E+3
7.978297E+2	2.050256E+3
7.980779E+2	2.028190E+3
7.983261E+2	2.004993E+3
7.985742E+2	1.982403E+3
7.988224E+2	1.960824E+3
7.990705E+2	1.941157E+3
7.993186E+2	1.923835E+3
7.995668E+2	1.909906E+3
7.998149E+2	1.898813E+3
8.000630E+2	1.892747E+3
8.003111E+2	1.890048E+3
8.005591E+2	1.890212E+3
8.008072E+2	1.894168E+3
8.010553E+2	1.898868E+3
8.013033E+2	1.905130E+3
8.015514E+2	1.912168E+3
8.017994E+2	1.918627E+3
8.020474E+2	1.924627E+3
8.022955E+2	1.929441E+3
8.025435E+2	1.932835E+3
8.027915E+2	1.935234E+3
8.030395E+2	1.936682E+3
8.032874E+2	1.937043E+3
8.035354E+2	1.937649E+3
8.037834E+2	1.938310E+3
8.040313E+2	1.939731E+3
8.042793E+2	1.942201E+3
8.045272E+2	1.946146E+3
8.047752E+2	1.951185E+3
8.050231E+2	1.957043E+3
8.052710E+2	1.964403E+3
8.055189E+2	1.973376E+3
8.057668E+2	1.985338E+3
8.060147E+2	1.999239E+3
8.062625E+2	2.015529E+3
8.065104E+2	2.033862E+3
8.067583E+2	2.054496E+3
8.070061E+2	2.078507E+3
8.072540E+2	2.105086E+3
8.075018E+2	2.134174E+3
8.077496E+2	2.165431E+3
8.079974E+2	2.198545E+3
8.082452E+2	2.234398E+3
8.084930E+2	2.269769E+3
8.087408E+2	2.306452E+3
8.089886E+2	2.344791E+3
8.092364E+2	2.384485E+3
8.094841E+2	2.425518E+3
8.097319E+2	2.469234E+3
8.099796E+2	2.514381E+3
8.102273E+2	2.561633E+3
8.104751E+2	2.611545E+3
8.107228E+2	2.663567E+3
8.109705E+2	2.718174E+3
8.112182E+2	2.776584E+3
8.114659E+2	2.839665E+3
8.117135E+2	2.907551E+3
8.119612E+2	2.978851E+3
8.122089E+2	3.052895E+3
8.124565E+2	3.131212E+3
8.127042E+2	3.210993E+3
8.129518E+2	3.290911E+3
8.131994E+2	3.366972E+3
8.134470E+2	3.438911E+3
8.136946E+2	3.503573E+3
8.139422E+2	3.557791E+3
8.141898E+2	3.601376E+3
8.144374E+2	3.633715E+3
8.146850E+2	3.655305E+3
8.149325E+2	3.668605E+3
8.151801E+2	3.674125E+3
8.154276E+2	3.674851E+3
8.156752E+2	3.672272E+3
8.159227E+2	3.667201E+3
8.161702E+2	3.661502E+3
8.164177E+2	3.655228E+3
8.166652E+2	3.647895E+3
8.169127E+2	3.641305E+3
8.171602E+2	3.634775E+3
8.174077E+2	3.629742E+3
8.176551E+2	3.626305E+3
8.179026E+2	3.625021E+3
8.181500E+2	3.625786E+3
8.183975E+2	3.630256E+3
8.186449E+2	3.637223E+3
8.188923E+2	3.648064E+3
8.191397E+2	3.663119E+3
8.193871E+2	3.681950E+3
8.196345E+2	3.704512E+3
8.198819E+2	3.731250E+3
8.201293E+2	3.762081E+3
8.203766E+2	3.794731E+3
8.206240E+2	3.827726E+3
8.208713E+2	3.860053E+3
8.211187E+2	3.889791E+3
8.213660E+2	3.916141E+3
8.216133E+2	3.936988E+3
8.218606E+2	3.951797E+3
8.221079E+2	3.960064E+3
8.223552E+2	3.960294E+3
8.226025E+2	3.952835E+3
8.228498E+2	3.938152E+3
8.230970E+2	3.917693E+3
8.233443E+2	3.891835E+3
8.235915E+2	3.862917E+3
8.238388E+2	3.829567E+3
8.240860E+2	3.792709E+3
8.243332E+2	3.752922E+3
8.245804E+2	3.710332E+3
8.248276E+2	3.663600E+3
8.250748E+2	3.614441E+3
8.253220E+2	3.561037E+3
8.255692E+2	3.503523E+3
8.258163E+2	3.441955E+3
8.260635E+2	3.375966E+3
8.263106E+2	3.303797E+3
8.265578E+2	3.225294E+3
8.268049E+2	3.141250E+3
8.270520E+2	3.051747E+3
8.272991E+2	2.957835E+3
8.275462E+2	2.859272E+3
8.277933E+2	2.758387E+3
8.280404E+2	2.655982E+3
8.282875E+2	2.556316E+3
8.285345E+2	2.460343E+3
8.287816E+2	2.370294E+3
8.290287E+2	2.290190E+3
8.292757E+2	2.220272E+3
8.295227E+2	2.160474E+3
8.297697E+2	2.110857E+3
8.300168E+2	2.069993E+3
8.302638E+2	2.035589E+3
8.305107E+2	2.006064E+3
8.307577E+2	1.979594E+3
8.310047E+2	1.954933E+3
8.312517E+2	1.931671E+3
8.314986E+2	1.909103E+3
8.317456E+2	1.887682E+3
8.319925E+2	1.866693E+3
8.322394E+2	1.846130E+3
8.324864E+2	1.824972E+3
8.327333E+2	1.803638E+3
8.329802E+2	1.781201E+3
8.332271E+2	1.757687E+3
8.334740E+2	1.731168E+3
8.337208E+2	1.702491E+3
8.339677E+2	1.670791E+3
8.342146E+2	1.634649E+3
8.344614E+2	1.594179E+3
8.347082E+2	1.549261E+3
8.349551E+2	1.499824E+3
8.352019E+2	1.445048E+3
8.354487E+2	1.386928E+3
8.356955E+2	1.326228E+3
8.359423E+2	1.263075E+3
8.361891E+2	1.199764E+3
8.364359E+2	1.136179E+3
8.366826E+2	1.075474E+3
8.369294E+2	1.017114E+3
8.371761E+2	9.617966E+2
8.374229E+2	9.115016E+2
8.376696E+2	8.657639E+2
8.379163E+2	8.243649E+2
8.381630E+2	7.870644E+2
8.384097E+2	7.538458E+2
8.386564E+2	7.244414E+2
8.389031E+2	6.984141E+2
8.391498E+2	6.751245E+2
8.393965E+2	6.543649E+2
8.396431E+2	6.356710E+2
8.398898E+2	6.195179E+2
8.401364E+2	6.044578E+2
8.403830E+2	5.909606E+2
8.406297E+2	5.779387E+2
8.408763E+2	5.658185E+2
8.411229E+2	5.542393E+2
8.413695E+2	5.436546E+2
8.416161E+2	5.337802E+2
8.418626E+2	5.242994E+2
8.421092E+2	5.147912E+2
8.423558E+2	5.054196E+2
8.426023E+2	4.960098E+2
8.428489E+2	4.872393E+2
8.430954E+2	4.782666E+2
8.433419E+2	4.699169E+2
8.435884E+2	4.612666E+2
8.438349E+2	4.532065E+2
8.440814E+2	4.451955E+2
8.443279E+2	4.372939E+2
8.445744E+2	4.297311E+2
8.448208E+2	4.224360E+2
8.450673E+2	4.146819E+2
8.453138E+2	4.065835E+2
8.455602E+2	3.983813E+2
8.458066E+2	3.902393E+2
8.460530E+2	3.814305E+2
8.462995E+2	3.728895E+2
8.465459E+2	3.641573E+2
8.467923E+2	3.549934E+2
8.470386E+2	3.455398E+2
8.472850E+2	3.361737E+2
8.475314E+2	3.269551E+2
8.477777E+2	3.176382E+2
8.480241E+2	3.084251E+2
8.482704E+2	2.987639E+2
8.485168E+2	2.894852E+2
8.487631E+2	2.799715E+2
8.490094E+2	2.700753E+2
8.492557E+2	2.605070E+2
8.495020E+2	2.511409E+2
8.497483E+2	2.418076E+2
8.499946E+2	2.324797E+2
8.502408E+2	2.239660E+2
8.504871E+2	2.150098E+2
8.507333E+2	2.065507E+2
8.509796E+2	1.980043E+2
8.512258E+2	1.894251E+2
8.514720E+2	1.815343E+2
8.517182E+2	1.733485E+2
8.519644E+2	1.657529E+2
8.522106E+2	1.582393E+2
8.524568E+2	1.508240E+2
8.527030E+2	1.437857E+2
8.529492E+2	1.372502E+2
8.531953E+2	1.308786E+2
8.534415E+2	1.246436E+2
8.536876E+2	1.183376E+2
8.539337E+2	1.126108E+2
8.541799E+2	1.072884E+2
8.544260E+2	1.022010E+2
8.546721E+2	9.780757E+1
8.549182E+2	9.308079E+1
8.551643E+2	8.881850E+1
8.554103E+2	8.458899E+1
8.556564E+2	8.071467E+1
8.559024E+2	7.725019E+1
8.561485E+2	7.392778E+1
8.563945E+2	7.073653E+1
8.566406E+2	6.762177E+1
8.568866E+2	6.473653E+1
8.571326E+2	6.209172E+1
8.573786E+2	5.950702E+1
8.576246E+2	5.761084E+1
8.578706E+2	5.533216E+1
8.581166E+2	5.369828E+1
8.583625E+2	5.211358E+1
8.586085E+2	5.085128E+1
8.588544E+2	4.904254E+1
8.591004E+2	4.762177E+1
8.593463E+2	4.619554E+1
8.595922E+2	4.487314E+1
8.598381E+2	4.334855E+1
8.600840E+2	4.188407E+1
8.603299E+2	4.085128E+1
8.605758E+2	3.947423E+1
8.608217E+2	3.809718E+1
8.610675E+2	3.724472E+1
8.613134E+2	3.597150E+1
8.615592E+2	3.467095E+1
8.618051E+2	3.332123E+1
8.620509E+2	3.207533E+1
8.622967E+2	3.106440E+1
8.625425E+2	3.015729E+1
8.627883E+2	2.856713E+1
8.630341E+2	2.733216E+1
8.632799E+2	2.625565E+1
8.635257E+2	2.538134E+1
8.637715E+2	2.420101E+1
8.640172E+2	2.331030E+1
8.642630E+2	2.251795E+1
8.645087E+2	2.156713E+1
8.647544E+2	2.067095E+1
8.650001E+2	1.988407E+1
8.652459E+2	1.885675E+1
8.654916E+2	1.828298E+1
8.657372E+2	1.751795E+1
8.659829E+2	1.709172E+1
8.662286E+2	1.658899E+1
8.664743E+2	1.597150E+1
8.667199E+2	1.565456E+1
8.669656E+2	1.515729E+1
8.672112E+2	1.478571E+1
8.674568E+2	1.450156E+1
8.677024E+2	1.422833E+1
8.679481E+2	1.387860E+1
8.681937E+2	1.374746E+1
8.684392E+2	1.358352E+1
8.686848E+2	1.360538E+1
8.689304E+2	1.349063E+1
8.691760E+2	1.334309E+1
8.694215E+2	1.337587E+1
8.696671E+2	1.292778E+1
8.699126E+2	1.287314E+1
8.701581E+2	1.290593E+1
8.704036E+2	1.289500E+1
8.706491E+2	1.283489E+1
8.708946E+2	1.239227E+1
8.711401E+2	1.221194E+1
8.713856E+2	1.212997E+1
8.716311E+2	1.230483E+1
8.718766E+2	1.212451E+1
8.721220E+2	1.194964E+1
8.723674E+2	1.185675E+1
8.726129E+2	1.153981E+1
8.728583E+2	1.152341E+1
8.731037E+2	1.132123E+1
8.733491E+2	1.096057E+1
8.735945E+2	1.074199E+1
8.738399E+2	1.091139E+1
8.740853E+2	1.099882E+1
8.743307E+2	1.101522E+1
8.745760E+2	1.079117E+1
8.748214E+2	1.068735E+1
8.750667E+2	1.090593E+1
8.753121E+2	1.057259E+1
8.755574E+2	1.056713E+1
8.758027E+2	1.052888E+1
8.760480E+2	1.038680E+1
8.762933E+2	1.021740E+1
8.765386E+2	1.005893E+1
8.767839E+2	9.944178E+0
8.770291E+2	9.878604E+0
8.772744E+2	9.561665E+0
8.775196E+2	9.321227E+0
8.777649E+2	9.304834E+0
8.780101E+2	9.408659E+0
8.782553E+2	9.381337E+0
8.785006E+2	9.266583E+0
8.787458E+2	9.430517E+0
8.789910E+2	9.370408E+0
8.792361E+2	9.375872E+0
8.794813E+2	9.485162E+0
8.797265E+2	9.430517E+0
8.799717E+2	9.441446E+0
8.802168E+2	9.523413E+0
8.804619E+2	9.446910E+0
8.807071E+2	9.201009E+0
8.809522E+2	9.386801E+0
8.811973E+2	9.277512E+0
8.814424E+2	9.217402E+0
8.816875E+2	9.272047E+0
8.819326E+2	9.354014E+0
8.821777E+2	9.157293E+0
8.824227E+2	9.009752E+0
8.826678E+2	8.998823E+0
8.829128E+2	9.102648E+0
8.831579E+2	8.982430E+0
8.834029E+2	9.086255E+0
8.836479E+2	8.823960E+0
8.838929E+2	8.862211E+0
8.841379E+2	8.966036E+0
8.843829E+2	8.780244E+0
8.846279E+2	8.752921E+0
8.848729E+2	8.736528E+0
8.851179E+2	8.534342E+0
8.853628E+2	8.310298E+0
8.856078E+2	8.321227E+0
8.858527E+2	8.621774E+0
8.860976E+2	8.752921E+0
8.863425E+2	8.681883E+0
8.865875E+2	8.282976E+0
8.868324E+2	7.894998E+0
8.870772E+2	7.709206E+0
8.873221E+2	7.823960E+0
8.875670E+2	7.813031E+0
8.878119E+2	7.687348E+0
8.880567E+2	7.884069E+0
8.883016E+2	8.058932E+0
8.885464E+2	8.015216E+0
8.887912E+2	8.135435E+0
8.890360E+2	8.004288E+0
8.892809E+2	7.818495E+0
8.895257E+2	7.813031E+0
8.897704E+2	7.654561E+0
8.900152E+2	7.310298E+0
8.902600E+2	7.370408E+0
8.905048E+2	7.463304E+0
8.907495E+2	7.397730E+0
8.909943E+2	7.195544E+0
8.912390E+2	7.173686E+0
8.914837E+2	7.190080E+0
8.917284E+2	7.512484E+0
8.919731E+2	7.425053E+0
8.922178E+2	7.332156E+0
8.924625E+2	7.359479E+0
8.927072E+2	7.425053E+0
8.929519E+2	7.195544E+0
8.931965E+2	7.217402E+0
8.934412E+2	7.179151E+0
8.936858E+2	7.053468E+0
8.939305E+2	7.064397E+0
8.941751E+2	7.053468E+0
8.944197E+2	7.058932E+0
8.946643E+2	6.862211E+0
8.949089E+2	6.802102E+0
8.951535E+2	6.446910E+0
8.953981E+2	6.354014E+0
8.956426E+2	6.348550E+0
8.958872E+2	6.146364E+0
8.961317E+2	6.042539E+0
8.963763E+2	6.069861E+0
8.966208E+2	5.905927E+0
8.968653E+2	5.889533E+0
8.971098E+2	5.927785E+0
8.973543E+2	5.884069E+0
8.975988E+2	5.807566E+0
8.978433E+2	5.660025E+0
8.980878E+2	5.468768E+0
8.983323E+2	5.381337E+0
8.985767E+2	5.463304E+0
8.988212E+2	5.457839E+0
8.990656E+2	5.523413E+0
8.993100E+2	5.687348E+0
8.995545E+2	5.796637E+0
8.997989E+2	5.660025E+0
9.000433E+2	5.638167E+0
9.002877E+2	5.507020E+0
9.005320E+2	5.572594E+0
9.007764E+2	5.610845E+0
9.010208E+2	5.425053E+0
9.012651E+2	5.359479E+0
9.015095E+2	5.457839E+0
9.017538E+2	5.654561E+0
9.019981E+2	5.938714E+0
9.022425E+2	6.058932E+0
9.024868E+2	6.190080E+0
9.027311E+2	6.321227E+0
9.029754E+2	5.987894E+0
9.032196E+2	5.774779E+0
9.034639E+2	5.747457E+0
9.037082E+2	5.425053E+0
9.039524E+2	5.545271E+0
9.041967E+2	5.386801E+0
9.044409E+2	5.594451E+0
9.046851E+2	5.955107E+0
9.049293E+2	6.244725E+0
9.051736E+2	6.129971E+0
9.054177E+2	5.933249E+0
9.056619E+2	5.731063E+0
9.059061E+2	5.851282E+0
9.061503E+2	5.867675E+0
9.063944E+2	5.884069E+0
9.066386E+2	5.610845E+0
9.068827E+2	5.758386E+0
9.071269E+2	5.763850E+0
9.073710E+2	5.698277E+0
9.076151E+2	5.714670E+0
9.078592E+2	6.048003E+0
9.081033E+2	6.048003E+0
9.083474E+2	6.190080E+0
9.085915E+2	6.135435E+0
9.088355E+2	6.348550E+0
9.090796E+2	6.266583E+0
9.093236E+2	6.343085E+0
9.095677E+2	6.616309E+0
9.098117E+2	6.507020E+0
9.100557E+2	6.927785E+0
9.102997E+2	7.048003E+0
9.105437E+2	7.184615E+0
9.107877E+2	7.261118E+0
9.110317E+2	7.419588E+0
9.112757E+2	7.053468E+0
9.115197E+2	7.004288E+0
9.117636E+2	6.998823E+0
9.120076E+2	7.124506E+0
9.122515E+2	6.998823E+0
9.124954E+2	6.878604E+0
9.127393E+2	7.135435E+0
9.129832E+2	7.397730E+0
9.132271E+2	7.468768E+0
9.134710E+2	7.545271E+0
9.137149E+2	7.627238E+0
9.139588E+2	7.610845E+0
9.142026E+2	7.545271E+0
9.144465E+2	7.517949E+0
9.146903E+2	7.512484E+0
9.149342E+2	7.403195E+0
9.151780E+2	7.605380E+0
9.154218E+2	7.829424E+0
9.156656E+2	7.725599E+0
9.159094E+2	7.894998E+0
9.161532E+2	7.791173E+0
9.163970E+2	7.720135E+0
9.166408E+2	7.851282E+0
9.168845E+2	7.933249E+0
9.171283E+2	7.987894E+0
9.173720E+2	7.894998E+0
9.176157E+2	7.944178E+0
9.178595E+2	8.173686E+0
9.181032E+2	8.206473E+0
9.183469E+2	8.042539E+0
9.185906E+2	8.332156E+0
9.188343E+2	8.228331E+0
9.190779E+2	8.364943E+0
9.193216E+2	8.217402E+0
9.195653E+2	7.938714E+0
9.198089E+2	7.731063E+0
9.200525E+2	7.709206E+0
9.202962E+2	7.698277E+0
9.205398E+2	7.944178E+0
9.207834E+2	8.004288E+0
9.210270E+2	7.933249E+0
9.212706E+2	8.080790E+0
9.215142E+2	8.184615E+0
9.217577E+2	8.031610E+0
9.220013E+2	8.211938E+0
9.222449E+2	8.080790E+0
9.224884E+2	8.211938E+0
9.227319E+2	8.064397E+0
9.229755E+2	8.108113E+0
9.232190E+2	7.796637E+0
9.234625E+2	8.004288E+0
9.237060E+2	7.834889E+0
9.239495E+2	8.129971E+0
9.241930E+2	7.900462E+0
9.244364E+2	7.780244E+0
9.246799E+2	7.900462E+0
9.249233E+2	7.681883E+0
9.251668E+2	7.703741E+0
9.254102E+2	7.457839E+0
9.256536E+2	7.517949E+0
9.258971E+2	7.594451E+0
9.261405E+2	8.053468E+0
9.263839E+2	8.233796E+0
9.266272E+2	8.250189E+0
9.268706E+2	8.146364E+0
9.271140E+2	8.332156E+0
9.273573E+2	8.463304E+0
9.276007E+2	8.479697E+0
9.278440E+2	8.463304E+0
9.280874E+2	8.211938E+0
9.283307E+2	8.250189E+0
9.285740E+2	8.184615E+0
9.288173E+2	8.184615E+0
9.290606E+2	8.048003E+0
9.293039E+2	7.955107E+0
9.295471E+2	8.124506E+0
9.297904E+2	8.479697E+0
9.300337E+2	8.561665E+0
9.302769E+2	8.315763E+0
9.305201E+2	8.266583E+0
9.307634E+2	8.108113E+0
9.310066E+2	8.326692E+0
9.312498E+2	8.550736E+0
9.314930E+2	8.419588E+0
9.317362E+2	8.364943E+0
9.319794E+2	8.075326E+0
9.322225E+2	8.299369E+0
9.324657E+2	8.222867E+0
9.327088E+2	8.124506E+0
9.329520E+2	8.069861E+0
9.331951E+2	8.523413E+0
9.334382E+2	8.299369E+0
9.336814E+2	8.173686E+0
9.339245E+2	7.971501E+0
9.341676E+2	7.791173E+0
9.344106E+2	8.053468E+0
9.346537E+2	7.944178E+0
9.348968E+2	8.173686E+0
9.351398E+2	8.277512E+0
9.353829E+2	8.184615E+0
9.356259E+2	7.900462E+0
9.358690E+2	8.080790E+0
9.361120E+2	8.102648E+0
9.363550E+2	8.015216E+0
9.365980E+2	8.135435E+0
9.368410E+2	8.037074E+0
9.370840E+2	8.282976E+0
9.373269E+2	7.993359E+0
9.375699E+2	7.818495E+0
9.378129E+2	7.621774E+0
9.380558E+2	7.845818E+0
9.382987E+2	7.714670E+0
9.385417E+2	7.545271E+0
9.387846E+2	7.239260E+0
9.390275E+2	7.403195E+0
9.392704E+2	7.419588E+0
9.395133E+2	7.616309E+0
9.397562E+2	7.676419E+0
9.399990E+2	7.665490E+0
9.402419E+2	7.856747E+0
9.404847E+2	7.785708E+0
9.407276E+2	7.862211E+0
9.409704E+2	7.769315E+0
9.412132E+2	7.638167E+0
9.414560E+2	7.856747E+0
9.416988E+2	7.829424E+0
9.419416E+2	7.802102E+0
9.421844E+2	7.665490E+0
9.424272E+2	7.501555E+0
9.426700E+2	7.195544E+0
9.429127E+2	7.266583E+0
9.431555E+2	7.184615E+0
9.433982E+2	7.124506E+0
9.436409E+2	6.796637E+0
9.438837E+2	6.987894E+0
9.441264E+2	7.086255E+0
9.443691E+2	6.955107E+0
9.446118E+2	6.807566E+0
9.448544E+2	6.752921E+0
9.450971E+2	6.807566E+0
9.453398E+2	6.987894E+0
9.455824E+2	7.228331E+0
9.458251E+2	7.354014E+0
9.460677E+2	7.272047E+0
9.463103E+2	7.534342E+0
9.465530E+2	7.288441E+0
9.467956E+2	7.310298E+0
9.470382E+2	7.097184E+0
9.472807E+2	7.206473E+0
9.475233E+2	7.009752E+0
9.477659E+2	7.009752E+0
9.480084E+2	6.676419E+0
9.482510E+2	6.769315E+0
9.484935E+2	6.976965E+0
9.487361E+2	7.113577E+0
9.489786E+2	7.414124E+0
9.492211E+2	7.321227E+0
9.494636E+2	7.507020E+0
9.497061E+2	7.326692E+0
9.499486E+2	7.272047E+0
9.501911E+2	7.315763E+0
9.504335E+2	7.397730E+0
9.506760E+2	7.184615E+0
9.509184E+2	6.993359E+0
9.511609E+2	7.119042E+0
9.514033E+2	7.097184E+0
9.516457E+2	7.162757E+0
9.518881E+2	7.151828E+0
9.521305E+2	7.261118E+0
9.523729E+2	7.425053E+0
9.526153E+2	7.785708E+0
9.528576E+2	7.670954E+0
9.531000E+2	7.638167E+0
9.533424E+2	7.922320E+0
9.535847E+2	7.758386E+0
9.538270E+2	7.572594E+0
9.540694E+2	7.435982E+0
9.543117E+2	7.135435E+0
9.545540E+2	7.140900E+0
9.547963E+2	7.037074E+0
9.550386E+2	7.053468E+0
9.552808E+2	7.015216E+0
9.555231E+2	6.971501E+0
9.557654E+2	6.736528E+0
9.560076E+2	6.878604E+0
9.562498E+2	6.621774E+0
9.564921E+2	6.731063E+0
9.567343E+2	6.878604E+0
9.569765E+2	6.960572E+0
9.572187E+2	6.889533E+0
9.574609E+2	7.102648E+0
9.577031E+2	7.113577E+0
9.579452E+2	7.162757E+0
9.581874E+2	7.266583E+0
9.584296E+2	7.490626E+0
9.586717E+2	7.414124E+0
9.589138E+2	7.272047E+0
9.591560E+2	7.425053E+0
9.593981E+2	7.293905E+0
9.596402E+2	7.233796E+0
9.598823E+2	7.217402E+0
9.601244E+2	7.048003E+0
9.603664E+2	7.140900E+0
9.606085E+2	7.009752E+0
9.608506E+2	6.993359E+0
9.610926E+2	6.802102E+0
9.613347E+2	7.020681E+0
9.615767E+2	6.993359E+0
9.618187E+2	6.971501E+0
9.620607E+2	6.807566E+0
9.623027E+2	6.916856E+0
9.625447E+2	6.851282E+0
9.627867E+2	6.927785E+0
9.630287E+2	6.971501E+0
9.632706E+2	6.627238E+0
9.635126E+2	6.709206E+0
9.637545E+2	6.539807E+0
9.639965E+2	6.649096E+0
9.642384E+2	6.654561E+0
9.644803E+2	6.599916E+0
9.647222E+2	6.599916E+0
9.649641E+2	6.616309E+0
9.652060E+2	6.649096E+0
9.654479E+2	6.851282E+0
9.656897E+2	6.867675E+0
9.659316E+2	6.599916E+0
9.661734E+2	6.501555E+0
9.664153E+2	6.441446E+0
9.666571E+2	6.419588E+0
9.668989E+2	6.665490E+0
9.671408E+2	6.758386E+0
9.673826E+2	6.457839E+0
9.676243E+2	6.643632E+0
9.678661E+2	6.720135E+0
9.681079E+2	6.763850E+0
9.683497E+2	6.878604E+0
9.685914E+2	6.971501E+0
9.688332E+2	7.031610E+0
9.690749E+2	7.250189E+0
9.693166E+2	7.408659E+0
9.695583E+2	7.517949E+0
9.698001E+2	7.523413E+0
9.700417E+2	7.408659E+0
9.702834E+2	7.266583E+0
9.705251E+2	7.397730E+0
9.707668E+2	7.261118E+0
9.710084E+2	7.337621E+0
9.712501E+2	7.332156E+0
9.714917E+2	7.282976E+0
9.717334E+2	7.337621E+0
9.719750E+2	7.605380E+0
9.722166E+2	7.496091E+0
9.724582E+2	7.736528E+0
9.726998E+2	7.736528E+0
9.729414E+2	7.649096E+0
9.731830E+2	7.512484E+0
9.734245E+2	7.375872E+0
9.736661E+2	7.375872E+0
9.739076E+2	7.392266E+0
9.741492E+2	7.337621E+0
9.743907E+2	7.299369E+0
9.746322E+2	7.386801E+0
9.748737E+2	7.430517E+0
9.751152E+2	7.632703E+0
9.753567E+2	7.676419E+0
9.755982E+2	7.578058E+0
9.758396E+2	7.479697E+0
9.760811E+2	7.539807E+0
9.763226E+2	7.665490E+0
9.765640E+2	7.731063E+0
9.768054E+2	7.616309E+0
9.770468E+2	7.605380E+0
9.772883E+2	7.763850E+0
9.775297E+2	7.709206E+0
9.777711E+2	7.539807E+0
9.780124E+2	7.676419E+0
9.782538E+2	7.556200E+0
9.784952E+2	7.463304E+0
9.787365E+2	7.266583E+0
9.789779E+2	7.190080E+0
9.792192E+2	7.348550E+0
9.794605E+2	7.403195E+0
9.797019E+2	7.496091E+0
9.799432E+2	7.479697E+0
9.801845E+2	7.233796E+0
9.804257E+2	7.435982E+0
9.806670E+2	7.545271E+0
9.809083E+2	7.588987E+0
9.811496E+2	7.709206E+0
9.813908E+2	7.435982E+0
9.816320E+2	7.332156E+0
9.818733E+2	7.190080E+0
9.821145E+2	7.304834E+0
9.823557E+2	7.457839E+0
9.825969E+2	7.490626E+0
9.828381E+2	7.452375E+0
9.830793E+2	7.894998E+0
9.833205E+2	7.944178E+0
9.835616E+2	8.140900E+0
9.838028E+2	7.933249E+0
9.840439E+2	7.785708E+0
9.842851E+2	7.545271E+0
9.845262E+2	7.578058E+0
9.847673E+2	7.823960E+0
9.850084E+2	7.944178E+0
9.852495E+2	8.184615E+0
9.854906E+2	8.168222E+0
9.857317E+2	8.091719E+0
9.859727E+2	8.168222E+0
9.862138E+2	8.075326E+0
9.864549E+2	8.201009E+0
9.866959E+2	7.889533E+0
9.869369E+2	8.184615E+0
9.871779E+2	7.867675E+0
9.874190E+2	7.780244E+0
9.876600E+2	7.862211E+0
9.879010E+2	7.982430E+0
9.881419E+2	8.157293E+0
9.883829E+2	8.370408E+0
9.886239E+2	8.162757E+0
9.888648E+2	8.282976E+0
9.891058E+2	8.539807E+0
9.893467E+2	8.463304E+0
9.895876E+2	8.403195E+0
9.898285E+2	7.998823E+0
9.900695E+2	7.916856E+0
9.903104E+2	7.944178E+0
9.905512E+2	8.080790E+0
9.907921E+2	7.944178E+0
9.910330E+2	7.993359E+0
9.912738E+2	8.015216E+0
9.915147E+2	8.435982E+0
9.917555E+2	8.616309E+0
9.919964E+2	8.654561E+0
9.922372E+2	8.769315E+0
9.924780E+2	8.703741E+0
9.927188E+2	8.676419E+0
9.929596E+2	8.829424E+0
9.932004E+2	8.851282E+0
9.934411E+2	8.785708E+0
9.936819E+2	8.834889E+0
9.939227E+2	8.741992E+0
9.941634E+2	8.785708E+0
9.944041E+2	8.747457E+0
9.946449E+2	8.807566E+0
9.948856E+2	8.971501E+0
9.951263E+2	8.785708E+0
9.953670E+2	8.933249E+0
9.956077E+2	8.905927E+0
9.958483E+2	9.064397E+0
9.960890E+2	9.151828E+0
9.963297E+2	8.993359E+0
9.965703E+2	8.949643E+0
9.968109E+2	9.053468E+0
9.970516E+2	8.818495E+0
9.972922E+2	8.687348E+0
9.975328E+2	8.736528E+0
9.977734E+2	8.430517E+0
9.980140E+2	8.255654E+0
9.982546E+2	8.004288E+0
9.984951E+2	8.211938E+0
9.987357E+2	7.884069E+0
9.989763E+2	8.211938E+0
9.992168E+2	8.266583E+0
9.994573E+2	8.244725E+0
9.996978E+2	8.157293E+0
9.999384E+2	7.993359E+0
1.000179E+3	7.944178E+0
1.000419E+3	8.053468E+0
1.000660E+3	7.955107E+0
1.000900E+3	8.162757E+0
1.001141E+3	7.987894E+0
1.001381E+3	8.244725E+0
1.001622E+3	8.211938E+0
1.001862E+3	8.392266E+0
1.002103E+3	8.616309E+0
1.002343E+3	8.572594E+0
1.002583E+3	8.665490E+0
1.002824E+3	8.496091E+0
1.003064E+3	8.605380E+0
1.003305E+3	8.709206E+0
1.003545E+3	8.599916E+0
1.003785E+3	8.490626E+0
1.004026E+3	8.610845E+0
1.004266E+3	8.960572E+0
1.004506E+3	8.982430E+0
1.004747E+3	9.053468E+0
1.004987E+3	9.119042E+0
1.005227E+3	9.146364E+0
1.005468E+3	9.097184E+0
1.005708E+3	8.922320E+0
1.005948E+3	8.851282E+0
1.006188E+3	8.703741E+0
1.006429E+3	8.725599E+0
1.006669E+3	8.741992E+0
1.006909E+3	8.681883E+0
1.007149E+3	8.922320E+0
1.007390E+3	9.239260E+0
1.007630E+3	9.201009E+0
1.007870E+3	8.987894E+0
1.008110E+3	9.064397E+0
1.008350E+3	9.108113E+0
1.008590E+3	9.113577E+0
1.008831E+3	9.157293E+0
1.009071E+3	9.146364E+0
1.009311E+3	9.184615E+0
1.009551E+3	9.135435E+0
1.009791E+3	9.157293E+0
1.010031E+3	9.195544E+0
1.010271E+3	9.233796E+0
1.010511E+3	9.009752E+0
1.010752E+3	9.151828E+0
1.010992E+3	9.217402E+0
1.011232E+3	9.392266E+0
1.011472E+3	9.381337E+0
1.011712E+3	9.315763E+0
1.011952E+3	9.354014E+0
1.012192E+3	9.168222E+0
1.012432E+3	9.004288E+0
1.012672E+3	8.971501E+0
1.012912E+3	9.299369E+0
1.013152E+3	9.211938E+0
1.013392E+3	9.485162E+0
1.013632E+3	9.299369E+0
1.013872E+3	9.468768E+0
1.014112E+3	9.512484E+0
1.014352E+3	9.714670E+0
1.014591E+3	9.791173E+0
1.014831E+3	9.845818E+0
1.015071E+3	9.791173E+0
1.015311E+3	9.818495E+0
1.015551E+3	9.709206E+0
1.015791E+3	9.785708E+0
1.016031E+3	9.823960E+0
1.016271E+3	9.840353E+0
1.016511E+3	9.780244E+0
1.016750E+3	9.681883E+0
1.016990E+3	9.528878E+0
1.017230E+3	9.534342E+0
1.017470E+3	9.578058E+0
1.017710E+3	9.610845E+0
1.017949E+3	9.747457E+0
1.018189E+3	1.003161E+1
1.018429E+3	9.731063E+0
1.018669E+3	9.621774E+0
1.018908E+3	9.419588E+0
1.019148E+3	9.539807E+0
1.019388E+3	9.419588E+0
1.019628E+3	9.534342E+0
1.019867E+3	9.414124E+0
1.020107E+3	9.594451E+0
1.020347E+3	9.490626E+0
1.020586E+3	9.228331E+0
1.020826E+3	9.113577E+0
1.021066E+3	8.780244E+0
1.021305E+3	8.698277E+0
1.021545E+3	8.840353E+0
1.021785E+3	8.588987E+0
1.022024E+3	8.354014E+0
1.022264E+3	8.321227E+0
1.022504E+3	8.446910E+0
1.022743E+3	8.692812E+0
1.022983E+3	8.621774E+0
1.023222E+3	8.578058E+0
1.023462E+3	8.490626E+0
1.023702E+3	8.452375E+0
1.023941E+3	8.403195E+0
1.024181E+3	8.507020E+0
1.024420E+3	8.714670E+0
1.024660E+3	8.763850E+0
1.024899E+3	8.741992E+0
1.025139E+3	8.731063E+0
1.025378E+3	8.654561E+0
1.025618E+3	8.588987E+0
1.025857E+3	8.501555E+0
1.026097E+3	8.354014E+0
1.026336E+3	8.250189E+0
1.026575E+3	8.299369E+0
1.026815E+3	8.419588E+0
1.027054E+3	8.556200E+0
1.027294E+3	8.785708E+0
1.027533E+3	8.709206E+0
1.027773E+3	8.807566E+0
1.028012E+3	8.922320E+0
1.028251E+3	9.190080E+0
1.028491E+3	9.042539E+0
1.028730E+3	8.911391E+0
1.028969E+3	8.676419E+0
1.029209E+3	8.676419E+0
1.029448E+3	8.752921E+0
1.029687E+3	8.823960E+0
1.029927E+3	8.752921E+0
1.030166E+3	8.687348E+0
1.030405E+3	8.660025E+0
1.030645E+3	8.435982E+0
1.030884E+3	8.354014E+0
1.031123E+3	8.343085E+0
1.031362E+3	8.441446E+0
1.031602E+3	8.676419E+0
1.031841E+3	8.523413E+0
1.032080E+3	8.703741E+0
1.032319E+3	8.452375E+0
1.032558E+3	8.282976E+0
1.032798E+3	8.113577E+0
1.033037E+3	8.217402E+0
1.033276E+3	8.080790E+0
1.033515E+3	8.026145E+0
1.033754E+3	7.665490E+0
1.033993E+3	7.780244E+0
1.034233E+3	7.616309E+0
1.034472E+3	7.676419E+0
1.034711E+3	7.818495E+0
1.034950E+3	8.140900E+0
1.035189E+3	8.190080E+0
1.035428E+3	7.927785E+0
1.035667E+3	8.053468E+0
1.035906E+3	8.097184E+0
1.036145E+3	8.184615E+0
1.036384E+3	8.468768E+0
1.036623E+3	8.670954E+0
1.036862E+3	8.681883E+0
1.037101E+3	8.703741E+0
1.037340E+3	8.419588E+0
1.037579E+3	8.386801E+0
1.037818E+3	8.381337E+0
1.038057E+3	7.998823E+0
1.038296E+3	7.971501E+0
1.038535E+3	8.004288E+0
1.038774E+3	8.031610E+0
1.039013E+3	7.807566E+0
1.039252E+3	7.670954E+0
1.039491E+3	7.676419E+0
1.039730E+3	7.834889E+0
1.039969E+3	8.097184E+0
1.040208E+3	8.031610E+0
1.040447E+3	8.026145E+0
1.040685E+3	8.135435E+0
1.040924E+3	8.190080E+0
1.041163E+3	8.146364E+0
1.041402E+3	7.933249E+0
1.041641E+3	8.026145E+0
1.041880E+3	7.731063E+0
1.042118E+3	7.670954E+0
1.042357E+3	7.670954E+0
1.042596E+3	7.632703E+0
1.042835E+3	7.119042E+0
1.043074E+3	6.955107E+0
1.043312E+3	6.933249E+0
1.043551E+3	7.020681E+0
1.043790E+3	7.244725E+0
1.044029E+3	7.315763E+0
1.044267E+3	7.184615E+0
1.044506E+3	7.304834E+0
1.044745E+3	7.332156E+0
1.044983E+3	7.539807E+0
1.045222E+3	7.796637E+0
1.045461E+3	7.720135E+0
1.045699E+3	7.736528E+0
1.045938E+3	7.610845E+0
1.046177E+3	7.168222E+0
1.046415E+3	7.250189E+0
1.046654E+3	7.009752E+0
1.046893E+3	7.102648E+0
1.047131E+3	7.277512E+0
1.047370E+3	7.457839E+0
1.047608E+3	7.588987E+0
1.047847E+3	7.780244E+0
1.048086E+3	7.741992E+0
1.048324E+3	8.140900E+0
1.048563E+3	8.206473E+0
1.048801E+3	8.135435E+0
1.049040E+3	8.097184E+0
1.049278E+3	7.747457E+0
1.049517E+3	7.681883E+0
1.049755E+3	7.862211E+0
1.049994E+3	8.168222E+0
1.050232E+3	8.370408E+0
1.050471E+3	8.261118E+0
1.050709E+3	8.004288E+0
1.050948E+3	7.900462E+0
1.051186E+3	7.982430E+0
1.051424E+3	8.026145E+0
1.051663E+3	8.053468E+0
1.051901E+3	7.916856E+0
1.052140E+3	8.048003E+0
1.052378E+3	8.102648E+0
1.052616E+3	8.403195E+0
1.052855E+3	8.364943E+0
1.053093E+3	8.468768E+0
1.053332E+3	8.288441E+0
1.053570E+3	8.425053E+0
1.053808E+3	8.496091E+0
1.054047E+3	8.501555E+0
1.054285E+3	8.408659E+0
1.054523E+3	8.321227E+0
1.054761E+3	8.435982E+0
1.055000E+3	8.354014E+0
1.055238E+3	8.190080E+0
1.055476E+3	8.239260E+0
1.055715E+3	8.211938E+0
1.055953E+3	8.184615E+0
1.056191E+3	8.048003E+0
1.056429E+3	8.272047E+0
1.056667E+3	8.255654E+0
1.056906E+3	8.414124E+0
1.057144E+3	8.244725E+0
1.057382E+3	8.354014E+0
1.057620E+3	8.517949E+0
1.057858E+3	8.375872E+0
1.058097E+3	8.386801E+0
1.058335E+3	8.124506E+0
1.058573E+3	8.151828E+0
1.058811E+3	8.310298E+0
1.059049E+3	8.572594E+0
1.059287E+3	8.512484E+0
1.059525E+3	8.337621E+0
1.059763E+3	8.102648E+0
1.060001E+3	8.031610E+0
1.060239E+3	8.069861E+0
1.060478E+3	8.031610E+0
1.060716E+3	8.211938E+0
1.060954E+3	8.337621E+0
1.061192E+3	8.550736E+0
1.061430E+3	8.507020E+0
1.061668E+3	8.162757E+0
1.061906E+3	8.031610E+0
1.062144E+3	7.944178E+0
1.062382E+3	7.763850E+0
1.062620E+3	7.889533E+0
1.062858E+3	7.583522E+0
1.063096E+3	7.272047E+0
1.063333E+3	7.277512E+0
1.063571E+3	7.222867E+0
1.063809E+3	7.206473E+0
1.064047E+3	7.086255E+0
1.064285E+3	7.206473E+0
1.064523E+3	7.124506E+0
1.064761E+3	7.091719E+0
1.064999E+3	7.239260E+0
1.065237E+3	7.233796E+0
1.065474E+3	7.184615E+0
1.065712E+3	7.031610E+0
1.065950E+3	6.807566E+0
1.066188E+3	6.780244E+0
1.066426E+3	7.162757E+0
1.066664E+3	7.184615E+0
1.066901E+3	7.179151E+0
1.067139E+3	7.053468E+0
1.067377E+3	7.124506E+0
1.067615E+3	6.998823E+0
1.067852E+3	7.080790E+0
1.068090E+3	6.851282E+0
1.068328E+3	6.774779E+0
1.068566E+3	6.698277E+0
1.068803E+3	6.517949E+0
1.069041E+3	6.261118E+0
1.069279E+3	6.255654E+0
1.069516E+3	6.261118E+0
1.069754E+3	6.315763E+0
1.069992E+3	6.168222E+0
1.070229E+3	6.179151E+0
1.070467E+3	6.326692E+0
1.070705E+3	6.337621E+0
1.070942E+3	6.151828E+0
1.071180E+3	5.911391E+0
1.071418E+3	5.545271E+0
1.071655E+3	5.539807E+0
1.071893E+3	5.523413E+0
1.072130E+3	5.490626E+0
1.072368E+3	5.796637E+0
1.072605E+3	5.599916E+0
1.072843E+3	5.419588E+0
1.073081E+3	5.211938E+0
1.073318E+3	5.140900E+0
1.073556E+3	5.015216E+0
1.073793E+3	5.004288E+0
1.074031E+3	5.053468E+0
1.074268E+3	4.987894E+0
1.074506E+3	5.315763E+0
1.074743E+3	5.299369E+0
1.074981E+3	5.452375E+0
1.075218E+3	5.747457E+0
1.075455E+3	5.665490E+0
1.075693E+3	5.545271E+0
1.075930E+3	5.359479E+0
1.076168E+3	5.315763E+0
1.076405E+3	5.332156E+0
1.076642E+3	5.337621E+0
1.076880E+3	5.534342E+0
1.077117E+3	5.321227E+0
1.077355E+3	5.359479E+0
1.077592E+3	5.539807E+0
1.077829E+3	5.599916E+0
1.078067E+3	5.665490E+0
1.078304E+3	5.692812E+0
1.078541E+3	5.840353E+0
1.078779E+3	5.976965E+0
1.079016E+3	6.162757E+0
1.079253E+3	5.998823E+0
1.079490E+3	5.731063E+0
1.079728E+3	5.829424E+0
1.079965E+3	5.665490E+0
1.080202E+3	5.610845E+0
1.080439E+3	5.758386E+0
1.080677E+3	5.638167E+0
1.080914E+3	5.534342E+0
1.081151E+3	5.381337E+0
1.081388E+3	5.332156E+0
1.081625E+3	5.605380E+0
1.081863E+3	5.326692E+0
1.082100E+3	5.343085E+0
1.082337E+3	5.299369E+0
1.082574E+3	5.386801E+0
1.082811E+3	5.375872E+0
1.083048E+3	5.381337E+0
1.083285E+3	5.315763E+0
1.083522E+3	5.282976E+0
1.083760E+3	5.375872E+0
1.083997E+3	5.474233E+0
1.084234E+3	5.599916E+0
1.084471E+3	5.911391E+0
1.084708E+3	5.796637E+0
1.084945E+3	5.720135E+0
1.085182E+3	5.627238E+0
1.085419E+3	5.813031E+0
1.085656E+3	6.184615E+0
1.085893E+3	6.414124E+0
1.086130E+3	6.545271E+0
1.086367E+3	6.785708E+0
1.086604E+3	6.687348E+0
1.086841E+3	6.632703E+0
1.087078E+3	6.785708E+0
1.087315E+3	6.993359E+0
1.087552E+3	7.162757E+0
1.087789E+3	7.222867E+0
1.088026E+3	6.873140E+0
1.088262E+3	6.938714E+0
1.088499E+3	6.960572E+0
1.088736E+3	7.157293E+0
1.088973E+3	6.938714E+0
1.089210E+3	6.911391E+0
1.089447E+3	6.747457E+0
1.089684E+3	6.528878E+0
1.089921E+3	6.474233E+0
1.090157E+3	6.649096E+0
1.090394E+3	6.758386E+0
1.090631E+3	6.971501E+0
1.090868E+3	6.867675E+0
1.091105E+3	6.845818E+0
1.091341E+3	6.670954E+0
1.091578E+3	6.758386E+0
1.091815E+3	6.752921E+0
1.092052E+3	6.818495E+0
1.092288E+3	6.736528E+0
1.092525E+3	6.703741E+0
1.092762E+3	6.474233E+0
1.092999E+3	6.332156E+0
1.093235E+3	5.998823E+0
1.093472E+3	5.616309E+0
1.093709E+3	5.534342E+0
1.093945E+3	5.638167E+0
1.094182E+3	5.539807E+0
1.094419E+3	5.643632E+0
1.094655E+3	5.638167E+0
1.094892E+3	5.736528E+0
1.095128E+3	5.894998E+0
1.095365E+3	5.867675E+0
1.095602E+3	5.834889E+0
1.095838E+3	5.834889E+0
1.096075E+3	5.594451E+0
1.096311E+3	5.818495E+0
1.096548E+3	5.747457E+0
1.096784E+3	5.725599E+0
1.097021E+3	5.834889E+0
1.097258E+3	5.670954E+0
1.097494E+3	5.556200E+0
1.097731E+3	5.752921E+0
1.097967E+3	5.873140E+0
1.098204E+3	5.616309E+0
1.098440E+3	5.381337E+0
1.098677E+3	5.272047E+0
1.098913E+3	5.124506E+0
1.099149E+3	5.217402E+0
1.099386E+3	5.206473E+0
1.099622E+3	5.386801E+0
1.099859E+3	5.190080E+0
1.100095E+3	5.048003E+0
1.100332E+3	5.015216E+0
1.100568E+3	5.048003E+0
1.100804E+3	4.993359E+0
1.101041E+3	5.053468E+0
1.101277E+3	5.042539E+0
1.101513E+3	4.862211E+0
1.101750E+3	4.703741E+0
1.101986E+3	4.654561E+0
1.102222E+3	4.687348E+0
1.102459E+3	4.873140E+0
1.102695E+3	4.807566E+0
1.102931E+3	4.572594E+0
1.103168E+3	4.403195E+0
1.103404E+3	4.539807E+0
1.103640E+3	4.550736E+0
1.103876E+3	4.758386E+0
1.104113E+3	4.884069E+0
1.104349E+3	4.818495E+0
1.104585E+3	4.720135E+0
1.104821E+3	4.736528E+0
1.105057E+3	4.780244E+0
1.105294E+3	4.834889E+0
1.105530E+3	5.026145E+0
1.105766E+3	5.097184E+0
1.106002E+3	4.971501E+0
1.106238E+3	5.255654E+0
1.106474E+3	5.250189E+0
1.106711E+3	5.261118E+0
1.106947E+3	5.151828E+0
1.107183E+3	5.272047E+0
1.107419E+3	5.184615E+0
1.107655E+3	5.244725E+0
1.107891E+3	5.654561E+0
1.108127E+3	1.185128E+1
1.108363E+3	7.184615E+0
1.108599E+3	-4.815385E+0
1.108835E+3	3.184615E+0
1.109071E+3	8.851282E+0
1.109307E+3	1.418462E+1
1.109543E+3	7.184615E+0
1.109779E+3	2.184615E+0
1.110015E+3	-1.482051E+0
1.110251E+3	3.184615E+0
1.110487E+3	1.451795E+1
1.110723E+3	6.851282E+0
1.110959E+3	1.718462E+1
1.111195E+3	1.318462E+1
1.111431E+3	4.184615E+0
1.111667E+3	8.517949E+0
1.111903E+3	5.184615E+0
1.112139E+3	5.851282E+0
1.112375E+3	7.851282E+0
1.112611E+3	1.518462E+1
1.112847E+3	8.517949E+0
1.113082E+3	-2.148718E+0
1.113318E+3	1.685128E+1
1.113554E+3	8.851282E+0
1.113790E+3	1.184615E+0
1.114026E+3	-4.148718E+0
1.114262E+3	-3.148718E+0
1.114497E+3	-2.482051E+0
1.114733E+3	1.851282E+0
1.114969E+3	1.785128E+1
