1.951292E+2	0.000000E+0
1.953960E+2	0.000000E+0
1.956629E+2	0.000000E+0
1.959298E+2	0.000000E+0
1.961966E+2	0.000000E+0
1.964635E+2	0.000000E+0
1.967303E+2	0.000000E+0
1.969972E+2	0.000000E+0
1.972640E+2	0.000000E+0
1.975308E+2	0.000000E+0
1.977977E+2	0.000000E+0
1.980645E+2	0.000000E+0
1.983313E+2	0.000000E+0
1.985981E+2	0.000000E+0
1.988649E+2	0.000000E+0
1.991316E+2	0.000000E+0
1.993984E+2	0.000000E+0
1.996652E+2	0.000000E+0
1.999320E+2	0.000000E+0
2.001987E+2	0.000000E+0
2.004655E+2	0.000000E+0
2.007322E+2	0.000000E+0
2.009989E+2	0.000000E+0
2.012657E+2	0.000000E+0
2.015324E+2	0.000000E+0
2.017991E+2	0.000000E+0
2.020658E+2	0.000000E+0
2.023325E+2	0.000000E+0
2.025992E+2	0.000000E+0
2.028659E+2	0.000000E+0
2.031326E+2	0.000000E+0
2.033992E+2	0.000000E+0
2.036659E+2	0.000000E+0
2.039325E+2	0.000000E+0
2.041992E+2	0.000000E+0
2.044658E+2	0.000000E+0
2.047325E+2	0.000000E+0
2.049991E+2	0.000000E+0
2.052657E+2	0.000000E+0
2.055323E+2	0.000000E+0
2.057989E+2	0.000000E+0
2.060655E+2	0.000000E+0
2.063321E+2	0.000000E+0
2.065987E+2	0.000000E+0
2.068653E+2	0.000000E+0
2.071319E+2	0.000000E+0
2.073984E+2	0.000000E+0
2.076650E+2	0.000000E+0
2.079315E+2	0.000000E+0
2.081981E+2	0.000000E+0
2.084646E+2	0.000000E+0
2.087311E+2	0.000000E+0
2.089977E+2	0.000000E+0
2.092642E+2	0.000000E+0
2.095307E+2	0.000000E+0
2.097972E+2	0.000000E+0
2.100637E+2	0.000000E+0
2.103302E+2	0.000000E+0
2.105966E+2	0.000000E+0
2.108631E+2	0.000000E+0
2.111296E+2	0.000000E+0
2.113960E+2	0.000000E+0
2.116625E+2	0.000000E+0
2.119289E+2	0.000000E+0
2.121954E+2	0.000000E+0
2.124618E+2	0.000000E+0
2.127282E+2	0.000000E+0
2.129946E+2	0.000000E+0
2.132610E+2	0.000000E+0
2.135274E+2	0.000000E+0
2.137938E+2	0.000000E+0
2.140602E+2	0.000000E+0
2.143266E+2	0.000000E+0
2.145930E+2	0.000000E+0
2.148593E+2	0.000000E+0
2.151257E+2	0.000000E+0
2.153920E+2	0.000000E+0
2.156584E+2	0.000000E+0
2.159247E+2	0.000000E+0
2.161910E+2	0.000000E+0
2.164574E+2	0.000000E+0
2.167237E+2	0.000000E+0
2.169900E+2	0.000000E+0
2.172563E+2	0.000000E+0
2.175226E+2	0.000000E+0
2.177889E+2	0.000000E+0
2.180551E+2	0.000000E+0
2.183214E+2	0.000000E+0
2.185877E+2	0.000000E+0
2.188539E+2	0.000000E+0
2.191202E+2	0.000000E+0
2.193864E+2	0.000000E+0
2.196527E+2	0.000000E+0
2.199189E+2	0.000000E+0
2.201851E+2	0.000000E+0
2.204513E+2	0.000000E+0
2.207175E+2	0.000000E+0
2.209837E+2	0.000000E+0
2.212499E+2	0.000000E+0
2.215161E+2	0.000000E+0
2.217823E+2	0.000000E+0
2.220485E+2	0.000000E+0
2.223146E+2	0.000000E+0
2.225808E+2	0.000000E+0
2.228469E+2	0.000000E+0
2.231131E+2	0.000000E+0
2.233792E+2	0.000000E+0
2.236453E+2	0.000000E+0
2.239115E+2	0.000000E+0
2.241776E+2	0.000000E+0
2.244437E+2	0.000000E+0
2.247098E+2	0.000000E+0
2.249759E+2	0.000000E+0
2.252420E+2	0.000000E+0
2.255080E+2	0.000000E+0
2.257741E+2	0.000000E+0
2.260402E+2	0.000000E+0
2.263062E+2	0.000000E+0
2.265723E+2	0.000000E+0
2.268383E+2	0.000000E+0
2.271044E+2	0.000000E+0
2.273704E+2	0.000000E+0
2.276364E+2	0.000000E+0
2.279024E+2	0.000000E+0
2.281684E+2	0.000000E+0
2.284344E+2	0.000000E+0
2.287004E+2	0.000000E+0
2.289664E+2	0.000000E+0
2.292324E+2	0.000000E+0
2.294984E+2	0.000000E+0
2.297643E+2	0.000000E+0
2.300303E+2	0.000000E+0
2.302962E+2	0.000000E+0
2.305622E+2	0.000000E+0
2.308281E+2	0.000000E+0
2.310940E+2	0.000000E+0
2.313599E+2	0.000000E+0
2.316259E+2	0.000000E+0
2.318918E+2	0.000000E+0
2.321577E+2	0.000000E+0
2.324236E+2	0.000000E+0
2.326894E+2	0.000000E+0
2.329553E+2	0.000000E+0
2.332212E+2	0.000000E+0
2.334871E+2	0.000000E+0
2.337529E+2	0.000000E+0
2.340188E+2	0.000000E+0
2.342846E+2	0.000000E+0
2.345504E+2	0.000000E+0
2.348163E+2	0.000000E+0
2.350821E+2	0.000000E+0
2.353479E+2	0.000000E+0
2.356137E+2	0.000000E+0
2.358795E+2	0.000000E+0
2.361453E+2	0.000000E+0
2.364111E+2	0.000000E+0
2.366769E+2	0.000000E+0
2.369426E+2	0.000000E+0
2.372084E+2	0.000000E+0
2.374741E+2	0.000000E+0
2.377399E+2	0.000000E+0
2.380056E+2	0.000000E+0
2.382714E+2	0.000000E+0
2.385371E+2	0.000000E+0
2.388028E+2	0.000000E+0
2.390685E+2	0.000000E+0
2.393342E+2	0.000000E+0
2.395999E+2	0.000000E+0
2.398656E+2	0.000000E+0
2.401313E+2	0.000000E+0
2.403970E+2	0.000000E+0
2.406626E+2	0.000000E+0
2.409283E+2	0.000000E+0
2.411940E+2	0.000000E+0
2.414596E+2	0.000000E+0
2.417252E+2	0.000000E+0
2.419909E+2	0.000000E+0
2.422565E+2	0.000000E+0
2.425221E+2	0.000000E+0
2.427877E+2	0.000000E+0
2.430533E+2	0.000000E+0
2.433189E+2	0.000000E+0
2.435845E+2	0.000000E+0
2.438501E+2	0.000000E+0
2.441157E+2	0.000000E+0
2.443812E+2	0.000000E+0
2.446468E+2	0.000000E+0
2.449124E+2	0.000000E+0
2.451779E+2	0.000000E+0
2.454434E+2	0.000000E+0
2.457090E+2	0.000000E+0
2.459745E+2	0.000000E+0
2.462400E+2	0.000000E+0
2.465055E+2	0.000000E+0
2.467710E+2	0.000000E+0
2.470365E+2	0.000000E+0
2.473020E+2	0.000000E+0
2.475675E+2	0.000000E+0
2.478330E+2	0.000000E+0
2.480984E+2	0.000000E+0
2.483639E+2	0.000000E+0
2.486294E+2	0.000000E+0
2.488948E+2	0.000000E+0
2.491602E+2	0.000000E+0
2.494257E+2	0.000000E+0
2.496911E+2	0.000000E+0
2.499565E+2	0.000000E+0
2.502219E+2	3.443548E+0
2.504873E+2	3.263220E+0
2.507527E+2	2.891635E+0
2.510181E+2	2.918958E+0
2.512835E+2	3.006389E+0
2.515489E+2	2.924422E+0
2.518142E+2	3.039176E+0
2.520796E+2	3.503657E+0
2.523449E+2	3.831526E+0
2.526103E+2	3.924422E+0
2.528756E+2	3.569231E+0
2.531409E+2	3.071963E+0
2.534063E+2	2.765952E+0
2.536716E+2	3.345187E+0
2.539369E+2	3.580160E+0
2.542022E+2	3.929887E+0
2.544675E+2	3.787810E+0
2.547328E+2	4.099285E+0
2.549980E+2	4.328794E+0
2.552633E+2	4.082892E+0
2.555286E+2	3.940815E+0
2.557938E+2	3.962673E+0
2.560591E+2	4.334258E+0
2.563243E+2	4.563766E+0
2.565896E+2	4.459941E+0
2.568548E+2	4.683985E+0
2.571200E+2	4.935351E+0
2.573852E+2	4.815132E+0
2.576504E+2	4.902564E+0
2.579156E+2	4.809668E+0
2.581808E+2	4.836990E+0
2.584460E+2	4.634805E+0
2.587112E+2	4.520050E+0
2.589763E+2	4.443548E+0
2.592415E+2	4.197646E+0
2.595067E+2	4.405296E+0
2.597718E+2	4.263220E+0
2.600369E+2	4.580160E+0
2.603021E+2	4.645734E+0
2.605672E+2	4.880706E+0
2.608323E+2	5.044641E+0
2.610974E+2	4.918958E+0
2.613625E+2	4.798739E+0
2.616276E+2	4.826061E+0
2.618927E+2	4.733165E+0
2.621578E+2	4.749559E+0
2.624229E+2	4.509121E+0
2.626880E+2	5.066499E+0
2.629530E+2	5.372509E+0
2.632181E+2	5.252291E+0
2.634831E+2	4.973602E+0
2.637482E+2	5.033712E+0
2.640132E+2	5.372509E+0
2.642782E+2	5.509121E+0
2.645432E+2	5.421690E+0
2.648082E+2	5.809668E+0
2.650732E+2	5.602018E+0
2.653382E+2	5.498193E+0
2.656032E+2	5.290542E+0
2.658682E+2	5.328794E+0
2.661332E+2	5.383438E+0
2.663981E+2	5.137537E+0
2.666631E+2	5.088356E+0
2.669281E+2	5.268684E+0
2.671930E+2	5.082892E+0
2.674579E+2	4.804203E+0
2.677229E+2	5.082892E+0
2.679878E+2	5.099285E+0
2.682527E+2	5.006389E+0
2.685176E+2	4.383438E+0
2.687825E+2	3.908029E+0
2.690474E+2	4.301471E+0
2.693123E+2	4.328794E+0
2.695772E+2	4.306936E+0
2.698420E+2	4.055570E+0
2.701069E+2	3.481799E+0
2.703718E+2	3.296007E+0
2.706366E+2	3.055570E+0
2.709014E+2	2.645734E+0
2.711663E+2	2.263220E+0
2.714311E+2	2.115679E+0
2.716959E+2	2.110214E+0
2.719607E+2	1.962673E+0
2.722255E+2	1.727701E+0
2.724903E+2	1.733165E+0
2.727551E+2	2.126608E+0
2.730199E+2	2.263220E+0
2.732847E+2	2.164859E+0
2.735495E+2	2.203111E+0
2.738142E+2	2.224968E+0
2.740790E+2	2.607482E+0
2.743437E+2	2.481799E+0
2.746085E+2	2.394367E+0
2.748732E+2	2.602018E+0
2.751379E+2	2.760488E+0
2.754026E+2	3.017318E+0
2.756674E+2	2.858848E+0
2.759321E+2	2.820597E+0
2.761968E+2	2.662127E+0
2.764614E+2	2.765952E+0
2.767261E+2	2.596553E+0
2.769908E+2	2.252291E+0
2.772555E+2	2.323329E+0
2.775201E+2	2.361580E+0
2.777848E+2	2.498193E+0
2.780494E+2	2.591089E+0
2.783141E+2	2.640269E+0
2.785787E+2	2.831526E+0
2.788433E+2	2.465406E+0
2.791079E+2	1.957209E+0
2.793725E+2	1.558302E+0
2.796371E+2	1.563766E+0
2.799017E+2	1.230433E+0
2.801663E+2	9.408155E-1
2.804309E+2	6.238756E-1
2.806955E+2	5.473728E-1
2.809600E+2	3.725095E-1
2.812246E+2	6.730559E-1
2.814891E+2	5.692308E-1
2.817537E+2	8.424548E-1
2.820182E+2	8.697772E-1
2.822827E+2	9.080286E-1
2.825473E+2	1.006389E+0
2.828118E+2	6.129466E-1
2.830763E+2	4.817991E-1
2.833408E+2	2.358974E-1
2.836053E+2	3.670450E-1
2.838697E+2	1.757881E-1
2.841342E+2	-1.575452E-1
2.843987E+2	-2.996217E-1
2.846632E+2	1.375368E-1
2.849276E+2	6.184111E-1
2.851921E+2	6.566625E-1
2.854565E+2	7.222362E-1
2.857209E+2	7.932745E-1
2.859853E+2	5.364439E-1
2.862498E+2	5.746953E-1
2.865142E+2	3.615805E-1
2.867786E+2	7.222362E-1
2.870430E+2	5.965532E-1
2.873074E+2	2.960067E-1
2.875717E+2	4.326187E-1
2.878361E+2	2.468264E-1
2.881005E+2	3.561160E-1
2.883648E+2	2.686843E-1
2.886292E+2	9.247583E-4
2.888935E+2	1.211433E-1
2.891579E+2	-1.575452E-1
2.894222E+2	-1.957966E-1
2.896865E+2	1.156789E-1
2.899508E+2	1.867171E-1
2.902151E+2	2.278268E-2
2.904794E+2	1.185372E-2
2.907437E+2	2.522909E-1
2.910080E+2	5.556957E-2
2.912723E+2	2.278268E-2
2.915366E+2	2.195040E-1
2.918008E+2	3.069357E-1
2.920651E+2	2.905422E-1
2.923293E+2	1.539302E-1
2.925936E+2	-8.650694E-2
2.928578E+2	-1.575452E-1
2.931220E+2	-2.722993E-1
2.933863E+2	-4.854140E-1
2.936505E+2	-3.324086E-1
2.939147E+2	-2.886927E-1
2.941789E+2	-3.761244E-1
2.944431E+2	-5.564523E-1
2.947072E+2	-5.564523E-1
2.949714E+2	-5.947037E-1
2.952356E+2	-1.903321E-1
2.954997E+2	3.397226E-1
2.957639E+2	2.796133E-1
2.960280E+2	6.402690E-1
2.962922E+2	7.495586E-1
2.965563E+2	6.293401E-1
2.968204E+2	2.686843E-1
2.970845E+2	-1.466162E-1
2.973486E+2	-6.110971E-1
2.976127E+2	-7.258512E-1
2.978768E+2	-7.367802E-1
2.981409E+2	-8.952501E-1
2.984050E+2	-1.348802E+0
2.986691E+2	-1.124758E+0
2.989331E+2	-8.296763E-1
2.991972E+2	-5.564523E-1
2.994612E+2	-3.870534E-1
2.997253E+2	-5.291299E-1
2.999893E+2	-2.559058E-1
3.002534E+2	7.196301E-2
3.005174E+2	6.389239E-3
3.007814E+2	-2.777638E-1
3.010454E+2	-3.160151E-1
3.013094E+2	-4.307692E-1
3.015734E+2	-3.378731E-1
3.018374E+2	-1.739386E-1
3.021013E+2	-5.372005E-2
3.023653E+2	3.615805E-1
3.026293E+2	3.233291E-1
3.028932E+2	1.921816E-1
3.031572E+2	5.746953E-1
3.034211E+2	9.080286E-1
3.036850E+2	1.115679E+0
3.039489E+2	1.503657E+0
3.042129E+2	1.689449E+0
3.044768E+2	1.787810E+0
3.047407E+2	1.782346E+0
3.050046E+2	1.705843E+0
3.052685E+2	1.804203E+0
3.055323E+2	1.913493E+0
3.057962E+2	1.640269E+0
3.060601E+2	1.869777E+0
3.063239E+2	1.722236E+0
3.065878E+2	1.716772E+0
3.068516E+2	1.405296E+0
3.071155E+2	1.547373E+0
3.073793E+2	1.623876E+0
3.076431E+2	1.296007E+0
3.079069E+2	1.296007E+0
3.081707E+2	1.623876E+0
3.084345E+2	1.897100E+0
3.086983E+2	2.028247E+0
3.089621E+2	2.268684E+0
3.092259E+2	2.372509E+0
3.094896E+2	2.449012E+0
3.097534E+2	2.044641E+0
3.100171E+2	2.082892E+0
3.102809E+2	1.869777E+0
3.105446E+2	1.765952E+0
3.108084E+2	1.716772E+0
3.110721E+2	1.820597E+0
3.113358E+2	1.908029E+0
3.115995E+2	1.580160E+0
3.118632E+2	1.323329E+0
3.121269E+2	1.323329E+0
3.123906E+2	1.159395E+0
3.126543E+2	1.290542E+0
3.129179E+2	1.459941E+0
3.131816E+2	1.744094E+0
3.134453E+2	1.733165E+0
3.137089E+2	1.536444E+0
3.139725E+2	1.399832E+0
3.142362E+2	1.192182E+0
3.144998E+2	1.159395E+0
3.147634E+2	1.033712E+0
3.150270E+2	1.290542E+0
3.152906E+2	1.465406E+0
3.155542E+2	1.918958E+0
3.158178E+2	2.055570E+0
3.160814E+2	1.689449E+0
3.163450E+2	1.678520E+0
3.166086E+2	2.055570E+0
3.168721E+2	2.252291E+0
3.171357E+2	2.061034E+0
3.173992E+2	1.831526E+0
3.176627E+2	1.689449E+0
3.179263E+2	1.640269E+0
3.181898E+2	1.580160E+0
3.184533E+2	1.377974E+0
3.187168E+2	1.673056E+0
3.189803E+2	1.421690E+0
3.192438E+2	9.298865E-1
3.195073E+2	1.017318E+0
3.197708E+2	1.241362E+0
3.200342E+2	1.055570E+0
3.202977E+2	1.093821E+0
3.205612E+2	1.197646E+0
3.208246E+2	1.618411E+0
3.210881E+2	1.645734E+0
3.213515E+2	1.809668E+0
3.216149E+2	1.798739E+0
3.218783E+2	1.908029E+0
3.221417E+2	1.727701E+0
3.224051E+2	1.618411E+0
3.226685E+2	1.268684E+0
3.229319E+2	1.246826E+0
3.231953E+2	1.153930E+0
3.234587E+2	8.369903E-1
3.237221E+2	5.692308E-1
3.239854E+2	5.965532E-1
3.242488E+2	5.145860E-1
3.245121E+2	3.371164E-2
3.247754E+2	-1.794031E-1
3.250388E+2	-8.650694E-2
3.253021E+2	9.928541E-2
3.255654E+2	3.014712E-1
3.258287E+2	8.533838E-1
3.260920E+2	6.348045E-1
3.263553E+2	8.807062E-1
3.266186E+2	7.495586E-1
3.268819E+2	7.878100E-1
3.271451E+2	7.277007E-1
3.274084E+2	6.184111E-1
3.276717E+2	9.080286E-1
3.279349E+2	1.421690E+0
3.281981E+2	1.235897E+0
3.284614E+2	1.503657E+0
3.287246E+2	1.744094E+0
3.289878E+2	1.913493E+0
3.292510E+2	1.984531E+0
3.295142E+2	2.498193E+0
3.297774E+2	2.973602E+0
3.300406E+2	3.328794E+0
3.303038E+2	3.427154E+0
3.305670E+2	3.858848E+0
3.308301E+2	3.951744E+0
3.310933E+2	3.929887E+0
3.313564E+2	3.492728E+0
3.316196E+2	3.126608E+0
3.318827E+2	3.044641E+0
3.321458E+2	3.317865E+0
3.324089E+2	3.416225E+0
3.326721E+2	3.252291E+0
3.329352E+2	3.263220E+0
3.331983E+2	3.170324E+0
3.334614E+2	3.711307E+0
3.337244E+2	3.935351E+0
3.339875E+2	3.809668E+0
3.342506E+2	3.826061E+0
3.345136E+2	4.077427E+0
3.347767E+2	3.705843E+0
3.350397E+2	3.623876E+0
3.353028E+2	4.033712E+0
3.355658E+2	3.815132E+0
3.358288E+2	3.842455E+0
3.360918E+2	3.858848E+0
3.363548E+2	3.842455E+0
3.366178E+2	3.798739E+0
3.368808E+2	3.520050E+0
3.371438E+2	3.186717E+0
3.374068E+2	2.858848E+0
3.376698E+2	3.039176E+0
3.379327E+2	2.979067E+0
3.381957E+2	2.645734E+0
3.384586E+2	2.388903E+0
3.387216E+2	2.853384E+0
3.389845E+2	2.935351E+0
3.392474E+2	3.055570E+0
3.395103E+2	3.175788E+0
3.397733E+2	3.449012E+0
3.400362E+2	3.224968E+0
3.402990E+2	2.897100E+0
3.405619E+2	3.235897E+0
3.408248E+2	3.328794E+0
3.410877E+2	2.984531E+0
3.413506E+2	3.192182E+0
3.416134E+2	2.798739E+0
3.418763E+2	2.367045E+0
3.421391E+2	2.345187E+0
3.424019E+2	2.186717E+0
3.426648E+2	2.421690E+0
3.429276E+2	2.727701E+0
3.431904E+2	2.962673E+0
3.434532E+2	2.864313E+0
3.437160E+2	2.776881E+0
3.439788E+2	2.552837E+0
3.442416E+2	2.591089E+0
3.445043E+2	2.602018E+0
3.447671E+2	2.361580E+0
3.450299E+2	2.438083E+0
3.452926E+2	2.181253E+0
3.455554E+2	1.831526E+0
3.458181E+2	1.492728E+0
3.460808E+2	9.408155E-1
3.463436E+2	1.509121E+0
3.466063E+2	1.203111E+0
3.468690E+2	1.039176E+0
3.471317E+2	7.714166E-1
3.473944E+2	1.033712E+0
3.476570E+2	1.323329E+0
3.479197E+2	1.487264E+0
3.481824E+2	1.334258E+0
3.484451E+2	1.339723E+0
3.487077E+2	1.427154E+0
3.489704E+2	1.257755E+0
3.492330E+2	1.388903E+0
3.494956E+2	1.197646E+0
3.497582E+2	9.954603E-1
3.500209E+2	9.244220E-1
3.502835E+2	1.088356E+0
3.505461E+2	8.205969E-1
3.508087E+2	1.219504E+0
3.510713E+2	1.241362E+0
3.513338E+2	1.296007E+0
3.515964E+2	1.361580E+0
3.518590E+2	1.099285E+0
3.521215E+2	1.099285E+0
3.523841E+2	9.408155E-1
3.526466E+2	9.626734E-1
3.529091E+2	1.323329E+0
3.531717E+2	1.481799E+0
3.534342E+2	2.170324E+0
3.536967E+2	2.334258E+0
3.539592E+2	2.301471E+0
3.542217E+2	2.454477E+0
3.544842E+2	2.902564E+0
3.547467E+2	2.591089E+0
3.550091E+2	2.782346E+0
3.552716E+2	2.738630E+0
3.555341E+2	3.099285E+0
3.557965E+2	2.968138E+0
3.560590E+2	3.492728E+0
3.563214E+2	4.044641E+0
3.565838E+2	3.897100E+0
3.568462E+2	4.017318E+0
3.571086E+2	4.214040E+0
3.573711E+2	4.192182E+0
3.576335E+2	4.623876E+0
3.578958E+2	4.569231E+0
3.581582E+2	4.339723E+0
3.584206E+2	4.126608E+0
3.586830E+2	4.224968E+0
3.589453E+2	3.869777E+0
3.592077E+2	3.410761E+0
3.594700E+2	3.580160E+0
3.597324E+2	3.591089E+0
3.599947E+2	3.525515E+0
3.602570E+2	3.809668E+0
3.605193E+2	3.656662E+0
3.607816E+2	3.880706E+0
3.610439E+2	4.388903E+0
3.613062E+2	4.580160E+0
3.615685E+2	4.503657E+0
3.618308E+2	4.798739E+0
3.620930E+2	5.214040E+0
3.623553E+2	4.864313E+0
3.626176E+2	5.088356E+0
3.628798E+2	5.290542E+0
3.631420E+2	5.312400E+0
3.634043E+2	5.175788E+0
3.636665E+2	5.274149E+0
3.639287E+2	5.088356E+0
3.641909E+2	5.044641E+0
3.644531E+2	5.164859E+0
3.647153E+2	4.908029E+0
3.649775E+2	4.793274E+0
3.652397E+2	5.306936E+0
3.655018E+2	5.061034E+0
3.657640E+2	5.224968E+0
3.660262E+2	5.678520E+0
3.662883E+2	5.563766E+0
3.665505E+2	5.629340E+0
3.668126E+2	5.077427E+0
3.670747E+2	5.050105E+0
3.673368E+2	4.612947E+0
3.675989E+2	4.459941E+0
3.678610E+2	4.520050E+0
3.681231E+2	4.612947E+0
3.683852E+2	4.935351E+0
3.686473E+2	5.132072E+0
3.689094E+2	5.061034E+0
3.691714E+2	4.908029E+0
3.694335E+2	4.328794E+0
3.696955E+2	3.913493E+0
3.699576E+2	3.995460E+0
3.702196E+2	4.044641E+0
3.704816E+2	4.121143E+0
3.707437E+2	3.940815E+0
3.710057E+2	3.711307E+0
3.712677E+2	3.995460E+0
3.715297E+2	3.449012E+0
3.717917E+2	3.607482E+0
3.720536E+2	3.377974E+0
3.723156E+2	3.246826E+0
3.725776E+2	3.574695E+0
3.728395E+2	3.918958E+0
3.731015E+2	3.897100E+0
3.733634E+2	3.749559E+0
3.736254E+2	3.465406E+0
3.738873E+2	3.558302E+0
3.741492E+2	3.858848E+0
3.744111E+2	4.279613E+0
3.746730E+2	4.317865E+0
3.749349E+2	4.765952E+0
3.751968E+2	4.929887E+0
3.754587E+2	4.733165E+0
3.757206E+2	4.656662E+0
3.759824E+2	4.454477E+0
3.762443E+2	4.197646E+0
3.765061E+2	4.203111E+0
3.767680E+2	4.033712E+0
3.770298E+2	3.541908E+0
3.772916E+2	3.345187E+0
3.775535E+2	3.470870E+0
3.778153E+2	3.301471E+0
3.780771E+2	3.197646E+0
3.783389E+2	3.192182E+0
3.786007E+2	3.104750E+0
3.788624E+2	3.006389E+0
3.791242E+2	3.006389E+0
3.793860E+2	3.192182E+0
3.796477E+2	3.011854E+0
3.799095E+2	3.192182E+0
3.801712E+2	3.224968E+0
3.804330E+2	3.121143E+0
3.806947E+2	3.137537E+0
3.809564E+2	3.514586E+0
3.812181E+2	3.279613E+0
3.814798E+2	3.197646E+0
3.817415E+2	3.372509E+0
3.820032E+2	3.427154E+0
3.822649E+2	3.421690E+0
3.825266E+2	3.296007E+0
3.827883E+2	3.602018E+0
3.830499E+2	3.711307E+0
3.833116E+2	3.667591E+0
3.835732E+2	3.924422E+0
3.838348E+2	3.968138E+0
3.840965E+2	3.864313E+0
3.843581E+2	3.798739E+0
3.846197E+2	3.607482E+0
3.848813E+2	3.498193E+0
3.851429E+2	3.596553E+0
3.854045E+2	3.509121E+0
3.856661E+2	3.651198E+0
3.859277E+2	3.858848E+0
3.861892E+2	3.804203E+0
3.864508E+2	3.602018E+0
3.867124E+2	3.607482E+0
3.869739E+2	3.547373E+0
3.872354E+2	3.705843E+0
3.874970E+2	4.438083E+0
3.877585E+2	4.498193E+0
3.880200E+2	4.443548E+0
3.882815E+2	4.634805E+0
3.885430E+2	4.525515E+0
3.888045E+2	4.159395E+0
3.890660E+2	4.241362E+0
3.893275E+2	3.793274E+0
3.895889E+2	4.066499E+0
3.898504E+2	4.241362E+0
3.901118E+2	4.492728E+0
3.903733E+2	4.640269E+0
3.906347E+2	4.377974E+0
3.908962E+2	4.203111E+0
3.911576E+2	4.416225E+0
3.914190E+2	4.574695E+0
3.916804E+2	4.629340E+0
3.919418E+2	4.847919E+0
3.922032E+2	4.842455E+0
3.924646E+2	4.656662E+0
3.927260E+2	4.683985E+0
3.929873E+2	4.410761E+0
3.932487E+2	4.246826E+0
3.935100E+2	3.962673E+0
3.937714E+2	3.995460E+0
3.940327E+2	3.946280E+0
3.942941E+2	4.000925E+0
3.945554E+2	4.104750E+0
3.948167E+2	3.995460E+0
3.950780E+2	4.203111E+0
3.953393E+2	4.148466E+0
3.956006E+2	4.044641E+0
3.958619E+2	3.962673E+0
3.961232E+2	3.864313E+0
3.963844E+2	3.804203E+0
3.966457E+2	4.044641E+0
3.969069E+2	4.039176E+0
3.971682E+2	3.858848E+0
3.974294E+2	4.050105E+0
3.976907E+2	3.995460E+0
3.979519E+2	3.634805E+0
3.982131E+2	3.618411E+0
3.984743E+2	3.869777E+0
3.987355E+2	3.962673E+0
3.989967E+2	3.886171E+0
3.992579E+2	3.869777E+0
3.995191E+2	3.722236E+0
3.997802E+2	3.580160E+0
4.000414E+2	3.503657E+0
4.003025E+2	3.186717E+0
4.005637E+2	2.951744E+0
4.008248E+2	2.826061E+0
4.010860E+2	3.143001E+0
4.013471E+2	3.525515E+0
4.016082E+2	3.312400E+0
4.018693E+2	3.050105E+0
4.021304E+2	3.230433E+0
4.023915E+2	3.487264E+0
4.026526E+2	3.913493E+0
4.029137E+2	3.957209E+0
4.031747E+2	3.558302E+0
4.034358E+2	3.263220E+0
4.036968E+2	3.383438E+0
4.039579E+2	3.492728E+0
4.042189E+2	3.465406E+0
4.044800E+2	3.629340E+0
4.047410E+2	3.733165E+0
4.050020E+2	3.836990E+0
4.052630E+2	4.033712E+0
4.055240E+2	3.984531E+0
4.057850E+2	4.334258E+0
4.060460E+2	4.345187E+0
4.063070E+2	3.995460E+0
4.065679E+2	4.066499E+0
4.068289E+2	3.902564E+0
4.070898E+2	3.771417E+0
4.073508E+2	3.536444E+0
4.076117E+2	3.306936E+0
4.078727E+2	3.104750E+0
4.081336E+2	3.569231E+0
4.083945E+2	3.656662E+0
4.086554E+2	3.683985E+0
4.089163E+2	3.749559E+0
4.091772E+2	4.115679E+0
4.094381E+2	4.427154E+0
4.096990E+2	4.683985E+0
4.099598E+2	5.066499E+0
4.102207E+2	5.044641E+0
4.104815E+2	5.121143E+0
4.107424E+2	5.050105E+0
4.110032E+2	4.989996E+0
4.112640E+2	4.880706E+0
4.115249E+2	4.957209E+0
4.117857E+2	5.061034E+0
4.120465E+2	4.924422E+0
4.123073E+2	4.683985E+0
4.125681E+2	4.771417E+0
4.128289E+2	4.711307E+0
4.130896E+2	4.869777E+0
4.133504E+2	4.891635E+0
4.136112E+2	4.886171E+0
4.138719E+2	5.033712E+0
4.141327E+2	5.257755E+0
4.143934E+2	5.279613E+0
4.146541E+2	5.716772E+0
4.149149E+2	6.039176E+0
4.151756E+2	6.591089E+0
4.154363E+2	6.853384E+0
4.156970E+2	7.192182E+0
4.159577E+2	7.421690E+0
4.162184E+2	7.640269E+0
4.164790E+2	7.869777E+0
4.167397E+2	7.995460E+0
4.170004E+2	7.612947E+0
4.172610E+2	7.339723E+0
4.175217E+2	7.836990E+0
4.177823E+2	7.918958E+0
4.180429E+2	8.279613E+0
4.183035E+2	8.405296E+0
4.185642E+2	8.569231E+0
4.188248E+2	8.820597E+0
4.190854E+2	8.880706E+0
4.193459E+2	9.181253E+0
4.196065E+2	9.487264E+0
4.198671E+2	9.279613E+0
4.201277E+2	8.880706E+0
4.203882E+2	8.744094E+0
4.206488E+2	8.503657E+0
4.209093E+2	8.399832E+0
4.211699E+2	8.394367E+0
4.214304E+2	8.121143E+0
4.216909E+2	7.826061E+0
4.219514E+2	7.683985E+0
4.222119E+2	7.716772E+0
4.224724E+2	7.853384E+0
4.227329E+2	8.028247E+0
4.229934E+2	8.093821E+0
4.232539E+2	8.312400E+0
4.235143E+2	8.831526E+0
4.237748E+2	8.847919E+0
4.240352E+2	8.574695E+0
4.242957E+2	8.547373E+0
4.245561E+2	8.918958E+0
4.248166E+2	9.301471E+0
4.250770E+2	9.153930E+0
4.253374E+2	9.066499E+0
4.255978E+2	8.891635E+0
4.258582E+2	8.913493E+0
4.261186E+2	8.875242E+0
4.263790E+2	9.099285E+0
4.266393E+2	9.509121E+0
4.268997E+2	9.323329E+0
4.271600E+2	9.476335E+0
4.274204E+2	9.399832E+0
4.276807E+2	9.509121E+0
4.279411E+2	9.711307E+0
4.282014E+2	9.847919E+0
4.284617E+2	9.793274E+0
4.287220E+2	9.891635E+0
4.289823E+2	9.908029E+0
4.292426E+2	9.886171E+0
4.295029E+2	9.618411E+0
4.297632E+2	9.612947E+0
4.300235E+2	9.514586E+0
4.302837E+2	9.372509E+0
4.305440E+2	9.017318E+0
4.308042E+2	9.093821E+0
4.310645E+2	9.148466E+0
4.313247E+2	9.039176E+0
4.315849E+2	8.689449E+0
4.318451E+2	8.815132E+0
4.321054E+2	9.039176E+0
4.323656E+2	8.979067E+0
4.326258E+2	8.946280E+0
4.328859E+2	8.771417E+0
4.331461E+2	8.683985E+0
4.334063E+2	8.541908E+0
4.336665E+2	8.716772E+0
4.339266E+2	8.563766E+0
4.341868E+2	8.115679E+0
4.344469E+2	7.847919E+0
4.347070E+2	7.842455E+0
4.349671E+2	7.776881E+0
4.352273E+2	7.383438E+0
4.354874E+2	7.055570E+0
4.357475E+2	7.050105E+0
4.360076E+2	7.099285E+0
4.362677E+2	7.110214E+0
4.365277E+2	7.000925E+0
4.367878E+2	6.897100E+0
4.370479E+2	7.235897E+0
4.373079E+2	7.602018E+0
4.375680E+2	8.022783E+0
4.378280E+2	8.066499E+0
4.380880E+2	8.481799E+0
4.383480E+2	8.809668E+0
4.386081E+2	8.711307E+0
4.388681E+2	9.257755E+0
4.391281E+2	9.449012E+0
4.393881E+2	9.235897E+0
4.396480E+2	9.580160E+0
4.399080E+2	9.634805E+0
4.401680E+2	9.514586E+0
4.404279E+2	9.345187E+0
4.406879E+2	9.399832E+0
4.409478E+2	9.623876E+0
4.412078E+2	9.891635E+0
4.414677E+2	1.006650E+1
4.417276E+2	9.689449E+0
4.419875E+2	1.024683E+1
4.422474E+2	1.008836E+1
4.425073E+2	1.003918E+1
4.427672E+2	1.050366E+1
4.430271E+2	1.068945E+1
4.432870E+2	1.064027E+1
4.435469E+2	1.024136E+1
4.438067E+2	1.032879E+1
4.440666E+2	1.062934E+1
4.443264E+2	1.045994E+1
4.445862E+2	1.055830E+1
4.448461E+2	1.068398E+1
4.451059E+2	1.091349E+1
4.453657E+2	1.123043E+1
4.456255E+2	1.136158E+1
4.458853E+2	1.148180E+1
4.461451E+2	1.179327E+1
4.464049E+2	1.196814E+1
4.466646E+2	1.214300E+1
4.469244E+2	1.194082E+1
4.471842E+2	1.212661E+1
4.474439E+2	1.245994E+1
4.477036E+2	1.252005E+1
4.479634E+2	1.238344E+1
4.482231E+2	1.254191E+1
4.484828E+2	1.249273E+1
4.487425E+2	1.281513E+1
4.490022E+2	1.331786E+1
4.492619E+2	1.325776E+1
4.495216E+2	1.328508E+1
4.497813E+2	1.295174E+1
4.500410E+2	1.331240E+1
4.503006E+2	1.337797E+1
4.505603E+2	1.356923E+1
4.508199E+2	1.384792E+1
4.510796E+2	1.399000E+1
4.513392E+2	1.400639E+1
4.515988E+2	1.435612E+1
4.518584E+2	1.473317E+1
4.521180E+2	1.518125E+1
4.523776E+2	1.554737E+1
4.526372E+2	1.556923E+1
4.528968E+2	1.532333E+1
4.531564E+2	1.504464E+1
4.534160E+2	1.476595E+1
4.536755E+2	1.504464E+1
4.539351E+2	1.506103E+1
4.541946E+2	1.488071E+1
4.544541E+2	1.487524E+1
4.547137E+2	1.432879E+1
4.549732E+2	1.443808E+1
4.552327E+2	1.426322E+1
4.554922E+2	1.399000E+1
4.557517E+2	1.388617E+1
4.560112E+2	1.443808E+1
4.562707E+2	1.438890E+1
4.565302E+2	1.415939E+1
4.567896E+2	1.445994E+1
4.570491E+2	1.444901E+1
4.573085E+2	1.450912E+1
4.575680E+2	1.472770E+1
4.578274E+2	1.417579E+1
4.580868E+2	1.390803E+1
4.583463E+2	1.416486E+1
4.586057E+2	1.406103E+1
4.588651E+2	1.447087E+1
4.591245E+2	1.467852E+1
4.593838E+2	1.547633E+1
4.596432E+2	1.603371E+1
4.599026E+2	1.626868E+1
4.601620E+2	1.639437E+1
4.604213E+2	1.638344E+1
4.606807E+2	1.626868E+1
4.609400E+2	1.643808E+1
4.611993E+2	1.624136E+1
4.614587E+2	1.608289E+1
4.617180E+2	1.632333E+1
4.619773E+2	1.629601E+1
4.622366E+2	1.623590E+1
4.624959E+2	1.646541E+1
4.627552E+2	1.664027E+1
4.630144E+2	1.645994E+1
4.632737E+2	1.618125E+1
4.635330E+2	1.611021E+1
4.637922E+2	1.625229E+1
4.640515E+2	1.630147E+1
4.643107E+2	1.644355E+1
4.645699E+2	1.664027E+1
4.648292E+2	1.659655E+1
4.650884E+2	1.669491E+1
4.653476E+2	1.682060E+1
4.656068E+2	1.732879E+1
4.658660E+2	1.754191E+1
4.661251E+2	1.808836E+1
4.663843E+2	1.797360E+1
4.666435E+2	1.785338E+1
4.669026E+2	1.814847E+1
4.671618E+2	1.812114E+1
4.674209E+2	1.811021E+1
4.676801E+2	1.817579E+1
4.679392E+2	1.785885E+1
4.681983E+2	1.797907E+1
4.684574E+2	1.818125E+1
4.687165E+2	1.864573E+1
4.689756E+2	1.891896E+1
4.692347E+2	1.896814E+1
4.694938E+2	1.891896E+1
4.697529E+2	1.880967E+1
4.700119E+2	1.878235E+1
4.702710E+2	1.849819E+1
4.705300E+2	1.899546E+1
4.707891E+2	1.900092E+1
4.710481E+2	1.922497E+1
4.713071E+2	1.985338E+1
4.715661E+2	2.044355E+1
4.718252E+2	2.038890E+1
4.720842E+2	2.052551E+1
4.723431E+2	2.098453E+1
4.726021E+2	2.103918E+1
4.728611E+2	2.118125E+1
4.731201E+2	2.153098E+1
4.733790E+2	2.197907E+1
4.736380E+2	2.254191E+1
4.738969E+2	2.296267E+1
4.741559E+2	2.300639E+1
4.744148E+2	2.330694E+1
4.746737E+2	2.347633E+1
4.749326E+2	2.386431E+1
4.751915E+2	2.366213E+1
4.754504E+2	2.362388E+1
4.757093E+2	2.399546E+1
4.759682E+2	2.449273E+1
4.762271E+2	2.487524E+1
4.764859E+2	2.511568E+1
4.767448E+2	2.546541E+1
4.770037E+2	2.566759E+1
4.772625E+2	2.621950E+1
4.775213E+2	2.613754E+1
4.777802E+2	2.629601E+1
4.780390E+2	2.629601E+1
4.782978E+2	2.602825E+1
4.785566E+2	2.637797E+1
4.788154E+2	2.708289E+1
4.790742E+2	2.754191E+1
4.793329E+2	2.778781E+1
4.795917E+2	2.825229E+1
4.798505E+2	2.860748E+1
4.801092E+2	2.874956E+1
4.803680E+2	2.886978E+1
4.806267E+2	2.906103E+1
4.808854E+2	2.907743E+1
4.811442E+2	2.892989E+1
4.814029E+2	2.883699E+1
4.816616E+2	2.928508E+1
4.819203E+2	2.917579E+1
4.821790E+2	2.943808E+1
4.824377E+2	2.989710E+1
4.826963E+2	2.990803E+1
4.829550E+2	3.020311E+1
4.832137E+2	3.033972E+1
4.834723E+2	3.052551E+1
4.837310E+2	3.102825E+1
4.839896E+2	3.174956E+1
4.842482E+2	3.215393E+1
4.845068E+2	3.218672E+1
4.847655E+2	3.270038E+1
4.850241E+2	3.275502E+1
4.852827E+2	3.292989E+1
4.855412E+2	3.297360E+1
4.857998E+2	3.314300E+1
4.860584E+2	3.383699E+1
4.863170E+2	3.379874E+1
4.865755E+2	3.406103E+1
4.868341E+2	3.431786E+1
4.870926E+2	3.424683E+1
4.873511E+2	3.417579E+1
4.876097E+2	3.472224E+1
4.878682E+2	3.530147E+1
4.881267E+2	3.574409E+1
4.883852E+2	3.619218E+1
4.886437E+2	3.654191E+1
4.889022E+2	3.648180E+1
4.891606E+2	3.635612E+1
4.894191E+2	3.624683E+1
4.896776E+2	3.677688E+1
4.899360E+2	3.705011E+1
4.901945E+2	3.716486E+1
4.904529E+2	3.666213E+1
4.907113E+2	3.644901E+1
4.909697E+2	3.670584E+1
4.912282E+2	3.715939E+1
4.914866E+2	3.707196E+1
4.917450E+2	3.708836E+1
4.920034E+2	3.706103E+1
4.922617E+2	3.702825E+1
4.925201E+2	3.693535E+1
4.927785E+2	3.730694E+1
4.930368E+2	3.730694E+1
4.932952E+2	3.758016E+1
4.935535E+2	3.771677E+1
4.938118E+2	3.822497E+1
4.940702E+2	3.842715E+1
4.943285E+2	3.837251E+1
4.945868E+2	3.819765E+1
4.948451E+2	3.831240E+1
4.951034E+2	3.838344E+1
4.953617E+2	3.857470E+1
4.956200E+2	3.866759E+1
4.958782E+2	3.900092E+1
4.961365E+2	3.944901E+1
4.963947E+2	3.956377E+1
4.966530E+2	3.968398E+1
4.969112E+2	3.997907E+1
4.971694E+2	4.021950E+1
4.974277E+2	3.989710E+1
4.976859E+2	4.031240E+1
4.979441E+2	4.067306E+1
4.982023E+2	4.089710E+1
4.984605E+2	4.121404E+1
4.987187E+2	4.132333E+1
4.989768E+2	4.116486E+1
4.992350E+2	4.104464E+1
4.994931E+2	4.058016E+1
4.997513E+2	3.995721E+1
5.000094E+2	3.991349E+1
5.002676E+2	3.983699E+1
5.005257E+2	3.953098E+1
5.007838E+2	3.981513E+1
5.010419E+2	3.984792E+1
5.013000E+2	4.008289E+1
5.015581E+2	4.033972E+1
5.018162E+2	4.080420E+1
5.020743E+2	4.112114E+1
5.023323E+2	4.127415E+1
5.025904E+2	4.150366E+1
5.028485E+2	4.156923E+1
5.031065E+2	4.167852E+1
5.033645E+2	4.131786E+1
5.036226E+2	4.119765E+1
5.038806E+2	4.060748E+1
5.041386E+2	4.030147E+1
5.043966E+2	4.054191E+1
5.046546E+2	4.061841E+1
5.049126E+2	4.105557E+1
5.051706E+2	4.183699E+1
5.054285E+2	4.200639E+1
5.056865E+2	4.232333E+1
5.059445E+2	4.268945E+1
5.062024E+2	4.308836E+1
5.064604E+2	4.336704E+1
5.067183E+2	4.328508E+1
5.069762E+2	4.321950E+1
5.072341E+2	4.314847E+1
5.074920E+2	4.354191E+1
5.077499E+2	4.377142E+1
5.080078E+2	4.442715E+1
5.082657E+2	4.437797E+1
5.085236E+2	4.448180E+1
5.087815E+2	4.492989E+1
5.090393E+2	4.522497E+1
5.092972E+2	4.553644E+1
5.095550E+2	4.555284E+1
5.098129E+2	4.576049E+1
5.100707E+2	4.617579E+1
5.103285E+2	4.644355E+1
5.105863E+2	4.672770E+1
5.108441E+2	4.683699E+1
5.111019E+2	4.669491E+1
5.113597E+2	4.636158E+1
5.116175E+2	4.643808E+1
5.118753E+2	4.625229E+1
5.121330E+2	4.619765E+1
5.123908E+2	4.649819E+1
5.126485E+2	4.680967E+1
5.129063E+2	4.704464E+1
5.131640E+2	4.782606E+1
5.134217E+2	4.768945E+1
5.136794E+2	4.795174E+1
5.139371E+2	4.819218E+1
5.141948E+2	4.877142E+1
5.144525E+2	4.907196E+1
5.147102E+2	4.938890E+1
5.149679E+2	4.984792E+1
5.152256E+2	5.025776E+1
5.154832E+2	5.062388E+1
5.157409E+2	5.118672E+1
5.159985E+2	5.192442E+1
5.162562E+2	5.245994E+1
5.165138E+2	5.267852E+1
5.167714E+2	5.319765E+1
5.170290E+2	5.386978E+1
5.172866E+2	5.449273E+1
5.175442E+2	5.458016E+1
5.178018E+2	5.487524E+1
5.180594E+2	5.495721E+1
5.183170E+2	5.498453E+1
5.185745E+2	5.512661E+1
5.188321E+2	5.525229E+1
5.190896E+2	5.521404E+1
5.193472E+2	5.539983E+1
5.196047E+2	5.584245E+1
5.198622E+2	5.579327E+1
5.201197E+2	5.557470E+1
5.203772E+2	5.586978E+1
5.206347E+2	5.618672E+1
5.208922E+2	5.570038E+1
5.211497E+2	5.543262E+1
5.214072E+2	5.528508E+1
5.216646E+2	5.523590E+1
5.219221E+2	5.562934E+1
5.221795E+2	5.578781E+1
5.224370E+2	5.614847E+1
5.226944E+2	5.586978E+1
5.229519E+2	5.616486E+1
5.232093E+2	5.638890E+1
5.234667E+2	5.671131E+1
5.237241E+2	5.661295E+1
5.239815E+2	5.712114E+1
5.242389E+2	5.723590E+1
5.244962E+2	5.680420E+1
5.247536E+2	5.678235E+1
5.250110E+2	5.676595E+1
5.252683E+2	5.678781E+1
5.255257E+2	5.704464E+1
5.257830E+2	5.699000E+1
5.260403E+2	5.727415E+1
5.262977E+2	5.733426E+1
5.265550E+2	5.770584E+1
5.268123E+2	5.789710E+1
5.270696E+2	5.860202E+1
5.273269E+2	5.889164E+1
5.275841E+2	5.920311E+1
5.278414E+2	5.954191E+1
5.280987E+2	5.956377E+1
5.283559E+2	5.943262E+1
5.286132E+2	5.953644E+1
5.288704E+2	5.895174E+1
5.291276E+2	5.923043E+1
5.293849E+2	5.903918E+1
5.296421E+2	5.869491E+1
5.298993E+2	5.812661E+1
5.301565E+2	5.814847E+1
5.304137E+2	5.839437E+1
5.306709E+2	5.847633E+1
5.309280E+2	5.884792E+1
5.311852E+2	5.912661E+1
5.314424E+2	5.883699E+1
5.316995E+2	5.868398E+1
5.319567E+2	5.859109E+1
5.322138E+2	5.864027E+1
5.324709E+2	5.841076E+1
5.327280E+2	5.822497E+1
5.329852E+2	5.825229E+1
5.332423E+2	5.829601E+1
5.334994E+2	5.813754E+1
5.337564E+2	5.829601E+1
5.340135E+2	5.849273E+1
5.342706E+2	5.896267E+1
5.345276E+2	5.911021E+1
5.347847E+2	6.009382E+1
5.350417E+2	5.997360E+1
5.352988E+2	6.011568E+1
5.355558E+2	6.068945E+1
5.358128E+2	6.057470E+1
5.360698E+2	6.037797E+1
5.363269E+2	6.012661E+1
5.365839E+2	6.049819E+1
5.368408E+2	6.082606E+1
5.370978E+2	6.082606E+1
5.373548E+2	6.071131E+1
5.376118E+2	6.110475E+1
5.378687E+2	6.164027E+1
5.381257E+2	6.222497E+1
5.383826E+2	6.264027E+1
5.386395E+2	6.283153E+1
5.388965E+2	6.268945E+1
5.391534E+2	6.225776E+1
5.394103E+2	6.244901E+1
5.396672E+2	6.288617E+1
5.399241E+2	6.312661E+1
5.401810E+2	6.364573E+1
5.404378E+2	6.364573E+1
5.406947E+2	6.370038E+1
5.409516E+2	6.401732E+1
5.412084E+2	6.415939E+1
5.414653E+2	6.438890E+1
5.417221E+2	6.474409E+1
5.419789E+2	6.501185E+1
5.422357E+2	6.497907E+1
5.424925E+2	6.511568E+1
5.427493E+2	6.536704E+1
5.430061E+2	6.559109E+1
5.432629E+2	6.584792E+1
5.435197E+2	6.633426E+1
5.437765E+2	6.673317E+1
5.440332E+2	6.723590E+1
5.442900E+2	6.755830E+1
5.445467E+2	6.833426E+1
5.448035E+2	6.855284E+1
5.450602E+2	6.886431E+1
5.453169E+2	6.931786E+1
5.455736E+2	6.949273E+1
5.458303E+2	6.984245E+1
5.460870E+2	7.014300E+1
5.463437E+2	6.997907E+1
5.466004E+2	7.008836E+1
5.468571E+2	7.015939E+1
5.471137E+2	7.042169E+1
5.473704E+2	7.037797E+1
5.476270E+2	7.086978E+1
5.478837E+2	7.127961E+1
5.481403E+2	7.172224E+1
5.483969E+2	7.178235E+1
5.486535E+2	7.171131E+1
5.489101E+2	7.160202E+1
5.491667E+2	7.159109E+1
5.494233E+2	7.166213E+1
5.496799E+2	7.206103E+1
5.499365E+2	7.223590E+1
5.501931E+2	7.266213E+1
5.504496E+2	7.267306E+1
5.507062E+2	7.320858E+1
5.509627E+2	7.330694E+1
5.512192E+2	7.339983E+1
5.514758E+2	7.402278E+1
5.517323E+2	7.474956E+1
5.519888E+2	7.505557E+1
5.522453E+2	7.541076E+1
5.525018E+2	7.523043E+1
5.527583E+2	7.538890E+1
5.530147E+2	7.583153E+1
5.532712E+2	7.547087E+1
5.535277E+2	7.518672E+1
5.537841E+2	7.493535E+1
5.540406E+2	7.474409E+1
5.542970E+2	7.484245E+1
5.545534E+2	7.492989E+1
5.548098E+2	7.523590E+1
5.550663E+2	7.509382E+1
5.553227E+2	7.466213E+1
5.555791E+2	7.479327E+1
5.558354E+2	7.501732E+1
5.560918E+2	7.536704E+1
5.563482E+2	7.567306E+1
5.566046E+2	7.597907E+1
5.568609E+2	7.605011E+1
5.571173E+2	7.576595E+1
5.573736E+2	7.554737E+1
5.576299E+2	7.554737E+1
5.578862E+2	7.568945E+1
5.581426E+2	7.566213E+1
5.583989E+2	7.531240E+1
5.586552E+2	7.562388E+1
5.589114E+2	7.536704E+1
5.591677E+2	7.500639E+1
5.594240E+2	7.512661E+1
5.596803E+2	7.527415E+1
5.599365E+2	7.548726E+1
5.601928E+2	7.527415E+1
5.604490E+2	7.521950E+1
5.607052E+2	7.524136E+1
5.609614E+2	7.529054E+1
5.612177E+2	7.585885E+1
5.614739E+2	7.599000E+1
5.617301E+2	7.588071E+1
5.619863E+2	7.624136E+1
5.622424E+2	7.639437E+1
5.624986E+2	7.617579E+1
5.627548E+2	7.631786E+1
5.630109E+2	7.659109E+1
5.632671E+2	7.660202E+1
5.635232E+2	7.654737E+1
5.637794E+2	7.649819E+1
5.640355E+2	7.667306E+1
5.642916E+2	7.683699E+1
5.645477E+2	7.724683E+1
5.648038E+2	7.737797E+1
5.650599E+2	7.754737E+1
5.653160E+2	7.739437E+1
5.655721E+2	7.722497E+1
5.658281E+2	7.707196E+1
5.660842E+2	7.712661E+1
5.663402E+2	7.703371E+1
5.665963E+2	7.691349E+1
5.668523E+2	7.710475E+1
5.671083E+2	7.712114E+1
5.673644E+2	7.715939E+1
5.676204E+2	7.689710E+1
5.678764E+2	7.677688E+1
5.681324E+2	7.748726E+1
5.683883E+2	7.767852E+1
5.686443E+2	7.749819E+1
5.689003E+2	7.801185E+1
5.691562E+2	7.820858E+1
5.694122E+2	7.844901E+1
5.696681E+2	7.873863E+1
5.699241E+2	7.856923E+1
5.701800E+2	7.865666E+1
5.704359E+2	7.905011E+1
5.706918E+2	7.951459E+1
5.709477E+2	7.956923E+1
5.712036E+2	7.976049E+1
5.714595E+2	7.974956E+1
5.717154E+2	7.971131E+1
5.719713E+2	7.970584E+1
5.722271E+2	7.954737E+1
5.724830E+2	8.012114E+1
5.727388E+2	8.050366E+1
5.729947E+2	8.021950E+1
5.732505E+2	8.027961E+1
5.735063E+2	8.065666E+1
5.737621E+2	8.124136E+1
5.740179E+2	8.164573E+1
5.742737E+2	8.135612E+1
5.745295E+2	8.159655E+1
5.747853E+2	8.207196E+1
5.750411E+2	8.207196E+1
5.752968E+2	8.213754E+1
5.755526E+2	8.190803E+1
5.758083E+2	8.186978E+1
5.760641E+2	8.197907E+1
5.763198E+2	8.228508E+1
5.765755E+2	8.248726E+1
5.768312E+2	8.252551E+1
5.770869E+2	8.280420E+1
5.773426E+2	8.306650E+1
5.775983E+2	8.306650E+1
5.778540E+2	8.291896E+1
5.781097E+2	8.350366E+1
5.783653E+2	8.376049E+1
5.786210E+2	8.441623E+1
5.788766E+2	8.452005E+1
5.791323E+2	8.454737E+1
5.793879E+2	8.483153E+1
5.796435E+2	8.477142E+1
5.798991E+2	8.497360E+1
5.801547E+2	8.495721E+1
5.804103E+2	8.544355E+1
5.806659E+2	8.550366E+1
5.809215E+2	8.574956E+1
5.811771E+2	8.559109E+1
5.814327E+2	8.561841E+1
5.816882E+2	8.537251E+1
5.819438E+2	8.549819E+1
5.821993E+2	8.595721E+1
5.824548E+2	8.590256E+1
5.827104E+2	8.608836E+1
5.829659E+2	8.591349E+1
5.832214E+2	8.584245E+1
5.834769E+2	8.594628E+1
5.837324E+2	8.580420E+1
5.839878E+2	8.584245E+1
5.842433E+2	8.598453E+1
5.844988E+2	8.612114E+1
5.847542E+2	8.616486E+1
5.850097E+2	8.597907E+1
5.852651E+2	8.600639E+1
5.855206E+2	8.661841E+1
5.857760E+2	8.674956E+1
5.860314E+2	8.653644E+1
5.862868E+2	8.626322E+1
5.865422E+2	8.645448E+1
5.867976E+2	8.672770E+1
5.870530E+2	8.659655E+1
5.873084E+2	8.667852E+1
5.875637E+2	8.651459E+1
5.878191E+2	8.666213E+1
5.880744E+2	8.639983E+1
5.883298E+2	8.675502E+1
5.885851E+2	8.714300E+1
5.888404E+2	8.730147E+1
5.890958E+2	8.730694E+1
5.893511E+2	8.708289E+1
5.896064E+2	8.686431E+1
5.898617E+2	8.700092E+1
5.901169E+2	8.719218E+1
5.903722E+2	8.706650E+1
5.906275E+2	8.741623E+1
5.908827E+2	8.773317E+1
5.911380E+2	8.796267E+1
5.913932E+2	8.783153E+1
5.916485E+2	8.811568E+1
5.919037E+2	8.830694E+1
5.921589E+2	8.849273E+1
5.924141E+2	8.823043E+1
5.926693E+2	8.820858E+1
5.929245E+2	8.830147E+1
5.931797E+2	8.832333E+1
5.934349E+2	8.825229E+1
5.936900E+2	8.819218E+1
5.939452E+2	8.812114E+1
5.942004E+2	8.826868E+1
5.944555E+2	8.820311E+1
5.947106E+2	8.826322E+1
5.949658E+2	8.805011E+1
5.952209E+2	8.821950E+1
5.954760E+2	8.839983E+1
5.957311E+2	8.838890E+1
5.959862E+2	8.806650E+1
5.962413E+2	8.829054E+1
5.964963E+2	8.812114E+1
5.967514E+2	8.838890E+1
5.970065E+2	8.834519E+1
5.972615E+2	8.843808E+1
5.975166E+2	8.859109E+1
5.977716E+2	8.864573E+1
5.980266E+2	8.876049E+1
5.982816E+2	8.884792E+1
5.985367E+2	8.892442E+1
5.987917E+2	8.983699E+1
5.990467E+2	8.973317E+1
5.993016E+2	8.978781E+1
5.995566E+2	8.994082E+1
5.998116E+2	9.054737E+1
6.000665E+2	9.054737E+1
6.003215E+2	9.074409E+1
6.005764E+2	9.108289E+1
6.008314E+2	9.162934E+1
6.010863E+2	9.124136E+1
6.013412E+2	9.107196E+1
6.015961E+2	9.131240E+1
6.018510E+2	9.197360E+1
6.021059E+2	9.247087E+1
6.023608E+2	9.258016E+1
6.026157E+2	9.286978E+1
6.028706E+2	9.341623E+1
6.031254E+2	9.418672E+1
6.033803E+2	9.444355E+1
6.036351E+2	9.500092E+1
6.038900E+2	9.500639E+1
6.041448E+2	9.536158E+1
6.043996E+2	9.558016E+1
6.046544E+2	9.553098E+1
6.049092E+2	9.567852E+1
6.051640E+2	9.658562E+1
6.054188E+2	9.683153E+1
6.056736E+2	9.713754E+1
6.059283E+2	9.730147E+1
6.061831E+2	9.750912E+1
6.064378E+2	9.739437E+1
6.066926E+2	9.754191E+1
6.069473E+2	9.803371E+1
6.072021E+2	9.835065E+1
6.074568E+2	9.819218E+1
6.077115E+2	9.799000E+1
6.079662E+2	9.835065E+1
6.082209E+2	9.848180E+1
6.084756E+2	9.952551E+1
6.087302E+2	1.005255E+2
6.089849E+2	1.009190E+2
6.092396E+2	1.010610E+2
6.094942E+2	1.013343E+2
6.097489E+2	1.010119E+2
6.100035E+2	1.014326E+2
6.102581E+2	1.018807E+2
6.105127E+2	1.023015E+2
6.107674E+2	1.026512E+2
6.110220E+2	1.025146E+2
6.112766E+2	1.025802E+2
6.115311E+2	1.029572E+2
6.117857E+2	1.027660E+2
6.120403E+2	1.032195E+2
6.122948E+2	1.038206E+2
6.125494E+2	1.043015E+2
6.128039E+2	1.049080E+2
6.130585E+2	1.050228E+2
6.133130E+2	1.054599E+2
6.135675E+2	1.055037E+2
6.138220E+2	1.057496E+2
6.140765E+2	1.061375E+2
6.143310E+2	1.062578E+2
6.145855E+2	1.068151E+2
6.148400E+2	1.070993E+2
6.150945E+2	1.076567E+2
6.153489E+2	1.076840E+2
6.156034E+2	1.076676E+2
6.158578E+2	1.078971E+2
6.161123E+2	1.080392E+2
6.163667E+2	1.081703E+2
6.166211E+2	1.086840E+2
6.168755E+2	1.093124E+2
6.171299E+2	1.096512E+2
6.173843E+2	1.095911E+2
6.176387E+2	1.094818E+2
6.178931E+2	1.095091E+2
6.181474E+2	1.097058E+2
6.184018E+2	1.097987E+2
6.186561E+2	1.099299E+2
6.189105E+2	1.101102E+2
6.191648E+2	1.098370E+2
6.194191E+2	1.100337E+2
6.196735E+2	1.104818E+2
6.199278E+2	1.107386E+2
6.201821E+2	1.111922E+2
6.204364E+2	1.116621E+2
6.206907E+2	1.112250E+2
6.209449E+2	1.114818E+2
6.211992E+2	1.118425E+2
6.214535E+2	1.124654E+2
6.217077E+2	1.127933E+2
6.219619E+2	1.129135E+2
6.222162E+2	1.130774E+2
6.224704E+2	1.133124E+2
6.227246E+2	1.135310E+2
6.229788E+2	1.145146E+2
6.232330E+2	1.153452E+2
6.234872E+2	1.158752E+2
6.237414E+2	1.159681E+2
6.239956E+2	1.153288E+2
6.242498E+2	1.150228E+2
6.245039E+2	1.154490E+2
6.247581E+2	1.156239E+2
6.250122E+2	1.154599E+2
6.252663E+2	1.156840E+2
6.255205E+2	1.159244E+2
6.257746E+2	1.161703E+2
6.260287E+2	1.161758E+2
6.262828E+2	1.161375E+2
6.265369E+2	1.161211E+2
6.267910E+2	1.169517E+2
6.270450E+2	1.172195E+2
6.272991E+2	1.178807E+2
6.275532E+2	1.187168E+2
6.278072E+2	1.184545E+2
6.280613E+2	1.185966E+2
6.283153E+2	1.188206E+2
6.285693E+2	1.193670E+2
6.288233E+2	1.194873E+2
6.290773E+2	1.194435E+2
6.293313E+2	1.193834E+2
6.295853E+2	1.199026E+2
6.298393E+2	1.200720E+2
6.300933E+2	1.201539E+2
6.303472E+2	1.204217E+2
6.306012E+2	1.203507E+2
6.308551E+2	1.202632E+2
6.311091E+2	1.204545E+2
6.313630E+2	1.207769E+2
6.316169E+2	1.208862E+2
6.318709E+2	1.209080E+2
6.321248E+2	1.209627E+2
6.323787E+2	1.207987E+2
6.326326E+2	1.205091E+2
6.328864E+2	1.206075E+2
6.331403E+2	1.211922E+2
6.333942E+2	1.217441E+2
6.336480E+2	1.221922E+2
6.339019E+2	1.222523E+2
6.341557E+2	1.223069E+2
6.344095E+2	1.225419E+2
6.346634E+2	1.227168E+2
6.349172E+2	1.227878E+2
6.351710E+2	1.223889E+2
6.354248E+2	1.224818E+2
6.356786E+2	1.224982E+2
6.359324E+2	1.223015E+2
6.361861E+2	1.229791E+2
6.364399E+2	1.233179E+2
6.366936E+2	1.233944E+2
6.369474E+2	1.233561E+2
6.372011E+2	1.231211E+2
6.374549E+2	1.235146E+2
6.377086E+2	1.235747E+2
6.379623E+2	1.234272E+2
6.382160E+2	1.231594E+2
6.384697E+2	1.224873E+2
6.387234E+2	1.221976E+2
6.389771E+2	1.221266E+2
6.392307E+2	1.222304E+2
6.394844E+2	1.220829E+2
6.397380E+2	1.219955E+2
6.399917E+2	1.221102E+2
6.402453E+2	1.226239E+2
6.404990E+2	1.231266E+2
6.407526E+2	1.237714E+2
6.410062E+2	1.239408E+2
6.412598E+2	1.240173E+2
6.415134E+2	1.244381E+2
6.417670E+2	1.250665E+2
6.420206E+2	1.258042E+2
6.422741E+2	1.258698E+2
6.425277E+2	1.262031E+2
6.427812E+2	1.266676E+2
6.430348E+2	1.261703E+2
6.432883E+2	1.269026E+2
6.435418E+2	1.270556E+2
6.437954E+2	1.269627E+2
6.440489E+2	1.267004E+2
6.443024E+2	1.266840E+2
6.445559E+2	1.272851E+2
6.448094E+2	1.274599E+2
6.450628E+2	1.270938E+2
6.453163E+2	1.272741E+2
6.455698E+2	1.275037E+2
6.458232E+2	1.275146E+2
6.460767E+2	1.276949E+2
6.463301E+2	1.281102E+2
6.465835E+2	1.282851E+2
6.468369E+2	1.283616E+2
6.470903E+2	1.289572E+2
6.473437E+2	1.296020E+2
6.475971E+2	1.296840E+2
6.478505E+2	1.298588E+2
6.481039E+2	1.301703E+2
6.483573E+2	1.305091E+2
6.486106E+2	1.305364E+2
6.488640E+2	1.303998E+2
6.491173E+2	1.304927E+2
6.493706E+2	1.308643E+2
6.496240E+2	1.310556E+2
6.498773E+2	1.313179E+2
6.501306E+2	1.316567E+2
6.503839E+2	1.322359E+2
6.506372E+2	1.326949E+2
6.508905E+2	1.330446E+2
6.511437E+2	1.332195E+2
6.513970E+2	1.335638E+2
6.516503E+2	1.332140E+2
6.519035E+2	1.332195E+2
6.521567E+2	1.332086E+2
6.524100E+2	1.334873E+2
6.526632E+2	1.337660E+2
6.529164E+2	1.342359E+2
6.531696E+2	1.347769E+2
6.534228E+2	1.354162E+2
6.536760E+2	1.355911E+2
6.539292E+2	1.358752E+2
6.541824E+2	1.363780E+2
6.544355E+2	1.367550E+2
6.546887E+2	1.373561E+2
6.549418E+2	1.378315E+2
6.551950E+2	1.382523E+2
6.554481E+2	1.381758E+2
6.557012E+2	1.382468E+2
6.559543E+2	1.383889E+2
6.562074E+2	1.378916E+2
6.564605E+2	1.379517E+2
6.567136E+2	1.382578E+2
6.569667E+2	1.382796E+2
6.572198E+2	1.383616E+2
6.574728E+2	1.381976E+2
6.577259E+2	1.378261E+2
6.579789E+2	1.376785E+2
6.582319E+2	1.376129E+2
6.584850E+2	1.379955E+2
6.587380E+2	1.380173E+2
6.589910E+2	1.382905E+2
6.592440E+2	1.389135E+2
6.594970E+2	1.393725E+2
6.597500E+2	1.396457E+2
6.600030E+2	1.398698E+2
6.602559E+2	1.403233E+2
6.605089E+2	1.406239E+2
6.607618E+2	1.404927E+2
6.610148E+2	1.407222E+2
6.612677E+2	1.411813E+2
6.615206E+2	1.418151E+2
6.617736E+2	1.421649E+2
6.620265E+2	1.422578E+2
6.622794E+2	1.424490E+2
6.625323E+2	1.421211E+2
6.627851E+2	1.419244E+2
6.630380E+2	1.425364E+2
6.632909E+2	1.433179E+2
6.635437E+2	1.439190E+2
6.637966E+2	1.442468E+2
6.640494E+2	1.443397E+2
6.643023E+2	1.446949E+2
6.645551E+2	1.453780E+2
6.648079E+2	1.460009E+2
6.650607E+2	1.462304E+2
6.653135E+2	1.463889E+2
6.655663E+2	1.465419E+2
6.658191E+2	1.466512E+2
6.660718E+2	1.470610E+2
6.663246E+2	1.474490E+2
6.665774E+2	1.481649E+2
6.668301E+2	1.483124E+2
6.670828E+2	1.490665E+2
6.673356E+2	1.494982E+2
6.675883E+2	1.499408E+2
6.678410E+2	1.501266E+2
6.680937E+2	1.509080E+2
6.683464E+2	1.509354E+2
6.685991E+2	1.511539E+2
6.688518E+2	1.512796E+2
6.691044E+2	1.516621E+2
6.693571E+2	1.518206E+2
6.696098E+2	1.519791E+2
6.698624E+2	1.519736E+2
6.701150E+2	1.521047E+2
6.703677E+2	1.529845E+2
6.706203E+2	1.535856E+2
6.708729E+2	1.540228E+2
6.711255E+2	1.544763E+2
6.713781E+2	1.553343E+2
6.716307E+2	1.562468E+2
6.718832E+2	1.568588E+2
6.721358E+2	1.572741E+2
6.723884E+2	1.578807E+2
6.726409E+2	1.581703E+2
6.728935E+2	1.593397E+2
6.731460E+2	1.602414E+2
6.733985E+2	1.610993E+2
6.736510E+2	1.617113E+2
6.739035E+2	1.620610E+2
6.741560E+2	1.625037E+2
6.744085E+2	1.628971E+2
6.746610E+2	1.630446E+2
6.749135E+2	1.636731E+2
6.751660E+2	1.642468E+2
6.754184E+2	1.649190E+2
6.756709E+2	1.652250E+2
6.759233E+2	1.657222E+2
6.761757E+2	1.663015E+2
6.764282E+2	1.668534E+2
6.766806E+2	1.671211E+2
6.769330E+2	1.672359E+2
6.771854E+2	1.678097E+2
6.774378E+2	1.683670E+2
6.776901E+2	1.689681E+2
6.779425E+2	1.698534E+2
6.781949E+2	1.702578E+2
6.784472E+2	1.707605E+2
6.786996E+2	1.709900E+2
6.789519E+2	1.714108E+2
6.792042E+2	1.717496E+2
6.794566E+2	1.722741E+2
6.797089E+2	1.727496E+2
6.799612E+2	1.726567E+2
6.802135E+2	1.723889E+2
6.804657E+2	1.728479E+2
6.807180E+2	1.731485E+2
6.809703E+2	1.739845E+2
6.812226E+2	1.744545E+2
6.814748E+2	1.747605E+2
6.817270E+2	1.751539E+2
6.819793E+2	1.751430E+2
6.822315E+2	1.757605E+2
6.824837E+2	1.762031E+2
6.827359E+2	1.764435E+2
6.829881E+2	1.767004E+2
6.832403E+2	1.774654E+2
6.834925E+2	1.775692E+2
6.837447E+2	1.776348E+2
6.839968E+2	1.779244E+2
6.842490E+2	1.783343E+2
6.845011E+2	1.787823E+2
6.847533E+2	1.796403E+2
6.850054E+2	1.802086E+2
6.852575E+2	1.809791E+2
6.855097E+2	1.813834E+2
6.857618E+2	1.815037E+2
6.860139E+2	1.821430E+2
6.862659E+2	1.830501E+2
6.865180E+2	1.831157E+2
6.867701E+2	1.830009E+2
6.870222E+2	1.832796E+2
6.872742E+2	1.837441E+2
6.875263E+2	1.843507E+2
6.877783E+2	1.847332E+2
6.880303E+2	1.852031E+2
6.882823E+2	1.849463E+2
6.885343E+2	1.854381E+2
6.887864E+2	1.858315E+2
6.890383E+2	1.860610E+2
6.892903E+2	1.865091E+2
6.895423E+2	1.867550E+2
6.897943E+2	1.872632E+2
6.900462E+2	1.876348E+2
6.902982E+2	1.878534E+2
6.905501E+2	1.882031E+2
6.908021E+2	1.885583E+2
6.910540E+2	1.892086E+2
6.913059E+2	1.897441E+2
6.915578E+2	1.902905E+2
6.918097E+2	1.910665E+2
6.920616E+2	1.917660E+2
6.923135E+2	1.928261E+2
6.925654E+2	1.932960E+2
6.928172E+2	1.940173E+2
6.930691E+2	1.943507E+2
6.933209E+2	1.947878E+2
6.935728E+2	1.955364E+2
6.938246E+2	1.960119E+2
6.940764E+2	1.966075E+2
6.943282E+2	1.970993E+2
6.945800E+2	1.976075E+2
6.948318E+2	1.982523E+2
6.950836E+2	1.987823E+2
6.953354E+2	1.994272E+2
6.955872E+2	2.001813E+2
6.958389E+2	2.005146E+2
6.960907E+2	2.013561E+2
6.963424E+2	2.014818E+2
6.965942E+2	2.017332E+2
6.968459E+2	2.020119E+2
6.970976E+2	2.022632E+2
6.973493E+2	2.027222E+2
6.976010E+2	2.030556E+2
6.978527E+2	2.037277E+2
6.981044E+2	2.047878E+2
6.983561E+2	2.060282E+2
6.986077E+2	2.067605E+2
6.988594E+2	2.075474E+2
6.991110E+2	2.086731E+2
6.993627E+2	2.098097E+2
6.996143E+2	2.106785E+2
6.998659E+2	2.110938E+2
7.001175E+2	2.116621E+2
7.003692E+2	2.121922E+2
7.006207E+2	2.128042E+2
7.008723E+2	2.132195E+2
7.011239E+2	2.132741E+2
7.013755E+2	2.130392E+2
7.016271E+2	2.133343E+2
7.018786E+2	2.142905E+2
7.021302E+2	2.149572E+2
7.023817E+2	2.153834E+2
7.026332E+2	2.154381E+2
7.028847E+2	2.155802E+2
7.031362E+2	2.160720E+2
7.033878E+2	2.165419E+2
7.036392E+2	2.170119E+2
7.038907E+2	2.174927E+2
7.041422E+2	2.180337E+2
7.043937E+2	2.189190E+2
7.046451E+2	2.197004E+2
7.048966E+2	2.208534E+2
7.051480E+2	2.220884E+2
7.053995E+2	2.230064E+2
7.056509E+2	2.241539E+2
7.059023E+2	2.250720E+2
7.061537E+2	2.262741E+2
7.064051E+2	2.269681E+2
7.066565E+2	2.280064E+2
7.069079E+2	2.290446E+2
7.071593E+2	2.296184E+2
7.074106E+2	2.294381E+2
7.076620E+2	2.292687E+2
7.079133E+2	2.291703E+2
7.081647E+2	2.293233E+2
7.084160E+2	2.300665E+2
7.086673E+2	2.305583E+2
7.089186E+2	2.307113E+2
7.091699E+2	2.310938E+2
7.094212E+2	2.315255E+2
7.096725E+2	2.320337E+2
7.099238E+2	2.327441E+2
7.101751E+2	2.337332E+2
7.104263E+2	2.343616E+2
7.106776E+2	2.349080E+2
7.109288E+2	2.352741E+2
7.111800E+2	2.363179E+2
7.114313E+2	2.370119E+2
7.116825E+2	2.378588E+2
7.119337E+2	2.389681E+2
7.121849E+2	2.401157E+2
7.124361E+2	2.410446E+2
7.126873E+2	2.419955E+2
7.129384E+2	2.428479E+2
7.131896E+2	2.432195E+2
7.134408E+2	2.432250E+2
7.136919E+2	2.433834E+2
7.139430E+2	2.430392E+2
7.141942E+2	2.435802E+2
7.144453E+2	2.437878E+2
7.146964E+2	2.437332E+2
7.149475E+2	2.438425E+2
7.151986E+2	2.444490E+2
7.154497E+2	2.446567E+2
7.157008E+2	2.448752E+2
7.159518E+2	2.452960E+2
7.162029E+2	2.455638E+2
7.164540E+2	2.464326E+2
7.167050E+2	2.474599E+2
7.169560E+2	2.483998E+2
7.172071E+2	2.489572E+2
7.174581E+2	2.500337E+2
7.177091E+2	2.510774E+2
7.179601E+2	2.517605E+2
7.182111E+2	2.526840E+2
7.184621E+2	2.532304E+2
7.187130E+2	2.541922E+2
7.189640E+2	2.552195E+2
7.192150E+2	2.555856E+2
7.194659E+2	2.561375E+2
7.197169E+2	2.561758E+2
7.199678E+2	2.563397E+2
7.202187E+2	2.562195E+2
7.204696E+2	2.557386E+2
7.207205E+2	2.557222E+2
7.209714E+2	2.555528E+2
7.212223E+2	2.555692E+2
7.214732E+2	2.551102E+2
7.217241E+2	2.551922E+2
7.219749E+2	2.556403E+2
7.222258E+2	2.557386E+2
7.224766E+2	2.555474E+2
7.227274E+2	2.570993E+2
7.229783E+2	2.579299E+2
7.232291E+2	2.592304E+2
7.234799E+2	2.598862E+2
7.237307E+2	2.604381E+2
7.239815E+2	2.610282E+2
7.242323E+2	2.620774E+2
7.244830E+2	2.630228E+2
7.247338E+2	2.639408E+2
7.249846E+2	2.648698E+2
7.252353E+2	2.658151E+2
7.254861E+2	2.659681E+2
7.257368E+2	2.663998E+2
7.259875E+2	2.669244E+2
7.262382E+2	2.676894E+2
7.264889E+2	2.679244E+2
7.267396E+2	2.682687E+2
7.269903E+2	2.683015E+2
7.272410E+2	2.682195E+2
7.274917E+2	2.685911E+2
7.277423E+2	2.691976E+2
7.279930E+2	2.696457E+2
7.282436E+2	2.699026E+2
7.284942E+2	2.702796E+2
7.287449E+2	2.715583E+2
7.289955E+2	2.724709E+2
7.292461E+2	2.740009E+2
7.294967E+2	2.745583E+2
7.297473E+2	2.756840E+2
7.299979E+2	2.766348E+2
7.302484E+2	2.781321E+2
7.304990E+2	2.793944E+2
7.307496E+2	2.802687E+2
7.310001E+2	2.815255E+2
7.312507E+2	2.823834E+2
7.315012E+2	2.835856E+2
7.317517E+2	2.843397E+2
7.320022E+2	2.853343E+2
7.322527E+2	2.856293E+2
7.325032E+2	2.862687E+2
7.327537E+2	2.867058E+2
7.330042E+2	2.868261E+2
7.332547E+2	2.880228E+2
7.335051E+2	2.884818E+2
7.337556E+2	2.892140E+2
7.340060E+2	2.898698E+2
7.342564E+2	2.914108E+2
7.345069E+2	2.929845E+2
7.347573E+2	2.947496E+2
7.350077E+2	2.967113E+2
7.352581E+2	2.982905E+2
7.355085E+2	2.996949E+2
7.357589E+2	3.017714E+2
7.360092E+2	3.039299E+2
7.362596E+2	3.068698E+2
7.365100E+2	3.093507E+2
7.367603E+2	3.115638E+2
7.370106E+2	3.136840E+2
7.372610E+2	3.154217E+2
7.375113E+2	3.169354E+2
7.377616E+2	3.190610E+2
7.380119E+2	3.205364E+2
7.382622E+2	3.221813E+2
7.385125E+2	3.239900E+2
7.387628E+2	3.267823E+2
7.390130E+2	3.297058E+2
7.392633E+2	3.325692E+2
7.395135E+2	3.351321E+2
7.397638E+2	3.378261E+2
7.400140E+2	3.408042E+2
7.402642E+2	3.437878E+2
7.405144E+2	3.467769E+2
7.407647E+2	3.502578E+2
7.410149E+2	3.535911E+2
7.412650E+2	3.566676E+2
7.415152E+2	3.591375E+2
7.417654E+2	3.618862E+2
7.420156E+2	3.648807E+2
7.422657E+2	3.688151E+2
7.425159E+2	3.734435E+2
7.427660E+2	3.779627E+2
7.430161E+2	3.822687E+2
7.432662E+2	3.879572E+2
7.435164E+2	3.958916E+2
7.437665E+2	4.072414E+2
7.440165E+2	4.177168E+2
7.442666E+2	4.258315E+2
7.445167E+2	4.308151E+2
7.447668E+2	4.344217E+2
7.450168E+2	4.380446E+2
7.452669E+2	4.416785E+2
7.455169E+2	4.450173E+2
7.457669E+2	4.485419E+2
7.460170E+2	4.523834E+2
7.462670E+2	4.561758E+2
7.465170E+2	4.608588E+2
7.467670E+2	4.659627E+2
7.470170E+2	4.723834E+2
7.472670E+2	4.803507E+2
7.475169E+2	4.902523E+2
7.477669E+2	4.995911E+2
7.480168E+2	5.074490E+2
7.482668E+2	5.141047E+2
7.485167E+2	5.194272E+2
7.487666E+2	5.244709E+2
7.490166E+2	5.288261E+2
7.492665E+2	5.327004E+2
7.495164E+2	5.359627E+2
7.497663E+2	5.395966E+2
7.500161E+2	5.421375E+2
7.502660E+2	5.439517E+2
7.505159E+2	5.456621E+2
7.507657E+2	5.471047E+2
7.510156E+2	5.482960E+2
7.512654E+2	5.489627E+2
7.515152E+2	5.490228E+2
7.517651E+2	5.493725E+2
7.520149E+2	5.502796E+2
7.522647E+2	5.514545E+2
7.525145E+2	5.531594E+2
7.527643E+2	5.558206E+2
7.530140E+2	5.586894E+2
7.532638E+2	5.621102E+2
7.535136E+2	5.651485E+2
7.537633E+2	5.678862E+2
7.540131E+2	5.707660E+2
7.542628E+2	5.746184E+2
7.545125E+2	5.787769E+2
7.547622E+2	5.838534E+2
7.550119E+2	5.886840E+2
7.552616E+2	5.920993E+2
7.555113E+2	5.949900E+2
7.557610E+2	5.972578E+2
7.560107E+2	5.983397E+2
7.562603E+2	5.995856E+2
7.565100E+2	6.002304E+2
7.567596E+2	6.008534E+2
7.570093E+2	6.009900E+2
7.572589E+2	6.005911E+2
7.575085E+2	5.988261E+2
7.577581E+2	5.963397E+2
7.580077E+2	5.934053E+2
7.582573E+2	5.907222E+2
7.585069E+2	5.870228E+2
7.587565E+2	5.809463E+2
7.590060E+2	5.705802E+2
7.592556E+2	5.606894E+2
7.595051E+2	5.534490E+2
7.597547E+2	5.493397E+2
7.600042E+2	5.469791E+2
7.602537E+2	5.438752E+2
7.605032E+2	5.413889E+2
7.607527E+2	5.391976E+2
7.610022E+2	5.368151E+2
7.612517E+2	5.345911E+2
7.615012E+2	5.324381E+2
7.617507E+2	5.300282E+2
7.620001E+2	5.275856E+2
7.622496E+2	5.236184E+2
7.624990E+2	5.175966E+2
7.627485E+2	5.096239E+2
7.629979E+2	5.021539E+2
7.632473E+2	4.962031E+2
7.634967E+2	4.916949E+2
7.637461E+2	4.881539E+2
7.639955E+2	4.851703E+2
7.642449E+2	4.827660E+2
7.644942E+2	4.799190E+2
7.647436E+2	4.772086E+2
7.649930E+2	4.740938E+2
7.652423E+2	4.716512E+2
7.654916E+2	4.698151E+2
7.657410E+2	4.687605E+2
7.659903E+2	4.682359E+2
7.662396E+2	4.676184E+2
7.664889E+2	4.675856E+2
7.667382E+2	4.670446E+2
7.669875E+2	4.667496E+2
7.672367E+2	4.665911E+2
7.674860E+2	4.653834E+2
7.677353E+2	4.633670E+2
7.679845E+2	4.604982E+2
7.682337E+2	4.576293E+2
7.684830E+2	4.535802E+2
7.687322E+2	4.507222E+2
7.689814E+2	4.484599E+2
7.692306E+2	4.453288E+2
7.694798E+2	4.411539E+2
7.697290E+2	4.369736E+2
7.699782E+2	4.321539E+2
7.702273E+2	4.278807E+2
7.704765E+2	4.249681E+2
7.707256E+2	4.231539E+2
7.709748E+2	4.214326E+2
7.712239E+2	4.219190E+2
7.714730E+2	4.230228E+2
7.717222E+2	4.255802E+2
7.719713E+2	4.292905E+2
7.722204E+2	4.331922E+2
7.724694E+2	4.372195E+2
7.727185E+2	4.424108E+2
7.729676E+2	4.473725E+2
7.732167E+2	4.521157E+2
7.734657E+2	4.560064E+2
7.737147E+2	4.588370E+2
7.739638E+2	4.615310E+2
7.742128E+2	4.641430E+2
7.744618E+2	4.660829E+2
7.747108E+2	4.675966E+2
7.749598E+2	4.684599E+2
7.752088E+2	4.688807E+2
7.754578E+2	4.696239E+2
7.757068E+2	4.700501E+2
7.759557E+2	4.700119E+2
7.762047E+2	4.700009E+2
7.764536E+2	4.697605E+2
7.767026E+2	4.689791E+2
7.769515E+2	4.673780E+2
7.772004E+2	4.656403E+2
7.774493E+2	4.641867E+2
7.776982E+2	4.624545E+2
7.779471E+2	4.617222E+2
7.781960E+2	4.606512E+2
7.784449E+2	4.600993E+2
7.786938E+2	4.592796E+2
7.789426E+2	4.588315E+2
7.791915E+2	4.587113E+2
7.794403E+2	4.592578E+2
7.796891E+2	4.603834E+2
7.799380E+2	4.615310E+2
7.801868E+2	4.634545E+2
7.804356E+2	4.655146E+2
7.806844E+2	4.682687E+2
7.809332E+2	4.706894E+2
7.811819E+2	4.737769E+2
7.814307E+2	4.771867E+2
7.816795E+2	4.804654E+2
7.819282E+2	4.838588E+2
7.821770E+2	4.871703E+2
7.824257E+2	4.900665E+2
7.826744E+2	4.933343E+2
7.829231E+2	4.963288E+2
7.831718E+2	4.994381E+2
7.834205E+2	5.016184E+2
7.836692E+2	5.033179E+2
7.839179E+2	5.042578E+2
7.841666E+2	5.042960E+2
7.844152E+2	5.040665E+2
7.846639E+2	5.035747E+2
7.849125E+2	5.023015E+2
7.851612E+2	5.011758E+2
7.854098E+2	4.994108E+2
7.856584E+2	4.968588E+2
7.859070E+2	4.934709E+2
7.861556E+2	4.904272E+2
7.864042E+2	4.867605E+2
7.866528E+2	4.822414E+2
7.869014E+2	4.773452E+2
7.871499E+2	4.719244E+2
7.873985E+2	4.669299E+2
7.876470E+2	4.618916E+2
7.878956E+2	4.565310E+2
7.881441E+2	4.518261E+2
7.883926E+2	4.479244E+2
7.886411E+2	4.449681E+2
7.888896E+2	4.432195E+2
7.891381E+2	4.422140E+2
7.893866E+2	4.420009E+2
7.896351E+2	4.422031E+2
7.898835E+2	4.429299E+2
7.901320E+2	4.442414E+2
7.903804E+2	4.462195E+2
7.906289E+2	4.483944E+2
7.908773E+2	4.505310E+2
7.911257E+2	4.529026E+2
7.913742E+2	4.553616E+2
7.916226E+2	4.582414E+2
7.918709E+2	4.610610E+2
7.921193E+2	4.641375E+2
7.923677E+2	4.662468E+2
7.926161E+2	4.684217E+2
7.928644E+2	4.704654E+2
7.931128E+2	4.716403E+2
7.933611E+2	4.735201E+2
7.936095E+2	4.740720E+2
7.938578E+2	4.746567E+2
7.941061E+2	4.744490E+2
7.943544E+2	4.738752E+2
7.946027E+2	4.722468E+2
7.948510E+2	4.704654E+2
7.950993E+2	4.681211E+2
7.953475E+2	4.651758E+2
7.955958E+2	4.622304E+2
7.958440E+2	4.588479E+2
7.960923E+2	4.552304E+2
7.963405E+2	4.510665E+2
7.965887E+2	4.461758E+2
7.968370E+2	4.417168E+2
7.970852E+2	4.379026E+2
7.973334E+2	4.340829E+2
7.975816E+2	4.301375E+2
7.978297E+2	4.269955E+2
7.980779E+2	4.243288E+2
7.983261E+2	4.219627E+2
7.985742E+2	4.209791E+2
7.988224E+2	4.210337E+2
7.990705E+2	4.222359E+2
7.993186E+2	4.236184E+2
7.995668E+2	4.255747E+2
7.998149E+2	4.272250E+2
8.000630E+2	4.298643E+2
8.003111E+2	4.318971E+2
8.005591E+2	4.335255E+2
8.008072E+2	4.357878E+2
8.010553E+2	4.379791E+2
8.013033E+2	4.398261E+2
8.015514E+2	4.410173E+2
8.017994E+2	4.417222E+2
8.020474E+2	4.425747E+2
8.022955E+2	4.433561E+2
8.025435E+2	4.436621E+2
8.027915E+2	4.440884E+2
8.030395E+2	4.445911E+2
8.032874E+2	4.446894E+2
8.035354E+2	4.446020E+2
8.037834E+2	4.438862E+2
8.040313E+2	4.429572E+2
8.042793E+2	4.411758E+2
8.045272E+2	4.395037E+2
8.047752E+2	4.379845E+2
8.050231E+2	4.362468E+2
8.052710E+2	4.341321E+2
8.055189E+2	4.317168E+2
8.057668E+2	4.296293E+2
8.060147E+2	4.273507E+2
8.062625E+2	4.246894E+2
8.065104E+2	4.220392E+2
8.067583E+2	4.191976E+2
8.070061E+2	4.169190E+2
8.072540E+2	4.150446E+2
8.075018E+2	4.146403E+2
8.077496E+2	4.143343E+2
8.079974E+2	4.154763E+2
8.082452E+2	4.174873E+2
8.084930E+2	4.190446E+2
8.087408E+2	4.222195E+2
8.089886E+2	4.260228E+2
8.092364E+2	4.308971E+2
8.094841E+2	4.366457E+2
8.097319E+2	4.438916E+2
8.099796E+2	4.519354E+2
8.102273E+2	4.610665E+2
8.104751E+2	4.710392E+2
8.107228E+2	4.805856E+2
8.109705E+2	4.902578E+2
8.112182E+2	4.995091E+2
8.114659E+2	5.082195E+2
8.117135E+2	5.162905E+2
8.119612E+2	5.229463E+2
8.122089E+2	5.284545E+2
8.124565E+2	5.326567E+2
8.127042E+2	5.358698E+2
8.129518E+2	5.378916E+2
8.131994E+2	5.387769E+2
8.134470E+2	5.387496E+2
8.136946E+2	5.374818E+2
8.139422E+2	5.354108E+2
8.141898E+2	5.321047E+2
8.144374E+2	5.288097E+2
8.146850E+2	5.250938E+2
8.149325E+2	5.217386E+2
8.151801E+2	5.175692E+2
8.154276E+2	5.140665E+2
8.156752E+2	5.105255E+2
8.159227E+2	5.071649E+2
8.161702E+2	5.040993E+2
8.164177E+2	5.015474E+2
8.166652E+2	4.995528E+2
8.169127E+2	4.983397E+2
8.171602E+2	4.967933E+2
8.174077E+2	4.955255E+2
8.176551E+2	4.946949E+2
8.179026E+2	4.943343E+2
8.181500E+2	4.937933E+2
8.183975E+2	4.938425E+2
8.186449E+2	4.932468E+2
8.188923E+2	4.933616E+2
8.191397E+2	4.931321E+2
8.193871E+2	4.930829E+2
8.196345E+2	4.926785E+2
8.198819E+2	4.915474E+2
8.201293E+2	4.901813E+2
8.203766E+2	4.890720E+2
8.206240E+2	4.874490E+2
8.208713E+2	4.850173E+2
8.211187E+2	4.824763E+2
8.213660E+2	4.797714E+2
8.216133E+2	4.771321E+2
8.218606E+2	4.741266E+2
8.221079E+2	4.705146E+2
8.223552E+2	4.661539E+2
8.226025E+2	4.613288E+2
8.228498E+2	4.563889E+2
8.230970E+2	4.505037E+2
8.233443E+2	4.439681E+2
8.235915E+2	4.372960E+2
8.238388E+2	4.295856E+2
8.240860E+2	4.217714E+2
8.243332E+2	4.129190E+2
8.245804E+2	4.032523E+2
8.248276E+2	3.923015E+2
8.250748E+2	3.808097E+2
8.253220E+2	3.681813E+2
8.255692E+2	3.550501E+2
8.258163E+2	3.424108E+2
8.260635E+2	3.298916E+2
8.263106E+2	3.176840E+2
8.265578E+2	3.056348E+2
8.268049E+2	2.947605E+2
8.270520E+2	2.849135E+2
8.272991E+2	2.757550E+2
8.275462E+2	2.678971E+2
8.277933E+2	2.608534E+2
8.280404E+2	2.551703E+2
8.282875E+2	2.499845E+2
8.285345E+2	2.460446E+2
8.287816E+2	2.424217E+2
8.290287E+2	2.393834E+2
8.292757E+2	2.370173E+2
8.295227E+2	2.343233E+2
8.297697E+2	2.315255E+2
8.300168E+2	2.287168E+2
8.302638E+2	2.264435E+2
8.305107E+2	2.239791E+2
8.307577E+2	2.217987E+2
8.310047E+2	2.193561E+2
8.312517E+2	2.166785E+2
8.314986E+2	2.136676E+2
8.317456E+2	2.102086E+2
8.319925E+2	2.071813E+2
8.322394E+2	2.042468E+2
8.324864E+2	2.009135E+2
8.327333E+2	1.972796E+2
8.329802E+2	1.927386E+2
8.332271E+2	1.886129E+2
8.334740E+2	1.835310E+2
8.337208E+2	1.790665E+2
8.339677E+2	1.745638E+2
8.342146E+2	1.699408E+2
8.344614E+2	1.656894E+2
8.347082E+2	1.620829E+2
8.349551E+2	1.586621E+2
8.352019E+2	1.553780E+2
8.354487E+2	1.523452E+2
8.356955E+2	1.500282E+2
8.359423E+2	1.478206E+2
8.361891E+2	1.462632E+2
8.364359E+2	1.446020E+2
8.366826E+2	1.432741E+2
8.369294E+2	1.420228E+2
8.371761E+2	1.409572E+2
8.374229E+2	1.401922E+2
8.376696E+2	1.394217E+2
8.379163E+2	1.385364E+2
8.381630E+2	1.375856E+2
8.384097E+2	1.370337E+2
8.386564E+2	1.365638E+2
8.389031E+2	1.361758E+2
8.391498E+2	1.354982E+2
8.393965E+2	1.352140E+2
8.396431E+2	1.345692E+2
8.398898E+2	1.345474E+2
8.401364E+2	1.342741E+2
8.403830E+2	1.346785E+2
8.406297E+2	1.346457E+2
8.408763E+2	1.345146E+2
8.411229E+2	1.336403E+2
8.413695E+2	1.330064E+2
8.416161E+2	1.325911E+2
8.418626E+2	1.321485E+2
8.421092E+2	1.316894E+2
8.423558E+2	1.311594E+2
8.426023E+2	1.303616E+2
8.428489E+2	1.298206E+2
8.430954E+2	1.288206E+2
8.433419E+2	1.284927E+2
8.435884E+2	1.275255E+2
8.438349E+2	1.267222E+2
8.440814E+2	1.256239E+2
8.443279E+2	1.244326E+2
8.445744E+2	1.236457E+2
8.448208E+2	1.229681E+2
8.450673E+2	1.221758E+2
8.453138E+2	1.215856E+2
8.455602E+2	1.206567E+2
8.458066E+2	1.200720E+2
8.460530E+2	1.195255E+2
8.462995E+2	1.193889E+2
8.465459E+2	1.192304E+2
8.467923E+2	1.192960E+2
8.470386E+2	1.189354E+2
8.472850E+2	1.183179E+2
8.475314E+2	1.178261E+2
8.477777E+2	1.175856E+2
8.480241E+2	1.176567E+2
8.482704E+2	1.171813E+2
8.485168E+2	1.171375E+2
8.487631E+2	1.169791E+2
8.490094E+2	1.161976E+2
8.492557E+2	1.158370E+2
8.495020E+2	1.155255E+2
8.497483E+2	1.150884E+2
8.499946E+2	1.149354E+2
8.502408E+2	1.148534E+2
8.504871E+2	1.146512E+2
8.507333E+2	1.142250E+2
8.509796E+2	1.139080E+2
8.512258E+2	1.132468E+2
8.514720E+2	1.132250E+2
8.517182E+2	1.125419E+2
8.519644E+2	1.120938E+2
8.522106E+2	1.119354E+2
8.524568E+2	1.117222E+2
8.527030E+2	1.110774E+2
8.529492E+2	1.107933E+2
8.531953E+2	1.104053E+2
8.534415E+2	1.095310E+2
8.536876E+2	1.087058E+2
8.539337E+2	1.079900E+2
8.541799E+2	1.071211E+2
8.544260E+2	1.061157E+2
8.546721E+2	1.059354E+2
8.549182E+2	1.048916E+2
8.551643E+2	1.040610E+2
8.554103E+2	1.029408E+2
8.556564E+2	1.022086E+2
8.559024E+2	1.013179E+2
8.561485E+2	1.005747E+2
8.563945E+2	9.990256E+1
8.566406E+2	9.966759E+1
8.568866E+2	9.928508E+1
8.571326E+2	9.874956E+1
8.573786E+2	9.806103E+1
8.576246E+2	9.774956E+1
8.578706E+2	9.734519E+1
8.581166E+2	9.720858E+1
8.583625E+2	9.698453E+1
8.586085E+2	9.699546E+1
8.588544E+2	9.635065E+1
8.591004E+2	9.631786E+1
8.593463E+2	9.599000E+1
8.595922E+2	9.575502E+1
8.598381E+2	9.557470E+1
8.600840E+2	9.526868E+1
8.603299E+2	9.536704E+1
8.605758E+2	9.525229E+1
8.608217E+2	9.498453E+1
8.610675E+2	9.485885E+1
8.613134E+2	9.445994E+1
8.615592E+2	9.423043E+1
8.618051E+2	9.353644E+1
8.620509E+2	9.288617E+1
8.622967E+2	9.259109E+1
8.625425E+2	9.195721E+1
8.627883E+2	9.093535E+1
8.630341E+2	9.003371E+1
8.632799E+2	8.971131E+1
8.635257E+2	8.975502E+1
8.637715E+2	8.891896E+1
8.640172E+2	8.834519E+1
8.642630E+2	8.782060E+1
8.645087E+2	8.720311E+1
8.647544E+2	8.637251E+1
8.650001E+2	8.578235E+1
8.652459E+2	8.496814E+1
8.654916E+2	8.437797E+1
8.657372E+2	8.360748E+1
8.659829E+2	8.302825E+1
8.662286E+2	8.274956E+1
8.664743E+2	8.207196E+1
8.667199E+2	8.165120E+1
8.669656E+2	8.078781E+1
8.672112E+2	7.997360E+1
8.674568E+2	7.956923E+1
8.677024E+2	7.908289E+1
8.679481E+2	7.832333E+1
8.681937E+2	7.767852E+1
8.684392E+2	7.700639E+1
8.686848E+2	7.661295E+1
8.689304E+2	7.638344E+1
8.691760E+2	7.605011E+1
8.694215E+2	7.596267E+1
8.696671E+2	7.529601E+1
8.699126E+2	7.541623E+1
8.701581E+2	7.532333E+1
8.704036E+2	7.522497E+1
8.706491E+2	7.472770E+1
8.708946E+2	7.419765E+1
8.711401E+2	7.394628E+1
8.713856E+2	7.385338E+1
8.716311E+2	7.334519E+1
8.718766E+2	7.289164E+1
8.721220E+2	7.229601E+1
8.723674E+2	7.186978E+1
8.726129E+2	7.126868E+1
8.728583E+2	7.120311E+1
8.731037E+2	7.063480E+1
8.733491E+2	6.997907E+1
8.735945E+2	6.934519E+1
8.738399E+2	6.926868E+1
8.740853E+2	6.889164E+1
8.743307E+2	6.860202E+1
8.745760E+2	6.811568E+1
8.748214E+2	6.756377E+1
8.750667E+2	6.759655E+1
8.753121E+2	6.667306E+1
8.755574E+2	6.615393E+1
8.758027E+2	6.541623E+1
8.760480E+2	6.471131E+1
8.762933E+2	6.410475E+1
8.765386E+2	6.368945E+1
8.767839E+2	6.299000E+1
8.770291E+2	6.243808E+1
8.772744E+2	6.168945E+1
8.775196E+2	6.135065E+1
8.777649E+2	6.121950E+1
8.780101E+2	6.117032E+1
8.782553E+2	6.044901E+1
8.785006E+2	5.956377E+1
8.787458E+2	5.915939E+1
8.789910E+2	5.897360E+1
8.792361E+2	5.897907E+1
8.794813E+2	5.912114E+1
8.797265E+2	5.887524E+1
8.799717E+2	5.862934E+1
8.802168E+2	5.847087E+1
8.804619E+2	5.801185E+1
8.807071E+2	5.770584E+1
8.809522E+2	5.745994E+1
8.811973E+2	5.674956E+1
8.814424E+2	5.641623E+1
8.816875E+2	5.618125E+1
8.819326E+2	5.655284E+1
8.821777E+2	5.617032E+1
8.824227E+2	5.546541E+1
8.826678E+2	5.536704E+1
8.829128E+2	5.505011E+1
8.831579E+2	5.482060E+1
8.834029E+2	5.485338E+1
8.836479E+2	5.473317E+1
8.838929E+2	5.453644E+1
8.841379E+2	5.431786E+1
8.843829E+2	5.392442E+1
8.846279E+2	5.378235E+1
8.848729E+2	5.343262E+1
8.851179E+2	5.327961E+1
8.853628E+2	5.265120E+1
8.856078E+2	5.239983E+1
8.858527E+2	5.170584E+1
8.860976E+2	5.141076E+1
8.863425E+2	5.107743E+1
8.865875E+2	5.069491E+1
8.868324E+2	4.992442E+1
8.870772E+2	4.942169E+1
8.873221E+2	4.914847E+1
8.875670E+2	4.876049E+1
8.878119E+2	4.837251E+1
8.880567E+2	4.811021E+1
8.883016E+2	4.777142E+1
8.885464E+2	4.717579E+1
8.887912E+2	4.686431E+1
8.890360E+2	4.638344E+1
8.892809E+2	4.588617E+1
8.895257E+2	4.553644E+1
8.897704E+2	4.512114E+1
8.900152E+2	4.458016E+1
8.902600E+2	4.413754E+1
8.905048E+2	4.384245E+1
8.907495E+2	4.345994E+1
8.909943E+2	4.314847E+1
8.912390E+2	4.291896E+1
8.914837E+2	4.235612E+1
8.917284E+2	4.253098E+1
8.919731E+2	4.232333E+1
8.922178E+2	4.205557E+1
8.924625E+2	4.200092E+1
8.927072E+2	4.162934E+1
8.929519E+2	4.119218E+1
8.931965E+2	4.128508E+1
8.934412E+2	4.102278E+1
8.936858E+2	4.127415E+1
8.939305E+2	4.141623E+1
8.941751E+2	4.100639E+1
8.944197E+2	4.045448E+1
8.946643E+2	4.006650E+1
8.949089E+2	3.985338E+1
8.951535E+2	3.954191E+1
8.953981E+2	3.912661E+1
8.956426E+2	3.903918E+1
8.958872E+2	3.867306E+1
8.961317E+2	3.834519E+1
8.963763E+2	3.808289E+1
8.966208E+2	3.748726E+1
8.968653E+2	3.683699E+1
8.971098E+2	3.666213E+1
8.973543E+2	3.679874E+1
8.975988E+2	3.662934E+1
8.978433E+2	3.659655E+1
8.980878E+2	3.625776E+1
8.983323E+2	3.606103E+1
8.985767E+2	3.587524E+1
8.988212E+2	3.544901E+1
8.990656E+2	3.565120E+1
8.993100E+2	3.560748E+1
8.995545E+2	3.539437E+1
8.997989E+2	3.487524E+1
9.000433E+2	3.431240E+1
9.002877E+2	3.403371E+1
9.005320E+2	3.388617E+1
9.007764E+2	3.430147E+1
9.010208E+2	3.428508E+1
9.012651E+2	3.411568E+1
9.015095E+2	3.398453E+1
9.017538E+2	3.418125E+1
9.019981E+2	3.435612E+1
9.022425E+2	3.452005E+1
9.024868E+2	3.478781E+1
9.027311E+2	3.447087E+1
9.029754E+2	3.443262E+1
9.032196E+2	3.432333E+1
9.034639E+2	3.445448E+1
9.037082E+2	3.406650E+1
9.039524E+2	3.438890E+1
9.041967E+2	3.408289E+1
9.044409E+2	3.411021E+1
9.046851E+2	3.447633E+1
9.049293E+2	3.466759E+1
9.051736E+2	3.453098E+1
9.054177E+2	3.456377E+1
9.056619E+2	3.456923E+1
9.059061E+2	3.448726E+1
9.061503E+2	3.438890E+1
9.063944E+2	3.457470E+1
9.066386E+2	3.435065E+1
9.068827E+2	3.429054E+1
9.071269E+2	3.460202E+1
9.073710E+2	3.442169E+1
9.076151E+2	3.443808E+1
9.078592E+2	3.437251E+1
9.081033E+2	3.421404E+1
9.083474E+2	3.438890E+1
9.085915E+2	3.388071E+1
9.088355E+2	3.350912E+1
9.090796E+2	3.343262E+1
9.093236E+2	3.344901E+1
9.095677E+2	3.371131E+1
9.098117E+2	3.352005E+1
9.100557E+2	3.361841E+1
9.102997E+2	3.360748E+1
9.105437E+2	3.349273E+1
9.107877E+2	3.364027E+1
9.110317E+2	3.407743E+1
9.112757E+2	3.371131E+1
9.115197E+2	3.388071E+1
9.117636E+2	3.400092E+1
9.120076E+2	3.399546E+1
9.122515E+2	3.359109E+1
9.124954E+2	3.324136E+1
9.127393E+2	3.327961E+1
9.129832E+2	3.356377E+1
9.132271E+2	3.365120E+1
9.134710E+2	3.365666E+1
9.137149E+2	3.370038E+1
9.139588E+2	3.355284E+1
9.142026E+2	3.329601E+1
9.144465E+2	3.301732E+1
9.146903E+2	3.301732E+1
9.149342E+2	3.277142E+1
9.151780E+2	3.290803E+1
9.154218E+2	3.308836E+1
9.156656E+2	3.285885E+1
9.159094E+2	3.270038E+1
9.161532E+2	3.253098E+1
9.163970E+2	3.251459E+1
9.166408E+2	3.242715E+1
9.168845E+2	3.268945E+1
9.171283E+2	3.244901E+1
9.173720E+2	3.242169E+1
9.176157E+2	3.262388E+1
9.178595E+2	3.255830E+1
9.181032E+2	3.252551E+1
9.183469E+2	3.203371E+1
9.185906E+2	3.206650E+1
9.188343E+2	3.157470E+1
9.190779E+2	3.165666E+1
9.193216E+2	3.123590E+1
9.195653E+2	3.088071E+1
9.198089E+2	3.031240E+1
9.200525E+2	3.036704E+1
9.202962E+2	3.030694E+1
9.205398E+2	3.009382E+1
9.207834E+2	2.996814E+1
9.210270E+2	3.012114E+1
9.212706E+2	3.027415E+1
9.215142E+2	3.026868E+1
9.217577E+2	3.019218E+1
9.220013E+2	2.997360E+1
9.222449E+2	2.950366E+1
9.224884E+2	2.950912E+1
9.227319E+2	2.931786E+1
9.229755E+2	2.889710E+1
9.232190E+2	2.856923E+1
9.234625E+2	2.852551E+1
9.237060E+2	2.811021E+1
9.239495E+2	2.820311E+1
9.241930E+2	2.773317E+1
9.244364E+2	2.747633E+1
9.246799E+2	2.744355E+1
9.249233E+2	2.711021E+1
9.251668E+2	2.708289E+1
9.254102E+2	2.668945E+1
9.256536E+2	2.650366E+1
9.258971E+2	2.615939E+1
9.261405E+2	2.658562E+1
9.263839E+2	2.654191E+1
9.266272E+2	2.626322E+1
9.268706E+2	2.631786E+1
9.271140E+2	2.638344E+1
9.273573E+2	2.624136E+1
9.276007E+2	2.607196E+1
9.278440E+2	2.593535E+1
9.280874E+2	2.570038E+1
9.283307E+2	2.532879E+1
9.285740E+2	2.497360E+1
9.288173E+2	2.466759E+1
9.290606E+2	2.454737E+1
9.293039E+2	2.448180E+1
9.295471E+2	2.458562E+1
9.297904E+2	2.512114E+1
9.300337E+2	2.466213E+1
9.302769E+2	2.425229E+1
9.305201E+2	2.401185E+1
9.307634E+2	2.403371E+1
9.310066E+2	2.405011E+1
9.312498E+2	2.389710E+1
9.314930E+2	2.358016E+1
9.317362E+2	2.299000E+1
9.319794E+2	2.268945E+1
9.322225E+2	2.245994E+1
9.324657E+2	2.188617E+1
9.327088E+2	2.133972E+1
9.329520E+2	2.112114E+1
9.331951E+2	2.119218E+1
9.334382E+2	2.107196E+1
9.336814E+2	2.106103E+1
9.339245E+2	2.084792E+1
9.341676E+2	2.067306E+1
9.344106E+2	2.085338E+1
9.346537E+2	2.097360E+1
9.348968E+2	2.075502E+1
9.351398E+2	2.043808E+1
9.353829E+2	2.050366E+1
9.356259E+2	2.023043E+1
9.358690E+2	2.016486E+1
9.361120E+2	1.965666E+1
9.363550E+2	1.948726E+1
9.365980E+2	1.929054E+1
9.368410E+2	1.897360E+1
9.370840E+2	1.950366E+1
9.373269E+2	1.913754E+1
9.375699E+2	1.891896E+1
9.378129E+2	1.906650E+1
9.380558E+2	1.878235E+1
9.382987E+2	1.833426E+1
9.385417E+2	1.842169E+1
9.387846E+2	1.769491E+1
9.390275E+2	1.797360E+1
9.392704E+2	1.777688E+1
9.395133E+2	1.775502E+1
9.397562E+2	1.779327E+1
9.399990E+2	1.780420E+1
9.402419E+2	1.789164E+1
9.404847E+2	1.758562E+1
9.407276E+2	1.767306E+1
9.409704E+2	1.743262E+1
9.412132E+2	1.715939E+1
9.414560E+2	1.750912E+1
9.416988E+2	1.696814E+1
9.419416E+2	1.683699E+1
9.421844E+2	1.664027E+1
9.424272E+2	1.631786E+1
9.426700E+2	1.603918E+1
9.429127E+2	1.574409E+1
9.431555E+2	1.572770E+1
9.433982E+2	1.565120E+1
9.436409E+2	1.528508E+1
9.438837E+2	1.501185E+1
9.441264E+2	1.484245E+1
9.443691E+2	1.453644E+1
9.446118E+2	1.433426E+1
9.448544E+2	1.460748E+1
9.450971E+2	1.462934E+1
9.453398E+2	1.480967E+1
9.455824E+2	1.458016E+1
9.458251E+2	1.460748E+1
9.460677E+2	1.464027E+1
9.463103E+2	1.491896E+1
9.465530E+2	1.488617E+1
9.467956E+2	1.476595E+1
9.470382E+2	1.436704E+1
9.472807E+2	1.464027E+1
9.475233E+2	1.469491E+1
9.477659E+2	1.442715E+1
9.480084E+2	1.430147E+1
9.482510E+2	1.428508E+1
9.484935E+2	1.462388E+1
9.487361E+2	1.477142E+1
9.489786E+2	1.540530E+1
9.492211E+2	1.524136E+1
9.494636E+2	1.526322E+1
9.497061E+2	1.517579E+1
9.499486E+2	1.500639E+1
9.501911E+2	1.525776E+1
9.504335E+2	1.506103E+1
9.506760E+2	1.480967E+1
9.509184E+2	1.466759E+1
9.511609E+2	1.456377E+1
9.514033E+2	1.491896E+1
9.516457E+2	1.504464E+1
9.518881E+2	1.507196E+1
9.521305E+2	1.500639E+1
9.523729E+2	1.566213E+1
9.526153E+2	1.589164E+1
9.528576E+2	1.575502E+1
9.531000E+2	1.625776E+1
9.533424E+2	1.641623E+1
9.535847E+2	1.654737E+1
9.538270E+2	1.654737E+1
9.540694E+2	1.658016E+1
9.543117E+2	1.618125E+1
9.545540E+2	1.625229E+1
9.547963E+2	1.612661E+1
9.550386E+2	1.619765E+1
9.552808E+2	1.614847E+1
9.555231E+2	1.624136E+1
9.557654E+2	1.614847E+1
9.560076E+2	1.633426E+1
9.562498E+2	1.581513E+1
9.564921E+2	1.618125E+1
9.567343E+2	1.617579E+1
9.569765E+2	1.631240E+1
9.572187E+2	1.654737E+1
9.574609E+2	1.638344E+1
9.577031E+2	1.634519E+1
9.579452E+2	1.631240E+1
9.581874E+2	1.621404E+1
9.584296E+2	1.660202E+1
9.586717E+2	1.668945E+1
9.589138E+2	1.658562E+1
9.591560E+2	1.649819E+1
9.593981E+2	1.635612E+1
9.596402E+2	1.625776E+1
9.598823E+2	1.617579E+1
9.601244E+2	1.595174E+1
9.603664E+2	1.632879E+1
9.606085E+2	1.602825E+1
9.608506E+2	1.598453E+1
9.610926E+2	1.568945E+1
9.613347E+2	1.573863E+1
9.615767E+2	1.563480E+1
9.618187E+2	1.585885E+1
9.620607E+2	1.556377E+1
9.623027E+2	1.580420E+1
9.625447E+2	1.570038E+1
9.627867E+2	1.572224E+1
9.630287E+2	1.558562E+1
9.632706E+2	1.499000E+1
9.635126E+2	1.485338E+1
9.637545E+2	1.447087E+1
9.639965E+2	1.474409E+1
9.642384E+2	1.461295E+1
9.644803E+2	1.462934E+1
9.647222E+2	1.455830E+1
9.649641E+2	1.415393E+1
9.652060E+2	1.449819E+1
9.654479E+2	1.459109E+1
9.656897E+2	1.462934E+1
9.659316E+2	1.444355E+1
9.661734E+2	1.386431E+1
9.664153E+2	1.385885E+1
9.666571E+2	1.375502E+1
9.668989E+2	1.447633E+1
9.671408E+2	1.451459E+1
9.673826E+2	1.449273E+1
9.676243E+2	1.494082E+1
9.678661E+2	1.479327E+1
9.681079E+2	1.485338E+1
9.683497E+2	1.480967E+1
9.685914E+2	1.474409E+1
9.688332E+2	1.462934E+1
9.690749E+2	1.502825E+1
9.693166E+2	1.471677E+1
9.695583E+2	1.459655E+1
9.698001E+2	1.458016E+1
9.700417E+2	1.459109E+1
9.702834E+2	1.423590E+1
9.705251E+2	1.390803E+1
9.707668E+2	1.385885E+1
9.710084E+2	1.387524E+1
9.712501E+2	1.376049E+1
9.714917E+2	1.385885E+1
9.717334E+2	1.405557E+1
9.719750E+2	1.418672E+1
9.722166E+2	1.445994E+1
9.724582E+2	1.467852E+1
9.726998E+2	1.453644E+1
9.729414E+2	1.462388E+1
9.731830E+2	1.419218E+1
9.734245E+2	1.422497E+1
9.736661E+2	1.431240E+1
9.739076E+2	1.474956E+1
9.741492E+2	1.442169E+1
9.743907E+2	1.443808E+1
9.746322E+2	1.464573E+1
9.748737E+2	1.466759E+1
9.751152E+2	1.456377E+1
9.753567E+2	1.468945E+1
9.755982E+2	1.460202E+1
9.758396E+2	1.460748E+1
9.760811E+2	1.452005E+1
9.763226E+2	1.499000E+1
9.765640E+2	1.497907E+1
9.768054E+2	1.492442E+1
9.770468E+2	1.449819E+1
9.772883E+2	1.473317E+1
9.775297E+2	1.498453E+1
9.777711E+2	1.524136E+1
9.780124E+2	1.541623E+1
9.782538E+2	1.538344E+1
9.784952E+2	1.522497E+1
9.787365E+2	1.473317E+1
9.789779E+2	1.483153E+1
9.792192E+2	1.499546E+1
9.794605E+2	1.507196E+1
9.797019E+2	1.540530E+1
9.799432E+2	1.518125E+1
9.801845E+2	1.472770E+1
9.804257E+2	1.485338E+1
9.806670E+2	1.525229E+1
9.809083E+2	1.544355E+1
9.811496E+2	1.570038E+1
9.813908E+2	1.531240E+1
9.816320E+2	1.474409E+1
9.818733E+2	1.418672E+1
9.821145E+2	1.397360E+1
9.823557E+2	1.376595E+1
9.825969E+2	1.377688E+1
9.828381E+2	1.388617E+1
9.830793E+2	1.424683E+1
9.833205E+2	1.394082E+1
9.835616E+2	1.425229E+1
9.838028E+2	1.390256E+1
9.840439E+2	1.424683E+1
9.842851E+2	1.403918E+1
9.845262E+2	1.382606E+1
9.847673E+2	1.394628E+1
9.850084E+2	1.392989E+1
9.852495E+2	1.418672E+1
9.854906E+2	1.411021E+1
9.857317E+2	1.425776E+1
9.859727E+2	1.404464E+1
9.862138E+2	1.380967E+1
9.864549E+2	1.371677E+1
9.866959E+2	1.301185E+1
9.869369E+2	1.280967E+1
9.871779E+2	1.245994E+1
9.874190E+2	1.233426E+1
9.876600E+2	1.242169E+1
9.879010E+2	1.276049E+1
9.881419E+2	1.280420E+1
9.883829E+2	1.324136E+1
9.886239E+2	1.263480E+1
9.888648E+2	1.298453E+1
9.891058E+2	1.308836E+1
9.893467E+2	1.280967E+1
9.895876E+2	1.296814E+1
9.898285E+2	1.290256E+1
9.900695E+2	1.287524E+1
9.903104E+2	1.297907E+1
9.905512E+2	1.335612E+1
9.907921E+2	1.348726E+1
9.910330E+2	1.340530E+1
9.912738E+2	1.324683E+1
9.915147E+2	1.346541E+1
9.917555E+2	1.376595E+1
9.919964E+2	1.406103E+1
9.922372E+2	1.395174E+1
9.924780E+2	1.371131E+1
9.927188E+2	1.352005E+1
9.929596E+2	1.382606E+1
9.932004E+2	1.372770E+1
9.934411E+2	1.346541E+1
9.936819E+2	1.297360E+1
9.939227E+2	1.266213E+1
9.941634E+2	1.308289E+1
9.944041E+2	1.301732E+1
9.946449E+2	1.323590E+1
9.948856E+2	1.342715E+1
9.951263E+2	1.311021E+1
9.953670E+2	1.288617E+1
9.956077E+2	1.320858E+1
9.958483E+2	1.318672E+1
9.960890E+2	1.321950E+1
9.963297E+2	1.311021E+1
9.965703E+2	1.292989E+1
9.968109E+2	1.304464E+1
9.970516E+2	1.283699E+1
9.972922E+2	1.266213E+1
9.975328E+2	1.243262E+1
9.977734E+2	1.199000E+1
9.980140E+2	1.191349E+1
9.982546E+2	1.159109E+1
9.984951E+2	1.165666E+1
9.987357E+2	1.124683E+1
9.989763E+2	1.164573E+1
9.992168E+2	1.161295E+1
9.994573E+2	1.147087E+1
9.996978E+2	1.128508E+1
9.999384E+2	1.102278E+1
1.000179E+3	1.073317E+1
1.000419E+3	1.063480E+1
1.000660E+3	1.067306E+1
1.000900E+3	1.068398E+1
1.001141E+3	1.063480E+1
1.001381E+3	1.105557E+1
1.001622E+3	1.103918E+1
1.001862E+3	1.137797E+1
1.002103E+3	1.162388E+1
1.002343E+3	1.171131E+1
1.002583E+3	1.162934E+1
1.002824E+3	1.138344E+1
1.003064E+3	1.090803E+1
1.003305E+3	1.112114E+1
1.003545E+3	1.091349E+1
1.003785E+3	1.096267E+1
1.004026E+3	1.128508E+1
1.004266E+3	1.138344E+1
1.004506E+3	1.146541E+1
1.004747E+3	1.152005E+1
1.004987E+3	1.122497E+1
1.005227E+3	1.074956E+1
1.005468E+3	1.027961E+1
1.005708E+3	1.000639E+1
1.005948E+3	9.984531E+0
1.006188E+3	9.880706E+0
1.006429E+3	1.010475E+1
1.006669E+3	9.918958E+0
1.006909E+3	1.000092E+1
1.007149E+3	1.016486E+1
1.007390E+3	1.060748E+1
1.007630E+3	1.045994E+1
1.007870E+3	1.044901E+1
1.008110E+3	1.079327E+1
1.008350E+3	1.135612E+1
1.008590E+3	1.158016E+1
1.008831E+3	1.122497E+1
1.009071E+3	1.124683E+1
1.009311E+3	1.121404E+1
1.009551E+3	1.127961E+1
1.009791E+3	1.137251E+1
1.010031E+3	1.137251E+1
1.010271E+3	1.109382E+1
1.010511E+3	1.066759E+1
1.010752E+3	1.098453E+1
1.010992E+3	1.121950E+1
1.011232E+3	1.153098E+1
1.011472E+3	1.131240E+1
1.011712E+3	1.117579E+1
1.011952E+3	1.113754E+1
1.012192E+3	1.098453E+1
1.012432E+3	1.106650E+1
1.012672E+3	1.119765E+1
1.012912E+3	1.164027E+1
1.013152E+3	1.160202E+1
1.013392E+3	1.167306E+1
1.013632E+3	1.135065E+1
1.013872E+3	1.156923E+1
1.014112E+3	1.166213E+1
1.014352E+3	1.182060E+1
1.014591E+3	1.213207E+1
1.014831E+3	1.228508E+1
1.015071E+3	1.213754E+1
1.015311E+3	1.207196E+1
1.015551E+3	1.195174E+1
1.015791E+3	1.180967E+1
1.016031E+3	1.222497E+1
1.016271E+3	1.245448E+1
1.016511E+3	1.208289E+1
1.016750E+3	1.201732E+1
1.016990E+3	1.175502E+1
1.017230E+3	1.183699E+1
1.017470E+3	1.191896E+1
1.017710E+3	1.221404E+1
1.017949E+3	1.236704E+1
1.018189E+3	1.255830E+1
1.018429E+3	1.224136E+1
1.018669E+3	1.199000E+1
1.018908E+3	1.154737E+1
1.019148E+3	1.103371E+1
1.019388E+3	1.070038E+1
1.019628E+3	1.113207E+1
1.019867E+3	1.135612E+1
1.020107E+3	1.179874E+1
1.020347E+3	1.159655E+1
1.020586E+3	1.139983E+1
1.020826E+3	1.130694E+1
1.021066E+3	1.081513E+1
1.021305E+3	1.071131E+1
1.021545E+3	1.096267E+1
1.021785E+3	1.062388E+1
1.022024E+3	1.051459E+1
1.022264E+3	1.056377E+1
1.022504E+3	1.069491E+1
1.022743E+3	1.068945E+1
1.022983E+3	1.077688E+1
1.023222E+3	1.062388E+1
1.023462E+3	1.052005E+1
1.023702E+3	1.007743E+1
1.023941E+3	1.013754E+1
1.024181E+3	1.040530E+1
1.024420E+3	1.035612E+1
1.024660E+3	1.047633E+1
1.024899E+3	1.042169E+1
1.025139E+3	1.055830E+1
1.025378E+3	1.014300E+1
1.025618E+3	1.010475E+1
1.025857E+3	9.968138E+0
1.026097E+3	9.755023E+0
1.026336E+3	9.984531E+0
1.026575E+3	1.031786E+1
1.026815E+3	1.023590E+1
1.027054E+3	1.033972E+1
1.027294E+3	1.038344E+1
1.027533E+3	9.918958E+0
1.027773E+3	9.973602E+0
1.028012E+3	1.007196E+1
1.028251E+3	1.016486E+1
1.028491E+3	1.017032E+1
1.028730E+3	1.017032E+1
1.028969E+3	1.026322E+1
1.029209E+3	1.004464E+1
1.029448E+3	1.011568E+1
1.029687E+3	1.065120E+1
1.029927E+3	1.060202E+1
1.030166E+3	1.073863E+1
1.030405E+3	1.076049E+1
1.030645E+3	1.021950E+1
1.030884E+3	9.902564E+0
1.031123E+3	9.913493E+0
1.031362E+3	1.002825E+1
1.031602E+3	1.042715E+1
1.031841E+3	1.017032E+1
1.032080E+3	1.031240E+1
1.032319E+3	1.001732E+1
1.032558E+3	9.798739E+0
1.032798E+3	9.509121E+0
1.033037E+3	9.705843E+0
1.033276E+3	9.547373E+0
1.033515E+3	9.640269E+0
1.033754E+3	9.525515E+0
1.033993E+3	9.793274E+0
1.034233E+3	9.459941E+0
1.034472E+3	9.224968E+0
1.034711E+3	9.279613E+0
1.034950E+3	9.323329E+0
1.035189E+3	9.203111E+0
1.035428E+3	8.957209E+0
1.035667E+3	8.733165E+0
1.035906E+3	8.645734E+0
1.036145E+3	8.552837E+0
1.036384E+3	8.787810E+0
1.036623E+3	8.640269E+0
1.036862E+3	8.733165E+0
1.037101E+3	8.388903E+0
1.037340E+3	8.126608E+0
1.037579E+3	7.716772E+0
1.037818E+3	7.869777E+0
1.038057E+3	7.836990E+0
1.038296E+3	8.203111E+0
1.038535E+3	8.181253E+0
1.038774E+3	8.033712E+0
1.039013E+3	7.908029E+0
1.039252E+3	7.459941E+0
1.039491E+3	7.410761E+0
1.039730E+3	7.290542E+0
1.039969E+3	7.618411E+0
1.040208E+3	7.088356E+0
1.040447E+3	7.000925E+0
1.040685E+3	7.339723E+0
1.040924E+3	7.432619E+0
1.041163E+3	6.968138E+0
1.041402E+3	6.782346E+0
1.041641E+3	6.836990E+0
1.041880E+3	6.902564E+0
1.042118E+3	7.022783E+0
1.042357E+3	6.765952E+0
1.042596E+3	6.897100E+0
1.042835E+3	7.028247E+0
1.043074E+3	6.853384E+0
1.043312E+3	6.700378E+0
1.043551E+3	6.694914E+0
1.043790E+3	7.383438E+0
1.044029E+3	7.607482E+0
1.044267E+3	7.356116E+0
1.044506E+3	7.651198E+0
1.044745E+3	7.765952E+0
1.044983E+3	8.017318E+0
1.045222E+3	8.110214E+0
1.045461E+3	8.230433E+0
1.045699E+3	8.230433E+0
1.045938E+3	8.077427E+0
1.046177E+3	7.334258E+0
1.046415E+3	7.367045E+0
1.046654E+3	6.957209E+0
1.046893E+3	7.017318E+0
1.047131E+3	7.246826E+0
1.047370E+3	7.651198E+0
1.047608E+3	7.514586E+0
1.047847E+3	7.765952E+0
1.048086E+3	7.793274E+0
1.048324E+3	8.470870E+0
1.048563E+3	8.623876E+0
1.048801E+3	8.689449E+0
1.049040E+3	8.760488E+0
1.049278E+3	8.421690E+0
1.049517E+3	8.383438E+0
1.049755E+3	8.755023E+0
1.049994E+3	9.028247E+0
1.050232E+3	9.399832E+0
1.050471E+3	9.388903E+0
1.050709E+3	8.918958E+0
1.050948E+3	8.935351E+0
1.051186E+3	9.148466E+0
1.051424E+3	8.935351E+0
1.051663E+3	8.995460E+0
1.051901E+3	8.776881E+0
1.052140E+3	8.629340E+0
1.052378E+3	8.776881E+0
1.052616E+3	8.760488E+0
1.052855E+3	8.809668E+0
1.053093E+3	8.744094E+0
1.053332E+3	8.612947E+0
1.053570E+3	8.929887E+0
1.053808E+3	9.317865E+0
1.054047E+3	9.514586E+0
1.054285E+3	9.842455E+0
1.054523E+3	9.574695E+0
1.054761E+3	1.002278E+1
1.055000E+3	9.940815E+0
1.055238E+3	9.760488E+0
1.055476E+3	9.552837E+0
1.055715E+3	9.744094E+0
1.055953E+3	9.853384E+0
1.056191E+3	9.711307E+0
1.056429E+3	9.782346E+0
1.056667E+3	9.776881E+0
1.056906E+3	1.006103E+1
1.057144E+3	9.826061E+0
1.057382E+3	9.634805E+0
1.057620E+3	9.804203E+0
1.057858E+3	1.001185E+1
1.058097E+3	9.979067E+0
1.058335E+3	9.219504E+0
1.058573E+3	8.897100E+0
1.058811E+3	8.880706E+0
1.059049E+3	9.230433E+0
1.059287E+3	8.891635E+0
1.059525E+3	8.596553E+0
1.059763E+3	8.252291E+0
1.060001E+3	8.285078E+0
1.060239E+3	8.339723E+0
1.060478E+3	8.203111E+0
1.060716E+3	8.509121E+0
1.060954E+3	8.563766E+0
1.061192E+3	9.071963E+0
1.061430E+3	8.842455E+0
1.061668E+3	8.175788E+0
1.061906E+3	7.667591E+0
1.062144E+3	7.421690E+0
1.062382E+3	7.203111E+0
1.062620E+3	7.071963E+0
1.062858E+3	6.219504E+0
1.063096E+3	5.820597E+0
1.063333E+3	5.798739E+0
1.063571E+3	5.711307E+0
1.063809E+3	5.580160E+0
1.064047E+3	5.503657E+0
1.064285E+3	5.711307E+0
1.064523E+3	5.558302E+0
1.064761E+3	5.574695E+0
1.064999E+3	5.607482E+0
1.065237E+3	5.858848E+0
1.065474E+3	5.809668E+0
1.065712E+3	5.432619E+0
1.065950E+3	5.241362E+0
1.066188E+3	5.356116E+0
1.066426E+3	5.673056E+0
1.066664E+3	5.765952E+0
1.066901E+3	5.498193E+0
1.067139E+3	5.530979E+0
1.067377E+3	5.432619E+0
1.067615E+3	5.372509E+0
1.067852E+3	5.301471E+0
1.068090E+3	4.951744E+0
1.068328E+3	4.787810E+0
1.068566E+3	4.563766E+0
1.068803E+3	4.175788E+0
1.069041E+3	4.235897E+0
1.069279E+3	4.153930E+0
1.069516E+3	4.170324E+0
1.069754E+3	3.957209E+0
1.069992E+3	3.929887E+0
1.070229E+3	3.897100E+0
1.070467E+3	4.082892E+0
1.070705E+3	4.022783E+0
1.070942E+3	3.908029E+0
1.071180E+3	3.793274E+0
1.071418E+3	3.623876E+0
1.071655E+3	3.574695E+0
1.071893E+3	3.383438E+0
1.072130E+3	3.077427E+0
1.072368E+3	2.995460E+0
1.072605E+3	2.908029E+0
1.072843E+3	3.148466E+0
1.073081E+3	3.082892E+0
1.073318E+3	3.285078E+0
1.073556E+3	3.022783E+0
1.073793E+3	3.077427E+0
1.074031E+3	3.224968E+0
1.074268E+3	3.219504E+0
1.074506E+3	3.377974E+0
1.074743E+3	3.558302E+0
1.074981E+3	3.487264E+0
1.075218E+3	4.011854E+0
1.075455E+3	4.055570E+0
1.075693E+3	3.700378E+0
1.075930E+3	3.760488E+0
1.076168E+3	3.858848E+0
1.076405E+3	4.104750E+0
1.076642E+3	4.443548E+0
1.076880E+3	4.591089E+0
1.077117E+3	4.421690E+0
1.077355E+3	5.011854E+0
1.077592E+3	5.356116E+0
1.077829E+3	5.203111E+0
1.078067E+3	5.465406E+0
1.078304E+3	5.798739E+0
1.078541E+3	6.454477E+0
1.078779E+3	6.377974E+0
1.079016E+3	6.749559E+0
1.079253E+3	6.760488E+0
1.079490E+3	6.503657E+0
1.079728E+3	6.454477E+0
1.079965E+3	6.219504E+0
1.080202E+3	6.208575E+0
1.080439E+3	6.082892E+0
1.080677E+3	6.044641E+0
1.080914E+3	6.104750E+0
1.081151E+3	6.356116E+0
1.081388E+3	6.399832E+0
1.081625E+3	6.552837E+0
1.081863E+3	6.268684E+0
1.082100E+3	6.082892E+0
1.082337E+3	5.569231E+0
1.082574E+3	5.842455E+0
1.082811E+3	5.760488E+0
1.083048E+3	5.607482E+0
1.083285E+3	5.203111E+0
1.083522E+3	4.869777E+0
1.083760E+3	5.061034E+0
1.083997E+3	5.039176E+0
1.084234E+3	5.350652E+0
1.084471E+3	5.416225E+0
1.084708E+3	5.552837E+0
1.084945E+3	5.662127E+0
1.085182E+3	5.503657E+0
1.085419E+3	5.722236E+0
1.085656E+3	5.957209E+0
1.085893E+3	6.274149E+0
1.086130E+3	6.383438E+0
1.086367E+3	6.771417E+0
1.086604E+3	7.306936E+0
1.086841E+3	7.596553E+0
1.087078E+3	7.246826E+0
1.087315E+3	7.121143E+0
1.087552E+3	7.159395E+0
1.087789E+3	6.902564E+0
1.088026E+3	6.410761E+0
1.088262E+3	6.306936E+0
1.088499E+3	6.432619E+0
1.088736E+3	6.755023E+0
1.088973E+3	6.356116E+0
1.089210E+3	6.585624E+0
1.089447E+3	6.683985E+0
1.089684E+3	6.208575E+0
1.089921E+3	6.093821E+0
1.090157E+3	6.645734E+0
1.090394E+3	6.612947E+0
1.090631E+3	6.902564E+0
1.090868E+3	6.798739E+0
1.091105E+3	6.673056E+0
1.091341E+3	6.623876E+0
1.091578E+3	7.022783E+0
1.091815E+3	6.809668E+0
1.092052E+3	6.793274E+0
1.092288E+3	7.104750E+0
1.092525E+3	7.017318E+0
1.092762E+3	6.602018E+0
1.092999E+3	6.230433E+0
1.093235E+3	6.224968E+0
1.093472E+3	5.836990E+0
1.093709E+3	5.700378E+0
1.093945E+3	5.847919E+0
1.094182E+3	5.651198E+0
1.094419E+3	5.607482E+0
1.094655E+3	5.438083E+0
1.094892E+3	5.656662E+0
1.095128E+3	5.771417E+0
1.095365E+3	5.727701E+0
1.095602E+3	5.536444E+0
1.095838E+3	5.520050E+0
1.096075E+3	5.449012E+0
1.096311E+3	5.651198E+0
1.096548E+3	5.755023E+0
1.096784E+3	6.121143E+0
1.097021E+3	6.192182E+0
1.097258E+3	6.224968E+0
1.097494E+3	6.132072E+0
1.097731E+3	6.607482E+0
1.097967E+3	6.804203E+0
1.098204E+3	6.492728E+0
1.098440E+3	6.547373E+0
1.098677E+3	6.585624E+0
1.098913E+3	6.432619E+0
1.099149E+3	6.388903E+0
1.099386E+3	6.050105E+0
1.099622E+3	6.454477E+0
1.099859E+3	5.946280E+0
1.100095E+3	5.875242E+0
1.100332E+3	5.908029E+0
1.100568E+3	5.935351E+0
1.100804E+3	5.596553E+0
1.101041E+3	5.110214E+0
1.101277E+3	4.738630E+0
1.101513E+3	5.296007E+0
1.101750E+3	5.481799E+0
1.101986E+3	6.066499E+0
1.102222E+3	6.110214E+0
1.102459E+3	6.470870E+0
1.102695E+3	7.022783E+0
1.102931E+3	6.831526E+0
1.103168E+3	6.755023E+0
1.103404E+3	7.099285E+0
1.103640E+3	6.798739E+0
1.103876E+3	7.050105E+0
1.104113E+3	7.372509E+0
1.104349E+3	7.394367E+0
1.104585E+3	7.274149E+0
1.104821E+3	7.361580E+0
1.105057E+3	7.208575E+0
1.105294E+3	7.279613E+0
1.105530E+3	7.290542E+0
1.105766E+3	7.361580E+0
1.106002E+3	7.388903E+0
1.106238E+3	7.487264E+0
1.106474E+3	7.673056E+0
1.106711E+3	7.388903E+0
1.106947E+3	7.110214E+0
1.107183E+3	7.104750E+0
1.107419E+3	6.798739E+0
1.107655E+3	6.421690E+0
1.107891E+3	6.673056E+0
1.108127E+3	2.358974E-1
1.108363E+3	-4.307692E-1
1.108599E+3	2.190256E+1
1.108835E+3	1.656923E+1
1.109071E+3	3.556923E+1
1.109307E+3	1.423590E+1
1.109543E+3	9.902564E+0
1.109779E+3	2.690256E+1
1.110015E+3	6.902564E+0
1.110251E+3	4.235897E+0
1.110487E+3	1.423590E+1
1.110723E+3	6.569231E+0
1.110959E+3	1.623590E+1
1.111195E+3	2.490256E+1
1.111431E+3	7.569231E+0
1.111667E+3	2.190256E+1
1.111903E+3	9.025641E-1
1.112139E+3	-9.097436E+0
1.112375E+3	7.902564E+0
1.112611E+3	3.235897E+0
1.112847E+3	1.356923E+1
1.113082E+3	1.056923E+1
1.113318E+3	7.235897E+0
1.113554E+3	2.123590E+1
1.113790E+3	-1.764103E+0
1.114026E+3	-6.764103E+0
1.114262E+3	-9.430769E+0
1.114497E+3	-6.430769E+0
1.114733E+3	-5.097436E+0
1.114969E+3	1.056923E+1
