1.951292E+2	0.000000E+0
1.953960E+2	0.000000E+0
1.956629E+2	0.000000E+0
1.959298E+2	0.000000E+0
1.961966E+2	0.000000E+0
1.964635E+2	0.000000E+0
1.967303E+2	0.000000E+0
1.969972E+2	0.000000E+0
1.972640E+2	0.000000E+0
1.975308E+2	0.000000E+0
1.977977E+2	0.000000E+0
1.980645E+2	0.000000E+0
1.983313E+2	0.000000E+0
1.985981E+2	0.000000E+0
1.988649E+2	0.000000E+0
1.991316E+2	0.000000E+0
1.993984E+2	0.000000E+0
1.996652E+2	0.000000E+0
1.999320E+2	0.000000E+0
2.001987E+2	0.000000E+0
2.004655E+2	0.000000E+0
2.007322E+2	0.000000E+0
2.009989E+2	0.000000E+0
2.012657E+2	0.000000E+0
2.015324E+2	0.000000E+0
2.017991E+2	0.000000E+0
2.020658E+2	0.000000E+0
2.023325E+2	0.000000E+0
2.025992E+2	0.000000E+0
2.028659E+2	0.000000E+0
2.031326E+2	0.000000E+0
2.033992E+2	0.000000E+0
2.036659E+2	0.000000E+0
2.039325E+2	0.000000E+0
2.041992E+2	0.000000E+0
2.044658E+2	0.000000E+0
2.047325E+2	0.000000E+0
2.049991E+2	0.000000E+0
2.052657E+2	0.000000E+0
2.055323E+2	0.000000E+0
2.057989E+2	0.000000E+0
2.060655E+2	0.000000E+0
2.063321E+2	0.000000E+0
2.065987E+2	0.000000E+0
2.068653E+2	0.000000E+0
2.071319E+2	0.000000E+0
2.073984E+2	0.000000E+0
2.076650E+2	0.000000E+0
2.079315E+2	0.000000E+0
2.081981E+2	0.000000E+0
2.084646E+2	0.000000E+0
2.087311E+2	0.000000E+0
2.089977E+2	0.000000E+0
2.092642E+2	0.000000E+0
2.095307E+2	0.000000E+0
2.097972E+2	0.000000E+0
2.100637E+2	0.000000E+0
2.103302E+2	0.000000E+0
2.105966E+2	0.000000E+0
2.108631E+2	0.000000E+0
2.111296E+2	0.000000E+0
2.113960E+2	0.000000E+0
2.116625E+2	0.000000E+0
2.119289E+2	0.000000E+0
2.121954E+2	0.000000E+0
2.124618E+2	0.000000E+0
2.127282E+2	0.000000E+0
2.129946E+2	0.000000E+0
2.132610E+2	0.000000E+0
2.135274E+2	0.000000E+0
2.137938E+2	0.000000E+0
2.140602E+2	0.000000E+0
2.143266E+2	0.000000E+0
2.145930E+2	0.000000E+0
2.148593E+2	0.000000E+0
2.151257E+2	0.000000E+0
2.153920E+2	0.000000E+0
2.156584E+2	0.000000E+0
2.159247E+2	0.000000E+0
2.161910E+2	0.000000E+0
2.164574E+2	0.000000E+0
2.167237E+2	0.000000E+0
2.169900E+2	0.000000E+0
2.172563E+2	0.000000E+0
2.175226E+2	0.000000E+0
2.177889E+2	0.000000E+0
2.180551E+2	0.000000E+0
2.183214E+2	0.000000E+0
2.185877E+2	0.000000E+0
2.188539E+2	0.000000E+0
2.191202E+2	0.000000E+0
2.193864E+2	0.000000E+0
2.196527E+2	0.000000E+0
2.199189E+2	0.000000E+0
2.201851E+2	0.000000E+0
2.204513E+2	0.000000E+0
2.207175E+2	0.000000E+0
2.209837E+2	0.000000E+0
2.212499E+2	0.000000E+0
2.215161E+2	0.000000E+0
2.217823E+2	0.000000E+0
2.220485E+2	0.000000E+0
2.223146E+2	0.000000E+0
2.225808E+2	0.000000E+0
2.228469E+2	0.000000E+0
2.231131E+2	0.000000E+0
2.233792E+2	0.000000E+0
2.236453E+2	0.000000E+0
2.239115E+2	0.000000E+0
2.241776E+2	0.000000E+0
2.244437E+2	0.000000E+0
2.247098E+2	0.000000E+0
2.249759E+2	0.000000E+0
2.252420E+2	0.000000E+0
2.255080E+2	0.000000E+0
2.257741E+2	0.000000E+0
2.260402E+2	0.000000E+0
2.263062E+2	0.000000E+0
2.265723E+2	0.000000E+0
2.268383E+2	0.000000E+0
2.271044E+2	0.000000E+0
2.273704E+2	0.000000E+0
2.276364E+2	0.000000E+0
2.279024E+2	0.000000E+0
2.281684E+2	0.000000E+0
2.284344E+2	0.000000E+0
2.287004E+2	0.000000E+0
2.289664E+2	0.000000E+0
2.292324E+2	0.000000E+0
2.294984E+2	0.000000E+0
2.297643E+2	0.000000E+0
2.300303E+2	0.000000E+0
2.302962E+2	0.000000E+0
2.305622E+2	0.000000E+0
2.308281E+2	0.000000E+0
2.310940E+2	0.000000E+0
2.313599E+2	0.000000E+0
2.316259E+2	0.000000E+0
2.318918E+2	0.000000E+0
2.321577E+2	0.000000E+0
2.324236E+2	0.000000E+0
2.326894E+2	0.000000E+0
2.329553E+2	0.000000E+0
2.332212E+2	0.000000E+0
2.334871E+2	0.000000E+0
2.337529E+2	0.000000E+0
2.340188E+2	0.000000E+0
2.342846E+2	0.000000E+0
2.345504E+2	0.000000E+0
2.348163E+2	0.000000E+0
2.350821E+2	0.000000E+0
2.353479E+2	0.000000E+0
2.356137E+2	0.000000E+0
2.358795E+2	0.000000E+0
2.361453E+2	0.000000E+0
2.364111E+2	0.000000E+0
2.366769E+2	0.000000E+0
2.369426E+2	0.000000E+0
2.372084E+2	0.000000E+0
2.374741E+2	0.000000E+0
2.377399E+2	0.000000E+0
2.380056E+2	0.000000E+0
2.382714E+2	0.000000E+0
2.385371E+2	0.000000E+0
2.388028E+2	0.000000E+0
2.390685E+2	0.000000E+0
2.393342E+2	0.000000E+0
2.395999E+2	0.000000E+0
2.398656E+2	0.000000E+0
2.401313E+2	0.000000E+0
2.403970E+2	0.000000E+0
2.406626E+2	0.000000E+0
2.409283E+2	0.000000E+0
2.411940E+2	0.000000E+0
2.414596E+2	0.000000E+0
2.417252E+2	0.000000E+0
2.419909E+2	0.000000E+0
2.422565E+2	0.000000E+0
2.425221E+2	0.000000E+0
2.427877E+2	0.000000E+0
2.430533E+2	0.000000E+0
2.433189E+2	0.000000E+0
2.435845E+2	0.000000E+0
2.438501E+2	0.000000E+0
2.441157E+2	0.000000E+0
2.443812E+2	0.000000E+0
2.446468E+2	0.000000E+0
2.449124E+2	0.000000E+0
2.451779E+2	0.000000E+0
2.454434E+2	0.000000E+0
2.457090E+2	0.000000E+0
2.459745E+2	0.000000E+0
2.462400E+2	0.000000E+0
2.465055E+2	0.000000E+0
2.467710E+2	0.000000E+0
2.470365E+2	0.000000E+0
2.473020E+2	0.000000E+0
2.475675E+2	0.000000E+0
2.478330E+2	0.000000E+0
2.480984E+2	0.000000E+0
2.483639E+2	0.000000E+0
2.486294E+2	0.000000E+0
2.488948E+2	0.000000E+0
2.491602E+2	0.000000E+0
2.494257E+2	0.000000E+0
2.496911E+2	0.000000E+0
2.499565E+2	0.000000E+0
2.502219E+2	7.655850E+0
2.504873E+2	7.519238E+0
2.507527E+2	7.147653E+0
2.510181E+2	7.196833E+0
2.512835E+2	7.584812E+0
2.515489E+2	7.868965E+0
2.518142E+2	7.863500E+0
2.520796E+2	8.595741E+0
2.523449E+2	8.901751E+0
2.526103E+2	8.868965E+0
2.528756E+2	8.726888E+0
2.531409E+2	8.267872E+0
2.534063E+2	8.196833E+0
2.536716E+2	8.994648E+0
2.539369E+2	8.847107E+0
2.542022E+2	9.306123E+0
2.544675E+2	8.934538E+0
2.547328E+2	8.896287E+0
2.549980E+2	9.021970E+0
2.552633E+2	8.868965E+0
2.555286E+2	8.683172E+0
2.557938E+2	8.688637E+0
2.560591E+2	9.579347E+0
2.563243E+2	9.666779E+0
2.565896E+2	9.562954E+0
2.568548E+2	1.004383E+1
2.571200E+2	1.031159E+1
2.573852E+2	1.040995E+1
2.576504E+2	1.071596E+1
2.579156E+2	1.092361E+1
2.581808E+2	1.106022E+1
2.584460E+2	1.113672E+1
2.587112E+2	1.116951E+1
2.589763E+2	1.101104E+1
2.592415E+2	1.080339E+1
2.595067E+2	1.075421E+1
2.597718E+2	1.072142E+1
2.600369E+2	1.083618E+1
2.603021E+2	1.089082E+1
2.605672E+2	1.125148E+1
2.608323E+2	1.149192E+1
2.610974E+2	1.136623E+1
2.613625E+2	1.140448E+1
2.616276E+2	1.154656E+1
2.618927E+2	1.149192E+1
2.621578E+2	1.139355E+1
2.624229E+2	1.134984E+1
2.626880E+2	1.188536E+1
2.629530E+2	1.187989E+1
2.632181E+2	1.151924E+1
2.634831E+2	1.091814E+1
2.637482E+2	1.073235E+1
2.640132E+2	1.107115E+1
2.642782E+2	1.139902E+1
2.645432E+2	1.148099E+1
2.648082E+2	1.152470E+1
2.650732E+2	1.132798E+1
2.653382E+2	1.107115E+1
2.656032E+2	1.084711E+1
2.658682E+2	1.091268E+1
2.661332E+2	1.101104E+1
2.663981E+2	1.092361E+1
2.666631E+2	1.092907E+1
2.669281E+2	1.110394E+1
2.671930E+2	1.112580E+1
2.674579E+2	1.070503E+1
2.677229E+2	1.089629E+1
2.679878E+2	1.087989E+1
2.682527E+2	1.050831E+1
2.685176E+2	9.606669E+0
2.687825E+2	9.552025E+0
2.690474E+2	9.836178E+0
2.693123E+2	9.781533E+0
2.695772E+2	9.601205E+0
2.698420E+2	9.213227E+0
2.701069E+2	9.240549E+0
2.703718E+2	9.278801E+0
2.706366E+2	9.562954E+0
2.709014E+2	9.595741E+0
2.711663E+2	9.513773E+0
2.714311E+2	9.524702E+0
2.716959E+2	9.754210E+0
2.719607E+2	9.781533E+0
2.722255E+2	9.164047E+0
2.724903E+2	9.142189E+0
2.727551E+2	9.442735E+0
2.730199E+2	9.327981E+0
2.732847E+2	9.213227E+0
2.735495E+2	9.103937E+0
2.738142E+2	9.087544E+0
2.740790E+2	9.426342E+0
2.743437E+2	9.333445E+0
2.746085E+2	9.185904E+0
2.748732E+2	9.147653E+0
2.751379E+2	9.114866E+0
2.754026E+2	9.076615E+0
2.756674E+2	8.890822E+0
2.759321E+2	9.005577E+0
2.761968E+2	8.688637E+0
2.764614E+2	8.732353E+0
2.767261E+2	8.606669E+0
2.769908E+2	8.388090E+0
2.772555E+2	8.491915E+0
2.775201E+2	8.289730E+0
2.777848E+2	8.196833E+0
2.780494E+2	8.224156E+0
2.783141E+2	8.218691E+0
2.785787E+2	8.218691E+0
2.788433E+2	7.945467E+0
2.791079E+2	7.568418E+0
2.793725E+2	7.224156E+0
2.796371E+2	7.355303E+0
2.799017E+2	6.994648E+0
2.801663E+2	6.633992E+0
2.804309E+2	6.399019E+0
2.806955E+2	5.978254E+0
2.809600E+2	5.721424E+0
2.812246E+2	6.054757E+0
2.814891E+2	6.158582E+0
2.817537E+2	6.317052E+0
2.820182E+2	6.311588E+0
2.822827E+2	6.235085E+0
2.825473E+2	6.202298E+0
2.828118E+2	5.847107E+0
2.830763E+2	5.688637E+0
2.833408E+2	5.295194E+0
2.836053E+2	5.530167E+0
2.838697E+2	5.404484E+0
2.841342E+2	5.240549E+0
2.843987E+2	5.103937E+0
2.846632E+2	5.601205E+0
2.849276E+2	5.661314E+0
2.851921E+2	5.655850E+0
2.854565E+2	5.803391E+0
2.857209E+2	5.945467E+0
2.859853E+2	5.683172E+0
2.862498E+2	5.491915E+0
2.865142E+2	5.021970E+0
2.867786E+2	4.901751E+0
2.870430E+2	4.688637E+0
2.873074E+2	4.338910E+0
2.875717E+2	4.229620E+0
2.878361E+2	4.136724E+0
2.881005E+2	4.114866E+0
2.883648E+2	4.229620E+0
2.886292E+2	4.060221E+0
2.888935E+2	4.109402E+0
2.891579E+2	4.235085E+0
2.894222E+2	4.360768E+0
2.896865E+2	4.699566E+0
2.899508E+2	4.776068E+0
2.902151E+2	4.601205E+0
2.904794E+2	4.573883E+0
2.907437E+2	4.792462E+0
2.910080E+2	4.770604E+0
2.912723E+2	5.371697E+0
2.915366E+2	5.710495E+0
2.918008E+2	5.989183E+0
2.920651E+2	5.961861E+0
2.923293E+2	6.093008E+0
2.925936E+2	6.114866E+0
2.928578E+2	6.049292E+0
2.931220E+2	5.983719E+0
2.933863E+2	5.573883E+0
2.936505E+2	5.633992E+0
2.939147E+2	5.623063E+0
2.941789E+2	5.486451E+0
2.944431E+2	5.601205E+0
2.947072E+2	5.830713E+0
2.949714E+2	5.732353E+0
2.952356E+2	5.874429E+0
2.954997E+2	6.355303E+0
2.957639E+2	6.524702E+0
2.960280E+2	7.054757E+0
2.962922E+2	6.923609E+0
2.965563E+2	6.530167E+0
2.968204E+2	6.317052E+0
2.970845E+2	6.093008E+0
2.973486E+2	5.612134E+0
2.976127E+2	5.568418E+0
2.978768E+2	5.453664E+0
2.981409E+2	5.470057E+0
2.984050E+2	5.306123E+0
2.986691E+2	5.486451E+0
2.989331E+2	5.786997E+0
2.991972E+2	5.792462E+0
2.994612E+2	5.841642E+0
2.997253E+2	5.896287E+0
2.999893E+2	6.158582E+0
3.002534E+2	6.355303E+0
3.005174E+2	6.497380E+0
3.007814E+2	6.683172E+0
3.010454E+2	6.694101E+0
3.013094E+2	6.448200E+0
3.015734E+2	6.300659E+0
3.018374E+2	6.639456E+0
3.021013E+2	6.858036E+0
3.023653E+2	7.109402E+0
3.026293E+2	7.093008E+0
3.028932E+2	6.967325E+0
3.031572E+2	7.169511E+0
3.034211E+2	7.459128E+0
3.036850E+2	7.852571E+0
3.039489E+2	8.021970E+0
3.042129E+2	8.000112E+0
3.044768E+2	8.164047E+0
3.047407E+2	8.267872E+0
3.050046E+2	8.136724E+0
3.052685E+2	7.950932E+0
3.055323E+2	8.125795E+0
3.057962E+2	7.781533E+0
3.060601E+2	7.732353E+0
3.063239E+2	7.502844E+0
3.065878E+2	7.579347E+0
3.068516E+2	7.486451E+0
3.071155E+2	7.431806E+0
3.073793E+2	7.136724E+0
3.076431E+2	6.852571E+0
3.079069E+2	6.655850E+0
3.081707E+2	7.082079E+0
3.084345E+2	7.437271E+0
3.086983E+2	7.399019E+0
3.089621E+2	7.562954E+0
3.092259E+2	7.579347E+0
3.094896E+2	7.912680E+0
3.097534E+2	7.803391E+0
3.100171E+2	7.781533E+0
3.102809E+2	7.486451E+0
3.105446E+2	7.644921E+0
3.108084E+2	7.628527E+0
3.110721E+2	7.907216E+0
3.113358E+2	8.142189E+0
3.115995E+2	8.218691E+0
3.118632E+2	8.021970E+0
3.121269E+2	8.016506E+0
3.123906E+2	8.027434E+0
3.126543E+2	8.196833E+0
3.129179E+2	8.464593E+0
3.131816E+2	8.601205E+0
3.134453E+2	8.573883E+0
3.137089E+2	8.606669E+0
3.139725E+2	8.677708E+0
3.142362E+2	8.256943E+0
3.144998E+2	8.125795E+0
3.147634E+2	7.803391E+0
3.150270E+2	7.858036E+0
3.152906E+2	8.087544E+0
3.155542E+2	8.524702E+0
3.158178E+2	8.431806E+0
3.160814E+2	8.180440E+0
3.163450E+2	8.087544E+0
3.166086E+2	8.360768E+0
3.168721E+2	8.404484E+0
3.171357E+2	8.377161E+0
3.173992E+2	8.382626E+0
3.176627E+2	8.475522E+0
3.179263E+2	8.393555E+0
3.181898E+2	8.513773E+0
3.184533E+2	8.464593E+0
3.187168E+2	9.071150E+0
3.189803E+2	9.131260E+0
3.192438E+2	9.016506E+0
3.195073E+2	9.071150E+0
3.197708E+2	9.153118E+0
3.200342E+2	9.147653E+0
3.202977E+2	9.546560E+0
3.205612E+2	9.464593E+0
3.208246E+2	9.672243E+0
3.210881E+2	1.000558E+1
3.213515E+2	1.048645E+1
3.216149E+2	1.028973E+1
3.218783E+2	1.019137E+1
3.221417E+2	1.033891E+1
3.224051E+2	1.040995E+1
3.226685E+2	1.009301E+1
3.229319E+2	1.001651E+1
3.231953E+2	1.020776E+1
3.234587E+2	1.011487E+1
3.237221E+2	9.934538E+0
3.239854E+2	1.015312E+1
3.242488E+2	9.912680E+0
3.245121E+2	9.464593E+0
3.247754E+2	9.267872E+0
3.250388E+2	9.300659E+0
3.253021E+2	9.491915E+0
3.255654E+2	9.584812E+0
3.258287E+2	9.885358E+0
3.260920E+2	9.852571E+0
3.263553E+2	1.025148E+1
3.266186E+2	1.004929E+1
3.268819E+2	1.032252E+1
3.271451E+2	1.032798E+1
3.274084E+2	1.027334E+1
3.276717E+2	1.038263E+1
3.279349E+2	1.072142E+1
3.281981E+2	1.057388E+1
3.284614E+2	1.086896E+1
3.287246E+2	1.113672E+1
3.289878E+2	1.131159E+1
3.292510E+2	1.142634E+1
3.295142E+2	1.206022E+1
3.297774E+2	1.222416E+1
3.300406E+2	1.237170E+1
3.303038E+2	1.278700E+1
3.305670E+2	1.307661E+1
3.308301E+2	1.360667E+1
3.310933E+2	1.396733E+1
3.313564E+2	1.387443E+1
3.316196E+2	1.362853E+1
3.318827E+2	1.368864E+1
3.321458E+2	1.378700E+1
3.324089E+2	1.395640E+1
3.326721E+2	1.391268E+1
3.329352E+2	1.392907E+1
3.331983E+2	1.386350E+1
3.334614E+2	1.433891E+1
3.337244E+2	1.475421E+1
3.339875E+2	1.461760E+1
3.342506E+2	1.437716E+1
3.345136E+2	1.446459E+1
3.347767E+2	1.407115E+1
3.350397E+2	1.400011E+1
3.353028E+2	1.438263E+1
3.355658E+2	1.436077E+1
3.358288E+2	1.450284E+1
3.360918E+2	1.441541E+1
3.363548E+2	1.412580E+1
3.366178E+2	1.411487E+1
3.368808E+2	1.402197E+1
3.371438E+2	1.355749E+1
3.374068E+2	1.330612E+1
3.376698E+2	1.361760E+1
3.379327E+2	1.391268E+1
3.381957E+2	1.396733E+1
3.384586E+2	1.378153E+1
3.387216E+2	1.459028E+1
3.389845E+2	1.479246E+1
3.392474E+2	1.470503E+1
3.395103E+2	1.469957E+1
3.397733E+2	1.509847E+1
3.400362E+2	1.495093E+1
3.402990E+2	1.497279E+1
3.405619E+2	1.534984E+1
3.408248E+2	1.555202E+1
3.410877E+2	1.553563E+1
3.413506E+2	1.560120E+1
3.416134E+2	1.532252E+1
3.418763E+2	1.531705E+1
3.421391E+2	1.554110E+1
3.424019E+2	1.555749E+1
3.426648E+2	1.591814E+1
3.429276E+2	1.600011E+1
3.431904E+2	1.612580E+1
3.434532E+2	1.616405E+1
3.437160E+2	1.610940E+1
3.439788E+2	1.610940E+1
3.442416E+2	1.638809E+1
3.445043E+2	1.640448E+1
3.447671E+2	1.633345E+1
3.450299E+2	1.658481E+1
3.452926E+2	1.657935E+1
3.455554E+2	1.657935E+1
3.458181E+2	1.673782E+1
3.460808E+2	1.670503E+1
3.463436E+2	1.719683E+1
3.466063E+2	1.696186E+1
3.468690E+2	1.663399E+1
3.471317E+2	1.633345E+1
3.473944E+2	1.659574E+1
3.476570E+2	1.700558E+1
3.479197E+2	1.726241E+1
3.481824E+2	1.726787E+1
3.484451E+2	1.733891E+1
3.487077E+2	1.750831E+1
3.489704E+2	1.739355E+1
3.492330E+2	1.759574E+1
3.494956E+2	1.763946E+1
3.497582E+2	1.753563E+1
3.500209E+2	1.773235E+1
3.502835E+2	1.815312E+1
3.505461E+2	1.833891E+1
3.508087E+2	1.862853E+1
3.510713E+2	1.871049E+1
3.513338E+2	1.851924E+1
3.515964E+2	1.877060E+1
3.518590E+2	1.860120E+1
3.521215E+2	1.861760E+1
3.523841E+2	1.865039E+1
3.526466E+2	1.886896E+1
3.529091E+2	1.920776E+1
3.531717E+2	1.955202E+1
3.534342E+2	2.028427E+1
3.536967E+2	2.064492E+1
3.539592E+2	2.074328E+1
3.542217E+2	2.073782E+1
3.544842E+2	2.121869E+1
3.547467E+2	2.078153E+1
3.550091E+2	2.103290E+1
3.552716E+2	2.139355E+1
3.555341E+2	2.199465E+1
3.557965E+2	2.206569E+1
3.560590E+2	2.274875E+1
3.563214E+2	2.338809E+1
3.565838E+2	2.337170E+1
3.568462E+2	2.380339E+1
3.571086E+2	2.403290E+1
3.573711E+2	2.421869E+1
3.576335E+2	2.483071E+1
3.578958E+2	2.490722E+1
3.581582E+2	2.514765E+1
3.584206E+2	2.520230E+1
3.586830E+2	2.545366E+1
3.589453E+2	2.536623E+1
3.592077E+2	2.531705E+1
3.594700E+2	2.562853E+1
3.597324E+2	2.604929E+1
3.599947E+2	2.602197E+1
3.602570E+2	2.618590E+1
3.605193E+2	2.634984E+1
3.607816E+2	2.684711E+1
3.610439E+2	2.728427E+1
3.613062E+2	2.755749E+1
3.615685E+2	2.729519E+1
3.618308E+2	2.722416E+1
3.620930E+2	2.755202E+1
3.623553E+2	2.746459E+1
3.626176E+2	2.789082E+1
3.628798E+2	2.843181E+1
3.631420E+2	2.863946E+1
3.634043E+2	2.867224E+1
3.636665E+2	2.891814E+1
3.639287E+2	2.910394E+1
3.641909E+2	2.942634E+1
3.644531E+2	2.963399E+1
3.647153E+2	2.944820E+1
3.649775E+2	2.949192E+1
3.652397E+2	3.011487E+1
3.655018E+2	2.984164E+1
3.657640E+2	2.971596E+1
3.660262E+2	2.987989E+1
3.662883E+2	3.003836E+1
3.665505E+2	3.031159E+1
3.668126E+2	3.004383E+1
3.670747E+2	2.998918E+1
3.673368E+2	2.998372E+1
3.675989E+2	2.995640E+1
3.678610E+2	3.034437E+1
3.681231E+2	3.085257E+1
3.683852E+2	3.128973E+1
3.686473E+2	3.133345E+1
3.689094E+2	3.147006E+1
3.691714E+2	3.157388E+1
3.694335E+2	3.110940E+1
3.696955E+2	3.094000E+1
3.699576E+2	3.121869E+1
3.702196E+2	3.117498E+1
3.704816E+2	3.121869E+1
3.707437E+2	3.127334E+1
3.710057E+2	3.132252E+1
3.712677E+2	3.145366E+1
3.715297E+2	3.105476E+1
3.717917E+2	3.126787E+1
3.720536E+2	3.116951E+1
3.723156E+2	3.087989E+1
3.725776E+2	3.122962E+1
3.728395E+2	3.154110E+1
3.731015E+2	3.160120E+1
3.733634E+2	3.190175E+1
3.736254E+2	3.160667E+1
3.738873E+2	3.172689E+1
3.741492E+2	3.163399E+1
3.744111E+2	3.179246E+1
3.746730E+2	3.167224E+1
3.749349E+2	3.202197E+1
3.751968E+2	3.206569E+1
3.754587E+2	3.162306E+1
3.757206E+2	3.140448E+1
3.759824E+2	3.167224E+1
3.762443E+2	3.163399E+1
3.765061E+2	3.172142E+1
3.767680E+2	3.162853E+1
3.770298E+2	3.108754E+1
3.772916E+2	3.098372E+1
3.775535E+2	3.096186E+1
3.778153E+2	3.101104E+1
3.780771E+2	3.101104E+1
3.783389E+2	3.108208E+1
3.786007E+2	3.100558E+1
3.788624E+2	3.065039E+1
3.791242E+2	3.064492E+1
3.793860E+2	3.081978E+1
3.796477E+2	3.070503E+1
3.799095E+2	3.058481E+1
3.801712E+2	3.056842E+1
3.804330E+2	3.101104E+1
3.806947E+2	3.148645E+1
3.809564E+2	3.195640E+1
3.812181E+2	3.169957E+1
3.814798E+2	3.194547E+1
3.817415E+2	3.279793E+1
3.820032E+2	3.333345E+1
3.822649E+2	3.319137E+1
3.825266E+2	3.301104E+1
3.827883E+2	3.344820E+1
3.830499E+2	3.390175E+1
3.833116E+2	3.384164E+1
3.835732E+2	3.413126E+1
3.838348E+2	3.436623E+1
3.840965E+2	3.431705E+1
3.843581E+2	3.445913E+1
3.846197E+2	3.472689E+1
3.848813E+2	3.496733E+1
3.851429E+2	3.510394E+1
3.854045E+2	3.533891E+1
3.856661E+2	3.525148E+1
3.859277E+2	3.555749E+1
3.861892E+2	3.555202E+1
3.864508E+2	3.543727E+1
3.867124E+2	3.548645E+1
3.869739E+2	3.555202E+1
3.872354E+2	3.594547E+1
3.874970E+2	3.674875E+1
3.877585E+2	3.687989E+1
3.880200E+2	3.691268E+1
3.882815E+2	3.716405E+1
3.885430E+2	3.714765E+1
3.888045E+2	3.681432E+1
3.890660E+2	3.705476E+1
3.893275E+2	3.665585E+1
3.895889E+2	3.727880E+1
3.898504E+2	3.724055E+1
3.901118E+2	3.752470E+1
3.903733E+2	3.784164E+1
3.906347E+2	3.766678E+1
3.908962E+2	3.746459E+1
3.911576E+2	3.769410E+1
3.914190E+2	3.816951E+1
3.916804E+2	3.816405E+1
3.919418E+2	3.780339E+1
3.922032E+2	3.772689E+1
3.924646E+2	3.750284E+1
3.927260E+2	3.733891E+1
3.929873E+2	3.728427E+1
3.932487E+2	3.732252E+1
3.935100E+2	3.740995E+1
3.937714E+2	3.768317E+1
3.940327E+2	3.759028E+1
3.942941E+2	3.757935E+1
3.945554E+2	3.781432E+1
3.948167E+2	3.801651E+1
3.950780E+2	3.824601E+1
3.953393E+2	3.834984E+1
3.956006E+2	3.840995E+1
3.958619E+2	3.850284E+1
3.961232E+2	3.834984E+1
3.963844E+2	3.808754E+1
3.966457E+2	3.813672E+1
3.969069E+2	3.824601E+1
3.971682E+2	3.838263E+1
3.974294E+2	3.859028E+1
3.976907E+2	3.830612E+1
3.979519E+2	3.783618E+1
3.982131E+2	3.807661E+1
3.984743E+2	3.840448E+1
3.987355E+2	3.831705E+1
3.989967E+2	3.806022E+1
3.992579E+2	3.811487E+1
3.995191E+2	3.783071E+1
3.997802E+2	3.728973E+1
4.000414E+2	3.722962E+1
4.003025E+2	3.716405E+1
4.005637E+2	3.691814E+1
4.008248E+2	3.673235E+1
4.010860E+2	3.707661E+1
4.013471E+2	3.703836E+1
4.016082E+2	3.677607E+1
4.018693E+2	3.626787E+1
4.021304E+2	3.630612E+1
4.023915E+2	3.637170E+1
4.026526E+2	3.665039E+1
4.029137E+2	3.644274E+1
4.031747E+2	3.619137E+1
4.034358E+2	3.557388E+1
4.036968E+2	3.571596E+1
4.039579E+2	3.580339E+1
4.042189E+2	3.580886E+1
4.044800E+2	3.583071E+1
4.047410E+2	3.580886E+1
4.050020E+2	3.572142E+1
4.052630E+2	3.577607E+1
4.055240E+2	3.559028E+1
4.057850E+2	3.595093E+1
4.060460E+2	3.601651E+1
4.063070E+2	3.577060E+1
4.065679E+2	3.592361E+1
4.068289E+2	3.595093E+1
4.070898E+2	3.585804E+1
4.073508E+2	3.576514E+1
4.076117E+2	3.572142E+1
4.078727E+2	3.610940E+1
4.081336E+2	3.644820E+1
4.083945E+2	3.672689E+1
4.086554E+2	3.666131E+1
4.089163E+2	3.685257E+1
4.091772E+2	3.728973E+1
4.094381E+2	3.750831E+1
4.096990E+2	3.768864E+1
4.099598E+2	3.819137E+1
4.102207E+2	3.812033E+1
4.104815E+2	3.829519E+1
4.107424E+2	3.808208E+1
4.110032E+2	3.794000E+1
4.112640E+2	3.763946E+1
4.115249E+2	3.769957E+1
4.117857E+2	3.805476E+1
4.120465E+2	3.820776E+1
4.123073E+2	3.812033E+1
4.125681E+2	3.841541E+1
4.128289E+2	3.837170E+1
4.130896E+2	3.850831E+1
4.133504E+2	3.835530E+1
4.136112E+2	3.820776E+1
4.138719E+2	3.859574E+1
4.141327E+2	3.873782E+1
4.143934E+2	3.849738E+1
4.146541E+2	3.880886E+1
4.149149E+2	3.905476E+1
4.151756E+2	3.955202E+1
4.154363E+2	3.962853E+1
4.156970E+2	3.998918E+1
4.159577E+2	4.016951E+1
4.162184E+2	3.990722E+1
4.164790E+2	4.021323E+1
4.167397E+2	4.010940E+1
4.170004E+2	3.967224E+1
4.172610E+2	3.969410E+1
4.175217E+2	4.031705E+1
4.177823E+2	4.052470E+1
4.180429E+2	4.094547E+1
4.183035E+2	4.121869E+1
4.185642E+2	4.136077E+1
4.188248E+2	4.167771E+1
4.190854E+2	4.144274E+1
4.193459E+2	4.192361E+1
4.196065E+2	4.220776E+1
4.198671E+2	4.180339E+1
4.201277E+2	4.151924E+1
4.203882E+2	4.144820E+1
4.206488E+2	4.155749E+1
4.209093E+2	4.137170E+1
4.211699E+2	4.143727E+1
4.214304E+2	4.112033E+1
4.216909E+2	4.098918E+1
4.219514E+2	4.080886E+1
4.222119E+2	4.096186E+1
4.224724E+2	4.122416E+1
4.227329E+2	4.126787E+1
4.229934E+2	4.110394E+1
4.232539E+2	4.114765E+1
4.235143E+2	4.156842E+1
4.237748E+2	4.134984E+1
4.240352E+2	4.130066E+1
4.242957E+2	4.114765E+1
4.245561E+2	4.168317E+1
4.248166E+2	4.172142E+1
4.250770E+2	4.135530E+1
4.253374E+2	4.143727E+1
4.255978E+2	4.147006E+1
4.258582E+2	4.154110E+1
4.261186E+2	4.157388E+1
4.263790E+2	4.168317E+1
4.266393E+2	4.212033E+1
4.268997E+2	4.214219E+1
4.271600E+2	4.250284E+1
4.274204E+2	4.244820E+1
4.276807E+2	4.233345E+1
4.279411E+2	4.228427E+1
4.282014E+2	4.241541E+1
4.284617E+2	4.185804E+1
4.287220E+2	4.183071E+1
4.289823E+2	4.154656E+1
4.292426E+2	4.161760E+1
4.295029E+2	4.167771E+1
4.297632E+2	4.165585E+1
4.300235E+2	4.158481E+1
4.302837E+2	4.170503E+1
4.305440E+2	4.171596E+1
4.308042E+2	4.194547E+1
4.310645E+2	4.191268E+1
4.313247E+2	4.215312E+1
4.315849E+2	4.190175E+1
4.318451E+2	4.192361E+1
4.321054E+2	4.268317E+1
4.323656E+2	4.250284E+1
4.326258E+2	4.243181E+1
4.328859E+2	4.213672E+1
4.331461E+2	4.177060E+1
4.334063E+2	4.150831E+1
4.336665E+2	4.156842E+1
4.339266E+2	4.156295E+1
4.341868E+2	4.137716E+1
4.344469E+2	4.122962E+1
4.347070E+2	4.108754E+1
4.349671E+2	4.100558E+1
4.352273E+2	4.074328E+1
4.354874E+2	4.031705E+1
4.357475E+2	4.064492E+1
4.360076E+2	4.069957E+1
4.362677E+2	4.076514E+1
4.365277E+2	4.044820E+1
4.367878E+2	4.066131E+1
4.370479E+2	4.100011E+1
4.373079E+2	4.147006E+1
4.375680E+2	4.195640E+1
4.378280E+2	4.210394E+1
4.380880E+2	4.229519E+1
4.383480E+2	4.229519E+1
4.386081E+2	4.263946E+1
4.388681E+2	4.323508E+1
4.391281E+2	4.353017E+1
4.393881E+2	4.334437E+1
4.396480E+2	4.371596E+1
4.399080E+2	4.371596E+1
4.401680E+2	4.353563E+1
4.404279E+2	4.355749E+1
4.406879E+2	4.392907E+1
4.409478E+2	4.406569E+1
4.412078E+2	4.413672E+1
4.414677E+2	4.388536E+1
4.417276E+2	4.342634E+1
4.419875E+2	4.394547E+1
4.422474E+2	4.386350E+1
4.425073E+2	4.381432E+1
4.427672E+2	4.401651E+1
4.430271E+2	4.389082E+1
4.432870E+2	4.392907E+1
4.435469E+2	4.352470E+1
4.438067E+2	4.365039E+1
4.440666E+2	4.365039E+1
4.443264E+2	4.392907E+1
4.445862E+2	4.388536E+1
4.448461E+2	4.411487E+1
4.451059E+2	4.431159E+1
4.453657E+2	4.457388E+1
4.456255E+2	4.446459E+1
4.458853E+2	4.466678E+1
4.461451E+2	4.481978E+1
4.464049E+2	4.500558E+1
4.466646E+2	4.485804E+1
4.469244E+2	4.490722E+1
4.471842E+2	4.498372E+1
4.474439E+2	4.529519E+1
4.477036E+2	4.543727E+1
4.479634E+2	4.518590E+1
4.482231E+2	4.539355E+1
4.484828E+2	4.566678E+1
4.487425E+2	4.610940E+1
4.490022E+2	4.679246E+1
4.492619E+2	4.693454E+1
4.495216E+2	4.694000E+1
4.497813E+2	4.648645E+1
4.500410E+2	4.660120E+1
4.503006E+2	4.655749E+1
4.505603E+2	4.661760E+1
4.508199E+2	4.696733E+1
4.510796E+2	4.700558E+1
4.513392E+2	4.694000E+1
4.515988E+2	4.718590E+1
4.518584E+2	4.748099E+1
4.521180E+2	4.769957E+1
4.523776E+2	4.792907E+1
4.526372E+2	4.773235E+1
4.528968E+2	4.740448E+1
4.531564E+2	4.706022E+1
4.534160E+2	4.678700E+1
4.536755E+2	4.700558E+1
4.539351E+2	4.710940E+1
4.541946E+2	4.704383E+1
4.544541E+2	4.683618E+1
4.547137E+2	4.651377E+1
4.549732E+2	4.661213E+1
4.552327E+2	4.669410E+1
4.554922E+2	4.650831E+1
4.557517E+2	4.640448E+1
4.560112E+2	4.683071E+1
4.562707E+2	4.660667E+1
4.565302E+2	4.613672E+1
4.567896E+2	4.647552E+1
4.570491E+2	4.675967E+1
4.573085E+2	4.691268E+1
4.575680E+2	4.700011E+1
4.578274E+2	4.645366E+1
4.580868E+2	4.630612E+1
4.583463E+2	4.667224E+1
4.586057E+2	4.682525E+1
4.588651E+2	4.755202E+1
4.591245E+2	4.761760E+1
4.593838E+2	4.812033E+1
4.596432E+2	4.848645E+1
4.599026E+2	4.867224E+1
4.601620E+2	4.874328E+1
4.604213E+2	4.899465E+1
4.606807E+2	4.891814E+1
4.609400E+2	4.898918E+1
4.611993E+2	4.867224E+1
4.614587E+2	4.855749E+1
4.617180E+2	4.852470E+1
4.619773E+2	4.878153E+1
4.622366E+2	4.871596E+1
4.624959E+2	4.925148E+1
4.627552E+2	4.918590E+1
4.630144E+2	4.887443E+1
4.632737E+2	4.897825E+1
4.635330E+2	4.896186E+1
4.637922E+2	4.912033E+1
4.640515E+2	4.926241E+1
4.643107E+2	4.936077E+1
4.645699E+2	4.966678E+1
4.648292E+2	4.960667E+1
4.650884E+2	4.956295E+1
4.653476E+2	4.979793E+1
4.656068E+2	5.047006E+1
4.658660E+2	5.067771E+1
4.661251E+2	5.113672E+1
4.663843E+2	5.130612E+1
4.666435E+2	5.112580E+1
4.669026E+2	5.133345E+1
4.671618E+2	5.151377E+1
4.674209E+2	5.130612E+1
4.676801E+2	5.124601E+1
4.679392E+2	5.113672E+1
4.681983E+2	5.125148E+1
4.684574E+2	5.136077E+1
4.687165E+2	5.184164E+1
4.689756E+2	5.198918E+1
4.692347E+2	5.191268E+1
4.694938E+2	5.180339E+1
4.697529E+2	5.168864E+1
4.700119E+2	5.171049E+1
4.702710E+2	5.172689E+1
4.705300E+2	5.212580E+1
4.707891E+2	5.193454E+1
4.710481E+2	5.195093E+1
4.713071E+2	5.236623E+1
4.715661E+2	5.292361E+1
4.718252E+2	5.291268E+1
4.720842E+2	5.301104E+1
4.723431E+2	5.352470E+1
4.726021E+2	5.360667E+1
4.728611E+2	5.330612E+1
4.731201E+2	5.382525E+1
4.733790E+2	5.451377E+1
4.736380E+2	5.491268E+1
4.738969E+2	5.526241E+1
4.741559E+2	5.510394E+1
4.744148E+2	5.540448E+1
4.746737E+2	5.540995E+1
4.749326E+2	5.583071E+1
4.751915E+2	5.572142E+1
4.754504E+2	5.570503E+1
4.757093E+2	5.618590E+1
4.759682E+2	5.630066E+1
4.762271E+2	5.634437E+1
4.764859E+2	5.640995E+1
4.767448E+2	5.659574E+1
4.770037E+2	5.665585E+1
4.772625E+2	5.711487E+1
4.775213E+2	5.706569E+1
4.777802E+2	5.694000E+1
4.780390E+2	5.673235E+1
4.782978E+2	5.626787E+1
4.785566E+2	5.665585E+1
4.788154E+2	5.726787E+1
4.790742E+2	5.724055E+1
4.793329E+2	5.734437E+1
4.795917E+2	5.744274E+1
4.798505E+2	5.737170E+1
4.801092E+2	5.756842E+1
4.803680E+2	5.741541E+1
4.806267E+2	5.745913E+1
4.808854E+2	5.746459E+1
4.811442E+2	5.732798E+1
4.814029E+2	5.726241E+1
4.816616E+2	5.786896E+1
4.819203E+2	5.792907E+1
4.821790E+2	5.821869E+1
4.824377E+2	5.863946E+1
4.826963E+2	5.868317E+1
4.829550E+2	5.864492E+1
4.832137E+2	5.887443E+1
4.834723E+2	5.913126E+1
4.837310E+2	5.955202E+1
4.839896E+2	6.019137E+1
4.842482E+2	6.063399E+1
4.845068E+2	6.058481E+1
4.847655E+2	6.115312E+1
4.850241E+2	6.115858E+1
4.852827E+2	6.123508E+1
4.855412E+2	6.124055E+1
4.857998E+2	6.168317E+1
4.860584E+2	6.189629E+1
4.863170E+2	6.181432E+1
4.865755E+2	6.216951E+1
4.868341E+2	6.255749E+1
4.870926E+2	6.244820E+1
4.873511E+2	6.232798E+1
4.876097E+2	6.286350E+1
4.878682E+2	6.338263E+1
4.881267E+2	6.369410E+1
4.883852E+2	6.399465E+1
4.886437E+2	6.459028E+1
4.889022E+2	6.453563E+1
4.891606E+2	6.438263E+1
4.894191E+2	6.433345E+1
4.896776E+2	6.480886E+1
4.899360E+2	6.538809E+1
4.901945E+2	6.523508E+1
4.904529E+2	6.482525E+1
4.907113E+2	6.465585E+1
4.909697E+2	6.520776E+1
4.912282E+2	6.526241E+1
4.914866E+2	6.536077E+1
4.917450E+2	6.542634E+1
4.920034E+2	6.567771E+1
4.922617E+2	6.562853E+1
4.925201E+2	6.545366E+1
4.927785E+2	6.577607E+1
4.930368E+2	6.597279E+1
4.932952E+2	6.625148E+1
4.935535E+2	6.631159E+1
4.938118E+2	6.696733E+1
4.940702E+2	6.731705E+1
4.943285E+2	6.728427E+1
4.945868E+2	6.732798E+1
4.948451E+2	6.754656E+1
4.951034E+2	6.760667E+1
4.953617E+2	6.769957E+1
4.956200E+2	6.809847E+1
4.958782E+2	6.824601E+1
4.961365E+2	6.884711E+1
4.963947E+2	6.903836E+1
4.966530E+2	6.931159E+1
4.969112E+2	6.948099E+1
4.971694E+2	6.961760E+1
4.974277E+2	6.923508E+1
4.976859E+2	6.948099E+1
4.979441E+2	6.963399E+1
4.982023E+2	6.993454E+1
4.984605E+2	6.994547E+1
4.987187E+2	7.022962E+1
4.989768E+2	7.016951E+1
4.992350E+2	7.008754E+1
4.994931E+2	6.966131E+1
4.997513E+2	6.924055E+1
5.000094E+2	6.932798E+1
5.002676E+2	6.913126E+1
5.005257E+2	6.895640E+1
5.007838E+2	6.926241E+1
5.010419E+2	6.950831E+1
5.013000E+2	6.982525E+1
5.015581E+2	6.952470E+1
5.018162E+2	6.991814E+1
5.020743E+2	7.022962E+1
5.023323E+2	7.016405E+1
5.025904E+2	7.001651E+1
5.028485E+2	7.018590E+1
5.031065E+2	7.026787E+1
5.033645E+2	6.995640E+1
5.036226E+2	6.962306E+1
5.038806E+2	6.934984E+1
5.041386E+2	6.904929E+1
5.043966E+2	6.913126E+1
5.046546E+2	6.891268E+1
5.049126E+2	6.909301E+1
5.051706E+2	6.981432E+1
5.054285E+2	6.982525E+1
5.056865E+2	6.988536E+1
5.059445E+2	7.026241E+1
5.062024E+2	7.075421E+1
5.064604E+2	7.081432E+1
5.067183E+2	7.029519E+1
5.069762E+2	7.081432E+1
5.072341E+2	7.048645E+1
5.074920E+2	7.090722E+1
5.077499E+2	7.090175E+1
5.080078E+2	7.153017E+1
5.082657E+2	7.159574E+1
5.085236E+2	7.169957E+1
5.087815E+2	7.195640E+1
5.090393E+2	7.209847E+1
5.092972E+2	7.217498E+1
5.095550E+2	7.214765E+1
5.098129E+2	7.223508E+1
5.100707E+2	7.236623E+1
5.103285E+2	7.255749E+1
5.105863E+2	7.260120E+1
5.108441E+2	7.273235E+1
5.111019E+2	7.275421E+1
5.113597E+2	7.232252E+1
5.116175E+2	7.216405E+1
5.118753E+2	7.184711E+1
5.121330E+2	7.165039E+1
5.123908E+2	7.176514E+1
5.126485E+2	7.203290E+1
5.129063E+2	7.207661E+1
5.131640E+2	7.252470E+1
5.134217E+2	7.251377E+1
5.136794E+2	7.296733E+1
5.139371E+2	7.302197E+1
5.141948E+2	7.374875E+1
5.144525E+2	7.401651E+1
5.147102E+2	7.417498E+1
5.149679E+2	7.460667E+1
5.152256E+2	7.477060E+1
5.154832E+2	7.501651E+1
5.157409E+2	7.528427E+1
5.159985E+2	7.598918E+1
5.162562E+2	7.613126E+1
5.165138E+2	7.601651E+1
5.167714E+2	7.619683E+1
5.170290E+2	7.657935E+1
5.172866E+2	7.736623E+1
5.175442E+2	7.695093E+1
5.178018E+2	7.672142E+1
5.180594E+2	7.696186E+1
5.183170E+2	7.716951E+1
5.185745E+2	7.719137E+1
5.188321E+2	7.710940E+1
5.190896E+2	7.714765E+1
5.193472E+2	7.759028E+1
5.196047E+2	7.796733E+1
5.198622E+2	7.815858E+1
5.201197E+2	7.806569E+1
5.203772E+2	7.851924E+1
5.206347E+2	7.901651E+1
5.208922E+2	7.873782E+1
5.211497E+2	7.845913E+1
5.214072E+2	7.816405E+1
5.216646E+2	7.807115E+1
5.219221E+2	7.819137E+1
5.221795E+2	7.838263E+1
5.224370E+2	7.904383E+1
5.226944E+2	7.881432E+1
5.229519E+2	7.901104E+1
5.232093E+2	7.900558E+1
5.234667E+2	7.926787E+1
5.237241E+2	7.932798E+1
5.239815E+2	7.987443E+1
5.242389E+2	7.997279E+1
5.244962E+2	7.956842E+1
5.247536E+2	7.947552E+1
5.250110E+2	7.980886E+1
5.252683E+2	7.970503E+1
5.255257E+2	8.002743E+1
5.257830E+2	8.025148E+1
5.260403E+2	8.042088E+1
5.262977E+2	8.055749E+1
5.265550E+2	8.086350E+1
5.268123E+2	8.096733E+1
5.270696E+2	8.148099E+1
5.273269E+2	8.197825E+1
5.275841E+2	8.201651E+1
5.278414E+2	8.238809E+1
5.280987E+2	8.226787E+1
5.283559E+2	8.200011E+1
5.286132E+2	8.222416E+1
5.288704E+2	8.189082E+1
5.291276E+2	8.204929E+1
5.293849E+2	8.156842E+1
5.296421E+2	8.131705E+1
5.298993E+2	8.081432E+1
5.301565E+2	8.109301E+1
5.304137E+2	8.127880E+1
5.306709E+2	8.106569E+1
5.309280E+2	8.151924E+1
5.311852E+2	8.159028E+1
5.314424E+2	8.117498E+1
5.316995E+2	8.109301E+1
5.319567E+2	8.125148E+1
5.322138E+2	8.168864E+1
5.324709E+2	8.161213E+1
5.327280E+2	8.174328E+1
5.329852E+2	8.172689E+1
5.332423E+2	8.222416E+1
5.334994E+2	8.236077E+1
5.337564E+2	8.253563E+1
5.340135E+2	8.271596E+1
5.342706E+2	8.316951E+1
5.345276E+2	8.354656E+1
5.347847E+2	8.418044E+1
5.350417E+2	8.383618E+1
5.352988E+2	8.373235E+1
5.355558E+2	8.391268E+1
5.358128E+2	8.378700E+1
5.360698E+2	8.363946E+1
5.363269E+2	8.341541E+1
5.365839E+2	8.356295E+1
5.368408E+2	8.393454E+1
5.370978E+2	8.419137E+1
5.373548E+2	8.420776E+1
5.376118E+2	8.427334E+1
5.378687E+2	8.465585E+1
5.381257E+2	8.496733E+1
5.383826E+2	8.522416E+1
5.386395E+2	8.536077E+1
5.388965E+2	8.531705E+1
5.391534E+2	8.506022E+1
5.394103E+2	8.509847E+1
5.396672E+2	8.546459E+1
5.399241E+2	8.571049E+1
5.401810E+2	8.622962E+1
5.404378E+2	8.664492E+1
5.406947E+2	8.645366E+1
5.409516E+2	8.671596E+1
5.412084E+2	8.661760E+1
5.414653E+2	8.662306E+1
5.417221E+2	8.680886E+1
5.419789E+2	8.709847E+1
5.422357E+2	8.669410E+1
5.424925E+2	8.675421E+1
5.427493E+2	8.697825E+1
5.430061E+2	8.692361E+1
5.432629E+2	8.738263E+1
5.435197E+2	8.777607E+1
5.437765E+2	8.820776E+1
5.440332E+2	8.866131E+1
5.442900E+2	8.874328E+1
5.445467E+2	8.945366E+1
5.448035E+2	8.969410E+1
5.450602E+2	9.015858E+1
5.453169E+2	9.093454E+1
5.455736E+2	9.110940E+1
5.458303E+2	9.105476E+1
5.460870E+2	9.137716E+1
5.463437E+2	9.153563E+1
5.466004E+2	9.165585E+1
5.468571E+2	9.184164E+1
5.471137E+2	9.207661E+1
5.473704E+2	9.207115E+1
5.476270E+2	9.236623E+1
5.478837E+2	9.230066E+1
5.481403E+2	9.256842E+1
5.483969E+2	9.226241E+1
5.486535E+2	9.216405E+1
5.489101E+2	9.219137E+1
5.491667E+2	9.248645E+1
5.494233E+2	9.233891E+1
5.496799E+2	9.252470E+1
5.499365E+2	9.276514E+1
5.501931E+2	9.302743E+1
5.504496E+2	9.335530E+1
5.507062E+2	9.406022E+1
5.509627E+2	9.445913E+1
5.512192E+2	9.483618E+1
5.514758E+2	9.492907E+1
5.517323E+2	9.542634E+1
5.519888E+2	9.539902E+1
5.522453E+2	9.555202E+1
5.525018E+2	9.527880E+1
5.527583E+2	9.515858E+1
5.530147E+2	9.530612E+1
5.532712E+2	9.508208E+1
5.535277E+2	9.469957E+1
5.537841E+2	9.456842E+1
5.540406E+2	9.427334E+1
5.542970E+2	9.428973E+1
5.545534E+2	9.439355E+1
5.548098E+2	9.453017E+1
5.550663E+2	9.454110E+1
5.553227E+2	9.419683E+1
5.555791E+2	9.426241E+1
5.558354E+2	9.424055E+1
5.560918E+2	9.415858E+1
5.563482E+2	9.446459E+1
5.566046E+2	9.447552E+1
5.568609E+2	9.466131E+1
5.571173E+2	9.450831E+1
5.573736E+2	9.439902E+1
5.576299E+2	9.440995E+1
5.578862E+2	9.480339E+1
5.581426E+2	9.484711E+1
5.583989E+2	9.484711E+1
5.586552E+2	9.512033E+1
5.589114E+2	9.495093E+1
5.591677E+2	9.459574E+1
5.594240E+2	9.465039E+1
5.596803E+2	9.495093E+1
5.599365E+2	9.512033E+1
5.601928E+2	9.496733E+1
5.604490E+2	9.492361E+1
5.607052E+2	9.490175E+1
5.609614E+2	9.437716E+1
5.612177E+2	9.447006E+1
5.614739E+2	9.424601E+1
5.617301E+2	9.378153E+1
5.619863E+2	9.399465E+1
5.622424E+2	9.389082E+1
5.624986E+2	9.377060E+1
5.627548E+2	9.402197E+1
5.630109E+2	9.428973E+1
5.632671E+2	9.419683E+1
5.635232E+2	9.410394E+1
5.637794E+2	9.383071E+1
5.640355E+2	9.419137E+1
5.642916E+2	9.394547E+1
5.645477E+2	9.425694E+1
5.648038E+2	9.432798E+1
5.650599E+2	9.459574E+1
5.653160E+2	9.439902E+1
5.655721E+2	9.408754E+1
5.658281E+2	9.400011E+1
5.660842E+2	9.350831E+1
5.663402E+2	9.324601E+1
5.665963E+2	9.302743E+1
5.668523E+2	9.298372E+1
5.671083E+2	9.297279E+1
5.673644E+2	9.274875E+1
5.676204E+2	9.240448E+1
5.678764E+2	9.249192E+1
5.681324E+2	9.295093E+1
5.683883E+2	9.311487E+1
5.686443E+2	9.321323E+1
5.689003E+2	9.356295E+1
5.691562E+2	9.407115E+1
5.694122E+2	9.415858E+1
5.696681E+2	9.437716E+1
5.699241E+2	9.428427E+1
5.701800E+2	9.442088E+1
5.704359E+2	9.465039E+1
5.706918E+2	9.480886E+1
5.709477E+2	9.450284E+1
5.712036E+2	9.453563E+1
5.714595E+2	9.449738E+1
5.717154E+2	9.467224E+1
5.719713E+2	9.472689E+1
5.722271E+2	9.470503E+1
5.724830E+2	9.487443E+1
5.727388E+2	9.525694E+1
5.729947E+2	9.491268E+1
5.732505E+2	9.506022E+1
5.735063E+2	9.534437E+1
5.737621E+2	9.573235E+1
5.740179E+2	9.578700E+1
5.742737E+2	9.571596E+1
5.745295E+2	9.566678E+1
5.747853E+2	9.607661E+1
5.750411E+2	9.619137E+1
5.752968E+2	9.632798E+1
5.755526E+2	9.642088E+1
5.758083E+2	9.637170E+1
5.760641E+2	9.606569E+1
5.763198E+2	9.627880E+1
5.765755E+2	9.662306E+1
5.768312E+2	9.740448E+1
5.770869E+2	9.805476E+1
5.773426E+2	9.856842E+1
5.775983E+2	9.855749E+1
5.778540E+2	9.847552E+1
5.781097E+2	9.877607E+1
5.783653E+2	9.895093E+1
5.786210E+2	9.922416E+1
5.788766E+2	9.947552E+1
5.791323E+2	9.980339E+1
5.793879E+2	1.003116E+2
5.796435E+2	1.000602E+2
5.798991E+2	1.003936E+2
5.801547E+2	1.002952E+2
5.804103E+2	1.007269E+2
5.806659E+2	1.007542E+2
5.809215E+2	1.008908E+2
5.811771E+2	1.006012E+2
5.814327E+2	1.006340E+2
5.816882E+2	1.006285E+2
5.819438E+2	1.009564E+2
5.821993E+2	1.012733E+2
5.824548E+2	1.011422E+2
5.827104E+2	1.016777E+2
5.829659E+2	1.019181E+2
5.832214E+2	1.020657E+2
5.834769E+2	1.020493E+2
5.837324E+2	1.018580E+2
5.839878E+2	1.020821E+2
5.842433E+2	1.020165E+2
5.844988E+2	1.024865E+2
5.847542E+2	1.023608E+2
5.850097E+2	1.023116E+2
5.852651E+2	1.025192E+2
5.855206E+2	1.033498E+2
5.857760E+2	1.033280E+2
5.860314E+2	1.034263E+2
5.862868E+2	1.034646E+2
5.865422E+2	1.040001E+2
5.867976E+2	1.044209E+2
5.870530E+2	1.045192E+2
5.873084E+2	1.045302E+2
5.875637E+2	1.045575E+2
5.878191E+2	1.045575E+2
5.880744E+2	1.046941E+2
5.883298E+2	1.048143E+2
5.885851E+2	1.050985E+2
5.888404E+2	1.052078E+2
5.890958E+2	1.053662E+2
5.893511E+2	1.053334E+2
5.896064E+2	1.054427E+2
5.898617E+2	1.056996E+2
5.901169E+2	1.061750E+2
5.903722E+2	1.060548E+2
5.906275E+2	1.060875E+2
5.908827E+2	1.063225E+2
5.911380E+2	1.064482E+2
5.913932E+2	1.062897E+2
5.916485E+2	1.068089E+2
5.919037E+2	1.071039E+2
5.921589E+2	1.075630E+2
5.924141E+2	1.066941E+2
5.926693E+2	1.066067E+2
5.929245E+2	1.067050E+2
5.931797E+2	1.065630E+2
5.934349E+2	1.065083E+2
5.936900E+2	1.066558E+2
5.939452E+2	1.063662E+2
5.942004E+2	1.066340E+2
5.944555E+2	1.063772E+2
5.947106E+2	1.065083E+2
5.949658E+2	1.063881E+2
5.952209E+2	1.064099E+2
5.954760E+2	1.064974E+2
5.957311E+2	1.065739E+2
5.959862E+2	1.062460E+2
5.962413E+2	1.065356E+2
5.964963E+2	1.066121E+2
5.967514E+2	1.068744E+2
5.970065E+2	1.069619E+2
5.972615E+2	1.071640E+2
5.975166E+2	1.070985E+2
5.977716E+2	1.072023E+2
5.980266E+2	1.074646E+2
5.982816E+2	1.075028E+2
5.985367E+2	1.073498E+2
5.987917E+2	1.083225E+2
5.990467E+2	1.084810E+2
5.993016E+2	1.085575E+2
5.995566E+2	1.088526E+2
5.998116E+2	1.095083E+2
6.000665E+2	1.092788E+2
6.003215E+2	1.089783E+2
6.005764E+2	1.091695E+2
6.008314E+2	1.094537E+2
6.010863E+2	1.090602E+2
6.013412E+2	1.092405E+2
6.015961E+2	1.095028E+2
6.018510E+2	1.099509E+2
6.021059E+2	1.102242E+2
6.023608E+2	1.101859E+2
6.026157E+2	1.102078E+2
6.028706E+2	1.107925E+2
6.031254E+2	1.111750E+2
6.033803E+2	1.116832E+2
6.036351E+2	1.118744E+2
6.038900E+2	1.117870E+2
6.041448E+2	1.122843E+2
6.043996E+2	1.125466E+2
6.046544E+2	1.126504E+2
6.049092E+2	1.128580E+2
6.051640E+2	1.133444E+2
6.054188E+2	1.135684E+2
6.056736E+2	1.137378E+2
6.059283E+2	1.138744E+2
6.061831E+2	1.142187E+2
6.064378E+2	1.140493E+2
6.066926E+2	1.143444E+2
6.069473E+2	1.145684E+2
6.072021E+2	1.149619E+2
6.074568E+2	1.147160E+2
6.077115E+2	1.142242E+2
6.079662E+2	1.147925E+2
6.082209E+2	1.149509E+2
6.084756E+2	1.158143E+2
6.087302E+2	1.166777E+2
6.089849E+2	1.171531E+2
6.092396E+2	1.171094E+2
6.094942E+2	1.175684E+2
6.097489E+2	1.171149E+2
6.100035E+2	1.176231E+2
6.102581E+2	1.178635E+2
6.105127E+2	1.182569E+2
6.107674E+2	1.188362E+2
6.110220E+2	1.193608E+2
6.112766E+2	1.197214E+2
6.115311E+2	1.199018E+2
6.117857E+2	1.197979E+2
6.120403E+2	1.200329E+2
6.122948E+2	1.205630E+2
6.125494E+2	1.207433E+2
6.128039E+2	1.207651E+2
6.130585E+2	1.209455E+2
6.133130E+2	1.213498E+2
6.135675E+2	1.213280E+2
6.138220E+2	1.214099E+2
6.140765E+2	1.215302E+2
6.143310E+2	1.212788E+2
6.145855E+2	1.214865E+2
6.148400E+2	1.219072E+2
6.150945E+2	1.221477E+2
6.153489E+2	1.219400E+2
6.156034E+2	1.216941E+2
6.158578E+2	1.222733E+2
6.161123E+2	1.225356E+2
6.163667E+2	1.227160E+2
6.166211E+2	1.229345E+2
6.168755E+2	1.235848E+2
6.171299E+2	1.235739E+2
6.173843E+2	1.234373E+2
6.176387E+2	1.231859E+2
6.178931E+2	1.232405E+2
6.181474E+2	1.235356E+2
6.184018E+2	1.233334E+2
6.186561E+2	1.232952E+2
6.189105E+2	1.233061E+2
6.191648E+2	1.232569E+2
6.194191E+2	1.233990E+2
6.196735E+2	1.235138E+2
6.199278E+2	1.235957E+2
6.201821E+2	1.236395E+2
6.204364E+2	1.238635E+2
6.206907E+2	1.233498E+2
6.209449E+2	1.230493E+2
6.211992E+2	1.232405E+2
6.214535E+2	1.239564E+2
6.217077E+2	1.240384E+2
6.219619E+2	1.241149E+2
6.222162E+2	1.240165E+2
6.224704E+2	1.243717E+2
6.227246E+2	1.245630E+2
6.229788E+2	1.249455E+2
6.232330E+2	1.256067E+2
6.234872E+2	1.260493E+2
6.237414E+2	1.262023E+2
6.239956E+2	1.258854E+2
6.242498E+2	1.258252E+2
6.245039E+2	1.261914E+2
6.247581E+2	1.265302E+2
6.250122E+2	1.265848E+2
6.252663E+2	1.269072E+2
6.255205E+2	1.270930E+2
6.257746E+2	1.273444E+2
6.260287E+2	1.274427E+2
6.262828E+2	1.274810E+2
6.265369E+2	1.270657E+2
6.267910E+2	1.273007E+2
6.270450E+2	1.275247E+2
6.272991E+2	1.280875E+2
6.275532E+2	1.289236E+2
6.278072E+2	1.290274E+2
6.280613E+2	1.294427E+2
6.283153E+2	1.303553E+2
6.285693E+2	1.309728E+2
6.288233E+2	1.309564E+2
6.290773E+2	1.311531E+2
6.293313E+2	1.313498E+2
6.295853E+2	1.322569E+2
6.298393E+2	1.325192E+2
6.300933E+2	1.324810E+2
6.303472E+2	1.328416E+2
6.306012E+2	1.329400E+2
6.308551E+2	1.331640E+2
6.311091E+2	1.336777E+2
6.313630E+2	1.342132E+2
6.316169E+2	1.342405E+2
6.318709E+2	1.340985E+2
6.321248E+2	1.341531E+2
6.323787E+2	1.336832E+2
6.326326E+2	1.336340E+2
6.328864E+2	1.339181E+2
6.331403E+2	1.347269E+2
6.333942E+2	1.353990E+2
6.336480E+2	1.360001E+2
6.339019E+2	1.362624E+2
6.341557E+2	1.362679E+2
6.344095E+2	1.365903E+2
6.346634E+2	1.367870E+2
6.349172E+2	1.370602E+2
6.351710E+2	1.369728E+2
6.354248E+2	1.371586E+2
6.356786E+2	1.371914E+2
6.359324E+2	1.370165E+2
6.361861E+2	1.377597E+2
6.364399E+2	1.382078E+2
6.366936E+2	1.382569E+2
6.369474E+2	1.382132E+2
6.372011E+2	1.384209E+2
6.374549E+2	1.387870E+2
6.377086E+2	1.389127E+2
6.379623E+2	1.387433E+2
6.382160E+2	1.385028E+2
6.384697E+2	1.384919E+2
6.387234E+2	1.381422E+2
6.389771E+2	1.382351E+2
6.392307E+2	1.383171E+2
6.394844E+2	1.381859E+2
6.397380E+2	1.379345E+2
6.399917E+2	1.381695E+2
6.402453E+2	1.384099E+2
6.404990E+2	1.389673E+2
6.407526E+2	1.396176E+2
6.410062E+2	1.396777E+2
6.412598E+2	1.397433E+2
6.415134E+2	1.400001E+2
6.417670E+2	1.402624E+2
6.420206E+2	1.408198E+2
6.422741E+2	1.408854E+2
6.425277E+2	1.411422E+2
6.427812E+2	1.414263E+2
6.430348E+2	1.411477E+2
6.432883E+2	1.416121E+2
6.435418E+2	1.417542E+2
6.437954E+2	1.416558E+2
6.440489E+2	1.414591E+2
6.443024E+2	1.413171E+2
6.445559E+2	1.416340E+2
6.448094E+2	1.417979E+2
6.450628E+2	1.412515E+2
6.453163E+2	1.415302E+2
6.455698E+2	1.419946E+2
6.458232E+2	1.417050E+2
6.460767E+2	1.417651E+2
6.463301E+2	1.420384E+2
6.465835E+2	1.424099E+2
6.468369E+2	1.424591E+2
6.470903E+2	1.428908E+2
6.473437E+2	1.433881E+2
6.475971E+2	1.436067E+2
6.478505E+2	1.439345E+2
6.481039E+2	1.445520E+2
6.483573E+2	1.444755E+2
6.486106E+2	1.442733E+2
6.488640E+2	1.440384E+2
6.491173E+2	1.440821E+2
6.493706E+2	1.443171E+2
6.496240E+2	1.449181E+2
6.498773E+2	1.451039E+2
6.501306E+2	1.454263E+2
6.503839E+2	1.458526E+2
6.506372E+2	1.463225E+2
6.508905E+2	1.467870E+2
6.511437E+2	1.471313E+2
6.513970E+2	1.475957E+2
6.516503E+2	1.474099E+2
6.519035E+2	1.474045E+2
6.521567E+2	1.475302E+2
6.524100E+2	1.475028E+2
6.526632E+2	1.475247E+2
6.529164E+2	1.478799E+2
6.531696E+2	1.480274E+2
6.534228E+2	1.483171E+2
6.536760E+2	1.485739E+2
6.539292E+2	1.485903E+2
6.541824E+2	1.493444E+2
6.544355E+2	1.495083E+2
6.546887E+2	1.501313E+2
6.549418E+2	1.500274E+2
6.551950E+2	1.504263E+2
6.554481E+2	1.501750E+2
6.557012E+2	1.502296E+2
6.559543E+2	1.500602E+2
6.562074E+2	1.496886E+2
6.564605E+2	1.497433E+2
6.567136E+2	1.502460E+2
6.569667E+2	1.503116E+2
6.572198E+2	1.506231E+2
6.574728E+2	1.504427E+2
6.577259E+2	1.505302E+2
6.579789E+2	1.506941E+2
6.582319E+2	1.505739E+2
6.584850E+2	1.506504E+2
6.587380E+2	1.506121E+2
6.589910E+2	1.506886E+2
6.592440E+2	1.509673E+2
6.594970E+2	1.510766E+2
6.597500E+2	1.512515E+2
6.600030E+2	1.513936E+2
6.602559E+2	1.517324E+2
6.605089E+2	1.520930E+2
6.607618E+2	1.516176E+2
6.610148E+2	1.516121E+2
6.612677E+2	1.521859E+2
6.615206E+2	1.523498E+2
6.617736E+2	1.524537E+2
6.620265E+2	1.521968E+2
6.622794E+2	1.519783E+2
6.625323E+2	1.517815E+2
6.627851E+2	1.517979E+2
6.630380E+2	1.519728E+2
6.632909E+2	1.523717E+2
6.635437E+2	1.522788E+2
6.637966E+2	1.529127E+2
6.640494E+2	1.528908E+2
6.643023E+2	1.531367E+2
6.645551E+2	1.535575E+2
6.648079E+2	1.541258E+2
6.650607E+2	1.542515E+2
6.653135E+2	1.544263E+2
6.655663E+2	1.543717E+2
6.658191E+2	1.542351E+2
6.660718E+2	1.546886E+2
6.663246E+2	1.546012E+2
6.665774E+2	1.549072E+2
6.668301E+2	1.550438E+2
6.670828E+2	1.559783E+2
6.673356E+2	1.565903E+2
6.675883E+2	1.570165E+2
6.678410E+2	1.574154E+2
6.680937E+2	1.579072E+2
6.683464E+2	1.578089E+2
6.685991E+2	1.580056E+2
6.688518E+2	1.579345E+2
6.691044E+2	1.579127E+2
6.693571E+2	1.582078E+2
6.696098E+2	1.580875E+2
6.698624E+2	1.579236E+2
6.701150E+2	1.577105E+2
6.703677E+2	1.584591E+2
6.706203E+2	1.589291E+2
6.708729E+2	1.595028E+2
6.711255E+2	1.601750E+2
6.713781E+2	1.608307E+2
6.716307E+2	1.611367E+2
6.718832E+2	1.620001E+2
6.721358E+2	1.621149E+2
6.723884E+2	1.624974E+2
6.726409E+2	1.624919E+2
6.728935E+2	1.633608E+2
6.731460E+2	1.636777E+2
6.733985E+2	1.641531E+2
6.736510E+2	1.648089E+2
6.739035E+2	1.651968E+2
6.741560E+2	1.652569E+2
6.744085E+2	1.653772E+2
6.746610E+2	1.651367E+2
6.749135E+2	1.658690E+2
6.751660E+2	1.663225E+2
6.754184E+2	1.668198E+2
6.756709E+2	1.668307E+2
6.759233E+2	1.668034E+2
6.761757E+2	1.674427E+2
6.764282E+2	1.677487E+2
6.766806E+2	1.680001E+2
6.769330E+2	1.683936E+2
6.771854E+2	1.686395E+2
6.774378E+2	1.690438E+2
6.776901E+2	1.696722E+2
6.779425E+2	1.702351E+2
6.781949E+2	1.702679E+2
6.784472E+2	1.706832E+2
6.786996E+2	1.706722E+2
6.789519E+2	1.709946E+2
6.792042E+2	1.712023E+2
6.794566E+2	1.718635E+2
6.797089E+2	1.722843E+2
6.799612E+2	1.721203E+2
6.802135E+2	1.717979E+2
6.804657E+2	1.718963E+2
6.807180E+2	1.720657E+2
6.809703E+2	1.727269E+2
6.812226E+2	1.731149E+2
6.814748E+2	1.730657E+2
6.817270E+2	1.734755E+2
6.819793E+2	1.735138E+2
6.822315E+2	1.740056E+2
6.824837E+2	1.739455E+2
6.827359E+2	1.741531E+2
6.829881E+2	1.743498E+2
6.832403E+2	1.746832E+2
6.834925E+2	1.747597E+2
6.837447E+2	1.750220E+2
6.839968E+2	1.751640E+2
6.842490E+2	1.760220E+2
6.845011E+2	1.764591E+2
6.847533E+2	1.768744E+2
6.850054E+2	1.774537E+2
6.852575E+2	1.782132E+2
6.855097E+2	1.787214E+2
6.857618E+2	1.790657E+2
6.860139E+2	1.796558E+2
6.862659E+2	1.800056E+2
6.865180E+2	1.798362E+2
6.867701E+2	1.798744E+2
6.870222E+2	1.805083E+2
6.872742E+2	1.802515E+2
6.875263E+2	1.808908E+2
6.877783E+2	1.812733E+2
6.880303E+2	1.818143E+2
6.882823E+2	1.818580E+2
6.885343E+2	1.825138E+2
6.887864E+2	1.827378E+2
6.890383E+2	1.828416E+2
6.892903E+2	1.829619E+2
6.895423E+2	1.834810E+2
6.897943E+2	1.843280E+2
6.900462E+2	1.847214E+2
6.902982E+2	1.846176E+2
6.905501E+2	1.850056E+2
6.908021E+2	1.852897E+2
6.910540E+2	1.859236E+2
6.913059E+2	1.867761E+2
6.915578E+2	1.871422E+2
6.918097E+2	1.878744E+2
6.920616E+2	1.884865E+2
6.923135E+2	1.893608E+2
6.925654E+2	1.898854E+2
6.928172E+2	1.905192E+2
6.930691E+2	1.909946E+2
6.933209E+2	1.915247E+2
6.935728E+2	1.923061E+2
6.938246E+2	1.929783E+2
6.940764E+2	1.935903E+2
6.943282E+2	1.940712E+2
6.945800E+2	1.943990E+2
6.948318E+2	1.948635E+2
6.950836E+2	1.950056E+2
6.953354E+2	1.953553E+2
6.955872E+2	1.959673E+2
6.958389E+2	1.966176E+2
6.960907E+2	1.975630E+2
6.963424E+2	1.977324E+2
6.965942E+2	1.981149E+2
6.968459E+2	1.986395E+2
6.970976E+2	1.988744E+2
6.973493E+2	1.994646E+2
6.976010E+2	1.997979E+2
6.978527E+2	2.001313E+2
6.981044E+2	2.008471E+2
6.983561E+2	2.013717E+2
6.986077E+2	2.017105E+2
6.988594E+2	2.026176E+2
6.991110E+2	2.034537E+2
6.993627E+2	2.044537E+2
6.996143E+2	2.048471E+2
6.998659E+2	2.051586E+2
7.001175E+2	2.056996E+2
7.003692E+2	2.060165E+2
7.006207E+2	2.065356E+2
7.008723E+2	2.067870E+2
7.011239E+2	2.069072E+2
7.013755E+2	2.071203E+2
7.016271E+2	2.077651E+2
7.018786E+2	2.085520E+2
7.021302E+2	2.089673E+2
7.023817E+2	2.090110E+2
7.026332E+2	2.092569E+2
7.028847E+2	2.089400E+2
7.031362E+2	2.090165E+2
7.033878E+2	2.094646E+2
7.036392E+2	2.096777E+2
7.038907E+2	2.094591E+2
7.041422E+2	2.099072E+2
7.043937E+2	2.104427E+2
7.046451E+2	2.109837E+2
7.048966E+2	2.116395E+2
7.051480E+2	2.116121E+2
7.053995E+2	2.121422E+2
7.056509E+2	2.128854E+2
7.059023E+2	2.133936E+2
7.061537E+2	2.140548E+2
7.064051E+2	2.145411E+2
7.066565E+2	2.151039E+2
7.069079E+2	2.155575E+2
7.071593E+2	2.155957E+2
7.074106E+2	2.151367E+2
7.076620E+2	2.146176E+2
7.079133E+2	2.145520E+2
7.081647E+2	2.145247E+2
7.084160E+2	2.145739E+2
7.086673E+2	2.144974E+2
7.089186E+2	2.144591E+2
7.091699E+2	2.143225E+2
7.094212E+2	2.145411E+2
7.096725E+2	2.148252E+2
7.099238E+2	2.149619E+2
7.101751E+2	2.154810E+2
7.104263E+2	2.162023E+2
7.106776E+2	2.163826E+2
7.109288E+2	2.164482E+2
7.111800E+2	2.165028E+2
7.114313E+2	2.166176E+2
7.116825E+2	2.169673E+2
7.119337E+2	2.173662E+2
7.121849E+2	2.175684E+2
7.124361E+2	2.180548E+2
7.126873E+2	2.186996E+2
7.129384E+2	2.190821E+2
7.131896E+2	2.193007E+2
7.134408E+2	2.191859E+2
7.136919E+2	2.195083E+2
7.139430E+2	2.194810E+2
7.141942E+2	2.196121E+2
7.144453E+2	2.190821E+2
7.146964E+2	2.190821E+2
7.149475E+2	2.190766E+2
7.151986E+2	2.195083E+2
7.154497E+2	2.195684E+2
7.157008E+2	2.194209E+2
7.159518E+2	2.193553E+2
7.162029E+2	2.192187E+2
7.164540E+2	2.193553E+2
7.167050E+2	2.195957E+2
7.169560E+2	2.197433E+2
7.172071E+2	2.197597E+2
7.174581E+2	2.204810E+2
7.177091E+2	2.213608E+2
7.179601E+2	2.219400E+2
7.182111E+2	2.223936E+2
7.184621E+2	2.228198E+2
7.187130E+2	2.233936E+2
7.189640E+2	2.243334E+2
7.192150E+2	2.248963E+2
7.194659E+2	2.252351E+2
7.197169E+2	2.252624E+2
7.199678E+2	2.254865E+2
7.202187E+2	2.252897E+2
7.204696E+2	2.252569E+2
7.207205E+2	2.254646E+2
7.209714E+2	2.252296E+2
7.212223E+2	2.251968E+2
7.214732E+2	2.250438E+2
7.217241E+2	2.251750E+2
7.219749E+2	2.255466E+2
7.222258E+2	2.259619E+2
7.224766E+2	2.265575E+2
7.227274E+2	2.279127E+2
7.229783E+2	2.287542E+2
7.232291E+2	2.299072E+2
7.234799E+2	2.307433E+2
7.237307E+2	2.312843E+2
7.239815E+2	2.317269E+2
7.242323E+2	2.326832E+2
7.244830E+2	2.337925E+2
7.247338E+2	2.345684E+2
7.249846E+2	2.356121E+2
7.252353E+2	2.367761E+2
7.254861E+2	2.371422E+2
7.257368E+2	2.374427E+2
7.259875E+2	2.380766E+2
7.262382E+2	2.387651E+2
7.264889E+2	2.392187E+2
7.267396E+2	2.395903E+2
7.269903E+2	2.399455E+2
7.272410E+2	2.405520E+2
7.274917E+2	2.411968E+2
7.277423E+2	2.418799E+2
7.279930E+2	2.419892E+2
7.282436E+2	2.425302E+2
7.284942E+2	2.430657E+2
7.287449E+2	2.441531E+2
7.289955E+2	2.452788E+2
7.292461E+2	2.463389E+2
7.294967E+2	2.471695E+2
7.297473E+2	2.487214E+2
7.299979E+2	2.497815E+2
7.302484E+2	2.514646E+2
7.304990E+2	2.531695E+2
7.307496E+2	2.540657E+2
7.310001E+2	2.557925E+2
7.312507E+2	2.572788E+2
7.315012E+2	2.587651E+2
7.317517E+2	2.599619E+2
7.320022E+2	2.611094E+2
7.322527E+2	2.623881E+2
7.325032E+2	2.636777E+2
7.327537E+2	2.645247E+2
7.330042E+2	2.648908E+2
7.332547E+2	2.662569E+2
7.335051E+2	2.676722E+2
7.337556E+2	2.689400E+2
7.340060E+2	2.700384E+2
7.342564E+2	2.714537E+2
7.345069E+2	2.731531E+2
7.347573E+2	2.751804E+2
7.350077E+2	2.775138E+2
7.352581E+2	2.794646E+2
7.355085E+2	2.816886E+2
7.357589E+2	2.839564E+2
7.360092E+2	2.856722E+2
7.362596E+2	2.883608E+2
7.365100E+2	2.912187E+2
7.367603E+2	2.934045E+2
7.370106E+2	2.956668E+2
7.372610E+2	2.977378E+2
7.375113E+2	2.994974E+2
7.377616E+2	3.013936E+2
7.380119E+2	3.031859E+2
7.382622E+2	3.051477E+2
7.385125E+2	3.077105E+2
7.387628E+2	3.103936E+2
7.390130E+2	3.136231E+2
7.392633E+2	3.169946E+2
7.395135E+2	3.198143E+2
7.397638E+2	3.224427E+2
7.400140E+2	3.253990E+2
7.402642E+2	3.287050E+2
7.405144E+2	3.317597E+2
7.407647E+2	3.350384E+2
7.410149E+2	3.382405E+2
7.412650E+2	3.415247E+2
7.415152E+2	3.443990E+2
7.417654E+2	3.475575E+2
7.420156E+2	3.510329E+2
7.422657E+2	3.551859E+2
7.425159E+2	3.596121E+2
7.427660E+2	3.645083E+2
7.430161E+2	3.687925E+2
7.432662E+2	3.743280E+2
7.435164E+2	3.808908E+2
7.437665E+2	3.910220E+2
7.440165E+2	4.010165E+2
7.442666E+2	4.086012E+2
7.445167E+2	4.140438E+2
7.447668E+2	4.180930E+2
7.450168E+2	4.223225E+2
7.452669E+2	4.263334E+2
7.455169E+2	4.299127E+2
7.457669E+2	4.330274E+2
7.460170E+2	4.371258E+2
7.462670E+2	4.409181E+2
7.465170E+2	4.452242E+2
7.467670E+2	4.503826E+2
7.470170E+2	4.568526E+2
7.472670E+2	4.653061E+2
7.475169E+2	4.744919E+2
7.477669E+2	4.837542E+2
7.480168E+2	4.919837E+2
7.482668E+2	4.987815E+2
7.485167E+2	5.042897E+2
7.487666E+2	5.087870E+2
7.490166E+2	5.130985E+2
7.492665E+2	5.170056E+2
7.495164E+2	5.205356E+2
7.497663E+2	5.239892E+2
7.500161E+2	5.264045E+2
7.502660E+2	5.277870E+2
7.505159E+2	5.292242E+2
7.507657E+2	5.299837E+2
7.510156E+2	5.309783E+2
7.512654E+2	5.325192E+2
7.515152E+2	5.331914E+2
7.517651E+2	5.335903E+2
7.520149E+2	5.348690E+2
7.522647E+2	5.364974E+2
7.525145E+2	5.384865E+2
7.527643E+2	5.415957E+2
7.530140E+2	5.446941E+2
7.532638E+2	5.481422E+2
7.535136E+2	5.512405E+2
7.537633E+2	5.534919E+2
7.540131E+2	5.565138E+2
7.542628E+2	5.605848E+2
7.545125E+2	5.652733E+2
7.547622E+2	5.705411E+2
7.550119E+2	5.752679E+2
7.552616E+2	5.788854E+2
7.555113E+2	5.815247E+2
7.557610E+2	5.838526E+2
7.560107E+2	5.852515E+2
7.562603E+2	5.864482E+2
7.565100E+2	5.869564E+2
7.567596E+2	5.873498E+2
7.570093E+2	5.871640E+2
7.572589E+2	5.860329E+2
7.575085E+2	5.837870E+2
7.577581E+2	5.811586E+2
7.580077E+2	5.780001E+2
7.582573E+2	5.754701E+2
7.585069E+2	5.720438E+2
7.587565E+2	5.670165E+2
7.590060E+2	5.579837E+2
7.592556E+2	5.489181E+2
7.595051E+2	5.420274E+2
7.597547E+2	5.378690E+2
7.600042E+2	5.348963E+2
7.602537E+2	5.312897E+2
7.605032E+2	5.279018E+2
7.607527E+2	5.249509E+2
7.610022E+2	5.224045E+2
7.612517E+2	5.198252E+2
7.615012E+2	5.170930E+2
7.617507E+2	5.142952E+2
7.620001E+2	5.111804E+2
7.622496E+2	5.068034E+2
7.624990E+2	5.002788E+2
7.627485E+2	4.921258E+2
7.629979E+2	4.844263E+2
7.632473E+2	4.776121E+2
7.634967E+2	4.728635E+2
7.637461E+2	4.687105E+2
7.639955E+2	4.656722E+2
7.642449E+2	4.627542E+2
7.644942E+2	4.594373E+2
7.647436E+2	4.561313E+2
7.649930E+2	4.525848E+2
7.652423E+2	4.499564E+2
7.654916E+2	4.478416E+2
7.657410E+2	4.466395E+2
7.659903E+2	4.458908E+2
7.662396E+2	4.451258E+2
7.664889E+2	4.447269E+2
7.667382E+2	4.438799E+2
7.669875E+2	4.431313E+2
7.672367E+2	4.422952E+2
7.674860E+2	4.402460E+2
7.677353E+2	4.376395E+2
7.679845E+2	4.343280E+2
7.682337E+2	4.309181E+2
7.684830E+2	4.266886E+2
7.687322E+2	4.226941E+2
7.689814E+2	4.196777E+2
7.692306E+2	4.162405E+2
7.694798E+2	4.116941E+2
7.697290E+2	4.064701E+2
7.699782E+2	4.012679E+2
7.702273E+2	3.965302E+2
7.704765E+2	3.933334E+2
7.707256E+2	3.912078E+2
7.709748E+2	3.894209E+2
7.712239E+2	3.894318E+2
7.714730E+2	3.904099E+2
7.717222E+2	3.926176E+2
7.719713E+2	3.957433E+2
7.722204E+2	3.993171E+2
7.724694E+2	4.033225E+2
7.727185E+2	4.078635E+2
7.729676E+2	4.122023E+2
7.732167E+2	4.163608E+2
7.734657E+2	4.197925E+2
7.737147E+2	4.222296E+2
7.739638E+2	4.242351E+2
7.742128E+2	4.262515E+2
7.744618E+2	4.274919E+2
7.747108E+2	4.287487E+2
7.749598E+2	4.292187E+2
7.752088E+2	4.293116E+2
7.754578E+2	4.303498E+2
7.757068E+2	4.309673E+2
7.759557E+2	4.314974E+2
7.762047E+2	4.314263E+2
7.764536E+2	4.312733E+2
7.767026E+2	4.308635E+2
7.769515E+2	4.295356E+2
7.772004E+2	4.282078E+2
7.774493E+2	4.272405E+2
7.776982E+2	4.253662E+2
7.779471E+2	4.248143E+2
7.781960E+2	4.236613E+2
7.784449E+2	4.233334E+2
7.786938E+2	4.224154E+2
7.789426E+2	4.221313E+2
7.791915E+2	4.216121E+2
7.794403E+2	4.218908E+2
7.796891E+2	4.230274E+2
7.799380E+2	4.241149E+2
7.801868E+2	4.260712E+2
7.804356E+2	4.282187E+2
7.806844E+2	4.309619E+2
7.809332E+2	4.332460E+2
7.811819E+2	4.362679E+2
7.814307E+2	4.394154E+2
7.816795E+2	4.421531E+2
7.819282E+2	4.454482E+2
7.821770E+2	4.487925E+2
7.824257E+2	4.519564E+2
7.826744E+2	4.552405E+2
7.829231E+2	4.580329E+2
7.831718E+2	4.606941E+2
7.834205E+2	4.626067E+2
7.836692E+2	4.641422E+2
7.839179E+2	4.660493E+2
7.841666E+2	4.668908E+2
7.844152E+2	4.668362E+2
7.846639E+2	4.665466E+2
7.849125E+2	4.663498E+2
7.851612E+2	4.653225E+2
7.854098E+2	4.640985E+2
7.856584E+2	4.618307E+2
7.859070E+2	4.589673E+2
7.861556E+2	4.561422E+2
7.864042E+2	4.528198E+2
7.866528E+2	4.486012E+2
7.869014E+2	4.443498E+2
7.871499E+2	4.394810E+2
7.873985E+2	4.347815E+2
7.876470E+2	4.304755E+2
7.878956E+2	4.258416E+2
7.881441E+2	4.218963E+2
7.883926E+2	4.182843E+2
7.886411E+2	4.154373E+2
7.888896E+2	4.139673E+2
7.891381E+2	4.137761E+2
7.893866E+2	4.142023E+2
7.896351E+2	4.149837E+2
7.898835E+2	4.159400E+2
7.901320E+2	4.173717E+2
7.903804E+2	4.198416E+2
7.906289E+2	4.215848E+2
7.908773E+2	4.240712E+2
7.911257E+2	4.262843E+2
7.913742E+2	4.289619E+2
7.916226E+2	4.316558E+2
7.918709E+2	4.345356E+2
7.921193E+2	4.374701E+2
7.923677E+2	4.397378E+2
7.926161E+2	4.417487E+2
7.928644E+2	4.441804E+2
7.931128E+2	4.454373E+2
7.933611E+2	4.471859E+2
7.936095E+2	4.479892E+2
7.938578E+2	4.489564E+2
7.941061E+2	4.490493E+2
7.943544E+2	4.493389E+2
7.946027E+2	4.485630E+2
7.948510E+2	4.469673E+2
7.950993E+2	4.452460E+2
7.953475E+2	4.432078E+2
7.955958E+2	4.405302E+2
7.958440E+2	4.377160E+2
7.960923E+2	4.348744E+2
7.963405E+2	4.314427E+2
7.965887E+2	4.277105E+2
7.968370E+2	4.241422E+2
7.970852E+2	4.208198E+2
7.973334E+2	4.174154E+2
7.975816E+2	4.141422E+2
7.978297E+2	4.117542E+2
7.980779E+2	4.099127E+2
7.983261E+2	4.086285E+2
7.985742E+2	4.083936E+2
7.988224E+2	4.091367E+2
7.990705E+2	4.108744E+2
7.993186E+2	4.126395E+2
7.995668E+2	4.150274E+2
7.998149E+2	4.171968E+2
8.000630E+2	4.196777E+2
8.003111E+2	4.223334E+2
8.005591E+2	4.246886E+2
8.008072E+2	4.273389E+2
8.010553E+2	4.295192E+2
8.013033E+2	4.314919E+2
8.015514E+2	4.329018E+2
8.017994E+2	4.341313E+2
8.020474E+2	4.350602E+2
8.022955E+2	4.363225E+2
8.025435E+2	4.368690E+2
8.027915E+2	4.373662E+2
8.030395E+2	4.385083E+2
8.032874E+2	4.389291E+2
8.035354E+2	4.394646E+2
8.037834E+2	4.395138E+2
8.040313E+2	4.396941E+2
8.042793E+2	4.381804E+2
8.045272E+2	4.370001E+2
8.047752E+2	4.356231E+2
8.050231E+2	4.338143E+2
8.052710E+2	4.323061E+2
8.055189E+2	4.300165E+2
8.057668E+2	4.284318E+2
8.060147E+2	4.263772E+2
8.062625E+2	4.240821E+2
8.065104E+2	4.217487E+2
8.067583E+2	4.195302E+2
8.070061E+2	4.178143E+2
8.072540E+2	4.165138E+2
8.075018E+2	4.166941E+2
8.077496E+2	4.169564E+2
8.079974E+2	4.181914E+2
8.082452E+2	4.204482E+2
8.084930E+2	4.224974E+2
8.087408E+2	4.261313E+2
8.089886E+2	4.303225E+2
8.092364E+2	4.358307E+2
8.094841E+2	4.423444E+2
8.097319E+2	4.504427E+2
8.099796E+2	4.598089E+2
8.102273E+2	4.699455E+2
8.104751E+2	4.802132E+2
8.107228E+2	4.905739E+2
8.109705E+2	5.009127E+2
8.112182E+2	5.107487E+2
8.114659E+2	5.200329E+2
8.117135E+2	5.282351E+2
8.119612E+2	5.356668E+2
8.122089E+2	5.415247E+2
8.124565E+2	5.463061E+2
8.127042E+2	5.493171E+2
8.129518E+2	5.511695E+2
8.131994E+2	5.520001E+2
8.134470E+2	5.515247E+2
8.136946E+2	5.501859E+2
8.139422E+2	5.482405E+2
8.141898E+2	5.446395E+2
8.144374E+2	5.409400E+2
8.146850E+2	5.369345E+2
8.149325E+2	5.331531E+2
8.151801E+2	5.288471E+2
8.154276E+2	5.247269E+2
8.156752E+2	5.209127E+2
8.159227E+2	5.175411E+2
8.161702E+2	5.144865E+2
8.164177E+2	5.118744E+2
8.166652E+2	5.099673E+2
8.169127E+2	5.088908E+2
8.171602E+2	5.076504E+2
8.174077E+2	5.065466E+2
8.176551E+2	5.066395E+2
8.179026E+2	5.063444E+2
8.181500E+2	5.061859E+2
8.183975E+2	5.065793E+2
8.186449E+2	5.065848E+2
8.188923E+2	5.070985E+2
8.191397E+2	5.068580E+2
8.193871E+2	5.072515E+2
8.196345E+2	5.069400E+2
8.198819E+2	5.061914E+2
8.201293E+2	5.052132E+2
8.203766E+2	5.039837E+2
8.206240E+2	5.023225E+2
8.208713E+2	5.001258E+2
8.211187E+2	4.978635E+2
8.213660E+2	4.952733E+2
8.216133E+2	4.927487E+2
8.218606E+2	4.897160E+2
8.221079E+2	4.857979E+2
8.223552E+2	4.818307E+2
8.226025E+2	4.765793E+2
8.228498E+2	4.713826E+2
8.230970E+2	4.658089E+2
8.233443E+2	4.595575E+2
8.235915E+2	4.532242E+2
8.238388E+2	4.455848E+2
8.240860E+2	4.376067E+2
8.243332E+2	4.285520E+2
8.245804E+2	4.182569E+2
8.248276E+2	4.070056E+2
8.250748E+2	3.947979E+2
8.253220E+2	3.817378E+2
8.255692E+2	3.687160E+2
8.258163E+2	3.557324E+2
8.260635E+2	3.427050E+2
8.263106E+2	3.299018E+2
8.265578E+2	3.177761E+2
8.268049E+2	3.069892E+2
8.270520E+2	2.964974E+2
8.272991E+2	2.872132E+2
8.275462E+2	2.788854E+2
8.277933E+2	2.719892E+2
8.280404E+2	2.661313E+2
8.282875E+2	2.609236E+2
8.285345E+2	2.568034E+2
8.287816E+2	2.534318E+2
8.290287E+2	2.500766E+2
8.292757E+2	2.475903E+2
8.295227E+2	2.450384E+2
8.297697E+2	2.427378E+2
8.300168E+2	2.403171E+2
8.302638E+2	2.380657E+2
8.305107E+2	2.360712E+2
8.307577E+2	2.341586E+2
8.310047E+2	2.318307E+2
8.312517E+2	2.292679E+2
8.314986E+2	2.263498E+2
8.317456E+2	2.231968E+2
8.319925E+2	2.199291E+2
8.322394E+2	2.169619E+2
8.324864E+2	2.138034E+2
8.327333E+2	2.099345E+2
8.329802E+2	2.055848E+2
8.332271E+2	2.011695E+2
8.334740E+2	1.958908E+2
8.337208E+2	1.909455E+2
8.339677E+2	1.858198E+2
8.342146E+2	1.808635E+2
8.344614E+2	1.764974E+2
8.347082E+2	1.724646E+2
8.349551E+2	1.690875E+2
8.352019E+2	1.660438E+2
8.354487E+2	1.633444E+2
8.356955E+2	1.613662E+2
8.359423E+2	1.588252E+2
8.361891E+2	1.570493E+2
8.364359E+2	1.554865E+2
8.366826E+2	1.541859E+2
8.369294E+2	1.528198E+2
8.371761E+2	1.519673E+2
8.374229E+2	1.509728E+2
8.376696E+2	1.504974E+2
8.379163E+2	1.496504E+2
8.381630E+2	1.486231E+2
8.384097E+2	1.479728E+2
8.386564E+2	1.472733E+2
8.389031E+2	1.463444E+2
8.391498E+2	1.453936E+2
8.393965E+2	1.445957E+2
8.396431E+2	1.439673E+2
8.398898E+2	1.434865E+2
8.401364E+2	1.427979E+2
8.403830E+2	1.426449E+2
8.406297E+2	1.420001E+2
8.408763E+2	1.413498E+2
8.411229E+2	1.405138E+2
8.413695E+2	1.396449E+2
8.416161E+2	1.386558E+2
8.418626E+2	1.378143E+2
8.421092E+2	1.373171E+2
8.423558E+2	1.367105E+2
8.426023E+2	1.362897E+2
8.428489E+2	1.354646E+2
8.430954E+2	1.345028E+2
8.433419E+2	1.342296E+2
8.435884E+2	1.337979E+2
8.438349E+2	1.328089E+2
8.440814E+2	1.318307E+2
8.443279E+2	1.306176E+2
8.445744E+2	1.299181E+2
8.448208E+2	1.288362E+2
8.450673E+2	1.280110E+2
8.453138E+2	1.274045E+2
8.455602E+2	1.265684E+2
8.458066E+2	1.259236E+2
8.460530E+2	1.253936E+2
8.462995E+2	1.252023E+2
8.465459E+2	1.250274E+2
8.467923E+2	1.245903E+2
8.470386E+2	1.243007E+2
8.472850E+2	1.233171E+2
8.475314E+2	1.220493E+2
8.477777E+2	1.212296E+2
8.480241E+2	1.208034E+2
8.482704E+2	1.199018E+2
8.485168E+2	1.194646E+2
8.487631E+2	1.188744E+2
8.490094E+2	1.180985E+2
8.492557E+2	1.173826E+2
8.495020E+2	1.167050E+2
8.497483E+2	1.163007E+2
8.499946E+2	1.155739E+2
8.502408E+2	1.149837E+2
8.504871E+2	1.143444E+2
8.507333E+2	1.132952E+2
8.509796E+2	1.129345E+2
8.512258E+2	1.121313E+2
8.514720E+2	1.118362E+2
8.517182E+2	1.108744E+2
8.519644E+2	1.106067E+2
8.522106E+2	1.101258E+2
8.524568E+2	1.097706E+2
8.527030E+2	1.089455E+2
8.529492E+2	1.084755E+2
8.531953E+2	1.077597E+2
8.534415E+2	1.069018E+2
8.536876E+2	1.060001E+2
8.539337E+2	1.055138E+2
8.541799E+2	1.045520E+2
8.544260E+2	1.038307E+2
8.546721E+2	1.035028E+2
8.549182E+2	1.025083E+2
8.551643E+2	1.017542E+2
8.554103E+2	1.010220E+2
8.556564E+2	1.003444E+2
8.559024E+2	9.996733E+1
8.561485E+2	9.928427E+1
8.563945E+2	9.895640E+1
8.566406E+2	9.880339E+1
8.568866E+2	9.844820E+1
8.571326E+2	9.784164E+1
8.573786E+2	9.710940E+1
8.576246E+2	9.639355E+1
8.578706E+2	9.602743E+1
8.581166E+2	9.577607E+1
8.583625E+2	9.521323E+1
8.586085E+2	9.498918E+1
8.588544E+2	9.452470E+1
8.591004E+2	9.431705E+1
8.593463E+2	9.418590E+1
8.595922E+2	9.389629E+1
8.598381E+2	9.368317E+1
8.600840E+2	9.332798E+1
8.603299E+2	9.348645E+1
8.605758E+2	9.291268E+1
8.608217E+2	9.227334E+1
8.610675E+2	9.185257E+1
8.613134E+2	9.137716E+1
8.615592E+2	9.104383E+1
8.618051E+2	9.066678E+1
8.620509E+2	8.965585E+1
8.622967E+2	8.951377E+1
8.625425E+2	8.942634E+1
8.627883E+2	8.890722E+1
8.630341E+2	8.810940E+1
8.632799E+2	8.765039E+1
8.635257E+2	8.772142E+1
8.637715E+2	8.735530E+1
8.640172E+2	8.698918E+1
8.642630E+2	8.680339E+1
8.645087E+2	8.644274E+1
8.647544E+2	8.592907E+1
8.650001E+2	8.561760E+1
8.652459E+2	8.520230E+1
8.654916E+2	8.505476E+1
8.657372E+2	8.508754E+1
8.659829E+2	8.478153E+1
8.662286E+2	8.473235E+1
8.664743E+2	8.425694E+1
8.667199E+2	8.370503E+1
8.669656E+2	8.295093E+1
8.672112E+2	8.239355E+1
8.674568E+2	8.232798E+1
8.677024E+2	8.210940E+1
8.679481E+2	8.180886E+1
8.681937E+2	8.138809E+1
8.684392E+2	8.080886E+1
8.686848E+2	8.060667E+1
8.689304E+2	8.031705E+1
8.691760E+2	8.041541E+1
8.694215E+2	8.030612E+1
8.696671E+2	7.968317E+1
8.699126E+2	7.978153E+1
8.701581E+2	7.986896E+1
8.704036E+2	7.957935E+1
8.706491E+2	7.943727E+1
8.708946E+2	7.879793E+1
8.711401E+2	7.871049E+1
8.713856E+2	7.868317E+1
8.716311E+2	7.835530E+1
8.718766E+2	7.798918E+1
8.721220E+2	7.753017E+1
8.723674E+2	7.720230E+1
8.726129E+2	7.687443E+1
8.728583E+2	7.678700E+1
8.731037E+2	7.658481E+1
8.733491E+2	7.606022E+1
8.735945E+2	7.533891E+1
8.738399E+2	7.524601E+1
8.740853E+2	7.511487E+1
8.743307E+2	7.486350E+1
8.745760E+2	7.424055E+1
8.748214E+2	7.381432E+1
8.750667E+2	7.388536E+1
8.753121E+2	7.280339E+1
8.755574E+2	7.262306E+1
8.758027E+2	7.207115E+1
8.760480E+2	7.188536E+1
8.762933E+2	7.142088E+1
8.765386E+2	7.108208E+1
8.767839E+2	7.050284E+1
8.770291E+2	7.053017E+1
8.772744E+2	6.989082E+1
8.775196E+2	6.954656E+1
8.777649E+2	6.912580E+1
8.780101E+2	6.910394E+1
8.782553E+2	6.917498E+1
8.785006E+2	6.854656E+1
8.787458E+2	6.803836E+1
8.789910E+2	6.783071E+1
8.792361E+2	6.793454E+1
8.794813E+2	6.802197E+1
8.797265E+2	6.790175E+1
8.799717E+2	6.785804E+1
8.802168E+2	6.792361E+1
8.804619E+2	6.748645E+1
8.807071E+2	6.695640E+1
8.809522E+2	6.668317E+1
8.811973E+2	6.598918E+1
8.814424E+2	6.575421E+1
8.816875E+2	6.562853E+1
8.819326E+2	6.591268E+1
8.821777E+2	6.554110E+1
8.824227E+2	6.481978E+1
8.826678E+2	6.461213E+1
8.829128E+2	6.445366E+1
8.831579E+2	6.447552E+1
8.834029E+2	6.459574E+1
8.836479E+2	6.444820E+1
8.838929E+2	6.454110E+1
8.841379E+2	6.435530E+1
8.843829E+2	6.402743E+1
8.846279E+2	6.399465E+1
8.848729E+2	6.389082E+1
8.851179E+2	6.379793E+1
8.853628E+2	6.353017E+1
8.856078E+2	6.308754E+1
8.858527E+2	6.288536E+1
8.860976E+2	6.268317E+1
8.863425E+2	6.226241E+1
8.865875E+2	6.190175E+1
8.868324E+2	6.155749E+1
8.870772E+2	6.135530E+1
8.873221E+2	6.130612E+1
8.875670E+2	6.094547E+1
8.878119E+2	6.081978E+1
8.880567E+2	6.091268E+1
8.883016E+2	6.085804E+1
8.885464E+2	6.087989E+1
8.887912E+2	6.082525E+1
8.890360E+2	6.054110E+1
8.892809E+2	6.061213E+1
8.895257E+2	6.062306E+1
8.897704E+2	6.055202E+1
8.900152E+2	6.008754E+1
8.902600E+2	6.021323E+1
8.905048E+2	6.009301E+1
8.907495E+2	6.007115E+1
8.909943E+2	5.967224E+1
8.912390E+2	5.960120E+1
8.914837E+2	5.936623E+1
8.917284E+2	5.962306E+1
8.919731E+2	5.938809E+1
8.922178E+2	5.942088E+1
8.924625E+2	5.962853E+1
8.927072E+2	5.959028E+1
8.929519E+2	5.929519E+1
8.931965E+2	5.915312E+1
8.934412E+2	5.909301E+1
8.936858E+2	5.943181E+1
8.939305E+2	5.963946E+1
8.941751E+2	5.920776E+1
8.944197E+2	5.894000E+1
8.946643E+2	5.859574E+1
8.949089E+2	5.859028E+1
8.951535E+2	5.834984E+1
8.953981E+2	5.789629E+1
8.956426E+2	5.816951E+1
8.958872E+2	5.791814E+1
8.961317E+2	5.787989E+1
8.963763E+2	5.789082E+1
8.966208E+2	5.813672E+1
8.968653E+2	5.775967E+1
8.971098E+2	5.769957E+1
8.973543E+2	5.796186E+1
8.975988E+2	5.795093E+1
8.978433E+2	5.769957E+1
8.980878E+2	5.737716E+1
8.983323E+2	5.742634E+1
8.985767E+2	5.756295E+1
8.988212E+2	5.733345E+1
8.990656E+2	5.765585E+1
8.993100E+2	5.773235E+1
8.995545E+2	5.771596E+1
8.997989E+2	5.711487E+1
9.000433E+2	5.654110E+1
9.002877E+2	5.620776E+1
9.005320E+2	5.615858E+1
9.007764E+2	5.621323E+1
9.010208E+2	5.621869E+1
9.012651E+2	5.610940E+1
9.015095E+2	5.629519E+1
9.017538E+2	5.620230E+1
9.019981E+2	5.614219E+1
9.022425E+2	5.633345E+1
9.024868E+2	5.675421E+1
9.027311E+2	5.651924E+1
9.029754E+2	5.631705E+1
9.032196E+2	5.648099E+1
9.034639E+2	5.650831E+1
9.037082E+2	5.601104E+1
9.039524E+2	5.603836E+1
9.041967E+2	5.563399E+1
9.044409E+2	5.581978E+1
9.046851E+2	5.620776E+1
9.049293E+2	5.659574E+1
9.051736E+2	5.624055E+1
9.054177E+2	5.616951E+1
9.056619E+2	5.627880E+1
9.059061E+2	5.630066E+1
9.061503E+2	5.620776E+1
9.063944E+2	5.639902E+1
9.066386E+2	5.613672E+1
9.068827E+2	5.615858E+1
9.071269E+2	5.644820E+1
9.073710E+2	5.621323E+1
9.076151E+2	5.610940E+1
9.078592E+2	5.648645E+1
9.081033E+2	5.638263E+1
9.083474E+2	5.660667E+1
9.085915E+2	5.619683E+1
9.088355E+2	5.609847E+1
9.090796E+2	5.612580E+1
9.093236E+2	5.615858E+1
9.095677E+2	5.616951E+1
9.098117E+2	5.591814E+1
9.100557E+2	5.596733E+1
9.102997E+2	5.623508E+1
9.105437E+2	5.608208E+1
9.107877E+2	5.643181E+1
9.110317E+2	5.659574E+1
9.112757E+2	5.661213E+1
9.115197E+2	5.637170E+1
9.117636E+2	5.633891E+1
9.120076E+2	5.647006E+1
9.122515E+2	5.588536E+1
9.124954E+2	5.566678E+1
9.127393E+2	5.574328E+1
9.129832E+2	5.592361E+1
9.132271E+2	5.567224E+1
9.134710E+2	5.556295E+1
9.137149E+2	5.542634E+1
9.139588E+2	5.514765E+1
9.142026E+2	5.491814E+1
9.144465E+2	5.472689E+1
9.146903E+2	5.479793E+1
9.149342E+2	5.478700E+1
9.151780E+2	5.479793E+1
9.154218E+2	5.510394E+1
9.156656E+2	5.506022E+1
9.159094E+2	5.499465E+1
9.161532E+2	5.504383E+1
9.163970E+2	5.481432E+1
9.166408E+2	5.495093E+1
9.168845E+2	5.514219E+1
9.171283E+2	5.506569E+1
9.173720E+2	5.500011E+1
9.176157E+2	5.537170E+1
9.178595E+2	5.528973E+1
9.181032E+2	5.507115E+1
9.183469E+2	5.442088E+1
9.185906E+2	5.460120E+1
9.188343E+2	5.427880E+1
9.190779E+2	5.454110E+1
9.193216E+2	5.424055E+1
9.195653E+2	5.386350E+1
9.198089E+2	5.336623E+1
9.200525E+2	5.356842E+1
9.202962E+2	5.369957E+1
9.205398E+2	5.350284E+1
9.207834E+2	5.342088E+1
9.210270E+2	5.351377E+1
9.212706E+2	5.373235E+1
9.215142E+2	5.386896E+1
9.217577E+2	5.375421E+1
9.220013E+2	5.366131E+1
9.222449E+2	5.306022E+1
9.224884E+2	5.332798E+1
9.227319E+2	5.307115E+1
9.229755E+2	5.296186E+1
9.232190E+2	5.246459E+1
9.234625E+2	5.259028E+1
9.237060E+2	5.231705E+1
9.239495E+2	5.252470E+1
9.241930E+2	5.205476E+1
9.244364E+2	5.183618E+1
9.246799E+2	5.177060E+1
9.249233E+2	5.171049E+1
9.251668E+2	5.144274E+1
9.254102E+2	5.094547E+1
9.256536E+2	5.061760E+1
9.258971E+2	5.057388E+1
9.261405E+2	5.048645E+1
9.263839E+2	5.060120E+1
9.266272E+2	5.038263E+1
9.268706E+2	5.042088E+1
9.271140E+2	5.049738E+1
9.273573E+2	5.028973E+1
9.276007E+2	5.030612E+1
9.278440E+2	5.033345E+1
9.280874E+2	5.039902E+1
9.283307E+2	5.032798E+1
9.285740E+2	5.017498E+1
9.288173E+2	5.005476E+1
9.290606E+2	5.001104E+1
9.293039E+2	5.002197E+1
9.295471E+2	4.990722E+1
9.297904E+2	5.026241E+1
9.300337E+2	5.011487E+1
9.302769E+2	4.982525E+1
9.305201E+2	4.970503E+1
9.307634E+2	4.932798E+1
9.310066E+2	4.901104E+1
9.312498E+2	4.898918E+1
9.314930E+2	4.877060E+1
9.317362E+2	4.862853E+1
9.319794E+2	4.819137E+1
9.322225E+2	4.810394E+1
9.324657E+2	4.755202E+1
9.327088E+2	4.734437E+1
9.329520E+2	4.715312E+1
9.331951E+2	4.739355E+1
9.334382E+2	4.740448E+1
9.336814E+2	4.750831E+1
9.339245E+2	4.708208E+1
9.341676E+2	4.685804E+1
9.344106E+2	4.706022E+1
9.346537E+2	4.701104E+1
9.348968E+2	4.696733E+1
9.351398E+2	4.667224E+1
9.353829E+2	4.640995E+1
9.356259E+2	4.620776E+1
9.358690E+2	4.627880E+1
9.361120E+2	4.570503E+1
9.363550E+2	4.559028E+1
9.365980E+2	4.549738E+1
9.368410E+2	4.521869E+1
9.370840E+2	4.574875E+1
9.373269E+2	4.525148E+1
9.375699E+2	4.501104E+1
9.378129E+2	4.486896E+1
9.380558E+2	4.490722E+1
9.382987E+2	4.444274E+1
9.385417E+2	4.446459E+1
9.387846E+2	4.368864E+1
9.390275E+2	4.400558E+1
9.392704E+2	4.410394E+1
9.395133E+2	4.434984E+1
9.397562E+2	4.412033E+1
9.399990E+2	4.412580E+1
9.402419E+2	4.414765E+1
9.404847E+2	4.421323E+1
9.407276E+2	4.431705E+1
9.409704E+2	4.415858E+1
9.412132E+2	4.378700E+1
9.414560E+2	4.419683E+1
9.416988E+2	4.378700E+1
9.419416E+2	4.392907E+1
9.421844E+2	4.385257E+1
9.424272E+2	4.355202E+1
9.426700E+2	4.321323E+1
9.429127E+2	4.300558E+1
9.431555E+2	4.291814E+1
9.433982E+2	4.289082E+1
9.436409E+2	4.271049E+1
9.438837E+2	4.266131E+1
9.441264E+2	4.249738E+1
9.443691E+2	4.255749E+1
9.446118E+2	4.226241E+1
9.448544E+2	4.237170E+1
9.450971E+2	4.236623E+1
9.453398E+2	4.253017E+1
9.455824E+2	4.276514E+1
9.458251E+2	4.320230E+1
9.460677E+2	4.336623E+1
9.463103E+2	4.348645E+1
9.465530E+2	4.307661E+1
9.467956E+2	4.319683E+1
9.470382E+2	4.292907E+1
9.472807E+2	4.317498E+1
9.475233E+2	4.282525E+1
9.477659E+2	4.288536E+1
9.480084E+2	4.271596E+1
9.482510E+2	4.263399E+1
9.484935E+2	4.291814E+1
9.487361E+2	4.300011E+1
9.489786E+2	4.350284E+1
9.492211E+2	4.327334E+1
9.494636E+2	4.316951E+1
9.497061E+2	4.273782E+1
9.499486E+2	4.254656E+1
9.501911E+2	4.295093E+1
9.504335E+2	4.279246E+1
9.506760E+2	4.242634E+1
9.509184E+2	4.233891E+1
9.511609E+2	4.214219E+1
9.514033E+2	4.211487E+1
9.516457E+2	4.194547E+1
9.518881E+2	4.177607E+1
9.521305E+2	4.195093E+1
9.523729E+2	4.244274E+1
9.526153E+2	4.271049E+1
9.528576E+2	4.260667E+1
9.531000E+2	4.295640E+1
9.533424E+2	4.309847E+1
9.535847E+2	4.329519E+1
9.538270E+2	4.321869E+1
9.540694E+2	4.326787E+1
9.543117E+2	4.267771E+1
9.545540E+2	4.267224E+1
9.547963E+2	4.269957E+1
9.550386E+2	4.289082E+1
9.552808E+2	4.281432E+1
9.555231E+2	4.255202E+1
9.557654E+2	4.225148E+1
9.560076E+2	4.248099E+1
9.562498E+2	4.207661E+1
9.564921E+2	4.238263E+1
9.567343E+2	4.216951E+1
9.569765E+2	4.229519E+1
9.572187E+2	4.230066E+1
9.574609E+2	4.233345E+1
9.577031E+2	4.217498E+1
9.579452E+2	4.216951E+1
9.581874E+2	4.212033E+1
9.584296E+2	4.222962E+1
9.586717E+2	4.236623E+1
9.589138E+2	4.230612E+1
9.591560E+2	4.215312E+1
9.593981E+2	4.198918E+1
9.596402E+2	4.198918E+1
9.598823E+2	4.199465E+1
9.601244E+2	4.162853E+1
9.603664E+2	4.173235E+1
9.606085E+2	4.130066E+1
9.608506E+2	4.101104E+1
9.610926E+2	4.069410E+1
9.613347E+2	4.080339E+1
9.615767E+2	4.037170E+1
9.618187E+2	4.054656E+1
9.620607E+2	4.004383E+1
9.623027E+2	4.035530E+1
9.625447E+2	4.018044E+1
9.627867E+2	4.021323E+1
9.630287E+2	4.000011E+1
9.632706E+2	3.966131E+1
9.635126E+2	3.949738E+1
9.637545E+2	3.925694E+1
9.639965E+2	3.966131E+1
9.642384E+2	3.969410E+1
9.644803E+2	3.991814E+1
9.647222E+2	3.992907E+1
9.649641E+2	3.967771E+1
9.652060E+2	3.994000E+1
9.654479E+2	4.019683E+1
9.656897E+2	4.026241E+1
9.659316E+2	4.039355E+1
9.661734E+2	4.025694E+1
9.664153E+2	4.030066E+1
9.666571E+2	4.039902E+1
9.668989E+2	4.089629E+1
9.671408E+2	4.095640E+1
9.673826E+2	4.089082E+1
9.676243E+2	4.134984E+1
9.678661E+2	4.128427E+1
9.681079E+2	4.130066E+1
9.683497E+2	4.143727E+1
9.685914E+2	4.149738E+1
9.688332E+2	4.147006E+1
9.690749E+2	4.162853E+1
9.693166E+2	4.147006E+1
9.695583E+2	4.153017E+1
9.698001E+2	4.140995E+1
9.700417E+2	4.128973E+1
9.702834E+2	4.121869E+1
9.705251E+2	4.114765E+1
9.707668E+2	4.127880E+1
9.710084E+2	4.143727E+1
9.712501E+2	4.137170E+1
9.714917E+2	4.168317E+1
9.717334E+2	4.173782E+1
9.719750E+2	4.210394E+1
9.722166E+2	4.243181E+1
9.724582E+2	4.267224E+1
9.726998E+2	4.240448E+1
9.729414E+2	4.239902E+1
9.731830E+2	4.200011E+1
9.734245E+2	4.177060E+1
9.736661E+2	4.192361E+1
9.739076E+2	4.231705E+1
9.741492E+2	4.202197E+1
9.743907E+2	4.171049E+1
9.746322E+2	4.173782E+1
9.748737E+2	4.180886E+1
9.751152E+2	4.191814E+1
9.753567E+2	4.206022E+1
9.755982E+2	4.230066E+1
9.758396E+2	4.234437E+1
9.760811E+2	4.231705E+1
9.763226E+2	4.281978E+1
9.765640E+2	4.265039E+1
9.768054E+2	4.272142E+1
9.770468E+2	4.224055E+1
9.772883E+2	4.229519E+1
9.775297E+2	4.226241E+1
9.777711E+2	4.250831E+1
9.780124E+2	4.243181E+1
9.782538E+2	4.246459E+1
9.784952E+2	4.224601E+1
9.787365E+2	4.165585E+1
9.789779E+2	4.155749E+1
9.792192E+2	4.159574E+1
9.794605E+2	4.169957E+1
9.797019E+2	4.195640E+1
9.799432E+2	4.187989E+1
9.801845E+2	4.168317E+1
9.804257E+2	4.187443E+1
9.806670E+2	4.208208E+1
9.809083E+2	4.224601E+1
9.811496E+2	4.263946E+1
9.813908E+2	4.219683E+1
9.816320E+2	4.158481E+1
9.818733E+2	4.102743E+1
9.821145E+2	4.077060E+1
9.823557E+2	4.044820E+1
9.825969E+2	4.064492E+1
9.828381E+2	4.046459E+1
9.830793E+2	4.053563E+1
9.833205E+2	4.019683E+1
9.835616E+2	4.015312E+1
9.838028E+2	3.995640E+1
9.840439E+2	4.014219E+1
9.842851E+2	3.989629E+1
9.845262E+2	3.967771E+1
9.847673E+2	3.975967E+1
9.850084E+2	3.965585E+1
9.852495E+2	3.996733E+1
9.854906E+2	3.967771E+1
9.857317E+2	3.952470E+1
9.859727E+2	3.933891E+1
9.862138E+2	3.904383E+1
9.864549E+2	3.909847E+1
9.866959E+2	3.851924E+1
9.869369E+2	3.806569E+1
9.871779E+2	3.761760E+1
9.874190E+2	3.774875E+1
9.876600E+2	3.793454E+1
9.879010E+2	3.848099E+1
9.881419E+2	3.861213E+1
9.883829E+2	3.857935E+1
9.886239E+2	3.786350E+1
9.888648E+2	3.826787E+1
9.891058E+2	3.869957E+1
9.893467E+2	3.886350E+1
9.895876E+2	3.883071E+1
9.898285E+2	3.846459E+1
9.900695E+2	3.822416E+1
9.903104E+2	3.799465E+1
9.905512E+2	3.803290E+1
9.907921E+2	3.798918E+1
9.910330E+2	3.800011E+1
9.912738E+2	3.783071E+1
9.915147E+2	3.825694E+1
9.917555E+2	3.868864E+1
9.919964E+2	3.877607E+1
9.922372E+2	3.879246E+1
9.924780E+2	3.857388E+1
9.927188E+2	3.842634E+1
9.929596E+2	3.852470E+1
9.932004E+2	3.840995E+1
9.934411E+2	3.808754E+1
9.936819E+2	3.788536E+1
9.939227E+2	3.761760E+1
9.941634E+2	3.766131E+1
9.944041E+2	3.754656E+1
9.946449E+2	3.762306E+1
9.948856E+2	3.751377E+1
9.951263E+2	3.729519E+1
9.953670E+2	3.695093E+1
9.956077E+2	3.702743E+1
9.958483E+2	3.678700E+1
9.960890E+2	3.706569E+1
9.963297E+2	3.714219E+1
9.965703E+2	3.718590E+1
9.968109E+2	3.749192E+1
9.970516E+2	3.744274E+1
9.972922E+2	3.707661E+1
9.975328E+2	3.719683E+1
9.977734E+2	3.684164E+1
9.980140E+2	3.659574E+1
9.982546E+2	3.638263E+1
9.984951E+2	3.669957E+1
9.987357E+2	3.644274E+1
9.989763E+2	3.673782E+1
9.992168E+2	3.674328E+1
9.994573E+2	3.643727E+1
9.996978E+2	3.625148E+1
9.999384E+2	3.609301E+1
1.000179E+3	3.560667E+1
1.000419E+3	3.542088E+1
1.000660E+3	3.548645E+1
1.000900E+3	3.547552E+1
1.001141E+3	3.533345E+1
1.001381E+3	3.568864E+1
1.001622E+3	3.579246E+1
1.001862E+3	3.622416E+1
1.002103E+3	3.615858E+1
1.002343E+3	3.590175E+1
1.002583E+3	3.564492E+1
1.002824E+3	3.549192E+1
1.003064E+3	3.538263E+1
1.003305E+3	3.560120E+1
1.003545E+3	3.543181E+1
1.003785E+3	3.494547E+1
1.004026E+3	3.464492E+1
1.004266E+3	3.466678E+1
1.004506E+3	3.489082E+1
1.004747E+3	3.508754E+1
1.004987E+3	3.472142E+1
1.005227E+3	3.438809E+1
1.005468E+3	3.428427E+1
1.005708E+3	3.384711E+1
1.005948E+3	3.371049E+1
1.006188E+3	3.352470E+1
1.006429E+3	3.344274E+1
1.006669E+3	3.329519E+1
1.006909E+3	3.343181E+1
1.007149E+3	3.362306E+1
1.007390E+3	3.407115E+1
1.007630E+3	3.397825E+1
1.007870E+3	3.377060E+1
1.008110E+3	3.393454E+1
1.008350E+3	3.460667E+1
1.008590E+3	3.496186E+1
1.008831E+3	3.475421E+1
1.009071E+3	3.464492E+1
1.009311E+3	3.437170E+1
1.009551E+3	3.421869E+1
1.009791E+3	3.374328E+1
1.010031E+3	3.374875E+1
1.010271E+3	3.359028E+1
1.010511E+3	3.347006E+1
1.010752E+3	3.361760E+1
1.010992E+3	3.359028E+1
1.011232E+3	3.352470E+1
1.011472E+3	3.307115E+1
1.011712E+3	3.295093E+1
1.011952E+3	3.295640E+1
1.012192E+3	3.275421E+1
1.012432E+3	3.275967E+1
1.012672E+3	3.250831E+1
1.012912E+3	3.277607E+1
1.013152E+3	3.250831E+1
1.013392E+3	3.263399E+1
1.013632E+3	3.212580E+1
1.013872E+3	3.231159E+1
1.014112E+3	3.249738E+1
1.014352E+3	3.271596E+1
1.014591E+3	3.297825E+1
1.014831E+3	3.334437E+1
1.015071E+3	3.353017E+1
1.015311E+3	3.329519E+1
1.015551E+3	3.321869E+1
1.015791E+3	3.326241E+1
1.016031E+3	3.339355E+1
1.016271E+3	3.331159E+1
1.016511E+3	3.289629E+1
1.016750E+3	3.287443E+1
1.016990E+3	3.280339E+1
1.017230E+3	3.261213E+1
1.017470E+3	3.253017E+1
1.017710E+3	3.267771E+1
1.017949E+3	3.261760E+1
1.018189E+3	3.274328E+1
1.018429E+3	3.276514E+1
1.018669E+3	3.260667E+1
1.018908E+3	3.249192E+1
1.019148E+3	3.214219E+1
1.019388E+3	3.175967E+1
1.019628E+3	3.229519E+1
1.019867E+3	3.249192E+1
1.020107E+3	3.253017E+1
1.020347E+3	3.241541E+1
1.020586E+3	3.249738E+1
1.020826E+3	3.241541E+1
1.021066E+3	3.213672E+1
1.021305E+3	3.208754E+1
1.021545E+3	3.201651E+1
1.021785E+3	3.162306E+1
1.022024E+3	3.144274E+1
1.022264E+3	3.141541E+1
1.022504E+3	3.159574E+1
1.022743E+3	3.152470E+1
1.022983E+3	3.119683E+1
1.023222E+3	3.072142E+1
1.023462E+3	3.069410E+1
1.023702E+3	3.042634E+1
1.023941E+3	3.060120E+1
1.024181E+3	3.091814E+1
1.024420E+3	3.108208E+1
1.024660E+3	3.095093E+1
1.024899E+3	3.058481E+1
1.025139E+3	3.039902E+1
1.025378E+3	2.997825E+1
1.025618E+3	2.978153E+1
1.025857E+3	2.960667E+1
1.026097E+3	2.925148E+1
1.026336E+3	2.902743E+1
1.026575E+3	2.897279E+1
1.026815E+3	2.853017E+1
1.027054E+3	2.856295E+1
1.027294E+3	2.891814E+1
1.027533E+3	2.850284E+1
1.027773E+3	2.856295E+1
1.028012E+3	2.847006E+1
1.028251E+3	2.851924E+1
1.028491E+3	2.846459E+1
1.028730E+3	2.835530E+1
1.028969E+3	2.812580E+1
1.029209E+3	2.769410E+1
1.029448E+3	2.773782E+1
1.029687E+3	2.772142E+1
1.029927E+3	2.768864E+1
1.030166E+3	2.760120E+1
1.030405E+3	2.729519E+1
1.030645E+3	2.666131E+1
1.030884E+3	2.644820E+1
1.031123E+3	2.663946E+1
1.031362E+3	2.665585E+1
1.031602E+3	2.681978E+1
1.031841E+3	2.652470E+1
1.032080E+3	2.634437E+1
1.032319E+3	2.584164E+1
1.032558E+3	2.582525E+1
1.032798E+3	2.548099E+1
1.033037E+3	2.564492E+1
1.033276E+3	2.538263E+1
1.033515E+3	2.536623E+1
1.033754E+3	2.522962E+1
1.033993E+3	2.544820E+1
1.034233E+3	2.493454E+1
1.034472E+3	2.455749E+1
1.034711E+3	2.432252E+1
1.034950E+3	2.435530E+1
1.035189E+3	2.392361E+1
1.035428E+3	2.339902E+1
1.035667E+3	2.307115E+1
1.035906E+3	2.316951E+1
1.036145E+3	2.331705E+1
1.036384E+3	2.344274E+1
1.036623E+3	2.330066E+1
1.036862E+3	2.321869E+1
1.037101E+3	2.277607E+1
1.037340E+3	2.274328E+1
1.037579E+3	2.225694E+1
1.037818E+3	2.221869E+1
1.038057E+3	2.202743E+1
1.038296E+3	2.224601E+1
1.038535E+3	2.211487E+1
1.038774E+3	2.191268E+1
1.039013E+3	2.181432E+1
1.039252E+3	2.150831E+1
1.039491E+3	2.179793E+1
1.039730E+3	2.194000E+1
1.039969E+3	2.218590E+1
1.040208E+3	2.188536E+1
1.040447E+3	2.177060E+1
1.040685E+3	2.207115E+1
1.040924E+3	2.219137E+1
1.041163E+3	2.207661E+1
1.041402E+3	2.220230E+1
1.041641E+3	2.211487E+1
1.041880E+3	2.171596E+1
1.042118E+3	2.165585E+1
1.042357E+3	2.126787E+1
1.042596E+3	2.119683E+1
1.042835E+3	2.114765E+1
1.043074E+3	2.070503E+1
1.043312E+3	2.034984E+1
1.043551E+3	2.020776E+1
1.043790E+3	2.038263E+1
1.044029E+3	2.025148E+1
1.044267E+3	1.981978E+1
1.044506E+3	1.976514E+1
1.044745E+3	1.967771E+1
1.044983E+3	1.992361E+1
1.045222E+3	2.018590E+1
1.045461E+3	2.027334E+1
1.045699E+3	1.992361E+1
1.045938E+3	1.961760E+1
1.046177E+3	1.877607E+1
1.046415E+3	1.888536E+1
1.046654E+3	1.864492E+1
1.046893E+3	1.889082E+1
1.047131E+3	1.886350E+1
1.047370E+3	1.906569E+1
1.047608E+3	1.892907E+1
1.047847E+3	1.926787E+1
1.048086E+3	1.898918E+1
1.048324E+3	1.921869E+1
1.048563E+3	1.922416E+1
1.048801E+3	1.907661E+1
1.049040E+3	1.904383E+1
1.049278E+3	1.909847E+1
1.049517E+3	1.900558E+1
1.049755E+3	1.925148E+1
1.049994E+3	1.947006E+1
1.050232E+3	1.981978E+1
1.050471E+3	1.939355E+1
1.050709E+3	1.863399E+1
1.050948E+3	1.849192E+1
1.051186E+3	1.856842E+1
1.051424E+3	1.828427E+1
1.051663E+3	1.840448E+1
1.051901E+3	1.790722E+1
1.052140E+3	1.780886E+1
1.052378E+3	1.816405E+1
1.052616E+3	1.803836E+1
1.052855E+3	1.783618E+1
1.053093E+3	1.767771E+1
1.053332E+3	1.728427E+1
1.053570E+3	1.736623E+1
1.053808E+3	1.773782E+1
1.054047E+3	1.769410E+1
1.054285E+3	1.761213E+1
1.054523E+3	1.722962E+1
1.054761E+3	1.748645E+1
1.055000E+3	1.750831E+1
1.055238E+3	1.725148E+1
1.055476E+3	1.701651E+1
1.055715E+3	1.698372E+1
1.055953E+3	1.673782E+1
1.056191E+3	1.669957E+1
1.056429E+3	1.714219E+1
1.056667E+3	1.716405E+1
1.056906E+3	1.730612E+1
1.057144E+3	1.706022E+1
1.057382E+3	1.691814E+1
1.057620E+3	1.727880E+1
1.057858E+3	1.751924E+1
1.058097E+3	1.748645E+1
1.058335E+3	1.694000E+1
1.058573E+3	1.694000E+1
1.058811E+3	1.720776E+1
1.059049E+3	1.768317E+1
1.059287E+3	1.777607E+1
1.059525E+3	1.726787E+1
1.059763E+3	1.675967E+1
1.060001E+3	1.648645E+1
1.060239E+3	1.645366E+1
1.060478E+3	1.613672E+1
1.060716E+3	1.649738E+1
1.060954E+3	1.638263E+1
1.061192E+3	1.657935E+1
1.061430E+3	1.621323E+1
1.061668E+3	1.583618E+1
1.061906E+3	1.550831E+1
1.062144E+3	1.521869E+1
1.062382E+3	1.500011E+1
1.062620E+3	1.500558E+1
1.062858E+3	1.432798E+1
1.063096E+3	1.370503E+1
1.063333E+3	1.368317E+1
1.063571E+3	1.347552E+1
1.063809E+3	1.324055E+1
1.064047E+3	1.321323E+1
1.064285E+3	1.305476E+1
1.064523E+3	1.278153E+1
1.064761E+3	1.277607E+1
1.064999E+3	1.272142E+1
1.065237E+3	1.297825E+1
1.065474E+3	1.313672E+1
1.065712E+3	1.248645E+1
1.065950E+3	1.228427E+1
1.066188E+3	1.233891E+1
1.066426E+3	1.273782E+1
1.066664E+3	1.267224E+1
1.066901E+3	1.226241E+1
1.067139E+3	1.219137E+1
1.067377E+3	1.211487E+1
1.067615E+3	1.202197E+1
1.067852E+3	1.199465E+1
1.068090E+3	1.139902E+1
1.068328E+3	1.080339E+1
1.068566E+3	1.052470E+1
1.068803E+3	1.011487E+1
1.069041E+3	9.912680E+0
1.069279E+3	9.672243E+0
1.069516E+3	9.677708E+0
1.069754E+3	9.557489E+0
1.069992E+3	9.327981E+0
1.070229E+3	9.103937E+0
1.070467E+3	9.273336E+0
1.070705E+3	9.240549E+0
1.070942E+3	8.961861E+0
1.071180E+3	8.737817E+0
1.071418E+3	8.459128E+0
1.071655E+3	8.371697E+0
1.071893E+3	8.043828E+0
1.072130E+3	7.623063E+0
1.072368E+3	7.349839E+0
1.072605E+3	7.191369E+0
1.072843E+3	7.464593E+0
1.073081E+3	7.349839E+0
1.073318E+3	7.322516E+0
1.073556E+3	6.748746E+0
1.073793E+3	6.317052E+0
1.074031E+3	6.426342E+0
1.074268E+3	6.213227E+0
1.074506E+3	6.535631E+0
1.074743E+3	6.841642E+0
1.074981E+3	6.879894E+0
1.075218E+3	7.131260E+0
1.075455E+3	7.420877E+0
1.075693E+3	7.355303E+0
1.075930E+3	7.327981E+0
1.076168E+3	7.371697E+0
1.076405E+3	7.606669E+0
1.076642E+3	7.633992E+0
1.076880E+3	7.836178E+0
1.077117E+3	7.776068E+0
1.077355E+3	8.262407E+0
1.077592E+3	8.929074E+0
1.077829E+3	8.929074E+0
1.078067E+3	9.426342E+0
1.078304E+3	9.606669E+0
1.078541E+3	9.989183E+0
1.078779E+3	1.025148E+1
1.079016E+3	1.055749E+1
1.079253E+3	1.032252E+1
1.079490E+3	1.025148E+1
1.079728E+3	1.032798E+1
1.079965E+3	9.814320E+0
1.080202E+3	1.008208E+1
1.080439E+3	1.005476E+1
1.080677E+3	1.001104E+1
1.080914E+3	9.989183E+0
1.081151E+3	1.024055E+1
1.081388E+3	1.021869E+1
1.081625E+3	1.042634E+1
1.081863E+3	1.009301E+1
1.082100E+3	1.008208E+1
1.082337E+3	9.814320E+0
1.082574E+3	1.016951E+1
1.082811E+3	1.057935E+1
1.083048E+3	1.045366E+1
1.083285E+3	1.015858E+1
1.083522E+3	1.020230E+1
1.083760E+3	1.039355E+1
1.083997E+3	1.026787E+1
1.084234E+3	1.054656E+1
1.084471E+3	1.071049E+1
1.084708E+3	1.090722E+1
1.084945E+3	1.091814E+1
1.085182E+3	1.066678E+1
1.085419E+3	1.100011E+1
1.085656E+3	1.143181E+1
1.085893E+3	1.200558E+1
1.086130E+3	1.202197E+1
1.086367E+3	1.233891E+1
1.086604E+3	1.263946E+1
1.086841E+3	1.285804E+1
1.087078E+3	1.274328E+1
1.087315E+3	1.260667E+1
1.087552E+3	1.234984E+1
1.087789E+3	1.225148E+1
1.088026E+3	1.194547E+1
1.088262E+3	1.185804E+1
1.088499E+3	1.204383E+1
1.088736E+3	1.241541E+1
1.088973E+3	1.207115E+1
1.089210E+3	1.189629E+1
1.089447E+3	1.183618E+1
1.089684E+3	1.152470E+1
1.089921E+3	1.121869E+1
1.090157E+3	1.151924E+1
1.090394E+3	1.134437E+1
1.090631E+3	1.167224E+1
1.090868E+3	1.139902E+1
1.091105E+3	1.123508E+1
1.091341E+3	1.103290E+1
1.091578E+3	1.096733E+1
1.091815E+3	1.061213E+1
1.092052E+3	1.044820E+1
1.092288E+3	1.037716E+1
1.092525E+3	1.018590E+1
1.092762E+3	1.008754E+1
1.092999E+3	9.568418E+0
1.093235E+3	9.180440E+0
1.093472E+3	8.786997E+0
1.093709E+3	8.557489E+0
1.093945E+3	8.541096E+0
1.094182E+3	8.311588E+0
1.094419E+3	8.453664E+0
1.094655E+3	8.153118E+0
1.094892E+3	8.136724E+0
1.095128E+3	8.191369E+0
1.095365E+3	8.317052E+0
1.095602E+3	8.169511E+0
1.095838E+3	8.043828E+0
1.096075E+3	7.961861E+0
1.096311E+3	8.322516E+0
1.096548E+3	8.185904E+0
1.096784E+3	8.480986E+0
1.097021E+3	8.825249E+0
1.097258E+3	8.808855E+0
1.097494E+3	8.814320E+0
1.097731E+3	9.415413E+0
1.097967E+3	9.541096E+0
1.098204E+3	9.366232E+0
1.098440E+3	9.164047E+0
1.098677E+3	9.322516E+0
1.098913E+3	9.349839E+0
1.099149E+3	9.535631E+0
1.099386E+3	9.333445E+0
1.099622E+3	9.409948E+0
1.099859E+3	8.879894E+0
1.100095E+3	8.213227E+0
1.100332E+3	7.858036E+0
1.100568E+3	7.929074E+0
1.100804E+3	7.961861E+0
1.101041E+3	7.639456E+0
1.101277E+3	7.453664E+0
1.101513E+3	7.628527E+0
1.101750E+3	7.879894E+0
1.101986E+3	8.552025E+0
1.102222E+3	8.633992E+0
1.102459E+3	8.918145E+0
1.102695E+3	9.224156E+0
1.102931E+3	9.103937E+0
1.103168E+3	9.016506E+0
1.103404E+3	9.344374E+0
1.103640E+3	9.235085E+0
1.103876E+3	9.601205E+0
1.104113E+3	9.912680E+0
1.104349E+3	9.907216E+0
1.104585E+3	9.836178E+0
1.104821E+3	1.007115E+1
1.105057E+3	9.950932E+0
1.105294E+3	9.972790E+0
1.105530E+3	1.030066E+1
1.105766E+3	1.022962E+1
1.106002E+3	1.034984E+1
1.106238E+3	1.060667E+1
1.106474E+3	1.048099E+1
1.106711E+3	1.027334E+1
1.106947E+3	9.847107E+0
1.107183E+3	9.601205E+0
1.107419E+3	9.584812E+0
1.107655E+3	9.644921E+0
1.107891E+3	1.000558E+1
1.108127E+3	2.776068E+0
1.108363E+3	2.442735E+0
1.108599E+3	9.776068E+0
1.108835E+3	2.610940E+1
1.109071E+3	4.110940E+1
1.109307E+3	2.177607E+1
1.109543E+3	9.442735E+0
1.109779E+3	1.377607E+1
1.110015E+3	1.310940E+1
1.110251E+3	4.109402E+0
1.110487E+3	2.410940E+1
1.110723E+3	8.776068E+0
1.110959E+3	1.844274E+1
1.111195E+3	2.877607E+1
1.111431E+3	1.044274E+1
1.111667E+3	2.077607E+1
1.111903E+3	9.442735E+0
1.112139E+3	1.510940E+1
1.112375E+3	8.109402E+0
1.112611E+3	1.344274E+1
1.112847E+3	1.177607E+1
1.113082E+3	1.177607E+1
1.113318E+3	1.410940E+1
1.113554E+3	9.776068E+0
1.113790E+3	-9.557265E+0
1.114026E+3	-1.455726E+1
1.114262E+3	-5.890598E+0
1.114497E+3	2.442735E+0
1.114733E+3	4.442735E+0
1.114969E+3	1.610940E+1
