1.951292E+2	0.000000E+0
1.953960E+2	0.000000E+0
1.956629E+2	0.000000E+0
1.959298E+2	0.000000E+0
1.961966E+2	0.000000E+0
1.964635E+2	0.000000E+0
1.967303E+2	0.000000E+0
1.969972E+2	0.000000E+0
1.972640E+2	0.000000E+0
1.975308E+2	0.000000E+0
1.977977E+2	0.000000E+0
1.980645E+2	0.000000E+0
1.983313E+2	0.000000E+0
1.985981E+2	0.000000E+0
1.988649E+2	0.000000E+0
1.991316E+2	0.000000E+0
1.993984E+2	0.000000E+0
1.996652E+2	0.000000E+0
1.999320E+2	0.000000E+0
2.001987E+2	0.000000E+0
2.004655E+2	0.000000E+0
2.007322E+2	0.000000E+0
2.009989E+2	0.000000E+0
2.012657E+2	0.000000E+0
2.015324E+2	0.000000E+0
2.017991E+2	0.000000E+0
2.020658E+2	0.000000E+0
2.023325E+2	0.000000E+0
2.025992E+2	0.000000E+0
2.028659E+2	0.000000E+0
2.031326E+2	0.000000E+0
2.033992E+2	0.000000E+0
2.036659E+2	0.000000E+0
2.039325E+2	0.000000E+0
2.041992E+2	0.000000E+0
2.044658E+2	0.000000E+0
2.047325E+2	0.000000E+0
2.049991E+2	0.000000E+0
2.052657E+2	0.000000E+0
2.055323E+2	0.000000E+0
2.057989E+2	0.000000E+0
2.060655E+2	0.000000E+0
2.063321E+2	0.000000E+0
2.065987E+2	0.000000E+0
2.068653E+2	0.000000E+0
2.071319E+2	0.000000E+0
2.073984E+2	0.000000E+0
2.076650E+2	0.000000E+0
2.079315E+2	0.000000E+0
2.081981E+2	0.000000E+0
2.084646E+2	0.000000E+0
2.087311E+2	0.000000E+0
2.089977E+2	0.000000E+0
2.092642E+2	0.000000E+0
2.095307E+2	0.000000E+0
2.097972E+2	0.000000E+0
2.100637E+2	0.000000E+0
2.103302E+2	0.000000E+0
2.105966E+2	0.000000E+0
2.108631E+2	0.000000E+0
2.111296E+2	0.000000E+0
2.113960E+2	0.000000E+0
2.116625E+2	0.000000E+0
2.119289E+2	0.000000E+0
2.121954E+2	0.000000E+0
2.124618E+2	0.000000E+0
2.127282E+2	0.000000E+0
2.129946E+2	0.000000E+0
2.132610E+2	0.000000E+0
2.135274E+2	0.000000E+0
2.137938E+2	0.000000E+0
2.140602E+2	0.000000E+0
2.143266E+2	0.000000E+0
2.145930E+2	0.000000E+0
2.148593E+2	0.000000E+0
2.151257E+2	0.000000E+0
2.153920E+2	0.000000E+0
2.156584E+2	0.000000E+0
2.159247E+2	0.000000E+0
2.161910E+2	0.000000E+0
2.164574E+2	0.000000E+0
2.167237E+2	0.000000E+0
2.169900E+2	0.000000E+0
2.172563E+2	0.000000E+0
2.175226E+2	0.000000E+0
2.177889E+2	0.000000E+0
2.180551E+2	0.000000E+0
2.183214E+2	0.000000E+0
2.185877E+2	0.000000E+0
2.188539E+2	0.000000E+0
2.191202E+2	0.000000E+0
2.193864E+2	0.000000E+0
2.196527E+2	0.000000E+0
2.199189E+2	0.000000E+0
2.201851E+2	0.000000E+0
2.204513E+2	0.000000E+0
2.207175E+2	0.000000E+0
2.209837E+2	0.000000E+0
2.212499E+2	0.000000E+0
2.215161E+2	0.000000E+0
2.217823E+2	0.000000E+0
2.220485E+2	0.000000E+0
2.223146E+2	0.000000E+0
2.225808E+2	0.000000E+0
2.228469E+2	0.000000E+0
2.231131E+2	0.000000E+0
2.233792E+2	0.000000E+0
2.236453E+2	0.000000E+0
2.239115E+2	0.000000E+0
2.241776E+2	0.000000E+0
2.244437E+2	0.000000E+0
2.247098E+2	0.000000E+0
2.249759E+2	0.000000E+0
2.252420E+2	0.000000E+0
2.255080E+2	0.000000E+0
2.257741E+2	0.000000E+0
2.260402E+2	0.000000E+0
2.263062E+2	0.000000E+0
2.265723E+2	0.000000E+0
2.268383E+2	0.000000E+0
2.271044E+2	0.000000E+0
2.273704E+2	0.000000E+0
2.276364E+2	0.000000E+0
2.279024E+2	0.000000E+0
2.281684E+2	0.000000E+0
2.284344E+2	0.000000E+0
2.287004E+2	0.000000E+0
2.289664E+2	0.000000E+0
2.292324E+2	0.000000E+0
2.294984E+2	0.000000E+0
2.297643E+2	0.000000E+0
2.300303E+2	0.000000E+0
2.302962E+2	0.000000E+0
2.305622E+2	0.000000E+0
2.308281E+2	0.000000E+0
2.310940E+2	0.000000E+0
2.313599E+2	0.000000E+0
2.316259E+2	0.000000E+0
2.318918E+2	0.000000E+0
2.321577E+2	0.000000E+0
2.324236E+2	0.000000E+0
2.326894E+2	0.000000E+0
2.329553E+2	0.000000E+0
2.332212E+2	0.000000E+0
2.334871E+2	0.000000E+0
2.337529E+2	0.000000E+0
2.340188E+2	0.000000E+0
2.342846E+2	0.000000E+0
2.345504E+2	0.000000E+0
2.348163E+2	0.000000E+0
2.350821E+2	0.000000E+0
2.353479E+2	0.000000E+0
2.356137E+2	0.000000E+0
2.358795E+2	0.000000E+0
2.361453E+2	0.000000E+0
2.364111E+2	0.000000E+0
2.366769E+2	0.000000E+0
2.369426E+2	0.000000E+0
2.372084E+2	0.000000E+0
2.374741E+2	0.000000E+0
2.377399E+2	0.000000E+0
2.380056E+2	0.000000E+0
2.382714E+2	0.000000E+0
2.385371E+2	0.000000E+0
2.388028E+2	0.000000E+0
2.390685E+2	0.000000E+0
2.393342E+2	0.000000E+0
2.395999E+2	0.000000E+0
2.398656E+2	0.000000E+0
2.401313E+2	0.000000E+0
2.403970E+2	0.000000E+0
2.406626E+2	0.000000E+0
2.409283E+2	0.000000E+0
2.411940E+2	0.000000E+0
2.414596E+2	0.000000E+0
2.417252E+2	0.000000E+0
2.419909E+2	0.000000E+0
2.422565E+2	0.000000E+0
2.425221E+2	0.000000E+0
2.427877E+2	0.000000E+0
2.430533E+2	0.000000E+0
2.433189E+2	0.000000E+0
2.435845E+2	0.000000E+0
2.438501E+2	0.000000E+0
2.441157E+2	0.000000E+0
2.443812E+2	0.000000E+0
2.446468E+2	0.000000E+0
2.449124E+2	0.000000E+0
2.451779E+2	0.000000E+0
2.454434E+2	0.000000E+0
2.457090E+2	0.000000E+0
2.459745E+2	0.000000E+0
2.462400E+2	0.000000E+0
2.465055E+2	0.000000E+0
2.467710E+2	0.000000E+0
2.470365E+2	0.000000E+0
2.473020E+2	0.000000E+0
2.475675E+2	0.000000E+0
2.478330E+2	0.000000E+0
2.480984E+2	0.000000E+0
2.483639E+2	0.000000E+0
2.486294E+2	0.000000E+0
2.488948E+2	0.000000E+0
2.491602E+2	0.000000E+0
2.494257E+2	0.000000E+0
2.496911E+2	0.000000E+0
2.499565E+2	0.000000E+0
2.502219E+2	6.563290E+0
2.504873E+2	6.175312E+0
2.507527E+2	5.776405E+0
2.510181E+2	5.743618E+0
2.512835E+2	6.022306E+0
2.515489E+2	5.951268E+0
2.518142E+2	5.634328E+0
2.520796E+2	5.836514E+0
2.523449E+2	6.229957E+0
2.526103E+2	6.005913E+0
2.528756E+2	5.847443E+0
2.531409E+2	5.514110E+0
2.534063E+2	5.470394E+0
2.536716E+2	6.169847E+0
2.539369E+2	6.109738E+0
2.542022E+2	6.590612E+0
2.544675E+2	6.415749E+0
2.547328E+2	6.492252E+0
2.549980E+2	6.399355E+0
2.552633E+2	6.071487E+0
2.555286E+2	5.628864E+0
2.557938E+2	5.688973E+0
2.560591E+2	6.131596E+0
2.563243E+2	6.322853E+0
2.565896E+2	6.437607E+0
2.568548E+2	6.448536E+0
2.571200E+2	6.262743E+0
2.573852E+2	6.333782E+0
2.576504E+2	6.219028E+0
2.579156E+2	6.372033E+0
2.581808E+2	6.311924E+0
2.584460E+2	6.169847E+0
2.587112E+2	6.208099E+0
2.589763E+2	6.344711E+0
2.592415E+2	6.246350E+0
2.595067E+2	6.284601E+0
2.597718E+2	6.126131E+0
2.600369E+2	6.426678E+0
2.603021E+2	6.219028E+0
2.605672E+2	6.355640E+0
2.608323E+2	6.563290E+0
2.610974E+2	6.142525E+0
2.613625E+2	5.945804E+0
2.616276E+2	5.705366E+0
2.618927E+2	5.765476E+0
2.621578E+2	5.645257E+0
2.624229E+2	5.519574E+0
2.626880E+2	6.044164E+0
2.629530E+2	6.131596E+0
2.632181E+2	5.841978E+0
2.634831E+2	5.754547E+0
2.637482E+2	5.803727E+0
2.640132E+2	5.918481E+0
2.642782E+2	5.831049E+0
2.645432E+2	5.514110E+0
2.648082E+2	5.913017E+0
2.650732E+2	5.809192E+0
2.653382E+2	5.557825E+0
2.656032E+2	5.251814E+0
2.658682E+2	5.011377E+0
2.661332E+2	4.923946E+0
2.663981E+2	4.732689E+0
2.666631E+2	5.000448E+0
2.669281E+2	5.279137E+0
2.671930E+2	5.126131E+0
2.674579E+2	4.607006E+0
2.677229E+2	4.781869E+0
2.679878E+2	4.956733E+0
2.682527E+2	4.841978E+0
2.685176E+2	4.224492E+0
2.687825E+2	4.115202E+0
2.690474E+2	4.126131E+0
2.693123E+2	3.951268E+0
2.695772E+2	3.918481E+0
2.698420E+2	3.415749E+0
2.701069E+2	3.273672E+0
2.703718E+2	2.929410E+0
2.706366E+2	3.137060E+0
2.709014E+2	2.967661E+0
2.711663E+2	2.852907E+0
2.714311E+2	2.913017E+0
2.716959E+2	2.994984E+0
2.719607E+2	2.858372E+0
2.722255E+2	2.579683E+0
2.724903E+2	2.382962E+0
2.727551E+2	2.372033E+0
2.730199E+2	2.574219E+0
2.732847E+2	3.098809E+0
2.735495E+2	3.060558E+0
2.738142E+2	3.076951E+0
2.740790E+2	3.197170E+0
2.743437E+2	3.202634E+0
2.746085E+2	3.147989E+0
2.748732E+2	3.115202E+0
2.751379E+2	2.874765E+0
2.754026E+2	3.055093E+0
2.756674E+2	3.109738E+0
2.759321E+2	3.153454E+0
2.761968E+2	2.732689E+0
2.764614E+2	2.639793E+0
2.767261E+2	2.607006E+0
2.769908E+2	2.257279E+0
2.772555E+2	2.317388E+0
2.775201E+2	2.382962E+0
2.777848E+2	2.585148E+0
2.780494E+2	2.820120E+0
2.783141E+2	2.945804E+0
2.785787E+2	3.011377E+0
2.788433E+2	2.781869E+0
2.791079E+2	2.388427E+0
2.793725E+2	1.967661E+0
2.796371E+2	1.956733E+0
2.799017E+2	1.645257E+0
2.801663E+2	1.464929E+0
2.804309E+2	1.317388E+0
2.806955E+2	1.158918E+0
2.809600E+2	9.512680E-1
2.812246E+2	1.147989E+0
2.814891E+2	1.229957E+0
2.817537E+2	1.268208E+0
2.820182E+2	1.508645E+0
2.822827E+2	1.432142E+0
2.825473E+2	1.432142E+0
2.828118E+2	1.104274E+0
2.830763E+2	8.802298E-1
2.833408E+2	7.381533E-1
2.836053E+2	9.458036E-1
2.838697E+2	5.796833E-1
2.841342E+2	3.938910E-1
2.843987E+2	4.416421E-2
2.846632E+2	4.540003E-1
2.849276E+2	5.632899E-1
2.851921E+2	6.070057E-1
2.854565E+2	5.468965E-1
2.857209E+2	4.266779E-1
2.859853E+2	2.955303E-1
2.862498E+2	1.261314E-1
2.865142E+2	3.869973E-2
2.867786E+2	5.509318E-2
2.870430E+2	9.334454E-2
2.873074E+2	-4.326748E-2
2.875717E+2	-3.602074E-1
2.878361E+2	-4.873196E-2
2.881005E+2	-5.016113E-3
2.883648E+2	-1.798795E-1
2.886292E+2	-1.197702E-1
2.888935E+2	2.682079E-1
2.891579E+2	2.408855E-1
2.894222E+2	1.315959E-1
2.896865E+2	4.212134E-1
2.899508E+2	3.720331E-1
2.902151E+2	1.589183E-1
2.904794E+2	1.370604E-1
2.907437E+2	3.173883E-1
2.910080E+2	3.337817E-1
2.912723E+2	6.999019E-1
2.915366E+2	9.130167E-1
2.918008E+2	9.840549E-1
2.920651E+2	1.011377E+0
2.923293E+2	1.197170E+0
2.925936E+2	1.257279E+0
2.928578E+2	1.235421E+0
2.931220E+2	1.066022E+0
2.933863E+2	8.638363E-1
2.936505E+2	9.020877E-1
2.939147E+2	9.020877E-1
2.941789E+2	7.982626E-1
2.944431E+2	6.889730E-1
2.947072E+2	8.911588E-1
2.949714E+2	5.960768E-1
2.952356E+2	7.272243E-1
2.954997E+2	1.022306E+0
2.957639E+2	9.239456E-1
2.960280E+2	1.098809E+0
2.962922E+2	1.137060E+0
2.965563E+2	1.011377E+0
2.968204E+2	8.693008E-1
2.970845E+2	6.780440E-1
2.973486E+2	3.556396E-1
2.976127E+2	4.321424E-1
2.978768E+2	5.960768E-1
2.981409E+2	4.485358E-1
2.984050E+2	1.534538E-1
2.986691E+2	3.119238E-1
2.989331E+2	6.124702E-1
2.991972E+2	7.162954E-1
2.994612E+2	7.217598E-1
2.997253E+2	6.725795E-1
2.999893E+2	1.076951E+0
3.002534E+2	1.235421E+0
3.005174E+2	1.300995E+0
3.007814E+2	9.130167E-1
3.010454E+2	9.239456E-1
3.013094E+2	9.130167E-1
3.015734E+2	1.115202E+0
3.018374E+2	1.142525E+0
3.021013E+2	1.164383E+0
3.023653E+2	1.475858E+0
3.026293E+2	1.382962E+0
3.028932E+2	1.279137E+0
3.031572E+2	1.535967E+0
3.034211E+2	1.596077E+0
3.036850E+2	1.951268E+0
3.039489E+2	1.978590E+0
3.042129E+2	2.115202E+0
3.044768E+2	2.213563E+0
3.047407E+2	2.104274E+0
3.050046E+2	1.858372E+0
3.052685E+2	1.798263E+0
3.055323E+2	1.820120E+0
3.057962E+2	1.530503E+0
3.060601E+2	1.645257E+0
3.063239E+2	1.628864E+0
3.065878E+2	1.678044E+0
3.068516E+2	1.612470E+0
3.071155E+2	1.661651E+0
3.073793E+2	1.716295E+0
3.076431E+2	1.300995E+0
3.079069E+2	1.060558E+0
3.081707E+2	1.137060E+0
3.084345E+2	1.339246E+0
3.086983E+2	1.361104E+0
3.089621E+2	1.415749E+0
3.092259E+2	1.415749E+0
3.094896E+2	1.541432E+0
3.097534E+2	1.399355E+0
3.100171E+2	1.016842E+0
3.102809E+2	4.703937E-1
3.105446E+2	5.906123E-1
3.108084E+2	7.490822E-1
3.110721E+2	1.011377E+0
3.113358E+2	1.153454E+0
3.115995E+2	1.120667E+0
3.118632E+2	1.066022E+0
3.121269E+2	1.459465E+0
3.123906E+2	1.295530E+0
3.126543E+2	1.454000E+0
3.129179E+2	1.393891E+0
3.131816E+2	1.661651E+0
3.134453E+2	1.678044E+0
3.137089E+2	1.688973E+0
3.139725E+2	1.743618E+0
3.142362E+2	1.760011E+0
3.144998E+2	1.656186E+0
3.147634E+2	1.470394E+0
3.150270E+2	1.355640E+0
3.152906E+2	1.634328E+0
3.155542E+2	2.109738E+0
3.158178E+2	2.246350E+0
3.160814E+2	1.923946E+0
3.163450E+2	1.885694E+0
3.166086E+2	2.137060E+0
3.168721E+2	2.388427E+0
3.171357E+2	2.169847E+0
3.173992E+2	2.093345E+0
3.176627E+2	1.951268E+0
3.179263E+2	2.191705E+0
3.181898E+2	2.333782E+0
3.184533E+2	2.219028E+0
3.187168E+2	2.464929E+0
3.189803E+2	2.038700E+0
3.192438E+2	1.688973E+0
3.195073E+2	1.945804E+0
3.197708E+2	2.219028E+0
3.200342E+2	2.104274E+0
3.202977E+2	2.344711E+0
3.205612E+2	2.617935E+0
3.208246E+2	3.060558E+0
3.210881E+2	3.229957E+0
3.213515E+2	3.454000E+0
3.216149E+2	3.432142E+0
3.218783E+2	3.404820E+0
3.221417E+2	3.437607E+0
3.224051E+2	3.399355E+0
3.226685E+2	3.104274E+0
3.229319E+2	2.945804E+0
3.231953E+2	2.869301E+0
3.234587E+2	2.404820E+0
3.237221E+2	2.147989E+0
3.239854E+2	2.514110E+0
3.242488E+2	2.219028E+0
3.245121E+2	1.612470E+0
3.247754E+2	1.328317E+0
3.250388E+2	1.240886E+0
3.253021E+2	1.481323E+0
3.255654E+2	1.246350E+0
3.258287E+2	1.645257E+0
3.260920E+2	1.694437E+0
3.263553E+2	1.923946E+0
3.266186E+2	1.596077E+0
3.268819E+2	1.535967E+0
3.271451E+2	1.459465E+0
3.274084E+2	1.470394E+0
3.276717E+2	1.787334E+0
3.279349E+2	1.863836E+0
3.281981E+2	1.459465E+0
3.284614E+2	1.574219E+0
3.287246E+2	1.760011E+0
3.289878E+2	2.016842E+0
3.292510E+2	1.743618E+0
3.295142E+2	2.109738E+0
3.297774E+2	2.279137E+0
3.300406E+2	2.142525E+0
3.303038E+2	1.891159E+0
3.305670E+2	2.344711E+0
3.308301E+2	2.623399E+0
3.310933E+2	2.765476E+0
3.313564E+2	2.421213E+0
3.316196E+2	2.219028E+0
3.318827E+2	2.153454E+0
3.321458E+2	2.137060E+0
3.324089E+2	2.372033E+0
3.326721E+2	2.426678E+0
3.329352E+2	2.454000E+0
3.331983E+2	2.574219E+0
3.334614E+2	3.055093E+0
3.337244E+2	3.388427E+0
3.339875E+2	3.393891E+0
3.342506E+2	3.361104E+0
3.345136E+2	3.421213E+0
3.347767E+2	3.005913E+0
3.350397E+2	3.044164E+0
3.353028E+2	3.202634E+0
3.355658E+2	2.902088E+0
3.358288E+2	2.765476E+0
3.360918E+2	2.426678E+0
3.363548E+2	2.284601E+0
3.366178E+2	2.011377E+0
3.368808E+2	1.601541E+0
3.371438E+2	1.382962E+0
3.374068E+2	8.419784E-1
3.376698E+2	6.999019E-1
3.379327E+2	8.802298E-1
3.381957E+2	9.075522E-1
3.384586E+2	8.747653E-1
3.387216E+2	1.339246E+0
3.389845E+2	1.273672E+0
3.392474E+2	1.273672E+0
3.395103E+2	1.311924E+0
3.397733E+2	1.628864E+0
3.400362E+2	1.377498E+0
3.402990E+2	1.350175E+0
3.405619E+2	1.891159E+0
3.408248E+2	1.880230E+0
3.410877E+2	1.705366E+0
3.413506E+2	1.787334E+0
3.416134E+2	1.923946E+0
3.418763E+2	1.475858E+0
3.421391E+2	1.656186E+0
3.424019E+2	1.552361E+0
3.426648E+2	1.754547E+0
3.429276E+2	2.022306E+0
3.431904E+2	2.011377E+0
3.434532E+2	2.104274E+0
3.437160E+2	1.863836E+0
3.439788E+2	1.934875E+0
3.442416E+2	1.940339E+0
3.445043E+2	1.951268E+0
3.447671E+2	1.699902E+0
3.450299E+2	1.798263E+0
3.452926E+2	1.809192E+0
3.455554E+2	1.546896E+0
3.458181E+2	1.317388E+0
3.460808E+2	1.098809E+0
3.463436E+2	2.033235E+0
3.466063E+2	1.650722E+0
3.468690E+2	1.169847E+0
3.471317E+2	1.137060E+0
3.473944E+2	1.306459E+0
3.476570E+2	1.432142E+0
3.479197E+2	1.552361E+0
3.481824E+2	1.333782E+0
3.484451E+2	1.246350E+0
3.487077E+2	1.060558E+0
3.489704E+2	9.020877E-1
3.492330E+2	9.676615E-1
3.494956E+2	6.835085E-1
3.497582E+2	6.616506E-1
3.500209E+2	4.649292E-1
3.502835E+2	5.960768E-1
3.505461E+2	6.507216E-1
3.508087E+2	1.109738E+0
3.510713E+2	1.421213E+0
3.513338E+2	1.306459E+0
3.515964E+2	1.508645E+0
3.518590E+2	1.219028E+0
3.521215E+2	1.497716E+0
3.523841E+2	1.000448E+0
3.526466E+2	9.403391E-1
3.529091E+2	1.197170E+0
3.531717E+2	1.131596E+0
3.534342E+2	2.044164E+0
3.536967E+2	2.164383E+0
3.539592E+2	2.022306E+0
3.542217E+2	1.847443E+0
3.544842E+2	2.208099E+0
3.547467E+2	1.814656E+0
3.550091E+2	2.060558E+0
3.552716E+2	2.235421E+0
3.555341E+2	2.530503E+0
3.557965E+2	2.481323E+0
3.560590E+2	2.978590E+0
3.563214E+2	3.694437E+0
3.565838E+2	3.432142E+0
3.568462E+2	3.831049E+0
3.571086E+2	4.158918E+0
3.573711E+2	4.197170E+0
3.576335E+2	4.454000E+0
3.578958E+2	4.399355E+0
3.581582E+2	4.191705E+0
3.584206E+2	3.918481E+0
3.586830E+2	3.825585E+0
3.589453E+2	3.317388E+0
3.592077E+2	3.377498E+0
3.594700E+2	3.585148E+0
3.597324E+2	3.820120E+0
3.599947E+2	3.650722E+0
3.602570E+2	3.885694E+0
3.605193E+2	3.847443E+0
3.607816E+2	3.989519E+0
3.610439E+2	4.486787E+0
3.613062E+2	4.809192E+0
3.615685E+2	4.546896E+0
3.618308E+2	4.546896E+0
3.620930E+2	4.978590E+0
3.623553E+2	4.596077E+0
3.626176E+2	4.945804E+0
3.628798E+2	5.628864E+0
3.631420E+2	5.475858E+0
3.634043E+2	5.497716E+0
3.636665E+2	5.831049E+0
3.639287E+2	5.831049E+0
3.641909E+2	6.022306E+0
3.644531E+2	6.197170E+0
3.647153E+2	6.142525E+0
3.649775E+2	6.076951E+0
3.652397E+2	6.475858E+0
3.655018E+2	6.213563E+0
3.657640E+2	6.076951E+0
3.660262E+2	6.295530E+0
3.662883E+2	6.175312E+0
3.665505E+2	6.279137E+0
3.668126E+2	5.929410E+0
3.670747E+2	5.880230E+0
3.673368E+2	5.798263E+0
3.675989E+2	5.650722E+0
3.678610E+2	5.787334E+0
3.681231E+2	5.743618E+0
3.683852E+2	6.306459E+0
3.686473E+2	6.481323E+0
3.689094E+2	6.388427E+0
3.691714E+2	6.202634E+0
3.694335E+2	5.661651E+0
3.696955E+2	5.437607E+0
3.699576E+2	5.628864E+0
3.702196E+2	5.678044E+0
3.704816E+2	5.519574E+0
3.707437E+2	5.541432E+0
3.710057E+2	5.366569E+0
3.712677E+2	5.257279E+0
3.715297E+2	5.076951E+0
3.717917E+2	5.169847E+0
3.720536E+2	4.814656E+0
3.723156E+2	4.382962E+0
3.725776E+2	4.891159E+0
3.728395E+2	5.131596E+0
3.731015E+2	4.962197E+0
3.733634E+2	5.071487E+0
3.736254E+2	4.852907E+0
3.738873E+2	5.071487E+0
3.741492E+2	5.497716E+0
3.744111E+2	5.891159E+0
3.746730E+2	6.333782E+0
3.749349E+2	6.803727E+0
3.751968E+2	6.721760E+0
3.754587E+2	6.568754E+0
3.757206E+2	6.421213E+0
3.759824E+2	6.300995E+0
3.762443E+2	6.098809E+0
3.765061E+2	6.273672E+0
3.767680E+2	6.382962E+0
3.770298E+2	5.929410E+0
3.772916E+2	5.574219E+0
3.775535E+2	5.601541E+0
3.778153E+2	5.694437E+0
3.780771E+2	5.322853E+0
3.783389E+2	5.164383E+0
3.786007E+2	5.071487E+0
3.788624E+2	4.426678E+0
3.791242E+2	4.672580E+0
3.793860E+2	4.787334E+0
3.796477E+2	4.470394E+0
3.799095E+2	4.464929E+0
3.801712E+2	4.590612E+0
3.804330E+2	4.579683E+0
3.806947E+2	5.038700E+0
3.809564E+2	5.563290E+0
3.812181E+2	5.295530E+0
3.814798E+2	5.219028E+0
3.817415E+2	5.563290E+0
3.820032E+2	5.612470E+0
3.822649E+2	5.339246E+0
3.825266E+2	5.055093E+0
3.827883E+2	5.126131E+0
3.830499E+2	5.235421E+0
3.833116E+2	5.076951E+0
3.835732E+2	5.344711E+0
3.838348E+2	5.503181E+0
3.840965E+2	5.519574E+0
3.843581E+2	5.519574E+0
3.846197E+2	5.820120E+0
3.848813E+2	5.913017E+0
3.851429E+2	6.240886E+0
3.854045E+2	6.093345E+0
3.856661E+2	6.333782E+0
3.859277E+2	6.492252E+0
3.861892E+2	6.290066E+0
3.864508E+2	6.115202E+0
3.867124E+2	6.158918E+0
3.869739E+2	6.158918E+0
3.872354E+2	6.907552E+0
3.874970E+2	7.519574E+0
3.877585E+2	7.710831E+0
3.880200E+2	7.781869E+0
3.882815E+2	8.284601E+0
3.885430E+2	8.005913E+0
3.888045E+2	7.743618E+0
3.890660E+2	7.989519E+0
3.893275E+2	7.492252E+0
3.895889E+2	7.798263E+0
3.898504E+2	7.738153E+0
3.901118E+2	7.732689E+0
3.903733E+2	8.044164E+0
3.906347E+2	7.596077E+0
3.908962E+2	7.415749E+0
3.911576E+2	7.634328E+0
3.914190E+2	7.809192E+0
3.916804E+2	7.743618E+0
3.919418E+2	8.060558E+0
3.922032E+2	7.814656E+0
3.924646E+2	7.623399E+0
3.927260E+2	7.459465E+0
3.929873E+2	7.300995E+0
3.932487E+2	7.284601E+0
3.935100E+2	7.120667E+0
3.937714E+2	7.164383E+0
3.940327E+2	7.421213E+0
3.942941E+2	7.295530E+0
3.945554E+2	7.235421E+0
3.948167E+2	7.612470E+0
3.950780E+2	7.656186E+0
3.953393E+2	7.639793E+0
3.956006E+2	7.781869E+0
3.958619E+2	7.760011E+0
3.961232E+2	7.650722E+0
3.963844E+2	7.585148E+0
3.966457E+2	7.295530E+0
3.969069E+2	7.208099E+0
3.971682E+2	7.464929E+0
3.974294E+2	7.803727E+0
3.976907E+2	7.792798E+0
3.979519E+2	7.661651E+0
3.982131E+2	8.087880E+0
3.984743E+2	8.290066E+0
3.987355E+2	8.372033E+0
3.989967E+2	8.147989E+0
3.992579E+2	8.361104E+0
3.995191E+2	7.962197E+0
3.997802E+2	7.732689E+0
4.000414E+2	7.940339E+0
4.003025E+2	7.951268E+0
4.005637E+2	7.694437E+0
4.008248E+2	7.694437E+0
4.010860E+2	8.328317E+0
4.013471E+2	8.874765E+0
4.016082E+2	8.661651E+0
4.018693E+2	8.366569E+0
4.021304E+2	8.716295E+0
4.023915E+2	9.175312E+0
4.026526E+2	9.525039E+0
4.029137E+2	9.579683E+0
4.031747E+2	9.142525E+0
4.034358E+2	8.732689E+0
4.036968E+2	8.776405E+0
4.039579E+2	9.071487E+0
4.042189E+2	8.765476E+0
4.044800E+2	8.836514E+0
4.047410E+2	8.913017E+0
4.050020E+2	9.153454E+0
4.052630E+2	9.552361E+0
4.055240E+2	9.497716E+0
4.057850E+2	9.885694E+0
4.060460E+2	1.003870E+1
4.063070E+2	9.710831E+0
4.065679E+2	9.765476E+0
4.068289E+2	9.612470E+0
4.070898E+2	9.300995E+0
4.073508E+2	8.672580E+0
4.076117E+2	8.743618E+0
4.078727E+2	8.940339E+0
4.081336E+2	9.809192E+0
4.083945E+2	9.923946E+0
4.086554E+2	1.007695E+1
4.089163E+2	1.033925E+1
4.091772E+2	1.074908E+1
4.094381E+2	1.109881E+1
4.096990E+2	1.110427E+1
4.099598E+2	1.144854E+1
4.102207E+2	1.165619E+1
4.104815E+2	1.191848E+1
4.107424E+2	1.157422E+1
4.110032E+2	1.121903E+1
4.112640E+2	1.090209E+1
4.115249E+2	1.090755E+1
4.117857E+2	1.129007E+1
4.120465E+2	1.125181E+1
4.123073E+2	1.108788E+1
4.125681E+2	1.151411E+1
4.128289E+2	1.153597E+1
4.130896E+2	1.160154E+1
4.133504E+2	1.159061E+1
4.136112E+2	1.166712E+1
4.138719E+2	1.184744E+1
4.141327E+2	1.187477E+1
4.143934E+2	1.183651E+1
4.146541E+2	1.222449E+1
4.149149E+2	1.238843E+1
4.151756E+2	1.292395E+1
4.154363E+2	1.350865E+1
4.156970E+2	1.391302E+1
4.159577E+2	1.415345E+1
4.162184E+2	1.422449E+1
4.164790E+2	1.436110E+1
4.167397E+2	1.428460E+1
4.170004E+2	1.372722E+1
4.172610E+2	1.357422E+1
4.175217E+2	1.406056E+1
4.177823E+2	1.428460E+1
4.180429E+2	1.457422E+1
4.183035E+2	1.439936E+1
4.185642E+2	1.461247E+1
4.188248E+2	1.479280E+1
4.190854E+2	1.464526E+1
4.193459E+2	1.489662E+1
4.196065E+2	1.530099E+1
4.198671E+2	1.497859E+1
4.201277E+2	1.498952E+1
4.203882E+2	1.517531E+1
4.206488E+2	1.524089E+1
4.209093E+2	1.500591E+1
4.211699E+2	1.489116E+1
4.214304E+2	1.479826E+1
4.216909E+2	1.472722E+1
4.219514E+2	1.442668E+1
4.222119E+2	1.448132E+1
4.224724E+2	1.472176E+1
4.227329E+2	1.479826E+1
4.229934E+2	1.504963E+1
4.232539E+2	1.557422E+1
4.235143E+2	1.576001E+1
4.237748E+2	1.533925E+1
4.240352E+2	1.500045E+1
4.242957E+2	1.496220E+1
4.245561E+2	1.549772E+1
4.248166E+2	1.561247E+1
4.250770E+2	1.545400E+1
4.253374E+2	1.550865E+1
4.255978E+2	1.559608E+1
4.258582E+2	1.565072E+1
4.261186E+2	1.557422E+1
4.263790E+2	1.571630E+1
4.266393E+2	1.635018E+1
4.268997E+2	1.653050E+1
4.271600E+2	1.682012E+1
4.274204E+2	1.671083E+1
4.276807E+2	1.650318E+1
4.279411E+2	1.679826E+1
4.282014E+2	1.686930E+1
4.284617E+2	1.648679E+1
4.287220E+2	1.662886E+1
4.289823E+2	1.660701E+1
4.292426E+2	1.665619E+1
4.295029E+2	1.643214E+1
4.297632E+2	1.678187E+1
4.300235E+2	1.694580E+1
4.302837E+2	1.695673E+1
4.305440E+2	1.692941E+1
4.308042E+2	1.727914E+1
4.310645E+2	1.714799E+1
4.313247E+2	1.705509E+1
4.315849E+2	1.682012E+1
4.318451E+2	1.682012E+1
4.321054E+2	1.722996E+1
4.323656E+2	1.702777E+1
4.326258E+2	1.717531E+1
4.328859E+2	1.702231E+1
4.331461E+2	1.683651E+1
4.334063E+2	1.685291E+1
4.336665E+2	1.700045E+1
4.339266E+2	1.683105E+1
4.341868E+2	1.678187E+1
4.344469E+2	1.649225E+1
4.347070E+2	1.644307E+1
4.349671E+2	1.637750E+1
4.352273E+2	1.641575E+1
4.354874E+2	1.585291E+1
4.357475E+2	1.615345E+1
4.360076E+2	1.617531E+1
4.362677E+2	1.616438E+1
4.365277E+2	1.610974E+1
4.367878E+2	1.629007E+1
4.370479E+2	1.669990E+1
4.373079E+2	1.700045E+1
4.375680E+2	1.741575E+1
4.378280E+2	1.782558E+1
4.380880E+2	1.828460E+1
4.383480E+2	1.861247E+1
4.386081E+2	1.880919E+1
4.388681E+2	1.959061E+1
4.391281E+2	1.980919E+1
4.393881E+2	1.976001E+1
4.396480E+2	2.025181E+1
4.399080E+2	2.061793E+1
4.401680E+2	2.072722E+1
4.404279E+2	2.078187E+1
4.406879E+2	2.098952E+1
4.409478E+2	2.136110E+1
4.412078E+2	2.155783E+1
4.414677E+2	2.184744E+1
4.417276E+2	2.168351E+1
4.419875E+2	2.267804E+1
4.422474E+2	2.292941E+1
4.425073E+2	2.310427E+1
4.427672E+2	2.370537E+1
4.430271E+2	2.406056E+1
4.432870E+2	2.403324E+1
4.435469E+2	2.403870E+1
4.438067E+2	2.412613E+1
4.440666E+2	2.453050E+1
4.443264E+2	2.495673E+1
4.445862E+2	2.504963E+1
4.448461E+2	2.523542E+1
4.451059E+2	2.569444E+1
4.453657E+2	2.613706E+1
4.456255E+2	2.583105E+1
4.458853E+2	2.599498E+1
4.461451E+2	2.646493E+1
4.464049E+2	2.655236E+1
4.466646E+2	2.661247E+1
4.469244E+2	2.683105E+1
4.471842E+2	2.696220E+1
4.474439E+2	2.748132E+1
4.477036E+2	2.773815E+1
4.479634E+2	2.759608E+1
4.482231E+2	2.815345E+1
4.484828E+2	2.838296E+1
4.487425E+2	2.876548E+1
4.490022E+2	2.927367E+1
4.492619E+2	2.951957E+1
4.495216E+2	2.979280E+1
4.497813E+2	2.986384E+1
4.500410E+2	3.025181E+1
4.503006E+2	3.042121E+1
4.505603E+2	3.095127E+1
4.508199E+2	3.143761E+1
4.510796E+2	3.142668E+1
4.513392E+2	3.180373E+1
4.515988E+2	3.213706E+1
4.518584E+2	3.279280E+1
4.521180E+2	3.318624E+1
4.523776E+2	3.347039E+1
4.526372E+2	3.367258E+1
4.528968E+2	3.375455E+1
4.531564E+2	3.376001E+1
4.534160E+2	3.395673E+1
4.536755E+2	3.414799E+1
4.539351E+2	3.474908E+1
4.541946E+2	3.500045E+1
4.544541E+2	3.561247E+1
4.547137E+2	3.521903E+1
4.549732E+2	3.562886E+1
4.552327E+2	3.579826E+1
4.554922E+2	3.613160E+1
4.557517E+2	3.612613E+1
4.560112E+2	3.688023E+1
4.562707E+2	3.689116E+1
4.565302E+2	3.682012E+1
4.567896E+2	3.720810E+1
4.570491E+2	3.763979E+1
4.573085E+2	3.798952E+1
4.575680E+2	3.833378E+1
4.578274E+2	3.790755E+1
4.580868E+2	3.792395E+1
4.583463E+2	3.840482E+1
4.586057E+2	3.861793E+1
4.588651E+2	3.941028E+1
4.591245E+2	3.996220E+1
4.593838E+2	4.078187E+1
4.596432E+2	4.181466E+1
4.599026E+2	4.242668E+1
4.601620E+2	4.289662E+1
4.604213E+2	4.346493E+1
4.606807E+2	4.368897E+1
4.609400E+2	4.394580E+1
4.611993E+2	4.406056E+1
4.614587E+2	4.444854E+1
4.617180E+2	4.507149E+1
4.619773E+2	4.548132E+1
4.622366E+2	4.624635E+1
4.624959E+2	4.744307E+1
4.627552E+2	4.788023E+1
4.630144E+2	4.822996E+1
4.632737E+2	4.861793E+1
4.635330E+2	4.915345E+1
4.637922E+2	4.996766E+1
4.640515E+2	5.054143E+1
4.643107E+2	5.121356E+1
4.645699E+2	5.206056E+1
4.648292E+2	5.269444E+1
4.650884E+2	5.333378E+1
4.653476E+2	5.436110E+1
4.656068E+2	5.556875E+1
4.658660E+2	5.648132E+1
4.661251E+2	5.772722E+1
4.663843E+2	5.815345E+1
4.666435E+2	5.883651E+1
4.669026E+2	6.025728E+1
4.671618E+2	6.132285E+1
4.674209E+2	6.216985E+1
4.676801E+2	6.272176E+1
4.679392E+2	6.349225E+1
4.681983E+2	6.461247E+1
4.684574E+2	6.562340E+1
4.687165E+2	6.686930E+1
4.689756E+2	6.820810E+1
4.692347E+2	6.910974E+1
4.694938E+2	7.032285E+1
4.697529E+2	7.089116E+1
4.700119E+2	7.195673E+1
4.702710E+2	7.262340E+1
4.705300E+2	7.415892E+1
4.707891E+2	7.525181E+1
4.710481E+2	7.689116E+1
4.713071E+2	7.841575E+1
4.715661E+2	8.004963E+1
4.718252E+2	8.133925E+1
4.720842E+2	8.293487E+1
4.723431E+2	8.477094E+1
4.726021E+2	8.627914E+1
4.728611E+2	8.750865E+1
4.731201E+2	8.913160E+1
4.733790E+2	9.097859E+1
4.736380E+2	9.297313E+1
4.738969E+2	9.492941E+1
4.741559E+2	9.622449E+1
4.744148E+2	9.822449E+1
4.746737E+2	1.002464E+2
4.749326E+2	1.023392E+2
4.751915E+2	1.038365E+2
4.754504E+2	1.052627E+2
4.757093E+2	1.075032E+2
4.759682E+2	1.093392E+2
4.762271E+2	1.114595E+2
4.764859E+2	1.135469E+2
4.767448E+2	1.162518E+2
4.770037E+2	1.183775E+2
4.772625E+2	1.209076E+2
4.775213E+2	1.224376E+2
4.777802E+2	1.247491E+2
4.780390E+2	1.267545E+2
4.782978E+2	1.280551E+2
4.785566E+2	1.304649E+2
4.788154E+2	1.333502E+2
4.790742E+2	1.355414E+2
4.793329E+2	1.379130E+2
4.795917E+2	1.403119E+2
4.798505E+2	1.425196E+2
4.801092E+2	1.445305E+2
4.803680E+2	1.464923E+2
4.806267E+2	1.488310E+2
4.808854E+2	1.511371E+2
4.811442E+2	1.526343E+2
4.814029E+2	1.547491E+2
4.816616E+2	1.575141E+2
4.819203E+2	1.597327E+2
4.821790E+2	1.624759E+2
4.824377E+2	1.651972E+2
4.826963E+2	1.673229E+2
4.829550E+2	1.695633E+2
4.832137E+2	1.719294E+2
4.834723E+2	1.743010E+2
4.837310E+2	1.772081E+2
4.839896E+2	1.799130E+2
4.842482E+2	1.824321E+2
4.845068E+2	1.845250E+2
4.847655E+2	1.871972E+2
4.850241E+2	1.892190E+2
4.852827E+2	1.911371E+2
4.855412E+2	1.935141E+2
4.857998E+2	1.955196E+2
4.860584E+2	1.980496E+2
4.863170E+2	1.999239E+2
4.865755E+2	2.022245E+2
4.868341E+2	2.044212E+2
4.870926E+2	2.064704E+2
4.873511E+2	2.084813E+2
4.876097E+2	2.107873E+2
4.878682E+2	2.131371E+2
4.881267E+2	2.154759E+2
4.883852E+2	2.176343E+2
4.886437E+2	2.203392E+2
4.889022E+2	2.226780E+2
4.891606E+2	2.249458E+2
4.894191E+2	2.269185E+2
4.896776E+2	2.293775E+2
4.899360E+2	2.321152E+2
4.901945E+2	2.339786E+2
4.904529E+2	2.353283E+2
4.907113E+2	2.372190E+2
4.909697E+2	2.393666E+2
4.912282E+2	2.419021E+2
4.914866E+2	2.435797E+2
4.917450E+2	2.456289E+2
4.920034E+2	2.471698E+2
4.922617E+2	2.488310E+2
4.925201E+2	2.499458E+2
4.927785E+2	2.519403E+2
4.930368E+2	2.534103E+2
4.932952E+2	2.558256E+2
4.935535E+2	2.575086E+2
4.938118E+2	2.595360E+2
4.940702E+2	2.613229E+2
4.943285E+2	2.629294E+2
4.945868E+2	2.642354E+2
4.948451E+2	2.664923E+2
4.951034E+2	2.678037E+2
4.953617E+2	2.694321E+2
4.956200E+2	2.709731E+2
4.958782E+2	2.731316E+2
4.961365E+2	2.754759E+2
4.963947E+2	2.771097E+2
4.966530E+2	2.780059E+2
4.969112E+2	2.800387E+2
4.971694E+2	2.814977E+2
4.974277E+2	2.826289E+2
4.976859E+2	2.840660E+2
4.979441E+2	2.860168E+2
4.982023E+2	2.875032E+2
4.984605E+2	2.892518E+2
4.987187E+2	2.906507E+2
4.989768E+2	2.917382E+2
4.992350E+2	2.930551E+2
4.994931E+2	2.937655E+2
4.997513E+2	2.947545E+2
5.000094E+2	2.963392E+2
5.002676E+2	2.975961E+2
5.005257E+2	2.986999E+2
5.007838E+2	3.003338E+2
5.010419E+2	3.020278E+2
5.013000E+2	3.035742E+2
5.015581E+2	3.051808E+2
5.018162E+2	3.067655E+2
5.020743E+2	3.084704E+2
5.023323E+2	3.099567E+2
5.025904E+2	3.114485E+2
5.028485E+2	3.125305E+2
5.031065E+2	3.140551E+2
5.033645E+2	3.148201E+2
5.036226E+2	3.159458E+2
5.038806E+2	3.167819E+2
5.041386E+2	3.181097E+2
5.043966E+2	3.192245E+2
5.046546E+2	3.200988E+2
5.049126E+2	3.213775E+2
5.051706E+2	3.232573E+2
5.054285E+2	3.244103E+2
5.056865E+2	3.255305E+2
5.059445E+2	3.268092E+2
5.062024E+2	3.283174E+2
5.064604E+2	3.294103E+2
5.067183E+2	3.303283E+2
5.069762E+2	3.312409E+2
5.072341E+2	3.318857E+2
5.074920E+2	3.330606E+2
5.077499E+2	3.343338E+2
5.080078E+2	3.357928E+2
5.082657E+2	3.368529E+2
5.085236E+2	3.376726E+2
5.087815E+2	3.393283E+2
5.090393E+2	3.399786E+2
5.092972E+2	3.413720E+2
5.095550E+2	3.423830E+2
5.098129E+2	3.439731E+2
5.100707E+2	3.449622E+2
5.103285E+2	3.463010E+2
5.105863E+2	3.472573E+2
5.108441E+2	3.485086E+2
5.111019E+2	3.494649E+2
5.113597E+2	3.506453E+2
5.116175E+2	3.511698E+2
5.118753E+2	3.519349E+2
5.121330E+2	3.528092E+2
5.123908E+2	3.544048E+2
5.126485E+2	3.555141E+2
5.129063E+2	3.567655E+2
5.131640E+2	3.582901E+2
5.134217E+2	3.595469E+2
5.136794E+2	3.602354E+2
5.139371E+2	3.615633E+2
5.141948E+2	3.626562E+2
5.144525E+2	3.640660E+2
5.147102E+2	3.654212E+2
5.149679E+2	3.669622E+2
5.152256E+2	3.678966E+2
5.154832E+2	3.691972E+2
5.157409E+2	3.702136E+2
5.159985E+2	3.717382E+2
5.162562E+2	3.727873E+2
5.165138E+2	3.739130E+2
5.167714E+2	3.752846E+2
5.170290E+2	3.768638E+2
5.172866E+2	3.784321E+2
5.175442E+2	3.792354E+2
5.178018E+2	3.802354E+2
5.180594E+2	3.811261E+2
5.183170E+2	3.816671E+2
5.185745E+2	3.826398E+2
5.188321E+2	3.829677E+2
5.190896E+2	3.844431E+2
5.193472E+2	3.854431E+2
5.196047E+2	3.866671E+2
5.198622E+2	3.873065E+2
5.201197E+2	3.883119E+2
5.203772E+2	3.891261E+2
5.206347E+2	3.901207E+2
5.208922E+2	3.900278E+2
5.211497E+2	3.905196E+2
5.214072E+2	3.913010E+2
5.216646E+2	3.925032E+2
5.219221E+2	3.935633E+2
5.221795E+2	3.945360E+2
5.224370E+2	3.955141E+2
5.226944E+2	3.963010E+2
5.229519E+2	3.974649E+2
5.232093E+2	3.985906E+2
5.234667E+2	3.994813E+2
5.237241E+2	4.003392E+2
5.239815E+2	4.012846E+2
5.242389E+2	4.024868E+2
5.244962E+2	4.026890E+2
5.247536E+2	4.038256E+2
5.250110E+2	4.042627E+2
5.252683E+2	4.049677E+2
5.255257E+2	4.058584E+2
5.257830E+2	4.067709E+2
5.260403E+2	4.077764E+2
5.262977E+2	4.083720E+2
5.265550E+2	4.092026E+2
5.268123E+2	4.099021E+2
5.270696E+2	4.107545E+2
5.273269E+2	4.121753E+2
5.275841E+2	4.127983E+2
5.278414E+2	4.137983E+2
5.280987E+2	4.144103E+2
5.283559E+2	4.148092E+2
5.286132E+2	4.154540E+2
5.288704E+2	4.156562E+2
5.291276E+2	4.161917E+2
5.293849E+2	4.168365E+2
5.296421E+2	4.171207E+2
5.298993E+2	4.173775E+2
5.301565E+2	4.177382E+2
5.304137E+2	4.187108E+2
5.306709E+2	4.191644E+2
5.309280E+2	4.202955E+2
5.311852E+2	4.205414E+2
5.314424E+2	4.207054E+2
5.316995E+2	4.211698E+2
5.319567E+2	4.217163E+2
5.322138E+2	4.221753E+2
5.324709E+2	4.227327E+2
5.327280E+2	4.229567E+2
5.329852E+2	4.232354E+2
5.332423E+2	4.238912E+2
5.334994E+2	4.245141E+2
5.337564E+2	4.250933E+2
5.340135E+2	4.261425E+2
5.342706E+2	4.270606E+2
5.345276E+2	4.283338E+2
5.347847E+2	4.292136E+2
5.350417E+2	4.296234E+2
5.352988E+2	4.300059E+2
5.355558E+2	4.310387E+2
5.358128E+2	4.311917E+2
5.360698E+2	4.319294E+2
5.363269E+2	4.325196E+2
5.365839E+2	4.338638E+2
5.368408E+2	4.344704E+2
5.370978E+2	4.348693E+2
5.373548E+2	4.350879E+2
5.376118E+2	4.354813E+2
5.378687E+2	4.361808E+2
5.381257E+2	4.375906E+2
5.383826E+2	4.380715E+2
5.386395E+2	4.389130E+2
5.388965E+2	4.393392E+2
5.391534E+2	4.400004E+2
5.394103E+2	4.408420E+2
5.396672E+2	4.422245E+2
5.399241E+2	4.427436E+2
5.401810E+2	4.437382E+2
5.404378E+2	4.444431E+2
5.406947E+2	4.450332E+2
5.409516E+2	4.457218E+2
5.412084E+2	4.460332E+2
5.414653E+2	4.469076E+2
5.417221E+2	4.477218E+2
5.419789E+2	4.481261E+2
5.422357E+2	4.484267E+2
5.424925E+2	4.491316E+2
5.427493E+2	4.500824E+2
5.430061E+2	4.504212E+2
5.432629E+2	4.512846E+2
5.435197E+2	4.519185E+2
5.437765E+2	4.527272E+2
5.440332E+2	4.536835E+2
5.442900E+2	4.544103E+2
5.445467E+2	4.555578E+2
5.448035E+2	4.566015E+2
5.450602E+2	4.574704E+2
5.453169E+2	4.582464E+2
5.455736E+2	4.586179E+2
5.458303E+2	4.596944E+2
5.460870E+2	4.602190E+2
5.463437E+2	4.604868E+2
5.466004E+2	4.612737E+2
5.468571E+2	4.620988E+2
5.471137E+2	4.628256E+2
5.473704E+2	4.632464E+2
5.476270E+2	4.637983E+2
5.478837E+2	4.646944E+2
5.481403E+2	4.649130E+2
5.483969E+2	4.650715E+2
5.486535E+2	4.653010E+2
5.489101E+2	4.659403E+2
5.491667E+2	4.661425E+2
5.494233E+2	4.668256E+2
5.496799E+2	4.670660E+2
5.499365E+2	4.676999E+2
5.501931E+2	4.681808E+2
5.504496E+2	4.686890E+2
5.507062E+2	4.692791E+2
5.509627E+2	4.699076E+2
5.512192E+2	4.703830E+2
5.514758E+2	4.711644E+2
5.517323E+2	4.717600E+2
5.519888E+2	4.723229E+2
5.522453E+2	4.726125E+2
5.525018E+2	4.731480E+2
5.527583E+2	4.734540E+2
5.530147E+2	4.740824E+2
5.532712E+2	4.741097E+2
5.535277E+2	4.745851E+2
5.537841E+2	4.743775E+2
5.540406E+2	4.747054E+2
5.542970E+2	4.750496E+2
5.545534E+2	4.753119E+2
5.548098E+2	4.751698E+2
5.550663E+2	4.755196E+2
5.553227E+2	4.752464E+2
5.555791E+2	4.758365E+2
5.558354E+2	4.763502E+2
5.560918E+2	4.768365E+2
5.563482E+2	4.772518E+2
5.566046E+2	4.776125E+2
5.568609E+2	4.778256E+2
5.571173E+2	4.776890E+2
5.573736E+2	4.774267E+2
5.576299E+2	4.783010E+2
5.578862E+2	4.788201E+2
5.581426E+2	4.791589E+2
5.583989E+2	4.792682E+2
5.586552E+2	4.801152E+2
5.589114E+2	4.800988E+2
5.591677E+2	4.800059E+2
5.594240E+2	4.802627E+2
5.596803E+2	4.805633E+2
5.599365E+2	4.810496E+2
5.601928E+2	4.809622E+2
5.604490E+2	4.809567E+2
5.607052E+2	4.812190E+2
5.609614E+2	4.813174E+2
5.612177E+2	4.820715E+2
5.614739E+2	4.820551E+2
5.617301E+2	4.821043E+2
5.619863E+2	4.830114E+2
5.622424E+2	4.831207E+2
5.624986E+2	4.829950E+2
5.627548E+2	4.835742E+2
5.630109E+2	4.841589E+2
5.632671E+2	4.846125E+2
5.635232E+2	4.844704E+2
5.637794E+2	4.849458E+2
5.640355E+2	4.854977E+2
5.642916E+2	4.860988E+2
5.645477E+2	4.864157E+2
5.648038E+2	4.872245E+2
5.650599E+2	4.873720E+2
5.653160E+2	4.879185E+2
5.655721E+2	4.878201E+2
5.658281E+2	4.882300E+2
5.660842E+2	4.880933E+2
5.663402E+2	4.883229E+2
5.665963E+2	4.882955E+2
5.668523E+2	4.886726E+2
5.671083E+2	4.889185E+2
5.673644E+2	4.893830E+2
5.676204E+2	4.888474E+2
5.678764E+2	4.890606E+2
5.681324E+2	4.893556E+2
5.683883E+2	4.899677E+2
5.686443E+2	4.900278E+2
5.689003E+2	4.910824E+2
5.691562E+2	4.914923E+2
5.694122E+2	4.920770E+2
5.696681E+2	4.926343E+2
5.699241E+2	4.928092E+2
5.701800E+2	4.926617E+2
5.704359E+2	4.933830E+2
5.706918E+2	4.935086E+2
5.709477E+2	4.932846E+2
5.712036E+2	4.929513E+2
5.714595E+2	4.932464E+2
5.717154E+2	4.929731E+2
5.719713E+2	4.932136E+2
5.722271E+2	4.931207E+2
5.724830E+2	4.936562E+2
5.727388E+2	4.939239E+2
5.729947E+2	4.938802E+2
5.732505E+2	4.938256E+2
5.735063E+2	4.942682E+2
5.737621E+2	4.945414E+2
5.740179E+2	4.945851E+2
5.742737E+2	4.943392E+2
5.745295E+2	4.944540E+2
5.747853E+2	4.951589E+2
5.750411E+2	4.957600E+2
5.752968E+2	4.963775E+2
5.755526E+2	4.965742E+2
5.758083E+2	4.963939E+2
5.760641E+2	4.962245E+2
5.763198E+2	4.962627E+2
5.765755E+2	4.965360E+2
5.768312E+2	4.968638E+2
5.770869E+2	4.975961E+2
5.773426E+2	4.978857E+2
5.775983E+2	4.975086E+2
5.778540E+2	4.972573E+2
5.781097E+2	4.981972E+2
5.783653E+2	4.984759E+2
5.786210E+2	4.990168E+2
5.788766E+2	4.993392E+2
5.791323E+2	5.002136E+2
5.793879E+2	5.008256E+2
5.796435E+2	5.008693E+2
5.798991E+2	5.011261E+2
5.801547E+2	5.013830E+2
5.804103E+2	5.016289E+2
5.806659E+2	5.018529E+2
5.809215E+2	5.020168E+2
5.811771E+2	5.027108E+2
5.814327E+2	5.025032E+2
5.816882E+2	5.030278E+2
5.819438E+2	5.035196E+2
5.821993E+2	5.041698E+2
5.824548E+2	5.040879E+2
5.827104E+2	5.048037E+2
5.829659E+2	5.046289E+2
5.832214E+2	5.051097E+2
5.834769E+2	5.056890E+2
5.837324E+2	5.063119E+2
5.839878E+2	5.064977E+2
5.842433E+2	5.069185E+2
5.844988E+2	5.073065E+2
5.847542E+2	5.075141E+2
5.850097E+2	5.074923E+2
5.852651E+2	5.075742E+2
5.855206E+2	5.078748E+2
5.857760E+2	5.085360E+2
5.860314E+2	5.086944E+2
5.862868E+2	5.087436E+2
5.865422E+2	5.094759E+2
5.867976E+2	5.103884E+2
5.870530E+2	5.104103E+2
5.873084E+2	5.110442E+2
5.875637E+2	5.112190E+2
5.878191E+2	5.119349E+2
5.880744E+2	5.122354E+2
5.883298E+2	5.125360E+2
5.885851E+2	5.129021E+2
5.888404E+2	5.129403E+2
5.890958E+2	5.131371E+2
5.893511E+2	5.133119E+2
5.896064E+2	5.133994E+2
5.898617E+2	5.137764E+2
5.901169E+2	5.142791E+2
5.903722E+2	5.145196E+2
5.906275E+2	5.148420E+2
5.908827E+2	5.149458E+2
5.911380E+2	5.148857E+2
5.913932E+2	5.151862E+2
5.916485E+2	5.157819E+2
5.919037E+2	5.167382E+2
5.921589E+2	5.169841E+2
5.924141E+2	5.169185E+2
5.926693E+2	5.166780E+2
5.929245E+2	5.167709E+2
5.931797E+2	5.171043E+2
5.934349E+2	5.174595E+2
5.936900E+2	5.173447E+2
5.939452E+2	5.175797E+2
5.942004E+2	5.176999E+2
5.944555E+2	5.178310E+2
5.947106E+2	5.174540E+2
5.949658E+2	5.170824E+2
5.952209E+2	5.173119E+2
5.954760E+2	5.177545E+2
5.957311E+2	5.175906E+2
5.959862E+2	5.176398E+2
5.962413E+2	5.177382E+2
5.964963E+2	5.177545E+2
5.967514E+2	5.174431E+2
5.970065E+2	5.179622E+2
5.972615E+2	5.181425E+2
5.975166E+2	5.184977E+2
5.977716E+2	5.186617E+2
5.980266E+2	5.188256E+2
5.982816E+2	5.185141E+2
5.985367E+2	5.187436E+2
5.987917E+2	5.193884E+2
5.990467E+2	5.192245E+2
5.993016E+2	5.188748E+2
5.995566E+2	5.190059E+2
5.998116E+2	5.194868E+2
6.000665E+2	5.195360E+2
6.003215E+2	5.192409E+2
6.005764E+2	5.197819E+2
6.008314E+2	5.203229E+2
6.010863E+2	5.205141E+2
6.013412E+2	5.206125E+2
6.015961E+2	5.210770E+2
6.018510E+2	5.216015E+2
6.021059E+2	5.224103E+2
6.023608E+2	5.228147E+2
6.026157E+2	5.231808E+2
6.028706E+2	5.234540E+2
6.031254E+2	5.241371E+2
6.033803E+2	5.245414E+2
6.036351E+2	5.249786E+2
6.038900E+2	5.253830E+2
6.041448E+2	5.261371E+2
6.043996E+2	5.270660E+2
6.046544E+2	5.274649E+2
6.049092E+2	5.277600E+2
6.051640E+2	5.286070E+2
6.054188E+2	5.287655E+2
6.056736E+2	5.293010E+2
6.059283E+2	5.293830E+2
6.061831E+2	5.298256E+2
6.064378E+2	5.298256E+2
6.066926E+2	5.301698E+2
6.069473E+2	5.307655E+2
6.072021E+2	5.316125E+2
6.074568E+2	5.308802E+2
6.077115E+2	5.310442E+2
6.079662E+2	5.314649E+2
6.082209E+2	5.321535E+2
6.084756E+2	5.333283E+2
6.087302E+2	5.343502E+2
6.089849E+2	5.350606E+2
6.092396E+2	5.353994E+2
6.094942E+2	5.355906E+2
6.097489E+2	5.357600E+2
6.100035E+2	5.360879E+2
6.102581E+2	5.366453E+2
6.105127E+2	5.373010E+2
6.107674E+2	5.380114E+2
6.110220E+2	5.381698E+2
6.112766E+2	5.388310E+2
6.115311E+2	5.390114E+2
6.117857E+2	5.394321E+2
6.120403E+2	5.399239E+2
6.122948E+2	5.406944E+2
6.125494E+2	5.408638E+2
6.128039E+2	5.409841E+2
6.130585E+2	5.408365E+2
6.133130E+2	5.413447E+2
6.135675E+2	5.415578E+2
6.138220E+2	5.421698E+2
6.140765E+2	5.426671E+2
6.143310E+2	5.431917E+2
6.145855E+2	5.434868E+2
6.148400E+2	5.443392E+2
6.150945E+2	5.450551E+2
6.153489E+2	5.454485E+2
6.156034E+2	5.450606E+2
6.158578E+2	5.456289E+2
6.161123E+2	5.456234E+2
6.163667E+2	5.457709E+2
6.166211E+2	5.459731E+2
6.168755E+2	5.467327E+2
6.171299E+2	5.468201E+2
6.173843E+2	5.471152E+2
6.176387E+2	5.466835E+2
6.178931E+2	5.466125E+2
6.181474E+2	5.468310E+2
6.184018E+2	5.475086E+2
6.186561E+2	5.475633E+2
6.189105E+2	5.475360E+2
6.191648E+2	5.477327E+2
6.194191E+2	5.481644E+2
6.196735E+2	5.480387E+2
6.199278E+2	5.478092E+2
6.201821E+2	5.478912E+2
6.204364E+2	5.484595E+2
6.206907E+2	5.481316E+2
6.209449E+2	5.485032E+2
6.211992E+2	5.487272E+2
6.214535E+2	5.493447E+2
6.217077E+2	5.493611E+2
6.219619E+2	5.497108E+2
6.222162E+2	5.501862E+2
6.224704E+2	5.506453E+2
6.227246E+2	5.505961E+2
6.229788E+2	5.517327E+2
6.232330E+2	5.526507E+2
6.234872E+2	5.530715E+2
6.237414E+2	5.528529E+2
6.239956E+2	5.522409E+2
6.242498E+2	5.519677E+2
6.245039E+2	5.524431E+2
6.247581E+2	5.530278E+2
6.250122E+2	5.533611E+2
6.252663E+2	5.536562E+2
6.255205E+2	5.542846E+2
6.257746E+2	5.550660E+2
6.260287E+2	5.553447E+2
6.262828E+2	5.555797E+2
6.265369E+2	5.556726E+2
6.267910E+2	5.562409E+2
6.270450E+2	5.568474E+2
6.272991E+2	5.576562E+2
6.275532E+2	5.585141E+2
6.278072E+2	5.585524E+2
6.280613E+2	5.593283E+2
6.283153E+2	5.598474E+2
6.285693E+2	5.610879E+2
6.288233E+2	5.613338E+2
6.290773E+2	5.620223E+2
6.293313E+2	5.624267E+2
6.295853E+2	5.635032E+2
6.298393E+2	5.635961E+2
6.300933E+2	5.640606E+2
6.303472E+2	5.643611E+2
6.306012E+2	5.645578E+2
6.308551E+2	5.645250E+2
6.311091E+2	5.652464E+2
6.313630E+2	5.660770E+2
6.316169E+2	5.665742E+2
6.318709E+2	5.668037E+2
6.321248E+2	5.672464E+2
6.323787E+2	5.674267E+2
6.326326E+2	5.680332E+2
6.328864E+2	5.686562E+2
6.331403E+2	5.697983E+2
6.333942E+2	5.706179E+2
6.336480E+2	5.713065E+2
6.339019E+2	5.715196E+2
6.341557E+2	5.720824E+2
6.344095E+2	5.726617E+2
6.346634E+2	5.732190E+2
6.349172E+2	5.732737E+2
6.351710E+2	5.739130E+2
6.354248E+2	5.745360E+2
6.356786E+2	5.755469E+2
6.359324E+2	5.756125E+2
6.361861E+2	5.767600E+2
6.364399E+2	5.769458E+2
6.366936E+2	5.775032E+2
6.369474E+2	5.778857E+2
6.372011E+2	5.786015E+2
6.374549E+2	5.793611E+2
6.377086E+2	5.795032E+2
6.379623E+2	5.794977E+2
6.382160E+2	5.797819E+2
6.384697E+2	5.796125E+2
6.387234E+2	5.796179E+2
6.389771E+2	5.799513E+2
6.392307E+2	5.808584E+2
6.394844E+2	5.814485E+2
6.397380E+2	5.818474E+2
6.399917E+2	5.818748E+2
6.402453E+2	5.819841E+2
6.404990E+2	5.822573E+2
6.407526E+2	5.831152E+2
6.410062E+2	5.833720E+2
6.412598E+2	5.833884E+2
6.415134E+2	5.835141E+2
6.417670E+2	5.839841E+2
6.420206E+2	5.845851E+2
6.422741E+2	5.851261E+2
6.425277E+2	5.854267E+2
6.427812E+2	5.859513E+2
6.430348E+2	5.858147E+2
6.432883E+2	5.868420E+2
6.435418E+2	5.869130E+2
6.437954E+2	5.871535E+2
6.440489E+2	5.870660E+2
6.443024E+2	5.873884E+2
6.445559E+2	5.877054E+2
6.448094E+2	5.879021E+2
6.450628E+2	5.874813E+2
6.453163E+2	5.881316E+2
6.455698E+2	5.884759E+2
6.458232E+2	5.886289E+2
6.460767E+2	5.887327E+2
6.463301E+2	5.891972E+2
6.465835E+2	5.895524E+2
6.468369E+2	5.896453E+2
6.470903E+2	5.904759E+2
6.473437E+2	5.914048E+2
6.475971E+2	5.916453E+2
6.478505E+2	5.918584E+2
6.481039E+2	5.918201E+2
6.483573E+2	5.918912E+2
6.486106E+2	5.916070E+2
6.488640E+2	5.919130E+2
6.491173E+2	5.918037E+2
6.493706E+2	5.925688E+2
6.496240E+2	5.927983E+2
6.498773E+2	5.934212E+2
6.501306E+2	5.934540E+2
6.503839E+2	5.943720E+2
6.506372E+2	5.948365E+2
6.508905E+2	5.952409E+2
6.511437E+2	5.949239E+2
6.513970E+2	5.953065E+2
6.516503E+2	5.951480E+2
6.519035E+2	5.961480E+2
6.521567E+2	5.960715E+2
6.524100E+2	5.964267E+2
6.526632E+2	5.965524E+2
6.529164E+2	5.973010E+2
6.531696E+2	5.979185E+2
6.534228E+2	5.987928E+2
6.536760E+2	5.991589E+2
6.539292E+2	5.997163E+2
6.541824E+2	6.003666E+2
6.544355E+2	6.011480E+2
6.546887E+2	6.017327E+2
6.549418E+2	6.021862E+2
6.551950E+2	6.027436E+2
6.554481E+2	6.029677E+2
6.557012E+2	6.034376E+2
6.559543E+2	6.040715E+2
6.562074E+2	6.036835E+2
6.564605E+2	6.037928E+2
6.567136E+2	6.045414E+2
6.569667E+2	6.051972E+2
6.572198E+2	6.055250E+2
6.574728E+2	6.060114E+2
6.577259E+2	6.057108E+2
6.579789E+2	6.060114E+2
6.582319E+2	6.059076E+2
6.584850E+2	6.067218E+2
6.587380E+2	6.067054E+2
6.589910E+2	6.072737E+2
6.592440E+2	6.080387E+2
6.594970E+2	6.082901E+2
6.597500E+2	6.086015E+2
6.600030E+2	6.090551E+2
6.602559E+2	6.095688E+2
6.605089E+2	6.101917E+2
6.607618E+2	6.100660E+2
6.610148E+2	6.105961E+2
6.612677E+2	6.113119E+2
6.615206E+2	6.123392E+2
6.617736E+2	6.126125E+2
6.620265E+2	6.125032E+2
6.622794E+2	6.127545E+2
6.625323E+2	6.126671E+2
6.627851E+2	6.122354E+2
6.630380E+2	6.131972E+2
6.632909E+2	6.137600E+2
6.635437E+2	6.146890E+2
6.637966E+2	6.155633E+2
6.640494E+2	6.165469E+2
6.643023E+2	6.170496E+2
6.645551E+2	6.184212E+2
6.648079E+2	6.189185E+2
6.650607E+2	6.195360E+2
6.653135E+2	6.196179E+2
6.655663E+2	6.202518E+2
6.658191E+2	6.204923E+2
6.660718E+2	6.213338E+2
6.663246E+2	6.219567E+2
6.665774E+2	6.230770E+2
6.668301E+2	6.236507E+2
6.670828E+2	6.249185E+2
6.673356E+2	6.252245E+2
6.675883E+2	6.261152E+2
6.678410E+2	6.262791E+2
6.680937E+2	6.267272E+2
6.683464E+2	6.265578E+2
6.685991E+2	6.269185E+2
6.688518E+2	6.270387E+2
6.691044E+2	6.274977E+2
6.693571E+2	6.277983E+2
6.696098E+2	6.281698E+2
6.698624E+2	6.282464E+2
6.701150E+2	6.283229E+2
6.703677E+2	6.290715E+2
6.706203E+2	6.299895E+2
6.708729E+2	6.306726E+2
6.711255E+2	6.314595E+2
6.713781E+2	6.321753E+2
6.716307E+2	6.334103E+2
6.718832E+2	6.342518E+2
6.721358E+2	6.347600E+2
6.723884E+2	6.354048E+2
6.726409E+2	6.357545E+2
6.728935E+2	6.367545E+2
6.731460E+2	6.381316E+2
6.733985E+2	6.392682E+2
6.736510E+2	6.405578E+2
6.739035E+2	6.410496E+2
6.741560E+2	6.416835E+2
6.744085E+2	6.419622E+2
6.746610E+2	6.423994E+2
6.749135E+2	6.433119E+2
6.751660E+2	6.443283E+2
6.754184E+2	6.449841E+2
6.756709E+2	6.456617E+2
6.759233E+2	6.462518E+2
6.761757E+2	6.473229E+2
6.764282E+2	6.481644E+2
6.766806E+2	6.485305E+2
6.769330E+2	6.489841E+2
6.771854E+2	6.497764E+2
6.774378E+2	6.510715E+2
6.776901E+2	6.524431E+2
6.779425E+2	6.534813E+2
6.781949E+2	6.546562E+2
6.784472E+2	6.552627E+2
6.786996E+2	6.557436E+2
6.789519E+2	6.563119E+2
6.792042E+2	6.567600E+2
6.794566E+2	6.569895E+2
6.797089E+2	6.576780E+2
6.799612E+2	6.580223E+2
6.802135E+2	6.582409E+2
6.804657E+2	6.587928E+2
6.807180E+2	6.596671E+2
6.809703E+2	6.607983E+2
6.812226E+2	6.615742E+2
6.814748E+2	6.621589E+2
6.817270E+2	6.631043E+2
6.819793E+2	6.635196E+2
6.822315E+2	6.642573E+2
6.824837E+2	6.648420E+2
6.827359E+2	6.656671E+2
6.829881E+2	6.661535E+2
6.832403E+2	6.675414E+2
6.834925E+2	6.685141E+2
6.837447E+2	6.694321E+2
6.839968E+2	6.704813E+2
6.842490E+2	6.715578E+2
6.845011E+2	6.726234E+2
6.847533E+2	6.737436E+2
6.850054E+2	6.747108E+2
6.852575E+2	6.757709E+2
6.855097E+2	6.765086E+2
6.857618E+2	6.772245E+2
6.860139E+2	6.780715E+2
6.862659E+2	6.791917E+2
6.865180E+2	6.798748E+2
6.867701E+2	6.802737E+2
6.870222E+2	6.808693E+2
6.872742E+2	6.816234E+2
6.875263E+2	6.826398E+2
6.877783E+2	6.837436E+2
6.880303E+2	6.847873E+2
6.882823E+2	6.849841E+2
6.885343E+2	6.856179E+2
6.887864E+2	6.862955E+2
6.890383E+2	6.864868E+2
6.892903E+2	6.871644E+2
6.895423E+2	6.877382E+2
6.897943E+2	6.890496E+2
6.900462E+2	6.897655E+2
6.902982E+2	6.908693E+2
6.905501E+2	6.914376E+2
6.908021E+2	6.926562E+2
6.910540E+2	6.938365E+2
6.913059E+2	6.948802E+2
6.915578E+2	6.954759E+2
6.918097E+2	6.966835E+2
6.920616E+2	6.978584E+2
6.923135E+2	6.990715E+2
6.925654E+2	7.004157E+2
6.928172E+2	7.011371E+2
6.930691E+2	7.017819E+2
6.933209E+2	7.027163E+2
6.935728E+2	7.038529E+2
6.938246E+2	7.053174E+2
6.940764E+2	7.067928E+2
6.943282E+2	7.081207E+2
6.945800E+2	7.091316E+2
6.948318E+2	7.106726E+2
6.950836E+2	7.112464E+2
6.953354E+2	7.120551E+2
6.955872E+2	7.131043E+2
6.958389E+2	7.144267E+2
6.960907E+2	7.154595E+2
6.963424E+2	7.158693E+2
6.965942E+2	7.166398E+2
6.968459E+2	7.174704E+2
6.970976E+2	7.175578E+2
6.973493E+2	7.183556E+2
6.976010E+2	7.194212E+2
6.978527E+2	7.201589E+2
6.981044E+2	7.211917E+2
6.983561E+2	7.226179E+2
6.986077E+2	7.233939E+2
6.988594E+2	7.243502E+2
6.991110E+2	7.254485E+2
6.993627E+2	7.263994E+2
6.996143E+2	7.271808E+2
6.998659E+2	7.276562E+2
7.001175E+2	7.284157E+2
7.003692E+2	7.291808E+2
7.006207E+2	7.300660E+2
7.008723E+2	7.308420E+2
7.011239E+2	7.315141E+2
7.013755E+2	7.318474E+2
7.016271E+2	7.324813E+2
7.018786E+2	7.338857E+2
7.021302E+2	7.349950E+2
7.023817E+2	7.356179E+2
7.026332E+2	7.363392E+2
7.028847E+2	7.365141E+2
7.031362E+2	7.371316E+2
7.033878E+2	7.381972E+2
7.036392E+2	7.388693E+2
7.038907E+2	7.395578E+2
7.041422E+2	7.403556E+2
7.043937E+2	7.415141E+2
7.046451E+2	7.427764E+2
7.048966E+2	7.441316E+2
7.051480E+2	7.449841E+2
7.053995E+2	7.457491E+2
7.056509E+2	7.465851E+2
7.059023E+2	7.480387E+2
7.061537E+2	7.489349E+2
7.064051E+2	7.495797E+2
7.066565E+2	7.503994E+2
7.069079E+2	7.517272E+2
7.071593E+2	7.520551E+2
7.074106E+2	7.524103E+2
7.076620E+2	7.525524E+2
7.079133E+2	7.525469E+2
7.081647E+2	7.533775E+2
7.084160E+2	7.538420E+2
7.086673E+2	7.541917E+2
7.089186E+2	7.544759E+2
7.091699E+2	7.544704E+2
7.094212E+2	7.546999E+2
7.096725E+2	7.548256E+2
7.099238E+2	7.556343E+2
7.101751E+2	7.564649E+2
7.104263E+2	7.578310E+2
7.106776E+2	7.585578E+2
7.109288E+2	7.589130E+2
7.111800E+2	7.593065E+2
7.114313E+2	7.602245E+2
7.116825E+2	7.610606E+2
7.119337E+2	7.623830E+2
7.121849E+2	7.630059E+2
7.124361E+2	7.641698E+2
7.126873E+2	7.649185E+2
7.129384E+2	7.654540E+2
7.131896E+2	7.660715E+2
7.134408E+2	7.665305E+2
7.136919E+2	7.667928E+2
7.139430E+2	7.668966E+2
7.141942E+2	7.672573E+2
7.144453E+2	7.672026E+2
7.146964E+2	7.674321E+2
7.149475E+2	7.679458E+2
7.151986E+2	7.687764E+2
7.154497E+2	7.691808E+2
7.157008E+2	7.692627E+2
7.159518E+2	7.696726E+2
7.162029E+2	7.700988E+2
7.164540E+2	7.711097E+2
7.167050E+2	7.720332E+2
7.169560E+2	7.733229E+2
7.172071E+2	7.737108E+2
7.174581E+2	7.749622E+2
7.177091E+2	7.766015E+2
7.179601E+2	7.775524E+2
7.182111E+2	7.789841E+2
7.184621E+2	7.797108E+2
7.187130E+2	7.805196E+2
7.189640E+2	7.823119E+2
7.192150E+2	7.830824E+2
7.194659E+2	7.838420E+2
7.197169E+2	7.841261E+2
7.199678E+2	7.845469E+2
7.202187E+2	7.853338E+2
7.204696E+2	7.857163E+2
7.207205E+2	7.862354E+2
7.209714E+2	7.866179E+2
7.212223E+2	7.868256E+2
7.214732E+2	7.873720E+2
7.217241E+2	7.882245E+2
7.219749E+2	7.895032E+2
7.222258E+2	7.901808E+2
7.224766E+2	7.910715E+2
7.227274E+2	7.928748E+2
7.229783E+2	7.945414E+2
7.232291E+2	7.964267E+2
7.234799E+2	7.978092E+2
7.237307E+2	7.993010E+2
7.239815E+2	8.002136E+2
7.242323E+2	8.018474E+2
7.244830E+2	8.034048E+2
7.247338E+2	8.049458E+2
7.249846E+2	8.069677E+2
7.252353E+2	8.082955E+2
7.254861E+2	8.096179E+2
7.257368E+2	8.106179E+2
7.259875E+2	8.115141E+2
7.262382E+2	8.127272E+2
7.264889E+2	8.137491E+2
7.267396E+2	8.143010E+2
7.269903E+2	8.152190E+2
7.272410E+2	8.154923E+2
7.274917E+2	8.165414E+2
7.277423E+2	8.177272E+2
7.279930E+2	8.191425E+2
7.282436E+2	8.201753E+2
7.284942E+2	8.208256E+2
7.287449E+2	8.218147E+2
7.289955E+2	8.234157E+2
7.292461E+2	8.252136E+2
7.294967E+2	8.266617E+2
7.297473E+2	8.288584E+2
7.299979E+2	8.308147E+2
7.302484E+2	8.331043E+2
7.304990E+2	8.352190E+2
7.307496E+2	8.372791E+2
7.310001E+2	8.397218E+2
7.312507E+2	8.418748E+2
7.315012E+2	8.439130E+2
7.317517E+2	8.453174E+2
7.320022E+2	8.471535E+2
7.322527E+2	8.480988E+2
7.325032E+2	8.493830E+2
7.327537E+2	8.503830E+2
7.330042E+2	8.513556E+2
7.332547E+2	8.532081E+2
7.335051E+2	8.546234E+2
7.337556E+2	8.561371E+2
7.340060E+2	8.576507E+2
7.342564E+2	8.593010E+2
7.345069E+2	8.610223E+2
7.347573E+2	8.631535E+2
7.350077E+2	8.661644E+2
7.352581E+2	8.682901E+2
7.355085E+2	8.700551E+2
7.357589E+2	8.723392E+2
7.360092E+2	8.746617E+2
7.362596E+2	8.772573E+2
7.365100E+2	8.795851E+2
7.367603E+2	8.812518E+2
7.370106E+2	8.826944E+2
7.372610E+2	8.843994E+2
7.375113E+2	8.863174E+2
7.377616E+2	8.886835E+2
7.380119E+2	8.901808E+2
7.382622E+2	8.911917E+2
7.385125E+2	8.928474E+2
7.387628E+2	8.949349E+2
7.390130E+2	8.968310E+2
7.392633E+2	8.996125E+2
7.395135E+2	9.019294E+2
7.397638E+2	9.041425E+2
7.400140E+2	9.070988E+2
7.402642E+2	9.100442E+2
7.405144E+2	9.133775E+2
7.407647E+2	9.166562E+2
7.410149E+2	9.197163E+2
7.412650E+2	9.233502E+2
7.415152E+2	9.265086E+2
7.417654E+2	9.303556E+2
7.420156E+2	9.346234E+2
7.422657E+2	9.398857E+2
7.425159E+2	9.463010E+2
7.427660E+2	9.533666E+2
7.430161E+2	9.608802E+2
7.432662E+2	9.703775E+2
7.435164E+2	9.846890E+2
7.437665E+2	1.005050E+3
7.440165E+2	1.025596E+3
7.442666E+2	1.041531E+3
7.445167E+2	1.053115E+3
7.447668E+2	1.061700E+3
7.450168E+2	1.069738E+3
7.452669E+2	1.077334E+3
7.455169E+2	1.083383E+3
7.457669E+2	1.088684E+3
7.460170E+2	1.093662E+3
7.462670E+2	1.099208E+3
7.465170E+2	1.105285E+3
7.467670E+2	1.112438E+3
7.470170E+2	1.121246E+3
7.472670E+2	1.132416E+3
7.475169E+2	1.146274E+3
7.477669E+2	1.159924E+3
7.480168E+2	1.170940E+3
7.482668E+2	1.179296E+3
7.485167E+2	1.186350E+3
7.487666E+2	1.192694E+3
7.490166E+2	1.199017E+3
7.492665E+2	1.204858E+3
7.495164E+2	1.210377E+3
7.497663E+2	1.215886E+3
7.500161E+2	1.219918E+3
7.502660E+2	1.222858E+3
7.505159E+2	1.225651E+3
7.507657E+2	1.227738E+3
7.510156E+2	1.229957E+3
7.512654E+2	1.231869E+3
7.515152E+2	1.233591E+3
7.517651E+2	1.235651E+3
7.520149E+2	1.238301E+3
7.522647E+2	1.241897E+3
7.525145E+2	1.245640E+3
7.527643E+2	1.250416E+3
7.530140E+2	1.255853E+3
7.532638E+2	1.262011E+3
7.535136E+2	1.268667E+3
7.537633E+2	1.274640E+3
7.540131E+2	1.281574E+3
7.542628E+2	1.290454E+3
7.545125E+2	1.299716E+3
7.547622E+2	1.308875E+3
7.550119E+2	1.318088E+3
7.552616E+2	1.325093E+3
7.555113E+2	1.331033E+3
7.557610E+2	1.335744E+3
7.560107E+2	1.338984E+3
7.562603E+2	1.341918E+3
7.565100E+2	1.343891E+3
7.567596E+2	1.345831E+3
7.570093E+2	1.346175E+3
7.572589E+2	1.346110E+3
7.575085E+2	1.344175E+3
7.577581E+2	1.340875E+3
7.580077E+2	1.336536E+3
7.582573E+2	1.332252E+3
7.585069E+2	1.326066E+3
7.587565E+2	1.314940E+3
7.590060E+2	1.297175E+3
7.592556E+2	1.278935E+3
7.595051E+2	1.264864E+3
7.597547E+2	1.254951E+3
7.600042E+2	1.248132E+3
7.602537E+2	1.240831E+3
7.605032E+2	1.233492E+3
7.607527E+2	1.227531E+3
7.610022E+2	1.222410E+3
7.612517E+2	1.218143E+3
7.615012E+2	1.213454E+3
7.617507E+2	1.209203E+3
7.620001E+2	1.204694E+3
7.622496E+2	1.198252E+3
7.624990E+2	1.189159E+3
7.627485E+2	1.177416E+3
7.629979E+2	1.165793E+3
7.632473E+2	1.156673E+3
7.634967E+2	1.150388E+3
7.637461E+2	1.145153E+3
7.639955E+2	1.140323E+3
7.642449E+2	1.135421E+3
7.644942E+2	1.130361E+3
7.647436E+2	1.124815E+3
7.649930E+2	1.119192E+3
7.652423E+2	1.114525E+3
7.654916E+2	1.110296E+3
7.657410E+2	1.107388E+3
7.659903E+2	1.105006E+3
7.662396E+2	1.102235E+3
7.664889E+2	1.100563E+3
7.667382E+2	1.098017E+3
7.669875E+2	1.095749E+3
7.672367E+2	1.093186E+3
7.674860E+2	1.089082E+3
7.677353E+2	1.084104E+3
7.679845E+2	1.077787E+3
7.682337E+2	1.070995E+3
7.684830E+2	1.063481E+3
7.687322E+2	1.056580E+3
7.689814E+2	1.050536E+3
7.692306E+2	1.043449E+3
7.694798E+2	1.035148E+3
7.697290E+2	1.026192E+3
7.699782E+2	1.018132E+3
7.702273E+2	1.010301E+3
7.704765E+2	1.004831E+3
7.707256E+2	1.000634E+3
7.709748E+2	9.976343E+2
7.712239E+2	9.975578E+2
7.714730E+2	9.991371E+2
7.717222E+2	1.002312E+3
7.719713E+2	1.006290E+3
7.722204E+2	1.011312E+3
7.724694E+2	1.016383E+3
7.727185E+2	1.022503E+3
7.729676E+2	1.028908E+3
7.732167E+2	1.034612E+3
7.734657E+2	1.038541E+3
7.737147E+2	1.040995E+3
7.739638E+2	1.042651E+3
7.742128E+2	1.043951E+3
7.744618E+2	1.044323E+3
7.747108E+2	1.044443E+3
7.749598E+2	1.044121E+3
7.752088E+2	1.043132E+3
7.754578E+2	1.042443E+3
7.757068E+2	1.042197E+3
7.759557E+2	1.041711E+3
7.762047E+2	1.040957E+3
7.764536E+2	1.039776E+3
7.767026E+2	1.037815E+3
7.769515E+2	1.034804E+3
7.772004E+2	1.030973E+3
7.774493E+2	1.027875E+3
7.776982E+2	1.023869E+3
7.779471E+2	1.020842E+3
7.781960E+2	1.017421E+3
7.784449E+2	1.014612E+3
7.786938E+2	1.011432E+3
7.789426E+2	1.008804E+3
7.791915E+2	1.007061E+3
7.794403E+2	1.006159E+3
7.796891E+2	1.006088E+3
7.799380E+2	1.006776E+3
7.801868E+2	1.008689E+3
7.804356E+2	1.010793E+3
7.806844E+2	1.013531E+3
7.809332E+2	1.016017E+3
7.811819E+2	1.019842E+3
7.814307E+2	1.024525E+3
7.816795E+2	1.028312E+3
7.819282E+2	1.032918E+3
7.821770E+2	1.037525E+3
7.824257E+2	1.041716E+3
7.826744E+2	1.046181E+3
7.829231E+2	1.049929E+3
7.831718E+2	1.053061E+3
7.834205E+2	1.055159E+3
7.836692E+2	1.055886E+3
7.839179E+2	1.055847E+3
7.841666E+2	1.054990E+3
7.844152E+2	1.053219E+3
7.846639E+2	1.051088E+3
7.849125E+2	1.048924E+3
7.851612E+2	1.045574E+3
7.854098E+2	1.041673E+3
7.856584E+2	1.036503E+3
7.859070E+2	1.030607E+3
7.861556E+2	1.024263E+3
7.864042E+2	1.016399E+3
7.866528E+2	1.007372E+3
7.869014E+2	9.981862E+2
7.871499E+2	9.885141E+2
7.873985E+2	9.791589E+2
7.876470E+2	9.702190E+2
7.878956E+2	9.610715E+2
7.881441E+2	9.523283E+2
7.883926E+2	9.446070E+2
7.886411E+2	9.383939E+2
7.888896E+2	9.336835E+2
7.891381E+2	9.308912E+2
7.893866E+2	9.295250E+2
7.896351E+2	9.293939E+2
7.898835E+2	9.295961E+2
7.901320E+2	9.307436E+2
7.903804E+2	9.327327E+2
7.906289E+2	9.345797E+2
7.908773E+2	9.372136E+2
7.911257E+2	9.399403E+2
7.913742E+2	9.431371E+2
7.916226E+2	9.460660E+2
7.918709E+2	9.492409E+2
7.921193E+2	9.521862E+2
7.923677E+2	9.547491E+2
7.926161E+2	9.564431E+2
7.928644E+2	9.590004E+2
7.931128E+2	9.601425E+2
7.933611E+2	9.616780E+2
7.936095E+2	9.616890E+2
7.938578E+2	9.613065E+2
7.941061E+2	9.602245E+2
7.943544E+2	9.586780E+2
7.946027E+2	9.556726E+2
7.948510E+2	9.520278E+2
7.950993E+2	9.476398E+2
7.953475E+2	9.426944E+2
7.955958E+2	9.373884E+2
7.958440E+2	9.314376E+2
7.960923E+2	9.256179E+2
7.963405E+2	9.186835E+2
7.965887E+2	9.106562E+2
7.968370E+2	9.036780E+2
7.970852E+2	8.964048E+2
7.973334E+2	8.892518E+2
7.975816E+2	8.828420E+2
7.978297E+2	8.771425E+2
7.980779E+2	8.722901E+2
7.983261E+2	8.688857E+2
7.985742E+2	8.663556E+2
7.988224E+2	8.659185E+2
7.990705E+2	8.668474E+2
7.993186E+2	8.682901E+2
7.995668E+2	8.702245E+2
7.998149E+2	8.717545E+2
8.000630E+2	8.736289E+2
8.003111E+2	8.753884E+2
8.005591E+2	8.768474E+2
8.008072E+2	8.786125E+2
8.010553E+2	8.796780E+2
8.013033E+2	8.807108E+2
8.015514E+2	8.810551E+2
8.017994E+2	8.811480E+2
8.020474E+2	8.805250E+2
8.022955E+2	8.801808E+2
8.025435E+2	8.790551E+2
8.027915E+2	8.776944E+2
8.030395E+2	8.765578E+2
8.032874E+2	8.750933E+2
8.035354E+2	8.735797E+2
8.037834E+2	8.716125E+2
8.040313E+2	8.697327E+2
8.042793E+2	8.663556E+2
8.045272E+2	8.630387E+2
8.047752E+2	8.592245E+2
8.050231E+2	8.554321E+2
8.052710E+2	8.517873E+2
8.055189E+2	8.480332E+2
8.057668E+2	8.452464E+2
8.060147E+2	8.414103E+2
8.062625E+2	8.373720E+2
8.065104E+2	8.332409E+2
8.067583E+2	8.297218E+2
8.070061E+2	8.264540E+2
8.072540E+2	8.236890E+2
8.075018E+2	8.221535E+2
8.077496E+2	8.217545E+2
8.079974E+2	8.222081E+2
8.082452E+2	8.238584E+2
8.084930E+2	8.261480E+2
8.087408E+2	8.309513E+2
8.089886E+2	8.366835E+2
8.092364E+2	8.437655E+2
8.094841E+2	8.518693E+2
8.097319E+2	8.620933E+2
8.099796E+2	8.738529E+2
8.102273E+2	8.865250E+2
8.104751E+2	9.002409E+2
8.107228E+2	9.145032E+2
8.109705E+2	9.290059E+2
8.112182E+2	9.426453E+2
8.114659E+2	9.551644E+2
8.117135E+2	9.669677E+2
8.119612E+2	9.767436E+2
8.122089E+2	9.851808E+2
8.124565E+2	9.915851E+2
8.127042E+2	9.958529E+2
8.129518E+2	9.983830E+2
8.131994E+2	9.996398E+2
8.134470E+2	9.993830E+2
8.136946E+2	9.983010E+2
8.139422E+2	9.958420E+2
8.141898E+2	9.917600E+2
8.144374E+2	9.874048E+2
8.146850E+2	9.831316E+2
8.149325E+2	9.787327E+2
8.151801E+2	9.739076E+2
8.154276E+2	9.690059E+2
8.156752E+2	9.642791E+2
8.159227E+2	9.597764E+2
8.161702E+2	9.557382E+2
8.164177E+2	9.524103E+2
8.166652E+2	9.497272E+2
8.169127E+2	9.481152E+2
8.171602E+2	9.466398E+2
8.174077E+2	9.453065E+2
8.176551E+2	9.449294E+2
8.179026E+2	9.448474E+2
8.181500E+2	9.445742E+2
8.183975E+2	9.452081E+2
8.186449E+2	9.455032E+2
8.188923E+2	9.462901E+2
8.191397E+2	9.465469E+2
8.193871E+2	9.467272E+2
8.196345E+2	9.461316E+2
8.198819E+2	9.446507E+2
8.201293E+2	9.427655E+2
8.203766E+2	9.395961E+2
8.206240E+2	9.359513E+2
8.208713E+2	9.312245E+2
8.211187E+2	9.264157E+2
8.213660E+2	9.212190E+2
8.216133E+2	9.159239E+2
8.218606E+2	9.098638E+2
8.221079E+2	9.032409E+2
8.223552E+2	8.962409E+2
8.226025E+2	8.886125E+2
8.228498E+2	8.798310E+2
8.230970E+2	8.708256E+2
8.233443E+2	8.607054E+2
8.235915E+2	8.498310E+2
8.238388E+2	8.373502E+2
8.240860E+2	8.244868E+2
8.243332E+2	8.100606E+2
8.245804E+2	7.945086E+2
8.248276E+2	7.776890E+2
8.250748E+2	7.597983E+2
8.253220E+2	7.408092E+2
8.255692E+2	7.210715E+2
8.258163E+2	7.007928E+2
8.260635E+2	6.808365E+2
8.263106E+2	6.609622E+2
8.265578E+2	6.419731E+2
8.268049E+2	6.241207E+2
8.270520E+2	6.075742E+2
8.272991E+2	5.922409E+2
8.275462E+2	5.781862E+2
8.277933E+2	5.659622E+2
8.280404E+2	5.556179E+2
8.282875E+2	5.458966E+2
8.285345E+2	5.376125E+2
8.287816E+2	5.296453E+2
8.290287E+2	5.226015E+2
8.292757E+2	5.161261E+2
8.295227E+2	5.092791E+2
8.297697E+2	5.021043E+2
8.300168E+2	4.949731E+2
8.302638E+2	4.881480E+2
8.305107E+2	4.820606E+2
8.307577E+2	4.764212E+2
8.310047E+2	4.706234E+2
8.312517E+2	4.645906E+2
8.314986E+2	4.585633E+2
8.317456E+2	4.524704E+2
8.319925E+2	4.460278E+2
8.322394E+2	4.393447E+2
8.324864E+2	4.326890E+2
8.327333E+2	4.254649E+2
8.329802E+2	4.173447E+2
8.332271E+2	4.092682E+2
8.334740E+2	4.000442E+2
8.337208E+2	3.912245E+2
8.339677E+2	3.821152E+2
8.342146E+2	3.728912E+2
8.344614E+2	3.645141E+2
8.347082E+2	3.568474E+2
8.349551E+2	3.499895E+2
8.352019E+2	3.433065E+2
8.354487E+2	3.376343E+2
8.356955E+2	3.324485E+2
8.359423E+2	3.275360E+2
8.361891E+2	3.232846E+2
8.364359E+2	3.194212E+2
8.366826E+2	3.154923E+2
8.369294E+2	3.119185E+2
8.371761E+2	3.088365E+2
8.374229E+2	3.058584E+2
8.376696E+2	3.031207E+2
8.379163E+2	3.007272E+2
8.381630E+2	2.978201E+2
8.384097E+2	2.959567E+2
8.386564E+2	2.938912E+2
8.389031E+2	2.919021E+2
8.391498E+2	2.896999E+2
8.393965E+2	2.877327E+2
8.396431E+2	2.856015E+2
8.398898E+2	2.839458E+2
8.401364E+2	2.817764E+2
8.403830E+2	2.804649E+2
8.406297E+2	2.785524E+2
8.408763E+2	2.768420E+2
8.411229E+2	2.744540E+2
8.413695E+2	2.720879E+2
8.416161E+2	2.703447E+2
8.418626E+2	2.687108E+2
8.421092E+2	2.667928E+2
8.423558E+2	2.652791E+2
8.426023E+2	2.638310E+2
8.428489E+2	2.621753E+2
8.430954E+2	2.602081E+2
8.433419E+2	2.590496E+2
8.435884E+2	2.573556E+2
8.438349E+2	2.559513E+2
8.440814E+2	2.540223E+2
8.443279E+2	2.520824E+2
8.445744E+2	2.506453E+2
8.448208E+2	2.495797E+2
8.450673E+2	2.484813E+2
8.453138E+2	2.473830E+2
8.455602E+2	2.458147E+2
8.458066E+2	2.444376E+2
8.460530E+2	2.428584E+2
8.462995E+2	2.421371E+2
8.465459E+2	2.408748E+2
8.467923E+2	2.393720E+2
8.470386E+2	2.381589E+2
8.472850E+2	2.367600E+2
8.475314E+2	2.350551E+2
8.477777E+2	2.334595E+2
8.480241E+2	2.324977E+2
8.482704E+2	2.311371E+2
8.485168E+2	2.299130E+2
8.487631E+2	2.284431E+2
8.490094E+2	2.267600E+2
8.492557E+2	2.252901E+2
8.495020E+2	2.239841E+2
8.497483E+2	2.225578E+2
8.499946E+2	2.211753E+2
8.502408E+2	2.202518E+2
8.504871E+2	2.190004E+2
8.507333E+2	2.177600E+2
8.509796E+2	2.162464E+2
8.512258E+2	2.146617E+2
8.514720E+2	2.134923E+2
8.517182E+2	2.120168E+2
8.519644E+2	2.110332E+2
8.522106E+2	2.099895E+2
8.524568E+2	2.088857E+2
8.527030E+2	2.074485E+2
8.529492E+2	2.062300E+2
8.531953E+2	2.051535E+2
8.534415E+2	2.036289E+2
8.536876E+2	2.024595E+2
8.539337E+2	2.009895E+2
8.541799E+2	1.993065E+2
8.544260E+2	1.980114E+2
8.546721E+2	1.971972E+2
8.549182E+2	1.955414E+2
8.551643E+2	1.945032E+2
8.554103E+2	1.928037E+2
8.556564E+2	1.914157E+2
8.559024E+2	1.902791E+2
8.561485E+2	1.891480E+2
8.563945E+2	1.879731E+2
8.566406E+2	1.868529E+2
8.568866E+2	1.858912E+2
8.571326E+2	1.850660E+2
8.573786E+2	1.833994E+2
8.576246E+2	1.819349E+2
8.578706E+2	1.809950E+2
8.581166E+2	1.801644E+2
8.583625E+2	1.791371E+2
8.586085E+2	1.782518E+2
8.588544E+2	1.765524E+2
8.591004E+2	1.756179E+2
8.593463E+2	1.744431E+2
8.595922E+2	1.734540E+2
8.598381E+2	1.718474E+2
8.600840E+2	1.706398E+2
8.603299E+2	1.699130E+2
8.605758E+2	1.687764E+2
8.608217E+2	1.674321E+2
8.610675E+2	1.666070E+2
8.613134E+2	1.654540E+2
8.615592E+2	1.646507E+2
8.618051E+2	1.636125E+2
8.620509E+2	1.623338E+2
8.622967E+2	1.616726E+2
8.625425E+2	1.609076E+2
8.627883E+2	1.597108E+2
8.630341E+2	1.580715E+2
8.632799E+2	1.570059E+2
8.635257E+2	1.564649E+2
8.637715E+2	1.555524E+2
8.640172E+2	1.545032E+2
8.642630E+2	1.536398E+2
8.645087E+2	1.526070E+2
8.647544E+2	1.513119E+2
8.650001E+2	1.502245E+2
8.652459E+2	1.487108E+2
8.654916E+2	1.477163E+2
8.657372E+2	1.468092E+2
8.659829E+2	1.460715E+2
8.662286E+2	1.454376E+2
8.664743E+2	1.445961E+2
8.667199E+2	1.434759E+2
8.669656E+2	1.421862E+2
8.672112E+2	1.411535E+2
8.674568E+2	1.403283E+2
8.677024E+2	1.395196E+2
8.679481E+2	1.387218E+2
8.681937E+2	1.376835E+2
8.684392E+2	1.365961E+2
8.686848E+2	1.355141E+2
8.689304E+2	1.347983E+2
8.691760E+2	1.343502E+2
8.694215E+2	1.338912E+2
8.696671E+2	1.327545E+2
8.699126E+2	1.323611E+2
8.701581E+2	1.315305E+2
8.704036E+2	1.311371E+2
8.706491E+2	1.305032E+2
8.708946E+2	1.292081E+2
8.711401E+2	1.283502E+2
8.713856E+2	1.280059E+2
8.716311E+2	1.270442E+2
8.718766E+2	1.259458E+2
8.721220E+2	1.248420E+2
8.723674E+2	1.242300E+2
8.726129E+2	1.237382E+2
8.728583E+2	1.231316E+2
8.731037E+2	1.223283E+2
8.733491E+2	1.212190E+2
8.735945E+2	1.201753E+2
8.738399E+2	1.199349E+2
8.740853E+2	1.195250E+2
8.743307E+2	1.191535E+2
8.745760E+2	1.180933E+2
8.748214E+2	1.176562E+2
8.750667E+2	1.174267E+2
8.753121E+2	1.162464E+2
8.755574E+2	1.155906E+2
8.758027E+2	1.147655E+2
8.760480E+2	1.141152E+2
8.762933E+2	1.132518E+2
8.765386E+2	1.123119E+2
8.767839E+2	1.114321E+2
8.770291E+2	1.103939E+2
8.772744E+2	1.093392E+2
8.775196E+2	1.086835E+2
8.777649E+2	1.081862E+2
8.780101E+2	1.076617E+2
8.782553E+2	1.068474E+2
8.785006E+2	1.055469E+2
8.787458E+2	1.045250E+2
8.789910E+2	1.040059E+2
8.792361E+2	1.038420E+2
8.794813E+2	1.035305E+2
8.797265E+2	1.032518E+2
8.799717E+2	1.028638E+2
8.802168E+2	1.026726E+2
8.804619E+2	1.023010E+2
8.807071E+2	1.013666E+2
8.809522E+2	1.007655E+2
8.811973E+2	9.974908E+1
8.814424E+2	9.908788E+1
8.816875E+2	9.898405E+1
8.819326E+2	9.877094E+1
8.821777E+2	9.821903E+1
8.824227E+2	9.732285E+1
8.826678E+2	9.702777E+1
8.829128E+2	9.641028E+1
8.831579E+2	9.584744E+1
8.834029E+2	9.556329E+1
8.836479E+2	9.509334E+1
8.838929E+2	9.466165E+1
8.841379E+2	9.416438E+1
8.843829E+2	9.359061E+1
8.846279E+2	9.343761E+1
8.848729E+2	9.296220E+1
8.851179E+2	9.259061E+1
8.853628E+2	9.154690E+1
8.856078E+2	9.074908E+1
8.858527E+2	9.007149E+1
8.860976E+2	8.942121E+1
8.863425E+2	8.855783E+1
8.865875E+2	8.805509E+1
8.868324E+2	8.721903E+1
8.870772E+2	8.665072E+1
8.873221E+2	8.602777E+1
8.875670E+2	8.527914E+1
8.878119E+2	8.454143E+1
8.880567E+2	8.397313E+1
8.883016E+2	8.345946E+1
8.885464E+2	8.283651E+1
8.887912E+2	8.249225E+1
8.890360E+2	8.177094E+1
8.892809E+2	8.098952E+1
8.895257E+2	8.049772E+1
8.897704E+2	8.003324E+1
8.900152E+2	7.925728E+1
8.902600E+2	7.876001E+1
8.905048E+2	7.836110E+1
8.907495E+2	7.770537E+1
8.909943E+2	7.695127E+1
8.912390E+2	7.652504E+1
8.914837E+2	7.608242E+1
8.917284E+2	7.598952E+1
8.919731E+2	7.557968E+1
8.922178E+2	7.488023E+1
8.924625E+2	7.434471E+1
8.927072E+2	7.384744E+1
8.929519E+2	7.328460E+1
8.931965E+2	7.294034E+1
8.934412E+2	7.290755E+1
8.936858E+2	7.296766E+1
8.939305E+2	7.269444E+1
8.941751E+2	7.201684E+1
8.944197E+2	7.136110E+1
8.946643E+2	7.073815E+1
8.949089E+2	7.050865E+1
8.951535E+2	6.987477E+1
8.953981E+2	6.892395E+1
8.956426E+2	6.876001E+1
8.958872E+2	6.835018E+1
8.961317E+2	6.812613E+1
8.963763E+2	6.772722E+1
8.966208E+2	6.731192E+1
8.968653E+2	6.675455E+1
8.971098E+2	6.628460E+1
8.973543E+2	6.619171E+1
8.975988E+2	6.564526E+1
8.978433E+2	6.540482E+1
8.980878E+2	6.495673E+1
8.983323E+2	6.473269E+1
8.985767E+2	6.444307E+1
8.988212E+2	6.407149E+1
8.990656E+2	6.382012E+1
8.993100E+2	6.338296E+1
8.995545E+2	6.296766E+1
8.997989E+2	6.209334E+1
9.000433E+2	6.120810E+1
9.002877E+2	6.067804E+1
9.005320E+2	6.045946E+1
9.007764E+2	6.044854E+1
9.010208E+2	6.044854E+1
9.012651E+2	6.018624E+1
9.015095E+2	5.987477E+1
9.017538E+2	5.977640E+1
9.019981E+2	5.959608E+1
9.022425E+2	5.955783E+1
9.024868E+2	5.953050E+1
9.027311E+2	5.908788E+1
9.029754E+2	5.877094E+1
9.032196E+2	5.838843E+1
9.034639E+2	5.831739E+1
9.037082E+2	5.751957E+1
9.039524E+2	5.725728E+1
9.041967E+2	5.700591E+1
9.044409E+2	5.698405E+1
9.046851E+2	5.695127E+1
9.049293E+2	5.702231E+1
9.051736E+2	5.675455E+1
9.054177E+2	5.629007E+1
9.056619E+2	5.633378E+1
9.059061E+2	5.607695E+1
9.061503E+2	5.590209E+1
9.063944E+2	5.557422E+1
9.066386E+2	5.492941E+1
9.068827E+2	5.480373E+1
9.071269E+2	5.491848E+1
9.073710E+2	5.465619E+1
9.076151E+2	5.438296E+1
9.078592E+2	5.439389E+1
9.081033E+2	5.424635E+1
9.083474E+2	5.408242E+1
9.085915E+2	5.360154E+1
9.088355E+2	5.337203E+1
9.090796E+2	5.322449E+1
9.093236E+2	5.320263E+1
9.095677E+2	5.308788E+1
9.098117E+2	5.235564E+1
9.100557E+2	5.241575E+1
9.102997E+2	5.233378E+1
9.105437E+2	5.198952E+1
9.107877E+2	5.194580E+1
9.110317E+2	5.197313E+1
9.112757E+2	5.130099E+1
9.115197E+2	5.085291E+1
9.117636E+2	5.054690E+1
9.120076E+2	5.044307E+1
9.122515E+2	4.961247E+1
9.124954E+2	4.914252E+1
9.127393E+2	4.901138E+1
9.129832E+2	4.913706E+1
9.132271E+2	4.863979E+1
9.134710E+2	4.839936E+1
9.137149E+2	4.800045E+1
9.139588E+2	4.764526E+1
9.142026E+2	4.721903E+1
9.144465E+2	4.665072E+1
9.146903E+2	4.645946E+1
9.149342E+2	4.628460E+1
9.151780E+2	4.636657E+1
9.154218E+2	4.662886E+1
9.156656E+2	4.644307E+1
9.159094E+2	4.607695E+1
9.161532E+2	4.597313E+1
9.163970E+2	4.574362E+1
9.166408E+2	4.561793E+1
9.168845E+2	4.536657E+1
9.171283E+2	4.506602E+1
9.173720E+2	4.485291E+1
9.176157E+2	4.516985E+1
9.178595E+2	4.504416E+1
9.181032E+2	4.480373E+1
9.183469E+2	4.426274E+1
9.185906E+2	4.417531E+1
9.188343E+2	4.379826E+1
9.190779E+2	4.378187E+1
9.193216E+2	4.319171E+1
9.195653E+2	4.276001E+1
9.198089E+2	4.200045E+1
9.200525E+2	4.181466E+1
9.202962E+2	4.173269E+1
9.205398E+2	4.139389E+1
9.207834E+2	4.130099E+1
9.210270E+2	4.102231E+1
9.212706E+2	4.097859E+1
9.215142E+2	4.113706E+1
9.217577E+2	4.098405E+1
9.220013E+2	4.072722E+1
9.222449E+2	4.026274E+1
9.224884E+2	4.031192E+1
9.227319E+2	4.008242E+1
9.229755E+2	3.971083E+1
9.232190E+2	3.927914E+1
9.234625E+2	3.925728E+1
9.237060E+2	3.904416E+1
9.239495E+2	3.881466E+1
9.241930E+2	3.810427E+1
9.244364E+2	3.765072E+1
9.246799E+2	3.759061E+1
9.249233E+2	3.722449E+1
9.251668E+2	3.704416E+1
9.254102E+2	3.642668E+1
9.256536E+2	3.606602E+1
9.258971E+2	3.582558E+1
9.261405E+2	3.614799E+1
9.263839E+2	3.619171E+1
9.266272E+2	3.603324E+1
9.268706E+2	3.581466E+1
9.271140E+2	3.606602E+1
9.273573E+2	3.571083E+1
9.276007E+2	3.535018E+1
9.278440E+2	3.471630E+1
9.280874E+2	3.448679E+1
9.283307E+2	3.421903E+1
9.285740E+2	3.420263E+1
9.288173E+2	3.388023E+1
9.290606E+2	3.341028E+1
9.293039E+2	3.341028E+1
9.295471E+2	3.336110E+1
9.297904E+2	3.378733E+1
9.300337E+2	3.360154E+1
9.302769E+2	3.292395E+1
9.305201E+2	3.245400E+1
9.307634E+2	3.213706E+1
9.310066E+2	3.201138E+1
9.312498E+2	3.195127E+1
9.314930E+2	3.168351E+1
9.317362E+2	3.145400E+1
9.319794E+2	3.102777E+1
9.322225E+2	3.079280E+1
9.324657E+2	3.014799E+1
9.327088E+2	2.963979E+1
9.329520E+2	2.937203E+1
9.331951E+2	2.941575E+1
9.334382E+2	2.956329E+1
9.336814E+2	2.932832E+1
9.339245E+2	2.879826E+1
9.341676E+2	2.860154E+1
9.344106E+2	2.847039E+1
9.346537E+2	2.837750E+1
9.348968E+2	2.833378E+1
9.351398E+2	2.801138E+1
9.353829E+2	2.784744E+1
9.356259E+2	2.738296E+1
9.358690E+2	2.718078E+1
9.361120E+2	2.672722E+1
9.363550E+2	2.632285E+1
9.365980E+2	2.607695E+1
9.368410E+2	2.578187E+1
9.370840E+2	2.604416E+1
9.373269E+2	2.525181E+1
9.375699E+2	2.483651E+1
9.378129E+2	2.461793E+1
9.380558E+2	2.425728E+1
9.382987E+2	2.349772E+1
9.385417E+2	2.314799E+1
9.387846E+2	2.233378E+1
9.390275E+2	2.267804E+1
9.392704E+2	2.263979E+1
9.395133E+2	2.248132E+1
9.397562E+2	2.216438E+1
9.399990E+2	2.204963E+1
9.402419E+2	2.228460E+1
9.404847E+2	2.221903E+1
9.407276E+2	2.191302E+1
9.409704E+2	2.151411E+1
9.412132E+2	2.102777E+1
9.414560E+2	2.120810E+1
9.416988E+2	2.064526E+1
9.419416E+2	2.037203E+1
9.421844E+2	2.029553E+1
9.424272E+2	1.998952E+1
9.426700E+2	1.973269E+1
9.429127E+2	1.962886E+1
9.431555E+2	1.961793E+1
9.433982E+2	1.929007E+1
9.436409E+2	1.883651E+1
9.438837E+2	1.908242E+1
9.441264E+2	1.880373E+1
9.443691E+2	1.860701E+1
9.446118E+2	1.801138E+1
9.448544E+2	1.802231E+1
9.450971E+2	1.784744E+1
9.453398E+2	1.813160E+1
9.455824E+2	1.776001E+1
9.458251E+2	1.763433E+1
9.460677E+2	1.777640E+1
9.463103E+2	1.783105E+1
9.465530E+2	1.759608E+1
9.467956E+2	1.754143E+1
9.470382E+2	1.735018E+1
9.472807E+2	1.739936E+1
9.475233E+2	1.727914E+1
9.477659E+2	1.717531E+1
9.480084E+2	1.674908E+1
9.482510E+2	1.640482E+1
9.484935E+2	1.698405E+1
9.487361E+2	1.737203E+1
9.489786E+2	1.797313E+1
9.492211E+2	1.769444E+1
9.494636E+2	1.767804E+1
9.497061E+2	1.729553E+1
9.499486E+2	1.710427E+1
9.501911E+2	1.731192E+1
9.504335E+2	1.726274E+1
9.506760E+2	1.716438E+1
9.509184E+2	1.713160E+1
9.511609E+2	1.702231E+1
9.514033E+2	1.714252E+1
9.516457E+2	1.724089E+1
9.518881E+2	1.710974E+1
9.521305E+2	1.720263E+1
9.523729E+2	1.766712E+1
9.526153E+2	1.791848E+1
9.528576E+2	1.795673E+1
9.531000E+2	1.833378E+1
9.533424E+2	1.849772E+1
9.535847E+2	1.871630E+1
9.538270E+2	1.856875E+1
9.540694E+2	1.862340E+1
9.543117E+2	1.851411E+1
9.545540E+2	1.841575E+1
9.547963E+2	1.857422E+1
9.550386E+2	1.883651E+1
9.552808E+2	1.866712E+1
9.555231E+2	1.878187E+1
9.557654E+2	1.859061E+1
9.560076E+2	1.883651E+1
9.562498E+2	1.849225E+1
9.564921E+2	1.889116E+1
9.567343E+2	1.886930E+1
9.569765E+2	1.897313E+1
9.572187E+2	1.892941E+1
9.574609E+2	1.882558E+1
9.577031E+2	1.858515E+1
9.579452E+2	1.837750E+1
9.581874E+2	1.832832E+1
9.584296E+2	1.879280E+1
9.586717E+2	1.878187E+1
9.589138E+2	1.876548E+1
9.591560E+2	1.882558E+1
9.593981E+2	1.871083E+1
9.596402E+2	1.856875E+1
9.598823E+2	1.862886E+1
9.601244E+2	1.816985E+1
9.603664E+2	1.853050E+1
9.606085E+2	1.833378E+1
9.608506E+2	1.783651E+1
9.610926E+2	1.741575E+1
9.613347E+2	1.769990E+1
9.615767E+2	1.731739E+1
9.618187E+2	1.726821E+1
9.620607E+2	1.706056E+1
9.623027E+2	1.733925E+1
9.625447E+2	1.725181E+1
9.627867E+2	1.729553E+1
9.630287E+2	1.716438E+1
9.632706E+2	1.638296E+1
9.635126E+2	1.600045E+1
9.637545E+2	1.553050E+1
9.639965E+2	1.582012E+1
9.642384E+2	1.602777E+1
9.644803E+2	1.612613E+1
9.647222E+2	1.616438E+1
9.649641E+2	1.567258E+1
9.652060E+2	1.590209E+1
9.654479E+2	1.615345E+1
9.656897E+2	1.595673E+1
9.659316E+2	1.593487E+1
9.661734E+2	1.561247E+1
9.664153E+2	1.536110E+1
9.666571E+2	1.526274E+1
9.668989E+2	1.610974E+1
9.671408E+2	1.631739E+1
9.673826E+2	1.636657E+1
9.676243E+2	1.665619E+1
9.678661E+2	1.661793E+1
9.681079E+2	1.654143E+1
9.683497E+2	1.662886E+1
9.685914E+2	1.659608E+1
9.688332E+2	1.657968E+1
9.690749E+2	1.676548E+1
9.693166E+2	1.686384E+1
9.695583E+2	1.650318E+1
9.698001E+2	1.616438E+1
9.700417E+2	1.609334E+1
9.702834E+2	1.571630E+1
9.705251E+2	1.553597E+1
9.707668E+2	1.554690E+1
9.710084E+2	1.550318E+1
9.712501E+2	1.529007E+1
9.714917E+2	1.544307E+1
9.717334E+2	1.572722E+1
9.719750E+2	1.597859E+1
9.722166E+2	1.630099E+1
9.724582E+2	1.655236E+1
9.726998E+2	1.656329E+1
9.729414E+2	1.654690E+1
9.731830E+2	1.613160E+1
9.734245E+2	1.592941E+1
9.736661E+2	1.595673E+1
9.739076E+2	1.612613E+1
9.741492E+2	1.583105E+1
9.743907E+2	1.568897E+1
9.746322E+2	1.562886E+1
9.748737E+2	1.563433E+1
9.751152E+2	1.582012E+1
9.753567E+2	1.557422E+1
9.755982E+2	1.557968E+1
9.758396E+2	1.572722E+1
9.760811E+2	1.553597E+1
9.763226E+2	1.620263E+1
9.765640E+2	1.638296E+1
9.768054E+2	1.615892E+1
9.770468E+2	1.572176E+1
9.772883E+2	1.613160E+1
9.775297E+2	1.644854E+1
9.777711E+2	1.663979E+1
9.780124E+2	1.683105E+1
9.782538E+2	1.674908E+1
9.784952E+2	1.663979E+1
9.787365E+2	1.623542E+1
9.789779E+2	1.597313E+1
9.792192E+2	1.600591E+1
9.794605E+2	1.602231E+1
9.797019E+2	1.645946E+1
9.799432E+2	1.617531E+1
9.801845E+2	1.574908E+1
9.804257E+2	1.620810E+1
9.806670E+2	1.653597E+1
9.809083E+2	1.667258E+1
9.811496E+2	1.710427E+1
9.813908E+2	1.661247E+1
9.816320E+2	1.600045E+1
9.818733E+2	1.543214E+1
9.821145E+2	1.522449E+1
9.823557E+2	1.513160E+1
9.825969E+2	1.516985E+1
9.828381E+2	1.515892E+1
9.830793E+2	1.523542E+1
9.833205E+2	1.497859E+1
9.835616E+2	1.494034E+1
9.838028E+2	1.478187E+1
9.840439E+2	1.508788E+1
9.842851E+2	1.523542E+1
9.845262E+2	1.494580E+1
9.847673E+2	1.481466E+1
9.850084E+2	1.490755E+1
9.852495E+2	1.531739E+1
9.854906E+2	1.510974E+1
9.857317E+2	1.481466E+1
9.859727E+2	1.459061E+1
9.862138E+2	1.441575E+1
9.864549E+2	1.406056E+1
9.866959E+2	1.351957E+1
9.869369E+2	1.341028E+1
9.871779E+2	1.306056E+1
9.874190E+2	1.291848E+1
9.876600E+2	1.297313E+1
9.879010E+2	1.336110E+1
9.881419E+2	1.335018E+1
9.883829E+2	1.344854E+1
9.886239E+2	1.277640E+1
9.888648E+2	1.314799E+1
9.891058E+2	1.338843E+1
9.893467E+2	1.340482E+1
9.895876E+2	1.356329E+1
9.898285E+2	1.328460E+1
9.900695E+2	1.345400E+1
9.903104E+2	1.350865E+1
9.905512E+2	1.374908E+1
9.907921E+2	1.386930E+1
9.910330E+2	1.361247E+1
9.912738E+2	1.335018E+1
9.915147E+2	1.385291E+1
9.917555E+2	1.415345E+1
9.919964E+2	1.407695E+1
9.922372E+2	1.383651E+1
9.924780E+2	1.376001E+1
9.927188E+2	1.372722E+1
9.929596E+2	1.411520E+1
9.932004E+2	1.397313E+1
9.934411E+2	1.376001E+1
9.936819E+2	1.376548E+1
9.939227E+2	1.360701E+1
9.941634E+2	1.419717E+1
9.944041E+2	1.415892E+1
9.946449E+2	1.433925E+1
9.948856E+2	1.441028E+1
9.951263E+2	1.415892E+1
9.953670E+2	1.405509E+1
9.956077E+2	1.416438E+1
9.958483E+2	1.422449E+1
9.960890E+2	1.441028E+1
9.963297E+2	1.412067E+1
9.965703E+2	1.398405E+1
9.968109E+2	1.412067E+1
9.970516E+2	1.401138E+1
9.972922E+2	1.390209E+1
9.975328E+2	1.386930E+1
9.977734E+2	1.345946E+1
9.980140E+2	1.330099E+1
9.982546E+2	1.314252E+1
9.984951E+2	1.319717E+1
9.987357E+2	1.253050E+1
9.989763E+2	1.267258E+1
9.992168E+2	1.269444E+1
9.994573E+2	1.281466E+1
9.996978E+2	1.258515E+1
9.999384E+2	1.218624E+1
1.000179E+3	1.201138E+1
1.000419E+3	1.213160E+1
1.000660E+3	1.231739E+1
1.000900E+3	1.255236E+1
1.001141E+3	1.278733E+1
1.001381E+3	1.333378E+1
1.001622E+3	1.306602E+1
1.001862E+3	1.315345E+1
1.002103E+3	1.320810E+1
1.002343E+3	1.317531E+1
1.002583E+3	1.315345E+1
1.002824E+3	1.301138E+1
1.003064E+3	1.292941E+1
1.003305E+3	1.347039E+1
1.003545E+3	1.339389E+1
1.003785E+3	1.312613E+1
1.004026E+3	1.315345E+1
1.004266E+3	1.338296E+1
1.004506E+3	1.348132E+1
1.004747E+3	1.371083E+1
1.004987E+3	1.345946E+1
1.005227E+3	1.307149E+1
1.005468E+3	1.268897E+1
1.005708E+3	1.270537E+1
1.005948E+3	1.261247E+1
1.006188E+3	1.227914E+1
1.006429E+3	1.233378E+1
1.006669E+3	1.235564E+1
1.006909E+3	1.267804E+1
1.007149E+3	1.273815E+1
1.007390E+3	1.280373E+1
1.007630E+3	1.238843E+1
1.007870E+3	1.234471E+1
1.008110E+3	1.279280E+1
1.008350E+3	1.309334E+1
1.008590E+3	1.332832E+1
1.008831E+3	1.287477E+1
1.009071E+3	1.253050E+1
1.009311E+3	1.252504E+1
1.009551E+3	1.257422E+1
1.009791E+3	1.243761E+1
1.010031E+3	1.241575E+1
1.010271E+3	1.216438E+1
1.010511E+3	1.204416E+1
1.010752E+3	1.246493E+1
1.010992E+3	1.275455E+1
1.011232E+3	1.296220E+1
1.011472E+3	1.258515E+1
1.011712E+3	1.247039E+1
1.011952E+3	1.250318E+1
1.012192E+3	1.248679E+1
1.012432E+3	1.249225E+1
1.012672E+3	1.236657E+1
1.012912E+3	1.274908E+1
1.013152E+3	1.280373E+1
1.013392E+3	1.291302E+1
1.013632E+3	1.247586E+1
1.013872E+3	1.265072E+1
1.014112E+3	1.269444E+1
1.014352E+3	1.318078E+1
1.014591E+3	1.363979E+1
1.014831E+3	1.364526E+1
1.015071E+3	1.377094E+1
1.015311E+3	1.364526E+1
1.015551E+3	1.329553E+1
1.015791E+3	1.318624E+1
1.016031E+3	1.330099E+1
1.016271E+3	1.378187E+1
1.016511E+3	1.364526E+1
1.016750E+3	1.382012E+1
1.016990E+3	1.377094E+1
1.017230E+3	1.356875E+1
1.017470E+3	1.371630E+1
1.017710E+3	1.373269E+1
1.017949E+3	1.351411E+1
1.018189E+3	1.359608E+1
1.018429E+3	1.361793E+1
1.018669E+3	1.374908E+1
1.018908E+3	1.363979E+1
1.019148E+3	1.351957E+1
1.019388E+3	1.307149E+1
1.019628E+3	1.347039E+1
1.019867E+3	1.382558E+1
1.020107E+3	1.419717E+1
1.020347E+3	1.392395E+1
1.020586E+3	1.385291E+1
1.020826E+3	1.382012E+1
1.021066E+3	1.357422E+1
1.021305E+3	1.354690E+1
1.021545E+3	1.345400E+1
1.021785E+3	1.318624E+1
1.022024E+3	1.320263E+1
1.022264E+3	1.350318E+1
1.022504E+3	1.350318E+1
1.022743E+3	1.330646E+1
1.022983E+3	1.329553E+1
1.023222E+3	1.302231E+1
1.023462E+3	1.274908E+1
1.023702E+3	1.271083E+1
1.023941E+3	1.266165E+1
1.024181E+3	1.282012E+1
1.024420E+3	1.269444E+1
1.024660E+3	1.256329E+1
1.024899E+3	1.250318E+1
1.025139E+3	1.234471E+1
1.025378E+3	1.201684E+1
1.025618E+3	1.211520E+1
1.025857E+3	1.184744E+1
1.026097E+3	1.159608E+1
1.026336E+3	1.137203E+1
1.026575E+3	1.126274E+1
1.026815E+3	1.097859E+1
1.027054E+3	1.137203E+1
1.027294E+3	1.182558E+1
1.027533E+3	1.157422E+1
1.027773E+3	1.157968E+1
1.028012E+3	1.184198E+1
1.028251E+3	1.209881E+1
1.028491E+3	1.227914E+1
1.028730E+3	1.241028E+1
1.028969E+3	1.256329E+1
1.029209E+3	1.226274E+1
1.029448E+3	1.245400E+1
1.029687E+3	1.266165E+1
1.029927E+3	1.265072E+1
1.030166E+3	1.285291E+1
1.030405E+3	1.289116E+1
1.030645E+3	1.201684E+1
1.030884E+3	1.165072E+1
1.031123E+3	1.162886E+1
1.031362E+3	1.160154E+1
1.031602E+3	1.182558E+1
1.031841E+3	1.171630E+1
1.032080E+3	1.173269E+1
1.032319E+3	1.145946E+1
1.032558E+3	1.143761E+1
1.032798E+3	1.141028E+1
1.033037E+3	1.157422E+1
1.033276E+3	1.124089E+1
1.033515E+3	1.099498E+1
1.033754E+3	1.090755E+1
1.033993E+3	1.106602E+1
1.034233E+3	1.089116E+1
1.034472E+3	1.038843E+1
1.034711E+3	1.025728E+1
1.034950E+3	1.033925E+1
1.035189E+3	1.023542E+1
1.035428E+3	1.000045E+1
1.035667E+3	9.721760E+0
1.035906E+3	9.492252E+0
1.036145E+3	9.503181E+0
1.036384E+3	9.727224E+0
1.036623E+3	9.820120E+0
1.036862E+3	9.699902E+0
1.037101E+3	9.568754E+0
1.037340E+3	9.514110E+0
1.037579E+3	9.137060E+0
1.037818E+3	9.295530E+0
1.038057E+3	9.219028E+0
1.038296E+3	9.508645E+0
1.038535E+3	9.448536E+0
1.038774E+3	9.317388E+0
1.039013E+3	9.410284E+0
1.039252E+3	9.251814E+0
1.039491E+3	9.415749E+0
1.039730E+3	9.372033E+0
1.039969E+3	9.738153E+0
1.040208E+3	9.131596E+0
1.040447E+3	8.994984E+0
1.040685E+3	9.355640E+0
1.040924E+3	9.814656E+0
1.041163E+3	9.831049E+0
1.041402E+3	9.885694E+0
1.041641E+3	9.852907E+0
1.041880E+3	9.743618E+0
1.042118E+3	9.803727E+0
1.042357E+3	9.749082E+0
1.042596E+3	9.694437E+0
1.042835E+3	9.732689E+0
1.043074E+3	9.361104E+0
1.043312E+3	9.033235E+0
1.043551E+3	8.628864E+0
1.043790E+3	9.224492E+0
1.044029E+3	9.115202E+0
1.044267E+3	8.918481E+0
1.044506E+3	8.858372E+0
1.044745E+3	8.869301E+0
1.044983E+3	9.142525E+0
1.045222E+3	9.596077E+0
1.045461E+3	9.667115E+0
1.045699E+3	9.683508E+0
1.045938E+3	9.454000E+0
1.046177E+3	8.667115E+0
1.046415E+3	8.546896E+0
1.046654E+3	8.224492E+0
1.046893E+3	8.426678E+0
1.047131E+3	8.738153E+0
1.047370E+3	8.945804E+0
1.047608E+3	8.863836E+0
1.047847E+3	9.224492E+0
1.048086E+3	9.186241E+0
1.048324E+3	9.574219E+0
1.048563E+3	9.710831E+0
1.048801E+3	9.781869E+0
1.049040E+3	9.907552E+0
1.049278E+3	9.732689E+0
1.049517E+3	9.705366E+0
1.049755E+3	1.027367E+1
1.049994E+3	1.053597E+1
1.050232E+3	1.086384E+1
1.050471E+3	1.073269E+1
1.050709E+3	1.021903E+1
1.050948E+3	1.012613E+1
1.051186E+3	1.023542E+1
1.051424E+3	1.032832E+1
1.051663E+3	1.050318E+1
1.051901E+3	1.054690E+1
1.052140E+3	1.055236E+1
1.052378E+3	1.078733E+1
1.052616E+3	1.085291E+1
1.052855E+3	1.080919E+1
1.053093E+3	1.098952E+1
1.053332E+3	1.094580E+1
1.053570E+3	1.101138E+1
1.053808E+3	1.147039E+1
1.054047E+3	1.137750E+1
1.054285E+3	1.167804E+1
1.054523E+3	1.142668E+1
1.054761E+3	1.183105E+1
1.055000E+3	1.215345E+1
1.055238E+3	1.203324E+1
1.055476E+3	1.183105E+1
1.055715E+3	1.181466E+1
1.055953E+3	1.180373E+1
1.056191E+3	1.144854E+1
1.056429E+3	1.157968E+1
1.056667E+3	1.162340E+1
1.056906E+3	1.185291E+1
1.057144E+3	1.169990E+1
1.057382E+3	1.155783E+1
1.057620E+3	1.193487E+1
1.057858E+3	1.224635E+1
1.058097E+3	1.225728E+1
1.058335E+3	1.156875E+1
1.058573E+3	1.159608E+1
1.058811E+3	1.174362E+1
1.059049E+3	1.242668E+1
1.059287E+3	1.248132E+1
1.059525E+3	1.208242E+1
1.059763E+3	1.185837E+1
1.060001E+3	1.184198E+1
1.060239E+3	1.183651E+1
1.060478E+3	1.173815E+1
1.060716E+3	1.202777E+1
1.060954E+3	1.232285E+1
1.061192E+3	1.270537E+1
1.061430E+3	1.246493E+1
1.061668E+3	1.192395E+1
1.061906E+3	1.155236E+1
1.062144E+3	1.139389E+1
1.062382E+3	1.100045E+1
1.062620E+3	1.095127E+1
1.062858E+3	1.027914E+1
1.063096E+3	1.002777E+1
1.063333E+3	9.956733E+0
1.063571E+3	9.841978E+0
1.063809E+3	9.814656E+0
1.064047E+3	9.683508E+0
1.064285E+3	9.492252E+0
1.064523E+3	9.229957E+0
1.064761E+3	9.333782E+0
1.064999E+3	9.623399E+0
1.065237E+3	1.009881E+1
1.065474E+3	1.040482E+1
1.065712E+3	1.015892E+1
1.065950E+3	9.978590E+0
1.066188E+3	1.010427E+1
1.066426E+3	1.029553E+1
1.066664E+3	1.011520E+1
1.066901E+3	9.770940E+0
1.067139E+3	9.967661E+0
1.067377E+3	9.994984E+0
1.067615E+3	9.825585E+0
1.067852E+3	9.699902E+0
1.068090E+3	9.268208E+0
1.068328E+3	8.814656E+0
1.068566E+3	8.683508E+0
1.068803E+3	8.257279E+0
1.069041E+3	8.022306E+0
1.069279E+3	8.049629E+0
1.069516E+3	7.967661E+0
1.069754E+3	7.716295E+0
1.069992E+3	7.481323E+0
1.070229E+3	7.443071E+0
1.070467E+3	7.508645E+0
1.070705E+3	7.869301E+0
1.070942E+3	7.678044E+0
1.071180E+3	7.197170E+0
1.071418E+3	6.568754E+0
1.071655E+3	6.492252E+0
1.071893E+3	6.262743E+0
1.072130E+3	5.989519E+0
1.072368E+3	5.847443E+0
1.072605E+3	5.667115E+0
1.072843E+3	5.716295E+0
1.073081E+3	5.590612E+0
1.073318E+3	5.814656E+0
1.073556E+3	5.377498E+0
1.073793E+3	4.934875E+0
1.074031E+3	4.874765E+0
1.074268E+3	4.814656E+0
1.074506E+3	4.984055E+0
1.074743E+3	5.257279E+0
1.074981E+3	5.175312E+0
1.075218E+3	5.639793E+0
1.075455E+3	5.508645E+0
1.075693E+3	5.158918E+0
1.075930E+3	5.350175E+0
1.076168E+3	5.382962E+0
1.076405E+3	5.738153E+0
1.076642E+3	5.907552E+0
1.076880E+3	6.219028E+0
1.077117E+3	6.175312E+0
1.077355E+3	6.650722E+0
1.077592E+3	6.891159E+0
1.077829E+3	6.896623E+0
1.078067E+3	7.295530E+0
1.078304E+3	7.361104E+0
1.078541E+3	8.000448E+0
1.078779E+3	7.989519E+0
1.079016E+3	8.355640E+0
1.079253E+3	8.229957E+0
1.079490E+3	7.994984E+0
1.079728E+3	7.885694E+0
1.079965E+3	7.372033E+0
1.080202E+3	7.322853E+0
1.080439E+3	7.131596E+0
1.080677E+3	7.005913E+0
1.080914E+3	6.831049E+0
1.081151E+3	7.027771E+0
1.081388E+3	6.984055E+0
1.081625E+3	7.262743E+0
1.081863E+3	6.967661E+0
1.082100E+3	7.115202E+0
1.082337E+3	6.831049E+0
1.082574E+3	7.120667E+0
1.082811E+3	7.432142E+0
1.083048E+3	7.393891E+0
1.083285E+3	6.852907E+0
1.083522E+3	6.765476E+0
1.083760E+3	6.874765E+0
1.083997E+3	6.891159E+0
1.084234E+3	7.333782E+0
1.084471E+3	7.514110E+0
1.084708E+3	7.645257E+0
1.084945E+3	7.667115E+0
1.085182E+3	7.372033E+0
1.085419E+3	7.710831E+0
1.085656E+3	8.208099E+0
1.085893E+3	8.645257E+0
1.086130E+3	8.820120E+0
1.086367E+3	9.016842E+0
1.086604E+3	9.213563E+0
1.086841E+3	9.191705E+0
1.087078E+3	9.055093E+0
1.087315E+3	9.137060E+0
1.087552E+3	9.120667E+0
1.087789E+3	8.814656E+0
1.088026E+3	8.382962E+0
1.088262E+3	8.404820E+0
1.088499E+3	8.727224E+0
1.088736E+3	9.016842E+0
1.088973E+3	8.678044E+0
1.089210E+3	8.765476E+0
1.089447E+3	8.721760E+0
1.089684E+3	8.443071E+0
1.089921E+3	8.382962E+0
1.090157E+3	8.798263E+0
1.090394E+3	8.519574E+0
1.090631E+3	8.907552E+0
1.090868E+3	8.574219E+0
1.091105E+3	8.268208E+0
1.091341E+3	8.262743E+0
1.091578E+3	8.251814E+0
1.091815E+3	7.984055E+0
1.092052E+3	7.891159E+0
1.092288E+3	7.869301E+0
1.092525E+3	7.727224E+0
1.092762E+3	7.563290E+0
1.092999E+3	7.011377E+0
1.093235E+3	6.880230E+0
1.093472E+3	6.623399E+0
1.093709E+3	6.645257E+0
1.093945E+3	6.716295E+0
1.094182E+3	6.535967E+0
1.094419E+3	6.650722E+0
1.094655E+3	6.437607E+0
1.094892E+3	6.546896E+0
1.095128E+3	6.760011E+0
1.095365E+3	6.940339E+0
1.095602E+3	6.956733E+0
1.095838E+3	6.869301E+0
1.096075E+3	6.541432E+0
1.096311E+3	6.563290E+0
1.096548E+3	6.240886E+0
1.096784E+3	6.372033E+0
1.097021E+3	6.475858E+0
1.097258E+3	6.333782E+0
1.097494E+3	6.311924E+0
1.097731E+3	7.027771E+0
1.097967E+3	7.120667E+0
1.098204E+3	6.940339E+0
1.098440E+3	7.005913E+0
1.098677E+3	6.913017E+0
1.098913E+3	6.732689E+0
1.099149E+3	6.694437E+0
1.099386E+3	6.552361E+0
1.099622E+3	6.792798E+0
1.099859E+3	6.399355E+0
1.100095E+3	5.891159E+0
1.100332E+3	5.825585E+0
1.100568E+3	5.874765E+0
1.100804E+3	5.803727E+0
1.101041E+3	5.448536E+0
1.101277E+3	5.333782E+0
1.101513E+3	5.497716E+0
1.101750E+3	5.634328E+0
1.101986E+3	6.262743E+0
1.102222E+3	6.322853E+0
1.102459E+3	6.792798E+0
1.102695E+3	7.158918E+0
1.102931E+3	6.831049E+0
1.103168E+3	6.574219E+0
1.103404E+3	6.841978E+0
1.103640E+3	6.601541E+0
1.103876E+3	6.967661E+0
1.104113E+3	7.333782E+0
1.104349E+3	7.344711E+0
1.104585E+3	7.525039E+0
1.104821E+3	7.617935E+0
1.105057E+3	7.421213E+0
1.105294E+3	7.497716E+0
1.105530E+3	7.798263E+0
1.105766E+3	7.781869E+0
1.106002E+3	7.989519E+0
1.106238E+3	8.126131E+0
1.106474E+3	8.530503E+0
1.106711E+3	8.459465E+0
1.106947E+3	8.219028E+0
1.107183E+3	8.191705E+0
1.107419E+3	8.284601E+0
1.107655E+3	8.158918E+0
1.107891E+3	8.410284E+0
1.108127E+3	-2.290598E-1
1.108363E+3	-2.562393E+0
1.108599E+3	3.770940E+0
1.108835E+3	1.943761E+1
1.109071E+3	4.043761E+1
1.109307E+3	1.877094E+1
1.109543E+3	1.310427E+1
1.109779E+3	1.777094E+1
1.110015E+3	5.104274E+0
1.110251E+3	-5.562393E+0
1.110487E+3	1.410427E+1
1.110723E+3	6.437607E+0
1.110959E+3	1.577094E+1
1.111195E+3	3.110427E+1
1.111431E+3	6.104274E+0
1.111667E+3	2.910427E+1
1.111903E+3	-1.895726E+0
1.112139E+3	1.042735E-1
1.112375E+3	6.770940E+0
1.112611E+3	1.477094E+1
1.112847E+3	1.810427E+1
1.113082E+3	9.104274E+0
1.113318E+3	9.437607E+0
1.113554E+3	2.710427E+1
1.113790E+3	1.770940E+0
1.114026E+3	-2.895726E+0
1.114262E+3	-5.895726E+0
1.114497E+3	8.770940E+0
1.114733E+3	1.042735E-1
1.114969E+3	1.377094E+1
