1.951292E+2	0.000000E+0
1.953960E+2	0.000000E+0
1.956629E+2	0.000000E+0
1.959298E+2	0.000000E+0
1.961966E+2	0.000000E+0
1.964635E+2	0.000000E+0
1.967303E+2	0.000000E+0
1.969972E+2	0.000000E+0
1.972640E+2	0.000000E+0
1.975308E+2	0.000000E+0
1.977977E+2	0.000000E+0
1.980645E+2	0.000000E+0
1.983313E+2	0.000000E+0
1.985981E+2	0.000000E+0
1.988649E+2	0.000000E+0
1.991316E+2	0.000000E+0
1.993984E+2	0.000000E+0
1.996652E+2	0.000000E+0
1.999320E+2	0.000000E+0
2.001987E+2	0.000000E+0
2.004655E+2	0.000000E+0
2.007322E+2	0.000000E+0
2.009989E+2	0.000000E+0
2.012657E+2	0.000000E+0
2.015324E+2	0.000000E+0
2.017991E+2	0.000000E+0
2.020658E+2	0.000000E+0
2.023325E+2	0.000000E+0
2.025992E+2	0.000000E+0
2.028659E+2	0.000000E+0
2.031326E+2	0.000000E+0
2.033992E+2	0.000000E+0
2.036659E+2	0.000000E+0
2.039325E+2	0.000000E+0
2.041992E+2	0.000000E+0
2.044658E+2	0.000000E+0
2.047325E+2	0.000000E+0
2.049991E+2	0.000000E+0
2.052657E+2	0.000000E+0
2.055323E+2	0.000000E+0
2.057989E+2	0.000000E+0
2.060655E+2	0.000000E+0
2.063321E+2	0.000000E+0
2.065987E+2	0.000000E+0
2.068653E+2	0.000000E+0
2.071319E+2	0.000000E+0
2.073984E+2	0.000000E+0
2.076650E+2	0.000000E+0
2.079315E+2	0.000000E+0
2.081981E+2	0.000000E+0
2.084646E+2	0.000000E+0
2.087311E+2	0.000000E+0
2.089977E+2	0.000000E+0
2.092642E+2	0.000000E+0
2.095307E+2	0.000000E+0
2.097972E+2	0.000000E+0
2.100637E+2	0.000000E+0
2.103302E+2	0.000000E+0
2.105966E+2	0.000000E+0
2.108631E+2	0.000000E+0
2.111296E+2	0.000000E+0
2.113960E+2	0.000000E+0
2.116625E+2	0.000000E+0
2.119289E+2	0.000000E+0
2.121954E+2	0.000000E+0
2.124618E+2	0.000000E+0
2.127282E+2	0.000000E+0
2.129946E+2	0.000000E+0
2.132610E+2	0.000000E+0
2.135274E+2	0.000000E+0
2.137938E+2	0.000000E+0
2.140602E+2	0.000000E+0
2.143266E+2	0.000000E+0
2.145930E+2	0.000000E+0
2.148593E+2	0.000000E+0
2.151257E+2	0.000000E+0
2.153920E+2	0.000000E+0
2.156584E+2	0.000000E+0
2.159247E+2	0.000000E+0
2.161910E+2	0.000000E+0
2.164574E+2	0.000000E+0
2.167237E+2	0.000000E+0
2.169900E+2	0.000000E+0
2.172563E+2	0.000000E+0
2.175226E+2	0.000000E+0
2.177889E+2	0.000000E+0
2.180551E+2	0.000000E+0
2.183214E+2	0.000000E+0
2.185877E+2	0.000000E+0
2.188539E+2	0.000000E+0
2.191202E+2	0.000000E+0
2.193864E+2	0.000000E+0
2.196527E+2	0.000000E+0
2.199189E+2	0.000000E+0
2.201851E+2	0.000000E+0
2.204513E+2	0.000000E+0
2.207175E+2	0.000000E+0
2.209837E+2	0.000000E+0
2.212499E+2	0.000000E+0
2.215161E+2	0.000000E+0
2.217823E+2	0.000000E+0
2.220485E+2	0.000000E+0
2.223146E+2	0.000000E+0
2.225808E+2	0.000000E+0
2.228469E+2	0.000000E+0
2.231131E+2	0.000000E+0
2.233792E+2	0.000000E+0
2.236453E+2	0.000000E+0
2.239115E+2	0.000000E+0
2.241776E+2	0.000000E+0
2.244437E+2	0.000000E+0
2.247098E+2	0.000000E+0
2.249759E+2	0.000000E+0
2.252420E+2	0.000000E+0
2.255080E+2	0.000000E+0
2.257741E+2	0.000000E+0
2.260402E+2	0.000000E+0
2.263062E+2	0.000000E+0
2.265723E+2	0.000000E+0
2.268383E+2	0.000000E+0
2.271044E+2	0.000000E+0
2.273704E+2	0.000000E+0
2.276364E+2	0.000000E+0
2.279024E+2	0.000000E+0
2.281684E+2	0.000000E+0
2.284344E+2	0.000000E+0
2.287004E+2	0.000000E+0
2.289664E+2	0.000000E+0
2.292324E+2	0.000000E+0
2.294984E+2	0.000000E+0
2.297643E+2	0.000000E+0
2.300303E+2	0.000000E+0
2.302962E+2	0.000000E+0
2.305622E+2	0.000000E+0
2.308281E+2	0.000000E+0
2.310940E+2	0.000000E+0
2.313599E+2	0.000000E+0
2.316259E+2	0.000000E+0
2.318918E+2	0.000000E+0
2.321577E+2	0.000000E+0
2.324236E+2	0.000000E+0
2.326894E+2	0.000000E+0
2.329553E+2	0.000000E+0
2.332212E+2	0.000000E+0
2.334871E+2	0.000000E+0
2.337529E+2	0.000000E+0
2.340188E+2	0.000000E+0
2.342846E+2	0.000000E+0
2.345504E+2	0.000000E+0
2.348163E+2	0.000000E+0
2.350821E+2	0.000000E+0
2.353479E+2	0.000000E+0
2.356137E+2	0.000000E+0
2.358795E+2	0.000000E+0
2.361453E+2	0.000000E+0
2.364111E+2	0.000000E+0
2.366769E+2	0.000000E+0
2.369426E+2	0.000000E+0
2.372084E+2	0.000000E+0
2.374741E+2	0.000000E+0
2.377399E+2	0.000000E+0
2.380056E+2	0.000000E+0
2.382714E+2	0.000000E+0
2.385371E+2	0.000000E+0
2.388028E+2	0.000000E+0
2.390685E+2	0.000000E+0
2.393342E+2	0.000000E+0
2.395999E+2	0.000000E+0
2.398656E+2	0.000000E+0
2.401313E+2	0.000000E+0
2.403970E+2	0.000000E+0
2.406626E+2	0.000000E+0
2.409283E+2	0.000000E+0
2.411940E+2	0.000000E+0
2.414596E+2	0.000000E+0
2.417252E+2	0.000000E+0
2.419909E+2	0.000000E+0
2.422565E+2	0.000000E+0
2.425221E+2	0.000000E+0
2.427877E+2	0.000000E+0
2.430533E+2	0.000000E+0
2.433189E+2	0.000000E+0
2.435845E+2	0.000000E+0
2.438501E+2	0.000000E+0
2.441157E+2	0.000000E+0
2.443812E+2	0.000000E+0
2.446468E+2	0.000000E+0
2.449124E+2	0.000000E+0
2.451779E+2	0.000000E+0
2.454434E+2	0.000000E+0
2.457090E+2	0.000000E+0
2.459745E+2	0.000000E+0
2.462400E+2	0.000000E+0
2.465055E+2	0.000000E+0
2.467710E+2	0.000000E+0
2.470365E+2	0.000000E+0
2.473020E+2	0.000000E+0
2.475675E+2	0.000000E+0
2.478330E+2	0.000000E+0
2.480984E+2	0.000000E+0
2.483639E+2	0.000000E+0
2.486294E+2	0.000000E+0
2.488948E+2	0.000000E+0
2.491602E+2	0.000000E+0
2.494257E+2	0.000000E+0
2.496911E+2	0.000000E+0
2.499565E+2	0.000000E+0
2.502219E+2	3.466919E+0
2.504873E+2	3.166372E+0
2.507527E+2	3.139050E+0
2.510181E+2	3.117192E+0
2.512835E+2	3.188230E+0
2.515489E+2	3.095334E+0
2.518142E+2	3.193695E+0
2.520796E+2	3.548886E+0
2.523449E+2	3.865826E+0
2.526103E+2	4.106263E+0
2.528756E+2	4.139050E+0
2.531409E+2	3.953258E+0
2.534063E+2	4.231946E+0
2.536716E+2	4.789323E+0
2.539369E+2	4.898613E+0
2.542022E+2	5.423203E+0
2.544675E+2	5.450525E+0
2.547328E+2	5.379487E+0
2.549980E+2	5.450525E+0
2.552633E+2	5.401345E+0
2.555286E+2	5.559815E+0
2.557938E+2	5.368558E+0
2.560591E+2	5.865826E+0
2.563243E+2	6.122657E+0
2.565896E+2	6.171837E+0
2.568548E+2	6.231946E+0
2.571200E+2	6.182766E+0
2.573852E+2	6.379487E+0
2.576504E+2	6.685498E+0
2.579156E+2	6.718285E+0
2.581808E+2	6.663640E+0
2.584460E+2	6.685498E+0
2.587112E+2	6.833039E+0
2.589763E+2	6.762001E+0
2.592415E+2	6.658176E+0
2.595067E+2	6.942329E+0
2.597718E+2	6.991509E+0
2.600369E+2	7.166372E+0
2.603021E+2	7.281127E+0
2.605672E+2	7.674569E+0
2.608323E+2	7.658176E+0
2.610974E+2	7.559815E+0
2.613625E+2	7.341236E+0
2.616276E+2	7.128121E+0
2.618927E+2	7.024296E+0
2.621578E+2	6.996974E+0
2.624229E+2	6.871290E+0
2.626880E+2	6.996974E+0
2.629530E+2	7.002438E+0
2.632181E+2	6.663640E+0
2.634831E+2	6.565280E+0
2.637482E+2	6.652711E+0
2.640132E+2	6.537957E+0
2.642782E+2	6.532493E+0
2.645432E+2	6.428668E+0
2.648082E+2	6.527028E+0
2.650732E+2	6.341236E+0
2.653382E+2	6.313913E+0
2.656032E+2	6.166372E+0
2.658682E+2	6.193695E+0
2.661332E+2	6.106263E+0
2.663981E+2	6.046154E+0
2.666631E+2	6.057083E+0
2.669281E+2	5.980580E+0
2.671930E+2	5.690963E+0
2.674579E+2	5.363094E+0
2.677229E+2	5.472383E+0
2.679878E+2	5.740143E+0
2.682527E+2	5.439596E+0
2.685176E+2	4.942329E+0
2.687825E+2	4.701892E+0
2.690474E+2	4.756536E+0
2.693123E+2	4.838504E+0
2.695772E+2	4.778394E+0
2.698420E+2	4.532493E+0
2.701069E+2	4.363094E+0
2.703718E+2	4.128121E+0
2.706366E+2	3.947793E+0
2.709014E+2	3.860361E+0
2.711663E+2	3.778394E+0
2.714311E+2	3.576208E+0
2.716959E+2	3.357629E+0
2.719607E+2	3.264733E+0
2.722255E+2	2.811181E+0
2.724903E+2	2.658176E+0
2.727551E+2	2.587137E+0
2.730199E+2	2.641782E+0
2.732847E+2	2.674569E+0
2.735495E+2	2.505170E+0
2.738142E+2	2.100799E+0
2.740790E+2	2.302984E+0
2.743437E+2	2.292055E+0
2.746085E+2	2.297520E+0
2.748732E+2	2.242875E+0
2.751379E+2	2.281127E+0
2.754026E+2	2.292055E+0
2.756674E+2	2.166372E+0
2.759321E+2	2.149979E+0
2.761968E+2	1.723749E+0
2.764614E+2	1.581673E+0
2.767261E+2	1.417739E+0
2.769908E+2	1.352165E+0
2.772555E+2	1.330307E+0
2.775201E+2	1.587137E+0
2.777848E+2	1.723749E+0
2.780494E+2	1.669105E+0
2.783141E+2	1.647247E+0
2.785787E+2	1.800252E+0
2.788433E+2	1.527028E+0
2.791079E+2	1.428668E+0
2.793725E+2	1.264733E+0
2.796371E+2	1.286591E+0
2.799017E+2	1.018831E+0
2.801663E+2	9.423287E-1
2.804309E+2	9.204708E-1
2.806955E+2	8.439681E-1
2.809600E+2	4.778478E-1
2.812246E+2	7.073560E-1
2.814891E+2	6.581757E-1
2.817537E+2	8.548970E-1
2.820182E+2	9.204708E-1
2.822827E+2	9.587222E-1
2.825473E+2	1.095334E+0
2.828118E+2	9.204708E-1
2.830763E+2	8.494325E-1
2.833408E+2	9.259353E-1
2.836053E+2	1.029760E+0
2.838697E+2	1.144515E+0
2.841342E+2	7.510719E-1
2.843987E+2	1.007902E+0
2.846632E+2	1.144515E+0
2.849276E+2	1.341236E+0
2.851921E+2	1.270198E+0
2.854565E+2	1.346700E+0
2.857209E+2	1.390416E+0
2.859853E+2	1.297520E+0
2.862498E+2	1.253804E+0
2.865142E+2	1.166372E+0
2.867786E+2	1.499706E+0
2.870430E+2	1.477848E+0
2.873074E+2	1.286591E+0
2.875717E+2	1.231946E+0
2.878361E+2	9.915090E-1
2.881005E+2	1.018831E+0
2.883648E+2	1.057083E+0
2.886292E+2	9.095418E-1
2.888935E+2	1.078941E+0
2.891579E+2	9.204708E-1
2.894222E+2	9.751156E-1
2.896865E+2	1.226482E+0
2.899508E+2	1.516099E+0
2.902151E+2	1.472383E+0
2.904794E+2	1.592602E+0
2.907437E+2	1.543422E+0
2.910080E+2	1.477848E+0
2.912723E+2	1.537957E+0
2.915366E+2	1.756536E+0
2.918008E+2	1.838504E+0
2.920651E+2	1.800252E+0
2.923293E+2	2.046154E+0
2.925936E+2	2.057083E+0
2.928578E+2	2.007902E+0
2.931220E+2	1.805717E+0
2.933863E+2	1.690963E+0
2.936505E+2	1.723749E+0
2.939147E+2	1.745607E+0
2.941789E+2	1.718285E+0
2.944431E+2	1.608995E+0
2.947072E+2	1.658176E+0
2.949714E+2	1.619924E+0
2.952356E+2	1.729214E+0
2.954997E+2	1.986045E+0
2.957639E+2	1.920471E+0
2.960280E+2	2.002438E+0
2.962922E+2	1.942329E+0
2.965563E+2	1.854897E+0
2.968204E+2	1.685498E+0
2.970845E+2	1.964187E+0
2.973486E+2	1.647247E+0
2.976127E+2	1.559815E+0
2.978768E+2	1.488777E+0
2.981409E+2	1.395881E+0
2.984050E+2	1.204624E+0
2.986691E+2	1.177301E+0
2.989331E+2	1.313913E+0
2.991972E+2	1.286591E+0
2.994612E+2	1.237411E+0
2.997253E+2	1.106263E+0
2.999893E+2	9.696511E-1
3.002534E+2	1.024296E+0
3.005174E+2	8.275746E-1
3.007814E+2	7.456074E-1
3.010454E+2	5.598150E-1
3.013094E+2	5.051702E-1
3.015734E+2	4.614544E-1
3.018374E+2	3.794872E-1
3.021013E+2	3.576293E-1
3.023653E+2	4.013451E-1
3.026293E+2	5.160992E-1
3.028932E+2	4.559899E-1
3.031572E+2	6.417823E-1
3.034211E+2	7.510719E-1
3.036850E+2	8.330391E-1
3.039489E+2	1.221017E+0
3.042129E+2	1.242875E+0
3.044768E+2	1.390416E+0
3.047407E+2	1.505170E+0
3.050046E+2	1.193695E+0
3.052685E+2	1.242875E+0
3.055323E+2	1.346700E+0
3.057962E+2	1.144515E+0
3.060601E+2	1.308449E+0
3.063239E+2	1.204624E+0
3.065878E+2	1.188230E+0
3.068516E+2	1.160908E+0
3.071155E+2	1.106263E+0
3.073793E+2	1.018831E+0
3.076431E+2	7.182850E-1
3.079069E+2	6.144599E-1
3.081707E+2	7.401429E-1
3.084345E+2	9.805801E-1
3.086983E+2	9.641866E-1
3.089621E+2	1.029760E+0
3.092259E+2	1.089870E+0
3.094896E+2	1.368558E+0
3.097534E+2	1.117192E+0
3.100171E+2	1.117192E+0
3.102809E+2	1.210088E+0
3.105446E+2	1.324842E+0
3.108084E+2	1.253804E+0
3.110721E+2	1.374023E+0
3.113358E+2	1.450525E+0
3.115995E+2	1.565280E+0
3.118632E+2	1.488777E+0
3.121269E+2	1.406810E+0
3.123906E+2	1.494241E+0
3.126543E+2	1.505170E+0
3.129179E+2	1.696427E+0
3.131816E+2	1.614460E+0
3.134453E+2	1.767465E+0
3.137089E+2	1.865826E+0
3.139725E+2	1.898613E+0
3.142362E+2	1.625389E+0
3.144998E+2	1.494241E+0
3.147634E+2	1.341236E+0
3.150270E+2	1.417739E+0
3.152906E+2	1.570744E+0
3.155542E+2	1.898613E+0
3.158178E+2	2.089870E+0
3.160814E+2	1.975116E+0
3.163450E+2	2.051618E+0
3.166086E+2	2.128121E+0
3.168721E+2	2.117192E+0
3.171357E+2	2.139050E+0
3.173992E+2	2.117192E+0
3.176627E+2	2.051618E+0
3.179263E+2	2.117192E+0
3.181898E+2	2.286591E+0
3.184533E+2	2.352165E+0
3.187168E+2	2.384952E+0
3.189803E+2	2.237411E+0
3.192438E+2	2.324842E+0
3.195073E+2	2.488777E+0
3.197708E+2	2.915006E+0
3.200342E+2	2.756536E+0
3.202977E+2	2.805717E+0
3.205612E+2	2.871290E+0
3.208246E+2	2.975116E+0
3.210881E+2	3.292055E+0
3.213515E+2	3.472383E+0
3.216149E+2	3.248340E+0
3.218783E+2	3.357629E+0
3.221417E+2	3.221017E+0
3.224051E+2	3.188230E+0
3.226685E+2	2.964187E+0
3.229319E+2	2.893148E+0
3.231953E+2	2.854897E+0
3.234587E+2	2.767465E+0
3.237221E+2	2.734678E+0
3.239854E+2	2.789323E+0
3.242488E+2	2.608995E+0
3.245121E+2	2.341236E+0
3.247754E+2	2.188230E+0
3.250388E+2	2.018831E+0
3.253021E+2	2.057083E+0
3.255654E+2	1.838504E+0
3.258287E+2	2.106263E+0
3.260920E+2	1.980580E+0
3.263553E+2	2.139050E+0
3.266186E+2	2.264733E+0
3.268819E+2	2.406810E+0
3.271451E+2	2.516099E+0
3.274084E+2	2.669105E+0
3.276717E+2	2.559815E+0
3.279349E+2	2.669105E+0
3.281981E+2	2.690963E+0
3.284614E+2	2.718285E+0
3.287246E+2	2.860361E+0
3.289878E+2	2.986045E+0
3.292510E+2	2.980580E+0
3.295142E+2	3.166372E+0
3.297774E+2	3.341236E+0
3.300406E+2	3.374023E+0
3.303038E+2	3.587137E+0
3.305670E+2	3.925935E+0
3.308301E+2	4.024296E+0
3.310933E+2	4.002438E+0
3.313564E+2	3.887684E+0
3.316196E+2	3.833039E+0
3.318827E+2	3.794788E+0
3.321458E+2	4.040689E+0
3.324089E+2	4.035225E+0
3.326721E+2	3.958722E+0
3.329352E+2	3.991509E+0
3.331983E+2	4.024296E+0
3.334614E+2	4.308449E+0
3.337244E+2	4.384952E+0
3.339875E+2	4.346700E+0
3.342506E+2	4.160908E+0
3.345136E+2	4.057083E+0
3.347767E+2	3.893148E+0
3.350397E+2	3.778394E+0
3.353028E+2	3.608995E+0
3.355658E+2	3.630853E+0
3.358288E+2	3.363094E+0
3.360918E+2	3.368558E+0
3.363548E+2	3.445061E+0
3.366178E+2	3.379487E+0
3.368808E+2	3.330307E+0
3.371438E+2	3.073476E+0
3.374068E+2	2.548886E+0
3.376698E+2	2.712821E+0
3.379327E+2	2.789323E+0
3.381957E+2	2.680034E+0
3.384586E+2	2.630853E+0
3.387216E+2	2.729214E+0
3.389845E+2	2.740143E+0
3.392474E+2	2.843968E+0
3.395103E+2	2.969651E+0
3.397733E+2	2.865826E+0
3.400362E+2	2.625389E+0
3.402990E+2	2.439596E+0
3.405619E+2	2.554351E+0
3.408248E+2	2.663640E+0
3.410877E+2	2.543422E+0
3.413506E+2	2.680034E+0
3.416134E+2	2.674569E+0
3.418763E+2	2.527028E+0
3.421391E+2	2.516099E+0
3.424019E+2	2.264733E+0
3.426648E+2	2.231946E+0
3.429276E+2	2.264733E+0
3.431904E+2	2.160908E+0
3.434532E+2	2.073476E+0
3.437160E+2	2.100799E+0
3.439788E+2	2.199159E+0
3.442416E+2	2.319378E+0
3.445043E+2	2.335771E+0
3.447671E+2	2.128121E+0
3.450299E+2	1.953258E+0
3.452926E+2	1.942329E+0
3.455554E+2	1.822110E+0
3.458181E+2	1.537957E+0
3.460808E+2	1.548886E+0
3.463436E+2	1.893148E+0
3.466063E+2	1.783859E+0
3.468690E+2	1.576208E+0
3.471317E+2	1.499706E+0
3.473944E+2	1.608995E+0
3.476570E+2	1.488777E+0
3.479197E+2	1.516099E+0
3.481824E+2	1.177301E+0
3.484451E+2	1.204624E+0
3.487077E+2	1.346700E+0
3.489704E+2	1.488777E+0
3.492330E+2	1.406810E+0
3.494956E+2	1.210088E+0
3.497582E+2	1.193695E+0
3.500209E+2	1.051618E+0
3.502835E+2	1.133586E+0
3.505461E+2	1.166372E+0
3.508087E+2	1.171837E+0
3.510713E+2	1.068012E+0
3.513338E+2	1.084405E+0
3.515964E+2	8.658260E-1
3.518590E+2	7.182850E-1
3.521215E+2	6.581757E-1
3.523841E+2	3.084489E-1
3.526466E+2	1.390500E-1
3.529091E+2	2.920555E-1
3.531717E+2	4.068096E-1
3.534342E+2	1.029760E+0
3.536967E+2	1.002438E+0
3.539592E+2	6.308533E-1
3.542217E+2	5.598150E-1
3.544842E+2	8.221101E-1
3.547467E+2	6.745691E-1
3.550091E+2	8.385036E-1
3.552716E+2	9.313997E-1
3.555341E+2	1.089870E+0
3.557965E+2	1.341236E+0
3.560590E+2	1.882219E+0
3.563214E+2	2.182766E+0
3.565838E+2	2.231946E+0
3.568462E+2	2.313913E+0
3.571086E+2	2.576208E+0
3.573711E+2	2.751072E+0
3.576335E+2	2.882219E+0
3.578958E+2	2.931400E+0
3.581582E+2	3.046154E+0
3.584206E+2	3.062547E+0
3.586830E+2	2.876755E+0
3.589453E+2	2.466919E+0
3.592077E+2	2.346700E+0
3.594700E+2	2.199159E+0
3.597324E+2	2.177301E+0
3.599947E+2	2.182766E+0
3.602570E+2	2.390416E+0
3.605193E+2	2.401345E+0
3.607816E+2	2.690963E+0
3.610439E+2	2.898613E+0
3.613062E+2	2.947793E+0
3.615685E+2	2.685498E+0
3.618308E+2	2.936864E+0
3.620930E+2	2.986045E+0
3.623553E+2	2.614460E+0
3.626176E+2	2.669105E+0
3.628798E+2	3.007902E+0
3.631420E+2	2.805717E+0
3.634043E+2	2.680034E+0
3.636665E+2	2.800252E+0
3.639287E+2	2.800252E+0
3.641909E+2	2.947793E+0
3.644531E+2	2.925935E+0
3.647153E+2	2.669105E+0
3.649775E+2	2.614460E+0
3.652397E+2	2.882219E+0
3.655018E+2	2.827575E+0
3.657640E+2	2.789323E+0
3.660262E+2	2.920471E+0
3.662883E+2	2.822110E+0
3.665505E+2	2.800252E+0
3.668126E+2	2.767465E+0
3.670747E+2	2.860361E+0
3.673368E+2	2.860361E+0
3.675989E+2	3.018831E+0
3.678610E+2	3.292055E+0
3.681231E+2	3.374023E+0
3.683852E+2	3.718285E+0
3.686473E+2	4.226482E+0
3.689094E+2	4.171837E+0
3.691714E+2	4.111728E+0
3.694335E+2	3.789323E+0
3.696955E+2	3.843968E+0
3.699576E+2	4.160908E+0
3.702196E+2	4.128121E+0
3.704816E+2	3.909542E+0
3.707437E+2	3.947793E+0
3.710057E+2	3.980580E+0
3.712677E+2	3.969651E+0
3.715297E+2	3.701892E+0
3.717917E+2	3.778394E+0
3.720536E+2	3.445061E+0
3.723156E+2	3.543422E+0
3.725776E+2	3.598066E+0
3.728395E+2	3.772930E+0
3.731015E+2	3.767465E+0
3.733634E+2	3.723749E+0
3.736254E+2	3.592602E+0
3.738873E+2	3.450525E+0
3.741492E+2	3.527028E+0
3.744111E+2	3.592602E+0
3.746730E+2	3.767465E+0
3.749349E+2	4.330307E+0
3.751968E+2	4.472383E+0
3.754587E+2	4.718285E+0
3.757206E+2	4.680034E+0
3.759824E+2	4.592602E+0
3.762443E+2	4.428668E+0
3.765061E+2	4.423203E+0
3.767680E+2	4.341236E+0
3.770298E+2	3.969651E+0
3.772916E+2	3.767465E+0
3.775535E+2	3.986045E+0
3.778153E+2	3.674569E+0
3.780771E+2	3.658176E+0
3.783389E+2	3.794788E+0
3.786007E+2	3.843968E+0
3.788624E+2	3.625389E+0
3.791242E+2	3.975116E+0
3.793860E+2	3.975116E+0
3.796477E+2	3.893148E+0
3.799095E+2	3.822110E+0
3.801712E+2	3.876755E+0
3.804330E+2	3.958722E+0
3.806947E+2	4.204624E+0
3.809564E+2	4.406810E+0
3.812181E+2	4.139050E+0
3.814798E+2	4.122657E+0
3.817415E+2	4.319378E+0
3.820032E+2	4.248340E+0
3.822649E+2	4.155443E+0
3.825266E+2	4.106263E+0
3.827883E+2	4.111728E+0
3.830499E+2	3.925935E+0
3.833116E+2	3.570744E+0
3.835732E+2	3.559815E+0
3.838348E+2	3.543422E+0
3.840965E+2	3.516099E+0
3.843581E+2	3.499706E+0
3.846197E+2	3.231946E+0
3.848813E+2	3.106263E+0
3.851429E+2	3.029760E+0
3.854045E+2	3.253804E+0
3.856661E+2	3.231946E+0
3.859277E+2	3.139050E+0
3.861892E+2	3.188230E+0
3.864508E+2	3.259269E+0
3.867124E+2	3.302984E+0
3.869739E+2	3.286591E+0
3.872354E+2	3.466919E+0
3.874970E+2	3.707356E+0
3.877585E+2	3.658176E+0
3.880200E+2	3.521564E+0
3.882815E+2	3.592602E+0
3.885430E+2	3.390416E+0
3.888045E+2	3.177301E+0
3.890660E+2	3.182766E+0
3.893275E+2	2.860361E+0
3.895889E+2	3.078941E+0
3.898504E+2	3.281127E+0
3.901118E+2	3.226482E+0
3.903733E+2	3.357629E+0
3.906347E+2	3.018831E+0
3.908962E+2	2.658176E+0
3.911576E+2	2.794788E+0
3.914190E+2	2.598066E+0
3.916804E+2	2.783859E+0
3.919418E+2	2.805717E+0
3.922032E+2	2.598066E+0
3.924646E+2	2.368558E+0
3.927260E+2	2.286591E+0
3.929873E+2	2.275662E+0
3.932487E+2	2.215553E+0
3.935100E+2	2.095334E+0
3.937714E+2	2.324842E+0
3.940327E+2	2.177301E+0
3.942941E+2	2.160908E+0
3.945554E+2	1.915006E+0
3.948167E+2	1.931400E+0
3.950780E+2	1.953258E+0
3.953393E+2	2.062547E+0
3.956006E+2	2.073476E+0
3.958619E+2	2.068012E+0
3.961232E+2	1.980580E+0
3.963844E+2	2.051618E+0
3.966457E+2	1.975116E+0
3.969069E+2	2.046154E+0
3.971682E+2	2.253804E+0
3.974294E+2	2.215553E+0
3.976907E+2	2.100799E+0
3.979519E+2	2.253804E+0
3.982131E+2	2.494241E+0
3.984743E+2	2.565280E+0
3.987355E+2	2.625389E+0
3.989967E+2	3.035225E+0
3.992579E+2	3.177301E+0
3.995191E+2	2.991509E+0
3.997802E+2	2.816646E+0
4.000414E+2	2.772930E+0
4.003025E+2	2.685498E+0
4.005637E+2	2.636318E+0
4.008248E+2	2.696427E+0
4.010860E+2	2.915006E+0
4.013471E+2	2.882219E+0
4.016082E+2	2.740143E+0
4.018693E+2	2.718285E+0
4.021304E+2	2.925935E+0
4.023915E+2	2.942329E+0
4.026526E+2	3.193695E+0
4.029137E+2	2.986045E+0
4.031747E+2	2.756536E+0
4.034358E+2	2.608995E+0
4.036968E+2	2.636318E+0
4.039579E+2	2.947793E+0
4.042189E+2	2.898613E+0
4.044800E+2	3.073476E+0
4.047410E+2	3.221017E+0
4.050020E+2	3.434132E+0
4.052630E+2	3.494241E+0
4.055240E+2	3.281127E+0
4.057850E+2	3.024296E+0
4.060460E+2	3.160908E+0
4.063070E+2	3.095334E+0
4.065679E+2	3.483312E+0
4.068289E+2	3.537957E+0
4.070898E+2	3.384952E+0
4.073508E+2	3.302984E+0
4.076117E+2	3.122657E+0
4.078727E+2	3.062547E+0
4.081336E+2	3.319378E+0
4.083945E+2	3.488777E+0
4.086554E+2	3.472383E+0
4.089163E+2	3.931400E+0
4.091772E+2	4.363094E+0
4.094381E+2	4.614460E+0
4.096990E+2	4.811181E+0
4.099598E+2	5.188230E+0
4.102207E+2	5.084405E+0
4.104815E+2	5.122657E+0
4.107424E+2	5.078941E+0
4.110032E+2	4.772930E+0
4.112640E+2	4.767465E+0
4.115249E+2	4.674569E+0
4.117857E+2	4.882219E+0
4.120465E+2	4.898613E+0
4.123073E+2	4.581673E+0
4.125681E+2	4.581673E+0
4.128289E+2	4.286591E+0
4.130896E+2	4.374023E+0
4.133504E+2	4.461454E+0
4.136112E+2	4.423203E+0
4.138719E+2	4.330307E+0
4.141327E+2	4.226482E+0
4.143934E+2	4.237411E+0
4.146541E+2	4.417739E+0
4.149149E+2	4.221017E+0
4.151756E+2	4.379487E+0
4.154363E+2	4.505170E+0
4.156970E+2	4.772930E+0
4.159577E+2	5.095334E+0
4.162184E+2	5.221017E+0
4.164790E+2	5.221017E+0
4.167397E+2	5.062547E+0
4.170004E+2	4.816646E+0
4.172610E+2	4.751072E+0
4.175217E+2	4.833039E+0
4.177823E+2	4.871290E+0
4.180429E+2	4.898613E+0
4.183035E+2	4.800252E+0
4.185642E+2	4.619924E+0
4.188248E+2	4.680034E+0
4.190854E+2	4.734678E+0
4.193459E+2	5.018831E+0
4.196065E+2	5.160908E+0
4.198671E+2	4.942329E+0
4.201277E+2	4.843968E+0
4.203882E+2	4.625389E+0
4.206488E+2	4.527028E+0
4.209093E+2	4.368558E+0
4.211699E+2	4.455990E+0
4.214304E+2	4.341236E+0
4.216909E+2	4.477848E+0
4.219514E+2	4.352165E+0
4.222119E+2	4.466919E+0
4.224724E+2	4.570744E+0
4.227329E+2	4.805717E+0
4.229934E+2	4.772930E+0
4.232539E+2	4.876755E+0
4.235143E+2	5.117192E+0
4.237748E+2	5.155443E+0
4.240352E+2	4.969651E+0
4.242957E+2	4.800252E+0
4.245561E+2	5.139050E+0
4.248166E+2	5.024296E+0
4.250770E+2	4.882219E+0
4.253374E+2	4.690963E+0
4.255978E+2	4.434132E+0
4.258582E+2	4.346700E+0
4.261186E+2	4.434132E+0
4.263790E+2	4.680034E+0
4.266393E+2	4.762001E+0
4.268997E+2	4.942329E+0
4.271600E+2	4.882219E+0
4.274204E+2	5.002438E+0
4.276807E+2	4.986045E+0
4.279411E+2	4.778394E+0
4.282014E+2	4.816646E+0
4.284617E+2	4.712821E+0
4.287220E+2	4.794788E+0
4.289823E+2	4.554351E+0
4.292426E+2	4.576208E+0
4.295029E+2	4.598066E+0
4.297632E+2	4.767465E+0
4.300235E+2	4.789323E+0
4.302837E+2	4.751072E+0
4.305440E+2	4.833039E+0
4.308042E+2	5.149979E+0
4.310645E+2	5.199159E+0
4.313247E+2	5.248340E+0
4.315849E+2	5.106263E+0
4.318451E+2	4.975116E+0
4.321054E+2	5.171837E+0
4.323656E+2	5.084405E+0
4.326258E+2	5.182766E+0
4.328859E+2	5.095334E+0
4.331461E+2	4.975116E+0
4.334063E+2	5.040689E+0
4.336665E+2	5.193695E+0
4.339266E+2	4.991509E+0
4.341868E+2	5.068012E+0
4.344469E+2	5.002438E+0
4.347070E+2	5.024296E+0
4.349671E+2	5.062547E+0
4.352273E+2	4.778394E+0
4.354874E+2	4.641782E+0
4.357475E+2	4.822110E+0
4.360076E+2	4.783859E+0
4.362677E+2	5.035225E+0
4.365277E+2	5.062547E+0
4.367878E+2	5.051618E+0
4.370479E+2	5.221017E+0
4.373079E+2	5.614460E+0
4.375680E+2	5.718285E+0
4.378280E+2	5.882219E+0
4.380880E+2	5.860361E+0
4.383480E+2	5.789323E+0
4.386081E+2	5.690963E+0
4.388681E+2	6.040689E+0
4.391281E+2	6.346700E+0
4.393881E+2	6.357629E+0
4.396480E+2	6.363094E+0
4.399080E+2	6.598066E+0
4.401680E+2	6.636318E+0
4.404279E+2	6.669105E+0
4.406879E+2	6.647247E+0
4.409478E+2	6.707356E+0
4.412078E+2	6.745607E+0
4.414677E+2	6.849433E+0
4.417276E+2	6.838504E+0
4.419875E+2	7.193695E+0
4.422474E+2	7.352165E+0
4.425073E+2	7.592602E+0
4.427672E+2	7.723749E+0
4.430271E+2	7.904077E+0
4.432870E+2	8.035225E+0
4.435469E+2	8.035225E+0
4.438067E+2	8.352165E+0
4.440666E+2	8.395881E+0
4.443264E+2	8.527028E+0
4.445862E+2	8.636318E+0
4.448461E+2	8.701892E+0
4.451059E+2	8.980580E+0
4.453657E+2	9.275662E+0
4.456255E+2	9.401345E+0
4.458853E+2	9.548886E+0
4.461451E+2	9.729214E+0
4.464049E+2	9.641782E+0
4.466646E+2	9.598066E+0
4.469244E+2	9.740143E+0
4.471842E+2	9.958722E+0
4.474439E+2	1.022102E+1
4.477036E+2	1.024834E+1
4.479634E+2	1.010626E+1
4.482231E+2	1.024288E+1
4.484828E+2	1.040135E+1
4.487425E+2	1.068550E+1
4.490022E+2	1.104069E+1
4.492619E+2	1.112266E+1
4.495216E+2	1.125380E+1
4.497813E+2	1.162539E+1
4.500410E+2	1.164725E+1
4.503006E+2	1.193686E+1
4.505603E+2	1.235763E+1
4.508199E+2	1.270189E+1
4.510796E+2	1.291501E+1
4.513392E+2	1.312812E+1
4.515988E+2	1.336309E+1
4.518584E+2	1.366910E+1
4.521180E+2	1.396419E+1
4.523776E+2	1.414451E+1
4.526372E+2	1.447785E+1
4.528968E+2	1.452703E+1
4.531564E+2	1.441227E+1
4.534160E+2	1.462539E+1
4.536755E+2	1.482211E+1
4.539351E+2	1.537402E+1
4.541946E+2	1.548331E+1
4.544541E+2	1.561446E+1
4.547137E+2	1.551063E+1
4.549732E+2	1.569643E+1
4.552327E+2	1.582757E+1
4.554922E+2	1.609533E+1
4.557517E+2	1.631391E+1
4.560112E+2	1.694233E+1
4.562707E+2	1.703522E+1
4.565302E+2	1.738495E+1
4.567896E+2	1.797512E+1
4.570491E+2	1.848331E+1
4.573085E+2	1.892594E+1
4.575680E+2	1.933031E+1
4.578274E+2	1.943413E+1
4.580868E+2	1.972375E+1
4.583463E+2	1.991501E+1
4.586057E+2	2.048331E+1
4.588651E+2	2.084943E+1
4.591245E+2	2.136309E+1
4.593838E+2	2.191501E+1
4.596432E+2	2.268003E+1
4.599026E+2	2.354342E+1
4.601620E+2	2.413359E+1
4.604213E+2	2.454889E+1
4.606807E+2	2.530845E+1
4.609400E+2	2.565271E+1
4.611993E+2	2.575654E+1
4.614587E+2	2.609533E+1
4.617180E+2	2.678386E+1
4.619773E+2	2.728113E+1
4.622366E+2	2.801883E+1
4.624959E+2	2.883850E+1
4.627552E+2	2.924288E+1
4.630144E+2	2.969096E+1
4.632737E+2	2.997512E+1
4.635330E+2	3.065271E+1
4.637922E+2	3.135763E+1
4.640515E+2	3.195326E+1
4.643107E+2	3.280025E+1
4.645699E+2	3.366364E+1
4.648292E+2	3.428659E+1
4.650884E+2	3.515544E+1
4.653476E+2	3.583850E+1
4.656068E+2	3.654342E+1
4.658660E+2	3.746145E+1
4.661251E+2	3.837402E+1
4.663843E+2	3.890954E+1
4.666435E+2	3.949424E+1
4.669026E+2	4.051610E+1
4.671618E+2	4.161992E+1
4.674209E+2	4.244506E+1
4.676801E+2	4.317730E+1
4.679392E+2	4.399151E+1
4.681983E+2	4.474561E+1
4.684574E+2	4.546145E+1
4.687165E+2	4.660353E+1
4.689756E+2	4.751063E+1
4.692347E+2	4.831938E+1
4.694938E+2	4.913905E+1
4.697529E+2	4.974014E+1
4.700119E+2	5.046692E+1
4.702710E+2	5.121009E+1
4.705300E+2	5.233031E+1
4.707891E+2	5.313905E+1
4.710481E+2	5.401337E+1
4.713071E+2	5.521009E+1
4.715661E+2	5.641774E+1
4.718252E+2	5.713359E+1
4.720842E+2	5.804069E+1
4.723431E+2	5.902976E+1
4.726021E+2	5.976747E+1
4.728611E+2	6.049424E+1
4.731201E+2	6.146692E+1
4.733790E+2	6.249971E+1
4.736380E+2	6.366364E+1
4.738969E+2	6.461992E+1
4.741559E+2	6.562539E+1
4.744148E+2	6.646692E+1
4.746737E+2	6.754342E+1
4.749326E+2	6.847785E+1
4.751915E+2	6.949971E+1
4.754504E+2	7.027566E+1
4.757093E+2	7.120462E+1
4.759682E+2	7.224834E+1
4.762271E+2	7.346145E+1
4.764859E+2	7.415544E+1
4.767448E+2	7.522102E+1
4.770037E+2	7.629206E+1
4.772625E+2	7.718277E+1
4.775213E+2	7.783850E+1
4.777802E+2	7.880025E+1
4.780390E+2	7.948878E+1
4.782978E+2	8.016091E+1
4.785566E+2	8.147238E+1
4.788154E+2	8.264178E+1
4.790742E+2	8.371828E+1
4.793329E+2	8.466364E+1
4.795917E+2	8.575107E+1
4.798505E+2	8.654889E+1
4.801092E+2	8.751063E+1
4.803680E+2	8.816091E+1
4.806267E+2	8.902976E+1
4.808854E+2	8.964178E+1
4.811442E+2	9.040135E+1
4.814029E+2	9.132484E+1
4.816616E+2	9.264725E+1
4.819203E+2	9.342867E+1
4.821790E+2	9.445599E+1
4.824377E+2	9.554889E+1
4.826963E+2	9.645053E+1
4.829550E+2	9.689315E+1
4.832137E+2	9.766910E+1
4.834723E+2	9.881665E+1
4.837310E+2	9.994779E+1
4.839896E+2	1.009533E+2
4.842482E+2	1.020844E+2
4.845068E+2	1.025926E+2
4.847655E+2	1.038768E+2
4.850241E+2	1.046309E+2
4.852827E+2	1.056254E+2
4.855412E+2	1.064013E+2
4.857998E+2	1.075434E+2
4.860584E+2	1.087675E+2
4.863170E+2	1.095653E+2
4.865755E+2	1.104888E+2
4.868341E+2	1.114833E+2
4.870926E+2	1.121008E+2
4.873511E+2	1.127675E+2
4.876097E+2	1.138604E+2
4.878682E+2	1.150407E+2
4.881267E+2	1.161336E+2
4.883852E+2	1.170298E+2
4.886437E+2	1.182319E+2
4.889022E+2	1.192811E+2
4.891606E+2	1.201500E+2
4.894191E+2	1.208768E+2
4.896776E+2	1.219587E+2
4.899360E+2	1.231554E+2
4.901945E+2	1.240735E+2
4.904529E+2	1.250243E+2
4.907113E+2	1.259478E+2
4.909697E+2	1.267675E+2
4.912282E+2	1.275762E+2
4.914866E+2	1.285544E+2
4.917450E+2	1.296309E+2
4.920034E+2	1.306145E+2
4.922617E+2	1.316691E+2
4.925201E+2	1.327019E+2
4.927785E+2	1.337675E+2
4.930368E+2	1.350298E+2
4.932952E+2	1.364123E+2
4.935535E+2	1.376800E+2
4.938118E+2	1.390571E+2
4.940702E+2	1.402593E+2
4.943285E+2	1.412538E+2
4.945868E+2	1.423358E+2
4.948451E+2	1.437292E+2
4.951034E+2	1.451227E+2
4.953617E+2	1.462921E+2
4.956200E+2	1.479259E+2
4.958782E+2	1.490407E+2
4.961365E+2	1.507401E+2
4.963947E+2	1.518986E+2
4.966530E+2	1.532593E+2
4.969112E+2	1.549150E+2
4.971694E+2	1.560625E+2
4.974277E+2	1.569697E+2
4.976859E+2	1.584615E+2
4.979441E+2	1.599806E+2
4.982023E+2	1.611718E+2
4.984605E+2	1.625926E+2
4.987187E+2	1.641773E+2
4.989768E+2	1.653084E+2
4.992350E+2	1.664724E+2
4.994931E+2	1.674833E+2
4.997513E+2	1.687401E+2
5.000094E+2	1.700899E+2
5.002676E+2	1.717675E+2
5.005257E+2	1.729041E+2
5.007838E+2	1.749423E+2
5.010419E+2	1.764341E+2
5.013000E+2	1.782921E+2
5.015581E+2	1.800407E+2
5.018162E+2	1.819697E+2
5.020743E+2	1.836418E+2
5.023323E+2	1.853303E+2
5.025904E+2	1.871718E+2
5.028485E+2	1.889369E+2
5.031065E+2	1.907675E+2
5.033645E+2	1.923522E+2
5.036226E+2	1.939806E+2
5.038806E+2	1.955981E+2
5.041386E+2	1.973030E+2
5.043966E+2	1.991828E+2
5.046546E+2	2.008221E+2
5.049126E+2	2.028658E+2
5.051706E+2	2.052429E+2
5.054285E+2	2.072921E+2
5.056865E+2	2.092593E+2
5.059445E+2	2.114669E+2
5.062024E+2	2.133904E+2
5.064604E+2	2.154888E+2
5.067183E+2	2.172921E+2
5.069762E+2	2.196964E+2
5.072341E+2	2.216636E+2
5.074920E+2	2.237784E+2
5.077499E+2	2.257893E+2
5.080078E+2	2.285270E+2
5.082657E+2	2.307456E+2
5.085236E+2	2.332593E+2
5.087815E+2	2.358057E+2
5.090393E+2	2.379970E+2
5.092972E+2	2.404724E+2
5.095550E+2	2.427401E+2
5.098129E+2	2.451063E+2
5.100707E+2	2.473904E+2
5.103285E+2	2.498604E+2
5.105863E+2	2.522866E+2
5.108441E+2	2.544451E+2
5.111019E+2	2.569751E+2
5.113597E+2	2.594724E+2
5.116175E+2	2.621664E+2
5.118753E+2	2.645762E+2
5.121330E+2	2.678003E+2
5.123908E+2	2.705762E+2
5.126485E+2	2.732265E+2
5.129063E+2	2.760789E+2
5.131640E+2	2.791500E+2
5.134217E+2	2.820571E+2
5.136794E+2	2.850625E+2
5.139371E+2	2.882866E+2
5.141948E+2	2.914942E+2
5.144525E+2	2.945817E+2
5.147102E+2	2.979205E+2
5.149679E+2	3.010899E+2
5.152256E+2	3.043522E+2
5.154832E+2	3.077784E+2
5.157409E+2	3.110352E+2
5.159985E+2	3.144287E+2
5.162562E+2	3.181609E+2
5.165138E+2	3.215981E+2
5.167714E+2	3.254997E+2
5.170290E+2	3.293522E+2
5.172866E+2	3.332156E+2
5.175442E+2	3.364997E+2
5.178018E+2	3.401828E+2
5.180594E+2	3.436964E+2
5.183170E+2	3.472210E+2
5.185745E+2	3.512265E+2
5.188321E+2	3.548877E+2
5.190896E+2	3.588166E+2
5.193472E+2	3.630625E+2
5.196047E+2	3.669970E+2
5.198622E+2	3.714669E+2
5.201197E+2	3.756254E+2
5.203772E+2	3.800407E+2
5.206347E+2	3.845489E+2
5.208922E+2	3.886746E+2
5.211497E+2	3.930680E+2
5.214072E+2	3.974451E+2
5.216646E+2	4.016199E+2
5.219221E+2	4.065161E+2
5.221795E+2	4.110188E+2
5.224370E+2	4.159423E+2
5.226944E+2	4.201828E+2
5.229519E+2	4.249587E+2
5.232093E+2	4.299478E+2
5.234667E+2	4.349970E+2
5.237241E+2	4.394341E+2
5.239815E+2	4.446964E+2
5.242389E+2	4.498057E+2
5.244962E+2	4.545216E+2
5.247536E+2	4.599369E+2
5.250110E+2	4.652101E+2
5.252683E+2	4.705598E+2
5.255257E+2	4.763412E+2
5.257830E+2	4.821172E+2
5.260403E+2	4.878166E+2
5.262977E+2	4.932046E+2
5.265550E+2	4.993795E+2
5.268123E+2	5.049314E+2
5.270696E+2	5.110298E+2
5.273269E+2	5.171609E+2
5.275841E+2	5.235489E+2
5.278414E+2	5.296254E+2
5.280987E+2	5.359915E+2
5.283559E+2	5.420516E+2
5.286132E+2	5.484560E+2
5.288704E+2	5.546527E+2
5.291276E+2	5.610188E+2
5.293849E+2	5.674396E+2
5.296421E+2	5.734724E+2
5.298993E+2	5.801882E+2
5.301565E+2	5.869205E+2
5.304137E+2	5.938385E+2
5.306709E+2	6.009697E+2
5.309280E+2	6.085544E+2
5.311852E+2	6.156090E+2
5.314424E+2	6.229205E+2
5.316995E+2	6.304997E+2
5.319567E+2	6.376418E+2
5.322138E+2	6.450407E+2
5.324709E+2	6.524724E+2
5.327280E+2	6.598330E+2
5.329852E+2	6.673303E+2
5.332423E+2	6.753576E+2
5.334994E+2	6.833686E+2
5.337564E+2	6.917729E+2
5.340135E+2	7.004123E+2
5.342706E+2	7.089369E+2
5.345276E+2	7.177620E+2
5.347847E+2	7.268986E+2
5.350417E+2	7.353467E+2
5.352988E+2	7.442702E+2
5.355558E+2	7.530243E+2
5.358128E+2	7.615926E+2
5.360698E+2	7.703030E+2
5.363269E+2	7.794505E+2
5.365839E+2	7.888221E+2
5.368408E+2	7.982647E+2
5.370978E+2	8.078877E+2
5.373548E+2	8.180134E+2
5.376118E+2	8.278986E+2
5.378687E+2	8.379587E+2
5.381257E+2	8.482538E+2
5.383826E+2	8.590462E+2
5.386395E+2	8.695762E+2
5.388965E+2	8.799697E+2
5.391534E+2	8.904013E+2
5.394103E+2	9.015817E+2
5.396672E+2	9.126199E+2
5.399241E+2	9.237074E+2
5.401810E+2	9.349697E+2
5.404378E+2	9.464451E+2
5.406947E+2	9.574997E+2
5.409516E+2	9.688931E+2
5.412084E+2	9.804177E+2
5.414653E+2	9.922975E+2
5.417221E+2	1.004653E+3
5.419789E+2	1.017445E+3
5.422357E+2	1.029423E+3
5.424925E+2	1.041822E+3
5.427493E+2	1.054379E+3
5.430061E+2	1.066986E+3
5.432629E+2	1.079636E+3
5.435197E+2	1.092582E+3
5.437765E+2	1.106013E+3
5.440332E+2	1.119702E+3
5.442900E+2	1.133183E+3
5.445467E+2	1.147139E+3
5.448035E+2	1.161287E+3
5.450602E+2	1.175358E+3
5.453169E+2	1.190128E+3
5.455736E+2	1.204117E+3
5.458303E+2	1.218576E+3
5.460870E+2	1.233117E+3
5.463437E+2	1.247762E+3
5.466004E+2	1.261992E+3
5.468571E+2	1.277363E+3
5.471137E+2	1.292833E+3
5.473704E+2	1.308221E+3
5.476270E+2	1.324194E+3
5.478837E+2	1.339910E+3
5.481403E+2	1.355358E+3
5.483969E+2	1.371035E+3
5.486535E+2	1.387352E+3
5.489101E+2	1.403806E+3
5.491667E+2	1.419975E+3
5.494233E+2	1.436986E+3
5.496799E+2	1.454128E+3
5.499365E+2	1.470926E+3
5.501931E+2	1.487740E+3
5.504496E+2	1.505106E+3
5.507062E+2	1.522795E+3
5.509627E+2	1.540177E+3
5.512192E+2	1.558379E+3
5.514758E+2	1.576412E+3
5.517323E+2	1.595188E+3
5.519888E+2	1.613095E+3
5.522453E+2	1.631625E+3
5.525018E+2	1.650341E+3
5.527583E+2	1.668926E+3
5.530147E+2	1.687822E+3
5.532712E+2	1.706696E+3
5.535277E+2	1.726609E+3
5.537841E+2	1.746150E+3
5.540406E+2	1.765910E+3
5.542970E+2	1.785620E+3
5.545534E+2	1.805713E+3
5.548098E+2	1.826221E+3
5.550663E+2	1.846451E+3
5.553227E+2	1.867128E+3
5.555791E+2	1.888385E+3
5.558354E+2	1.909899E+3
5.560918E+2	1.931434E+3
5.563482E+2	1.954084E+3
5.566046E+2	1.976483E+3
5.568609E+2	1.998456E+3
5.571173E+2	2.020767E+3
5.573736E+2	2.043658E+3
5.576299E+2	2.066461E+3
5.578862E+2	2.089778E+3
5.581426E+2	2.113117E+3
5.583989E+2	2.136030E+3
5.586552E+2	2.160002E+3
5.589114E+2	2.183675E+3
5.591677E+2	2.207822E+3
5.594240E+2	2.232035E+3
5.596803E+2	2.256145E+3
5.599365E+2	2.281090E+3
5.601928E+2	2.306554E+3
5.604490E+2	2.331800E+3
5.607052E+2	2.357063E+3
5.609614E+2	2.382675E+3
5.612177E+2	2.408953E+3
5.614739E+2	2.435052E+3
5.617301E+2	2.461489E+3
5.619863E+2	2.488248E+3
5.622424E+2	2.515685E+3
5.624986E+2	2.542221E+3
5.627548E+2	2.569358E+3
5.630109E+2	2.596899E+3
5.632671E+2	2.624647E+3
5.635232E+2	2.652401E+3
5.637794E+2	2.681270E+3
5.640355E+2	2.710407E+3
5.642916E+2	2.739194E+3
5.645477E+2	2.768407E+3
5.648038E+2	2.797937E+3
5.650599E+2	2.827013E+3
5.653160E+2	2.856451E+3
5.655721E+2	2.886855E+3
5.658281E+2	2.917773E+3
5.660842E+2	2.948571E+3
5.663402E+2	2.979505E+3
5.665963E+2	3.010981E+3
5.668523E+2	3.041953E+3
5.671083E+2	3.074549E+3
5.673644E+2	3.106773E+3
5.676204E+2	3.138981E+3
5.678764E+2	3.171052E+3
5.681324E+2	3.203915E+3
5.683883E+2	3.237478E+3
5.686443E+2	3.270860E+3
5.689003E+2	3.305106E+3
5.691562E+2	3.338461E+3
5.694122E+2	3.373008E+3
5.696681E+2	3.407604E+3
5.699241E+2	3.442472E+3
5.701800E+2	3.477625E+3
5.704359E+2	3.512778E+3
5.706918E+2	3.548707E+3
5.709477E+2	3.584194E+3
5.712036E+2	3.619718E+3
5.714595E+2	3.656926E+3
5.717154E+2	3.693735E+3
5.719713E+2	3.729757E+3
5.722271E+2	3.765986E+3
5.724830E+2	3.803522E+3
5.727388E+2	3.840412E+3
5.729947E+2	3.877642E+3
5.732505E+2	3.915445E+3
5.735063E+2	3.952549E+3
5.737621E+2	3.991472E+3
5.740179E+2	4.029806E+3
5.742737E+2	4.068833E+3
5.745295E+2	4.108352E+3
5.747853E+2	4.147172E+3
5.750411E+2	4.186527E+3
5.752968E+2	4.226680E+3
5.755526E+2	4.267068E+3
5.758083E+2	4.306232E+3
5.760641E+2	4.347024E+3
5.763198E+2	4.388379E+3
5.765755E+2	4.429363E+3
5.768312E+2	4.470910E+3
5.770869E+2	4.512319E+3
5.773426E+2	4.553565E+3
5.775983E+2	4.594653E+3
5.778540E+2	4.635931E+3
5.781097E+2	4.679068E+3
5.783653E+2	4.722112E+3
5.786210E+2	4.764948E+3
5.788766E+2	4.807893E+3
5.791323E+2	4.850948E+3
5.793879E+2	4.894582E+3
5.796435E+2	4.937642E+3
5.798991E+2	4.981795E+3
5.801547E+2	5.024888E+3
5.804103E+2	5.068811E+3
5.806659E+2	5.112325E+3
5.809215E+2	5.156817E+3
5.811771E+2	5.201451E+3
5.814327E+2	5.246177E+3
5.816882E+2	5.290139E+3
5.819438E+2	5.334707E+3
5.821993E+2	5.379571E+3
5.824548E+2	5.423926E+3
5.827104E+2	5.468604E+3
5.829659E+2	5.514139E+3
5.832214E+2	5.559314E+3
5.834769E+2	5.605696E+3
5.837324E+2	5.650658E+3
5.839878E+2	5.696341E+3
5.842433E+2	5.741904E+3
5.844988E+2	5.786931E+3
5.847542E+2	5.832746E+3
5.850097E+2	5.878270E+3
5.852651E+2	5.923817E+3
5.855206E+2	5.969817E+3
5.857760E+2	6.015500E+3
5.860314E+2	6.061259E+3
5.862868E+2	6.106106E+3
5.865422E+2	6.151937E+3
5.867976E+2	6.199330E+3
5.870530E+2	6.245440E+3
5.873084E+2	6.291429E+3
5.875637E+2	6.337254E+3
5.878191E+2	6.384008E+3
5.880744E+2	6.430401E+3
5.883298E+2	6.477691E+3
5.885851E+2	6.523707E+3
5.888404E+2	6.569888E+3
5.890958E+2	6.617041E+3
5.893511E+2	6.662997E+3
5.896064E+2	6.709363E+3
5.898617E+2	6.754860E+3
5.901169E+2	6.801571E+3
5.903722E+2	6.847849E+3
5.906275E+2	6.895216E+3
5.908827E+2	6.942407E+3
5.911380E+2	6.987713E+3
5.913932E+2	7.034822E+3
5.916485E+2	7.080997E+3
5.919037E+2	7.128451E+3
5.921589E+2	7.174713E+3
5.924141E+2	7.220500E+3
5.926693E+2	7.266237E+3
5.929245E+2	7.313390E+3
5.931797E+2	7.361308E+3
5.934349E+2	7.407598E+3
5.936900E+2	7.453199E+3
5.939452E+2	7.500019E+3
5.942004E+2	7.545631E+3
5.944555E+2	7.591030E+3
5.947106E+2	7.637822E+3
5.949658E+2	7.683920E+3
5.952209E+2	7.732134E+3
5.954760E+2	7.777276E+3
5.957311E+2	7.823319E+3
5.959862E+2	7.870784E+3
5.962413E+2	7.918565E+3
5.964963E+2	7.963904E+3
5.967514E+2	8.009669E+3
5.970065E+2	8.055330E+3
5.972615E+2	8.103123E+3
5.975166E+2	8.149625E+3
5.977716E+2	8.196467E+3
5.980266E+2	8.244866E+3
5.982816E+2	8.290030E+3
5.985367E+2	8.335893E+3
5.987917E+2	8.382981E+3
5.990467E+2	8.428035E+3
5.993016E+2	8.474877E+3
5.995566E+2	8.521145E+3
5.998116E+2	8.566767E+3
6.000665E+2	8.613724E+3
6.003215E+2	8.658407E+3
6.005764E+2	8.704237E+3
6.008314E+2	8.749746E+3
6.010863E+2	8.795839E+3
6.013412E+2	8.840828E+3
6.015961E+2	8.886041E+3
6.018510E+2	8.932920E+3
6.021059E+2	8.978068E+3
6.023608E+2	9.021964E+3
6.026157E+2	9.064882E+3
6.028706E+2	9.108194E+3
6.031254E+2	9.151937E+3
6.033803E+2	9.194489E+3
6.036351E+2	9.236451E+3
6.038900E+2	9.279063E+3
6.041448E+2	9.321767E+3
6.043996E+2	9.364893E+3
6.046544E+2	9.407325E+3
6.049092E+2	9.448789E+3
6.051640E+2	9.491806E+3
6.054188E+2	9.534434E+3
6.056736E+2	9.574516E+3
6.059283E+2	9.615112E+3
6.061831E+2	9.653866E+3
6.064378E+2	9.693582E+3
6.066926E+2	9.734106E+3
6.069473E+2	9.773724E+3
6.072021E+2	9.812778E+3
6.074568E+2	9.848904E+3
6.077115E+2	9.886095E+3
6.079662E+2	9.923385E+3
6.082209E+2	9.960631E+3
6.084756E+2	9.995724E+3
6.087302E+2	1.003188E+4
6.089849E+2	1.006834E+4
6.092396E+2	1.010281E+4
6.094942E+2	1.013755E+4
6.097489E+2	1.017366E+4
6.100035E+2	1.020785E+4
6.102581E+2	1.024170E+4
6.105127E+2	1.027393E+4
6.107674E+2	1.030468E+4
6.110220E+2	1.033765E+4
6.112766E+2	1.037003E+4
6.115311E+2	1.039979E+4
6.117857E+2	1.042998E+4
6.120403E+2	1.045971E+4
6.122948E+2	1.048894E+4
6.125494E+2	1.051638E+4
6.128039E+2	1.054278E+4
6.130585E+2	1.056953E+4
6.133130E+2	1.059360E+4
6.135675E+2	1.061787E+4
6.138220E+2	1.064438E+4
6.140765E+2	1.066907E+4
6.143310E+2	1.069296E+4
6.145855E+2	1.071541E+4
6.148400E+2	1.073723E+4
6.150945E+2	1.075898E+4
6.153489E+2	1.078087E+4
6.156034E+2	1.079957E+4
6.158578E+2	1.082117E+4
6.161123E+2	1.084073E+4
6.163667E+2	1.085869E+4
6.166211E+2	1.087588E+4
6.168755E+2	1.089275E+4
6.171299E+2	1.091016E+4
6.173843E+2	1.092611E+4
6.176387E+2	1.094234E+4
6.178931E+2	1.095614E+4
6.181474E+2	1.097011E+4
6.184018E+2	1.098491E+4
6.186561E+2	1.099874E+4
6.189105E+2	1.101217E+4
6.191648E+2	1.102483E+4
6.194191E+2	1.103634E+4
6.196735E+2	1.104818E+4
6.199278E+2	1.105812E+4
6.201821E+2	1.106871E+4
6.204364E+2	1.107822E+4
6.206907E+2	1.108524E+4
6.209449E+2	1.109272E+4
6.211992E+2	1.110342E+4
6.214535E+2	1.110982E+4
6.217077E+2	1.111774E+4
6.219619E+2	1.112291E+4
6.222162E+2	1.112726E+4
6.224704E+2	1.113206E+4
6.227246E+2	1.113617E+4
6.229788E+2	1.114038E+4
6.232330E+2	1.114442E+4
6.234872E+2	1.114871E+4
6.237414E+2	1.115202E+4
6.239956E+2	1.115385E+4
6.242498E+2	1.115423E+4
6.245039E+2	1.115425E+4
6.247581E+2	1.115678E+4
6.250122E+2	1.115590E+4
6.252663E+2	1.115535E+4
6.255205E+2	1.115493E+4
6.257746E+2	1.115149E+4
6.260287E+2	1.114893E+4
6.262828E+2	1.114560E+4
6.265369E+2	1.114271E+4
6.267910E+2	1.113820E+4
6.270450E+2	1.113303E+4
6.272991E+2	1.112700E+4
6.275532E+2	1.112183E+4
6.278072E+2	1.111512E+4
6.280613E+2	1.110928E+4
6.283153E+2	1.110107E+4
6.285693E+2	1.109433E+4
6.288233E+2	1.108595E+4
6.290773E+2	1.107801E+4
6.293313E+2	1.106689E+4
6.295853E+2	1.105716E+4
6.298393E+2	1.104606E+4
6.300933E+2	1.103500E+4
6.303472E+2	1.102439E+4
6.306012E+2	1.101185E+4
6.308551E+2	1.099884E+4
6.311091E+2	1.098590E+4
6.313630E+2	1.097209E+4
6.316169E+2	1.095731E+4
6.318709E+2	1.094251E+4
6.321248E+2	1.092677E+4
6.323787E+2	1.091224E+4
6.326326E+2	1.089530E+4
6.328864E+2	1.087793E+4
6.331403E+2	1.086201E+4
6.333942E+2	1.084556E+4
6.336480E+2	1.082936E+4
6.339019E+2	1.081069E+4
6.341557E+2	1.079287E+4
6.344095E+2	1.077500E+4
6.346634E+2	1.075622E+4
6.349172E+2	1.073614E+4
6.351710E+2	1.071408E+4
6.354248E+2	1.069396E+4
6.356786E+2	1.067309E+4
6.359324E+2	1.065302E+4
6.361861E+2	1.063283E+4
6.364399E+2	1.061123E+4
6.366936E+2	1.058522E+4
6.369474E+2	1.056553E+4
6.372011E+2	1.054231E+4
6.374549E+2	1.052010E+4
6.377086E+2	1.049746E+4
6.379623E+2	1.047321E+4
6.382160E+2	1.044905E+4
6.384697E+2	1.042434E+4
6.387234E+2	1.040040E+4
6.389771E+2	1.037543E+4
6.392307E+2	1.035026E+4
6.394844E+2	1.032561E+4
6.397380E+2	1.030116E+4
6.399917E+2	1.027636E+4
6.402453E+2	1.025076E+4
6.404990E+2	1.022431E+4
6.407526E+2	1.019691E+4
6.410062E+2	1.016951E+4
6.412598E+2	1.014441E+4
6.415134E+2	1.011798E+4
6.417670E+2	1.009167E+4
6.420206E+2	1.006340E+4
6.422741E+2	1.003624E+4
6.425277E+2	1.001038E+4
6.427812E+2	9.984604E+3
6.430348E+2	9.957625E+3
6.432883E+2	9.931461E+3
6.435418E+2	9.904188E+3
6.437954E+2	9.878560E+3
6.440489E+2	9.851604E+3
6.443024E+2	9.824642E+3
6.445559E+2	9.797445E+3
6.448094E+2	9.772451E+3
6.450628E+2	9.744478E+3
6.453163E+2	9.719002E+3
6.455698E+2	9.694270E+3
6.458232E+2	9.667871E+3
6.460767E+2	9.642363E+3
6.463301E+2	9.617194E+3
6.465835E+2	9.593128E+3
6.468369E+2	9.567975E+3
6.470903E+2	9.543063E+3
6.473437E+2	9.518685E+3
6.475971E+2	9.494953E+3
6.478505E+2	9.469948E+3
6.481039E+2	9.446418E+3
6.483573E+2	9.422494E+3
6.486106E+2	9.398254E+3
6.488640E+2	9.374035E+3
6.491173E+2	9.350090E+3
6.493706E+2	9.325866E+3
6.496240E+2	9.301396E+3
6.498773E+2	9.278456E+3
6.501306E+2	9.254702E+3
6.503839E+2	9.233123E+3
6.506372E+2	9.211467E+3
6.508905E+2	9.189057E+3
6.511437E+2	9.166330E+3
6.513970E+2	9.144587E+3
6.516503E+2	9.122385E+3
6.519035E+2	9.101035E+3
6.521567E+2	9.081090E+3
6.524100E+2	9.058707E+3
6.526632E+2	9.038063E+3
6.529164E+2	9.017576E+3
6.531696E+2	8.998259E+3
6.534228E+2	8.979188E+3
6.536760E+2	8.959789E+3
6.539292E+2	8.941713E+3
6.541824E+2	8.923942E+3
6.544355E+2	8.905751E+3
6.546887E+2	8.888352E+3
6.549418E+2	8.872298E+3
6.551950E+2	8.854669E+3
6.554481E+2	8.836166E+3
6.557012E+2	8.817904E+3
6.559543E+2	8.801319E+3
6.562074E+2	8.784134E+3
6.564605E+2	8.768757E+3
6.567136E+2	8.753614E+3
6.569667E+2	8.738822E+3
6.572198E+2	8.722800E+3
6.574728E+2	8.707795E+3
6.577259E+2	8.692451E+3
6.579789E+2	8.678281E+3
6.582319E+2	8.662822E+3
6.584850E+2	8.649593E+3
6.587380E+2	8.636401E+3
6.589910E+2	8.624024E+3
6.592440E+2	8.611221E+3
6.594970E+2	8.597019E+3
6.597500E+2	8.587467E+3
6.600030E+2	8.574150E+3
6.602559E+2	8.562822E+3
6.605089E+2	8.552817E+3
6.607618E+2	8.540019E+3
6.610148E+2	8.529970E+3
6.612677E+2	8.518757E+3
6.615206E+2	8.508232E+3
6.617736E+2	8.497735E+3
6.620265E+2	8.486970E+3
6.622794E+2	8.475953E+3
6.625323E+2	8.465276E+3
6.627851E+2	8.454429E+3
6.630380E+2	8.444532E+3
6.632909E+2	8.435543E+3
6.635437E+2	8.426598E+3
6.637966E+2	8.416057E+3
6.640494E+2	8.405265E+3
6.643023E+2	8.396871E+3
6.645551E+2	8.386177E+3
6.648079E+2	8.377248E+3
6.650607E+2	8.368030E+3
6.653135E+2	8.358522E+3
6.655663E+2	8.350500E+3
6.658191E+2	8.340073E+3
6.660718E+2	8.332128E+3
6.663246E+2	8.324538E+3
6.665774E+2	8.318008E+3
6.668301E+2	8.309713E+3
6.670828E+2	8.304767E+3
6.673356E+2	8.297702E+3
6.675883E+2	8.290931E+3
6.678410E+2	8.284822E+3
6.680937E+2	8.277713E+3
6.683464E+2	8.271953E+3
6.685991E+2	8.265248E+3
6.688518E+2	8.258811E+3
6.691044E+2	8.251691E+3
6.693571E+2	8.245002E+3
6.696098E+2	8.237106E+3
6.698624E+2	8.228472E+3
6.701150E+2	8.220287E+3
6.703677E+2	8.211839E+3
6.706203E+2	8.203161E+3
6.708729E+2	8.194696E+3
6.711255E+2	8.185554E+3
6.713781E+2	8.177112E+3
6.716307E+2	8.168145E+3
6.718832E+2	8.158849E+3
6.721358E+2	8.147642E+3
6.723884E+2	8.138379E+3
6.726409E+2	8.129363E+3
6.728935E+2	8.119997E+3
6.731460E+2	8.112063E+3
6.733985E+2	8.104046E+3
6.736510E+2	8.097079E+3
6.739035E+2	8.088915E+3
6.741560E+2	8.082134E+3
6.744085E+2	8.075134E+3
6.746610E+2	8.068183E+3
6.749135E+2	8.062849E+3
6.751660E+2	8.056429E+3
6.754184E+2	8.050494E+3
6.756709E+2	8.043593E+3
6.759233E+2	8.034986E+3
6.761757E+2	8.028483E+3
6.764282E+2	8.020369E+3
6.766806E+2	8.011904E+3
6.769330E+2	8.002904E+3
6.771854E+2	7.992538E+3
6.774378E+2	7.981396E+3
6.776901E+2	7.970762E+3
6.779425E+2	7.959707E+3
6.781949E+2	7.948604E+3
6.784472E+2	7.936959E+3
6.786996E+2	7.923964E+3
6.789519E+2	7.910199E+3
6.792042E+2	7.898155E+3
6.794566E+2	7.885571E+3
6.797089E+2	7.872166E+3
6.799612E+2	7.862166E+3
6.802135E+2	7.851418E+3
6.804657E+2	7.840778E+3
6.807180E+2	7.829926E+3
6.809703E+2	7.820571E+3
6.812226E+2	7.812593E+3
6.814748E+2	7.803724E+3
6.817270E+2	7.794073E+3
6.819793E+2	7.782986E+3
6.822315E+2	7.773183E+3
6.824837E+2	7.762139E+3
6.827359E+2	7.753319E+3
6.829881E+2	7.745155E+3
6.832403E+2	7.736418E+3
6.834925E+2	7.728549E+3
6.837447E+2	7.717833E+3
6.839968E+2	7.707461E+3
6.842490E+2	7.695341E+3
6.845011E+2	7.683986E+3
6.847533E+2	7.671298E+3
6.850054E+2	7.658505E+3
6.852575E+2	7.645735E+3
6.855097E+2	7.632817E+3
6.857618E+2	7.619494E+3
6.860139E+2	7.605953E+3
6.862659E+2	7.594675E+3
6.865180E+2	7.582554E+3
6.867701E+2	7.568724E+3
6.870222E+2	7.556358E+3
6.872742E+2	7.544379E+3
6.875263E+2	7.533636E+3
6.877783E+2	7.521986E+3
6.880303E+2	7.511724E+3
6.882823E+2	7.503177E+3
6.885343E+2	7.494216E+3
6.887864E+2	7.484259E+3
6.890383E+2	7.474986E+3
6.892903E+2	7.465920E+3
6.895423E+2	7.455669E+3
6.897943E+2	7.446828E+3
6.900462E+2	7.437265E+3
6.902982E+2	7.428145E+3
6.905501E+2	7.417789E+3
6.908021E+2	7.409762E+3
6.910540E+2	7.399789E+3
6.913059E+2	7.391013E+3
6.915578E+2	7.379500E+3
6.918097E+2	7.367795E+3
6.920616E+2	7.357910E+3
6.923135E+2	7.346489E+3
6.925654E+2	7.336445E+3
6.928172E+2	7.326620E+3
6.930691E+2	7.316183E+3
6.933209E+2	7.305369E+3
6.935728E+2	7.295543E+3
6.938246E+2	7.284117E+3
6.940764E+2	7.274079E+3
6.943282E+2	7.263352E+3
6.945800E+2	7.252866E+3
6.948318E+2	7.242194E+3
6.950836E+2	7.230735E+3
6.953354E+2	7.219199E+3
6.955872E+2	7.207762E+3
6.958389E+2	7.197194E+3
6.960907E+2	7.186314E+3
6.963424E+2	7.174390E+3
6.965942E+2	7.162472E+3
6.968459E+2	7.151839E+3
6.970976E+2	7.142101E+3
6.973493E+2	7.133407E+3
6.976010E+2	7.124844E+3
6.978527E+2	7.116013E+3
6.981044E+2	7.106134E+3
6.983561E+2	7.096073E+3
6.986077E+2	7.085751E+3
6.988594E+2	7.074920E+3
6.991110E+2	7.065101E+3
6.993627E+2	7.055155E+3
6.996143E+2	7.045713E+3
6.998659E+2	7.035281E+3
7.001175E+2	7.025718E+3
7.003692E+2	7.016030E+3
7.006207E+2	7.005904E+3
7.008723E+2	6.994942E+3
7.011239E+2	6.983434E+3
7.013755E+2	6.972631E+3
7.016271E+2	6.959287E+3
7.018786E+2	6.946718E+3
7.021302E+2	6.933505E+3
7.023817E+2	6.920325E+3
7.026332E+2	6.906609E+3
7.028847E+2	6.892839E+3
7.031362E+2	6.878532E+3
7.033878E+2	6.864390E+3
7.036392E+2	6.848669E+3
7.038907E+2	6.833199E+3
7.041422E+2	6.817554E+3
7.043937E+2	6.802155E+3
7.046451E+2	6.787358E+3
7.048966E+2	6.771893E+3
7.051480E+2	6.756396E+3
7.053995E+2	6.741844E+3
7.056509E+2	6.727560E+3
7.059023E+2	6.714877E+3
7.061537E+2	6.701959E+3
7.064051E+2	6.688817E+3
7.066565E+2	6.676292E+3
7.069079E+2	6.666860E+3
7.071593E+2	6.655740E+3
7.074106E+2	6.645358E+3
7.076620E+2	6.636205E+3
7.079133E+2	6.625472E+3
7.081647E+2	6.615276E+3
7.084160E+2	6.605587E+3
7.086673E+2	6.595981E+3
7.089186E+2	6.585500E+3
7.091699E+2	6.574358E+3
7.094212E+2	6.563248E+3
7.096725E+2	6.551964E+3
7.099238E+2	6.539767E+3
7.101751E+2	6.526303E+3
7.104263E+2	6.513920E+3
7.106776E+2	6.499981E+3
7.109288E+2	6.485538E+3
7.111800E+2	6.469587E+3
7.114313E+2	6.453379E+3
7.116825E+2	6.436467E+3
7.119337E+2	6.420789E+3
7.121849E+2	6.403281E+3
7.124361E+2	6.384582E+3
7.126873E+2	6.367390E+3
7.129384E+2	6.349953E+3
7.131896E+2	6.334013E+3
7.134408E+2	6.317571E+3
7.136919E+2	6.301948E+3
7.139430E+2	6.287035E+3
7.141942E+2	6.274166E+3
7.144453E+2	6.262347E+3
7.146964E+2	6.251642E+3
7.149475E+2	6.243188E+3
7.151986E+2	6.236767E+3
7.154497E+2	6.230259E+3
7.157008E+2	6.223735E+3
7.159518E+2	6.218685E+3
7.162029E+2	6.214664E+3
7.164540E+2	6.211500E+3
7.167050E+2	6.206718E+3
7.169560E+2	6.204522E+3
7.172071E+2	6.200396E+3
7.174581E+2	6.197128E+3
7.177091E+2	6.192729E+3
7.179601E+2	6.186926E+3
7.182111E+2	6.180292E+3
7.184621E+2	6.171948E+3
7.187130E+2	6.162390E+3
7.189640E+2	6.153243E+3
7.192150E+2	6.141598E+3
7.194659E+2	6.130554E+3
7.197169E+2	6.117456E+3
7.199678E+2	6.104440E+3
7.202187E+2	6.090461E+3
7.204696E+2	6.076423E+3
7.207205E+2	6.061986E+3
7.209714E+2	6.048363E+3
7.212223E+2	6.034920E+3
7.214732E+2	6.021685E+3
7.217241E+2	6.011997E+3
7.219749E+2	6.003090E+3
7.222258E+2	5.994079E+3
7.224766E+2	5.989347E+3
7.227274E+2	5.985232E+3
7.229783E+2	5.983456E+3
7.232291E+2	5.984369E+3
7.234799E+2	5.988106E+3
7.237307E+2	5.993532E+3
7.239815E+2	6.000489E+3
7.242323E+2	6.007970E+3
7.244830E+2	6.017828E+3
7.247338E+2	6.027953E+3
7.249846E+2	6.038401E+3
7.252353E+2	6.050461E+3
7.254861E+2	6.062150E+3
7.257368E+2	6.073298E+3
7.259875E+2	6.082631E+3
7.262382E+2	6.092374E+3
7.264889E+2	6.100773E+3
7.267396E+2	6.108205E+3
7.269903E+2	6.115117E+3
7.272410E+2	6.119270E+3
7.274917E+2	6.123155E+3
7.277423E+2	6.126298E+3
7.279930E+2	6.127920E+3
7.282436E+2	6.129920E+3
7.284942E+2	6.129308E+3
7.287449E+2	6.130429E+3
7.289955E+2	6.131964E+3
7.292461E+2	6.133374E+3
7.294967E+2	6.134347E+3
7.297473E+2	6.136418E+3
7.299979E+2	6.137112E+3
7.302484E+2	6.138358E+3
7.304990E+2	6.139429E+3
7.307496E+2	6.141986E+3
7.310001E+2	6.145407E+3
7.312507E+2	6.151964E+3
7.315012E+2	6.159855E+3
7.317517E+2	6.171942E+3
7.320022E+2	6.190445E+3
7.322527E+2	6.213330E+3
7.325032E+2	6.242981E+3
7.327537E+2	6.276145E+3
7.330042E+2	6.311664E+3
7.332547E+2	6.349385E+3
7.335051E+2	6.390379E+3
7.337556E+2	6.436560E+3
7.340060E+2	6.491008E+3
7.342564E+2	6.553975E+3
7.345069E+2	6.621467E+3
7.347573E+2	6.685658E+3
7.350077E+2	6.742390E+3
7.352581E+2	6.785740E+3
7.355085E+2	6.828385E+3
7.357589E+2	6.882314E+3
7.360092E+2	6.957226E+3
7.362596E+2	7.052910E+3
7.365100E+2	7.157281E+3
7.367603E+2	7.258538E+3
7.370106E+2	7.350937E+3
7.372610E+2	7.430068E+3
7.375113E+2	7.500986E+3
7.377616E+2	7.569002E+3
7.380119E+2	7.643041E+3
7.382622E+2	7.725910E+3
7.385125E+2	7.818418E+3
7.387628E+2	7.913237E+3
7.390130E+2	8.011112E+3
7.392633E+2	8.113762E+3
7.395135E+2	8.223992E+3
7.397638E+2	8.341751E+3
7.400140E+2	8.468155E+3
7.402642E+2	8.606669E+3
7.405144E+2	8.752505E+3
7.407647E+2	8.902942E+3
7.410149E+2	9.046314E+3
7.412650E+2	9.180008E+3
7.415152E+2	9.304992E+3
7.417654E+2	9.432735E+3
7.420156E+2	9.568855E+3
7.422657E+2	9.712571E+3
7.425159E+2	9.855467E+3
7.427660E+2	9.983440E+3
7.430161E+2	1.008982E+4
7.432662E+2	1.018199E+4
7.435164E+2	1.029737E+4
7.437665E+2	1.045825E+4
7.440165E+2	1.061820E+4
7.442666E+2	1.077687E+4
7.445167E+2	1.093524E+4
7.447668E+2	1.109266E+4
7.450168E+2	1.124763E+4
7.452669E+2	1.138421E+4
7.455169E+2	1.150174E+4
7.457669E+2	1.160805E+4
7.460170E+2	1.170806E+4
7.462670E+2	1.181154E+4
7.465170E+2	1.191973E+4
7.467670E+2	1.204241E+4
7.470170E+2	1.218615E+4
7.472670E+2	1.232593E+4
7.475169E+2	1.246065E+4
7.477669E+2	1.259039E+4
7.480168E+2	1.271755E+4
7.482668E+2	1.284306E+4
7.485167E+2	1.296776E+4
7.487666E+2	1.308985E+4
7.490166E+2	1.319490E+4
7.492665E+2	1.326738E+4
7.495164E+2	1.332152E+4
7.497663E+2	1.336365E+4
7.500161E+2	1.339971E+4
7.502660E+2	1.343221E+4
7.505159E+2	1.346609E+4
7.507657E+2	1.349859E+4
7.510156E+2	1.352301E+4
7.512654E+2	1.352997E+4
7.515152E+2	1.351625E+4
7.517651E+2	1.349328E+4
7.520149E+2	1.347518E+4
7.522647E+2	1.347268E+4
7.525145E+2	1.349286E+4
7.527643E+2	1.352574E+4
7.530140E+2	1.355885E+4
7.532638E+2	1.357649E+4
7.535136E+2	1.357581E+4
7.537633E+2	1.356068E+4
7.540131E+2	1.354837E+4
7.542628E+2	1.354920E+4
7.545125E+2	1.356689E+4
7.547622E+2	1.358870E+4
7.550119E+2	1.360431E+4
7.552616E+2	1.360560E+4
7.555113E+2	1.359073E+4
7.557610E+2	1.356346E+4
7.560107E+2	1.352180E+4
7.562603E+2	1.347335E+4
7.565100E+2	1.341957E+4
7.567596E+2	1.336381E+4
7.570093E+2	1.329737E+4
7.572589E+2	1.321031E+4
7.575085E+2	1.310151E+4
7.577581E+2	1.298072E+4
7.580077E+2	1.286442E+4
7.582573E+2	1.276235E+4
7.585069E+2	1.266247E+4
7.587565E+2	1.252917E+4
7.590060E+2	1.234438E+4
7.592556E+2	1.215748E+4
7.595051E+2	1.196997E+4
7.597547E+2	1.178711E+4
7.600042E+2	1.160812E+4
7.602537E+2	1.143022E+4
7.605032E+2	1.127381E+4
7.607527E+2	1.113800E+4
7.610022E+2	1.101459E+4
7.612517E+2	1.089730E+4
7.615012E+2	1.077725E+4
7.617507E+2	1.065086E+4
7.620001E+2	1.050787E+4
7.622496E+2	1.033818E+4
7.624990E+2	1.016496E+4
7.627485E+2	9.989330E+3
7.629979E+2	9.812401E+3
7.632473E+2	9.636614E+3
7.634967E+2	9.463423E+3
7.637461E+2	9.291992E+3
7.639955E+2	9.123642E+3
7.642449E+2	8.972543E+3
7.644942E+2	8.846461E+3
7.647436E+2	8.730063E+3
7.649930E+2	8.621953E+3
7.652423E+2	8.523707E+3
7.654916E+2	8.438221E+3
7.657410E+2	8.364472E+3
7.659903E+2	8.294084E+3
7.662396E+2	8.220992E+3
7.664889E+2	8.145702E+3
7.667382E+2	8.068379E+3
7.669875E+2	7.991412E+3
7.672367E+2	7.911604E+3
7.674860E+2	7.822472E+3
7.677353E+2	7.721139E+3
7.679845E+2	7.613068E+3
7.682337E+2	7.503325E+3
7.684830E+2	7.399418E+3
7.687322E+2	7.302352E+3
7.689814E+2	7.209461E+3
7.692306E+2	7.109194E+3
7.694798E+2	6.993532E+3
7.697290E+2	6.856019E+3
7.699782E+2	6.707341E+3
7.702273E+2	6.554254E+3
7.704765E+2	6.405112E+3
7.707256E+2	6.261210E+3
7.709748E+2	6.124281E+3
7.712239E+2	6.004161E+3
7.714730E+2	5.903653E+3
7.717222E+2	5.824483E+3
7.719713E+2	5.756915E+3
7.722204E+2	5.697800E+3
7.724694E+2	5.652746E+3
7.727185E+2	5.624899E+3
7.729676E+2	5.612920E+3
7.732167E+2	5.612412E+3
7.734657E+2	5.620134E+3
7.737147E+2	5.636084E+3
7.739638E+2	5.657893E+3
7.742128E+2	5.679702E+3
7.744618E+2	5.697243E+3
7.747108E+2	5.709636E+3
7.749598E+2	5.712451E+3
7.752088E+2	5.707079E+3
7.754578E+2	5.698210E+3
7.757068E+2	5.684194E+3
7.759557E+2	5.665194E+3
7.762047E+2	5.642489E+3
7.764536E+2	5.615669E+3
7.767026E+2	5.583948E+3
7.769515E+2	5.547035E+3
7.772004E+2	5.508243E+3
7.774493E+2	5.470052E+3
7.776982E+2	5.433188E+3
7.779471E+2	5.399964E+3
7.781960E+2	5.369314E+3
7.784449E+2	5.340166E+3
7.786938E+2	5.311724E+3
7.789426E+2	5.283757E+3
7.791915E+2	5.254817E+3
7.794403E+2	5.223625E+3
7.796891E+2	5.193664E+3
7.799380E+2	5.163532E+3
7.801868E+2	5.133964E+3
7.804356E+2	5.102161E+3
7.806844E+2	5.069265E+3
7.809332E+2	5.035440E+3
7.811819E+2	5.002106E+3
7.814307E+2	4.968527E+3
7.816795E+2	4.935199E+3
7.819282E+2	4.904358E+3
7.821770E+2	4.874237E+3
7.824257E+2	4.845691E+3
7.826744E+2	4.819970E+3
7.829231E+2	4.796347E+3
7.831718E+2	4.774030E+3
7.834205E+2	4.753822E+3
7.836692E+2	4.734992E+3
7.839179E+2	4.715762E+3
7.841666E+2	4.694314E+3
7.844152E+2	4.668778E+3
7.846639E+2	4.639276E+3
7.849125E+2	4.606210E+3
7.851612E+2	4.570308E+3
7.854098E+2	4.532877E+3
7.856584E+2	4.493166E+3
7.859070E+2	4.450571E+3
7.861556E+2	4.403095E+3
7.864042E+2	4.348920E+3
7.866528E+2	4.287593E+3
7.869014E+2	4.220964E+3
7.871499E+2	4.153636E+3
7.873985E+2	4.087937E+3
7.876470E+2	4.021429E+3
7.878956E+2	3.952751E+3
7.881441E+2	3.882145E+3
7.883926E+2	3.811019E+3
7.886411E+2	3.740221E+3
7.888896E+2	3.673188E+3
7.891381E+2	3.609614E+3
7.893866E+2	3.553243E+3
7.896351E+2	3.502593E+3
7.898835E+2	3.458166E+3
7.901320E+2	3.418505E+3
7.903804E+2	3.384478E+3
7.906289E+2	3.353751E+3
7.908773E+2	3.327265E+3
7.911257E+2	3.302669E+3
7.913742E+2	3.280789E+3
7.916226E+2	3.262483E+3
7.918709E+2	3.246675E+3
7.921193E+2	3.235379E+3
7.923677E+2	3.225587E+3
7.926161E+2	3.216576E+3
7.928644E+2	3.208429E+3
7.931128E+2	3.197298E+3
7.933611E+2	3.183882E+3
7.936095E+2	3.166112E+3
7.938578E+2	3.143669E+3
7.941061E+2	3.117942E+3
7.943544E+2	3.089773E+3
7.946027E+2	3.059396E+3
7.948510E+2	3.027817E+3
7.950993E+2	2.996374E+3
7.953475E+2	2.966401E+3
7.955958E+2	2.938532E+3
7.958440E+2	2.911986E+3
7.960923E+2	2.888265E+3
7.963405E+2	2.865478E+3
7.965887E+2	2.843188E+3
7.968370E+2	2.821658E+3
7.970852E+2	2.799543E+3
7.973334E+2	2.777358E+3
7.975816E+2	2.754150E+3
7.978297E+2	2.730915E+3
7.980779E+2	2.708893E+3
7.983261E+2	2.687860E+3
7.985742E+2	2.668002E+3
7.988224E+2	2.649653E+3
7.990705E+2	2.632937E+3
7.993186E+2	2.619172E+3
7.995668E+2	2.609423E+3
7.998149E+2	2.601210E+3
8.000630E+2	2.596953E+3
8.003111E+2	2.595123E+3
8.005591E+2	2.597265E+3
8.008072E+2	2.603647E+3
8.010553E+2	2.611833E+3
8.013033E+2	2.621554E+3
8.015514E+2	2.631817E+3
8.017994E+2	2.643139E+3
8.020474E+2	2.654636E+3
8.022955E+2	2.665582E+3
8.025435E+2	2.675511E+3
8.027915E+2	2.684188E+3
8.030395E+2	2.693451E+3
8.032874E+2	2.702369E+3
8.035354E+2	2.711549E+3
8.037834E+2	2.720915E+3
8.040313E+2	2.730685E+3
8.042793E+2	2.741942E+3
8.045272E+2	2.753298E+3
8.047752E+2	2.766707E+3
8.050231E+2	2.780822E+3
8.052710E+2	2.797527E+3
8.055189E+2	2.815604E+3
8.057668E+2	2.836981E+3
8.060147E+2	2.860576E+3
8.062625E+2	2.887390E+3
8.065104E+2	2.917992E+3
8.067583E+2	2.951532E+3
8.070061E+2	2.990385E+3
8.072540E+2	3.032992E+3
8.075018E+2	3.080527E+3
8.077496E+2	3.132248E+3
8.079974E+2	3.187385E+3
8.082452E+2	3.246511E+3
8.084930E+2	3.307041E+3
8.087408E+2	3.371560E+3
8.089886E+2	3.437981E+3
8.092364E+2	3.506789E+3
8.094841E+2	3.578385E+3
8.097319E+2	3.654035E+3
8.099796E+2	3.733155E+3
8.102273E+2	3.816948E+3
8.104751E+2	3.903778E+3
8.107228E+2	3.994221E+3
8.109705E+2	4.090052E+3
8.112182E+2	4.189614E+3
8.114659E+2	4.295073E+3
8.117135E+2	4.405811E+3
8.119612E+2	4.520565E+3
8.122089E+2	4.640128E+3
8.124565E+2	4.762112E+3
8.127042E+2	4.885997E+3
8.129518E+2	5.007117E+3
8.131994E+2	5.121046E+3
8.134470E+2	5.227789E+3
8.136946E+2	5.322396E+3
8.139422E+2	5.401123E+3
8.141898E+2	5.463232E+3
8.144374E+2	5.508931E+3
8.146850E+2	5.539713E+3
8.149325E+2	5.558265E+3
8.151801E+2	5.566472E+3
8.154276E+2	5.568658E+3
8.156752E+2	5.565964E+3
8.159227E+2	5.560631E+3
8.161702E+2	5.554839E+3
8.164177E+2	5.548549E+3
8.166652E+2	5.542008E+3
8.169127E+2	5.536024E+3
8.171602E+2	5.530915E+3
8.174077E+2	5.526571E+3
8.176551E+2	5.524675E+3
8.179026E+2	5.526325E+3
8.181500E+2	5.530347E+3
8.183975E+2	5.538713E+3
8.186449E+2	5.550379E+3
8.188923E+2	5.566751E+3
8.191397E+2	5.588707E+3
8.193871E+2	5.616456E+3
8.196345E+2	5.650379E+3
8.198819E+2	5.688920E+3
8.201293E+2	5.734210E+3
8.203766E+2	5.781232E+3
8.206240E+2	5.830724E+3
8.208713E+2	5.877964E+3
8.211187E+2	5.922292E+3
8.213660E+2	5.961888E+3
8.216133E+2	5.992538E+3
8.218606E+2	6.015538E+3
8.221079E+2	6.027647E+3
8.223552E+2	6.028232E+3
8.226025E+2	6.017035E+3
8.228498E+2	5.994937E+3
8.230970E+2	5.962445E+3
8.233443E+2	5.920839E+3
8.235915E+2	5.872527E+3
8.238388E+2	5.816866E+3
8.240860E+2	5.755784E+3
8.243332E+2	5.689084E+3
8.245804E+2	5.616090E+3
8.248276E+2	5.537226E+3
8.250748E+2	5.452155E+3
8.253220E+2	5.360696E+3
8.255692E+2	5.263691E+3
8.258163E+2	5.159953E+3
8.260635E+2	5.048866E+3
8.263106E+2	4.930461E+3
8.265578E+2	4.804117E+3
8.268049E+2	4.670494E+3
8.270520E+2	4.530276E+3
8.272991E+2	4.382614E+3
8.275462E+2	4.230445E+3
8.277933E+2	4.075767E+3
8.280404E+2	3.921467E+3
8.282875E+2	3.771920E+3
8.285345E+2	3.628308E+3
8.287816E+2	3.495472E+3
8.290287E+2	3.377145E+3
8.292757E+2	3.274784E+3
8.295227E+2	3.187773E+3
8.297697E+2	3.115292E+3
8.300168E+2	3.055172E+3
8.302638E+2	3.005013E+3
8.305107E+2	2.961363E+3
8.307577E+2	2.922379E+3
8.310047E+2	2.885746E+3
8.312517E+2	2.850647E+3
8.314986E+2	2.816849E+3
8.317456E+2	2.784483E+3
8.319925E+2	2.752713E+3
8.322394E+2	2.720915E+3
8.324864E+2	2.689467E+3
8.327333E+2	2.656166E+3
8.329802E+2	2.620571E+3
8.332271E+2	2.582631E+3
8.334740E+2	2.540298E+3
8.337208E+2	2.494773E+3
8.339677E+2	2.443746E+3
8.342146E+2	2.386292E+3
8.344614E+2	2.322068E+3
8.347082E+2	2.251008E+3
8.349551E+2	2.173696E+3
8.352019E+2	2.088063E+3
8.354487E+2	1.998358E+3
8.356955E+2	1.903423E+3
8.359423E+2	1.806494E+3
8.361891E+2	1.708713E+3
8.364359E+2	1.612314E+3
8.366826E+2	1.520298E+3
8.369294E+2	1.431800E+3
8.371761E+2	1.349849E+3
8.374229E+2	1.274090E+3
8.376696E+2	1.206467E+3
8.379163E+2	1.145166E+3
8.381630E+2	1.090959E+3
8.384097E+2	1.043762E+3
8.386564E+2	1.002576E+3
8.389031E+2	9.658986E+2
8.391498E+2	9.338768E+2
8.393965E+2	9.057237E+2
8.396431E+2	8.810352E+2
8.398898E+2	8.588604E+2
8.401364E+2	8.389697E+2
8.403830E+2	8.205489E+2
8.406297E+2	8.034505E+2
8.408763E+2	7.879369E+2
8.411229E+2	7.733412E+2
8.413695E+2	7.599205E+2
8.416161E+2	7.467784E+2
8.418626E+2	7.342101E+2
8.421092E+2	7.215598E+2
8.423558E+2	7.094942E+2
8.426023E+2	6.979150E+2
8.428489E+2	6.863576E+2
8.430954E+2	6.747565E+2
8.433419E+2	6.638276E+2
8.435884E+2	6.533904E+2
8.438349E+2	6.425544E+2
8.440814E+2	6.323959E+2
8.443279E+2	6.224833E+2
8.445744E+2	6.125380E+2
8.448208E+2	6.024123E+2
8.450673E+2	5.924615E+2
8.453138E+2	5.825270E+2
8.455602E+2	5.722429E+2
8.458066E+2	5.619751E+2
8.460530E+2	5.513412E+2
8.462995E+2	5.404177E+2
8.465459E+2	5.295052E+2
8.467923E+2	5.181992E+2
8.470386E+2	5.064615E+2
8.472850E+2	4.946035E+2
8.475314E+2	4.824505E+2
8.477777E+2	4.707074E+2
8.480241E+2	4.589205E+2
8.482704E+2	4.468112E+2
8.485168E+2	4.350680E+2
8.487631E+2	4.233248E+2
8.490094E+2	4.114396E+2
8.492557E+2	3.999150E+2
8.495020E+2	3.886636E+2
8.497483E+2	3.772156E+2
8.499946E+2	3.659150E+2
8.502408E+2	3.550680E+2
8.504871E+2	3.440516E+2
8.507333E+2	3.329860E+2
8.509796E+2	3.222757E+2
8.512258E+2	3.119751E+2
8.514720E+2	3.014942E+2
8.517182E+2	2.911445E+2
8.519644E+2	2.814560E+2
8.522106E+2	2.716910E+2
8.524568E+2	2.628385E+2
8.527030E+2	2.535981E+2
8.529492E+2	2.453139E+2
8.531953E+2	2.375052E+2
8.534415E+2	2.295434E+2
8.536876E+2	2.215762E+2
8.539337E+2	2.141828E+2
8.541799E+2	2.068768E+2
8.544260E+2	2.000571E+2
8.546721E+2	1.939150E+2
8.549182E+2	1.877565E+2
8.551643E+2	1.819259E+2
8.554103E+2	1.760516E+2
8.556564E+2	1.704123E+2
8.559024E+2	1.653084E+2
8.561485E+2	1.602374E+2
8.563945E+2	1.551992E+2
8.566406E+2	1.506636E+2
8.568866E+2	1.464287E+2
8.571326E+2	1.422866E+2
8.573786E+2	1.386746E+2
8.576246E+2	1.352483E+2
8.578706E+2	1.318385E+2
8.581166E+2	1.287074E+2
8.583625E+2	1.258822E+2
8.586085E+2	1.228385E+2
8.588544E+2	1.199205E+2
8.591004E+2	1.170298E+2
8.593463E+2	1.139860E+2
8.595922E+2	1.112429E+2
8.598381E+2	1.086418E+2
8.600840E+2	1.059751E+2
8.603299E+2	1.037456E+2
8.605758E+2	1.011992E+2
8.608217E+2	9.861446E+1
8.610675E+2	9.624288E+1
8.613134E+2	9.376747E+1
8.615592E+2	9.124834E+1
8.618051E+2	8.868550E+1
8.620509E+2	8.653249E+1
8.622967E+2	8.433577E+1
8.625425E+2	8.196965E+1
8.627883E+2	7.946145E+1
8.630341E+2	7.714451E+1
8.632799E+2	7.481665E+1
8.635257E+2	7.271282E+1
8.637715E+2	7.010626E+1
8.640172E+2	6.787129E+1
8.642630E+2	6.587675E+1
8.645087E+2	6.374561E+1
8.647544E+2	6.151063E+1
8.650001E+2	5.945053E+1
8.652459E+2	5.722648E+1
8.654916E+2	5.558167E+1
8.657372E+2	5.369096E+1
8.659829E+2	5.226473E+1
8.662286E+2	5.087129E+1
8.664743E+2	4.954889E+1
8.667199E+2	4.829206E+1
8.669656E+2	4.683304E+1
8.672112E+2	4.558167E+1
8.674568E+2	4.430298E+1
8.677024E+2	4.346145E+1
8.679481E+2	4.229206E+1
8.681937E+2	4.107894E+1
8.684392E+2	3.998058E+1
8.686848E+2	3.900790E+1
8.689304E+2	3.811719E+1
8.691760E+2	3.739588E+1
8.694215E+2	3.657621E+1
8.696671E+2	3.542867E+1
8.699126E+2	3.468550E+1
8.701581E+2	3.395326E+1
8.704036E+2	3.348331E+1
8.706491E+2	3.300790E+1
8.708946E+2	3.206255E+1
8.711401E+2	3.140681E+1
8.713856E+2	3.109533E+1
8.716311E+2	3.053796E+1
8.718766E+2	2.992594E+1
8.721220E+2	2.954889E+1
8.723674E+2	2.877293E+1
8.726129E+2	2.813359E+1
8.728583E+2	2.770736E+1
8.731037E+2	2.709533E+1
8.733491E+2	2.640135E+1
8.735945E+2	2.598604E+1
8.738399E+2	2.569096E+1
8.740853E+2	2.524288E+1
8.743307E+2	2.494233E+1
8.745760E+2	2.440135E+1
8.748214E+2	2.392594E+1
8.750667E+2	2.359807E+1
8.753121E+2	2.274561E+1
8.755574E+2	2.223741E+1
8.758027E+2	2.177293E+1
8.760480E+2	2.127566E+1
8.762933E+2	2.080572E+1
8.765386E+2	2.031938E+1
8.767839E+2	1.984943E+1
8.770291E+2	1.916637E+1
8.772744E+2	1.861992E+1
8.775196E+2	1.824834E+1
8.777649E+2	1.809533E+1
8.780101E+2	1.775654E+1
8.782553E+2	1.719369E+1
8.785006E+2	1.658167E+1
8.787458E+2	1.639042E+1
8.789910E+2	1.621009E+1
8.792361E+2	1.594233E+1
8.794813E+2	1.561446E+1
8.797265E+2	1.563632E+1
8.799717E+2	1.561992E+1
8.802168E+2	1.556528E+1
8.804619E+2	1.526473E+1
8.807071E+2	1.508441E+1
8.809522E+2	1.478386E+1
8.811973E+2	1.430298E+1
8.814424E+2	1.419369E+1
8.816875E+2	1.400790E+1
8.819326E+2	1.392047E+1
8.821777E+2	1.380025E+1
8.824227E+2	1.343413E+1
8.826678E+2	1.314998E+1
8.829128E+2	1.280572E+1
8.831579E+2	1.264178E+1
8.834029E+2	1.242867E+1
8.836479E+2	1.228659E+1
8.838929E+2	1.250517E+1
8.841379E+2	1.234124E+1
8.843829E+2	1.214451E+1
8.846279E+2	1.200244E+1
8.848729E+2	1.192594E+1
8.851179E+2	1.207894E+1
8.853628E+2	1.182757E+1
8.856078E+2	1.148878E+1
8.858527E+2	1.147785E+1
8.860976E+2	1.146692E+1
8.863425E+2	1.127566E+1
8.865875E+2	1.100244E+1
8.868324E+2	1.066910E+1
8.870772E+2	1.045599E+1
8.873221E+2	1.067457E+1
8.875670E+2	1.058167E+1
8.878119E+2	1.051063E+1
8.880567E+2	1.070189E+1
8.883016E+2	1.082211E+1
8.885464E+2	1.070189E+1
8.887912E+2	1.064725E+1
8.890360E+2	1.061446E+1
8.892809E+2	1.048878E+1
8.895257E+2	1.048331E+1
8.897704E+2	1.051610E+1
8.900152E+2	1.037402E+1
8.902600E+2	1.028659E+1
8.905048E+2	1.045599E+1
8.907495E+2	1.055982E+1
8.909943E+2	1.029752E+1
8.912390E+2	1.018823E+1
8.914837E+2	1.023741E+1
8.917284E+2	1.038495E+1
8.919731E+2	1.046692E+1
8.922178E+2	1.034670E+1
8.924625E+2	1.016637E+1
8.927072E+2	9.925935E+0
8.929519E+2	9.641782E+0
8.931965E+2	9.865826E+0
8.934412E+2	1.015544E+1
8.936858E+2	1.018823E+1
8.939305E+2	1.024288E+1
8.941751E+2	1.008441E+1
8.944197E+2	9.980580E+0
8.946643E+2	9.685498E+0
8.949089E+2	9.565280E+0
8.951535E+2	9.598066E+0
8.953981E+2	9.292055E+0
8.956426E+2	9.357629E+0
8.958872E+2	9.297520E+0
8.961317E+2	9.352165E+0
8.963763E+2	9.253804E+0
8.966208E+2	9.062547E+0
8.968653E+2	9.013367E+0
8.971098E+2	9.084405E+0
8.973543E+2	9.374023E+0
8.975988E+2	9.144515E+0
8.978433E+2	9.215553E+0
8.980878E+2	9.363094E+0
8.983323E+2	9.505170E+0
8.985767E+2	9.592602E+0
8.988212E+2	9.270198E+0
8.990656E+2	9.357629E+0
8.993100E+2	9.357629E+0
8.995545E+2	9.434132E+0
8.997989E+2	9.057083E+0
9.000433E+2	8.696427E+0
9.002877E+2	8.548886E+0
9.005320E+2	8.510635E+0
9.007764E+2	8.723749E+0
9.010208E+2	8.718285E+0
9.012651E+2	8.630853E+0
9.015095E+2	8.652711E+0
9.017538E+2	8.740143E+0
9.019981E+2	8.860361E+0
9.022425E+2	8.794788E+0
9.024868E+2	8.925935E+0
9.027311E+2	8.772930E+0
9.029754E+2	8.581673E+0
9.032196E+2	8.384952E+0
9.034639E+2	8.455990E+0
9.037082E+2	8.434132E+0
9.039524E+2	8.576208E+0
9.041967E+2	8.576208E+0
9.044409E+2	8.745607E+0
9.046851E+2	8.849433E+0
9.049293E+2	9.204624E+0
9.051736E+2	9.160908E+0
9.054177E+2	9.089870E+0
9.056619E+2	8.893148E+0
9.059061E+2	9.046154E+0
9.061503E+2	9.193695E+0
9.063944E+2	9.226482E+0
9.066386E+2	9.068012E+0
9.068827E+2	8.964187E+0
9.071269E+2	9.122657E+0
9.073710E+2	9.128121E+0
9.076151E+2	9.062547E+0
9.078592E+2	9.313913E+0
9.081033E+2	9.051618E+0
9.083474E+2	9.139050E+0
9.085915E+2	9.089870E+0
9.088355E+2	9.007902E+0
9.090796E+2	9.035225E+0
9.093236E+2	9.128121E+0
9.095677E+2	9.330307E+0
9.098117E+2	9.111728E+0
9.100557E+2	9.040689E+0
9.102997E+2	9.002438E+0
9.105437E+2	8.996974E+0
9.107877E+2	9.024296E+0
9.110317E+2	9.275662E+0
9.112757E+2	9.221017E+0
9.115197E+2	9.149979E+0
9.117636E+2	9.231946E+0
9.120076E+2	9.352165E+0
9.122515E+2	8.980580E+0
9.124954E+2	9.133586E+0
9.127393E+2	9.313913E+0
9.129832E+2	9.155443E+0
9.132271E+2	9.084405E+0
9.134710E+2	9.182766E+0
9.137149E+2	9.237411E+0
9.139588E+2	9.204624E+0
9.142026E+2	9.210088E+0
9.144465E+2	9.095334E+0
9.146903E+2	9.215553E+0
9.149342E+2	9.188230E+0
9.151780E+2	9.210088E+0
9.154218E+2	9.680034E+0
9.156656E+2	9.690963E+0
9.159094E+2	9.734678E+0
9.161532E+2	9.696427E+0
9.163970E+2	9.745607E+0
9.166408E+2	9.833039E+0
9.168845E+2	9.964187E+0
9.171283E+2	9.947793E+0
9.173720E+2	9.958722E+0
9.176157E+2	9.980580E+0
9.178595E+2	9.964187E+0
9.181032E+2	9.980580E+0
9.183469E+2	9.729214E+0
9.185906E+2	9.800252E+0
9.188343E+2	9.729214E+0
9.190779E+2	9.849433E+0
9.193216E+2	9.712821E+0
9.195653E+2	9.734678E+0
9.198089E+2	9.543422E+0
9.200525E+2	9.685498E+0
9.202962E+2	9.658176E+0
9.205398E+2	9.680034E+0
9.207834E+2	9.756536E+0
9.210270E+2	9.969651E+0
9.212706E+2	1.019916E+1
9.215142E+2	1.037402E+1
9.217577E+2	1.046692E+1
9.220013E+2	1.058714E+1
9.222449E+2	1.046692E+1
9.224884E+2	1.068550E+1
9.227319E+2	1.064725E+1
9.229755E+2	1.105162E+1
9.232190E+2	1.076747E+1
9.234625E+2	1.075654E+1
9.237060E+2	1.071828E+1
9.239495E+2	1.091501E+1
9.241930E+2	1.080572E+1
9.244364E+2	1.063632E+1
9.246799E+2	1.078386E+1
9.249233E+2	1.096965E+1
9.251668E+2	1.099151E+1
9.254102E+2	1.084397E+1
9.256536E+2	1.084943E+1
9.258971E+2	1.071828E+1
9.261405E+2	1.064725E+1
9.263839E+2	1.082211E+1
9.266272E+2	1.068550E+1
9.268706E+2	1.053796E+1
9.271140E+2	1.072921E+1
9.273573E+2	1.066364E+1
9.276007E+2	1.065818E+1
9.278440E+2	1.071282E+1
9.280874E+2	1.071828E+1
9.283307E+2	1.062539E+1
9.285740E+2	1.054889E+1
9.288173E+2	1.058714E+1
9.290606E+2	1.062539E+1
9.293039E+2	1.071828E+1
9.295471E+2	1.084397E+1
9.297904E+2	1.095872E+1
9.300337E+2	1.106255E+1
9.302769E+2	1.072921E+1
9.305201E+2	1.052156E+1
9.307634E+2	1.049424E+1
9.310066E+2	1.064725E+1
9.312498E+2	1.075654E+1
9.314930E+2	1.055435E+1
9.317362E+2	1.042320E+1
9.319794E+2	1.019369E+1
9.322225E+2	1.005708E+1
9.324657E+2	9.964187E+0
9.327088E+2	1.002430E+1
9.329520E+2	1.012266E+1
9.331951E+2	1.029752E+1
9.334382E+2	1.016637E+1
9.336814E+2	1.009533E+1
9.339245E+2	1.003522E+1
9.341676E+2	9.942329E+0
9.344106E+2	1.001337E+1
9.346537E+2	1.002976E+1
9.348968E+2	1.007348E+1
9.351398E+2	1.007348E+1
9.353829E+2	1.010080E+1
9.356259E+2	1.004615E+1
9.358690E+2	9.794788E+0
9.361120E+2	9.537957E+0
9.363550E+2	9.319378E+0
9.365980E+2	9.384952E+0
9.368410E+2	9.051618E+0
9.370840E+2	9.319378E+0
9.373269E+2	9.177301E+0
9.375699E+2	8.876755E+0
9.378129E+2	8.494241E+0
9.380558E+2	8.559815E+0
9.382987E+2	8.630853E+0
9.385417E+2	8.854897E+0
9.387846E+2	8.614460E+0
9.390275E+2	8.723749E+0
9.392704E+2	8.986045E+0
9.395133E+2	9.324842E+0
9.397562E+2	9.297520E+0
9.399990E+2	9.466919E+0
9.402419E+2	9.412274E+0
9.404847E+2	9.423203E+0
9.407276E+2	9.423203E+0
9.409704E+2	9.608995E+0
9.412132E+2	9.543422E+0
9.414560E+2	9.838504E+0
9.416988E+2	9.783859E+0
9.419416E+2	9.816646E+0
9.421844E+2	9.690963E+0
9.424272E+2	9.521564E+0
9.426700E+2	9.450525E+0
9.429127E+2	9.379487E+0
9.431555E+2	9.510635E+0
9.433982E+2	9.543422E+0
9.436409E+2	9.510635E+0
9.438837E+2	9.477848E+0
9.441264E+2	9.570744E+0
9.443691E+2	9.718285E+0
9.446118E+2	9.915006E+0
9.448544E+2	9.822110E+0
9.450971E+2	9.887684E+0
9.453398E+2	1.001337E+1
9.455824E+2	9.969651E+0
9.458251E+2	9.975116E+0
9.460677E+2	9.805717E+0
9.463103E+2	1.001883E+1
9.465530E+2	9.915006E+0
9.467956E+2	1.010626E+1
9.470382E+2	1.016637E+1
9.472807E+2	1.036856E+1
9.475233E+2	1.024288E+1
9.477659E+2	1.018277E+1
9.480084E+2	1.015544E+1
9.482510E+2	1.028113E+1
9.484935E+2	1.076200E+1
9.487361E+2	1.090408E+1
9.489786E+2	1.114451E+1
9.492211E+2	1.090408E+1
9.494636E+2	1.072375E+1
9.497061E+2	1.042320E+1
9.499486E+2	1.022648E+1
9.501911E+2	1.039042E+1
9.504335E+2	1.039588E+1
9.506760E+2	1.057074E+1
9.509184E+2	1.063632E+1
9.511609E+2	1.065271E+1
9.514033E+2	1.073468E+1
9.516457E+2	1.090408E+1
9.518881E+2	1.094233E+1
9.521305E+2	1.088768E+1
9.523729E+2	1.112812E+1
9.526153E+2	1.146692E+1
9.528576E+2	1.139042E+1
9.531000E+2	1.135216E+1
9.533424E+2	1.141227E+1
9.535847E+2	1.141227E+1
9.538270E+2	1.133577E+1
9.540694E+2	1.128113E+1
9.543117E+2	1.080572E+1
9.545540E+2	1.054889E+1
9.547963E+2	1.033577E+1
9.550386E+2	1.035763E+1
9.552808E+2	1.042320E+1
9.555231E+2	1.049424E+1
9.557654E+2	1.027566E+1
9.560076E+2	1.029206E+1
9.562498E+2	9.991509E+0
9.564921E+2	1.022648E+1
9.567343E+2	1.015544E+1
9.569765E+2	1.023741E+1
9.572187E+2	1.025380E+1
9.574609E+2	1.021009E+1
9.577031E+2	1.022648E+1
9.579452E+2	1.006801E+1
9.581874E+2	1.016091E+1
9.584296E+2	1.021555E+1
9.586717E+2	1.026473E+1
9.589138E+2	1.018823E+1
9.591560E+2	1.009533E+1
9.593981E+2	9.756536E+0
9.596402E+2	9.975116E+0
9.598823E+2	9.969651E+0
9.601244E+2	9.887684E+0
9.603664E+2	9.876755E+0
9.606085E+2	9.860361E+0
9.608506E+2	1.003522E+1
9.610926E+2	9.991509E+0
9.613347E+2	9.991509E+0
9.615767E+2	9.827575E+0
9.618187E+2	9.931400E+0
9.620607E+2	9.942329E+0
9.623027E+2	1.009533E+1
9.625447E+2	1.000790E+1
9.627867E+2	1.002430E+1
9.630287E+2	9.986045E+0
9.632706E+2	9.477848E+0
9.635126E+2	9.450525E+0
9.637545E+2	9.368558E+0
9.639965E+2	9.800252E+0
9.642384E+2	1.003522E+1
9.644803E+2	1.024834E+1
9.647222E+2	1.031938E+1
9.649641E+2	1.014998E+1
9.652060E+2	1.029206E+1
9.654479E+2	1.034124E+1
9.656897E+2	1.022102E+1
9.659316E+2	1.010626E+1
9.661734E+2	9.849433E+0
9.664153E+2	9.915006E+0
9.666571E+2	9.811181E+0
9.668989E+2	1.002430E+1
9.671408E+2	1.021555E+1
9.673826E+2	1.015544E+1
9.676243E+2	1.028113E+1
9.678661E+2	1.028659E+1
9.681079E+2	1.035216E+1
9.683497E+2	1.051610E+1
9.685914E+2	1.065818E+1
9.688332E+2	1.057621E+1
9.690749E+2	1.065818E+1
9.693166E+2	1.090954E+1
9.695583E+2	1.098058E+1
9.698001E+2	1.129752E+1
9.700417E+2	1.133577E+1
9.702834E+2	1.121555E+1
9.705251E+2	1.134670E+1
9.707668E+2	1.149971E+1
9.710084E+2	1.155982E+1
9.712501E+2	1.149424E+1
9.714917E+2	1.158714E+1
9.717334E+2	1.170736E+1
9.719750E+2	1.188222E+1
9.722166E+2	1.218823E+1
9.724582E+2	1.242320E+1
9.726998E+2	1.254342E+1
9.729414E+2	1.242320E+1
9.731830E+2	1.217730E+1
9.734245E+2	1.219916E+1
9.736661E+2	1.218277E+1
9.739076E+2	1.241227E+1
9.741492E+2	1.247238E+1
9.743907E+2	1.230845E+1
9.746322E+2	1.233577E+1
9.748737E+2	1.241774E+1
9.751152E+2	1.254889E+1
9.753567E+2	1.253249E+1
9.755982E+2	1.244506E+1
9.758396E+2	1.227566E+1
9.760811E+2	1.225927E+1
9.763226E+2	1.234670E+1
9.765640E+2	1.229752E+1
9.768054E+2	1.212812E+1
9.770468E+2	1.185490E+1
9.772883E+2	1.191501E+1
9.775297E+2	1.181118E+1
9.777711E+2	1.178386E+1
9.780124E+2	1.199697E+1
9.782538E+2	1.195326E+1
9.784952E+2	1.182211E+1
9.787365E+2	1.153249E+1
9.789779E+2	1.140135E+1
9.792192E+2	1.154889E+1
9.794605E+2	1.170189E+1
9.797019E+2	1.198604E+1
9.799432E+2	1.170189E+1
9.801845E+2	1.150517E+1
9.804257E+2	1.166910E+1
9.806670E+2	1.186036E+1
9.809083E+2	1.198058E+1
9.811496E+2	1.200790E+1
9.813908E+2	1.196965E+1
9.816320E+2	1.187675E+1
9.818733E+2	1.182211E+1
9.821145E+2	1.182211E+1
9.823557E+2	1.194779E+1
9.825969E+2	1.190408E+1
9.828381E+2	1.172375E+1
9.830793E+2	1.170736E+1
9.833205E+2	1.152156E+1
9.835616E+2	1.170736E+1
9.838028E+2	1.166910E+1
9.840439E+2	1.150517E+1
9.842851E+2	1.135216E+1
9.845262E+2	1.114451E+1
9.847673E+2	1.106255E+1
9.850084E+2	1.115544E+1
9.852495E+2	1.116091E+1
9.854906E+2	1.100244E+1
9.857317E+2	1.106801E+1
9.859727E+2	1.100244E+1
9.862138E+2	1.102430E+1
9.864549E+2	1.121009E+1
9.866959E+2	1.092594E+1
9.869369E+2	1.085490E+1
9.871779E+2	1.065271E+1
9.874190E+2	1.060900E+1
9.876600E+2	1.075654E+1
9.879010E+2	1.096419E+1
9.881419E+2	1.099697E+1
9.883829E+2	1.114451E+1
9.886239E+2	1.084943E+1
9.888648E+2	1.092594E+1
9.891058E+2	1.118277E+1
9.893467E+2	1.134670E+1
9.895876E+2	1.128659E+1
9.898285E+2	1.134124E+1
9.900695E+2	1.137402E+1
9.903104E+2	1.131938E+1
9.905512E+2	1.157621E+1
9.907921E+2	1.169643E+1
9.910330E+2	1.184397E+1
9.912738E+2	1.183850E+1
9.915147E+2	1.196419E+1
9.917555E+2	1.214998E+1
9.919964E+2	1.227020E+1
9.922372E+2	1.234670E+1
9.924780E+2	1.244506E+1
9.927188E+2	1.218823E+1
9.929596E+2	1.223741E+1
9.932004E+2	1.225380E+1
9.934411E+2	1.212812E+1
9.936819E+2	1.210080E+1
9.939227E+2	1.212266E+1
9.941634E+2	1.238495E+1
9.944041E+2	1.236309E+1
9.946449E+2	1.255435E+1
9.948856E+2	1.251063E+1
9.951263E+2	1.241227E+1
9.953670E+2	1.258167E+1
9.956077E+2	1.274014E+1
9.958483E+2	1.274561E+1
9.960890E+2	1.290408E+1
9.963297E+2	1.307894E+1
9.965703E+2	1.281665E+1
9.968109E+2	1.288768E+1
9.970516E+2	1.238495E+1
9.972922E+2	1.240135E+1
9.975328E+2	1.234670E+1
9.977734E+2	1.221555E+1
9.980140E+2	1.235216E+1
9.982546E+2	1.218823E+1
9.984951E+2	1.243960E+1
9.987357E+2	1.253249E+1
9.989763E+2	1.316637E+1
9.992168E+2	1.336309E+1
9.994573E+2	1.338495E+1
9.996978E+2	1.325380E+1
9.999384E+2	1.314998E+1
1.000179E+3	1.306801E+1
1.000419E+3	1.305708E+1
1.000660E+3	1.301883E+1
1.000900E+3	1.298058E+1
1.001141E+3	1.267457E+1
1.001381E+3	1.277293E+1
1.001622E+3	1.257621E+1
1.001862E+3	1.257074E+1
1.002103E+3	1.273468E+1
1.002343E+3	1.274561E+1
1.002583E+3	1.282757E+1
1.002824E+3	1.276747E+1
1.003064E+3	1.258167E+1
1.003305E+3	1.271828E+1
1.003545E+3	1.278932E+1
1.003785E+3	1.258714E+1
1.004026E+3	1.241227E+1
1.004266E+3	1.246145E+1
1.004506E+3	1.230298E+1
1.004747E+3	1.221555E+1
1.004987E+3	1.225380E+1
1.005227E+3	1.216637E+1
1.005468E+3	1.195872E+1
1.005708E+3	1.165271E+1
1.005948E+3	1.149424E+1
1.006188E+3	1.164178E+1
1.006429E+3	1.178386E+1
1.006669E+3	1.170736E+1
1.006909E+3	1.177839E+1
1.007149E+3	1.159260E+1
1.007390E+3	1.183850E+1
1.007630E+3	1.152703E+1
1.007870E+3	1.128659E+1
1.008110E+3	1.130298E+1
1.008350E+3	1.158167E+1
1.008590E+3	1.168550E+1
1.008831E+3	1.147238E+1
1.009071E+3	1.127566E+1
1.009311E+3	1.120462E+1
1.009551E+3	1.117184E+1
1.009791E+3	1.106801E+1
1.010031E+3	1.079479E+1
1.010271E+3	1.065818E+1
1.010511E+3	1.060353E+1
1.010752E+3	1.041774E+1
1.010992E+3	1.033577E+1
1.011232E+3	1.063632E+1
1.011472E+3	1.048331E+1
1.011712E+3	1.069096E+1
1.011952E+3	1.059260E+1
1.012192E+3	1.041774E+1
1.012432E+3	1.055435E+1
1.012672E+3	1.036309E+1
1.012912E+3	1.043960E+1
1.013152E+3	1.033577E+1
1.013392E+3	1.030298E+1
1.013632E+3	9.854897E+0
1.013872E+3	9.712821E+0
1.014112E+3	9.833039E+0
1.014352E+3	9.898613E+0
1.014591E+3	1.001337E+1
1.014831E+3	1.009533E+1
1.015071E+3	1.005708E+1
1.015311E+3	1.020462E+1
1.015551E+3	1.017730E+1
1.015791E+3	1.030845E+1
1.016031E+3	1.047785E+1
1.016271E+3	1.059260E+1
1.016511E+3	1.052156E+1
1.016750E+3	1.050517E+1
1.016990E+3	1.033031E+1
1.017230E+3	1.028659E+1
1.017470E+3	1.019916E+1
1.017710E+3	1.042867E+1
1.017949E+3	1.033577E+1
1.018189E+3	1.031938E+1
1.018429E+3	1.030298E+1
1.018669E+3	1.044506E+1
1.018908E+3	1.041774E+1
1.019148E+3	1.051063E+1
1.019388E+3	1.055435E+1
1.019628E+3	1.066910E+1
1.019867E+3	1.055982E+1
1.020107E+3	1.051610E+1
1.020347E+3	1.066910E+1
1.020586E+3	1.061992E+1
1.020826E+3	1.037402E+1
1.021066E+3	1.008987E+1
1.021305E+3	1.012266E+1
1.021545E+3	1.028659E+1
1.021785E+3	1.016637E+1
1.022024E+3	1.016091E+1
1.022264E+3	1.047238E+1
1.022504E+3	1.074014E+1
1.022743E+3	1.091501E+1
1.022983E+3	1.083304E+1
1.023222E+3	1.061992E+1
1.023462E+3	1.052156E+1
1.023702E+3	1.031938E+1
1.023941E+3	1.033031E+1
1.024181E+3	1.053796E+1
1.024420E+3	1.030845E+1
1.024660E+3	1.028113E+1
1.024899E+3	1.012812E+1
1.025139E+3	1.016091E+1
1.025378E+3	1.013905E+1
1.025618E+3	1.003522E+1
1.025857E+3	9.767465E+0
1.026097E+3	9.641782E+0
1.026336E+3	9.723749E+0
1.026575E+3	9.701892E+0
1.026815E+3	9.778394E+0
1.027054E+3	9.598066E+0
1.027294E+3	9.674569E+0
1.027533E+3	9.734678E+0
1.027773E+3	9.942329E+0
1.028012E+3	9.942329E+0
1.028251E+3	9.991509E+0
1.028491E+3	9.909542E+0
1.028730E+3	9.838504E+0
1.028969E+3	9.871290E+0
1.029209E+3	9.690963E+0
1.029448E+3	9.690963E+0
1.029687E+3	9.843968E+0
1.029927E+3	9.641782E+0
1.030166E+3	9.592602E+0
1.030405E+3	9.559815E+0
1.030645E+3	9.144515E+0
1.030884E+3	9.057083E+0
1.031123E+3	9.128121E+0
1.031362E+3	8.986045E+0
1.031602E+3	9.182766E+0
1.031841E+3	8.925935E+0
1.032080E+3	8.893148E+0
1.032319E+3	8.663640E+0
1.032558E+3	8.674569E+0
1.032798E+3	8.592602E+0
1.033037E+3	8.587137E+0
1.033276E+3	8.357629E+0
1.033515E+3	8.488777E+0
1.033754E+3	8.363094E+0
1.033993E+3	8.384952E+0
1.034233E+3	8.237411E+0
1.034472E+3	8.144515E+0
1.034711E+3	8.559815E+0
1.034950E+3	8.494241E+0
1.035189E+3	8.488777E+0
1.035428E+3	8.324842E+0
1.035667E+3	8.302984E+0
1.035906E+3	8.368558E+0
1.036145E+3	8.204624E+0
1.036384E+3	8.581673E+0
1.036623E+3	8.499706E+0
1.036862E+3	8.483312E+0
1.037101E+3	8.483312E+0
1.037340E+3	8.231946E+0
1.037579E+3	7.882219E+0
1.037818E+3	7.712821E+0
1.038057E+3	7.505170E+0
1.038296E+3	7.707356E+0
1.038535E+3	7.778394E+0
1.038774E+3	7.685498E+0
1.039013E+3	8.051618E+0
1.039252E+3	8.029760E+0
1.039491E+3	8.379487E+0
1.039730E+3	8.341236E+0
1.039969E+3	8.576208E+0
1.040208E+3	8.461454E+0
1.040447E+3	8.434132E+0
1.040685E+3	8.745607E+0
1.040924E+3	8.789323E+0
1.041163E+3	8.843968E+0
1.041402E+3	8.783859E+0
1.041641E+3	8.767465E+0
1.041880E+3	8.740143E+0
1.042118E+3	8.636318E+0
1.042357E+3	8.308449E+0
1.042596E+3	8.215553E+0
1.042835E+3	8.100799E+0
1.043074E+3	8.051618E+0
1.043312E+3	7.816646E+0
1.043551E+3	7.783859E+0
1.043790E+3	7.947793E+0
1.044029E+3	8.149979E+0
1.044267E+3	7.991509E+0
1.044506E+3	7.936864E+0
1.044745E+3	8.084405E+0
1.044983E+3	8.286591E+0
1.045222E+3	8.570744E+0
1.045461E+3	8.619924E+0
1.045699E+3	8.417739E+0
1.045938E+3	8.434132E+0
1.046177E+3	8.089870E+0
1.046415E+3	8.084405E+0
1.046654E+3	7.980580E+0
1.046893E+3	8.013367E+0
1.047131E+3	8.122657E+0
1.047370E+3	8.231946E+0
1.047608E+3	8.149979E+0
1.047847E+3	8.357629E+0
1.048086E+3	8.117192E+0
1.048324E+3	8.193695E+0
1.048563E+3	8.122657E+0
1.048801E+3	8.215553E+0
1.049040E+3	8.292055E+0
1.049278E+3	8.122657E+0
1.049517E+3	8.335771E+0
1.049755E+3	8.466919E+0
1.049994E+3	8.652711E+0
1.050232E+3	8.696427E+0
1.050471E+3	8.510635E+0
1.050709E+3	8.330307E+0
1.050948E+3	8.095334E+0
1.051186E+3	8.221017E+0
1.051424E+3	8.133586E+0
1.051663E+3	8.100799E+0
1.051901E+3	8.188230E+0
1.052140E+3	8.505170E+0
1.052378E+3	8.794788E+0
1.052616E+3	8.882219E+0
1.052855E+3	8.947793E+0
1.053093E+3	8.904077E+0
1.053332E+3	8.734678E+0
1.053570E+3	8.652711E+0
1.053808E+3	8.729214E+0
1.054047E+3	8.516099E+0
1.054285E+3	8.428668E+0
1.054523E+3	8.384952E+0
1.054761E+3	8.674569E+0
1.055000E+3	8.685498E+0
1.055238E+3	8.363094E+0
1.055476E+3	8.319378E+0
1.055715E+3	8.330307E+0
1.055953E+3	8.395881E+0
1.056191E+3	8.330307E+0
1.056429E+3	8.253804E+0
1.056667E+3	8.182766E+0
1.056906E+3	8.379487E+0
1.057144E+3	8.363094E+0
1.057382E+3	8.494241E+0
1.057620E+3	8.466919E+0
1.057858E+3	8.450525E+0
1.058097E+3	8.319378E+0
1.058335E+3	8.193695E+0
1.058573E+3	8.068012E+0
1.058811E+3	8.149979E+0
1.059049E+3	8.592602E+0
1.059287E+3	8.674569E+0
1.059525E+3	8.297520E+0
1.059763E+3	8.095334E+0
1.060001E+3	8.111728E+0
1.060239E+3	8.210088E+0
1.060478E+3	8.275662E+0
1.060716E+3	8.521564E+0
1.060954E+3	8.783859E+0
1.061192E+3	9.182766E+0
1.061430E+3	9.182766E+0
1.061668E+3	8.958722E+0
1.061906E+3	8.996974E+0
1.062144E+3	9.040689E+0
1.062382E+3	8.898613E+0
1.062620E+3	9.002438E+0
1.062858E+3	8.811181E+0
1.063096E+3	8.751072E+0
1.063333E+3	8.680034E+0
1.063571E+3	8.658176E+0
1.063809E+3	8.537957E+0
1.064047E+3	8.330307E+0
1.064285E+3	8.341236E+0
1.064523E+3	8.335771E+0
1.064761E+3	8.439596E+0
1.064999E+3	8.368558E+0
1.065237E+3	8.510635E+0
1.065474E+3	8.516099E+0
1.065712E+3	8.231946E+0
1.065950E+3	8.204624E+0
1.066188E+3	8.302984E+0
1.066426E+3	8.412274E+0
1.066664E+3	8.177301E+0
1.066901E+3	7.958722E+0
1.067139E+3	7.876755E+0
1.067377E+3	8.078941E+0
1.067615E+3	8.057083E+0
1.067852E+3	8.139050E+0
1.068090E+3	7.860361E+0
1.068328E+3	7.701892E+0
1.068566E+3	7.570744E+0
1.068803E+3	7.521564E+0
1.069041E+3	7.231946E+0
1.069279E+3	7.051618E+0
1.069516E+3	7.204624E+0
1.069754E+3	7.188230E+0
1.069992E+3	7.160908E+0
1.070229E+3	7.089870E+0
1.070467E+3	7.111728E+0
1.070705E+3	7.160908E+0
1.070942E+3	7.166372E+0
1.071180E+3	7.106263E+0
1.071418E+3	6.854897E+0
1.071655E+3	6.958722E+0
1.071893E+3	6.674569E+0
1.072130E+3	6.598066E+0
1.072368E+3	6.745607E+0
1.072605E+3	6.608995E+0
1.072843E+3	6.625389E+0
1.073081E+3	6.488777E+0
1.073318E+3	6.466919E+0
1.073556E+3	6.029760E+0
1.073793E+3	5.860361E+0
1.074031E+3	5.854897E+0
1.074268E+3	5.778394E+0
1.074506E+3	5.690963E+0
1.074743E+3	5.767465E+0
1.074981E+3	5.450525E+0
1.075218E+3	5.417739E+0
1.075455E+3	5.368558E+0
1.075693E+3	5.133586E+0
1.075930E+3	5.057083E+0
1.076168E+3	5.122657E+0
1.076405E+3	5.204624E+0
1.076642E+3	5.264733E+0
1.076880E+3	5.450525E+0
1.077117E+3	5.521564E+0
1.077355E+3	5.827575E+0
1.077592E+3	6.068012E+0
1.077829E+3	6.029760E+0
1.078067E+3	6.199159E+0
1.078304E+3	6.221017E+0
1.078541E+3	6.374023E+0
1.078779E+3	6.401345E+0
1.079016E+3	6.417739E+0
1.079253E+3	6.341236E+0
1.079490E+3	6.319378E+0
1.079728E+3	6.095334E+0
1.079965E+3	6.100799E+0
1.080202E+3	6.199159E+0
1.080439E+3	6.051618E+0
1.080677E+3	5.898613E+0
1.080914E+3	5.783859E+0
1.081151E+3	5.915006E+0
1.081388E+3	5.860361E+0
1.081625E+3	6.068012E+0
1.081863E+3	5.690963E+0
1.082100E+3	5.439596E+0
1.082337E+3	5.242875E+0
1.082574E+3	5.363094E+0
1.082811E+3	5.674569E+0
1.083048E+3	5.630853E+0
1.083285E+3	5.445061E+0
1.083522E+3	5.439596E+0
1.083760E+3	5.412274E+0
1.083997E+3	5.133586E+0
1.084234E+3	5.117192E+0
1.084471E+3	5.013367E+0
1.084708E+3	5.029760E+0
1.084945E+3	5.100799E+0
1.085182E+3	5.040689E+0
1.085419E+3	5.024296E+0
1.085656E+3	5.215553E+0
1.085893E+3	5.488777E+0
1.086130E+3	5.598066E+0
1.086367E+3	5.964187E+0
1.086604E+3	6.084405E+0
1.086841E+3	6.089870E+0
1.087078E+3	6.193695E+0
1.087315E+3	6.204624E+0
1.087552E+3	6.242875E+0
1.087789E+3	6.215553E+0
1.088026E+3	6.100799E+0
1.088262E+3	5.947793E+0
1.088499E+3	6.139050E+0
1.088736E+3	6.335771E+0
1.088973E+3	6.363094E+0
1.089210E+3	6.264733E+0
1.089447E+3	6.302984E+0
1.089684E+3	6.106263E+0
1.089921E+3	6.062547E+0
1.090157E+3	6.193695E+0
1.090394E+3	6.171837E+0
1.090631E+3	6.089870E+0
1.090868E+3	5.690963E+0
1.091105E+3	5.680034E+0
1.091341E+3	5.559815E+0
1.091578E+3	5.434132E+0
1.091815E+3	5.171837E+0
1.092052E+3	5.128121E+0
1.092288E+3	5.160908E+0
1.092525E+3	4.975116E+0
1.092762E+3	5.040689E+0
1.092999E+3	4.931400E+0
1.093235E+3	4.942329E+0
1.093472E+3	4.816646E+0
1.093709E+3	4.805717E+0
1.093945E+3	4.942329E+0
1.094182E+3	5.177301E+0
1.094419E+3	4.947793E+0
1.094655E+3	4.718285E+0
1.094892E+3	4.712821E+0
1.095128E+3	4.740143E+0
1.095365E+3	4.811181E+0
1.095602E+3	4.854897E+0
1.095838E+3	5.062547E+0
1.096075E+3	5.089870E+0
1.096311E+3	5.352165E+0
1.096548E+3	5.472383E+0
1.096784E+3	5.663640E+0
1.097021E+3	6.013367E+0
1.097258E+3	5.860361E+0
1.097494E+3	5.865826E+0
1.097731E+3	6.084405E+0
1.097967E+3	6.013367E+0
1.098204E+3	6.035225E+0
1.098440E+3	6.182766E+0
1.098677E+3	6.417739E+0
1.098913E+3	6.527028E+0
1.099149E+3	6.499706E+0
1.099386E+3	6.455990E+0
1.099622E+3	6.445061E+0
1.099859E+3	6.543422E+0
1.100095E+3	6.368558E+0
1.100332E+3	6.330307E+0
1.100568E+3	6.270198E+0
1.100804E+3	6.160908E+0
1.101041E+3	6.188230E+0
1.101277E+3	6.073476E+0
1.101513E+3	6.089870E+0
1.101750E+3	6.292055E+0
1.101986E+3	6.647247E+0
1.102222E+3	6.740143E+0
1.102459E+3	6.986045E+0
1.102695E+3	7.111728E+0
1.102931E+3	7.007902E+0
1.103168E+3	6.920471E+0
1.103404E+3	7.018831E+0
1.103640E+3	7.013367E+0
1.103876E+3	7.106263E+0
1.104113E+3	7.428668E+0
1.104349E+3	7.390416E+0
1.104585E+3	7.319378E+0
1.104821E+3	7.149979E+0
1.105057E+3	7.182766E+0
1.105294E+3	7.319378E+0
1.105530E+3	7.335771E+0
1.105766E+3	7.319378E+0
1.106002E+3	7.335771E+0
1.106238E+3	7.450525E+0
1.106474E+3	7.428668E+0
1.106711E+3	7.395881E+0
1.106947E+3	7.259269E+0
1.107183E+3	6.996974E+0
1.107419E+3	6.964187E+0
1.107655E+3	6.876755E+0
1.107891E+3	7.068012E+0
1.108127E+3	8.046154E+0
1.108363E+3	3.794872E-1
1.108599E+3	3.712821E+0
1.108835E+3	1.804615E+1
1.109071E+3	2.504615E+1
1.109307E+3	1.437949E+1
1.109543E+3	8.379487E+0
1.109779E+3	5.712821E+0
1.110015E+3	3.046154E+0
1.110251E+3	-9.538462E-1
1.110487E+3	1.071282E+1
1.110723E+3	2.712821E+0
1.110959E+3	3.712821E+0
1.111195E+3	1.871282E+1
1.111431E+3	5.712821E+0
1.111667E+3	6.712821E+0
1.111903E+3	-8.287179E+0
1.112139E+3	3.794872E-1
1.112375E+3	5.046154E+0
1.112611E+3	9.379487E+0
1.112847E+3	9.379487E+0
1.113082E+3	6.379487E+0
1.113318E+3	7.379487E+0
1.113554E+3	9.712821E+0
1.113790E+3	3.046154E+0
1.114026E+3	-4.287179E+0
1.114262E+3	-5.287179E+0
1.114497E+3	8.379487E+0
1.114733E+3	6.712821E+0
1.114969E+3	1.237949E+1
