1.951292E+2	0.000000E+0
1.953960E+2	0.000000E+0
1.956629E+2	0.000000E+0
1.959298E+2	0.000000E+0
1.961966E+2	0.000000E+0
1.964635E+2	0.000000E+0
1.967303E+2	0.000000E+0
1.969972E+2	0.000000E+0
1.972640E+2	0.000000E+0
1.975308E+2	0.000000E+0
1.977977E+2	0.000000E+0
1.980645E+2	0.000000E+0
1.983313E+2	0.000000E+0
1.985981E+2	0.000000E+0
1.988649E+2	0.000000E+0
1.991316E+2	0.000000E+0
1.993984E+2	0.000000E+0
1.996652E+2	0.000000E+0
1.999320E+2	0.000000E+0
2.001987E+2	0.000000E+0
2.004655E+2	0.000000E+0
2.007322E+2	0.000000E+0
2.009989E+2	0.000000E+0
2.012657E+2	0.000000E+0
2.015324E+2	0.000000E+0
2.017991E+2	0.000000E+0
2.020658E+2	0.000000E+0
2.023325E+2	0.000000E+0
2.025992E+2	0.000000E+0
2.028659E+2	0.000000E+0
2.031326E+2	0.000000E+0
2.033992E+2	0.000000E+0
2.036659E+2	0.000000E+0
2.039325E+2	0.000000E+0
2.041992E+2	0.000000E+0
2.044658E+2	0.000000E+0
2.047325E+2	0.000000E+0
2.049991E+2	0.000000E+0
2.052657E+2	0.000000E+0
2.055323E+2	0.000000E+0
2.057989E+2	0.000000E+0
2.060655E+2	0.000000E+0
2.063321E+2	0.000000E+0
2.065987E+2	0.000000E+0
2.068653E+2	0.000000E+0
2.071319E+2	0.000000E+0
2.073984E+2	0.000000E+0
2.076650E+2	0.000000E+0
2.079315E+2	0.000000E+0
2.081981E+2	0.000000E+0
2.084646E+2	0.000000E+0
2.087311E+2	0.000000E+0
2.089977E+2	0.000000E+0
2.092642E+2	0.000000E+0
2.095307E+2	0.000000E+0
2.097972E+2	0.000000E+0
2.100637E+2	0.000000E+0
2.103302E+2	0.000000E+0
2.105966E+2	0.000000E+0
2.108631E+2	0.000000E+0
2.111296E+2	0.000000E+0
2.113960E+2	0.000000E+0
2.116625E+2	0.000000E+0
2.119289E+2	0.000000E+0
2.121954E+2	0.000000E+0
2.124618E+2	0.000000E+0
2.127282E+2	0.000000E+0
2.129946E+2	0.000000E+0
2.132610E+2	0.000000E+0
2.135274E+2	0.000000E+0
2.137938E+2	0.000000E+0
2.140602E+2	0.000000E+0
2.143266E+2	0.000000E+0
2.145930E+2	0.000000E+0
2.148593E+2	0.000000E+0
2.151257E+2	0.000000E+0
2.153920E+2	0.000000E+0
2.156584E+2	0.000000E+0
2.159247E+2	0.000000E+0
2.161910E+2	0.000000E+0
2.164574E+2	0.000000E+0
2.167237E+2	0.000000E+0
2.169900E+2	0.000000E+0
2.172563E+2	0.000000E+0
2.175226E+2	0.000000E+0
2.177889E+2	0.000000E+0
2.180551E+2	0.000000E+0
2.183214E+2	0.000000E+0
2.185877E+2	0.000000E+0
2.188539E+2	0.000000E+0
2.191202E+2	0.000000E+0
2.193864E+2	0.000000E+0
2.196527E+2	0.000000E+0
2.199189E+2	0.000000E+0
2.201851E+2	0.000000E+0
2.204513E+2	0.000000E+0
2.207175E+2	0.000000E+0
2.209837E+2	0.000000E+0
2.212499E+2	0.000000E+0
2.215161E+2	0.000000E+0
2.217823E+2	0.000000E+0
2.220485E+2	0.000000E+0
2.223146E+2	0.000000E+0
2.225808E+2	0.000000E+0
2.228469E+2	0.000000E+0
2.231131E+2	0.000000E+0
2.233792E+2	0.000000E+0
2.236453E+2	0.000000E+0
2.239115E+2	0.000000E+0
2.241776E+2	0.000000E+0
2.244437E+2	0.000000E+0
2.247098E+2	0.000000E+0
2.249759E+2	0.000000E+0
2.252420E+2	0.000000E+0
2.255080E+2	0.000000E+0
2.257741E+2	0.000000E+0
2.260402E+2	0.000000E+0
2.263062E+2	0.000000E+0
2.265723E+2	0.000000E+0
2.268383E+2	0.000000E+0
2.271044E+2	0.000000E+0
2.273704E+2	0.000000E+0
2.276364E+2	0.000000E+0
2.279024E+2	0.000000E+0
2.281684E+2	0.000000E+0
2.284344E+2	0.000000E+0
2.287004E+2	0.000000E+0
2.289664E+2	0.000000E+0
2.292324E+2	0.000000E+0
2.294984E+2	0.000000E+0
2.297643E+2	0.000000E+0
2.300303E+2	0.000000E+0
2.302962E+2	0.000000E+0
2.305622E+2	0.000000E+0
2.308281E+2	0.000000E+0
2.310940E+2	0.000000E+0
2.313599E+2	0.000000E+0
2.316259E+2	0.000000E+0
2.318918E+2	0.000000E+0
2.321577E+2	0.000000E+0
2.324236E+2	0.000000E+0
2.326894E+2	0.000000E+0
2.329553E+2	0.000000E+0
2.332212E+2	0.000000E+0
2.334871E+2	0.000000E+0
2.337529E+2	0.000000E+0
2.340188E+2	0.000000E+0
2.342846E+2	0.000000E+0
2.345504E+2	0.000000E+0
2.348163E+2	0.000000E+0
2.350821E+2	0.000000E+0
2.353479E+2	0.000000E+0
2.356137E+2	0.000000E+0
2.358795E+2	0.000000E+0
2.361453E+2	0.000000E+0
2.364111E+2	0.000000E+0
2.366769E+2	0.000000E+0
2.369426E+2	0.000000E+0
2.372084E+2	0.000000E+0
2.374741E+2	0.000000E+0
2.377399E+2	0.000000E+0
2.380056E+2	0.000000E+0
2.382714E+2	0.000000E+0
2.385371E+2	0.000000E+0
2.388028E+2	0.000000E+0
2.390685E+2	0.000000E+0
2.393342E+2	0.000000E+0
2.395999E+2	0.000000E+0
2.398656E+2	0.000000E+0
2.401313E+2	0.000000E+0
2.403970E+2	0.000000E+0
2.406626E+2	0.000000E+0
2.409283E+2	0.000000E+0
2.411940E+2	0.000000E+0
2.414596E+2	0.000000E+0
2.417252E+2	0.000000E+0
2.419909E+2	0.000000E+0
2.422565E+2	0.000000E+0
2.425221E+2	0.000000E+0
2.427877E+2	0.000000E+0
2.430533E+2	0.000000E+0
2.433189E+2	0.000000E+0
2.435845E+2	0.000000E+0
2.438501E+2	0.000000E+0
2.441157E+2	0.000000E+0
2.443812E+2	0.000000E+0
2.446468E+2	0.000000E+0
2.449124E+2	0.000000E+0
2.451779E+2	0.000000E+0
2.454434E+2	0.000000E+0
2.457090E+2	0.000000E+0
2.459745E+2	0.000000E+0
2.462400E+2	0.000000E+0
2.465055E+2	0.000000E+0
2.467710E+2	0.000000E+0
2.470365E+2	0.000000E+0
2.473020E+2	0.000000E+0
2.475675E+2	0.000000E+0
2.478330E+2	0.000000E+0
2.480984E+2	0.000000E+0
2.483639E+2	0.000000E+0
2.486294E+2	0.000000E+0
2.488948E+2	0.000000E+0
2.491602E+2	0.000000E+0
2.494257E+2	0.000000E+0
2.496911E+2	0.000000E+0
2.499565E+2	0.000000E+0
2.502219E+2	7.552417E+0
2.504873E+2	7.432198E+0
2.507527E+2	7.432198E+0
2.510181E+2	7.399412E+0
2.512835E+2	7.530559E+0
2.515489E+2	7.536024E+0
2.518142E+2	7.568810E+0
2.520796E+2	8.027827E+0
2.523449E+2	8.333838E+0
2.526103E+2	8.251871E+0
2.528756E+2	8.246406E+0
2.531409E+2	8.120723E+0
2.534063E+2	7.929466E+0
2.536716E+2	8.268264E+0
2.539369E+2	8.333838E+0
2.542022E+2	8.924002E+0
2.544675E+2	9.120723E+0
2.547328E+2	9.448592E+0
2.549980E+2	9.475914E+0
2.552633E+2	9.497772E+0
2.555286E+2	9.470450E+0
2.557938E+2	9.574275E+0
2.560591E+2	9.863892E+0
2.563243E+2	1.008794E+1
2.565896E+2	1.031198E+1
2.568548E+2	1.074367E+1
2.571200E+2	1.084750E+1
2.573852E+2	1.111526E+1
2.576504E+2	1.127919E+1
2.579156E+2	1.143220E+1
2.581808E+2	1.162892E+1
2.584460E+2	1.179832E+1
2.587112E+2	1.197865E+1
2.589763E+2	1.206608E+1
2.592415E+2	1.224641E+1
2.595067E+2	1.236116E+1
2.597718E+2	1.224641E+1
2.600369E+2	1.241034E+1
2.603021E+2	1.268356E+1
2.605672E+2	1.284203E+1
2.608323E+2	1.274914E+1
2.610974E+2	1.269449E+1
2.613625E+2	1.257427E+1
2.616276E+2	1.266171E+1
2.618927E+2	1.261253E+1
2.621578E+2	1.243766E+1
2.624229E+2	1.220269E+1
2.626880E+2	1.243220E+1
2.629530E+2	1.238848E+1
2.632181E+2	1.215351E+1
2.634831E+2	1.207701E+1
2.637482E+2	1.204422E+1
2.640132E+2	1.226826E+1
2.642782E+2	1.236116E+1
2.645432E+2	1.229012E+1
2.648082E+2	1.246499E+1
2.650732E+2	1.247045E+1
2.653382E+2	1.203876E+1
2.656032E+2	1.178739E+1
2.658682E+2	1.156335E+1
2.661332E+2	1.143766E+1
2.663981E+2	1.135023E+1
2.666631E+2	1.117537E+1
2.669281E+2	1.129012E+1
2.671930E+2	1.123001E+1
2.674579E+2	1.095132E+1
2.677229E+2	1.084203E+1
2.679878E+2	1.076553E+1
2.682527E+2	1.039941E+1
2.685176E+2	1.001143E+1
2.687825E+2	9.847499E+0
2.690474E+2	9.918537E+0
2.693123E+2	9.852963E+0
2.695772E+2	9.820177E+0
2.698420E+2	9.388483E+0
2.701069E+2	9.115259E+0
2.703718E+2	8.934931E+0
2.706366E+2	8.842034E+0
2.709014E+2	8.426734E+0
2.711663E+2	8.246406E+0
2.714311E+2	8.273728E+0
2.716959E+2	8.153510E+0
2.719607E+2	7.874821E+0
2.722255E+2	7.574275E+0
2.724903E+2	7.459521E+0
2.727551E+2	7.284657E+0
2.730199E+2	7.038756E+0
2.732847E+2	7.098865E+0
2.735495E+2	6.760067E+0
2.738142E+2	6.552417E+0
2.740790E+2	6.628920E+0
2.743437E+2	6.361160E+0
2.746085E+2	6.082472E+0
2.748732E+2	6.049685E+0
2.751379E+2	6.000504E+0
2.754026E+2	5.951324E+0
2.756674E+2	5.847499E+0
2.759321E+2	5.765532E+0
2.761968E+2	5.617991E+0
2.764614E+2	5.481379E+0
2.767261E+2	5.240942E+0
2.769908E+2	5.279193E+0
2.772555E+2	5.246406E+0
2.775201E+2	5.213619E+0
2.777848E+2	5.120723E+0
2.780494E+2	5.284657E+0
2.783141E+2	5.257335E+0
2.785787E+2	5.437663E+0
2.788433E+2	5.202690E+0
2.791079E+2	4.962253E+0
2.793725E+2	4.825641E+0
2.796371E+2	4.738209E+0
2.799017E+2	4.514166E+0
2.801663E+2	4.213619E+0
2.804309E+2	3.940395E+0
2.806955E+2	3.787390E+0
2.809600E+2	3.667171E+0
2.812246E+2	3.721816E+0
2.814891E+2	3.760067E+0
2.817537E+2	3.683565E+0
2.820182E+2	3.727280E+0
2.822827E+2	3.924002E+0
2.825473E+2	3.727280E+0
2.828118E+2	3.869357E+0
2.830763E+2	3.639849E+0
2.833408E+2	3.514166E+0
2.836053E+2	3.623455E+0
2.838697E+2	3.721816E+0
2.841342E+2	3.541488E+0
2.843987E+2	3.738209E+0
2.846632E+2	4.093401E+0
2.849276E+2	4.301051E+0
2.851921E+2	4.317444E+0
2.854565E+2	4.213619E+0
2.857209E+2	4.158974E+0
2.859853E+2	4.235477E+0
2.862498E+2	4.273728E+0
2.865142E+2	4.224548E+0
2.867786E+2	4.290122E+0
2.870430E+2	4.257335E+0
2.873074E+2	4.202690E+0
2.875717E+2	4.038756E+0
2.878361E+2	3.984111E+0
2.881005E+2	4.301051E+0
2.883648E+2	4.279193E+0
2.886292E+2	4.169903E+0
2.888935E+2	4.306515E+0
2.891579E+2	4.202690E+0
2.894222E+2	4.164439E+0
2.896865E+2	4.322909E+0
2.899508E+2	4.421269E+0
2.902151E+2	4.393947E+0
2.904794E+2	4.377554E+0
2.907437E+2	4.650778E+0
2.910080E+2	4.667171E+0
2.912723E+2	4.716351E+0
2.915366E+2	4.650778E+0
2.918008E+2	4.596133E+0
2.920651E+2	4.617991E+0
2.923293E+2	4.623455E+0
2.925936E+2	4.792854E+0
2.928578E+2	4.760067E+0
2.931220E+2	4.781925E+0
2.933863E+2	4.721816E+0
2.936505E+2	4.667171E+0
2.939147E+2	4.781925E+0
2.941789E+2	4.612526E+0
2.944431E+2	4.661707E+0
2.947072E+2	4.596133E+0
2.949714E+2	4.710887E+0
2.952356E+2	4.885750E+0
2.954997E+2	5.137116E+0
2.957639E+2	5.295586E+0
2.960280E+2	5.437663E+0
2.962922E+2	5.508701E+0
2.965563E+2	5.503237E+0
2.968204E+2	5.350231E+0
2.970845E+2	5.219084E+0
2.973486E+2	5.104330E+0
2.976127E+2	5.131652E+0
2.978768E+2	5.240942E+0
2.981409E+2	5.328373E+0
2.984050E+2	5.131652E+0
2.986691E+2	5.142581E+0
2.989331E+2	5.131652E+0
2.991972E+2	5.186297E+0
2.994612E+2	5.169903E+0
2.997253E+2	5.175368E+0
2.999893E+2	5.082472E+0
3.002534E+2	5.197226E+0
3.005174E+2	4.940395E+0
3.007814E+2	4.667171E+0
3.010454E+2	4.661707E+0
3.013094E+2	4.568810E+0
3.015734E+2	4.749138E+0
3.018374E+2	4.918537E+0
3.021013E+2	4.962253E+0
3.023653E+2	4.842034E+0
3.026293E+2	4.661707E+0
3.028932E+2	4.699958E+0
3.031572E+2	4.798319E+0
3.034211E+2	4.924002E+0
3.036850E+2	5.164439E+0
3.039489E+2	5.399412E+0
3.042129E+2	5.344767E+0
3.044768E+2	5.530559E+0
3.047407E+2	5.464985E+0
3.050046E+2	5.383018E+0
3.052685E+2	5.459521E+0
3.055323E+2	5.470450E+0
3.057962E+2	5.273728E+0
3.060601E+2	5.202690E+0
3.063239E+2	5.142581E+0
3.065878E+2	5.333838E+0
3.068516E+2	5.262799E+0
3.071155E+2	5.202690E+0
3.073793E+2	5.049685E+0
3.076431E+2	5.131652E+0
3.079069E+2	5.240942E+0
3.081707E+2	5.290122E+0
3.084345E+2	5.497772E+0
3.086983E+2	5.262799E+0
3.089621E+2	5.251871E+0
3.092259E+2	5.137116E+0
3.094896E+2	5.219084E+0
3.097534E+2	5.120723E+0
3.100171E+2	5.142581E+0
3.102809E+2	5.109794E+0
3.105446E+2	5.077007E+0
3.108084E+2	5.273728E+0
3.110721E+2	5.464985E+0
3.113358E+2	5.383018E+0
3.115995E+2	5.284657E+0
3.118632E+2	5.005969E+0
3.121269E+2	5.087936E+0
3.123906E+2	4.929466E+0
3.126543E+2	4.847499E+0
3.129179E+2	5.027827E+0
3.131816E+2	5.158974E+0
3.134453E+2	5.344767E+0
3.137089E+2	5.372089E+0
3.139725E+2	5.421269E+0
3.142362E+2	5.366625E+0
3.144998E+2	5.328373E+0
3.147634E+2	5.432198E+0
3.150270E+2	5.432198E+0
3.152906E+2	5.514166E+0
3.155542E+2	5.973182E+0
3.158178E+2	5.945860E+0
3.160814E+2	5.847499E+0
3.163450E+2	5.951324E+0
3.166086E+2	6.169903E+0
3.168721E+2	6.557881E+0
3.171357E+2	6.536024E+0
3.173992E+2	6.634384E+0
3.176627E+2	6.568810E+0
3.179263E+2	6.404876E+0
3.181898E+2	6.251871E+0
3.184533E+2	6.372089E+0
3.187168E+2	6.645313E+0
3.189803E+2	6.432198E+0
3.192438E+2	6.295586E+0
3.195073E+2	6.306515E+0
3.197708E+2	6.432198E+0
3.200342E+2	6.279193E+0
3.202977E+2	6.393947E+0
3.205612E+2	6.339302E+0
3.208246E+2	6.699958E+0
3.210881E+2	6.798319E+0
3.213515E+2	6.918537E+0
3.216149E+2	6.858428E+0
3.218783E+2	6.760067E+0
3.221417E+2	6.847499E+0
3.224051E+2	6.809248E+0
3.226685E+2	6.639849E+0
3.229319E+2	6.612526E+0
3.231953E+2	6.820177E+0
3.234587E+2	6.924002E+0
3.237221E+2	6.710887E+0
3.239854E+2	6.770996E+0
3.242488E+2	6.738209E+0
3.245121E+2	6.339302E+0
3.247754E+2	6.317444E+0
3.250388E+2	6.661707E+0
3.253021E+2	6.727280E+0
3.255654E+2	6.765532E+0
3.258287E+2	6.956789E+0
3.260920E+2	6.885750E+0
3.263553E+2	7.158974E+0
3.266186E+2	7.016898E+0
3.268819E+2	6.858428E+0
3.271451E+2	6.760067E+0
3.274084E+2	6.803783E+0
3.276717E+2	7.066078E+0
3.279349E+2	7.230013E+0
3.281981E+2	7.071543E+0
3.284614E+2	7.404876E+0
3.287246E+2	7.612526E+0
3.289878E+2	7.678100E+0
3.292510E+2	7.459521E+0
3.295142E+2	7.486843E+0
3.297774E+2	7.639849E+0
3.300406E+2	7.699958E+0
3.303038E+2	7.814712E+0
3.305670E+2	7.940395E+0
3.308301E+2	8.033291E+0
3.310933E+2	8.169903E+0
3.313564E+2	8.049685E+0
3.316196E+2	7.803783E+0
3.318827E+2	7.918537E+0
3.321458E+2	8.186297E+0
3.324089E+2	8.175368E+0
3.326721E+2	8.131652E+0
3.329352E+2	7.874821E+0
3.331983E+2	7.743674E+0
3.334614E+2	7.896679E+0
3.337244E+2	8.082472E+0
3.339875E+2	8.104330E+0
3.342506E+2	8.213619E+0
3.345136E+2	8.322909E+0
3.347767E+2	8.131652E+0
3.350397E+2	8.224548E+0
3.353028E+2	8.475914E+0
3.355658E+2	8.497772E+0
3.358288E+2	8.197226E+0
3.360918E+2	8.219084E+0
3.363548E+2	8.131652E+0
3.366178E+2	8.087936E+0
3.368808E+2	7.831106E+0
3.371438E+2	7.694493E+0
3.374068E+2	7.415805E+0
3.376698E+2	7.240942E+0
3.379327E+2	7.459521E+0
3.381957E+2	7.295586E+0
3.384586E+2	7.180832E+0
3.387216E+2	7.219084E+0
3.389845E+2	7.109794E+0
3.392474E+2	6.836570E+0
3.395103E+2	6.727280E+0
3.397733E+2	6.924002E+0
3.400362E+2	6.699958E+0
3.402990E+2	6.694493E+0
3.405619E+2	6.874821E+0
3.408248E+2	6.792854E+0
3.410877E+2	6.448592E+0
3.413506E+2	6.601597E+0
3.416134E+2	6.552417E+0
3.418763E+2	6.448592E+0
3.421391E+2	6.361160E+0
3.424019E+2	5.962253E+0
3.426648E+2	6.000504E+0
3.429276E+2	6.240942E+0
3.431904E+2	6.295586E+0
3.434532E+2	6.235477E+0
3.437160E+2	6.022362E+0
3.439788E+2	6.011433E+0
3.442416E+2	5.842034E+0
3.445043E+2	5.557881E+0
3.447671E+2	5.301051E+0
3.450299E+2	5.153510E+0
3.452926E+2	5.219084E+0
3.455554E+2	5.109794E+0
3.458181E+2	5.000504E+0
3.460808E+2	4.650778E+0
3.463436E+2	4.874821E+0
3.466063E+2	4.667171E+0
3.468690E+2	4.410340E+0
3.471317E+2	4.169903E+0
3.473944E+2	4.257335E+0
3.476570E+2	4.284657E+0
3.479197E+2	4.197226E+0
3.481824E+2	3.842034E+0
3.484451E+2	3.809248E+0
3.487077E+2	3.792854E+0
3.489704E+2	3.825641E+0
3.492330E+2	3.978646E+0
3.494956E+2	4.071543E+0
3.497582E+2	4.000504E+0
3.500209E+2	4.060614E+0
3.502835E+2	4.131652E+0
3.505461E+2	4.000504E+0
3.508087E+2	3.978646E+0
3.510713E+2	3.792854E+0
3.513338E+2	3.732745E+0
3.515964E+2	3.699958E+0
3.518590E+2	3.568810E+0
3.521215E+2	3.459521E+0
3.523841E+2	3.311980E+0
3.526466E+2	3.355696E+0
3.529091E+2	3.541488E+0
3.531717E+2	3.290122E+0
3.534342E+2	3.705422E+0
3.536967E+2	4.038756E+0
3.539592E+2	4.005969E+0
3.542217E+2	3.787390E+0
3.544842E+2	3.831106E+0
3.547467E+2	3.896679E+0
3.550091E+2	4.000504E+0
3.552716E+2	4.158974E+0
3.555341E+2	4.503237E+0
3.557965E+2	4.240942E+0
3.560590E+2	4.628920E+0
3.563214E+2	4.929466E+0
3.565838E+2	5.000504E+0
3.568462E+2	5.197226E+0
3.571086E+2	5.372089E+0
3.573711E+2	5.301051E+0
3.576335E+2	5.098865E+0
3.578958E+2	4.973182E+0
3.581582E+2	5.022362E+0
3.584206E+2	5.082472E+0
3.586830E+2	5.191761E+0
3.589453E+2	4.951324E+0
3.592077E+2	4.787390E+0
3.594700E+2	4.995040E+0
3.597324E+2	5.142581E+0
3.599947E+2	5.153510E+0
3.602570E+2	5.404876E+0
3.605193E+2	5.475914E+0
3.607816E+2	5.623455E+0
3.610439E+2	6.071543E+0
3.613062E+2	6.098865E+0
3.615685E+2	6.016898E+0
3.618308E+2	5.913073E+0
3.620930E+2	6.158974E+0
3.623553E+2	6.005969E+0
3.626176E+2	6.137116E+0
3.628798E+2	6.497772E+0
3.631420E+2	6.596133E+0
3.634043E+2	6.590668E+0
3.636665E+2	6.781925E+0
3.639287E+2	6.880286E+0
3.641909E+2	6.989575E+0
3.644531E+2	7.077007E+0
3.647153E+2	7.016898E+0
3.649775E+2	6.863892E+0
3.652397E+2	6.852963E+0
3.655018E+2	6.590668E+0
3.657640E+2	6.568810E+0
3.660262E+2	6.590668E+0
3.662883E+2	6.596133E+0
3.665505E+2	6.869357E+0
3.668126E+2	6.770996E+0
3.670747E+2	6.874821E+0
3.673368E+2	6.798319E+0
3.675989E+2	6.563346E+0
3.678610E+2	6.623455E+0
3.681231E+2	6.836570E+0
3.683852E+2	7.027827E+0
3.686473E+2	6.852963E+0
3.689094E+2	6.546953E+0
3.691714E+2	6.667171E+0
3.694335E+2	6.459521E+0
3.696955E+2	6.448592E+0
3.699576E+2	6.568810E+0
3.702196E+2	6.781925E+0
3.704816E+2	6.924002E+0
3.707437E+2	6.896679E+0
3.710057E+2	6.934931E+0
3.712677E+2	6.885750E+0
3.715297E+2	6.667171E+0
3.717917E+2	6.792854E+0
3.720536E+2	6.721816E+0
3.723156E+2	6.552417E+0
3.725776E+2	6.727280E+0
3.728395E+2	6.743674E+0
3.731015E+2	6.765532E+0
3.733634E+2	6.792854E+0
3.736254E+2	6.978646E+0
3.738873E+2	6.951324E+0
3.741492E+2	6.989575E+0
3.744111E+2	7.016898E+0
3.746730E+2	7.016898E+0
3.749349E+2	7.279193E+0
3.751968E+2	7.131652E+0
3.754587E+2	7.011433E+0
3.757206E+2	6.858428E+0
3.759824E+2	6.814712E+0
3.762443E+2	6.738209E+0
3.765061E+2	6.874821E+0
3.767680E+2	6.924002E+0
3.770298E+2	6.306515E+0
3.772916E+2	6.311980E+0
3.775535E+2	6.410340E+0
3.778153E+2	6.301051E+0
3.780771E+2	6.055149E+0
3.783389E+2	5.891215E+0
3.786007E+2	5.891215E+0
3.788624E+2	5.689029E+0
3.791242E+2	5.803783E+0
3.793860E+2	5.847499E+0
3.796477E+2	5.388483E+0
3.799095E+2	5.191761E+0
3.801712E+2	5.404876E+0
3.804330E+2	5.503237E+0
3.806947E+2	5.754603E+0
3.809564E+2	5.852963E+0
3.812181E+2	5.945860E+0
3.814798E+2	5.924002E+0
3.817415E+2	6.115259E+0
3.820032E+2	6.333838E+0
3.822649E+2	6.148045E+0
3.825266E+2	5.885750E+0
3.827883E+2	5.836570E+0
3.830499E+2	5.754603E+0
3.833116E+2	5.366625E+0
3.835732E+2	5.503237E+0
3.838348E+2	5.546953E+0
3.840965E+2	5.454056E+0
3.843581E+2	5.579739E+0
3.846197E+2	5.852963E+0
3.848813E+2	6.175368E+0
3.851429E+2	6.224548E+0
3.854045E+2	6.317444E+0
3.856661E+2	6.251871E+0
3.859277E+2	6.339302E+0
3.861892E+2	6.213619E+0
3.864508E+2	6.071543E+0
3.867124E+2	5.924002E+0
3.869739E+2	5.754603E+0
3.872354E+2	6.044220E+0
3.874970E+2	6.224548E+0
3.877585E+2	6.361160E+0
3.880200E+2	6.240942E+0
3.882815E+2	6.508701E+0
3.885430E+2	6.372089E+0
3.888045E+2	6.301051E+0
3.890660E+2	6.224548E+0
3.893275E+2	6.000504E+0
3.895889E+2	6.098865E+0
3.898504E+2	6.027827E+0
3.901118E+2	6.142581E+0
3.903733E+2	6.399412E+0
3.906347E+2	6.240942E+0
3.908962E+2	6.186297E+0
3.911576E+2	6.410340E+0
3.914190E+2	6.486843E+0
3.916804E+2	6.612526E+0
3.919418E+2	6.579739E+0
3.922032E+2	6.503237E+0
3.924646E+2	6.284657E+0
3.927260E+2	6.005969E+0
3.929873E+2	6.202690E+0
3.932487E+2	6.339302E+0
3.935100E+2	6.257335E+0
3.937714E+2	6.601597E+0
3.940327E+2	6.770996E+0
3.942941E+2	6.885750E+0
3.945554E+2	7.011433E+0
3.948167E+2	7.044220E+0
3.950780E+2	7.033291E+0
3.953393E+2	6.924002E+0
3.956006E+2	7.044220E+0
3.958619E+2	7.213619E+0
3.961232E+2	6.995040E+0
3.963844E+2	6.967718E+0
3.966457E+2	6.847499E+0
3.969069E+2	6.995040E+0
3.971682E+2	6.973182E+0
3.974294E+2	6.934931E+0
3.976907E+2	6.667171E+0
3.979519E+2	6.503237E+0
3.982131E+2	6.699958E+0
3.984743E+2	6.781925E+0
3.987355E+2	6.858428E+0
3.989967E+2	7.022362E+0
3.992579E+2	7.273728E+0
3.995191E+2	7.383018E+0
3.997802E+2	7.284657E+0
4.000414E+2	7.268264E+0
4.003025E+2	7.109794E+0
4.005637E+2	7.011433E+0
4.008248E+2	7.044220E+0
4.010860E+2	7.322909E+0
4.013471E+2	7.240942E+0
4.016082E+2	6.945860E+0
4.018693E+2	6.765532E+0
4.021304E+2	6.989575E+0
4.023915E+2	7.148045E+0
4.026526E+2	7.377554E+0
4.029137E+2	7.240942E+0
4.031747E+2	7.038756E+0
4.034358E+2	6.918537E+0
4.036968E+2	6.820177E+0
4.039579E+2	6.945860E+0
4.042189E+2	6.781925E+0
4.044800E+2	6.760067E+0
4.047410E+2	6.776461E+0
4.050020E+2	7.131652E+0
4.052630E+2	7.158974E+0
4.055240E+2	7.235477E+0
4.057850E+2	7.623455E+0
4.060460E+2	7.781925E+0
4.063070E+2	7.656242E+0
4.065679E+2	7.607062E+0
4.068289E+2	7.366625E+0
4.070898E+2	7.311980E+0
4.073508E+2	7.230013E+0
4.076117E+2	7.235477E+0
4.078727E+2	7.301051E+0
4.081336E+2	7.596133E+0
4.083945E+2	7.585204E+0
4.086554E+2	7.716351E+0
4.089163E+2	7.814712E+0
4.091772E+2	7.836570E+0
4.094381E+2	7.754603E+0
4.096990E+2	7.694493E+0
4.099598E+2	7.984111E+0
4.102207E+2	7.956789E+0
4.104815E+2	7.984111E+0
4.107424E+2	7.902144E+0
4.110032E+2	7.650778E+0
4.112640E+2	7.546953E+0
4.115249E+2	7.612526E+0
4.117857E+2	7.683565E+0
4.120465E+2	7.503237E+0
4.123073E+2	7.421269E+0
4.125681E+2	7.585204E+0
4.128289E+2	7.470450E+0
4.130896E+2	7.508701E+0
4.133504E+2	7.623455E+0
4.136112E+2	7.874821E+0
4.138719E+2	7.820177E+0
4.141327E+2	8.016898E+0
4.143934E+2	8.098865E+0
4.146541E+2	8.246406E+0
4.149149E+2	8.104330E+0
4.151756E+2	8.295586E+0
4.154363E+2	8.186297E+0
4.156970E+2	8.404876E+0
4.159577E+2	8.448592E+0
4.162184E+2	8.290122E+0
4.164790E+2	8.273728E+0
4.167397E+2	8.284657E+0
4.170004E+2	8.230013E+0
4.172610E+2	8.257335E+0
4.175217E+2	8.459521E+0
4.177823E+2	8.579739E+0
4.180429E+2	8.699958E+0
4.183035E+2	8.874821E+0
4.185642E+2	8.940395E+0
4.188248E+2	9.410340E+0
4.190854E+2	9.311980E+0
4.193459E+2	9.404876E+0
4.196065E+2	9.525095E+0
4.198671E+2	9.180832E+0
4.201277E+2	8.792854E+0
4.203882E+2	8.776461E+0
4.206488E+2	8.732745E+0
4.209093E+2	8.710887E+0
4.211699E+2	8.820177E+0
4.214304E+2	8.525095E+0
4.216909E+2	8.388483E+0
4.219514E+2	8.213619E+0
4.222119E+2	8.240942E+0
4.224724E+2	8.563346E+0
4.227329E+2	8.754603E+0
4.229934E+2	8.607062E+0
4.232539E+2	8.732745E+0
4.235143E+2	8.776461E+0
4.237748E+2	8.995040E+0
4.240352E+2	8.951324E+0
4.242957E+2	8.885750E+0
4.245561E+2	9.131652E+0
4.248166E+2	9.115259E+0
4.250770E+2	9.060614E+0
4.253374E+2	9.257335E+0
4.255978E+2	9.399412E+0
4.258582E+2	9.503237E+0
4.261186E+2	9.475914E+0
4.263790E+2	9.322909E+0
4.266393E+2	9.383018E+0
4.268997E+2	9.541488E+0
4.271600E+2	9.842034E+0
4.274204E+2	1.007154E+1
4.276807E+2	1.015351E+1
4.279411E+2	1.048684E+1
4.282014E+2	1.030105E+1
4.284617E+2	1.003329E+1
4.287220E+2	1.006061E+1
4.289823E+2	9.984111E+0
4.292426E+2	9.792854E+0
4.295029E+2	9.475914E+0
4.297632E+2	9.683565E+0
4.300235E+2	9.355696E+0
4.302837E+2	9.432198E+0
4.305440E+2	9.519630E+0
4.308042E+2	9.743674E+0
4.310645E+2	9.601597E+0
4.313247E+2	9.732745E+0
4.315849E+2	9.530559E+0
4.318451E+2	9.481379E+0
4.321054E+2	9.585204E+0
4.323656E+2	9.481379E+0
4.326258E+2	9.251871E+0
4.328859E+2	8.913073E+0
4.331461E+2	8.656242E+0
4.334063E+2	8.601597E+0
4.336665E+2	8.634384E+0
4.339266E+2	8.514166E+0
4.341868E+2	8.098865E+0
4.344469E+2	7.984111E+0
4.347070E+2	7.661707E+0
4.349671E+2	7.672636E+0
4.352273E+2	7.781925E+0
4.354874E+2	7.530559E+0
4.357475E+2	7.852963E+0
4.360076E+2	8.279193E+0
4.362677E+2	8.350231E+0
4.365277E+2	8.317444E+0
4.367878E+2	8.109794E+0
4.370479E+2	8.268264E+0
4.373079E+2	8.683565E+0
4.375680E+2	9.060614E+0
4.378280E+2	9.104330E+0
4.380880E+2	9.224548E+0
4.383480E+2	9.175368E+0
4.386081E+2	9.454056E+0
4.388681E+2	9.940395E+0
4.391281E+2	9.896679E+0
4.393881E+2	9.727280E+0
4.396480E+2	9.590668E+0
4.399080E+2	9.694493E+0
4.401680E+2	9.863892E+0
4.404279E+2	1.008247E+1
4.406879E+2	1.037755E+1
4.409478E+2	1.057427E+1
4.412078E+2	1.066717E+1
4.414677E+2	1.059067E+1
4.417276E+2	1.047591E+1
4.419875E+2	1.078739E+1
4.422474E+2	1.098411E+1
4.425073E+2	1.104422E+1
4.427672E+2	1.110433E+1
4.430271E+2	1.108247E+1
4.432870E+2	1.091307E+1
4.435469E+2	1.089668E+1
4.438067E+2	1.091854E+1
4.440666E+2	1.107701E+1
4.443264E+2	1.101690E+1
4.445862E+2	1.113712E+1
4.448461E+2	1.116990E+1
4.451059E+2	1.147591E+1
4.453657E+2	1.195132E+1
4.456255E+2	1.188575E+1
4.458853E+2	1.226826E+1
4.461451E+2	1.249231E+1
4.464049E+2	1.267264E+1
4.466646E+2	1.273274E+1
4.469244E+2	1.294040E+1
4.471842E+2	1.316444E+1
4.474439E+2	1.347045E+1
4.477036E+2	1.367810E+1
4.479634E+2	1.380378E+1
4.482231E+2	1.403329E+1
4.484828E+2	1.421362E+1
4.487425E+2	1.446499E+1
4.490022E+2	1.488575E+1
4.492619E+2	1.511526E+1
4.495216E+2	1.496772E+1
4.497813E+2	1.506608E+1
4.500410E+2	1.538302E+1
4.503006E+2	1.555242E+1
4.505603E+2	1.603329E+1
4.508199E+2	1.639941E+1
4.510796E+2	1.641034E+1
4.513392E+2	1.674914E+1
4.515988E+2	1.691854E+1
4.518584E+2	1.687482E+1
4.521180E+2	1.710979E+1
4.523776E+2	1.724094E+1
4.526372E+2	1.718630E+1
4.528968E+2	1.714805E+1
4.531564E+2	1.697865E+1
4.534160E+2	1.702236E+1
4.536755E+2	1.708794E+1
4.539351E+2	1.720269E+1
4.541946E+2	1.741034E+1
4.544541E+2	1.724094E+1
4.547137E+2	1.704422E+1
4.549732E+2	1.728466E+1
4.552327E+2	1.765078E+1
4.554922E+2	1.769996E+1
4.557517E+2	1.771089E+1
4.560112E+2	1.802236E+1
4.562707E+2	1.781471E+1
4.565302E+2	1.785843E+1
4.567896E+2	1.809887E+1
4.570491E+2	1.833384E+1
4.573085E+2	1.838848E+1
4.575680E+2	1.850870E+1
4.578274E+2	1.827919E+1
4.580868E+2	1.839395E+1
4.583463E+2	1.853602E+1
4.586057E+2	1.883657E+1
4.588651E+2	1.925734E+1
4.591245E+2	1.944313E+1
4.593838E+2	1.951963E+1
4.596432E+2	1.993493E+1
4.599026E+2	2.030105E+1
4.601620E+2	2.072182E+1
4.604213E+2	2.084750E+1
4.606807E+2	2.107701E+1
4.609400E+2	2.132837E+1
4.611993E+2	2.112072E+1
4.614587E+2	2.130652E+1
4.617180E+2	2.150870E+1
4.619773E+2	2.147045E+1
4.622366E+2	2.162346E+1
4.624959E+2	2.207701E+1
4.627552E+2	2.225187E+1
4.630144E+2	2.232291E+1
4.632737E+2	2.229559E+1
4.635330E+2	2.245952E+1
4.637922E+2	2.284203E+1
4.640515E+2	2.323001E+1
4.643107E+2	2.370542E+1
4.645699E+2	2.400050E+1
4.648292E+2	2.433384E+1
4.650884E+2	2.449777E+1
4.653476E+2	2.510433E+1
4.656068E+2	2.544313E+1
4.658660E+2	2.580378E+1
4.661251E+2	2.621362E+1
4.663843E+2	2.633930E+1
4.666435E+2	2.639941E+1
4.669026E+2	2.690214E+1
4.671618E+2	2.706061E+1
4.674209E+2	2.715897E+1
4.676801E+2	2.754695E+1
4.679392E+2	2.770542E+1
4.681983E+2	2.829012E+1
4.684574E+2	2.879832E+1
4.687165E+2	2.916444E+1
4.689756E+2	2.967264E+1
4.692347E+2	2.982564E+1
4.694938E+2	3.028466E+1
4.697529E+2	3.069996E+1
4.700119E+2	3.092400E+1
4.702710E+2	3.112619E+1
4.705300E+2	3.171635E+1
4.707891E+2	3.213165E+1
4.710481E+2	3.237755E+1
4.713071E+2	3.309887E+1
4.715661E+2	3.354149E+1
4.718252E+2	3.379285E+1
4.720842E+2	3.435570E+1
4.723431E+2	3.462346E+1
4.726021E+2	3.498958E+1
4.728611E+2	3.531744E+1
4.731201E+2	3.592400E+1
4.733790E+2	3.638302E+1
4.736380E+2	3.690214E+1
4.738969E+2	3.741034E+1
4.741559E+2	3.795679E+1
4.744148E+2	3.859067E+1
4.746737E+2	3.918630E+1
4.749326E+2	3.978193E+1
4.751915E+2	4.044313E+1
4.754504E+2	4.093493E+1
4.757093E+2	4.143220E+1
4.759682E+2	4.204422E+1
4.762271E+2	4.249777E+1
4.764859E+2	4.313165E+1
4.767448E+2	4.371635E+1
4.770037E+2	4.439395E+1
4.772625E+2	4.502236E+1
4.775213E+2	4.548684E+1
4.777802E+2	4.607154E+1
4.780390E+2	4.657427E+1
4.782978E+2	4.686936E+1
4.785566E+2	4.774367E+1
4.788154E+2	4.864531E+1
4.790742E+2	4.966717E+1
4.793329E+2	5.014258E+1
4.795917E+2	5.063438E+1
4.798505E+2	5.119723E+1
4.801092E+2	5.181471E+1
4.803680E+2	5.269996E+1
4.806267E+2	5.335570E+1
4.808854E+2	5.414258E+1
4.811442E+2	5.473821E+1
4.814029E+2	5.527373E+1
4.816616E+2	5.616444E+1
4.819203E+2	5.684203E+1
4.821790E+2	5.773274E+1
4.824377E+2	5.855242E+1
4.826963E+2	5.920815E+1
4.829550E+2	6.014805E+1
4.832137E+2	6.120269E+1
4.834723E+2	6.221362E+1
4.837310E+2	6.334477E+1
4.839896E+2	6.429559E+1
4.842482E+2	6.525734E+1
4.845068E+2	6.617537E+1
4.847655E+2	6.712072E+1
4.850241E+2	6.819723E+1
4.852827E+2	6.925734E+1
4.855412E+2	7.003876E+1
4.857998E+2	7.114258E+1
4.860584E+2	7.224094E+1
4.863170E+2	7.322455E+1
4.865755E+2	7.427373E+1
4.868341E+2	7.551963E+1
4.870926E+2	7.627919E+1
4.873511E+2	7.738848E+1
4.876097E+2	7.878739E+1
4.878682E+2	8.014258E+1
4.881267E+2	8.168903E+1
4.883852E+2	8.296225E+1
4.886437E+2	8.424094E+1
4.889022E+2	8.556335E+1
4.891606E+2	8.680925E+1
4.894191E+2	8.811526E+1
4.896776E+2	8.948684E+1
4.899360E+2	9.096772E+1
4.901945E+2	9.229559E+1
4.904529E+2	9.339395E+1
4.907113E+2	9.480378E+1
4.909697E+2	9.620269E+1
4.912282E+2	9.766171E+1
4.914866E+2	9.924094E+1
4.917450E+2	1.005196E+2
4.920034E+2	1.023776E+2
4.922617E+2	1.036016E+2
4.925201E+2	1.050278E+2
4.927785E+2	1.067601E+2
4.930368E+2	1.082683E+2
4.932952E+2	1.097765E+2
4.935535E+2	1.115961E+2
4.938118E+2	1.131699E+2
4.940702E+2	1.146125E+2
4.943285E+2	1.161317E+2
4.945868E+2	1.176508E+2
4.948451E+2	1.191317E+2
4.951034E+2	1.210934E+2
4.953617E+2	1.228475E+2
4.956200E+2	1.247983E+2
4.958782E+2	1.265524E+2
4.961365E+2	1.282519E+2
4.963947E+2	1.301098E+2
4.966530E+2	1.319404E+2
4.969112E+2	1.337273E+2
4.971694E+2	1.359349E+2
4.974277E+2	1.373776E+2
4.976859E+2	1.392191E+2
4.979441E+2	1.411317E+2
4.982023E+2	1.433229E+2
4.984605E+2	1.452956E+2
4.987187E+2	1.472792E+2
4.989768E+2	1.489841E+2
4.992350E+2	1.508584E+2
4.994931E+2	1.526125E+2
4.997513E+2	1.543830E+2
5.000094E+2	1.563994E+2
5.002676E+2	1.585087E+2
5.005257E+2	1.603830E+2
5.007838E+2	1.621207E+2
5.010419E+2	1.641371E+2
5.013000E+2	1.664431E+2
5.015581E+2	1.684759E+2
5.018162E+2	1.708694E+2
5.020743E+2	1.729459E+2
5.023323E+2	1.752300E+2
5.025904E+2	1.773830E+2
5.028485E+2	1.797000E+2
5.031065E+2	1.821317E+2
5.033645E+2	1.843939E+2
5.036226E+2	1.865579E+2
5.038806E+2	1.885524E+2
5.041386E+2	1.908256E+2
5.043966E+2	1.932519E+2
5.046546E+2	1.954431E+2
5.049126E+2	1.979021E+2
5.051706E+2	2.008147E+2
5.054285E+2	2.033885E+2
5.056865E+2	2.059623E+2
5.059445E+2	2.084158E+2
5.062024E+2	2.110442E+2
5.064604E+2	2.135961E+2
5.067183E+2	2.162628E+2
5.069762E+2	2.189786E+2
5.072341E+2	2.215470E+2
5.074920E+2	2.245907E+2
5.077499E+2	2.271043E+2
5.080078E+2	2.301098E+2
5.082657E+2	2.328858E+2
5.085236E+2	2.358639E+2
5.087815E+2	2.391371E+2
5.090393E+2	2.423502E+2
5.092972E+2	2.453448E+2
5.095550E+2	2.487054E+2
5.098129E+2	2.521699E+2
5.100707E+2	2.554978E+2
5.103285E+2	2.587491E+2
5.105863E+2	2.625251E+2
5.108441E+2	2.657819E+2
5.111019E+2	2.692628E+2
5.113597E+2	2.725797E+2
5.116175E+2	2.758038E+2
5.118753E+2	2.789950E+2
5.121330E+2	2.825251E+2
5.123908E+2	2.860825E+2
5.126485E+2	2.897819E+2
5.129063E+2	2.936617E+2
5.131640E+2	2.982847E+2
5.134217E+2	3.021918E+2
5.136794E+2	3.061480E+2
5.139371E+2	3.098803E+2
5.141948E+2	3.140442E+2
5.144525E+2	3.181863E+2
5.147102E+2	3.223721E+2
5.149679E+2	3.269677E+2
5.152256E+2	3.312355E+2
5.154832E+2	3.358092E+2
5.157409E+2	3.404049E+2
5.159985E+2	3.449076E+2
5.162562E+2	3.496836E+2
5.165138E+2	3.544595E+2
5.167714E+2	3.591918E+2
5.170290E+2	3.638967E+2
5.172866E+2	3.690224E+2
5.175442E+2	3.737601E+2
5.178018E+2	3.787109E+2
5.180594E+2	3.835251E+2
5.183170E+2	3.883612E+2
5.185745E+2	3.932082E+2
5.188321E+2	3.979786E+2
5.190896E+2	4.028803E+2
5.193472E+2	4.085360E+2
5.196047E+2	4.137929E+2
5.198622E+2	4.192245E+2
5.201197E+2	4.247218E+2
5.203772E+2	4.301918E+2
5.206347E+2	4.360770E+2
5.208922E+2	4.411808E+2
5.211497E+2	4.466617E+2
5.214072E+2	4.522737E+2
5.216646E+2	4.580114E+2
5.219221E+2	4.640442E+2
5.221795E+2	4.699131E+2
5.224370E+2	4.758748E+2
5.226944E+2	4.813338E+2
5.229519E+2	4.873557E+2
5.232093E+2	4.936289E+2
5.234667E+2	4.998475E+2
5.237241E+2	5.064868E+2
5.239815E+2	5.131371E+2
5.242389E+2	5.193994E+2
5.244962E+2	5.254049E+2
5.247536E+2	5.318038E+2
5.250110E+2	5.385306E+2
5.252683E+2	5.450661E+2
5.255257E+2	5.517273E+2
5.257830E+2	5.584158E+2
5.260403E+2	5.651426E+2
5.262977E+2	5.717164E+2
5.265550E+2	5.790169E+2
5.268123E+2	5.860060E+2
5.270696E+2	5.931426E+2
5.273269E+2	6.008202E+2
5.275841E+2	6.083994E+2
5.278414E+2	6.153939E+2
5.280987E+2	6.227109E+2
5.283559E+2	6.299185E+2
5.286132E+2	6.373776E+2
5.288704E+2	6.445032E+2
5.291276E+2	6.523721E+2
5.293849E+2	6.601207E+2
5.296421E+2	6.680661E+2
5.298993E+2	6.757054E+2
5.301565E+2	6.838202E+2
5.304137E+2	6.920497E+2
5.306709E+2	6.997601E+2
5.309280E+2	7.080442E+2
5.311852E+2	7.162519E+2
5.314424E+2	7.242300E+2
5.316995E+2	7.331808E+2
5.319567E+2	7.418803E+2
5.322138E+2	7.506726E+2
5.324709E+2	7.592136E+2
5.327280E+2	7.681207E+2
5.329852E+2	7.768858E+2
5.332423E+2	7.859459E+2
5.334994E+2	7.949404E+2
5.337564E+2	8.040606E+2
5.340135E+2	8.136562E+2
5.342706E+2	8.237327E+2
5.345276E+2	8.334978E+2
5.347847E+2	8.434213E+2
5.350417E+2	8.528147E+2
5.352988E+2	8.626344E+2
5.355558E+2	8.721426E+2
5.358128E+2	8.816726E+2
5.360698E+2	8.918256E+2
5.363269E+2	9.021153E+2
5.365839E+2	9.124541E+2
5.368408E+2	9.227218E+2
5.370978E+2	9.331863E+2
5.373548E+2	9.439513E+2
5.376118E+2	9.545524E+2
5.378687E+2	9.651535E+2
5.381257E+2	9.762956E+2
5.383826E+2	9.879404E+2
5.386395E+2	9.990661E+2
5.388965E+2	1.010143E+3
5.391534E+2	1.021711E+3
5.394103E+2	1.033186E+3
5.396672E+2	1.045170E+3
5.399241E+2	1.056924E+3
5.401810E+2	1.068749E+3
5.404378E+2	1.080771E+3
5.406947E+2	1.092093E+3
5.409516E+2	1.103919E+3
5.412084E+2	1.116345E+3
5.414653E+2	1.129132E+3
5.417221E+2	1.142033E+3
5.419789E+2	1.154694E+3
5.422357E+2	1.166793E+3
5.424925E+2	1.179842E+3
5.427493E+2	1.192705E+3
5.430061E+2	1.205470E+3
5.432629E+2	1.218449E+3
5.435197E+2	1.232334E+3
5.437765E+2	1.246126E+3
5.440332E+2	1.260033E+3
5.442900E+2	1.273164E+3
5.445467E+2	1.287110E+3
5.448035E+2	1.301061E+3
5.450602E+2	1.315181E+3
5.453169E+2	1.329268E+3
5.455736E+2	1.343623E+3
5.458303E+2	1.357968E+3
5.460870E+2	1.372481E+3
5.463437E+2	1.387296E+3
5.466004E+2	1.401924E+3
5.468571E+2	1.416214E+3
5.471137E+2	1.430886E+3
5.473704E+2	1.444995E+3
5.476270E+2	1.459847E+3
5.478837E+2	1.474990E+3
5.481403E+2	1.490454E+3
5.483969E+2	1.505990E+3
5.486535E+2	1.521700E+3
5.489101E+2	1.537536E+3
5.491667E+2	1.553372E+3
5.494233E+2	1.569509E+3
5.496799E+2	1.585962E+3
5.499365E+2	1.601935E+3
5.501931E+2	1.618230E+3
5.504496E+2	1.634897E+3
5.507062E+2	1.651935E+3
5.509627E+2	1.668230E+3
5.512192E+2	1.685771E+3
5.514758E+2	1.702684E+3
5.517323E+2	1.719607E+3
5.519888E+2	1.736476E+3
5.522453E+2	1.753837E+3
5.525018E+2	1.771361E+3
5.527583E+2	1.788421E+3
5.530147E+2	1.805919E+3
5.532712E+2	1.823268E+3
5.535277E+2	1.841793E+3
5.537841E+2	1.859574E+3
5.540406E+2	1.877399E+3
5.542970E+2	1.895858E+3
5.545534E+2	1.914520E+3
5.548098E+2	1.932847E+3
5.550663E+2	1.951077E+3
5.553227E+2	1.969787E+3
5.555791E+2	1.989011E+3
5.558354E+2	2.008148E+3
5.560918E+2	2.026820E+3
5.563482E+2	2.046935E+3
5.566046E+2	2.066541E+3
5.568609E+2	2.086312E+3
5.571173E+2	2.105897E+3
5.573736E+2	2.126121E+3
5.576299E+2	2.146607E+3
5.578862E+2	2.167290E+3
5.581426E+2	2.187388E+3
5.583989E+2	2.207940E+3
5.586552E+2	2.228995E+3
5.589114E+2	2.249842E+3
5.591677E+2	2.270394E+3
5.594240E+2	2.291481E+3
5.596803E+2	2.312662E+3
5.599365E+2	2.334826E+3
5.601928E+2	2.356776E+3
5.604490E+2	2.378596E+3
5.607052E+2	2.400290E+3
5.609614E+2	2.423050E+3
5.612177E+2	2.445432E+3
5.614739E+2	2.467574E+3
5.617301E+2	2.489585E+3
5.619863E+2	2.512077E+3
5.622424E+2	2.535541E+3
5.624986E+2	2.559033E+3
5.627548E+2	2.582853E+3
5.630109E+2	2.607044E+3
5.632671E+2	2.630662E+3
5.635232E+2	2.653929E+3
5.637794E+2	2.678033E+3
5.640355E+2	2.702574E+3
5.642916E+2	2.727044E+3
5.645477E+2	2.751645E+3
5.648038E+2	2.776826E+3
5.650599E+2	2.801940E+3
5.653160E+2	2.826990E+3
5.655721E+2	2.853093E+3
5.658281E+2	2.879640E+3
5.660842E+2	2.905946E+3
5.663402E+2	2.931394E+3
5.665963E+2	2.958307E+3
5.668523E+2	2.985099E+3
5.671083E+2	3.012694E+3
5.673644E+2	3.041864E+3
5.676204E+2	3.069541E+3
5.678764E+2	3.097847E+3
5.681324E+2	3.127503E+3
5.683883E+2	3.156902E+3
5.686443E+2	3.185503E+3
5.689003E+2	3.215186E+3
5.691562E+2	3.244711E+3
5.694122E+2	3.274809E+3
5.696681E+2	3.304470E+3
5.699241E+2	3.334022E+3
5.701800E+2	3.364252E+3
5.704359E+2	3.394919E+3
5.706918E+2	3.426388E+3
5.709477E+2	3.457121E+3
5.712036E+2	3.487853E+3
5.714595E+2	3.519416E+3
5.717154E+2	3.551367E+3
5.719713E+2	3.582252E+3
5.722271E+2	3.614585E+3
5.724830E+2	3.647317E+3
5.727388E+2	3.680268E+3
5.729947E+2	3.712591E+3
5.732505E+2	3.745225E+3
5.735063E+2	3.778126E+3
5.737621E+2	3.813645E+3
5.740179E+2	3.848421E+3
5.742737E+2	3.882929E+3
5.745295E+2	3.917716E+3
5.747853E+2	3.952378E+3
5.750411E+2	3.988268E+3
5.752968E+2	4.024640E+3
5.755526E+2	4.059607E+3
5.758083E+2	4.094345E+3
5.760641E+2	4.130727E+3
5.763198E+2	4.167410E+3
5.765755E+2	4.203684E+3
5.768312E+2	4.241170E+3
5.770869E+2	4.278602E+3
5.773426E+2	4.316634E+3
5.775983E+2	4.354798E+3
5.778540E+2	4.393001E+3
5.781097E+2	4.432339E+3
5.783653E+2	4.471225E+3
5.786210E+2	4.509995E+3
5.788766E+2	4.548968E+3
5.791323E+2	4.589219E+3
5.793879E+2	4.630263E+3
5.796435E+2	4.669476E+3
5.798991E+2	4.709410E+3
5.801547E+2	4.749476E+3
5.804103E+2	4.789246E+3
5.806659E+2	4.828694E+3
5.809215E+2	4.869334E+3
5.811771E+2	4.910126E+3
5.814327E+2	4.950520E+3
5.816882E+2	4.990585E+3
5.819438E+2	5.031924E+3
5.821993E+2	5.073531E+3
5.824548E+2	5.114410E+3
5.827104E+2	5.156230E+3
5.829659E+2	5.196694E+3
5.832214E+2	5.237268E+3
5.834769E+2	5.279361E+3
5.837324E+2	5.320460E+3
5.839878E+2	5.362585E+3
5.842433E+2	5.404443E+3
5.844988E+2	5.445984E+3
5.847542E+2	5.487733E+3
5.850097E+2	5.528853E+3
5.852651E+2	5.570929E+3
5.855206E+2	5.612880E+3
5.857760E+2	5.654826E+3
5.860314E+2	5.696596E+3
5.862868E+2	5.738815E+3
5.865422E+2	5.781416E+3
5.867976E+2	5.824744E+3
5.870530E+2	5.867487E+3
5.873084E+2	5.909897E+3
5.875637E+2	5.953673E+3
5.878191E+2	5.997137E+3
5.880744E+2	6.040716E+3
5.883298E+2	6.084940E+3
5.885851E+2	6.128640E+3
5.888404E+2	6.172787E+3
5.890958E+2	6.216815E+3
5.893511E+2	6.258449E+3
5.896064E+2	6.301066E+3
5.898617E+2	6.343891E+3
5.901169E+2	6.387847E+3
5.903722E+2	6.432148E+3
5.906275E+2	6.475427E+3
5.908827E+2	6.519039E+3
5.911380E+2	6.563121E+3
5.913932E+2	6.607951E+3
5.916485E+2	6.651274E+3
5.919037E+2	6.696175E+3
5.921589E+2	6.739744E+3
5.924141E+2	6.783711E+3
5.926693E+2	6.827886E+3
5.929245E+2	6.872623E+3
5.931797E+2	6.916246E+3
5.934349E+2	6.960017E+3
5.936900E+2	7.003438E+3
5.939452E+2	7.048225E+3
5.942004E+2	7.091367E+3
5.944555E+2	7.135175E+3
5.947106E+2	7.179421E+3
5.949658E+2	7.222110E+3
5.952209E+2	7.266334E+3
5.954760E+2	7.310241E+3
5.957311E+2	7.354159E+3
5.959862E+2	7.398820E+3
5.962413E+2	7.443520E+3
5.964963E+2	7.487192E+3
5.967514E+2	7.530722E+3
5.970065E+2	7.574908E+3
5.972615E+2	7.621039E+3
5.975166E+2	7.665476E+3
5.977716E+2	7.710001E+3
5.980266E+2	7.754629E+3
5.982816E+2	7.797531E+3
5.985367E+2	7.841574E+3
5.987917E+2	7.887039E+3
5.990467E+2	7.930973E+3
5.993016E+2	7.974711E+3
5.995566E+2	8.018339E+3
5.998116E+2	8.061383E+3
6.000665E+2	8.105940E+3
6.003215E+2	8.148826E+3
6.005764E+2	8.193979E+3
6.008314E+2	8.239055E+3
6.010863E+2	8.284438E+3
6.013412E+2	8.327257E+3
6.015961E+2	8.371585E+3
6.018510E+2	8.416618E+3
6.021059E+2	8.460946E+3
6.023608E+2	8.504738E+3
6.026157E+2	8.547651E+3
6.028706E+2	8.591924E+3
6.031254E+2	8.634170E+3
6.033803E+2	8.675498E+3
6.036351E+2	8.718252E+3
6.038900E+2	8.760225E+3
6.041448E+2	8.803154E+3
6.043996E+2	8.845656E+3
6.046544E+2	8.887913E+3
6.049092E+2	8.931427E+3
6.051640E+2	8.975323E+3
6.054188E+2	9.018804E+3
6.056736E+2	9.062858E+3
6.059283E+2	9.104853E+3
6.061831E+2	9.145864E+3
6.064378E+2	9.187388E+3
6.066926E+2	9.229328E+3
6.069473E+2	9.271804E+3
6.072021E+2	9.313913E+3
6.074568E+2	9.353782E+3
6.077115E+2	9.394634E+3
6.079662E+2	9.434651E+3
6.082209E+2	9.475929E+3
6.084756E+2	9.514793E+3
6.087302E+2	9.555585E+3
6.089849E+2	9.595864E+3
6.092396E+2	9.635361E+3
6.094942E+2	9.675492E+3
6.097489E+2	9.717367E+3
6.100035E+2	9.757449E+3
6.102581E+2	9.795831E+3
6.105127E+2	9.834973E+3
6.107674E+2	9.874465E+3
6.110220E+2	9.913541E+3
6.112766E+2	9.953405E+3
6.115311E+2	9.992470E+3
6.117857E+2	1.003335E+4
6.120403E+2	1.007294E+4
6.122948E+2	1.011112E+4
6.125494E+2	1.014920E+4
6.128039E+2	1.018638E+4
6.130585E+2	1.022376E+4
6.133130E+2	1.026120E+4
6.135675E+2	1.029871E+4
6.138220E+2	1.033645E+4
6.140765E+2	1.037411E+4
6.143310E+2	1.041035E+4
6.145855E+2	1.044614E+4
6.148400E+2	1.048343E+4
6.150945E+2	1.051977E+4
6.153489E+2	1.055816E+4
6.156034E+2	1.059342E+4
6.158578E+2	1.063214E+4
6.161123E+2	1.066844E+4
6.163667E+2	1.070411E+4
6.166211E+2	1.073998E+4
6.168755E+2	1.077654E+4
6.171299E+2	1.081438E+4
6.173843E+2	1.084891E+4
6.176387E+2	1.088489E+4
6.178931E+2	1.091982E+4
6.181474E+2	1.095617E+4
6.184018E+2	1.099277E+4
6.186561E+2	1.102992E+4
6.189105E+2	1.106683E+4
6.191648E+2	1.110078E+4
6.194191E+2	1.113510E+4
6.196735E+2	1.117009E+4
6.199278E+2	1.120514E+4
6.201821E+2	1.123986E+4
6.204364E+2	1.127336E+4
6.206907E+2	1.130598E+4
6.209449E+2	1.133955E+4
6.211992E+2	1.137351E+4
6.214535E+2	1.140477E+4
6.217077E+2	1.143883E+4
6.219619E+2	1.147054E+4
6.222162E+2	1.150245E+4
6.224704E+2	1.153368E+4
6.227246E+2	1.156480E+4
6.229788E+2	1.159737E+4
6.232330E+2	1.163046E+4
6.234872E+2	1.166374E+4
6.237414E+2	1.169310E+4
6.239956E+2	1.172391E+4
6.242498E+2	1.175492E+4
6.245039E+2	1.178396E+4
6.247581E+2	1.181529E+4
6.250122E+2	1.184355E+4
6.252663E+2	1.187177E+4
6.255205E+2	1.189998E+4
6.257746E+2	1.192806E+4
6.260287E+2	1.195566E+4
6.262828E+2	1.198114E+4
6.265369E+2	1.200864E+4
6.267910E+2	1.203377E+4
6.270450E+2	1.205901E+4
6.272991E+2	1.208276E+4
6.275532E+2	1.210524E+4
6.278072E+2	1.212763E+4
6.280613E+2	1.214979E+4
6.283153E+2	1.216939E+4
6.285693E+2	1.219124E+4
6.288233E+2	1.220914E+4
6.290773E+2	1.222891E+4
6.293313E+2	1.224630E+4
6.295853E+2	1.226338E+4
6.298393E+2	1.228077E+4
6.300933E+2	1.229588E+4
6.303472E+2	1.230954E+4
6.306012E+2	1.232266E+4
6.308551E+2	1.233475E+4
6.311091E+2	1.234757E+4
6.313630E+2	1.235958E+4
6.316169E+2	1.237031E+4
6.318709E+2	1.237827E+4
6.321248E+2	1.238446E+4
6.323787E+2	1.239201E+4
6.326326E+2	1.239659E+4
6.328864E+2	1.240212E+4
6.331403E+2	1.240515E+4
6.333942E+2	1.240810E+4
6.336480E+2	1.241059E+4
6.339019E+2	1.240938E+4
6.341557E+2	1.240836E+4
6.344095E+2	1.240671E+4
6.346634E+2	1.240539E+4
6.349172E+2	1.240088E+4
6.351710E+2	1.239506E+4
6.354248E+2	1.238906E+4
6.356786E+2	1.238307E+4
6.359324E+2	1.237568E+4
6.361861E+2	1.236675E+4
6.364399E+2	1.235603E+4
6.366936E+2	1.234190E+4
6.369474E+2	1.233372E+4
6.372011E+2	1.232024E+4
6.374549E+2	1.230783E+4
6.377086E+2	1.229327E+4
6.379623E+2	1.227700E+4
6.382160E+2	1.225958E+4
6.384697E+2	1.223879E+4
6.387234E+2	1.221791E+4
6.389771E+2	1.219665E+4
6.392307E+2	1.217749E+4
6.394844E+2	1.215645E+4
6.397380E+2	1.213408E+4
6.399917E+2	1.211163E+4
6.402453E+2	1.208585E+4
6.404990E+2	1.205891E+4
6.407526E+2	1.203061E+4
6.410062E+2	1.200103E+4
6.412598E+2	1.197280E+4
6.415134E+2	1.194302E+4
6.417670E+2	1.191409E+4
6.420206E+2	1.188225E+4
6.422741E+2	1.185169E+4
6.425277E+2	1.182001E+4
6.427812E+2	1.178797E+4
6.430348E+2	1.175437E+4
6.432883E+2	1.172221E+4
6.435418E+2	1.168727E+4
6.437954E+2	1.165406E+4
6.440489E+2	1.161851E+4
6.443024E+2	1.158332E+4
6.445559E+2	1.154689E+4
6.448094E+2	1.151314E+4
6.450628E+2	1.147520E+4
6.453163E+2	1.144002E+4
6.455698E+2	1.140508E+4
6.458232E+2	1.136950E+4
6.460767E+2	1.133498E+4
6.463301E+2	1.129989E+4
6.465835E+2	1.126314E+4
6.468369E+2	1.122371E+4
6.470903E+2	1.118430E+4
6.473437E+2	1.114780E+4
6.475971E+2	1.111172E+4
6.478505E+2	1.107420E+4
6.481039E+2	1.103547E+4
6.483573E+2	1.099653E+4
6.486106E+2	1.095807E+4
6.488640E+2	1.091913E+4
6.491173E+2	1.087992E+4
6.493706E+2	1.084241E+4
6.496240E+2	1.080461E+4
6.498773E+2	1.076755E+4
6.501306E+2	1.072837E+4
6.503839E+2	1.069237E+4
6.506372E+2	1.065576E+4
6.508905E+2	1.061814E+4
6.511437E+2	1.058050E+4
6.513970E+2	1.054404E+4
6.516503E+2	1.050761E+4
6.519035E+2	1.047250E+4
6.521567E+2	1.043771E+4
6.524100E+2	1.040084E+4
6.526632E+2	1.036621E+4
6.529164E+2	1.033083E+4
6.531696E+2	1.029751E+4
6.534228E+2	1.026363E+4
6.536760E+2	1.023040E+4
6.539292E+2	1.019886E+4
6.541824E+2	1.016750E+4
6.544355E+2	1.013513E+4
6.546887E+2	1.010163E+4
6.549418E+2	1.006995E+4
6.551950E+2	1.003722E+4
6.554481E+2	1.000526E+4
6.557012E+2	9.974787E+3
6.559543E+2	9.944913E+3
6.562074E+2	9.914667E+3
6.564605E+2	9.887394E+3
6.567136E+2	9.860235E+3
6.569667E+2	9.831727E+3
6.572198E+2	9.803427E+3
6.574728E+2	9.776498E+3
6.577259E+2	9.748339E+3
6.579789E+2	9.720164E+3
6.582319E+2	9.691481E+3
6.584850E+2	9.667148E+3
6.587380E+2	9.641744E+3
6.589910E+2	9.618099E+3
6.592440E+2	9.593853E+3
6.594970E+2	9.569509E+3
6.597500E+2	9.547929E+3
6.600030E+2	9.523596E+3
6.602559E+2	9.500394E+3
6.605089E+2	9.478563E+3
6.607618E+2	9.453902E+3
6.610148E+2	9.432175E+3
6.612677E+2	9.409175E+3
6.615206E+2	9.387290E+3
6.617736E+2	9.365110E+3
6.620265E+2	9.342837E+3
6.622794E+2	9.321072E+3
6.625323E+2	9.300547E+3
6.627851E+2	9.278552E+3
6.630380E+2	9.258066E+3
6.632909E+2	9.237826E+3
6.635437E+2	9.218121E+3
6.637966E+2	9.197984E+3
6.640494E+2	9.178858E+3
6.643023E+2	9.161470E+3
6.645551E+2	9.142929E+3
6.648079E+2	9.124317E+3
6.650607E+2	9.105585E+3
6.653135E+2	9.087531E+3
6.655663E+2	9.070858E+3
6.658191E+2	9.051858E+3
6.660718E+2	9.034460E+3
6.663246E+2	9.017503E+3
6.665774E+2	9.001826E+3
6.668301E+2	8.983312E+3
6.670828E+2	8.969569E+3
6.673356E+2	8.952476E+3
6.675883E+2	8.936022E+3
6.678410E+2	8.919219E+3
6.680937E+2	8.901487E+3
6.683464E+2	8.885148E+3
6.685991E+2	8.867886E+3
6.688518E+2	8.852192E+3
6.691044E+2	8.836132E+3
6.693571E+2	8.820580E+3
6.696098E+2	8.804317E+3
6.698624E+2	8.786684E+3
6.701150E+2	8.770618E+3
6.703677E+2	8.754159E+3
6.706203E+2	8.737186E+3
6.708729E+2	8.720929E+3
6.711255E+2	8.703798E+3
6.713781E+2	8.688410E+3
6.716307E+2	8.673268E+3
6.718832E+2	8.657416E+3
6.721358E+2	8.639307E+3
6.723884E+2	8.624230E+3
6.726409E+2	8.609591E+3
6.728935E+2	8.592700E+3
6.731460E+2	8.577394E+3
6.733985E+2	8.563110E+3
6.736510E+2	8.549722E+3
6.739035E+2	8.534383E+3
6.741560E+2	8.520383E+3
6.744085E+2	8.505815E+3
6.746610E+2	8.492235E+3
6.749135E+2	8.479022E+3
6.751660E+2	8.465394E+3
6.754184E+2	8.453072E+3
6.756709E+2	8.439503E+3
6.759233E+2	8.425481E+3
6.761757E+2	8.412175E+3
6.764282E+2	8.397279E+3
6.766806E+2	8.382585E+3
6.769330E+2	8.366301E+3
6.771854E+2	8.350361E+3
6.774378E+2	8.335520E+3
6.776901E+2	8.320279E+3
6.779425E+2	8.304875E+3
6.781949E+2	8.289995E+3
6.784472E+2	8.274924E+3
6.786996E+2	8.259684E+3
6.789519E+2	8.244301E+3
6.792042E+2	8.228640E+3
6.794566E+2	8.213711E+3
6.797089E+2	8.198361E+3
6.799612E+2	8.184033E+3
6.802135E+2	8.169957E+3
6.804657E+2	8.156465E+3
6.807180E+2	8.141837E+3
6.809703E+2	8.129137E+3
6.812226E+2	8.118203E+3
6.814748E+2	8.106345E+3
6.817270E+2	8.094979E+3
6.819793E+2	8.081443E+3
6.822315E+2	8.070121E+3
6.824837E+2	8.056722E+3
6.827359E+2	8.045438E+3
6.829881E+2	8.034317E+3
6.832403E+2	8.023662E+3
6.834925E+2	8.014929E+3
6.837447E+2	8.004361E+3
6.839968E+2	7.993312E+3
6.842490E+2	7.980307E+3
6.845011E+2	7.968225E+3
6.847533E+2	7.955454E+3
6.850054E+2	7.942738E+3
6.852575E+2	7.930716E+3
6.855097E+2	7.919137E+3
6.857618E+2	7.906241E+3
6.860139E+2	7.893869E+3
6.862659E+2	7.881837E+3
6.865180E+2	7.870328E+3
6.867701E+2	7.856771E+3
6.870222E+2	7.845476E+3
6.872742E+2	7.833700E+3
6.875263E+2	7.823159E+3
6.877783E+2	7.811929E+3
6.880303E+2	7.800432E+3
6.882823E+2	7.791760E+3
6.885343E+2	7.783017E+3
6.887864E+2	7.773449E+3
6.890383E+2	7.764585E+3
6.892903E+2	7.755241E+3
6.895423E+2	7.745673E+3
6.897943E+2	7.738022E+3
6.900462E+2	7.728307E+3
6.902982E+2	7.720334E+3
6.905501E+2	7.711547E+3
6.908021E+2	7.703066E+3
6.910540E+2	7.693929E+3
6.913059E+2	7.685842E+3
6.915578E+2	7.676602E+3
6.918097E+2	7.667629E+3
6.920616E+2	7.659919E+3
6.923135E+2	7.650514E+3
6.925654E+2	7.641410E+3
6.928172E+2	7.633197E+3
6.930691E+2	7.624154E+3
6.933209E+2	7.613645E+3
6.935728E+2	7.604110E+3
6.938246E+2	7.593831E+3
6.940764E+2	7.583569E+3
6.943282E+2	7.574011E+3
6.945800E+2	7.565290E+3
6.948318E+2	7.556225E+3
6.950836E+2	7.546498E+3
6.953354E+2	7.537006E+3
6.955872E+2	7.527022E+3
6.958389E+2	7.517317E+3
6.960907E+2	7.508749E+3
6.963424E+2	7.498339E+3
6.965942E+2	7.487361E+3
6.968459E+2	7.477684E+3
6.970976E+2	7.467924E+3
6.973493E+2	7.459132E+3
6.976010E+2	7.451132E+3
6.978527E+2	7.442115E+3
6.981044E+2	7.432705E+3
6.983561E+2	7.423372E+3
6.986077E+2	7.415001E+3
6.988594E+2	7.404432E+3
6.991110E+2	7.394744E+3
6.993627E+2	7.384935E+3
6.996143E+2	7.375301E+3
6.998659E+2	7.365492E+3
7.001175E+2	7.355919E+3
7.003692E+2	7.345208E+3
7.006207E+2	7.334470E+3
7.008723E+2	7.322022E+3
7.011239E+2	7.310263E+3
7.013755E+2	7.298476E+3
7.016271E+2	7.284847E+3
7.018786E+2	7.272285E+3
7.021302E+2	7.259421E+3
7.023817E+2	7.245438E+3
7.026332E+2	7.231110E+3
7.028847E+2	7.216678E+3
7.031362E+2	7.202110E+3
7.033878E+2	7.187908E+3
7.036392E+2	7.173285E+3
7.038907E+2	7.157667E+3
7.041422E+2	7.142520E+3
7.043937E+2	7.126197E+3
7.046451E+2	7.111410E+3
7.048966E+2	7.096613E+3
7.051480E+2	7.080443E+3
7.053995E+2	7.066028E+3
7.056509E+2	7.050722E+3
7.059023E+2	7.036170E+3
7.061537E+2	7.022257E+3
7.064051E+2	7.008678E+3
7.066565E+2	6.996460E+3
7.069079E+2	6.984334E+3
7.071593E+2	6.971246E+3
7.074106E+2	6.958820E+3
7.076620E+2	6.947093E+3
7.079133E+2	6.934902E+3
7.081647E+2	6.922345E+3
7.084160E+2	6.910115E+3
7.086673E+2	6.899629E+3
7.089186E+2	6.887498E+3
7.091699E+2	6.874913E+3
7.094212E+2	6.862099E+3
7.096725E+2	6.847514E+3
7.099238E+2	6.833208E+3
7.101751E+2	6.817673E+3
7.104263E+2	6.801574E+3
7.106776E+2	6.784924E+3
7.109288E+2	6.768864E+3
7.111800E+2	6.751028E+3
7.114313E+2	6.732891E+3
7.116825E+2	6.714651E+3
7.119337E+2	6.697061E+3
7.121849E+2	6.678689E+3
7.124361E+2	6.659121E+3
7.126873E+2	6.640274E+3
7.129384E+2	6.621634E+3
7.131896E+2	6.603416E+3
7.134408E+2	6.585481E+3
7.136919E+2	6.568115E+3
7.139430E+2	6.550263E+3
7.141942E+2	6.535017E+3
7.144453E+2	6.521766E+3
7.146964E+2	6.509460E+3
7.149475E+2	6.499143E+3
7.151986E+2	6.489323E+3
7.154497E+2	6.480197E+3
7.157008E+2	6.471061E+3
7.159518E+2	6.464219E+3
7.162029E+2	6.458154E+3
7.164540E+2	6.453137E+3
7.167050E+2	6.447356E+3
7.169560E+2	6.441897E+3
7.172071E+2	6.434552E+3
7.174581E+2	6.428875E+3
7.177091E+2	6.422126E+3
7.179601E+2	6.415208E+3
7.182111E+2	6.406733E+3
7.184621E+2	6.397011E+3
7.187130E+2	6.385787E+3
7.189640E+2	6.373388E+3
7.192150E+2	6.360159E+3
7.194659E+2	6.346651E+3
7.197169E+2	6.331957E+3
7.199678E+2	6.318181E+3
7.202187E+2	6.303394E+3
7.204696E+2	6.288946E+3
7.207205E+2	6.274405E+3
7.209714E+2	6.260995E+3
7.212223E+2	6.248388E+3
7.214732E+2	6.235536E+3
7.217241E+2	6.224525E+3
7.219749E+2	6.214077E+3
7.222258E+2	6.206093E+3
7.224766E+2	6.201793E+3
7.227274E+2	6.199378E+3
7.229783E+2	6.200946E+3
7.232291E+2	6.204328E+3
7.234799E+2	6.208072E+3
7.237307E+2	6.213929E+3
7.239815E+2	6.221110E+3
7.242323E+2	6.230443E+3
7.244830E+2	6.240623E+3
7.247338E+2	6.251263E+3
7.249846E+2	6.262700E+3
7.252353E+2	6.273487E+3
7.254861E+2	6.284908E+3
7.257368E+2	6.295711E+3
7.259875E+2	6.306350E+3
7.262382E+2	6.315651E+3
7.264889E+2	6.324159E+3
7.267396E+2	6.332547E+3
7.269903E+2	6.340421E+3
7.272410E+2	6.347323E+3
7.274917E+2	6.352798E+3
7.277423E+2	6.358077E+3
7.279930E+2	6.363940E+3
7.282436E+2	6.369356E+3
7.284942E+2	6.373547E+3
7.287449E+2	6.379022E+3
7.289955E+2	6.385246E+3
7.292461E+2	6.390645E+3
7.294967E+2	6.396509E+3
7.297473E+2	6.402061E+3
7.299979E+2	6.407853E+3
7.302484E+2	6.414323E+3
7.304990E+2	6.420066E+3
7.307496E+2	6.426787E+3
7.310001E+2	6.435995E+3
7.312507E+2	6.448088E+3
7.315012E+2	6.462132E+3
7.317517E+2	6.479241E+3
7.320022E+2	6.502684E+3
7.322527E+2	6.531990E+3
7.325032E+2	6.568421E+3
7.327537E+2	6.607290E+3
7.330042E+2	6.648257E+3
7.332547E+2	6.690842E+3
7.335051E+2	6.737449E+3
7.337556E+2	6.789514E+3
7.340060E+2	6.850164E+3
7.342564E+2	6.920481E+3
7.345069E+2	6.995312E+3
7.347573E+2	7.066050E+3
7.350077E+2	7.127722E+3
7.352581E+2	7.177372E+3
7.355085E+2	7.226525E+3
7.357589E+2	7.291285E+3
7.360092E+2	7.380104E+3
7.362596E+2	7.490132E+3
7.365100E+2	7.609252E+3
7.367603E+2	7.725033E+3
7.370106E+2	7.829596E+3
7.372610E+2	7.919951E+3
7.375113E+2	8.002001E+3
7.377616E+2	8.081787E+3
7.380119E+2	8.167148E+3
7.382622E+2	8.260405E+3
7.385125E+2	8.363132E+3
7.387628E+2	8.471159E+3
7.390130E+2	8.581405E+3
7.392633E+2	8.695121E+3
7.395135E+2	8.815651E+3
7.397638E+2	8.945225E+3
7.400140E+2	9.083203E+3
7.402642E+2	9.228296E+3
7.405144E+2	9.373962E+3
7.407647E+2	9.519460E+3
7.410149E+2	9.666613E+3
7.412650E+2	9.806760E+3
7.415152E+2	9.937886E+3
7.417654E+2	1.007326E+4
7.420156E+2	1.021675E+4
7.422657E+2	1.036867E+4
7.425159E+2	1.052028E+4
7.427660E+2	1.065954E+4
7.430161E+2	1.077817E+4
7.432662E+2	1.088398E+4
7.435164E+2	1.102032E+4
7.437665E+2	1.117402E+4
7.440165E+2	1.132698E+4
7.442666E+2	1.147860E+4
7.445167E+2	1.163068E+4
7.447668E+2	1.178120E+4
7.450168E+2	1.193008E+4
7.452669E+2	1.207634E+4
7.455169E+2	1.220280E+4
7.457669E+2	1.231724E+4
7.460170E+2	1.242864E+4
7.462670E+2	1.254424E+4
7.465170E+2	1.266736E+4
7.467670E+2	1.280680E+4
7.470170E+2	1.294291E+4
7.472670E+2	1.307385E+4
7.475169E+2	1.319995E+4
7.477669E+2	1.331973E+4
7.480168E+2	1.343749E+4
7.482668E+2	1.355395E+4
7.485167E+2	1.366960E+4
7.487666E+2	1.378257E+4
7.490166E+2	1.389132E+4
7.492665E+2	1.398113E+4
7.495164E+2	1.405193E+4
7.497663E+2	1.410902E+4
7.500161E+2	1.415979E+4
7.502660E+2	1.420650E+4
7.505159E+2	1.425183E+4
7.507657E+2	1.429363E+4
7.510156E+2	1.432356E+4
7.512654E+2	1.433563E+4
7.515152E+2	1.432540E+4
7.517651E+2	1.430553E+4
7.520149E+2	1.429165E+4
7.522647E+2	1.429508E+4
7.525145E+2	1.432171E+4
7.527643E+2	1.436051E+4
7.530140E+2	1.439729E+4
7.532638E+2	1.441691E+4
7.535136E+2	1.441580E+4
7.537633E+2	1.439956E+4
7.540131E+2	1.438758E+4
7.542628E+2	1.439609E+4
7.545125E+2	1.442300E+4
7.547622E+2	1.444662E+4
7.550119E+2	1.446072E+4
7.552616E+2	1.446676E+4
7.555113E+2	1.446676E+4
7.557610E+2	1.446666E+4
7.560107E+2	1.445701E+4
7.562603E+2	1.443184E+4
7.565100E+2	1.439672E+4
7.567596E+2	1.436123E+4
7.570093E+2	1.431231E+4
7.572589E+2	1.424050E+4
7.575085E+2	1.414426E+4
7.577581E+2	1.403301E+4
7.580077E+2	1.392337E+4
7.582573E+2	1.382538E+4
7.585069E+2	1.372590E+4
7.587565E+2	1.358451E+4
7.590060E+2	1.341608E+4
7.592556E+2	1.324587E+4
7.595051E+2	1.307493E+4
7.597547E+2	1.290840E+4
7.600042E+2	1.274554E+4
7.602537E+2	1.258523E+4
7.605032E+2	1.243016E+4
7.607527E+2	1.229750E+4
7.610022E+2	1.217911E+4
7.612517E+2	1.206352E+4
7.615012E+2	1.194428E+4
7.617507E+2	1.181539E+4
7.620001E+2	1.166768E+4
7.622496E+2	1.151749E+4
7.624990E+2	1.136413E+4
7.627485E+2	1.120788E+4
7.629979E+2	1.104941E+4
7.632473E+2	1.089156E+4
7.634967E+2	1.073680E+4
7.637461E+2	1.058355E+4
7.639955E+2	1.043349E+4
7.642449E+2	1.028621E+4
7.644942E+2	1.015132E+4
7.647436E+2	1.002689E+4
7.649930E+2	9.910782E+3
7.652423E+2	9.805722E+3
7.654916E+2	9.714951E+3
7.657410E+2	9.636837E+3
7.659903E+2	9.563694E+3
7.662396E+2	9.487367E+3
7.664889E+2	9.406082E+3
7.667382E+2	9.324990E+3
7.669875E+2	9.245263E+3
7.672367E+2	9.163099E+3
7.674860E+2	9.074066E+3
7.677353E+2	8.973410E+3
7.679845E+2	8.867082E+3
7.682337E+2	8.761252E+3
7.684830E+2	8.663154E+3
7.687322E+2	8.575055E+3
7.689814E+2	8.491547E+3
7.692306E+2	8.398913E+3
7.694798E+2	8.284285E+3
7.697290E+2	8.147279E+3
7.699782E+2	8.006727E+3
7.702273E+2	7.862033E+3
7.704765E+2	7.714798E+3
7.707256E+2	7.566831E+3
7.709748E+2	7.422574E+3
7.712239E+2	7.294132E+3
7.714730E+2	7.187875E+3
7.717222E+2	7.104203E+3
7.719713E+2	7.031640E+3
7.722204E+2	6.967990E+3
7.724694E+2	6.919645E+3
7.727185E+2	6.890104E+3
7.729676E+2	6.878514E+3
7.732167E+2	6.879776E+3
7.734657E+2	6.890995E+3
7.737147E+2	6.910241E+3
7.739638E+2	6.935175E+3
7.742128E+2	6.963290E+3
7.744618E+2	6.985372E+3
7.747108E+2	7.000241E+3
7.749598E+2	7.004755E+3
7.752088E+2	6.999946E+3
7.754578E+2	6.989755E+3
7.757068E+2	6.973432E+3
7.759557E+2	6.951296E+3
7.762047E+2	6.924640E+3
7.764536E+2	6.892908E+3
7.767026E+2	6.854449E+3
7.769515E+2	6.809935E+3
7.772004E+2	6.763897E+3
7.774493E+2	6.717875E+3
7.776982E+2	6.673001E+3
7.779471E+2	6.633492E+3
7.781960E+2	6.598837E+3
7.784449E+2	6.566880E+3
7.786938E+2	6.534645E+3
7.789426E+2	6.504317E+3
7.791915E+2	6.473673E+3
7.794403E+2	6.442039E+3
7.796891E+2	6.409968E+3
7.799380E+2	6.376951E+3
7.801868E+2	6.345350E+3
7.804356E+2	6.311481E+3
7.806844E+2	6.274585E+3
7.809332E+2	6.236514E+3
7.811819E+2	6.197356E+3
7.814307E+2	6.158432E+3
7.816795E+2	6.119716E+3
7.819282E+2	6.082268E+3
7.821770E+2	6.045935E+3
7.824257E+2	6.011580E+3
7.826744E+2	5.979880E+3
7.829231E+2	5.950175E+3
7.831718E+2	5.922929E+3
7.834205E+2	5.896820E+3
7.836692E+2	5.871438E+3
7.839179E+2	5.845093E+3
7.841666E+2	5.816957E+3
7.844152E+2	5.784121E+3
7.846639E+2	5.747208E+3
7.849125E+2	5.704869E+3
7.851612E+2	5.658629E+3
7.854098E+2	5.611804E+3
7.856584E+2	5.562744E+3
7.859070E+2	5.511449E+3
7.861556E+2	5.452132E+3
7.864042E+2	5.385148E+3
7.866528E+2	5.309099E+3
7.869014E+2	5.227547E+3
7.871499E+2	5.145257E+3
7.873985E+2	5.065602E+3
7.876470E+2	4.984913E+3
7.878956E+2	4.902263E+3
7.881441E+2	4.817962E+3
7.883926E+2	4.732082E+3
7.886411E+2	4.647028E+3
7.888896E+2	4.567591E+3
7.891381E+2	4.492613E+3
7.893866E+2	4.423919E+3
7.896351E+2	4.362033E+3
7.898835E+2	4.307738E+3
7.901320E+2	4.259110E+3
7.903804E+2	4.216170E+3
7.906289E+2	4.176749E+3
7.908773E+2	4.141574E+3
7.911257E+2	4.109006E+3
7.913742E+2	4.079782E+3
7.916226E+2	4.054738E+3
7.918709E+2	4.034203E+3
7.921193E+2	4.018099E+3
7.923677E+2	4.004476E+3
7.926161E+2	3.992487E+3
7.928644E+2	3.982350E+3
7.931128E+2	3.968503E+3
7.933611E+2	3.951099E+3
7.936095E+2	3.928897E+3
7.938578E+2	3.903143E+3
7.941061E+2	3.872755E+3
7.943544E+2	3.837787E+3
7.946027E+2	3.800208E+3
7.948510E+2	3.761798E+3
7.950993E+2	3.723929E+3
7.953475E+2	3.687826E+3
7.955958E+2	3.654667E+3
7.958440E+2	3.625175E+3
7.960923E+2	3.599531E+3
7.963405E+2	3.575656E+3
7.965887E+2	3.553383E+3
7.968370E+2	3.532154E+3
7.970852E+2	3.510399E+3
7.973334E+2	3.487088E+3
7.975816E+2	3.462268E+3
7.978297E+2	3.436334E+3
7.980779E+2	3.411050E+3
7.983261E+2	3.383940E+3
7.985742E+2	3.357427E+3
7.988224E+2	3.331995E+3
7.990705E+2	3.306853E+3
7.993186E+2	3.283820E+3
7.995668E+2	3.264438E+3
7.998149E+2	3.247470E+3
8.000630E+2	3.235547E+3
8.003111E+2	3.226263E+3
8.005591E+2	3.221307E+3
8.008072E+2	3.221186E+3
8.010553E+2	3.222995E+3
8.013033E+2	3.229771E+3
8.015514E+2	3.237771E+3
8.017994E+2	3.247339E+3
8.020474E+2	3.257126E+3
8.022955E+2	3.266684E+3
8.025435E+2	3.275235E+3
8.027915E+2	3.283072E+3
8.030395E+2	3.291241E+3
8.032874E+2	3.298569E+3
8.035354E+2	3.307957E+3
8.037834E+2	3.316585E+3
8.040313E+2	3.324744E+3
8.042793E+2	3.334585E+3
8.045272E+2	3.345711E+3
8.047752E+2	3.359077E+3
8.050231E+2	3.373454E+3
8.052710E+2	3.390951E+3
8.055189E+2	3.410749E+3
8.057668E+2	3.432919E+3
8.060147E+2	3.458727E+3
8.062625E+2	3.487531E+3
8.065104E+2	3.520093E+3
8.067583E+2	3.556175E+3
8.070061E+2	3.598186E+3
8.072540E+2	3.645356E+3
8.075018E+2	3.696011E+3
8.077496E+2	3.752137E+3
8.079974E+2	3.810908E+3
8.082452E+2	3.873864E+3
8.084930E+2	3.937208E+3
8.087408E+2	4.003470E+3
8.089886E+2	4.070618E+3
8.092364E+2	4.140629E+3
8.094841E+2	4.216050E+3
8.097319E+2	4.295569E+3
8.099796E+2	4.378875E+3
8.102273E+2	4.466372E+3
8.104751E+2	4.557591E+3
8.107228E+2	4.654416E+3
8.109705E+2	4.756793E+3
8.112182E+2	4.863591E+3
8.114659E+2	4.975175E+3
8.117135E+2	5.093230E+3
8.119612E+2	5.217033E+3
8.122089E+2	5.346290E+3
8.124565E+2	5.478815E+3
8.127042E+2	5.611776E+3
8.129518E+2	5.741296E+3
8.131994E+2	5.863219E+3
8.134470E+2	5.977722E+3
8.136946E+2	6.079492E+3
8.139422E+2	6.163973E+3
8.141898E+2	6.232006E+3
8.144374E+2	6.281782E+3
8.146850E+2	6.314388E+3
8.149325E+2	6.333175E+3
8.151801E+2	6.341061E+3
8.154276E+2	6.342399E+3
8.156752E+2	6.339749E+3
8.159227E+2	6.334995E+3
8.161702E+2	6.330137E+3
8.164177E+2	6.323219E+3
8.166652E+2	6.315656E+3
8.169127E+2	6.308875E+3
8.171602E+2	6.302760E+3
8.174077E+2	6.297126E+3
8.176551E+2	6.293815E+3
8.179026E+2	6.293629E+3
8.181500E+2	6.296061E+3
8.183975E+2	6.303361E+3
8.186449E+2	6.313241E+3
8.188923E+2	6.329394E+3
8.191397E+2	6.351520E+3
8.193871E+2	6.379935E+3
8.196345E+2	6.415787E+3
8.198819E+2	6.458367E+3
8.201293E+2	6.508066E+3
8.203766E+2	6.560531E+3
8.206240E+2	6.614634E+3
8.208713E+2	6.667602E+3
8.211187E+2	6.716853E+3
8.213660E+2	6.760367E+3
8.216133E+2	6.794175E+3
8.218606E+2	6.819055E+3
8.221079E+2	6.829968E+3
8.223552E+2	6.826257E+3
8.226025E+2	6.811022E+3
8.228498E+2	6.783203E+3
8.230970E+2	6.744274E+3
8.233443E+2	6.695175E+3
8.235915E+2	6.639869E+3
8.238388E+2	6.577345E+3
8.240860E+2	6.509525E+3
8.243332E+2	6.435039E+3
8.245804E+2	6.352613E+3
8.248276E+2	6.263662E+3
8.250748E+2	6.168503E+3
8.253220E+2	6.066388E+3
8.255692E+2	5.958345E+3
8.258163E+2	5.841170E+3
8.260635E+2	5.716613E+3
8.263106E+2	5.583301E+3
8.265578E+2	5.442383E+3
8.268049E+2	5.292203E+3
8.270520E+2	5.133274E+3
8.272991E+2	4.966541E+3
8.275462E+2	4.795066E+3
8.277933E+2	4.621093E+3
8.280404E+2	4.447782E+3
8.282875E+2	4.280317E+3
8.285345E+2	4.119771E+3
8.287816E+2	3.970645E+3
8.290287E+2	3.837738E+3
8.292757E+2	3.722175E+3
8.295227E+2	3.623837E+3
8.297697E+2	3.543307E+3
8.300168E+2	3.476301E+3
8.302638E+2	3.419623E+3
8.305107E+2	3.370897E+3
8.307577E+2	3.326225E+3
8.310047E+2	3.283820E+3
8.312517E+2	3.242634E+3
8.314986E+2	3.203099E+3
8.317456E+2	3.164651E+3
8.319925E+2	3.126164E+3
8.322394E+2	3.087301E+3
8.324864E+2	3.048727E+3
8.327333E+2	3.008388E+3
8.329802E+2	2.965651E+3
8.332271E+2	2.920388E+3
8.334740E+2	2.870006E+3
8.337208E+2	2.815438E+3
8.339677E+2	2.754935E+3
8.342146E+2	2.688077E+3
8.344614E+2	2.613973E+3
8.347082E+2	2.531591E+3
8.349551E+2	2.440875E+3
8.352019E+2	2.342181E+3
8.354487E+2	2.237891E+3
8.356955E+2	2.129307E+3
8.359423E+2	2.018367E+3
8.361891E+2	1.906634E+3
8.364359E+2	1.796520E+3
8.366826E+2	1.691694E+3
8.369294E+2	1.591520E+3
8.371761E+2	1.498804E+3
8.374229E+2	1.414837E+3
8.376696E+2	1.338853E+3
8.379163E+2	1.270225E+3
8.381630E+2	1.210104E+3
8.384097E+2	1.156623E+3
8.386564E+2	1.109629E+3
8.389031E+2	1.067864E+3
8.391498E+2	1.030869E+3
8.393965E+2	9.985087E+2
8.396431E+2	9.700388E+2
8.398898E+2	9.444923E+2
8.401364E+2	9.214377E+2
8.403830E+2	9.007710E+2
8.406297E+2	8.806726E+2
8.408763E+2	8.630224E+2
8.411229E+2	8.462082E+2
8.413695E+2	8.303502E+2
8.416161E+2	8.152300E+2
8.418626E+2	8.008366E+2
8.421092E+2	7.862792E+2
8.423558E+2	7.722300E+2
8.426023E+2	7.585961E+2
8.428489E+2	7.452245E+2
8.430954E+2	7.320551E+2
8.433419E+2	7.194759E+2
8.435884E+2	7.066781E+2
8.438349E+2	6.946726E+2
8.440814E+2	6.831153E+2
8.443279E+2	6.714267E+2
8.445744E+2	6.604541E+2
8.448208E+2	6.488366E+2
8.450673E+2	6.372956E+2
8.453138E+2	6.262628E+2
8.455602E+2	6.140114E+2
8.458066E+2	6.019896E+2
8.460530E+2	5.897218E+2
8.462995E+2	5.775032E+2
8.465459E+2	5.650388E+2
8.467923E+2	5.521535E+2
8.470386E+2	5.397164E+2
8.472850E+2	5.269349E+2
8.475314E+2	5.140606E+2
8.477777E+2	5.012683E+2
8.480241E+2	4.887929E+2
8.482704E+2	4.758803E+2
8.485168E+2	4.636344E+2
8.487631E+2	4.511863E+2
8.490094E+2	4.382191E+2
8.492557E+2	4.256562E+2
8.495020E+2	4.135360E+2
8.497483E+2	4.015087E+2
8.499946E+2	3.896289E+2
8.502408E+2	3.781207E+2
8.504871E+2	3.663502E+2
8.507333E+2	3.548420E+2
8.509796E+2	3.435251E+2
8.512258E+2	3.322191E+2
8.514720E+2	3.216453E+2
8.517182E+2	3.109677E+2
8.519644E+2	3.007710E+2
8.522106E+2	2.908639E+2
8.524568E+2	2.816726E+2
8.527030E+2	2.720934E+2
8.529492E+2	2.634103E+2
8.531953E+2	2.547491E+2
8.534415E+2	2.463284E+2
8.536876E+2	2.382300E+2
8.539337E+2	2.305688E+2
8.541799E+2	2.232792E+2
8.544260E+2	2.163174E+2
8.546721E+2	2.099131E+2
8.549182E+2	2.035032E+2
8.551643E+2	1.974650E+2
8.554103E+2	1.913229E+2
8.556564E+2	1.855196E+2
8.559024E+2	1.800060E+2
8.561485E+2	1.747164E+2
8.563945E+2	1.699295E+2
8.566406E+2	1.656344E+2
8.568866E+2	1.612136E+2
8.571326E+2	1.569950E+2
8.573786E+2	1.531699E+2
8.576246E+2	1.493776E+2
8.578706E+2	1.461972E+2
8.581166E+2	1.432683E+2
8.583625E+2	1.403502E+2
8.586085E+2	1.377601E+2
8.588544E+2	1.350060E+2
8.591004E+2	1.322519E+2
8.593463E+2	1.294923E+2
8.595922E+2	1.266726E+2
8.598381E+2	1.238092E+2
8.600840E+2	1.213721E+2
8.603299E+2	1.188967E+2
8.605758E+2	1.165852E+2
8.608217E+2	1.142082E+2
8.610675E+2	1.120551E+2
8.613134E+2	1.097000E+2
8.615592E+2	1.075743E+2
8.618051E+2	1.055415E+2
8.620509E+2	1.029513E+2
8.622967E+2	1.007929E+2
8.625425E+2	9.868903E+1
8.627883E+2	9.629012E+1
8.630341E+2	9.371635E+1
8.632799E+2	9.149231E+1
8.635257E+2	8.938302E+1
8.637715E+2	8.720815E+1
8.640172E+2	8.521362E+1
8.642630E+2	8.352509E+1
8.645087E+2	8.157974E+1
8.647544E+2	7.986389E+1
8.650001E+2	7.822455E+1
8.652459E+2	7.639395E+1
8.654916E+2	7.491854E+1
8.657372E+2	7.349231E+1
8.659829E+2	7.237755E+1
8.662286E+2	7.115351E+1
8.664743E+2	6.974367E+1
8.667199E+2	6.840488E+1
8.669656E+2	6.679832E+1
8.672112E+2	6.565624E+1
8.674568E+2	6.460160E+1
8.677024E+2	6.360160E+1
8.679481E+2	6.248138E+1
8.681937E+2	6.137209E+1
8.684392E+2	6.053602E+1
8.686848E+2	5.961253E+1
8.689304E+2	5.892400E+1
8.691760E+2	5.819723E+1
8.694215E+2	5.760160E+1
8.696671E+2	5.678193E+1
8.699126E+2	5.621908E+1
8.701581E+2	5.545952E+1
8.704036E+2	5.484203E+1
8.706491E+2	5.435023E+1
8.708946E+2	5.365624E+1
8.711401E+2	5.309340E+1
8.713856E+2	5.260706E+1
8.716311E+2	5.186389E+1
8.718766E+2	5.120815E+1
8.721220E+2	5.068356E+1
8.723674E+2	4.983657E+1
8.726129E+2	4.902236E+1
8.728583E+2	4.859613E+1
8.731037E+2	4.810979E+1
8.733491E+2	4.743220E+1
8.735945E+2	4.676553E+1
8.738399E+2	4.621908E+1
8.740853E+2	4.566717E+1
8.743307E+2	4.507701E+1
8.745760E+2	4.431744E+1
8.748214E+2	4.399504E+1
8.750667E+2	4.361253E+1
8.753121E+2	4.282564E+1
8.755574E+2	4.219176E+1
8.758027E+2	4.159067E+1
8.760480E+2	4.125734E+1
8.762933E+2	4.074367E+1
8.765386E+2	3.990214E+1
8.767839E+2	3.905515E+1
8.770291E+2	3.860160E+1
8.772744E+2	3.807154E+1
8.775196E+2	3.748684E+1
8.777649E+2	3.710433E+1
8.780101E+2	3.679832E+1
8.782553E+2	3.632837E+1
8.785006E+2	3.573821E+1
8.787458E+2	3.527919E+1
8.789910E+2	3.508247E+1
8.792361E+2	3.486936E+1
8.794813E+2	3.465078E+1
8.797265E+2	3.424641E+1
8.799717E+2	3.397865E+1
8.802168E+2	3.372182E+1
8.804619E+2	3.319176E+1
8.807071E+2	3.271635E+1
8.809522E+2	3.209340E+1
8.811973E+2	3.140488E+1
8.814424E+2	3.092400E+1
8.816875E+2	3.059067E+1
8.819326E+2	3.088575E+1
8.821777E+2	3.060160E+1
8.824227E+2	3.003876E+1
8.826678E+2	2.994586E+1
8.829128E+2	2.921908E+1
8.831579E+2	2.882018E+1
8.834029E+2	2.861799E+1
8.836479E+2	2.841034E+1
8.838929E+2	2.819723E+1
8.841379E+2	2.771635E+1
8.843829E+2	2.724094E+1
8.846279E+2	2.697318E+1
8.848729E+2	2.676553E+1
8.851179E+2	2.657974E+1
8.853628E+2	2.631744E+1
8.856078E+2	2.603876E+1
8.858527E+2	2.578193E+1
8.860976E+2	2.562346E+1
8.863425E+2	2.526826E+1
8.865875E+2	2.524094E+1
8.868324E+2	2.477646E+1
8.870772E+2	2.441034E+1
8.873221E+2	2.434477E+1
8.875670E+2	2.397318E+1
8.878119E+2	2.361253E+1
8.880567E+2	2.357974E+1
8.883016E+2	2.357427E+1
8.885464E+2	2.326280E+1
8.887912E+2	2.301143E+1
8.890360E+2	2.285296E+1
8.892809E+2	2.275460E+1
8.895257E+2	2.265078E+1
8.897704E+2	2.235570E+1
8.900152E+2	2.190761E+1
8.902600E+2	2.169449E+1
8.905048E+2	2.154695E+1
8.907495E+2	2.138848E+1
8.909943E+2	2.077646E+1
8.912390E+2	2.052509E+1
8.914837E+2	2.040488E+1
8.917284E+2	2.053056E+1
8.919731E+2	2.030652E+1
8.922178E+2	2.001690E+1
8.924625E+2	1.984203E+1
8.927072E+2	1.968356E+1
8.929519E+2	1.929559E+1
8.931965E+2	1.931198E+1
8.934412E+2	1.939395E+1
8.936858E+2	1.950324E+1
8.939305E+2	1.925734E+1
8.941751E+2	1.895679E+1
8.944197E+2	1.876007E+1
8.946643E+2	1.844313E+1
8.949089E+2	1.835570E+1
8.951535E+2	1.812619E+1
8.953981E+2	1.788575E+1
8.956426E+2	1.782564E+1
8.958872E+2	1.780378E+1
8.961317E+2	1.783111E+1
8.963763E+2	1.767810E+1
8.966208E+2	1.759613E+1
8.968653E+2	1.715351E+1
8.971098E+2	1.702783E+1
8.973543E+2	1.693493E+1
8.975988E+2	1.671089E+1
8.978433E+2	1.686389E+1
8.980878E+2	1.673274E+1
8.983323E+2	1.641580E+1
8.985767E+2	1.625187E+1
8.988212E+2	1.603876E+1
8.990656E+2	1.610979E+1
8.993100E+2	1.625734E+1
8.995545E+2	1.602236E+1
8.997989E+2	1.582018E+1
9.000433E+2	1.536116E+1
9.002877E+2	1.514805E+1
9.005320E+2	1.523548E+1
9.007764E+2	1.525187E+1
9.010208E+2	1.504422E+1
9.012651E+2	1.485296E+1
9.015095E+2	1.468903E+1
9.017538E+2	1.469449E+1
9.019981E+2	1.489121E+1
9.022425E+2	1.495679E+1
9.024868E+2	1.523548E+1
9.027311E+2	1.516444E+1
9.029754E+2	1.498411E+1
9.032196E+2	1.476553E+1
9.034639E+2	1.480378E+1
9.037082E+2	1.465078E+1
9.039524E+2	1.445952E+1
9.041967E+2	1.422455E+1
9.044409E+2	1.409340E+1
9.046851E+2	1.421908E+1
9.049293E+2	1.442127E+1
9.051736E+2	1.447591E+1
9.054177E+2	1.444859E+1
9.056619E+2	1.452509E+1
9.059061E+2	1.468903E+1
9.061503E+2	1.463438E+1
9.063944E+2	1.474367E+1
9.066386E+2	1.448684E+1
9.068827E+2	1.456335E+1
9.071269E+2	1.482018E+1
9.073710E+2	1.469449E+1
9.076151E+2	1.469449E+1
9.078592E+2	1.472182E+1
9.081033E+2	1.452509E+1
9.083474E+2	1.447591E+1
9.085915E+2	1.424094E+1
9.088355E+2	1.425187E+1
9.090796E+2	1.432291E+1
9.093236E+2	1.443766E+1
9.095677E+2	1.423548E+1
9.098117E+2	1.394586E+1
9.100557E+2	1.400050E+1
9.102997E+2	1.404968E+1
9.105437E+2	1.409887E+1
9.107877E+2	1.392400E+1
9.110317E+2	1.409340E+1
9.112757E+2	1.402783E+1
9.115197E+2	1.382564E+1
9.117636E+2	1.372728E+1
9.120076E+2	1.371635E+1
9.122515E+2	1.362346E+1
9.124954E+2	1.341034E+1
9.127393E+2	1.341034E+1
9.129832E+2	1.373274E+1
9.132271E+2	1.392400E+1
9.134710E+2	1.401143E+1
9.137149E+2	1.396772E+1
9.139588E+2	1.394586E+1
9.142026E+2	1.373821E+1
9.144465E+2	1.367264E+1
9.146903E+2	1.363985E+1
9.149342E+2	1.371089E+1
9.151780E+2	1.374367E+1
9.154218E+2	1.376007E+1
9.156656E+2	1.364531E+1
9.159094E+2	1.360160E+1
9.161532E+2	1.359067E+1
9.163970E+2	1.342127E+1
9.166408E+2	1.331198E+1
9.168845E+2	1.310433E+1
9.171283E+2	1.298411E+1
9.173720E+2	1.307701E+1
9.176157E+2	1.319176E+1
9.178595E+2	1.320815E+1
9.181032E+2	1.315897E+1
9.183469E+2	1.294586E+1
9.185906E+2	1.291854E+1
9.188343E+2	1.295132E+1
9.190779E+2	1.301690E+1
9.193216E+2	1.301690E+1
9.195653E+2	1.321362E+1
9.198089E+2	1.300050E+1
9.200525E+2	1.302783E+1
9.202962E+2	1.306061E+1
9.205398E+2	1.304422E+1
9.207834E+2	1.295679E+1
9.210270E+2	1.302783E+1
9.212706E+2	1.303329E+1
9.215142E+2	1.326826E+1
9.217577E+2	1.329559E+1
9.220013E+2	1.331198E+1
9.222449E+2	1.316990E+1
9.224884E+2	1.318630E+1
9.227319E+2	1.324094E+1
9.229755E+2	1.320815E+1
9.232190E+2	1.298958E+1
9.234625E+2	1.302236E+1
9.237060E+2	1.292400E+1
9.239495E+2	1.300597E+1
9.241930E+2	1.271089E+1
9.244364E+2	1.288029E+1
9.246799E+2	1.295679E+1
9.249233E+2	1.283111E+1
9.251668E+2	1.282018E+1
9.254102E+2	1.245952E+1
9.256536E+2	1.238302E+1
9.258971E+2	1.219176E+1
9.261405E+2	1.210979E+1
9.263839E+2	1.232291E+1
9.266272E+2	1.244313E+1
9.268706E+2	1.269996E+1
9.271140E+2	1.284750E+1
9.273573E+2	1.295132E+1
9.276007E+2	1.284203E+1
9.278440E+2	1.259613E+1
9.280874E+2	1.248684E+1
9.283307E+2	1.242673E+1
9.285740E+2	1.236662E+1
9.288173E+2	1.243766E+1
9.290606E+2	1.238848E+1
9.293039E+2	1.245406E+1
9.295471E+2	1.253602E+1
9.297904E+2	1.276007E+1
9.300337E+2	1.264531E+1
9.302769E+2	1.242673E+1
9.305201E+2	1.248138E+1
9.307634E+2	1.262892E+1
9.310066E+2	1.286389E+1
9.312498E+2	1.294586E+1
9.314930E+2	1.298411E+1
9.317362E+2	1.285843E+1
9.319794E+2	1.271089E+1
9.322225E+2	1.247591E+1
9.324657E+2	1.237209E+1
9.327088E+2	1.229012E+1
9.329520E+2	1.235023E+1
9.331951E+2	1.236662E+1
9.334382E+2	1.261253E+1
9.336814E+2	1.252509E+1
9.339245E+2	1.261253E+1
9.341676E+2	1.272728E+1
9.344106E+2	1.266717E+1
9.346537E+2	1.274914E+1
9.348968E+2	1.269996E+1
9.351398E+2	1.273821E+1
9.353829E+2	1.256881E+1
9.356259E+2	1.247591E+1
9.358690E+2	1.249777E+1
9.361120E+2	1.249777E+1
9.363550E+2	1.230652E+1
9.365980E+2	1.221908E+1
9.368410E+2	1.208247E+1
9.370840E+2	1.232291E+1
9.373269E+2	1.213165E+1
9.375699E+2	1.209887E+1
9.378129E+2	1.216444E+1
9.380558E+2	1.198958E+1
9.382987E+2	1.166171E+1
9.385417E+2	1.166717E+1
9.387846E+2	1.124094E+1
9.390275E+2	1.143766E+1
9.392704E+2	1.160706E+1
9.395133E+2	1.192400E+1
9.397562E+2	1.195679E+1
9.399990E+2	1.210433E+1
9.402419E+2	1.224094E+1
9.404847E+2	1.225734E+1
9.407276E+2	1.224094E+1
9.409704E+2	1.248138E+1
9.412132E+2	1.239395E+1
9.414560E+2	1.254695E+1
9.416988E+2	1.231744E+1
9.419416E+2	1.225734E+1
9.421844E+2	1.230105E+1
9.424272E+2	1.244859E+1
9.426700E+2	1.245406E+1
9.429127E+2	1.249777E+1
9.431555E+2	1.262346E+1
9.433982E+2	1.274367E+1
9.436409E+2	1.251963E+1
9.438837E+2	1.265078E+1
9.441264E+2	1.259067E+1
9.443691E+2	1.234477E+1
9.446118E+2	1.246499E+1
9.448544E+2	1.251963E+1
9.450971E+2	1.256335E+1
9.453398E+2	1.257974E+1
9.455824E+2	1.247591E+1
9.458251E+2	1.224641E+1
9.460677E+2	1.220269E+1
9.463103E+2	1.236116E+1
9.465530E+2	1.230105E+1
9.467956E+2	1.246499E+1
9.470382E+2	1.251417E+1
9.472807E+2	1.256881E+1
9.475233E+2	1.235023E+1
9.477659E+2	1.210433E+1
9.480084E+2	1.217537E+1
9.482510E+2	1.224641E+1
9.484935E+2	1.242673E+1
9.487361E+2	1.251963E+1
9.489786E+2	1.284203E+1
9.492211E+2	1.264531E+1
9.494636E+2	1.265624E+1
9.497061E+2	1.271635E+1
9.499486E+2	1.255788E+1
9.501911E+2	1.272182E+1
9.504335E+2	1.272728E+1
9.506760E+2	1.260706E+1
9.509184E+2	1.260706E+1
9.511609E+2	1.262892E+1
9.514033E+2	1.269996E+1
9.516457E+2	1.274367E+1
9.518881E+2	1.257974E+1
9.521305E+2	1.269996E+1
9.523729E+2	1.274914E+1
9.526153E+2	1.277100E+1
9.528576E+2	1.294040E+1
9.531000E+2	1.341580E+1
9.533424E+2	1.361253E+1
9.535847E+2	1.366171E+1
9.538270E+2	1.354149E+1
9.540694E+2	1.337755E+1
9.543117E+2	1.286936E+1
9.545540E+2	1.282018E+1
9.547963E+2	1.289121E+1
9.550386E+2	1.319723E+1
9.552808E+2	1.346499E+1
9.555231E+2	1.367264E+1
9.557654E+2	1.345952E+1
9.560076E+2	1.333930E+1
9.562498E+2	1.307154E+1
9.564921E+2	1.298411E+1
9.567343E+2	1.304968E+1
9.569765E+2	1.324641E+1
9.572187E+2	1.344859E+1
9.574609E+2	1.340488E+1
9.577031E+2	1.339941E+1
9.579452E+2	1.336116E+1
9.581874E+2	1.342127E+1
9.584296E+2	1.378739E+1
9.586717E+2	1.401690E+1
9.589138E+2	1.400597E+1
9.591560E+2	1.420815E+1
9.593981E+2	1.406608E+1
9.596402E+2	1.404968E+1
9.598823E+2	1.392947E+1
9.601244E+2	1.382564E+1
9.603664E+2	1.379832E+1
9.606085E+2	1.382018E+1
9.608506E+2	1.382018E+1
9.610926E+2	1.367264E+1
9.613347E+2	1.391854E+1
9.615767E+2	1.373274E+1
9.618187E+2	1.392400E+1
9.620607E+2	1.383657E+1
9.623027E+2	1.404422E+1
9.625447E+2	1.419723E+1
9.627867E+2	1.429012E+1
9.630287E+2	1.417537E+1
9.632706E+2	1.397865E+1
9.635126E+2	1.386389E+1
9.637545E+2	1.355788E+1
9.639965E+2	1.390214E+1
9.642384E+2	1.388029E+1
9.644803E+2	1.376007E+1
9.647222E+2	1.382018E+1
9.649641E+2	1.381471E+1
9.652060E+2	1.389668E+1
9.654479E+2	1.401690E+1
9.656897E+2	1.389121E+1
9.659316E+2	1.385296E+1
9.661734E+2	1.361799E+1
9.664153E+2	1.357974E+1
9.666571E+2	1.390761E+1
9.668989E+2	1.419723E+1
9.671408E+2	1.430652E+1
9.673826E+2	1.425734E+1
9.676243E+2	1.463985E+1
9.678661E+2	1.457974E+1
9.681079E+2	1.466717E+1
9.683497E+2	1.471089E+1
9.685914E+2	1.478739E+1
9.688332E+2	1.498958E+1
9.690749E+2	1.523548E+1
9.693166E+2	1.537755E+1
9.695583E+2	1.541580E+1
9.698001E+2	1.515897E+1
9.700417E+2	1.495132E+1
9.702834E+2	1.466717E+1
9.705251E+2	1.483111E+1
9.707668E+2	1.494040E+1
9.710084E+2	1.495679E+1
9.712501E+2	1.514258E+1
9.714917E+2	1.528466E+1
9.717334E+2	1.535570E+1
9.719750E+2	1.511526E+1
9.722166E+2	1.520815E+1
9.724582E+2	1.525734E+1
9.726998E+2	1.514805E+1
9.729414E+2	1.506608E+1
9.731830E+2	1.463438E+1
9.734245E+2	1.430652E+1
9.736661E+2	1.430652E+1
9.739076E+2	1.455242E+1
9.741492E+2	1.435023E+1
9.743907E+2	1.441034E+1
9.746322E+2	1.467264E+1
9.748737E+2	1.476553E+1
9.751152E+2	1.522455E+1
9.753567E+2	1.523548E+1
9.755982E+2	1.530652E+1
9.758396E+2	1.536662E+1
9.760811E+2	1.528466E+1
9.763226E+2	1.571089E+1
9.765640E+2	1.566171E+1
9.768054E+2	1.538302E+1
9.770468E+2	1.527373E+1
9.772883E+2	1.541034E+1
9.775297E+2	1.539941E+1
9.777711E+2	1.550870E+1
9.780124E+2	1.557427E+1
9.782538E+2	1.543766E+1
9.784952E+2	1.543766E+1
9.787365E+2	1.512619E+1
9.789779E+2	1.515351E+1
9.792192E+2	1.521908E+1
9.794605E+2	1.523548E+1
9.797019E+2	1.547591E+1
9.799432E+2	1.557974E+1
9.801845E+2	1.544859E+1
9.804257E+2	1.561253E+1
9.806670E+2	1.584750E+1
9.809083E+2	1.597865E+1
9.811496E+2	1.627373E+1
9.813908E+2	1.600597E+1
9.816320E+2	1.583657E+1
9.818733E+2	1.578739E+1
9.821145E+2	1.585296E+1
9.823557E+2	1.567264E+1
9.825969E+2	1.560160E+1
9.828381E+2	1.530652E+1
9.830793E+2	1.539395E+1
9.833205E+2	1.523548E+1
9.835616E+2	1.503876E+1
9.838028E+2	1.487482E+1
9.840439E+2	1.481471E+1
9.842851E+2	1.466171E+1
9.845262E+2	1.469449E+1
9.847673E+2	1.468903E+1
9.850084E+2	1.481471E+1
9.852495E+2	1.496772E+1
9.854906E+2	1.515897E+1
9.857317E+2	1.530652E+1
9.859727E+2	1.523001E+1
9.862138E+2	1.516990E+1
9.864549E+2	1.500050E+1
9.866959E+2	1.495132E+1
9.869369E+2	1.482564E+1
9.871779E+2	1.464531E+1
9.874190E+2	1.460160E+1
9.876600E+2	1.462346E+1
9.879010E+2	1.507701E+1
9.881419E+2	1.537755E+1
9.883829E+2	1.545406E+1
9.886239E+2	1.509340E+1
9.888648E+2	1.533930E+1
9.891058E+2	1.526826E+1
9.893467E+2	1.513712E+1
9.895876E+2	1.512619E+1
9.898285E+2	1.477646E+1
9.900695E+2	1.477646E+1
9.903104E+2	1.482564E+1
9.905512E+2	1.493493E+1
9.907921E+2	1.492947E+1
9.910330E+2	1.475460E+1
9.912738E+2	1.469996E+1
9.915147E+2	1.503329E+1
9.917555E+2	1.512072E+1
9.919964E+2	1.513712E+1
9.922372E+2	1.507701E+1
9.924780E+2	1.493493E+1
9.927188E+2	1.487482E+1
9.929596E+2	1.507701E+1
9.932004E+2	1.506061E+1
9.934411E+2	1.502236E+1
9.936819E+2	1.501143E+1
9.939227E+2	1.488575E+1
9.941634E+2	1.510433E+1
9.944041E+2	1.503329E+1
9.946449E+2	1.500050E+1
9.948856E+2	1.490214E+1
9.951263E+2	1.465624E+1
9.953670E+2	1.436662E+1
9.956077E+2	1.450870E+1
9.958483E+2	1.448138E+1
9.960890E+2	1.441034E+1
9.963297E+2	1.421362E+1
9.965703E+2	1.403876E+1
9.968109E+2	1.402783E+1
9.970516E+2	1.403876E+1
9.972922E+2	1.401143E+1
9.975328E+2	1.423548E+1
9.977734E+2	1.411526E+1
9.980140E+2	1.420269E+1
9.982546E+2	1.401143E+1
9.984951E+2	1.423548E+1
9.987357E+2	1.401143E+1
9.989763E+2	1.428466E+1
9.992168E+2	1.448138E+1
9.994573E+2	1.464531E+1
9.996978E+2	1.453056E+1
9.999384E+2	1.423001E+1
1.000179E+3	1.395679E+1
1.000419E+3	1.382018E+1
1.000660E+3	1.374367E+1
1.000900E+3	1.372182E+1
1.001141E+3	1.379285E+1
1.001381E+3	1.404968E+1
1.001622E+3	1.415351E+1
1.001862E+3	1.430652E+1
1.002103E+3	1.449231E+1
1.002343E+3	1.438848E+1
1.002583E+3	1.419176E+1
1.002824E+3	1.388575E+1
1.003064E+3	1.412072E+1
1.003305E+3	1.428466E+1
1.003545E+3	1.419723E+1
1.003785E+3	1.436662E+1
1.004026E+3	1.443766E+1
1.004266E+3	1.463985E+1
1.004506E+3	1.492947E+1
1.004747E+3	1.503329E+1
1.004987E+3	1.485296E+1
1.005227E+3	1.457974E+1
1.005468E+3	1.433930E+1
1.005708E+3	1.425187E+1
1.005948E+3	1.431744E+1
1.006188E+3	1.427373E+1
1.006429E+3	1.430652E+1
1.006669E+3	1.429012E+1
1.006909E+3	1.438302E+1
1.007149E+3	1.433930E+1
1.007390E+3	1.464531E+1
1.007630E+3	1.449231E+1
1.007870E+3	1.442673E+1
1.008110E+3	1.460160E+1
1.008350E+3	1.462346E+1
1.008590E+3	1.473274E+1
1.008831E+3	1.448138E+1
1.009071E+3	1.445952E+1
1.009311E+3	1.449231E+1
1.009551E+3	1.474367E+1
1.009791E+3	1.492400E+1
1.010031E+3	1.502783E+1
1.010271E+3	1.498411E+1
1.010511E+3	1.471089E+1
1.010752E+3	1.500597E+1
1.010992E+3	1.503876E+1
1.011232E+3	1.518083E+1
1.011472E+3	1.519723E+1
1.011712E+3	1.506061E+1
1.011952E+3	1.510979E+1
1.012192E+3	1.480925E+1
1.012432E+3	1.484750E+1
1.012672E+3	1.475460E+1
1.012912E+3	1.524641E+1
1.013152E+3	1.536116E+1
1.013392E+3	1.558520E+1
1.013632E+3	1.535023E+1
1.013872E+3	1.497865E+1
1.014112E+3	1.495132E+1
1.014352E+3	1.500050E+1
1.014591E+3	1.518083E+1
1.014831E+3	1.516444E+1
1.015071E+3	1.542127E+1
1.015311E+3	1.536662E+1
1.015551E+3	1.534477E+1
1.015791E+3	1.530105E+1
1.016031E+3	1.547591E+1
1.016271E+3	1.549231E+1
1.016511E+3	1.547045E+1
1.016750E+3	1.538848E+1
1.016990E+3	1.544313E+1
1.017230E+3	1.541580E+1
1.017470E+3	1.544313E+1
1.017710E+3	1.531198E+1
1.017949E+3	1.528466E+1
1.018189E+3	1.539941E+1
1.018429E+3	1.525734E+1
1.018669E+3	1.534477E+1
1.018908E+3	1.523001E+1
1.019148E+3	1.486936E+1
1.019388E+3	1.467810E+1
1.019628E+3	1.471635E+1
1.019867E+3	1.491307E+1
1.020107E+3	1.513165E+1
1.020347E+3	1.509340E+1
1.020586E+3	1.486389E+1
1.020826E+3	1.482564E+1
1.021066E+3	1.460706E+1
1.021305E+3	1.457427E+1
1.021545E+3	1.460706E+1
1.021785E+3	1.459067E+1
1.022024E+3	1.448684E+1
1.022264E+3	1.474367E+1
1.022504E+3	1.463438E+1
1.022743E+3	1.457427E+1
1.022983E+3	1.479832E+1
1.023222E+3	1.484203E+1
1.023462E+3	1.488575E+1
1.023702E+3	1.483111E+1
1.023941E+3	1.474367E+1
1.024181E+3	1.483111E+1
1.024420E+3	1.479832E+1
1.024660E+3	1.485843E+1
1.024899E+3	1.466717E+1
1.025139E+3	1.457427E+1
1.025378E+3	1.425187E+1
1.025618E+3	1.429559E+1
1.025857E+3	1.414258E+1
1.026097E+3	1.377100E+1
1.026336E+3	1.373274E+1
1.026575E+3	1.369449E+1
1.026815E+3	1.388575E+1
1.027054E+3	1.398411E+1
1.027294E+3	1.420269E+1
1.027533E+3	1.390761E+1
1.027773E+3	1.391854E+1
1.028012E+3	1.391307E+1
1.028251E+3	1.394040E+1
1.028491E+3	1.419176E+1
1.028730E+3	1.434477E+1
1.028969E+3	1.442673E+1
1.029209E+3	1.442127E+1
1.029448E+3	1.462346E+1
1.029687E+3	1.467810E+1
1.029927E+3	1.472728E+1
1.030166E+3	1.456881E+1
1.030405E+3	1.432837E+1
1.030645E+3	1.374914E+1
1.030884E+3	1.355242E+1
1.031123E+3	1.354695E+1
1.031362E+3	1.349777E+1
1.031602E+3	1.367810E+1
1.031841E+3	1.367810E+1
1.032080E+3	1.373274E+1
1.032319E+3	1.348138E+1
1.032558E+3	1.326280E+1
1.032798E+3	1.316990E+1
1.033037E+3	1.329012E+1
1.033276E+3	1.302236E+1
1.033515E+3	1.301143E+1
1.033754E+3	1.309340E+1
1.033993E+3	1.309887E+1
1.034233E+3	1.300597E+1
1.034472E+3	1.282018E+1
1.034711E+3	1.282018E+1
1.034950E+3	1.291307E+1
1.035189E+3	1.279285E+1
1.035428E+3	1.277646E+1
1.035667E+3	1.270542E+1
1.035906E+3	1.278739E+1
1.036145E+3	1.287482E+1
1.036384E+3	1.284203E+1
1.036623E+3	1.266717E+1
1.036862E+3	1.268356E+1
1.037101E+3	1.274914E+1
1.037340E+3	1.272182E+1
1.037579E+3	1.230105E+1
1.037818E+3	1.203876E+1
1.038057E+3	1.178739E+1
1.038296E+3	1.175460E+1
1.038535E+3	1.172182E+1
1.038774E+3	1.150324E+1
1.039013E+3	1.126280E+1
1.039252E+3	1.103329E+1
1.039491E+3	1.134477E+1
1.039730E+3	1.137755E+1
1.039969E+3	1.160160E+1
1.040208E+3	1.131198E+1
1.040447E+3	1.129559E+1
1.040685E+3	1.170542E+1
1.040924E+3	1.173821E+1
1.041163E+3	1.171635E+1
1.041402E+3	1.167264E+1
1.041641E+3	1.174367E+1
1.041880E+3	1.166717E+1
1.042118E+3	1.178193E+1
1.042357E+3	1.152509E+1
1.042596E+3	1.148138E+1
1.042835E+3	1.126826E+1
1.043074E+3	1.102783E+1
1.043312E+3	1.084750E+1
1.043551E+3	1.075460E+1
1.043790E+3	1.080378E+1
1.044029E+3	1.074914E+1
1.044267E+3	1.039941E+1
1.044506E+3	1.053056E+1
1.044745E+3	1.073821E+1
1.044983E+3	1.106608E+1
1.045222E+3	1.127373E+1
1.045461E+3	1.136116E+1
1.045699E+3	1.130105E+1
1.045938E+3	1.142673E+1
1.046177E+3	1.102236E+1
1.046415E+3	1.090761E+1
1.046654E+3	1.055788E+1
1.046893E+3	1.077100E+1
1.047131E+3	1.087482E+1
1.047370E+3	1.080378E+1
1.047608E+3	1.076553E+1
1.047847E+3	1.092947E+1
1.048086E+3	1.081471E+1
1.048324E+3	1.086389E+1
1.048563E+3	1.103876E+1
1.048801E+3	1.121908E+1
1.049040E+3	1.121908E+1
1.049278E+3	1.115351E+1
1.049517E+3	1.099504E+1
1.049755E+3	1.109887E+1
1.049994E+3	1.106608E+1
1.050232E+3	1.124094E+1
1.050471E+3	1.094586E+1
1.050709E+3	1.048138E+1
1.050948E+3	1.066171E+1
1.051186E+3	1.092947E+1
1.051424E+3	1.074914E+1
1.051663E+3	1.081471E+1
1.051901E+3	1.051417E+1
1.052140E+3	1.071635E+1
1.052378E+3	1.098411E+1
1.052616E+3	1.123001E+1
1.052855E+3	1.126826E+1
1.053093E+3	1.147591E+1
1.053332E+3	1.145952E+1
1.053570E+3	1.169449E+1
1.053808E+3	1.190761E+1
1.054047E+3	1.183111E+1
1.054285E+3	1.178739E+1
1.054523E+3	1.158520E+1
1.054761E+3	1.177646E+1
1.055000E+3	1.179832E+1
1.055238E+3	1.159613E+1
1.055476E+3	1.152509E+1
1.055715E+3	1.155788E+1
1.055953E+3	1.149231E+1
1.056191E+3	1.130105E+1
1.056429E+3	1.133384E+1
1.056667E+3	1.145952E+1
1.056906E+3	1.153056E+1
1.057144E+3	1.143766E+1
1.057382E+3	1.150870E+1
1.057620E+3	1.163438E+1
1.057858E+3	1.153602E+1
1.058097E+3	1.141580E+1
1.058335E+3	1.114805E+1
1.058573E+3	1.115351E+1
1.058811E+3	1.129559E+1
1.059049E+3	1.142673E+1
1.059287E+3	1.120815E+1
1.059525E+3	1.094586E+1
1.059763E+3	1.096772E+1
1.060001E+3	1.101143E+1
1.060239E+3	1.113712E+1
1.060478E+3	1.087482E+1
1.060716E+3	1.102236E+1
1.060954E+3	1.113712E+1
1.061192E+3	1.139395E+1
1.061430E+3	1.125187E+1
1.061668E+3	1.112072E+1
1.061906E+3	1.115351E+1
1.062144E+3	1.106061E+1
1.062382E+3	1.087482E+1
1.062620E+3	1.091854E+1
1.062858E+3	1.077100E+1
1.063096E+3	1.061253E+1
1.063333E+3	1.048138E+1
1.063571E+3	1.035570E+1
1.063809E+3	1.053056E+1
1.064047E+3	1.059613E+1
1.064285E+3	1.071089E+1
1.064523E+3	1.071089E+1
1.064761E+3	1.061799E+1
1.064999E+3	1.077100E+1
1.065237E+3	1.086389E+1
1.065474E+3	1.065624E+1
1.065712E+3	1.026280E+1
1.065950E+3	1.009340E+1
1.066188E+3	1.002236E+1
1.066426E+3	1.038848E+1
1.066664E+3	1.012619E+1
1.066901E+3	1.009340E+1
1.067139E+3	1.007154E+1
1.067377E+3	1.003329E+1
1.067615E+3	9.962253E+0
1.067852E+3	9.995040E+0
1.068090E+3	9.891215E+0
1.068328E+3	9.760067E+0
1.068566E+3	9.689029E+0
1.068803E+3	9.514166E+0
1.069041E+3	9.568810E+0
1.069279E+3	9.738209E+0
1.069516E+3	9.650778E+0
1.069754E+3	9.678100E+0
1.069992E+3	9.552417E+0
1.070229E+3	9.590668E+0
1.070467E+3	9.525095E+0
1.070705E+3	9.689029E+0
1.070942E+3	9.415805E+0
1.071180E+3	9.251871E+0
1.071418E+3	9.098865E+0
1.071655E+3	9.060614E+0
1.071893E+3	8.929466E+0
1.072130E+3	8.831106E+0
1.072368E+3	8.798319E+0
1.072605E+3	8.913073E+0
1.072843E+3	9.038756E+0
1.073081E+3	8.902144E+0
1.073318E+3	9.126187E+0
1.073556E+3	9.066078E+0
1.073793E+3	9.093401E+0
1.074031E+3	9.279193E+0
1.074268E+3	9.246406E+0
1.074506E+3	9.432198E+0
1.074743E+3	9.541488E+0
1.074981E+3	9.678100E+0
1.075218E+3	9.705422E+0
1.075455E+3	9.596133E+0
1.075693E+3	9.492308E+0
1.075930E+3	9.437663E+0
1.076168E+3	9.492308E+0
1.076405E+3	9.497772E+0
1.076642E+3	9.475914E+0
1.076880E+3	9.645313E+0
1.077117E+3	9.579739E+0
1.077355E+3	9.557881E+0
1.077592E+3	9.607062E+0
1.077829E+3	9.585204E+0
1.078067E+3	1.000050E+1
1.078304E+3	9.781925E+0
1.078541E+3	9.885750E+0
1.078779E+3	9.907608E+0
1.079016E+3	9.891215E+0
1.079253E+3	9.967718E+0
1.079490E+3	9.891215E+0
1.079728E+3	1.012072E+1
1.079965E+3	1.004968E+1
1.080202E+3	1.022455E+1
1.080439E+3	1.021362E+1
1.080677E+3	1.020269E+1
1.080914E+3	1.018630E+1
1.081151E+3	1.041580E+1
1.081388E+3	1.044313E+1
1.081625E+3	1.047591E+1
1.081863E+3	1.020269E+1
1.082100E+3	1.003876E+1
1.082337E+3	9.738209E+0
1.082574E+3	9.809248E+0
1.082811E+3	9.831106E+0
1.083048E+3	9.858428E+0
1.083285E+3	1.002236E+1
1.083522E+3	9.787390E+0
1.083760E+3	9.661707E+0
1.083997E+3	9.765532E+0
1.084234E+3	9.710887E+0
1.084471E+3	9.798319E+0
1.084708E+3	9.585204E+0
1.084945E+3	9.672636E+0
1.085182E+3	9.519630E+0
1.085419E+3	9.650778E+0
1.085656E+3	9.721816E+0
1.085893E+3	9.792854E+0
1.086130E+3	9.962253E+0
1.086367E+3	1.002783E+1
1.086604E+3	1.024094E+1
1.086841E+3	1.032291E+1
1.087078E+3	1.021362E+1
1.087315E+3	1.014805E+1
1.087552E+3	1.029012E+1
1.087789E+3	9.945860E+0
1.088026E+3	9.612526E+0
1.088262E+3	9.536024E+0
1.088499E+3	9.519630E+0
1.088736E+3	9.628920E+0
1.088973E+3	9.224548E+0
1.089210E+3	8.858428E+0
1.089447E+3	8.710887E+0
1.089684E+3	8.754603E+0
1.089921E+3	8.694493E+0
1.090157E+3	8.967718E+0
1.090394E+3	9.005969E+0
1.090631E+3	9.077007E+0
1.090868E+3	9.060614E+0
1.091105E+3	9.109794E+0
1.091341E+3	9.137116E+0
1.091578E+3	9.104330E+0
1.091815E+3	9.000504E+0
1.092052E+3	9.071543E+0
1.092288E+3	9.158974E+0
1.092525E+3	8.825641E+0
1.092762E+3	8.705422E+0
1.092999E+3	8.525095E+0
1.093235E+3	8.557881E+0
1.093472E+3	8.355696E+0
1.093709E+3	8.257335E+0
1.093945E+3	8.355696E+0
1.094182E+3	8.492308E+0
1.094419E+3	8.470450E+0
1.094655E+3	8.066078E+0
1.094892E+3	8.104330E+0
1.095128E+3	8.115259E+0
1.095365E+3	8.044220E+0
1.095602E+3	8.077007E+0
1.095838E+3	7.858428E+0
1.096075E+3	7.656242E+0
1.096311E+3	7.869357E+0
1.096548E+3	7.847499E+0
1.096784E+3	8.022362E+0
1.097021E+3	8.044220E+0
1.097258E+3	7.984111E+0
1.097494E+3	7.710887E+0
1.097731E+3	7.661707E+0
1.097967E+3	7.765532E+0
1.098204E+3	7.650778E+0
1.098440E+3	7.574275E+0
1.098677E+3	7.552417E+0
1.098913E+3	7.443127E+0
1.099149E+3	7.492308E+0
1.099386E+3	7.525095E+0
1.099622E+3	7.443127E+0
1.099859E+3	7.333838E+0
1.100095E+3	7.016898E+0
1.100332E+3	6.989575E+0
1.100568E+3	6.814712E+0
1.100804E+3	6.716351E+0
1.101041E+3	6.536024E+0
1.101277E+3	6.557881E+0
1.101513E+3	6.738209E+0
1.101750E+3	6.885750E+0
1.101986E+3	6.847499E+0
1.102222E+3	7.071543E+0
1.102459E+3	7.432198E+0
1.102695E+3	7.557881E+0
1.102931E+3	7.393947E+0
1.103168E+3	7.186297E+0
1.103404E+3	7.317444E+0
1.103640E+3	7.311980E+0
1.103876E+3	7.426734E+0
1.104113E+3	7.628920E+0
1.104349E+3	7.672636E+0
1.104585E+3	7.787390E+0
1.104821E+3	7.672636E+0
1.105057E+3	7.661707E+0
1.105294E+3	7.585204E+0
1.105530E+3	7.514166E+0
1.105766E+3	7.503237E+0
1.106002E+3	7.601597E+0
1.106238E+3	7.792854E+0
1.106474E+3	7.902144E+0
1.106711E+3	7.836570E+0
1.106947E+3	7.743674E+0
1.107183E+3	7.699958E+0
1.107419E+3	7.721816E+0
1.107655E+3	7.443127E+0
1.107891E+3	7.628920E+0
1.108127E+3	7.158974E+0
1.108363E+3	1.049231E+1
1.108599E+3	1.282564E+1
1.108835E+3	1.715897E+1
1.109071E+3	1.282564E+1
1.109307E+3	1.782564E+1
1.109543E+3	2.049231E+1
1.109779E+3	1.182564E+1
1.110015E+3	8.492308E+0
1.110251E+3	4.158974E+0
1.110487E+3	6.158974E+0
1.110723E+3	-8.410256E-1
1.110959E+3	1.082564E+1
1.111195E+3	2.615897E+1
1.111431E+3	5.825641E+0
1.111667E+3	2.582564E+1
1.111903E+3	-1.743590E-1
1.112139E+3	7.492308E+0
1.112375E+3	5.158974E+0
1.112611E+3	6.825641E+0
1.112847E+3	1.382564E+1
1.113082E+3	1.115897E+1
1.113318E+3	1.149231E+1
1.113554E+3	1.982564E+1
1.113790E+3	8.158974E+0
1.114026E+3	-4.841026E+0
1.114262E+3	-5.507692E+0
1.114497E+3	7.158974E+0
1.114733E+3	-1.174359E+0
1.114969E+3	1.015897E+1
