1.951292E+2	0.000000E+0
1.953960E+2	0.000000E+0
1.956629E+2	0.000000E+0
1.959298E+2	0.000000E+0
1.961966E+2	0.000000E+0
1.964635E+2	0.000000E+0
1.967303E+2	0.000000E+0
1.969972E+2	0.000000E+0
1.972640E+2	0.000000E+0
1.975308E+2	0.000000E+0
1.977977E+2	0.000000E+0
1.980645E+2	0.000000E+0
1.983313E+2	0.000000E+0
1.985981E+2	0.000000E+0
1.988649E+2	0.000000E+0
1.991316E+2	0.000000E+0
1.993984E+2	0.000000E+0
1.996652E+2	0.000000E+0
1.999320E+2	0.000000E+0
2.001987E+2	0.000000E+0
2.004655E+2	0.000000E+0
2.007322E+2	0.000000E+0
2.009989E+2	0.000000E+0
2.012657E+2	0.000000E+0
2.015324E+2	0.000000E+0
2.017991E+2	0.000000E+0
2.020658E+2	0.000000E+0
2.023325E+2	0.000000E+0
2.025992E+2	0.000000E+0
2.028659E+2	0.000000E+0
2.031326E+2	0.000000E+0
2.033992E+2	0.000000E+0
2.036659E+2	0.000000E+0
2.039325E+2	0.000000E+0
2.041992E+2	0.000000E+0
2.044658E+2	0.000000E+0
2.047325E+2	0.000000E+0
2.049991E+2	0.000000E+0
2.052657E+2	0.000000E+0
2.055323E+2	0.000000E+0
2.057989E+2	0.000000E+0
2.060655E+2	0.000000E+0
2.063321E+2	0.000000E+0
2.065987E+2	0.000000E+0
2.068653E+2	0.000000E+0
2.071319E+2	0.000000E+0
2.073984E+2	0.000000E+0
2.076650E+2	0.000000E+0
2.079315E+2	0.000000E+0
2.081981E+2	0.000000E+0
2.084646E+2	0.000000E+0
2.087311E+2	0.000000E+0
2.089977E+2	0.000000E+0
2.092642E+2	0.000000E+0
2.095307E+2	0.000000E+0
2.097972E+2	0.000000E+0
2.100637E+2	0.000000E+0
2.103302E+2	0.000000E+0
2.105966E+2	0.000000E+0
2.108631E+2	0.000000E+0
2.111296E+2	0.000000E+0
2.113960E+2	0.000000E+0
2.116625E+2	0.000000E+0
2.119289E+2	0.000000E+0
2.121954E+2	0.000000E+0
2.124618E+2	0.000000E+0
2.127282E+2	0.000000E+0
2.129946E+2	0.000000E+0
2.132610E+2	0.000000E+0
2.135274E+2	0.000000E+0
2.137938E+2	0.000000E+0
2.140602E+2	0.000000E+0
2.143266E+2	0.000000E+0
2.145930E+2	0.000000E+0
2.148593E+2	0.000000E+0
2.151257E+2	0.000000E+0
2.153920E+2	0.000000E+0
2.156584E+2	0.000000E+0
2.159247E+2	0.000000E+0
2.161910E+2	0.000000E+0
2.164574E+2	0.000000E+0
2.167237E+2	0.000000E+0
2.169900E+2	0.000000E+0
2.172563E+2	0.000000E+0
2.175226E+2	0.000000E+0
2.177889E+2	0.000000E+0
2.180551E+2	0.000000E+0
2.183214E+2	0.000000E+0
2.185877E+2	0.000000E+0
2.188539E+2	0.000000E+0
2.191202E+2	0.000000E+0
2.193864E+2	0.000000E+0
2.196527E+2	0.000000E+0
2.199189E+2	0.000000E+0
2.201851E+2	0.000000E+0
2.204513E+2	0.000000E+0
2.207175E+2	0.000000E+0
2.209837E+2	0.000000E+0
2.212499E+2	0.000000E+0
2.215161E+2	0.000000E+0
2.217823E+2	0.000000E+0
2.220485E+2	0.000000E+0
2.223146E+2	0.000000E+0
2.225808E+2	0.000000E+0
2.228469E+2	0.000000E+0
2.231131E+2	0.000000E+0
2.233792E+2	0.000000E+0
2.236453E+2	0.000000E+0
2.239115E+2	0.000000E+0
2.241776E+2	0.000000E+0
2.244437E+2	0.000000E+0
2.247098E+2	0.000000E+0
2.249759E+2	0.000000E+0
2.252420E+2	0.000000E+0
2.255080E+2	0.000000E+0
2.257741E+2	0.000000E+0
2.260402E+2	0.000000E+0
2.263062E+2	0.000000E+0
2.265723E+2	0.000000E+0
2.268383E+2	0.000000E+0
2.271044E+2	0.000000E+0
2.273704E+2	0.000000E+0
2.276364E+2	0.000000E+0
2.279024E+2	0.000000E+0
2.281684E+2	0.000000E+0
2.284344E+2	0.000000E+0
2.287004E+2	0.000000E+0
2.289664E+2	0.000000E+0
2.292324E+2	0.000000E+0
2.294984E+2	0.000000E+0
2.297643E+2	0.000000E+0
2.300303E+2	0.000000E+0
2.302962E+2	0.000000E+0
2.305622E+2	0.000000E+0
2.308281E+2	0.000000E+0
2.310940E+2	0.000000E+0
2.313599E+2	0.000000E+0
2.316259E+2	0.000000E+0
2.318918E+2	0.000000E+0
2.321577E+2	0.000000E+0
2.324236E+2	0.000000E+0
2.326894E+2	0.000000E+0
2.329553E+2	0.000000E+0
2.332212E+2	0.000000E+0
2.334871E+2	0.000000E+0
2.337529E+2	0.000000E+0
2.340188E+2	0.000000E+0
2.342846E+2	0.000000E+0
2.345504E+2	0.000000E+0
2.348163E+2	0.000000E+0
2.350821E+2	0.000000E+0
2.353479E+2	0.000000E+0
2.356137E+2	0.000000E+0
2.358795E+2	0.000000E+0
2.361453E+2	0.000000E+0
2.364111E+2	0.000000E+0
2.366769E+2	0.000000E+0
2.369426E+2	0.000000E+0
2.372084E+2	0.000000E+0
2.374741E+2	0.000000E+0
2.377399E+2	0.000000E+0
2.380056E+2	0.000000E+0
2.382714E+2	0.000000E+0
2.385371E+2	0.000000E+0
2.388028E+2	0.000000E+0
2.390685E+2	0.000000E+0
2.393342E+2	0.000000E+0
2.395999E+2	0.000000E+0
2.398656E+2	0.000000E+0
2.401313E+2	0.000000E+0
2.403970E+2	0.000000E+0
2.406626E+2	0.000000E+0
2.409283E+2	0.000000E+0
2.411940E+2	0.000000E+0
2.414596E+2	0.000000E+0
2.417252E+2	0.000000E+0
2.419909E+2	0.000000E+0
2.422565E+2	0.000000E+0
2.425221E+2	0.000000E+0
2.427877E+2	0.000000E+0
2.430533E+2	0.000000E+0
2.433189E+2	0.000000E+0
2.435845E+2	0.000000E+0
2.438501E+2	0.000000E+0
2.441157E+2	0.000000E+0
2.443812E+2	0.000000E+0
2.446468E+2	0.000000E+0
2.449124E+2	0.000000E+0
2.451779E+2	0.000000E+0
2.454434E+2	0.000000E+0
2.457090E+2	0.000000E+0
2.459745E+2	0.000000E+0
2.462400E+2	0.000000E+0
2.465055E+2	0.000000E+0
2.467710E+2	0.000000E+0
2.470365E+2	0.000000E+0
2.473020E+2	0.000000E+0
2.475675E+2	0.000000E+0
2.478330E+2	0.000000E+0
2.480984E+2	0.000000E+0
2.483639E+2	0.000000E+0
2.486294E+2	0.000000E+0
2.488948E+2	0.000000E+0
2.491602E+2	0.000000E+0
2.494257E+2	0.000000E+0
2.496911E+2	0.000000E+0
2.499565E+2	0.000000E+0
2.502219E+2	8.575816E+0
2.504873E+2	8.657783E+0
2.507527E+2	8.543029E+0
2.510181E+2	8.838111E+0
2.512835E+2	8.799860E+0
2.515489E+2	8.859969E+0
2.518142E+2	9.324450E+0
2.520796E+2	9.685106E+0
2.523449E+2	1.017144E+1
2.526103E+2	1.037909E+1
2.528756E+2	1.012226E+1
2.531409E+2	1.011134E+1
2.534063E+2	1.012773E+1
2.536716E+2	1.040642E+1
2.539369E+2	1.078347E+1
2.542022E+2	1.125888E+1
2.544675E+2	1.126981E+1
2.547328E+2	1.140642E+1
2.549980E+2	1.153756E+1
2.552633E+2	1.151024E+1
2.555286E+2	1.179440E+1
2.557938E+2	1.223155E+1
2.560591E+2	1.278893E+1
2.563243E+2	1.296926E+1
2.565896E+2	1.320423E+1
2.568548E+2	1.361953E+1
2.571200E+2	1.374522E+1
2.573852E+2	1.390915E+1
2.576504E+2	1.403483E+1
2.579156E+2	1.396379E+1
2.581808E+2	1.413866E+1
2.584460E+2	1.404030E+1
2.587112E+2	1.413866E+1
2.589763E+2	1.422609E+1
2.592415E+2	1.424248E+1
2.595067E+2	1.434084E+1
2.597718E+2	1.453756E+1
2.600369E+2	1.479986E+1
2.603021E+2	1.481079E+1
2.605672E+2	1.492554E+1
2.608323E+2	1.496379E+1
2.610974E+2	1.487636E+1
2.613625E+2	1.470150E+1
2.616276E+2	1.457582E+1
2.618927E+2	1.459221E+1
2.621578E+2	1.457582E+1
2.624229E+2	1.445560E+1
2.626880E+2	1.453210E+1
2.629530E+2	1.436270E+1
2.632181E+2	1.423702E+1
2.634831E+2	1.410587E+1
2.637482E+2	1.389276E+1
2.640132E+2	1.407308E+1
2.642782E+2	1.388183E+1
2.645432E+2	1.373429E+1
2.648082E+2	1.369603E+1
2.650732E+2	1.348292E+1
2.653382E+2	1.318237E+1
2.656032E+2	1.287090E+1
2.658682E+2	1.301844E+1
2.661332E+2	1.288729E+1
2.663981E+2	1.269603E+1
2.666631E+2	1.262500E+1
2.669281E+2	1.271789E+1
2.671930E+2	1.249385E+1
2.674579E+2	1.239549E+1
2.677229E+2	1.229166E+1
2.679878E+2	1.199112E+1
2.682527E+2	1.161407E+1
2.685176E+2	1.104576E+1
2.687825E+2	1.089822E+1
2.690474E+2	1.081625E+1
2.693123E+2	1.052664E+1
2.695772E+2	1.020970E+1
2.698420E+2	1.016598E+1
2.701069E+2	9.827182E+0
2.703718E+2	9.242483E+0
2.706366E+2	8.969259E+0
2.709014E+2	8.805324E+0
2.711663E+2	8.663248E+0
2.714311E+2	8.466527E+0
2.716959E+2	8.384559E+0
2.719607E+2	8.089477E+0
2.722255E+2	7.455598E+0
2.724903E+2	7.084013E+0
2.727551E+2	6.838111E+0
2.730199E+2	6.608603E+0
2.732847E+2	6.543029E+0
2.735495E+2	6.444669E+0
2.738142E+2	6.384559E+0
2.740790E+2	6.614068E+0
2.743437E+2	6.499313E+0
2.746085E+2	6.373630E+0
2.748732E+2	6.051226E+0
2.751379E+2	5.941936E+0
2.754026E+2	5.920078E+0
2.756674E+2	5.499313E+0
2.759321E+2	5.362701E+0
2.761968E+2	4.991117E+0
2.764614E+2	5.193303E+0
2.767261E+2	5.204231E+0
2.769908E+2	5.034833E+0
2.772555E+2	4.991117E+0
2.775201E+2	5.029368E+0
2.777848E+2	5.094942E+0
2.780494E+2	5.182374E+0
2.783141E+2	5.433740E+0
2.785787E+2	5.652319E+0
2.788433E+2	5.428275E+0
2.791079E+2	5.291663E+0
2.793725E+2	5.176909E+0
2.796371E+2	5.258876E+0
2.799017E+2	5.149587E+0
2.801663E+2	4.958330E+0
2.804309E+2	4.996581E+0
2.806955E+2	4.952865E+0
2.809600E+2	4.750680E+0
2.812246E+2	4.936472E+0
2.814891E+2	4.925543E+0
2.817537E+2	4.985652E+0
2.820182E+2	4.870898E+0
2.822827E+2	4.941936E+0
2.825473E+2	5.100406E+0
2.828118E+2	5.116800E+0
2.830763E+2	5.209696E+0
2.833408E+2	5.297128E+0
2.836053E+2	5.275270E+0
2.838697E+2	5.105871E+0
2.841342E+2	4.909150E+0
2.843987E+2	4.854505E+0
2.846632E+2	4.914614E+0
2.849276E+2	4.920078E+0
2.851921E+2	4.941936E+0
2.854565E+2	5.040297E+0
2.857209E+2	5.335379E+0
2.859853E+2	5.122264E+0
2.862498E+2	4.941936E+0
2.865142E+2	5.182374E+0
2.867786E+2	5.269805E+0
2.870430E+2	5.073084E+0
2.873074E+2	4.832647E+0
2.875717E+2	4.728822E+0
2.878361E+2	4.630461E+0
2.881005E+2	4.526636E+0
2.883648E+2	4.597674E+0
2.886292E+2	4.712428E+0
2.888935E+2	4.859969E+0
2.891579E+2	4.805324E+0
2.894222E+2	4.974723E+0
2.896865E+2	5.094942E+0
2.899508E+2	5.226089E+0
2.902151E+2	5.275270E+0
2.904794E+2	5.351772E+0
2.907437E+2	5.510242E+0
2.910080E+2	5.843576E+0
2.912723E+2	6.007510E+0
2.915366E+2	6.204231E+0
2.918008E+2	6.564887E+0
2.920651E+2	6.723357E+0
2.923293E+2	6.827182E+0
2.925936E+2	6.564887E+0
2.928578E+2	6.564887E+0
2.931220E+2	6.439204E+0
2.933863E+2	6.286199E+0
2.936505E+2	6.258876E+0
2.939147E+2	6.308057E+0
2.941789E+2	5.925543E+0
2.944431E+2	5.624996E+0
2.947072E+2	5.745215E+0
2.949714E+2	5.575816E+0
2.952356E+2	5.663248E+0
2.954997E+2	5.668712E+0
2.957639E+2	5.526636E+0
2.960280E+2	5.838111E+0
2.962922E+2	5.876363E+0
2.965563E+2	5.696035E+0
2.968204E+2	5.532100E+0
2.970845E+2	5.521171E+0
2.973486E+2	5.417346E+0
2.976127E+2	5.532100E+0
2.978768E+2	5.477456E+0
2.981409E+2	5.586745E+0
2.984050E+2	5.346308E+0
2.986691E+2	5.433740E+0
2.989331E+2	5.226089E+0
2.991972E+2	5.122264E+0
2.994612E+2	4.854505E+0
2.997253E+2	4.794395E+0
2.999893E+2	5.094942E+0
3.002534E+2	5.335379E+0
3.005174E+2	5.384559E+0
3.007814E+2	5.428275E+0
3.010454E+2	5.428275E+0
3.013094E+2	5.439204E+0
3.015734E+2	5.581281E+0
3.018374E+2	5.444669E+0
3.021013E+2	5.646854E+0
3.023653E+2	5.712428E+0
3.026293E+2	5.313521E+0
3.028932E+2	5.302592E+0
3.031572E+2	5.548494E+0
3.034211E+2	5.870898E+0
3.036850E+2	5.925543E+0
3.039489E+2	5.936472E+0
3.042129E+2	6.062155E+0
3.044768E+2	6.198767E+0
3.047407E+2	6.105871E+0
3.050046E+2	6.111335E+0
3.052685E+2	6.084013E+0
3.055323E+2	6.029368E+0
3.057962E+2	5.794395E+0
3.060601E+2	5.838111E+0
3.063239E+2	5.619532E+0
3.065878E+2	5.504778E+0
3.068516E+2	5.379095E+0
3.071155E+2	5.193303E+0
3.073793E+2	5.187838E+0
3.076431E+2	4.838111E+0
3.079069E+2	4.728822E+0
3.081707E+2	4.597674E+0
3.084345E+2	4.630461E+0
3.086983E+2	4.466527E+0
3.089621E+2	4.450133E+0
3.092259E+2	4.488384E+0
3.094896E+2	4.608603E+0
3.097534E+2	4.526636E+0
3.100171E+2	4.575816E+0
3.102809E+2	4.832647E+0
3.105446E+2	5.034833E+0
3.108084E+2	5.023904E+0
3.110721E+2	5.362701E+0
3.113358E+2	5.455598E+0
3.115995E+2	5.548494E+0
3.118632E+2	5.493849E+0
3.121269E+2	5.373630E+0
3.123906E+2	5.275270E+0
3.126543E+2	5.384559E+0
3.129179E+2	5.324450E+0
3.131816E+2	5.455598E+0
3.134453E+2	5.422811E+0
3.137089E+2	5.373630E+0
3.139725E+2	5.548494E+0
3.142362E+2	5.471991E+0
3.144998E+2	5.532100E+0
3.147634E+2	5.351772E+0
3.150270E+2	5.537565E+0
3.152906E+2	5.663248E+0
3.155542E+2	6.045762E+0
3.158178E+2	6.220625E+0
3.160814E+2	6.051226E+0
3.163450E+2	5.931007E+0
3.166086E+2	6.073084E+0
3.168721E+2	6.012975E+0
3.171357E+2	5.936472E+0
3.173992E+2	5.974723E+0
3.176627E+2	5.849040E+0
3.179263E+2	5.854505E+0
3.181898E+2	5.734286E+0
3.184533E+2	5.936472E+0
3.187168E+2	6.204231E+0
3.189803E+2	6.105871E+0
3.192438E+2	6.073084E+0
3.195073E+2	6.023904E+0
3.197708E+2	6.297128E+0
3.200342E+2	6.433740E+0
3.202977E+2	6.570352E+0
3.205612E+2	6.433740E+0
3.208246E+2	6.635925E+0
3.210881E+2	6.805324E+0
3.213515E+2	6.909150E+0
3.216149E+2	6.849040E+0
3.218783E+2	6.799860E+0
3.221417E+2	6.564887E+0
3.224051E+2	6.499313E+0
3.226685E+2	6.493849E+0
3.229319E+2	6.532100E+0
3.231953E+2	6.564887E+0
3.234587E+2	6.237018E+0
3.237221E+2	6.155051E+0
3.239854E+2	6.455598E+0
3.242488E+2	6.455598E+0
3.245121E+2	6.176909E+0
3.247754E+2	6.302592E+0
3.250388E+2	6.329915E+0
3.253021E+2	6.559423E+0
3.255654E+2	6.630461E+0
3.258287E+2	6.838111E+0
3.260920E+2	6.663248E+0
3.263553E+2	6.701499E+0
3.266186E+2	6.597674E+0
3.268819E+2	6.635925E+0
3.271451E+2	6.592210E+0
3.274084E+2	6.685106E+0
3.276717E+2	6.799860E+0
3.279349E+2	6.963794E+0
3.281981E+2	6.887292E+0
3.284614E+2	7.111335E+0
3.287246E+2	7.160516E+0
3.289878E+2	7.422811E+0
3.292510E+2	7.406417E+0
3.295142E+2	7.832647E+0
3.297774E+2	7.920078E+0
3.300406E+2	7.756144E+0
3.303038E+2	7.723357E+0
3.305670E+2	7.827182E+0
3.308301E+2	7.909150E+0
3.310933E+2	7.854505E+0
3.313564E+2	7.750680E+0
3.316196E+2	7.439204E+0
3.318827E+2	7.357237E+0
3.321458E+2	7.226089E+0
3.324089E+2	7.253412E+0
3.326721E+2	7.242483E+0
3.329352E+2	7.253412E+0
3.331983E+2	7.116800E+0
3.334614E+2	7.040297E+0
3.337244E+2	7.078548E+0
3.339875E+2	7.023904E+0
3.342506E+2	6.969259E+0
3.345136E+2	6.991117E+0
3.347767E+2	6.728822E+0
3.350397E+2	6.723357E+0
3.353028E+2	6.717893E+0
3.355658E+2	6.843576E+0
3.358288E+2	6.832647E+0
3.360918E+2	6.575816E+0
3.363548E+2	6.624996E+0
3.366178E+2	6.663248E+0
3.368808E+2	6.521171E+0
3.371438E+2	6.204231E+0
3.374068E+2	5.931007E+0
3.376698E+2	5.936472E+0
3.379327E+2	6.023904E+0
3.381957E+2	6.007510E+0
3.384586E+2	5.821718E+0
3.387216E+2	5.892756E+0
3.389845E+2	5.696035E+0
3.392474E+2	5.717893E+0
3.395103E+2	5.881827E+0
3.397733E+2	6.094942E+0
3.400362E+2	5.690570E+0
3.402990E+2	5.734286E+0
3.405619E+2	6.029368E+0
3.408248E+2	5.903685E+0
3.410877E+2	5.854505E+0
3.413506E+2	5.810789E+0
3.416134E+2	5.690570E+0
3.418763E+2	5.482920E+0
3.421391E+2	5.608603E+0
3.424019E+2	5.335379E+0
3.426648E+2	5.187838E+0
3.429276E+2	5.193303E+0
3.431904E+2	5.253412E+0
3.434532E+2	5.149587E+0
3.437160E+2	5.165980E+0
3.439788E+2	5.165980E+0
3.442416E+2	5.258876E+0
3.445043E+2	5.111335E+0
3.447671E+2	5.034833E+0
3.450299E+2	4.947401E+0
3.452926E+2	4.832647E+0
3.455554E+2	4.543029E+0
3.458181E+2	4.395488E+0
3.460808E+2	4.450133E+0
3.463436E+2	4.750680E+0
3.466063E+2	4.778002E+0
3.468690E+2	4.586745E+0
3.471317E+2	4.477456E+0
3.473944E+2	4.455598E+0
3.476570E+2	4.559423E+0
3.479197E+2	4.488384E+0
3.481824E+2	4.570352E+0
3.484451E+2	4.701499E+0
3.487077E+2	4.635925E+0
3.489704E+2	4.597674E+0
3.492330E+2	4.816253E+0
3.494956E+2	4.974723E+0
3.497582E+2	5.034833E+0
3.500209E+2	5.002046E+0
3.502835E+2	5.176909E+0
3.505461E+2	5.034833E+0
3.508087E+2	5.308057E+0
3.510713E+2	5.215160E+0
3.513338E+2	5.198767E+0
3.515964E+2	4.903685E+0
3.518590E+2	4.832647E+0
3.521215E+2	4.963794E+0
3.523841E+2	4.537565E+0
3.526466E+2	4.510242E+0
3.529091E+2	4.526636E+0
3.531717E+2	4.439204E+0
3.534342E+2	5.002046E+0
3.536967E+2	4.865434E+0
3.539592E+2	4.991117E+0
3.542217E+2	5.034833E+0
3.544842E+2	5.373630E+0
3.547467E+2	5.275270E+0
3.550091E+2	5.564887E+0
3.552716E+2	5.532100E+0
3.555341E+2	5.717893E+0
3.557965E+2	5.767073E+0
3.560590E+2	6.034833E+0
3.563214E+2	6.220625E+0
3.565838E+2	6.198767E+0
3.568462E+2	6.444669E+0
3.571086E+2	6.368166E+0
3.573711E+2	6.592210E+0
3.576335E+2	6.728822E+0
3.578958E+2	7.084013E+0
3.581582E+2	6.903685E+0
3.584206E+2	7.034833E+0
3.586830E+2	7.242483E+0
3.589453E+2	6.941936E+0
3.592077E+2	6.838111E+0
3.594700E+2	6.974723E+0
3.597324E+2	6.974723E+0
3.599947E+2	7.051226E+0
3.602570E+2	7.209696E+0
3.605193E+2	6.958330E+0
3.607816E+2	7.012975E+0
3.610439E+2	7.346308E+0
3.613062E+2	7.444669E+0
3.615685E+2	7.193303E+0
3.618308E+2	7.023904E+0
3.620930E+2	7.144122E+0
3.623553E+2	6.925543E+0
3.626176E+2	6.963794E+0
3.628798E+2	7.264341E+0
3.631420E+2	7.258876E+0
3.634043E+2	7.171445E+0
3.636665E+2	7.220625E+0
3.639287E+2	7.302592E+0
3.641909E+2	7.324450E+0
3.644531E+2	7.313521E+0
3.647153E+2	7.237018E+0
3.649775E+2	7.226089E+0
3.652397E+2	7.379095E+0
3.655018E+2	7.187838E+0
3.657640E+2	7.176909E+0
3.660262E+2	7.226089E+0
3.662883E+2	7.029368E+0
3.665505E+2	7.002046E+0
3.668126E+2	6.816253E+0
3.670747E+2	6.728822E+0
3.673368E+2	6.439204E+0
3.675989E+2	6.548494E+0
3.678610E+2	6.663248E+0
3.681231E+2	6.679641E+0
3.683852E+2	6.991117E+0
3.686473E+2	7.204231E+0
3.689094E+2	7.335379E+0
3.691714E+2	7.537565E+0
3.694335E+2	7.155051E+0
3.696955E+2	7.122264E+0
3.699576E+2	6.991117E+0
3.702196E+2	6.980188E+0
3.704816E+2	6.947401E+0
3.707437E+2	6.827182E+0
3.710057E+2	6.778002E+0
3.712677E+2	6.761609E+0
3.715297E+2	6.329915E+0
3.717917E+2	6.204231E+0
3.720536E+2	6.127729E+0
3.723156E+2	6.067619E+0
3.725776E+2	6.084013E+0
3.728395E+2	6.116800E+0
3.731015E+2	6.193303E+0
3.733634E+2	5.887292E+0
3.736254E+2	5.843576E+0
3.738873E+2	5.559423E+0
3.741492E+2	5.849040E+0
3.744111E+2	6.242483E+0
3.746730E+2	6.155051E+0
3.749349E+2	6.592210E+0
3.751968E+2	6.635925E+0
3.754587E+2	6.537565E+0
3.757206E+2	6.368166E+0
3.759824E+2	6.226089E+0
3.762443E+2	6.078548E+0
3.765061E+2	6.231554E+0
3.767680E+2	6.499313E+0
3.770298E+2	6.340843E+0
3.772916E+2	6.461062E+0
3.775535E+2	6.652319E+0
3.778153E+2	6.920078E+0
3.780771E+2	6.892756E+0
3.783389E+2	6.881827E+0
3.786007E+2	6.756144E+0
3.788624E+2	6.537565E+0
3.791242E+2	6.865434E+0
3.793860E+2	7.138658E+0
3.796477E+2	7.122264E+0
3.799095E+2	7.007510E+0
3.801712E+2	6.903685E+0
3.804330E+2	6.827182E+0
3.806947E+2	7.062155E+0
3.809564E+2	7.313521E+0
3.812181E+2	7.242483E+0
3.814798E+2	7.242483E+0
3.817415E+2	7.417346E+0
3.820032E+2	7.597674E+0
3.822649E+2	7.679641E+0
3.825266E+2	7.581281E+0
3.827883E+2	7.624996E+0
3.830499E+2	7.892756E+0
3.833116E+2	8.067619E+0
3.835732E+2	8.215160E+0
3.838348E+2	8.111335E+0
3.840965E+2	8.209696E+0
3.843581E+2	8.089477E+0
3.846197E+2	8.018439E+0
3.848813E+2	8.018439E+0
3.851429E+2	7.947401E+0
3.854045E+2	7.996581E+0
3.856661E+2	8.040297E+0
3.859277E+2	8.127729E+0
3.861892E+2	8.149587E+0
3.864508E+2	8.078548E+0
3.867124E+2	8.089477E+0
3.869739E+2	7.963794E+0
3.872354E+2	8.133193E+0
3.874970E+2	8.728822E+0
3.877585E+2	8.859969E+0
3.880200E+2	8.712428E+0
3.882815E+2	8.843576E+0
3.885430E+2	8.827182E+0
3.888045E+2	8.564887E+0
3.890660E+2	8.488384E+0
3.893275E+2	8.390024E+0
3.895889E+2	8.685106E+0
3.898504E+2	8.739751E+0
3.901118E+2	8.521171E+0
3.903733E+2	8.133193E+0
3.906347E+2	8.062155E+0
3.908962E+2	7.925543E+0
3.911576E+2	7.821718E+0
3.914190E+2	7.870898E+0
3.916804E+2	8.007510E+0
3.919418E+2	8.078548E+0
3.922032E+2	7.865434E+0
3.924646E+2	8.002046E+0
3.927260E+2	7.559423E+0
3.929873E+2	7.269805E+0
3.932487E+2	7.067619E+0
3.935100E+2	6.799860E+0
3.937714E+2	6.690570E+0
3.940327E+2	6.543029E+0
3.942941E+2	6.461062E+0
3.945554E+2	6.439204E+0
3.948167E+2	6.510242E+0
3.950780E+2	6.433740E+0
3.953393E+2	6.346308E+0
3.956006E+2	6.422811E+0
3.958619E+2	6.575816E+0
3.961232E+2	6.532100E+0
3.963844E+2	6.696035E+0
3.966457E+2	6.603139E+0
3.969069E+2	6.548494E+0
3.971682E+2	6.411882E+0
3.974294E+2	6.564887E+0
3.976907E+2	6.499313E+0
3.979519E+2	6.422811E+0
3.982131E+2	6.422811E+0
3.984743E+2	6.630461E+0
3.987355E+2	6.646854E+0
3.989967E+2	6.564887E+0
3.992579E+2	6.340843E+0
3.995191E+2	6.122264E+0
3.997802E+2	5.980188E+0
4.000414E+2	5.920078E+0
4.003025E+2	5.931007E+0
4.005637E+2	5.963794E+0
4.008248E+2	5.925543E+0
4.010860E+2	6.193303E+0
4.013471E+2	6.291663E+0
4.016082E+2	6.204231E+0
4.018693E+2	6.018439E+0
4.021304E+2	5.925543E+0
4.023915E+2	5.898221E+0
4.026526E+2	5.996581E+0
4.029137E+2	5.914614E+0
4.031747E+2	5.723357E+0
4.034358E+2	5.439204E+0
4.036968E+2	5.499313E+0
4.039579E+2	5.739751E+0
4.042189E+2	5.619532E+0
4.044800E+2	5.608603E+0
4.047410E+2	5.788931E+0
4.050020E+2	5.974723E+0
4.052630E+2	6.023904E+0
4.055240E+2	5.657783E+0
4.057850E+2	5.696035E+0
4.060460E+2	6.002046E+0
4.063070E+2	6.149587E+0
4.065679E+2	6.176909E+0
4.068289E+2	6.105871E+0
4.070898E+2	6.187838E+0
4.073508E+2	6.182374E+0
4.076117E+2	5.881827E+0
4.078727E+2	5.870898E+0
4.081336E+2	6.220625E+0
4.083945E+2	6.335379E+0
4.086554E+2	6.532100E+0
4.089163E+2	6.838111E+0
4.091772E+2	6.936472E+0
4.094381E+2	7.051226E+0
4.096990E+2	7.078548E+0
4.099598E+2	7.548494E+0
4.102207E+2	7.679641E+0
4.104815E+2	7.958330E+0
4.107424E+2	7.843576E+0
4.110032E+2	7.575816E+0
4.112640E+2	7.264341E+0
4.115249E+2	7.215160E+0
4.117857E+2	7.160516E+0
4.120465E+2	7.116800E+0
4.123073E+2	7.127729E+0
4.125681E+2	7.390024E+0
4.128289E+2	7.368166E+0
4.130896E+2	7.788931E+0
4.133504E+2	7.788931E+0
4.136112E+2	7.575816E+0
4.138719E+2	7.373630E+0
4.141327E+2	7.406417E+0
4.143934E+2	7.428275E+0
4.146541E+2	7.805324E+0
4.149149E+2	7.783466E+0
4.151756E+2	8.149587E+0
4.154363E+2	7.963794E+0
4.156970E+2	7.947401E+0
4.159577E+2	8.007510E+0
4.162184E+2	8.051226E+0
4.164790E+2	7.936472E+0
4.167397E+2	7.958330E+0
4.170004E+2	7.706964E+0
4.172610E+2	7.685106E+0
4.175217E+2	7.947401E+0
4.177823E+2	8.100406E+0
4.180429E+2	8.286199E+0
4.183035E+2	8.471991E+0
4.185642E+2	8.592210E+0
4.188248E+2	8.696035E+0
4.190854E+2	8.515707E+0
4.193459E+2	8.674177E+0
4.196065E+2	8.827182E+0
4.198671E+2	8.608603E+0
4.201277E+2	8.499313E+0
4.203882E+2	8.548494E+0
4.206488E+2	8.624996E+0
4.209093E+2	8.548494E+0
4.211699E+2	8.515707E+0
4.214304E+2	8.608603E+0
4.216909E+2	8.674177E+0
4.219514E+2	8.390024E+0
4.222119E+2	8.280734E+0
4.224724E+2	8.286199E+0
4.227329E+2	8.198767E+0
4.229934E+2	8.247947E+0
4.232539E+2	8.335379E+0
4.235143E+2	8.838111E+0
4.237748E+2	8.870898E+0
4.240352E+2	8.876363E+0
4.242957E+2	8.706964E+0
4.245561E+2	9.051226E+0
4.248166E+2	8.941936E+0
4.250770E+2	9.007510E+0
4.253374E+2	9.144122E+0
4.255978E+2	9.111335E+0
4.258582E+2	9.051226E+0
4.261186E+2	9.029368E+0
4.263790E+2	8.947401E+0
4.266393E+2	9.067619E+0
4.268997E+2	9.105871E+0
4.271600E+2	9.439204E+0
4.274204E+2	9.559423E+0
4.276807E+2	9.499313E+0
4.279411E+2	9.706964E+0
4.282014E+2	9.493849E+0
4.284617E+2	9.275270E+0
4.287220E+2	9.144122E+0
4.289823E+2	8.849040E+0
4.292426E+2	8.739751E+0
4.295029E+2	8.865434E+0
4.297632E+2	9.165980E+0
4.300235E+2	9.269805E+0
4.302837E+2	9.390024E+0
4.305440E+2	9.187838E+0
4.308042E+2	9.482920E+0
4.310645E+2	9.570352E+0
4.313247E+2	1.004576E+1
4.315849E+2	1.010041E+1
4.318451E+2	1.004030E+1
4.321054E+2	1.017144E+1
4.323656E+2	1.019330E+1
4.326258E+2	1.020423E+1
4.328859E+2	1.013319E+1
4.331461E+2	9.980188E+0
4.334063E+2	9.898221E+0
4.336665E+2	9.810789E+0
4.339266E+2	9.854505E+0
4.341868E+2	9.488384E+0
4.344469E+2	9.368166E+0
4.347070E+2	9.411882E+0
4.349671E+2	9.543029E+0
4.352273E+2	9.466527E+0
4.354874E+2	9.171445E+0
4.357475E+2	9.362701E+0
4.360076E+2	9.553958E+0
4.362677E+2	9.624996E+0
4.365277E+2	9.696035E+0
4.367878E+2	9.734286E+0
4.370479E+2	9.914614E+0
4.373079E+2	1.005123E+1
4.375680E+2	1.022609E+1
4.378280E+2	1.042281E+1
4.380880E+2	1.067964E+1
4.383480E+2	1.087636E+1
4.386081E+2	1.104576E+1
4.388681E+2	1.141735E+1
4.391281E+2	1.141188E+1
4.393881E+2	1.132445E+1
4.396480E+2	1.155942E+1
4.399080E+2	1.158675E+1
4.401680E+2	1.155396E+1
4.404279E+2	1.139549E+1
4.406879E+2	1.159767E+1
4.409478E+2	1.154303E+1
4.412078E+2	1.135177E+1
4.414677E+2	1.168511E+1
4.417276E+2	1.165778E+1
4.419875E+2	1.197472E+1
4.422474E+2	1.206215E+1
4.425073E+2	1.228620E+1
4.427672E+2	1.256489E+1
4.430271E+2	1.264685E+1
4.432870E+2	1.242828E+1
4.435469E+2	1.238456E+1
4.438067E+2	1.253210E+1
4.440666E+2	1.284358E+1
4.443264E+2	1.284358E+1
4.445862E+2	1.306762E+1
4.448461E+2	1.323155E+1
4.451059E+2	1.326981E+1
4.453657E+2	1.348838E+1
4.456255E+2	1.345560E+1
4.458853E+2	1.357035E+1
4.461451E+2	1.391461E+1
4.464049E+2	1.399112E+1
4.466646E+2	1.381079E+1
4.469244E+2	1.393101E+1
4.471842E+2	1.387090E+1
4.474439E+2	1.396926E+1
4.477036E+2	1.432991E+1
4.479634E+2	1.424248E+1
4.482231E+2	1.431899E+1
4.484828E+2	1.446653E+1
4.487425E+2	1.469603E+1
4.490022E+2	1.498019E+1
4.492619E+2	1.513866E+1
4.495216E+2	1.565778E+1
4.497813E+2	1.582172E+1
4.500410E+2	1.615505E+1
4.503006E+2	1.631899E+1
4.505603E+2	1.653756E+1
4.508199E+2	1.699112E+1
4.510796E+2	1.701297E+1
4.513392E+2	1.732445E+1
4.515988E+2	1.743374E+1
4.518584E+2	1.753756E+1
4.521180E+2	1.761953E+1
4.523776E+2	1.748838E+1
4.526372E+2	1.742281E+1
4.528968E+2	1.741735E+1
4.531564E+2	1.713866E+1
4.534160E+2	1.723702E+1
4.536755E+2	1.730806E+1
4.539351E+2	1.741735E+1
4.541946E+2	1.753756E+1
4.544541E+2	1.760860E+1
4.547137E+2	1.747199E+1
4.549732E+2	1.765778E+1
4.552327E+2	1.766871E+1
4.554922E+2	1.743374E+1
4.557517E+2	1.750478E+1
4.560112E+2	1.783265E+1
4.562707E+2	1.794740E+1
4.565302E+2	1.789822E+1
4.567896E+2	1.822609E+1
4.570491E+2	1.875614E+1
4.573085E+2	1.864139E+1
4.575680E+2	1.849931E+1
4.578274E+2	1.835177E+1
4.580868E+2	1.847199E+1
4.583463E+2	1.855396E+1
4.586057E+2	1.871243E+1
4.588651E+2	1.914412E+1
4.591245E+2	1.962500E+1
4.593838E+2	1.989276E+1
4.596432E+2	2.019877E+1
4.599026E+2	2.034084E+1
4.601620E+2	2.046106E+1
4.604213E+2	2.057582E+1
4.606807E+2	2.066325E+1
4.609400E+2	2.094740E+1
4.611993E+2	2.085997E+1
4.614587E+2	2.095287E+1
4.617180E+2	2.087090E+1
4.619773E+2	2.062500E+1
4.622366E+2	2.071243E+1
4.624959E+2	2.112773E+1
4.627552E+2	2.108401E+1
4.630144E+2	2.131352E+1
4.632737E+2	2.172336E+1
4.635330E+2	2.179440E+1
4.637922E+2	2.214412E+1
4.640515E+2	2.236817E+1
4.643107E+2	2.243374E+1
4.645699E+2	2.267418E+1
4.648292E+2	2.285450E+1
4.650884E+2	2.281079E+1
4.653476E+2	2.272882E+1
4.656068E+2	2.282718E+1
4.658660E+2	2.314412E+1
4.661251E+2	2.344467E+1
4.663843E+2	2.354303E+1
4.666435E+2	2.378893E+1
4.669026E+2	2.411134E+1
4.671618E+2	2.421516E+1
4.674209E+2	2.435724E+1
4.676801E+2	2.453756E+1
4.679392E+2	2.475614E+1
4.681983E+2	2.510587E+1
4.684574E+2	2.548838E+1
4.687165E+2	2.600751E+1
4.689756E+2	2.650478E+1
4.692347E+2	2.652117E+1
4.694938E+2	2.682172E+1
4.697529E+2	2.706215E+1
4.700119E+2	2.728073E+1
4.702710E+2	2.750478E+1
4.705300E+2	2.798565E+1
4.707891E+2	2.812226E+1
4.710481E+2	2.834084E+1
4.713071E+2	2.899658E+1
4.715661E+2	2.935724E+1
4.718252E+2	2.953756E+1
4.720842E+2	2.966325E+1
4.723431E+2	2.994740E+1
4.726021E+2	3.000751E+1
4.728611E+2	3.013866E+1
4.731201E+2	3.070150E+1
4.733790E+2	3.156489E+1
4.736380E+2	3.227527E+1
4.738969E+2	3.261407E+1
4.741559E+2	3.283811E+1
4.744148E+2	3.301297E+1
4.746737E+2	3.345013E+1
4.749326E+2	3.382172E+1
4.751915E+2	3.411680E+1
4.754504E+2	3.445013E+1
4.757093E+2	3.502390E+1
4.759682E+2	3.555942E+1
4.762271E+2	3.608401E+1
4.764859E+2	3.659767E+1
4.767448E+2	3.707308E+1
4.770037E+2	3.747746E+1
4.772625E+2	3.806762E+1
4.775213E+2	3.846106E+1
4.777802E+2	3.901844E+1
4.780390E+2	3.932991E+1
4.782978E+2	3.965778E+1
4.785566E+2	4.032445E+1
4.788154E+2	4.073975E+1
4.790742E+2	4.097472E+1
4.793329E+2	4.134631E+1
4.795917E+2	4.192008E+1
4.798505E+2	4.261953E+1
4.801092E+2	4.302937E+1
4.803680E+2	4.347199E+1
4.806267E+2	4.394194E+1
4.808854E+2	4.461407E+1
4.811442E+2	4.521516E+1
4.814029E+2	4.569603E+1
4.816616E+2	4.643920E+1
4.819203E+2	4.681625E+1
4.821790E+2	4.743374E+1
4.824377E+2	4.794194E+1
4.826963E+2	4.848292E+1
4.829550E+2	4.903483E+1
4.832137E+2	4.959221E+1
4.834723E+2	5.023155E+1
4.837310E+2	5.097472E+1
4.839896E+2	5.204576E+1
4.842482E+2	5.271789E+1
4.845068E+2	5.323702E+1
4.847655E+2	5.421516E+1
4.850241E+2	5.501297E+1
4.852827E+2	5.574522E+1
4.855412E+2	5.651024E+1
4.857998E+2	5.739549E+1
4.860584E+2	5.817691E+1
4.863170E+2	5.853756E+1
4.865755E+2	5.945560E+1
4.868341E+2	6.039549E+1
4.870926E+2	6.116052E+1
4.873511E+2	6.188729E+1
4.876097E+2	6.295833E+1
4.878682E+2	6.396926E+1
4.881267E+2	6.494740E+1
4.883852E+2	6.594194E+1
4.886437E+2	6.713319E+1
4.889022E+2	6.797472E+1
4.891606E+2	6.851024E+1
4.894191E+2	6.885450E+1
4.896776E+2	6.994740E+1
4.899360E+2	7.118784E+1
4.901945E+2	7.222062E+1
4.904529E+2	7.281625E+1
4.907113E+2	7.352117E+1
4.909697E+2	7.470150E+1
4.912282E+2	7.577254E+1
4.914866E+2	7.654849E+1
4.917450E+2	7.766871E+1
4.920034E+2	7.865778E+1
4.922617E+2	7.951024E+1
4.925201E+2	8.069057E+1
4.927785E+2	8.187636E+1
4.930368E+2	8.300751E+1
4.932952E+2	8.436270E+1
4.935535E+2	8.545560E+1
4.938118E+2	8.703483E+1
4.940702E+2	8.835724E+1
4.943285E+2	8.952664E+1
4.945868E+2	9.088183E+1
4.948451E+2	9.235724E+1
4.951034E+2	9.368511E+1
4.953617E+2	9.500751E+1
4.956200E+2	9.630259E+1
4.958782E+2	9.793101E+1
4.961365E+2	9.957035E+1
4.963947E+2	1.009201E+2
4.966530E+2	1.024283E+2
4.969112E+2	1.037343E+2
4.971694E+2	1.053081E+2
4.974277E+2	1.064556E+2
4.976859E+2	1.080731E+2
4.979441E+2	1.095813E+2
4.982023E+2	1.108818E+2
4.984605E+2	1.123900E+2
4.987187E+2	1.141714E+2
4.989768E+2	1.158709E+2
4.992350E+2	1.173135E+2
4.994931E+2	1.185813E+2
4.997513E+2	1.197671E+2
5.000094E+2	1.215485E+2
5.002676E+2	1.232370E+2
5.005257E+2	1.246796E+2
5.007838E+2	1.264556E+2
5.010419E+2	1.281933E+2
5.013000E+2	1.297124E+2
5.015581E+2	1.313518E+2
5.018162E+2	1.332479E+2
5.020743E+2	1.351496E+2
5.023323E+2	1.370949E+2
5.025904E+2	1.388928E+2
5.028485E+2	1.406851E+2
5.031065E+2	1.426742E+2
5.033645E+2	1.445649E+2
5.036226E+2	1.465212E+2
5.038806E+2	1.485321E+2
5.041386E+2	1.506086E+2
5.043966E+2	1.526523E+2
5.046546E+2	1.544173E+2
5.049126E+2	1.565977E+2
5.051706E+2	1.591660E+2
5.054285E+2	1.612370E+2
5.056865E+2	1.633299E+2
5.059445E+2	1.656851E+2
5.062024E+2	1.681277E+2
5.064604E+2	1.705376E+2
5.067183E+2	1.727561E+2
5.069762E+2	1.752097E+2
5.072341E+2	1.776687E+2
5.074920E+2	1.803408E+2
5.077499E+2	1.827398E+2
5.080078E+2	1.855813E+2
5.082657E+2	1.880294E+2
5.085236E+2	1.907944E+2
5.087815E+2	1.936305E+2
5.090393E+2	1.964611E+2
5.092972E+2	1.992917E+2
5.095550E+2	2.020075E+2
5.098129E+2	2.048436E+2
5.100707E+2	2.075704E+2
5.103285E+2	2.102370E+2
5.105863E+2	2.129091E+2
5.108441E+2	2.158272E+2
5.111019E+2	2.186195E+2
5.113597E+2	2.213627E+2
5.116175E+2	2.243463E+2
5.118753E+2	2.271223E+2
5.121330E+2	2.305048E+2
5.123908E+2	2.334392E+2
5.126485E+2	2.368982E+2
5.129063E+2	2.401113E+2
5.131640E+2	2.438272E+2
5.134217E+2	2.472152E+2
5.136794E+2	2.508490E+2
5.139371E+2	2.547234E+2
5.141948E+2	2.586960E+2
5.144525E+2	2.621168E+2
5.147102E+2	2.659091E+2
5.149679E+2	2.698764E+2
5.152256E+2	2.736359E+2
5.154832E+2	2.775867E+2
5.157409E+2	2.812261E+2
5.159985E+2	2.851223E+2
5.162562E+2	2.890458E+2
5.165138E+2	2.928818E+2
5.167714E+2	2.970403E+2
5.170290E+2	3.015430E+2
5.172866E+2	3.058982E+2
5.175442E+2	3.098873E+2
5.178018E+2	3.139857E+2
5.180594E+2	3.179146E+2
5.183170E+2	3.221113E+2
5.185745E+2	3.263299E+2
5.188321E+2	3.303791E+2
5.190896E+2	3.344447E+2
5.193472E+2	3.389201E+2
5.196047E+2	3.433135E+2
5.198622E+2	3.479857E+2
5.201197E+2	3.522206E+2
5.203772E+2	3.570130E+2
5.206347E+2	3.618272E+2
5.208922E+2	3.665266E+2
5.211497E+2	3.713135E+2
5.214072E+2	3.762206E+2
5.216646E+2	3.807944E+2
5.219221E+2	3.858490E+2
5.221795E+2	3.907398E+2
5.224370E+2	3.959365E+2
5.226944E+2	4.007179E+2
5.229519E+2	4.059091E+2
5.232093E+2	4.108545E+2
5.234667E+2	4.160785E+2
5.237241E+2	4.211605E+2
5.239815E+2	4.267070E+2
5.242389E+2	4.318381E+2
5.244962E+2	4.367288E+2
5.247536E+2	4.420020E+2
5.250110E+2	4.474829E+2
5.252683E+2	4.529310E+2
5.255257E+2	4.585048E+2
5.257830E+2	4.639911E+2
5.260403E+2	4.698108E+2
5.262977E+2	4.758928E+2
5.265550E+2	4.818436E+2
5.268123E+2	4.876195E+2
5.270696E+2	4.939911E+2
5.273269E+2	5.001714E+2
5.275841E+2	5.063791E+2
5.278414E+2	5.123081E+2
5.280987E+2	5.183846E+2
5.283559E+2	5.243572E+2
5.286132E+2	5.308326E+2
5.288704E+2	5.369911E+2
5.291276E+2	5.435704E+2
5.293849E+2	5.498436E+2
5.296421E+2	5.562370E+2
5.298993E+2	5.623955E+2
5.301565E+2	5.691605E+2
5.304137E+2	5.755376E+2
5.306709E+2	5.822042E+2
5.309280E+2	5.894775E+2
5.311852E+2	5.965321E+2
5.314424E+2	6.037234E+2
5.316995E+2	6.109091E+2
5.319567E+2	6.177561E+2
5.322138E+2	6.250294E+2
5.324709E+2	6.321004E+2
5.327280E+2	6.391933E+2
5.329852E+2	6.463846E+2
5.332423E+2	6.542152E+2
5.334994E+2	6.620676E+2
5.337564E+2	6.699747E+2
5.340135E+2	6.778873E+2
5.342706E+2	6.858654E+2
5.345276E+2	6.941605E+2
5.347847E+2	7.023900E+2
5.350417E+2	7.103135E+2
5.352988E+2	7.187015E+2
5.355558E+2	7.267124E+2
5.358128E+2	7.353190E+2
5.360698E+2	7.436469E+2
5.363269E+2	7.521059E+2
5.365839E+2	7.607671E+2
5.368408E+2	7.697070E+2
5.370978E+2	7.785048E+2
5.373548E+2	7.879037E+2
5.376118E+2	7.967398E+2
5.378687E+2	8.063135E+2
5.381257E+2	8.158217E+2
5.383826E+2	8.251714E+2
5.386395E+2	8.346469E+2
5.388965E+2	8.445157E+2
5.391534E+2	8.543190E+2
5.394103E+2	8.644829E+2
5.396672E+2	8.744775E+2
5.399241E+2	8.849802E+2
5.401810E+2	8.955157E+2
5.404378E+2	9.062479E+2
5.406947E+2	9.164447E+2
5.409516E+2	9.269255E+2
5.412084E+2	9.372534E+2
5.414653E+2	9.484337E+2
5.417221E+2	9.594501E+2
5.419789E+2	9.705594E+2
5.422357E+2	9.815649E+2
5.424925E+2	9.930130E+2
5.427493E+2	1.003598E+3
5.430061E+2	1.014975E+3
5.432629E+2	1.026669E+3
5.435197E+2	1.038652E+3
5.437765E+2	1.050505E+3
5.440332E+2	1.062297E+3
5.442900E+2	1.073696E+3
5.445467E+2	1.085794E+3
5.448035E+2	1.097920E+3
5.450602E+2	1.110177E+3
5.453169E+2	1.122663E+3
5.455736E+2	1.135286E+3
5.458303E+2	1.148144E+3
5.460870E+2	1.161161E+3
5.463437E+2	1.174046E+3
5.466004E+2	1.186625E+3
5.468571E+2	1.199450E+3
5.471137E+2	1.212630E+3
5.473704E+2	1.225745E+3
5.476270E+2	1.239794E+3
5.478837E+2	1.253210E+3
5.481403E+2	1.266663E+3
5.483969E+2	1.280483E+3
5.486535E+2	1.294215E+3
5.489101E+2	1.307953E+3
5.491667E+2	1.322133E+3
5.494233E+2	1.335926E+3
5.496799E+2	1.350155E+3
5.499365E+2	1.364663E+3
5.501931E+2	1.379128E+3
5.504496E+2	1.394237E+3
5.507062E+2	1.409570E+3
5.509627E+2	1.424144E+3
5.512192E+2	1.440051E+3
5.514758E+2	1.455494E+3
5.517323E+2	1.471204E+3
5.519888E+2	1.486423E+3
5.522453E+2	1.501751E+3
5.525018E+2	1.516811E+3
5.527583E+2	1.532406E+3
5.530147E+2	1.547893E+3
5.532712E+2	1.564177E+3
5.535277E+2	1.580117E+3
5.537841E+2	1.596237E+3
5.540406E+2	1.612915E+3
5.542970E+2	1.629816E+3
5.545534E+2	1.646330E+3
5.548098E+2	1.663117E+3
5.550663E+2	1.679652E+3
5.553227E+2	1.696417E+3
5.555791E+2	1.713406E+3
5.558354E+2	1.730532E+3
5.560918E+2	1.747625E+3
5.563482E+2	1.765488E+3
5.566046E+2	1.783592E+3
5.568609E+2	1.801674E+3
5.571173E+2	1.819199E+3
5.573736E+2	1.837559E+3
5.576299E+2	1.855625E+3
5.578862E+2	1.874018E+3
5.581426E+2	1.892417E+3
5.583989E+2	1.911707E+3
5.586552E+2	1.930270E+3
5.589114E+2	1.949144E+3
5.591677E+2	1.968166E+3
5.594240E+2	1.988117E+3
5.596803E+2	2.008232E+3
5.599365E+2	2.028100E+3
5.601928E+2	2.048488E+3
5.604490E+2	2.068696E+3
5.607052E+2	2.089040E+3
5.609614E+2	2.109609E+3
5.612177E+2	2.130341E+3
5.614739E+2	2.150953E+3
5.617301E+2	2.172385E+3
5.619863E+2	2.193740E+3
5.622424E+2	2.215576E+3
5.624986E+2	2.236712E+3
5.627548E+2	2.258745E+3
5.630109E+2	2.281363E+3
5.632671E+2	2.303494E+3
5.635232E+2	2.326029E+3
5.637794E+2	2.348920E+3
5.640355E+2	2.371297E+3
5.642916E+2	2.394789E+3
5.645477E+2	2.418314E+3
5.648038E+2	2.441472E+3
5.650599E+2	2.465106E+3
5.653160E+2	2.489046E+3
5.655721E+2	2.513401E+3
5.658281E+2	2.538242E+3
5.660842E+2	2.563051E+3
5.663402E+2	2.587155E+3
5.665963E+2	2.612155E+3
5.668523E+2	2.636915E+3
5.671083E+2	2.662089E+3
5.673644E+2	2.688150E+3
5.676204E+2	2.714652E+3
5.678764E+2	2.740603E+3
5.681324E+2	2.767527E+3
5.683883E+2	2.794674E+3
5.686443E+2	2.821904E+3
5.689003E+2	2.849199E+3
5.691562E+2	2.877527E+3
5.694122E+2	2.905242E+3
5.696681E+2	2.932723E+3
5.699241E+2	2.960467E+3
5.701800E+2	2.988975E+3
5.704359E+2	3.018128E+3
5.706918E+2	3.047538E+3
5.709477E+2	3.077423E+3
5.712036E+2	3.105986E+3
5.714595E+2	3.136100E+3
5.717154E+2	3.165838E+3
5.719713E+2	3.195182E+3
5.722271E+2	3.224756E+3
5.724830E+2	3.255887E+3
5.727388E+2	3.286532E+3
5.729947E+2	3.317401E+3
5.732505E+2	3.348363E+3
5.735063E+2	3.379029E+3
5.737621E+2	3.411543E+3
5.740179E+2	3.443827E+3
5.742737E+2	3.476417E+3
5.745295E+2	3.509084E+3
5.747853E+2	3.541855E+3
5.750411E+2	3.574849E+3
5.752968E+2	3.607827E+3
5.755526E+2	3.640926E+3
5.758083E+2	3.673636E+3
5.760641E+2	3.707740E+3
5.763198E+2	3.742467E+3
5.765755E+2	3.776893E+3
5.768312E+2	3.812210E+3
5.770869E+2	3.847680E+3
5.773426E+2	3.882057E+3
5.775983E+2	3.916942E+3
5.778540E+2	3.952073E+3
5.781097E+2	3.988964E+3
5.783653E+2	4.024926E+3
5.786210E+2	4.060467E+3
5.788766E+2	4.096303E+3
5.791323E+2	4.133013E+3
5.793879E+2	4.170346E+3
5.796435E+2	4.207554E+3
5.798991E+2	4.244106E+3
5.801547E+2	4.280898E+3
5.804103E+2	4.318827E+3
5.806659E+2	4.356783E+3
5.809215E+2	4.395100E+3
5.811771E+2	4.434226E+3
5.814327E+2	4.472669E+3
5.816882E+2	4.510417E+3
5.819438E+2	4.549450E+3
5.821993E+2	4.587527E+3
5.824548E+2	4.624789E+3
5.827104E+2	4.663013E+3
5.829659E+2	4.701543E+3
5.832214E+2	4.739385E+3
5.834769E+2	4.779363E+3
5.837324E+2	4.819150E+3
5.839878E+2	4.858685E+3
5.842433E+2	4.898232E+3
5.844988E+2	4.937893E+3
5.847542E+2	4.976565E+3
5.850097E+2	5.016051E+3
5.852651E+2	5.056352E+3
5.855206E+2	5.096264E+3
5.857760E+2	5.135286E+3
5.860314E+2	5.173805E+3
5.862868E+2	5.213029E+3
5.865422E+2	5.252182E+3
5.867976E+2	5.293969E+3
5.870530E+2	5.333751E+3
5.873084E+2	5.373210E+3
5.875637E+2	5.413417E+3
5.878191E+2	5.454089E+3
5.880744E+2	5.494232E+3
5.883298E+2	5.535969E+3
5.885851E+2	5.577439E+3
5.888404E+2	5.619188E+3
5.890958E+2	5.660789E+3
5.893511E+2	5.700800E+3
5.896064E+2	5.741620E+3
5.898617E+2	5.782166E+3
5.901169E+2	5.823226E+3
5.903722E+2	5.864417E+3
5.906275E+2	5.905253E+3
5.908827E+2	5.946887E+3
5.911380E+2	5.989161E+3
5.913932E+2	6.030865E+3
5.916485E+2	6.071783E+3
5.919037E+2	6.113647E+3
5.921589E+2	6.153958E+3
5.924141E+2	6.194740E+3
5.926693E+2	6.235073E+3
5.929245E+2	6.276712E+3
5.931797E+2	6.318805E+3
5.934349E+2	6.360494E+3
5.936900E+2	6.402346E+3
5.939452E+2	6.443805E+3
5.942004E+2	6.485215E+3
5.944555E+2	6.527499E+3
5.947106E+2	6.570363E+3
5.949658E+2	6.611461E+3
5.952209E+2	6.654789E+3
5.954760E+2	6.697997E+3
5.957311E+2	6.740434E+3
5.959862E+2	6.783751E+3
5.962413E+2	6.826729E+3
5.964963E+2	6.868827E+3
5.967514E+2	6.910483E+3
5.970065E+2	6.953095E+3
5.972615E+2	6.997095E+3
5.975166E+2	7.039598E+3
5.977716E+2	7.083855E+3
5.980266E+2	7.129494E+3
5.982816E+2	7.174171E+3
5.985367E+2	7.218915E+3
5.987917E+2	7.264117E+3
5.990467E+2	7.307778E+3
5.993016E+2	7.351926E+3
5.995566E+2	7.395581E+3
5.998116E+2	7.440368E+3
6.000665E+2	7.486270E+3
6.003215E+2	7.530150E+3
6.005764E+2	7.576527E+3
6.008314E+2	7.622609E+3
6.010863E+2	7.669062E+3
6.013412E+2	7.715002E+3
6.015961E+2	7.762035E+3
6.018510E+2	7.809838E+3
6.021059E+2	7.856926E+3
6.023608E+2	7.902598E+3
6.026157E+2	7.949865E+3
6.028706E+2	7.997035E+3
6.031254E+2	8.044581E+3
6.033803E+2	8.091095E+3
6.036351E+2	8.136958E+3
6.038900E+2	8.183477E+3
6.041448E+2	8.229543E+3
6.043996E+2	8.276734E+3
6.046544E+2	8.323647E+3
6.049092E+2	8.371811E+3
6.051640E+2	8.419685E+3
6.054188E+2	8.467816E+3
6.056736E+2	8.516024E+3
6.059283E+2	8.563270E+3
6.061831E+2	8.610822E+3
6.064378E+2	8.658822E+3
6.066926E+2	8.705893E+3
6.069473E+2	8.754133E+3
6.072021E+2	8.801936E+3
6.074568E+2	8.847986E+3
6.077115E+2	8.895887E+3
6.079662E+2	8.943630E+3
6.082209E+2	8.991958E+3
6.084756E+2	9.038488E+3
6.087302E+2	9.086385E+3
6.089849E+2	9.134827E+3
6.092396E+2	9.182161E+3
6.094942E+2	9.231434E+3
6.097489E+2	9.280609E+3
6.100035E+2	9.328374E+3
6.102581E+2	9.376013E+3
6.105127E+2	9.424346E+3
6.107674E+2	9.472204E+3
6.110220E+2	9.520035E+3
6.112766E+2	9.567297E+3
6.115311E+2	9.613062E+3
6.117857E+2	9.660253E+3
6.120403E+2	9.707423E+3
6.122948E+2	9.754363E+3
6.125494E+2	9.801532E+3
6.128039E+2	9.849084E+3
6.130585E+2	9.895827E+3
6.133130E+2	9.941926E+3
6.135675E+2	9.987614E+3
6.138220E+2	1.003375E+4
6.140765E+2	1.007936E+4
6.143310E+2	1.012492E+4
6.145855E+2	1.017040E+4
6.148400E+2	1.021624E+4
6.150945E+2	1.026371E+4
6.153489E+2	1.030959E+4
6.156034E+2	1.035303E+4
6.158578E+2	1.040015E+4
6.161123E+2	1.044428E+4
6.163667E+2	1.048722E+4
6.166211E+2	1.053032E+4
6.168755E+2	1.057427E+4
6.171299E+2	1.061814E+4
6.173843E+2	1.066125E+4
6.176387E+2	1.070361E+4
6.178931E+2	1.074533E+4
6.181474E+2	1.078616E+4
6.184018E+2	1.082919E+4
6.186561E+2	1.087111E+4
6.189105E+2	1.091405E+4
6.191648E+2	1.095673E+4
6.194191E+2	1.099784E+4
6.196735E+2	1.103957E+4
6.199278E+2	1.108080E+4
6.201821E+2	1.112252E+4
6.204364E+2	1.116259E+4
6.206907E+2	1.120106E+4
6.209449E+2	1.124048E+4
6.211992E+2	1.128083E+4
6.214535E+2	1.131981E+4
6.217077E+2	1.135948E+4
6.219619E+2	1.139661E+4
6.222162E+2	1.143424E+4
6.224704E+2	1.147170E+4
6.227246E+2	1.151013E+4
6.229788E+2	1.154847E+4
6.232330E+2	1.158655E+4
6.234872E+2	1.162465E+4
6.237414E+2	1.166046E+4
6.239956E+2	1.169638E+4
6.242498E+2	1.173101E+4
6.245039E+2	1.176601E+4
6.247581E+2	1.180315E+4
6.250122E+2	1.183605E+4
6.252663E+2	1.187053E+4
6.255205E+2	1.190392E+4
6.257746E+2	1.193556E+4
6.260287E+2	1.196585E+4
6.262828E+2	1.199529E+4
6.265369E+2	1.202541E+4
6.267910E+2	1.205506E+4
6.270450E+2	1.208395E+4
6.272991E+2	1.211248E+4
6.275532E+2	1.214001E+4
6.278072E+2	1.216581E+4
6.280613E+2	1.219171E+4
6.283153E+2	1.221494E+4
6.285693E+2	1.224127E+4
6.288233E+2	1.226477E+4
6.290773E+2	1.228856E+4
6.293313E+2	1.230958E+4
6.295853E+2	1.233182E+4
6.298393E+2	1.235278E+4
6.300933E+2	1.237116E+4
6.303472E+2	1.238858E+4
6.306012E+2	1.240331E+4
6.308551E+2	1.241810E+4
6.311091E+2	1.243385E+4
6.313630E+2	1.244878E+4
6.316169E+2	1.246234E+4
6.318709E+2	1.247525E+4
6.321248E+2	1.248612E+4
6.323787E+2	1.249732E+4
6.326326E+2	1.250598E+4
6.328864E+2	1.251303E+4
6.331403E+2	1.252146E+4
6.333942E+2	1.252825E+4
6.336480E+2	1.253588E+4
6.339019E+2	1.254095E+4
6.341557E+2	1.254501E+4
6.344095E+2	1.254835E+4
6.346634E+2	1.255094E+4
6.349172E+2	1.255188E+4
6.351710E+2	1.255093E+4
6.354248E+2	1.254847E+4
6.356786E+2	1.254648E+4
6.359324E+2	1.254309E+4
6.361861E+2	1.253808E+4
6.364399E+2	1.253217E+4
6.366936E+2	1.252347E+4
6.369474E+2	1.251848E+4
6.372011E+2	1.250915E+4
6.374549E+2	1.250065E+4
6.377086E+2	1.249042E+4
6.379623E+2	1.247842E+4
6.382160E+2	1.246391E+4
6.384697E+2	1.244859E+4
6.387234E+2	1.243372E+4
6.389771E+2	1.241763E+4
6.392307E+2	1.240267E+4
6.394844E+2	1.238687E+4
6.397380E+2	1.237022E+4
6.399917E+2	1.235099E+4
6.402453E+2	1.232846E+4
6.404990E+2	1.230660E+4
6.407526E+2	1.228324E+4
6.410062E+2	1.225848E+4
6.412598E+2	1.223483E+4
6.415134E+2	1.221128E+4
6.417670E+2	1.218741E+4
6.420206E+2	1.216007E+4
6.422741E+2	1.213435E+4
6.425277E+2	1.210734E+4
6.427812E+2	1.207950E+4
6.430348E+2	1.205070E+4
6.432883E+2	1.202335E+4
6.435418E+2	1.199270E+4
6.437954E+2	1.196320E+4
6.440489E+2	1.193054E+4
6.443024E+2	1.189812E+4
6.445559E+2	1.186572E+4
6.448094E+2	1.183532E+4
6.450628E+2	1.180064E+4
6.453163E+2	1.176746E+4
6.455698E+2	1.173405E+4
6.458232E+2	1.170143E+4
6.460767E+2	1.166868E+4
6.463301E+2	1.163685E+4
6.465835E+2	1.160300E+4
6.468369E+2	1.156783E+4
6.470903E+2	1.153203E+4
6.473437E+2	1.149669E+4
6.475971E+2	1.146190E+4
6.478505E+2	1.142507E+4
6.481039E+2	1.138942E+4
6.483573E+2	1.135403E+4
6.486106E+2	1.131659E+4
6.488640E+2	1.128025E+4
6.491173E+2	1.124348E+4
6.493706E+2	1.120562E+4
6.496240E+2	1.116772E+4
6.498773E+2	1.112999E+4
6.501306E+2	1.109135E+4
6.503839E+2	1.105390E+4
6.506372E+2	1.101726E+4
6.508905E+2	1.097954E+4
6.511437E+2	1.094141E+4
6.513970E+2	1.090497E+4
6.516503E+2	1.086902E+4
6.519035E+2	1.083284E+4
6.521567E+2	1.079614E+4
6.524100E+2	1.075636E+4
6.526632E+2	1.071946E+4
6.529164E+2	1.068296E+4
6.531696E+2	1.064765E+4
6.534228E+2	1.061218E+4
6.536760E+2	1.057705E+4
6.539292E+2	1.054171E+4
6.541824E+2	1.050584E+4
6.544355E+2	1.046939E+4
6.546887E+2	1.043293E+4
6.549418E+2	1.039722E+4
6.551950E+2	1.036147E+4
6.554481E+2	1.032567E+4
6.557012E+2	1.029106E+4
6.559543E+2	1.025740E+4
6.562074E+2	1.022160E+4
6.564605E+2	1.018932E+4
6.567136E+2	1.015593E+4
6.569667E+2	1.012276E+4
6.572198E+2	1.008917E+4
6.574728E+2	1.005785E+4
6.577259E+2	1.002526E+4
6.579789E+2	9.994379E+3
6.582319E+2	9.962783E+3
6.584850E+2	9.933783E+3
6.587380E+2	9.903548E+3
6.589910E+2	9.873505E+3
6.592440E+2	9.844456E+3
6.594970E+2	9.814259E+3
6.597500E+2	9.787723E+3
6.600030E+2	9.758467E+3
6.602559E+2	9.728548E+3
6.605089E+2	9.701051E+3
6.607618E+2	9.672057E+3
6.610148E+2	9.646554E+3
6.612677E+2	9.616603E+3
6.615206E+2	9.590434E+3
6.617736E+2	9.563204E+3
6.620265E+2	9.535139E+3
6.622794E+2	9.507352E+3
6.625323E+2	9.481603E+3
6.627851E+2	9.455554E+3
6.630380E+2	9.430177E+3
6.632909E+2	9.405505E+3
6.635437E+2	9.381527E+3
6.637966E+2	9.356920E+3
6.640494E+2	9.333718E+3
6.643023E+2	9.311428E+3
6.645551E+2	9.287210E+3
6.648079E+2	9.264751E+3
6.650607E+2	9.243352E+3
6.653135E+2	9.221423E+3
6.655663E+2	9.200374E+3
6.658191E+2	9.178620E+3
6.660718E+2	9.157161E+3
6.663246E+2	9.137100E+3
6.665774E+2	9.117860E+3
6.668301E+2	9.095379E+3
6.670828E+2	9.077128E+3
6.673356E+2	9.057882E+3
6.675883E+2	9.040204E+3
6.678410E+2	9.022882E+3
6.680937E+2	9.003652E+3
6.683464E+2	8.984188E+3
6.685991E+2	8.965390E+3
6.688518E+2	8.946652E+3
6.691044E+2	8.928171E+3
6.693571E+2	8.910936E+3
6.696098E+2	8.893762E+3
6.698624E+2	8.876232E+3
6.701150E+2	8.859385E+3
6.703677E+2	8.842467E+3
6.706203E+2	8.824751E+3
6.708729E+2	8.806783E+3
6.711255E+2	8.788510E+3
6.713781E+2	8.771450E+3
6.716307E+2	8.756199E+3
6.718832E+2	8.739953E+3
6.721358E+2	8.722275E+3
6.723884E+2	8.707051E+3
6.726409E+2	8.690226E+3
6.728935E+2	8.674062E+3
6.731460E+2	8.658314E+3
6.733985E+2	8.643297E+3
6.736510E+2	8.628887E+3
6.739035E+2	8.613499E+3
6.741560E+2	8.598510E+3
6.744085E+2	8.584532E+3
6.746610E+2	8.569182E+3
6.749135E+2	8.555789E+3
6.751660E+2	8.540543E+3
6.754184E+2	8.527117E+3
6.756709E+2	8.514669E+3
6.759233E+2	8.501816E+3
6.761757E+2	8.490002E+3
6.764282E+2	8.477379E+3
6.766806E+2	8.465565E+3
6.769330E+2	8.451051E+3
6.771854E+2	8.435352E+3
6.774378E+2	8.422330E+3
6.776901E+2	8.408707E+3
6.779425E+2	8.394161E+3
6.781949E+2	8.379598E+3
6.784472E+2	8.364794E+3
6.786996E+2	8.350368E+3
6.789519E+2	8.336068E+3
6.792042E+2	8.320335E+3
6.794566E+2	8.305242E+3
6.797089E+2	8.290647E+3
6.799612E+2	8.277013E+3
6.802135E+2	8.263827E+3
6.804657E+2	8.249658E+3
6.807180E+2	8.235986E+3
6.809703E+2	8.223035E+3
6.812226E+2	8.211374E+3
6.814748E+2	8.199385E+3
6.817270E+2	8.187794E+3
6.819793E+2	8.174018E+3
6.822315E+2	8.162532E+3
6.824837E+2	8.150237E+3
6.827359E+2	8.138641E+3
6.829881E+2	8.126587E+3
6.832403E+2	8.115188E+3
6.834925E+2	8.105330E+3
6.837447E+2	8.093614E+3
6.839968E+2	8.081625E+3
6.842490E+2	8.069128E+3
6.845011E+2	8.057259E+3
6.847533E+2	8.043685E+3
6.850054E+2	8.030018E+3
6.852575E+2	8.016980E+3
6.855097E+2	8.003259E+3
6.857618E+2	7.989636E+3
6.860139E+2	7.976144E+3
6.862659E+2	7.964920E+3
6.865180E+2	7.952210E+3
6.867701E+2	7.937565E+3
6.870222E+2	7.924576E+3
6.872742E+2	7.911898E+3
6.875263E+2	7.900658E+3
6.877783E+2	7.888363E+3
6.880303E+2	7.877242E+3
6.882823E+2	7.866641E+3
6.885343E+2	7.857068E+3
6.887864E+2	7.846242E+3
6.890383E+2	7.836324E+3
6.892903E+2	7.824740E+3
6.895423E+2	7.814204E+3
6.897943E+2	7.805740E+3
6.900462E+2	7.797079E+3
6.902982E+2	7.789538E+3
6.905501E+2	7.780811E+3
6.908021E+2	7.772314E+3
6.910540E+2	7.762559E+3
6.913059E+2	7.752822E+3
6.915578E+2	7.742068E+3
6.918097E+2	7.731139E+3
6.920616E+2	7.721412E+3
6.923135E+2	7.710406E+3
6.925654E+2	7.701018E+3
6.928172E+2	7.690445E+3
6.930691E+2	7.678762E+3
6.933209E+2	7.666374E+3
6.935728E+2	7.656270E+3
6.938246E+2	7.645620E+3
6.940764E+2	7.633915E+3
6.943282E+2	7.621844E+3
6.945800E+2	7.612035E+3
6.948318E+2	7.600773E+3
6.950836E+2	7.587696E+3
6.953354E+2	7.576068E+3
6.955872E+2	7.562712E+3
6.958389E+2	7.551647E+3
6.960907E+2	7.540592E+3
6.963424E+2	7.529002E+3
6.965942E+2	7.516964E+3
6.968459E+2	7.505483E+3
6.970976E+2	7.495057E+3
6.973493E+2	7.485406E+3
6.976010E+2	7.476658E+3
6.978527E+2	7.466794E+3
6.981044E+2	7.456046E+3
6.983561E+2	7.445505E+3
6.986077E+2	7.434565E+3
6.988594E+2	7.422844E+3
6.991110E+2	7.413232E+3
6.993627E+2	7.402936E+3
6.996143E+2	7.392762E+3
6.998659E+2	7.381543E+3
7.001175E+2	7.371822E+3
7.003692E+2	7.361395E+3
7.006207E+2	7.349395E+3
7.008723E+2	7.337073E+3
7.011239E+2	7.324783E+3
7.013755E+2	7.312314E+3
7.016271E+2	7.296800E+3
7.018786E+2	7.282521E+3
7.021302E+2	7.268855E+3
7.023817E+2	7.253592E+3
7.026332E+2	7.238385E+3
7.028847E+2	7.222794E+3
7.031362E+2	7.207811E+3
7.033878E+2	7.193849E+3
7.036392E+2	7.179008E+3
7.038907E+2	7.162773E+3
7.041422E+2	7.146838E+3
7.043937E+2	7.131084E+3
7.046451E+2	7.117297E+3
7.048966E+2	7.102740E+3
7.051480E+2	7.086100E+3
7.053995E+2	7.070150E+3
7.056509E+2	7.053860E+3
7.059023E+2	7.038838E+3
7.061537E+2	7.023740E+3
7.064051E+2	7.009587E+3
7.066565E+2	6.995434E+3
7.069079E+2	6.982319E+3
7.071593E+2	6.968947E+3
7.074106E+2	6.956882E+3
7.076620E+2	6.944822E+3
7.079133E+2	6.931237E+3
7.081647E+2	6.918401E+3
7.084160E+2	6.907242E+3
7.086673E+2	6.897226E+3
7.089186E+2	6.883658E+3
7.091699E+2	6.870390E+3
7.094212E+2	6.857264E+3
7.096725E+2	6.842712E+3
7.099238E+2	6.827357E+3
7.101751E+2	6.811778E+3
7.104263E+2	6.797898E+3
7.106776E+2	6.781456E+3
7.109288E+2	6.766548E+3
7.111800E+2	6.748614E+3
7.114313E+2	6.731204E+3
7.116825E+2	6.713379E+3
7.119337E+2	6.696647E+3
7.121849E+2	6.678876E+3
7.124361E+2	6.659346E+3
7.126873E+2	6.641587E+3
7.129384E+2	6.623161E+3
7.131896E+2	6.605221E+3
7.134408E+2	6.587117E+3
7.136919E+2	6.568865E+3
7.139430E+2	6.552543E+3
7.141942E+2	6.537494E+3
7.144453E+2	6.523319E+3
7.146964E+2	6.509188E+3
7.149475E+2	6.498237E+3
7.151986E+2	6.488975E+3
7.154497E+2	6.479089E+3
7.157008E+2	6.469133E+3
7.159518E+2	6.461352E+3
7.162029E+2	6.453188E+3
7.164540E+2	6.445707E+3
7.167050E+2	6.438543E+3
7.169560E+2	6.433286E+3
7.172071E+2	6.426876E+3
7.174581E+2	6.420210E+3
7.177091E+2	6.413587E+3
7.179601E+2	6.405406E+3
7.182111E+2	6.397253E+3
7.184621E+2	6.386958E+3
7.187130E+2	6.375898E+3
7.189640E+2	6.363182E+3
7.192150E+2	6.350221E+3
7.194659E+2	6.336734E+3
7.197169E+2	6.321548E+3
7.199678E+2	6.306740E+3
7.202187E+2	6.291035E+3
7.204696E+2	6.276029E+3
7.207205E+2	6.261472E+3
7.209714E+2	6.247423E+3
7.212223E+2	6.232827E+3
7.214732E+2	6.218783E+3
7.217241E+2	6.207314E+3
7.219749E+2	6.196390E+3
7.222258E+2	6.186778E+3
7.224766E+2	6.179756E+3
7.227274E+2	6.174221E+3
7.229783E+2	6.171505E+3
7.232291E+2	6.171341E+3
7.234799E+2	6.173543E+3
7.237307E+2	6.177161E+3
7.239815E+2	6.181991E+3
7.242323E+2	6.190794E+3
7.244830E+2	6.199893E+3
7.247338E+2	6.210532E+3
7.249846E+2	6.221144E+3
7.252353E+2	6.232357E+3
7.254861E+2	6.244040E+3
7.257368E+2	6.254385E+3
7.259875E+2	6.265133E+3
7.262382E+2	6.274412E+3
7.264889E+2	6.283128E+3
7.267396E+2	6.290997E+3
7.269903E+2	6.299439E+3
7.272410E+2	6.304816E+3
7.274917E+2	6.310079E+3
7.277423E+2	6.315308E+3
7.279930E+2	6.319046E+3
7.282436E+2	6.323876E+3
7.284942E+2	6.326838E+3
7.287449E+2	6.330800E+3
7.289955E+2	6.335849E+3
7.292461E+2	6.340128E+3
7.294967E+2	6.345084E+3
7.297473E+2	6.350106E+3
7.299979E+2	6.355264E+3
7.302484E+2	6.359144E+3
7.304990E+2	6.362417E+3
7.307496E+2	6.368286E+3
7.310001E+2	6.375969E+3
7.312507E+2	6.386696E+3
7.315012E+2	6.400150E+3
7.317517E+2	6.416341E+3
7.320022E+2	6.438073E+3
7.322527E+2	6.465942E+3
7.325032E+2	6.500029E+3
7.327537E+2	6.538603E+3
7.330042E+2	6.578980E+3
7.332547E+2	6.621286E+3
7.335051E+2	6.667013E+3
7.337556E+2	6.716893E+3
7.340060E+2	6.774844E+3
7.342564E+2	6.843762E+3
7.345069E+2	6.917969E+3
7.347573E+2	6.988674E+3
7.350077E+2	7.050335E+3
7.352581E+2	7.100221E+3
7.355085E+2	7.149543E+3
7.357589E+2	7.211920E+3
7.360092E+2	7.295346E+3
7.362596E+2	7.400308E+3
7.365100E+2	7.517789E+3
7.367603E+2	7.630051E+3
7.370106E+2	7.730811E+3
7.372610E+2	7.818117E+3
7.375113E+2	7.898182E+3
7.377616E+2	7.973559E+3
7.380119E+2	8.055018E+3
7.382622E+2	8.145822E+3
7.385125E+2	8.245253E+3
7.387628E+2	8.348915E+3
7.390130E+2	8.456292E+3
7.392633E+2	8.567767E+3
7.395135E+2	8.685811E+3
7.397638E+2	8.811696E+3
7.400140E+2	8.946598E+3
7.402642E+2	9.091909E+3
7.405144E+2	9.237674E+3
7.407647E+2	9.383991E+3
7.410149E+2	9.531100E+3
7.412650E+2	9.670936E+3
7.415152E+2	9.800958E+3
7.417654E+2	9.933024E+3
7.420156E+2	1.007235E+4
7.422657E+2	1.022046E+4
7.425159E+2	1.037053E+4
7.427660E+2	1.051083E+4
7.430161E+2	1.062944E+4
7.432662E+2	1.073628E+4
7.435164E+2	1.086923E+4
7.437665E+2	1.102377E+4
7.440165E+2	1.117849E+4
7.442666E+2	1.133201E+4
7.445167E+2	1.148476E+4
7.447668E+2	1.163658E+4
7.450168E+2	1.178709E+4
7.452669E+2	1.192922E+4
7.455169E+2	1.205422E+4
7.457669E+2	1.216735E+4
7.460170E+2	1.227410E+4
7.462670E+2	1.238530E+4
7.465170E+2	1.250299E+4
7.467670E+2	1.263651E+4
7.470170E+2	1.277537E+4
7.472670E+2	1.290893E+4
7.475169E+2	1.303679E+4
7.477669E+2	1.315962E+4
7.480168E+2	1.327906E+4
7.482668E+2	1.339669E+4
7.485167E+2	1.351369E+4
7.487666E+2	1.362772E+4
7.490166E+2	1.373841E+4
7.492665E+2	1.382137E+4
7.495164E+2	1.388530E+4
7.497663E+2	1.393570E+4
7.500161E+2	1.398046E+4
7.502660E+2	1.402144E+4
7.505159E+2	1.406278E+4
7.507657E+2	1.410135E+4
7.510156E+2	1.413111E+4
7.512654E+2	1.414360E+4
7.515152E+2	1.413476E+4
7.517651E+2	1.411491E+4
7.520149E+2	1.410107E+4
7.522647E+2	1.410443E+4
7.525145E+2	1.413049E+4
7.527643E+2	1.416750E+4
7.530140E+2	1.420661E+4
7.532638E+2	1.422869E+4
7.535136E+2	1.423139E+4
7.537633E+2	1.422026E+4
7.540131E+2	1.421081E+4
7.542628E+2	1.421814E+4
7.545125E+2	1.424369E+4
7.547622E+2	1.427059E+4
7.550119E+2	1.428962E+4
7.552616E+2	1.429927E+4
7.555113E+2	1.429874E+4
7.557610E+2	1.429613E+4
7.560107E+2	1.428141E+4
7.562603E+2	1.425259E+4
7.565100E+2	1.421536E+4
7.567596E+2	1.417767E+4
7.570093E+2	1.413079E+4
7.572589E+2	1.406085E+4
7.575085E+2	1.396448E+4
7.577581E+2	1.385246E+4
7.580077E+2	1.373908E+4
7.582573E+2	1.363821E+4
7.585069E+2	1.353585E+4
7.587565E+2	1.339533E+4
7.590060E+2	1.322513E+4
7.592556E+2	1.305369E+4
7.595051E+2	1.288270E+4
7.597547E+2	1.271604E+4
7.600042E+2	1.255247E+4
7.602537E+2	1.239111E+4
7.605032E+2	1.224108E+4
7.607527E+2	1.211171E+4
7.610022E+2	1.199607E+4
7.612517E+2	1.188647E+4
7.615012E+2	1.177260E+4
7.617507E+2	1.165000E+4
7.620001E+2	1.151024E+4
7.622496E+2	1.135943E+4
7.624990E+2	1.120607E+4
7.627485E+2	1.104914E+4
7.629979E+2	1.089168E+4
7.632473E+2	1.073561E+4
7.634967E+2	1.058171E+4
7.637461E+2	1.042937E+4
7.639955E+2	1.028047E+4
7.642449E+2	1.013490E+4
7.644942E+2	1.000976E+4
7.647436E+2	9.894762E+3
7.649930E+2	9.786308E+3
7.652423E+2	9.688461E+3
7.654916E+2	9.603292E+3
7.657410E+2	9.527576E+3
7.659903E+2	9.457035E+3
7.662396E+2	9.383237E+3
7.664889E+2	9.305171E+3
7.667382E+2	9.227171E+3
7.669875E+2	9.149199E+3
7.672367E+2	9.070953E+3
7.674860E+2	8.984740E+3
7.677353E+2	8.888401E+3
7.679845E+2	8.787538E+3
7.682337E+2	8.686188E+3
7.684830E+2	8.593210E+3
7.687322E+2	8.508483E+3
7.689814E+2	8.428237E+3
7.692306E+2	8.339805E+3
7.694798E+2	8.231335E+3
7.697290E+2	8.099712E+3
7.699782E+2	7.957893E+3
7.702273E+2	7.812953E+3
7.704765E+2	7.665368E+3
7.707256E+2	7.517505E+3
7.709748E+2	7.376122E+3
7.712239E+2	7.252171E+3
7.714730E+2	7.147783E+3
7.717222E+2	7.064439E+3
7.719713E+2	6.993734E+3
7.722204E+2	6.929652E+3
7.724694E+2	6.882576E+3
7.727185E+2	6.854636E+3
7.729676E+2	6.844390E+3
7.732167E+2	6.847374E+3
7.734657E+2	6.860068E+3
7.737147E+2	6.881281E+3
7.739638E+2	6.908395E+3
7.742128E+2	6.935849E+3
7.744618E+2	6.957051E+3
7.747108E+2	6.970472E+3
7.749598E+2	6.972543E+3
7.752088E+2	6.967281E+3
7.754578E+2	6.956177E+3
7.757068E+2	6.938865E+3
7.759557E+2	6.915330E+3
7.762047E+2	6.886756E+3
7.764536E+2	6.853685E+3
7.767026E+2	6.814947E+3
7.769515E+2	6.772139E+3
7.772004E+2	6.726111E+3
7.774493E+2	6.681303E+3
7.776982E+2	6.637051E+3
7.779471E+2	6.598051E+3
7.781960E+2	6.562270E+3
7.784449E+2	6.528587E+3
7.786938E+2	6.495882E+3
7.789426E+2	6.465122E+3
7.791915E+2	6.433860E+3
7.794403E+2	6.401171E+3
7.796891E+2	6.368477E+3
7.799380E+2	6.334456E+3
7.801868E+2	6.301953E+3
7.804356E+2	6.266281E+3
7.806844E+2	6.229128E+3
7.809332E+2	6.191822E+3
7.811819E+2	6.153068E+3
7.814307E+2	6.114106E+3
7.816795E+2	6.076259E+3
7.819282E+2	6.040177E+3
7.821770E+2	6.006538E+3
7.824257E+2	5.973450E+3
7.826744E+2	5.941751E+3
7.829231E+2	5.912543E+3
7.831718E+2	5.884603E+3
7.834205E+2	5.857395E+3
7.836692E+2	5.830122E+3
7.839179E+2	5.802423E+3
7.841666E+2	5.771434E+3
7.844152E+2	5.736729E+3
7.846639E+2	5.697319E+3
7.849125E+2	5.653849E+3
7.851612E+2	5.607636E+3
7.854098E+2	5.559882E+3
7.856584E+2	5.510707E+3
7.859070E+2	5.460111E+3
7.861556E+2	5.401324E+3
7.864042E+2	5.335636E+3
7.866528E+2	5.262833E+3
7.869014E+2	5.184745E+3
7.871499E+2	5.105171E+3
7.873985E+2	5.027783E+3
7.876470E+2	4.948379E+3
7.878956E+2	4.867652E+3
7.881441E+2	4.785139E+3
7.883926E+2	4.700931E+3
7.886411E+2	4.617314E+3
7.888896E+2	4.538177E+3
7.891381E+2	4.463909E+3
7.893866E+2	4.397740E+3
7.896351E+2	4.337783E+3
7.898835E+2	4.284778E+3
7.901320E+2	4.238647E+3
7.903804E+2	4.197046E+3
7.906289E+2	4.159352E+3
7.908773E+2	4.126406E+3
7.911257E+2	4.096177E+3
7.913742E+2	4.069111E+3
7.916226E+2	4.046434E+3
7.918709E+2	4.027008E+3
7.921193E+2	4.010898E+3
7.923677E+2	3.997161E+3
7.926161E+2	3.984374E+3
7.928644E+2	3.973089E+3
7.931128E+2	3.959237E+3
7.933611E+2	3.941975E+3
7.936095E+2	3.919461E+3
7.938578E+2	3.891942E+3
7.941061E+2	3.860253E+3
7.943544E+2	3.824581E+3
7.946027E+2	3.785893E+3
7.948510E+2	3.746308E+3
7.950993E+2	3.707904E+3
7.953475E+2	3.671527E+3
7.955958E+2	3.638712E+3
7.958440E+2	3.608964E+3
7.960923E+2	3.583778E+3
7.963405E+2	3.560532E+3
7.965887E+2	3.538658E+3
7.968370E+2	3.516893E+3
7.970852E+2	3.495008E+3
7.973334E+2	3.470587E+3
7.975816E+2	3.445232E+3
7.978297E+2	3.420860E+3
7.980779E+2	3.395002E+3
7.983261E+2	3.368171E+3
7.985742E+2	3.342844E+3
7.988224E+2	3.317652E+3
7.990705E+2	3.293401E+3
7.993186E+2	3.271969E+3
7.995668E+2	3.253297E+3
7.998149E+2	3.237467E+3
8.000630E+2	3.226417E+3
8.003111E+2	3.218106E+3
8.005591E+2	3.213844E+3
8.008072E+2	3.213773E+3
8.010553E+2	3.215986E+3
8.013033E+2	3.221423E+3
8.015514E+2	3.228182E+3
8.017994E+2	3.235625E+3
8.020474E+2	3.244150E+3
8.022955E+2	3.251876E+3
8.025435E+2	3.259477E+3
8.027915E+2	3.266958E+3
8.030395E+2	3.274658E+3
8.032874E+2	3.281773E+3
8.035354E+2	3.290095E+3
8.037834E+2	3.297620E+3
8.040313E+2	3.306035E+3
8.042793E+2	3.316057E+3
8.045272E+2	3.327111E+3
8.047752E+2	3.340259E+3
8.050231E+2	3.355701E+3
8.052710E+2	3.373527E+3
8.055189E+2	3.393352E+3
8.057668E+2	3.416456E+3
8.060147E+2	3.443794E+3
8.062625E+2	3.473794E+3
8.065104E+2	3.508057E+3
8.067583E+2	3.544374E+3
8.070061E+2	3.586182E+3
8.072540E+2	3.633155E+3
8.075018E+2	3.684783E+3
8.077496E+2	3.741718E+3
8.079974E+2	3.802335E+3
8.082452E+2	3.866499E+3
8.084930E+2	3.931412E+3
8.087408E+2	4.000614E+3
8.089886E+2	4.072434E+3
8.092364E+2	4.144783E+3
8.094841E+2	4.220576E+3
8.097319E+2	4.300986E+3
8.099796E+2	4.384565E+3
8.102273E+2	4.471609E+3
8.104751E+2	4.562324E+3
8.107228E+2	4.657089E+3
8.109705E+2	4.757051E+3
8.112182E+2	4.860548E+3
8.114659E+2	4.970062E+3
8.117135E+2	5.085161E+3
8.119612E+2	5.205467E+3
8.122089E+2	5.330510E+3
8.124565E+2	5.459445E+3
8.127042E+2	5.588734E+3
8.129518E+2	5.714964E+3
8.131994E+2	5.835789E+3
8.134470E+2	5.947663E+3
8.136946E+2	6.047013E+3
8.139422E+2	6.129330E+3
8.141898E+2	6.194193E+3
8.144374E+2	6.242253E+3
8.146850E+2	6.274242E+3
8.149325E+2	6.292335E+3
8.151801E+2	6.299887E+3
8.154276E+2	6.300942E+3
8.156752E+2	6.298423E+3
8.159227E+2	6.293188E+3
8.161702E+2	6.287259E+3
8.164177E+2	6.280975E+3
8.166652E+2	6.274040E+3
8.169127E+2	6.267652E+3
8.171602E+2	6.261002E+3
8.174077E+2	6.255620E+3
8.176551E+2	6.252335E+3
8.179026E+2	6.251395E+3
8.181500E+2	6.252816E+3
8.183975E+2	6.258406E+3
8.186449E+2	6.267417E+3
8.188923E+2	6.282319E+3
8.191397E+2	6.303614E+3
8.193871E+2	6.330035E+3
8.196345E+2	6.363439E+3
8.198819E+2	6.402221E+3
8.201293E+2	6.448128E+3
8.203766E+2	6.496335E+3
8.206240E+2	6.546527E+3
8.208713E+2	6.595357E+3
8.211187E+2	6.638947E+3
8.213660E+2	6.677210E+3
8.216133E+2	6.705789E+3
8.218606E+2	6.725975E+3
8.221079E+2	6.734439E+3
8.223552E+2	6.730079E+3
8.226025E+2	6.711844E+3
8.228498E+2	6.681723E+3
8.230970E+2	6.640467E+3
8.233443E+2	6.588794E+3
8.235915E+2	6.529980E+3
8.238388E+2	6.463237E+3
8.240860E+2	6.390259E+3
8.243332E+2	6.313084E+3
8.245804E+2	6.229390E+3
8.248276E+2	6.139100E+3
8.250748E+2	6.043139E+3
8.253220E+2	5.941614E+3
8.255692E+2	5.833636E+3
8.258163E+2	5.718450E+3
8.260635E+2	5.595543E+3
8.263106E+2	5.465221E+3
8.265578E+2	5.325947E+3
8.268049E+2	5.178456E+3
8.270520E+2	5.023636E+3
8.272991E+2	4.861161E+3
8.275462E+2	4.693472E+3
8.277933E+2	4.523417E+3
8.280404E+2	4.353122E+3
8.282875E+2	4.187084E+3
8.285345E+2	4.028964E+3
8.287816E+2	3.881406E+3
8.290287E+2	3.751303E+3
8.292757E+2	3.638303E+3
8.295227E+2	3.541696E+3
8.297697E+2	3.461652E+3
8.300168E+2	3.395210E+3
8.302638E+2	3.339068E+3
8.305107E+2	3.290275E+3
8.307577E+2	3.245800E+3
8.310047E+2	3.203789E+3
8.312517E+2	3.162904E+3
8.314986E+2	3.122652E+3
8.317456E+2	3.083576E+3
8.319925E+2	3.045106E+3
8.322394E+2	3.006701E+3
8.324864E+2	2.968248E+3
8.327333E+2	2.928308E+3
8.329802E+2	2.886390E+3
8.332271E+2	2.842330E+3
8.334740E+2	2.793718E+3
8.337208E+2	2.740701E+3
8.339677E+2	2.682182E+3
8.342146E+2	2.616242E+3
8.344614E+2	2.543630E+3
8.347082E+2	2.463521E+3
8.349551E+2	2.377221E+3
8.352019E+2	2.281352E+3
8.354487E+2	2.180516E+3
8.356955E+2	2.075538E+3
8.359423E+2	1.967363E+3
8.361891E+2	1.859625E+3
8.364359E+2	1.753242E+3
8.366826E+2	1.652188E+3
8.369294E+2	1.555395E+3
8.371761E+2	1.465488E+3
8.374229E+2	1.382215E+3
8.376696E+2	1.308341E+3
8.379163E+2	1.241133E+3
8.381630E+2	1.181570E+3
8.384097E+2	1.129303E+3
8.386564E+2	1.084068E+3
8.389031E+2	1.043969E+3
8.391498E+2	1.008516E+3
8.393965E+2	9.773190E+2
8.396431E+2	9.497561E+2
8.398898E+2	9.251605E+2
8.401364E+2	9.031660E+2
8.403830E+2	8.827725E+2
8.406297E+2	8.642097E+2
8.408763E+2	8.466960E+2
8.411229E+2	8.304173E+2
8.413695E+2	8.145758E+2
8.416161E+2	8.000895E+2
8.418626E+2	7.861059E+2
8.421092E+2	7.723627E+2
8.423558E+2	7.587561E+2
8.426023E+2	7.448982E+2
8.428489E+2	7.317398E+2
8.430954E+2	7.188326E+2
8.433419E+2	7.065704E+2
8.435884E+2	6.945867E+2
8.438349E+2	6.828873E+2
8.440814E+2	6.710895E+2
8.443279E+2	6.594447E+2
8.445744E+2	6.482534E+2
8.448208E+2	6.372152E+2
8.450673E+2	6.266687E+2
8.453138E+2	6.154775E+2
8.455602E+2	6.037452E+2
8.458066E+2	5.919365E+2
8.460530E+2	5.802643E+2
8.462995E+2	5.683682E+2
8.465459E+2	5.565376E+2
8.467923E+2	5.442152E+2
8.470386E+2	5.316632E+2
8.472850E+2	5.190731E+2
8.475314E+2	5.063463E+2
8.477777E+2	4.937070E+2
8.480241E+2	4.810512E+2
8.482704E+2	4.681113E+2
8.485168E+2	4.557015E+2
8.487631E+2	4.431168E+2
8.490094E+2	4.305157E+2
8.492557E+2	4.182042E+2
8.495020E+2	4.062534E+2
8.497483E+2	3.942643E+2
8.499946E+2	3.823190E+2
8.502408E+2	3.707234E+2
8.504871E+2	3.595758E+2
8.507333E+2	3.481441E+2
8.509796E+2	3.376359E+2
8.512258E+2	3.263791E+2
8.514720E+2	3.157944E+2
8.517182E+2	3.050567E+2
8.519644E+2	2.951113E+2
8.522106E+2	2.849857E+2
8.524568E+2	2.754501E+2
8.527030E+2	2.661769E+2
8.529492E+2	2.576851E+2
8.531953E+2	2.491933E+2
8.534415E+2	2.411332E+2
8.536876E+2	2.331441E+2
8.539337E+2	2.254884E+2
8.541799E+2	2.184337E+2
8.544260E+2	2.113518E+2
8.546721E+2	2.050895E+2
8.549182E+2	1.988873E+2
8.551643E+2	1.928053E+2
8.554103E+2	1.868381E+2
8.556564E+2	1.809310E+2
8.559024E+2	1.758436E+2
8.561485E+2	1.709146E+2
8.563945E+2	1.663518E+2
8.566406E+2	1.621004E+2
8.568866E+2	1.577561E+2
8.571326E+2	1.537725E+2
8.573786E+2	1.500949E+2
8.576246E+2	1.467671E+2
8.578706E+2	1.433572E+2
8.581166E+2	1.405430E+2
8.583625E+2	1.376523E+2
8.586085E+2	1.346796E+2
8.588544E+2	1.317944E+2
8.591004E+2	1.293518E+2
8.593463E+2	1.270622E+2
8.595922E+2	1.245758E+2
8.598381E+2	1.221059E+2
8.600840E+2	1.195758E+2
8.603299E+2	1.173572E+2
8.605758E+2	1.150567E+2
8.608217E+2	1.128326E+2
8.610675E+2	1.104884E+2
8.613134E+2	1.083354E+2
8.615592E+2	1.059201E+2
8.618051E+2	1.037179E+2
8.620509E+2	1.016305E+2
8.622967E+2	9.955396E+1
8.625425E+2	9.743374E+1
8.627883E+2	9.500751E+1
8.630341E+2	9.260860E+1
8.632799E+2	9.054849E+1
8.635257E+2	8.879986E+1
8.637715E+2	8.723702E+1
8.640172E+2	8.512226E+1
8.642630E+2	8.335177E+1
8.645087E+2	8.171243E+1
8.647544E+2	8.001297E+1
8.650001E+2	7.835724E+1
8.652459E+2	7.665232E+1
8.654916E+2	7.519330E+1
8.657372E+2	7.374522E+1
8.659829E+2	7.231899E+1
8.662286E+2	7.114959E+1
8.664743E+2	6.986543E+1
8.667199E+2	6.877254E+1
8.669656E+2	6.729166E+1
8.672112E+2	6.617691E+1
8.674568E+2	6.503483E+1
8.677024E+2	6.394740E+1
8.679481E+2	6.275614E+1
8.681937E+2	6.183265E+1
8.684392E+2	6.096926E+1
8.686848E+2	6.007308E+1
8.689304E+2	5.929713E+1
8.691760E+2	5.843374E+1
8.694215E+2	5.792554E+1
8.696671E+2	5.694194E+1
8.699126E+2	5.649385E+1
8.701581E+2	5.577800E+1
8.704036E+2	5.530259E+1
8.706491E+2	5.476707E+1
8.708946E+2	5.384904E+1
8.711401E+2	5.312226E+1
8.713856E+2	5.252117E+1
8.716311E+2	5.177800E+1
8.718766E+2	5.131899E+1
8.721220E+2	5.079986E+1
8.723674E+2	5.026434E+1
8.726129E+2	4.999112E+1
8.728583E+2	4.973975E+1
8.731037E+2	4.893647E+1
8.733491E+2	4.820970E+1
8.735945E+2	4.751024E+1
8.738399E+2	4.707855E+1
8.740853E+2	4.637909E+1
8.743307E+2	4.578347E+1
8.745760E+2	4.508948E+1
8.748214E+2	4.430806E+1
8.750667E+2	4.375068E+1
8.753121E+2	4.287090E+1
8.755574E+2	4.223702E+1
8.758027E+2	4.131352E+1
8.760480E+2	4.083811E+1
8.762933E+2	4.005123E+1
8.765386E+2	3.952117E+1
8.767839E+2	3.901297E+1
8.770291E+2	3.834084E+1
8.772744E+2	3.766325E+1
8.775196E+2	3.717144E+1
8.777649E+2	3.698565E+1
8.780101E+2	3.697472E+1
8.782553E+2	3.634084E+1
8.785006E+2	3.556489E+1
8.787458E+2	3.483811E+1
8.789910E+2	3.455396E+1
8.792361E+2	3.422062E+1
8.794813E+2	3.385450E+1
8.797265E+2	3.363046E+1
8.799717E+2	3.330259E+1
8.802168E+2	3.307855E+1
8.804619E+2	3.269057E+1
8.807071E+2	3.229166E+1
8.809522E+2	3.183265E+1
8.811973E+2	3.130259E+1
8.814424E+2	3.082172E+1
8.816875E+2	3.037363E+1
8.819326E+2	3.013319E+1
8.821777E+2	2.984358E+1
8.824227E+2	2.948838E+1
8.826678E+2	2.930259E+1
8.829128E+2	2.902390E+1
8.831579E+2	2.875614E+1
8.834029E+2	2.845013E+1
8.836479E+2	2.808401E+1
8.838929E+2	2.779440E+1
8.841379E+2	2.783811E+1
8.843829E+2	2.732445E+1
8.846279E+2	2.702390E+1
8.848729E+2	2.648838E+1
8.851179E+2	2.654849E+1
8.853628E+2	2.603483E+1
8.856078E+2	2.559767E+1
8.858527E+2	2.534631E+1
8.860976E+2	2.526434E+1
8.863425E+2	2.498565E+1
8.865875E+2	2.452664E+1
8.868324E+2	2.419330E+1
8.870772E+2	2.378893E+1
8.873221E+2	2.367964E+1
8.875670E+2	2.312226E+1
8.878119E+2	2.263046E+1
8.880567E+2	2.242281E+1
8.883016E+2	2.230259E+1
8.885464E+2	2.228073E+1
8.887912E+2	2.209494E+1
8.890360E+2	2.182718E+1
8.892809E+2	2.134084E+1
8.895257E+2	2.106215E+1
8.897704E+2	2.075614E+1
8.900152E+2	2.064685E+1
8.902600E+2	2.057582E+1
8.905048E+2	2.070150E+1
8.907495E+2	2.061407E+1
8.909943E+2	2.028073E+1
8.912390E+2	2.040642E+1
8.914837E+2	2.031899E+1
8.917284E+2	2.001297E+1
8.919731E+2	1.995287E+1
8.922178E+2	1.984904E+1
8.924625E+2	1.973429E+1
8.927072E+2	1.946653E+1
8.929519E+2	1.904576E+1
8.931965E+2	1.911134E+1
8.934412E+2	1.918784E+1
8.936858E+2	1.936817E+1
8.939305E+2	1.927527E+1
8.941751E+2	1.910587E+1
8.944197E+2	1.889822E+1
8.946643E+2	1.847746E+1
8.949089E+2	1.815505E+1
8.951535E+2	1.786543E+1
8.953981E+2	1.752117E+1
8.956426E+2	1.742281E+1
8.958872E+2	1.728620E+1
8.961317E+2	1.725888E+1
8.963763E+2	1.742281E+1
8.966208E+2	1.739549E+1
8.968653E+2	1.738456E+1
8.971098E+2	1.731352E+1
8.973543E+2	1.739549E+1
8.975988E+2	1.723702E+1
8.978433E+2	1.714412E+1
8.980878E+2	1.707308E+1
8.983323E+2	1.725341E+1
8.985767E+2	1.725341E+1
8.988212E+2	1.713319E+1
8.990656E+2	1.695833E+1
8.993100E+2	1.717144E+1
8.995545E+2	1.725888E+1
8.997989E+2	1.718784E+1
9.000433E+2	1.693647E+1
9.002877E+2	1.676161E+1
9.005320E+2	1.655942E+1
9.007764E+2	1.653756E+1
9.010208E+2	1.638456E+1
9.012651E+2	1.637363E+1
9.015095E+2	1.635177E+1
9.017538E+2	1.621516E+1
9.019981E+2	1.619330E+1
9.022425E+2	1.602390E+1
9.024868E+2	1.629713E+1
9.027311E+2	1.640095E+1
9.029754E+2	1.647746E+1
9.032196E+2	1.632445E+1
9.034639E+2	1.610041E+1
9.037082E+2	1.588183E+1
9.039524E+2	1.602390E+1
9.041967E+2	1.593101E+1
9.044409E+2	1.608401E+1
9.046851E+2	1.637909E+1
9.049293E+2	1.633538E+1
9.051736E+2	1.629166E+1
9.054177E+2	1.615505E+1
9.056619E+2	1.629713E+1
9.059061E+2	1.653756E+1
9.061503E+2	1.652664E+1
9.063944E+2	1.649385E+1
9.066386E+2	1.644467E+1
9.068827E+2	1.626434E+1
9.071269E+2	1.644467E+1
9.073710E+2	1.639002E+1
9.076151E+2	1.645560E+1
9.078592E+2	1.666871E+1
9.081033E+2	1.667418E+1
9.083474E+2	1.671789E+1
9.085915E+2	1.646653E+1
9.088355E+2	1.639549E+1
9.090796E+2	1.623155E+1
9.093236E+2	1.614412E+1
9.095677E+2	1.628620E+1
9.098117E+2	1.622062E+1
9.100557E+2	1.628620E+1
9.102997E+2	1.625341E+1
9.105437E+2	1.619330E+1
9.107877E+2	1.624248E+1
9.110317E+2	1.651024E+1
9.112757E+2	1.611680E+1
9.115197E+2	1.594194E+1
9.117636E+2	1.570696E+1
9.120076E+2	1.568511E+1
9.122515E+2	1.539549E+1
9.124954E+2	1.528073E+1
9.127393E+2	1.543374E+1
9.129832E+2	1.557035E+1
9.132271E+2	1.523702E+1
9.134710E+2	1.543920E+1
9.137149E+2	1.531899E+1
9.139588E+2	1.537909E+1
9.142026E+2	1.519330E+1
9.144465E+2	1.513319E+1
9.146903E+2	1.518784E+1
9.149342E+2	1.507308E+1
9.151780E+2	1.516052E+1
9.154218E+2	1.535724E+1
9.156656E+2	1.533538E+1
9.159094E+2	1.524795E+1
9.161532E+2	1.511134E+1
9.163970E+2	1.488729E+1
9.166408E+2	1.478347E+1
9.168845E+2	1.467418E+1
9.171283E+2	1.458128E+1
9.173720E+2	1.445560E+1
9.176157E+2	1.447199E+1
9.178595E+2	1.442281E+1
9.181032E+2	1.442828E+1
9.183469E+2	1.436270E+1
9.185906E+2	1.420423E+1
9.188343E+2	1.382718E+1
9.190779E+2	1.407855E+1
9.193216E+2	1.375614E+1
9.195653E+2	1.345560E+1
9.198089E+2	1.314959E+1
9.200525E+2	1.307855E+1
9.202962E+2	1.313319E+1
9.205398E+2	1.292008E+1
9.207834E+2	1.276707E+1
9.210270E+2	1.258128E+1
9.212706E+2	1.264139E+1
9.215142E+2	1.289822E+1
9.217577E+2	1.289276E+1
9.220013E+2	1.264685E+1
9.222449E+2	1.241188E+1
9.224884E+2	1.229713E+1
9.227319E+2	1.205669E+1
9.229755E+2	1.210041E+1
9.232190E+2	1.205123E+1
9.234625E+2	1.203483E+1
9.237060E+2	1.180532E+1
9.239495E+2	1.192008E+1
9.241930E+2	1.187636E+1
9.244364E+2	1.178347E+1
9.246799E+2	1.171789E+1
9.249233E+2	1.168511E+1
9.251668E+2	1.165778E+1
9.254102E+2	1.160860E+1
9.256536E+2	1.152664E+1
9.258971E+2	1.136817E+1
9.261405E+2	1.160314E+1
9.263839E+2	1.177254E+1
9.266272E+2	1.182718E+1
9.268706E+2	1.193101E+1
9.271140E+2	1.205669E+1
9.273573E+2	1.211134E+1
9.276007E+2	1.199112E+1
9.278440E+2	1.173429E+1
9.280874E+2	1.171243E+1
9.283307E+2	1.160314E+1
9.285740E+2	1.154849E+1
9.288173E+2	1.139002E+1
9.290606E+2	1.131899E+1
9.293039E+2	1.132991E+1
9.295471E+2	1.136270E+1
9.297904E+2	1.158675E+1
9.300337E+2	1.152117E+1
9.302769E+2	1.159221E+1
9.305201E+2	1.167418E+1
9.307634E+2	1.187636E+1
9.310066E+2	1.199658E+1
9.312498E+2	1.233538E+1
9.314930E+2	1.247199E+1
9.317362E+2	1.270696E+1
9.319794E+2	1.269057E+1
9.322225E+2	1.273429E+1
9.324657E+2	1.262500E+1
9.327088E+2	1.254303E+1
9.329520E+2	1.254303E+1
9.331951E+2	1.271789E+1
9.334382E+2	1.287090E+1
9.336814E+2	1.296379E+1
9.339245E+2	1.267964E+1
9.341676E+2	1.287090E+1
9.344106E+2	1.331899E+1
9.346537E+2	1.345013E+1
9.348968E+2	1.341735E+1
9.351398E+2	1.325341E+1
9.353829E+2	1.348292E+1
9.356259E+2	1.331352E+1
9.358690E+2	1.339002E+1
9.361120E+2	1.316598E+1
9.363550E+2	1.304030E+1
9.365980E+2	1.332991E+1
9.368410E+2	1.337909E+1
9.370840E+2	1.354303E+1
9.373269E+2	1.343920E+1
9.375699E+2	1.330259E+1
9.378129E+2	1.315505E+1
9.380558E+2	1.288183E+1
9.382987E+2	1.281625E+1
9.385417E+2	1.314412E+1
9.387846E+2	1.294194E+1
9.390275E+2	1.294194E+1
9.392704E+2	1.299658E+1
9.395133E+2	1.325341E+1
9.397562E+2	1.332991E+1
9.399990E+2	1.349385E+1
9.402419E+2	1.352117E+1
9.404847E+2	1.352117E+1
9.407276E+2	1.363046E+1
9.409704E+2	1.344467E+1
9.412132E+2	1.329713E+1
9.414560E+2	1.351024E+1
9.416988E+2	1.343374E+1
9.419416E+2	1.342828E+1
9.421844E+2	1.330259E+1
9.424272E+2	1.311680E+1
9.426700E+2	1.313319E+1
9.429127E+2	1.325888E+1
9.431555E+2	1.334631E+1
9.433982E+2	1.345013E+1
9.436409E+2	1.332445E+1
9.438837E+2	1.347199E+1
9.441264E+2	1.341735E+1
9.443691E+2	1.336817E+1
9.446118E+2	1.318784E+1
9.448544E+2	1.342281E+1
9.450971E+2	1.326434E+1
9.453398E+2	1.341188E+1
9.455824E+2	1.331352E+1
9.458251E+2	1.329166E+1
9.460677E+2	1.319877E+1
9.463103E+2	1.320970E+1
9.465530E+2	1.303483E+1
9.467956E+2	1.285450E+1
9.470382E+2	1.259221E+1
9.472807E+2	1.257035E+1
9.475233E+2	1.246106E+1
9.477659E+2	1.248838E+1
9.480084E+2	1.233538E+1
9.482510E+2	1.242828E+1
9.484935E+2	1.269603E+1
9.487361E+2	1.270150E+1
9.489786E+2	1.278347E+1
9.492211E+2	1.252664E+1
9.494636E+2	1.251571E+1
9.497061E+2	1.225341E+1
9.499486E+2	1.211680E+1
9.501911E+2	1.230806E+1
9.504335E+2	1.239549E+1
9.506760E+2	1.213866E+1
9.509184E+2	1.232445E+1
9.511609E+2	1.230259E+1
9.514033E+2	1.208948E+1
9.516457E+2	1.194194E+1
9.518881E+2	1.205669E+1
9.521305E+2	1.218784E+1
9.523729E+2	1.250478E+1
9.526153E+2	1.260314E+1
9.528576E+2	1.261407E+1
9.531000E+2	1.257582E+1
9.533424E+2	1.240642E+1
9.535847E+2	1.245560E+1
9.538270E+2	1.237363E+1
9.540694E+2	1.224795E+1
9.543117E+2	1.188729E+1
9.545540E+2	1.186543E+1
9.547963E+2	1.178347E+1
9.550386E+2	1.187090E+1
9.552808E+2	1.210041E+1
9.555231E+2	1.217691E+1
9.557654E+2	1.209494E+1
9.560076E+2	1.229713E+1
9.562498E+2	1.222062E+1
9.564921E+2	1.241188E+1
9.567343E+2	1.225888E+1
9.569765E+2	1.222062E+1
9.572187E+2	1.239002E+1
9.574609E+2	1.232991E+1
9.577031E+2	1.205669E+1
9.579452E+2	1.194740E+1
9.581874E+2	1.204576E+1
9.584296E+2	1.217691E+1
9.586717E+2	1.211134E+1
9.589138E+2	1.208948E+1
9.591560E+2	1.209494E+1
9.593981E+2	1.216052E+1
9.596402E+2	1.205123E+1
9.598823E+2	1.212226E+1
9.601244E+2	1.168511E+1
9.603664E+2	1.163046E+1
9.606085E+2	1.156489E+1
9.608506E+2	1.152117E+1
9.610926E+2	1.129713E+1
9.613347E+2	1.128620E+1
9.615767E+2	1.131352E+1
9.618187E+2	1.153210E+1
9.620607E+2	1.146653E+1
9.623027E+2	1.168511E+1
9.625447E+2	1.160314E+1
9.627867E+2	1.139002E+1
9.630287E+2	1.126434E+1
9.632706E+2	1.105123E+1
9.635126E+2	1.106762E+1
9.637545E+2	1.094740E+1
9.639965E+2	1.116598E+1
9.642384E+2	1.126434E+1
9.644803E+2	1.145013E+1
9.647222E+2	1.155942E+1
9.649641E+2	1.134631E+1
9.652060E+2	1.140095E+1
9.654479E+2	1.156489E+1
9.656897E+2	1.132991E+1
9.659316E+2	1.117144E+1
9.661734E+2	1.114959E+1
9.664153E+2	1.109494E+1
9.666571E+2	1.088729E+1
9.668989E+2	1.107308E+1
9.671408E+2	1.126981E+1
9.673826E+2	1.125341E+1
9.676243E+2	1.169603E+1
9.678661E+2	1.187636E+1
9.681079E+2	1.201297E+1
9.683497E+2	1.201297E+1
9.685914E+2	1.198565E+1
9.688332E+2	1.212226E+1
9.690749E+2	1.259221E+1
9.693166E+2	1.265778E+1
9.695583E+2	1.263046E+1
9.698001E+2	1.243374E+1
9.700417E+2	1.208948E+1
9.702834E+2	1.183265E+1
9.705251E+2	1.188729E+1
9.707668E+2	1.178347E+1
9.710084E+2	1.185997E+1
9.712501E+2	1.173429E+1
9.714917E+2	1.200751E+1
9.717334E+2	1.242828E+1
9.719750E+2	1.255396E+1
9.722166E+2	1.294740E+1
9.724582E+2	1.323155E+1
9.726998E+2	1.311680E+1
9.729414E+2	1.296379E+1
9.731830E+2	1.301297E+1
9.734245E+2	1.308401E+1
9.736661E+2	1.304030E+1
9.739076E+2	1.312226E+1
9.741492E+2	1.298019E+1
9.743907E+2	1.289822E+1
9.746322E+2	1.283811E+1
9.748737E+2	1.320970E+1
9.751152E+2	1.336817E+1
9.753567E+2	1.335724E+1
9.755982E+2	1.339549E+1
9.758396E+2	1.353756E+1
9.760811E+2	1.364139E+1
9.763226E+2	1.391461E+1
9.765640E+2	1.382718E+1
9.768054E+2	1.381625E+1
9.770468E+2	1.382718E+1
9.772883E+2	1.413866E+1
9.775297E+2	1.459767E+1
9.777711E+2	1.480532E+1
9.780124E+2	1.491461E+1
9.782538E+2	1.508948E+1
9.784952E+2	1.505669E+1
9.787365E+2	1.474522E+1
9.789779E+2	1.465232E+1
9.792192E+2	1.482718E+1
9.794605E+2	1.479986E+1
9.797019E+2	1.478347E+1
9.799432E+2	1.464685E+1
9.801845E+2	1.446653E+1
9.804257E+2	1.455396E+1
9.806670E+2	1.475614E+1
9.809083E+2	1.471243E+1
9.811496E+2	1.482172E+1
9.813908E+2	1.500751E+1
9.816320E+2	1.476707E+1
9.818733E+2	1.443920E+1
9.821145E+2	1.432445E+1
9.823557E+2	1.411134E+1
9.825969E+2	1.395833E+1
9.828381E+2	1.395833E+1
9.830793E+2	1.422609E+1
9.833205E+2	1.438456E+1
9.835616E+2	1.429713E+1
9.838028E+2	1.387636E+1
9.840439E+2	1.388729E+1
9.842851E+2	1.374522E+1
9.845262E+2	1.373429E+1
9.847673E+2	1.408401E+1
9.850084E+2	1.428073E+1
9.852495E+2	1.446106E+1
9.854906E+2	1.465232E+1
9.857317E+2	1.450478E+1
9.859727E+2	1.431899E+1
9.862138E+2	1.432991E+1
9.864549E+2	1.430806E+1
9.866959E+2	1.384358E+1
9.869369E+2	1.360314E+1
9.871779E+2	1.352664E+1
9.874190E+2	1.349931E+1
9.876600E+2	1.340095E+1
9.879010E+2	1.338456E+1
9.881419E+2	1.319877E+1
9.883829E+2	1.336270E+1
9.886239E+2	1.318784E+1
9.888648E+2	1.326434E+1
9.891058E+2	1.351024E+1
9.893467E+2	1.356489E+1
9.895876E+2	1.354849E+1
9.898285E+2	1.349931E+1
9.900695E+2	1.358128E+1
9.903104E+2	1.374522E+1
9.905512E+2	1.385450E+1
9.907921E+2	1.394194E+1
9.910330E+2	1.390369E+1
9.912738E+2	1.402390E+1
9.915147E+2	1.419877E+1
9.917555E+2	1.422062E+1
9.919964E+2	1.411134E+1
9.922372E+2	1.403483E+1
9.924780E+2	1.413866E+1
9.927188E+2	1.407855E+1
9.929596E+2	1.401844E+1
9.932004E+2	1.402937E+1
9.934411E+2	1.408401E+1
9.936819E+2	1.417144E+1
9.939227E+2	1.405669E+1
9.941634E+2	1.438456E+1
9.944041E+2	1.443374E+1
9.946449E+2	1.473975E+1
9.948856E+2	1.506215E+1
9.951263E+2	1.505123E+1
9.953670E+2	1.502390E+1
9.956077E+2	1.522062E+1
9.958483E+2	1.531899E+1
9.960890E+2	1.523702E+1
9.963297E+2	1.527527E+1
9.965703E+2	1.513866E+1
9.968109E+2	1.525888E+1
9.970516E+2	1.532445E+1
9.972922E+2	1.553756E+1
9.975328E+2	1.555396E+1
9.977734E+2	1.541188E+1
9.980140E+2	1.519330E+1
9.982546E+2	1.513866E+1
9.984951E+2	1.540095E+1
9.987357E+2	1.525341E+1
9.989763E+2	1.547199E+1
9.992168E+2	1.558128E+1
9.994573E+2	1.540095E+1
9.996978E+2	1.532991E+1
9.999384E+2	1.507308E+1
1.000179E+3	1.471789E+1
1.000419E+3	1.466325E+1
1.000660E+3	1.469603E+1
1.000900E+3	1.470696E+1
1.001141E+3	1.452117E+1
1.001381E+3	1.499112E+1
1.001622E+3	1.493101E+1
1.001862E+3	1.506762E+1
1.002103E+3	1.515505E+1
1.002343E+3	1.519330E+1
1.002583E+3	1.518784E+1
1.002824E+3	1.530806E+1
1.003064E+3	1.535177E+1
1.003305E+3	1.549385E+1
1.003545E+3	1.551024E+1
1.003785E+3	1.529166E+1
1.004026E+3	1.540642E+1
1.004266E+3	1.528620E+1
1.004506E+3	1.527527E+1
1.004747E+3	1.531352E+1
1.004987E+3	1.505123E+1
1.005227E+3	1.472882E+1
1.005468E+3	1.444467E+1
1.005708E+3	1.428073E+1
1.005948E+3	1.438456E+1
1.006188E+3	1.445013E+1
1.006429E+3	1.447746E+1
1.006669E+3	1.436817E+1
1.006909E+3	1.438456E+1
1.007149E+3	1.420970E+1
1.007390E+3	1.429713E+1
1.007630E+3	1.431899E+1
1.007870E+3	1.425888E+1
1.008110E+3	1.424248E+1
1.008350E+3	1.428073E+1
1.008590E+3	1.442281E+1
1.008831E+3	1.416598E+1
1.009071E+3	1.420970E+1
1.009311E+3	1.409494E+1
1.009551E+3	1.422609E+1
1.009791E+3	1.425888E+1
1.010031E+3	1.428620E+1
1.010271E+3	1.423702E+1
1.010511E+3	1.427527E+1
1.010752E+3	1.440642E+1
1.010992E+3	1.452664E+1
1.011232E+3	1.473429E+1
1.011472E+3	1.451571E+1
1.011712E+3	1.430259E+1
1.011952E+3	1.413319E+1
1.012192E+3	1.400205E+1
1.012432E+3	1.387636E+1
1.012672E+3	1.404576E+1
1.012912E+3	1.437909E+1
1.013152E+3	1.425341E+1
1.013392E+3	1.408948E+1
1.013632E+3	1.388183E+1
1.013872E+3	1.396926E+1
1.014112E+3	1.405669E+1
1.014352E+3	1.406215E+1
1.014591E+3	1.414412E+1
1.014831E+3	1.431899E+1
1.015071E+3	1.439002E+1
1.015311E+3	1.432991E+1
1.015551E+3	1.403483E+1
1.015791E+3	1.399658E+1
1.016031E+3	1.406762E+1
1.016271E+3	1.418784E+1
1.016511E+3	1.399112E+1
1.016750E+3	1.408948E+1
1.016990E+3	1.411134E+1
1.017230E+3	1.417144E+1
1.017470E+3	1.421516E+1
1.017710E+3	1.423155E+1
1.017949E+3	1.424795E+1
1.018189E+3	1.430259E+1
1.018429E+3	1.436270E+1
1.018669E+3	1.438456E+1
1.018908E+3	1.436270E+1
1.019148E+3	1.435724E+1
1.019388E+3	1.428073E+1
1.019628E+3	1.458128E+1
1.019867E+3	1.471243E+1
1.020107E+3	1.487636E+1
1.020347E+3	1.483265E+1
1.020586E+3	1.446653E+1
1.020826E+3	1.437363E+1
1.021066E+3	1.422062E+1
1.021305E+3	1.421516E+1
1.021545E+3	1.431899E+1
1.021785E+3	1.418784E+1
1.022024E+3	1.426981E+1
1.022264E+3	1.434631E+1
1.022504E+3	1.450478E+1
1.022743E+3	1.464685E+1
1.022983E+3	1.451024E+1
1.023222E+3	1.436817E+1
1.023462E+3	1.446106E+1
1.023702E+3	1.428620E+1
1.023941E+3	1.424795E+1
1.024181E+3	1.397472E+1
1.024420E+3	1.376707E+1
1.024660E+3	1.384904E+1
1.024899E+3	1.380532E+1
1.025139E+3	1.365232E+1
1.025378E+3	1.325888E+1
1.025618E+3	1.317691E+1
1.025857E+3	1.311680E+1
1.026097E+3	1.299658E+1
1.026336E+3	1.310587E+1
1.026575E+3	1.306215E+1
1.026815E+3	1.304030E+1
1.027054E+3	1.298565E+1
1.027294E+3	1.300751E+1
1.027533E+3	1.275614E+1
1.027773E+3	1.279440E+1
1.028012E+3	1.299112E+1
1.028251E+3	1.298565E+1
1.028491E+3	1.304030E+1
1.028730E+3	1.307855E+1
1.028969E+3	1.296379E+1
1.029209E+3	1.309494E+1
1.029448E+3	1.308948E+1
1.029687E+3	1.331352E+1
1.029927E+3	1.346653E+1
1.030166E+3	1.371243E+1
1.030405E+3	1.375614E+1
1.030645E+3	1.321516E+1
1.030884E+3	1.298565E+1
1.031123E+3	1.302390E+1
1.031362E+3	1.301844E+1
1.031602E+3	1.333538E+1
1.031841E+3	1.337363E+1
1.032080E+3	1.330806E+1
1.032319E+3	1.320970E+1
1.032558E+3	1.302390E+1
1.032798E+3	1.296379E+1
1.033037E+3	1.314959E+1
1.033276E+3	1.300751E+1
1.033515E+3	1.295833E+1
1.033754E+3	1.271243E+1
1.033993E+3	1.268511E+1
1.034233E+3	1.244467E+1
1.034472E+3	1.237909E+1
1.034711E+3	1.239002E+1
1.034950E+3	1.252664E+1
1.035189E+3	1.245560E+1
1.035428E+3	1.239002E+1
1.035667E+3	1.241188E+1
1.035906E+3	1.254303E+1
1.036145E+3	1.251024E+1
1.036384E+3	1.266325E+1
1.036623E+3	1.257035E+1
1.036862E+3	1.243374E+1
1.037101E+3	1.214412E+1
1.037340E+3	1.207308E+1
1.037579E+3	1.215505E+1
1.037818E+3	1.214412E+1
1.038057E+3	1.210587E+1
1.038296E+3	1.232445E+1
1.038535E+3	1.237363E+1
1.038774E+3	1.236817E+1
1.039013E+3	1.252664E+1
1.039252E+3	1.217691E+1
1.039491E+3	1.208948E+1
1.039730E+3	1.214412E+1
1.039969E+3	1.261407E+1
1.040208E+3	1.246653E+1
1.040447E+3	1.239002E+1
1.040685E+3	1.261407E+1
1.040924E+3	1.261953E+1
1.041163E+3	1.266325E+1
1.041402E+3	1.254303E+1
1.041641E+3	1.270696E+1
1.041880E+3	1.257582E+1
1.042118E+3	1.274522E+1
1.042357E+3	1.278347E+1
1.042596E+3	1.293101E+1
1.042835E+3	1.298019E+1
1.043074E+3	1.299658E+1
1.043312E+3	1.296926E+1
1.043551E+3	1.311680E+1
1.043790E+3	1.330259E+1
1.044029E+3	1.339549E+1
1.044267E+3	1.312773E+1
1.044506E+3	1.306215E+1
1.044745E+3	1.295287E+1
1.044983E+3	1.312226E+1
1.045222E+3	1.342828E+1
1.045461E+3	1.367964E+1
1.045699E+3	1.368511E+1
1.045938E+3	1.350478E+1
1.046177E+3	1.298019E+1
1.046415E+3	1.287636E+1
1.046654E+3	1.281625E+1
1.046893E+3	1.287090E+1
1.047131E+3	1.304576E+1
1.047370E+3	1.307855E+1
1.047608E+3	1.287636E+1
1.047847E+3	1.306762E+1
1.048086E+3	1.316598E+1
1.048324E+3	1.354303E+1
1.048563E+3	1.349931E+1
1.048801E+3	1.334631E+1
1.049040E+3	1.334631E+1
1.049278E+3	1.320970E+1
1.049517E+3	1.295833E+1
1.049755E+3	1.328620E+1
1.049994E+3	1.332445E+1
1.050232E+3	1.332445E+1
1.050471E+3	1.300205E+1
1.050709E+3	1.282172E+1
1.050948E+3	1.284904E+1
1.051186E+3	1.294740E+1
1.051424E+3	1.289276E+1
1.051663E+3	1.280532E+1
1.051901E+3	1.258675E+1
1.052140E+3	1.243374E+1
1.052378E+3	1.249385E+1
1.052616E+3	1.228073E+1
1.052855E+3	1.219877E+1
1.053093E+3	1.212773E+1
1.053332E+3	1.205669E+1
1.053570E+3	1.214412E+1
1.053808E+3	1.243374E+1
1.054047E+3	1.257035E+1
1.054285E+3	1.253210E+1
1.054523E+3	1.211680E+1
1.054761E+3	1.214412E+1
1.055000E+3	1.222062E+1
1.055238E+3	1.207855E+1
1.055476E+3	1.197472E+1
1.055715E+3	1.183811E+1
1.055953E+3	1.196926E+1
1.056191E+3	1.185450E+1
1.056429E+3	1.180532E+1
1.056667E+3	1.174522E+1
1.056906E+3	1.164685E+1
1.057144E+3	1.130259E+1
1.057382E+3	1.127527E+1
1.057620E+3	1.113319E+1
1.057858E+3	1.079986E+1
1.058097E+3	1.057582E+1
1.058335E+3	1.024248E+1
1.058573E+3	1.017691E+1
1.058811E+3	1.017691E+1
1.059049E+3	1.026981E+1
1.059287E+3	1.035724E+1
1.059525E+3	1.011680E+1
1.059763E+3	1.005123E+1
1.060001E+3	9.941936E+0
1.060239E+3	9.832647E+0
1.060478E+3	9.663248E+0
1.060716E+3	9.892756E+0
1.060954E+3	9.898221E+0
1.061192E+3	1.012773E+1
1.061430E+3	9.690570E+0
1.061668E+3	9.433740E+0
1.061906E+3	9.231554E+0
1.062144E+3	9.144122E+0
1.062382E+3	8.876363E+0
1.062620E+3	8.843576E+0
1.062858E+3	8.488384E+0
1.063096E+3	8.428275E+0
1.063333E+3	8.592210E+0
1.063571E+3	8.570352E+0
1.063809E+3	8.532100E+0
1.064047E+3	8.624996E+0
1.064285E+3	8.313521E+0
1.064523E+3	7.958330E+0
1.064761E+3	7.920078E+0
1.064999E+3	8.111335E+0
1.065237E+3	7.958330E+0
1.065474E+3	7.854505E+0
1.065712E+3	7.652319E+0
1.065950E+3	7.504778E+0
1.066188E+3	7.756144E+0
1.066426E+3	7.903685E+0
1.066664E+3	7.974723E+0
1.066901E+3	7.859969E+0
1.067139E+3	8.100406E+0
1.067377E+3	8.094942E+0
1.067615E+3	8.089477E+0
1.067852E+3	8.116800E+0
1.068090E+3	7.898221E+0
1.068328E+3	7.652319E+0
1.068566E+3	7.439204E+0
1.068803E+3	7.362701E+0
1.069041E+3	7.488384E+0
1.069279E+3	7.575816E+0
1.069516E+3	7.510242E+0
1.069754E+3	7.384559E+0
1.069992E+3	7.466527E+0
1.070229E+3	7.488384E+0
1.070467E+3	7.439204E+0
1.070705E+3	7.586745E+0
1.070942E+3	7.619532E+0
1.071180E+3	7.428275E+0
1.071418E+3	7.368166E+0
1.071655E+3	7.428275E+0
1.071893E+3	7.226089E+0
1.072130E+3	7.258876E+0
1.072368E+3	7.471991E+0
1.072605E+3	7.570352E+0
1.072843E+3	7.532100E+0
1.073081E+3	7.515707E+0
1.073318E+3	7.482920E+0
1.073556E+3	7.400953E+0
1.073793E+3	7.286199E+0
1.074031E+3	7.187838E+0
1.074268E+3	7.062155E+0
1.074506E+3	7.122264E+0
1.074743E+3	7.340843E+0
1.074981E+3	7.329915E+0
1.075218E+3	7.422811E+0
1.075455E+3	7.379095E+0
1.075693E+3	7.045762E+0
1.075930E+3	7.324450E+0
1.076168E+3	7.313521E+0
1.076405E+3	7.406417E+0
1.076642E+3	7.515707E+0
1.076880E+3	7.575816E+0
1.077117E+3	7.564887E+0
1.077355E+3	7.614068E+0
1.077592E+3	7.706964E+0
1.077829E+3	7.624996E+0
1.078067E+3	7.838111E+0
1.078304E+3	7.865434E+0
1.078541E+3	7.958330E+0
1.078779E+3	8.116800E+0
1.079016E+3	8.444669E+0
1.079253E+3	8.428275E+0
1.079490E+3	8.242483E+0
1.079728E+3	8.297128E+0
1.079965E+3	8.012975E+0
1.080202E+3	7.887292E+0
1.080439E+3	8.040297E+0
1.080677E+3	8.144122E+0
1.080914E+3	8.051226E+0
1.081151E+3	7.969259E+0
1.081388E+3	7.980188E+0
1.081625E+3	7.870898E+0
1.081863E+3	7.646854E+0
1.082100E+3	7.772537E+0
1.082337E+3	7.515707E+0
1.082574E+3	7.657783E+0
1.082811E+3	7.696035E+0
1.083048E+3	7.745215E+0
1.083285E+3	7.706964E+0
1.083522E+3	7.592210E+0
1.083760E+3	7.537565E+0
1.083997E+3	7.630461E+0
1.084234E+3	7.756144E+0
1.084471E+3	7.810789E+0
1.084708E+3	7.974723E+0
1.084945E+3	8.062155E+0
1.085182E+3	7.936472E+0
1.085419E+3	8.018439E+0
1.085656E+3	8.078548E+0
1.085893E+3	8.209696E+0
1.086130E+3	8.406417E+0
1.086367E+3	8.717893E+0
1.086604E+3	8.832647E+0
1.086841E+3	8.914614E+0
1.087078E+3	8.794395E+0
1.087315E+3	8.876363E+0
1.087552E+3	8.783466E+0
1.087789E+3	8.958330E+0
1.088026E+3	8.624996E+0
1.088262E+3	8.548494E+0
1.088499E+3	8.734286E+0
1.088736E+3	8.832647E+0
1.088973E+3	8.543029E+0
1.089210E+3	8.477456E+0
1.089447E+3	8.581281E+0
1.089684E+3	8.537565E+0
1.089921E+3	8.619532E+0
1.090157E+3	8.832647E+0
1.090394E+3	8.701499E+0
1.090631E+3	8.952865E+0
1.090868E+3	8.991117E+0
1.091105E+3	8.909150E+0
1.091341E+3	9.094942E+0
1.091578E+3	9.062155E+0
1.091815E+3	8.963794E+0
1.092052E+3	8.963794E+0
1.092288E+3	9.198767E+0
1.092525E+3	9.051226E+0
1.092762E+3	9.165980E+0
1.092999E+3	9.198767E+0
1.093235E+3	9.198767E+0
1.093472E+3	9.089477E+0
1.093709E+3	8.958330E+0
1.093945E+3	8.980188E+0
1.094182E+3	9.034833E+0
1.094419E+3	9.155051E+0
1.094655E+3	9.094942E+0
1.094892E+3	9.111335E+0
1.095128E+3	8.980188E+0
1.095365E+3	9.002046E+0
1.095602E+3	9.023904E+0
1.095838E+3	9.089477E+0
1.096075E+3	8.931007E+0
1.096311E+3	8.936472E+0
1.096548E+3	8.510242E+0
1.096784E+3	8.614068E+0
1.097021E+3	8.646854E+0
1.097258E+3	8.734286E+0
1.097494E+3	8.696035E+0
1.097731E+3	8.892756E+0
1.097967E+3	8.969259E+0
1.098204E+3	8.827182E+0
1.098440E+3	8.750680E+0
1.098677E+3	8.909150E+0
1.098913E+3	8.870898E+0
1.099149E+3	8.696035E+0
1.099386E+3	8.499313E+0
1.099622E+3	8.433740E+0
1.099859E+3	8.264341E+0
1.100095E+3	8.357237E+0
1.100332E+3	8.395488E+0
1.100568E+3	8.346308E+0
1.100804E+3	8.176909E+0
1.101041E+3	8.078548E+0
1.101277E+3	8.067619E+0
1.101513E+3	8.220625E+0
1.101750E+3	8.247947E+0
1.101986E+3	8.373630E+0
1.102222E+3	8.411882E+0
1.102459E+3	8.783466E+0
1.102695E+3	8.859969E+0
1.102931E+3	8.750680E+0
1.103168E+3	8.799860E+0
1.103404E+3	8.903685E+0
1.103640E+3	8.630461E+0
1.103876E+3	8.767073E+0
1.104113E+3	8.756144E+0
1.104349E+3	8.597674E+0
1.104585E+3	8.581281E+0
1.104821E+3	8.614068E+0
1.105057E+3	8.357237E+0
1.105294E+3	8.302592E+0
1.105530E+3	8.351772E+0
1.105766E+3	8.182374E+0
1.106002E+3	8.379095E+0
1.106238E+3	8.603139E+0
1.106474E+3	8.706964E+0
1.106711E+3	8.433740E+0
1.106947E+3	8.297128E+0
1.107183E+3	8.138658E+0
1.107419E+3	8.100406E+0
1.107655E+3	7.909150E+0
1.107891E+3	7.909150E+0
1.108127E+3	1.632991E+1
1.108363E+3	1.299658E+1
1.108599E+3	1.166325E+1
1.108835E+3	1.199658E+1
1.109071E+3	1.566325E+1
1.109307E+3	2.032991E+1
1.109543E+3	1.232991E+1
1.109779E+3	1.066325E+1
1.110015E+3	6.329915E+0
1.110251E+3	9.663248E+0
1.110487E+3	3.329915E+0
1.110723E+3	-4.670085E+0
1.110959E+3	9.996581E+0
1.111195E+3	1.332991E+1
1.111431E+3	6.329915E+0
1.111667E+3	1.266325E+1
1.111903E+3	3.996581E+0
1.112139E+3	-2.670085E+0
1.112375E+3	8.329915E+0
1.112611E+3	9.329915E+0
1.112847E+3	1.032991E+1
1.113082E+3	1.732991E+1
1.113318E+3	1.032991E+1
1.113554E+3	1.266325E+1
1.113790E+3	3.329915E+0
1.114026E+3	-3.418803E-3
1.114262E+3	3.329915E+0
1.114497E+3	1.299658E+1
1.114733E+3	-2.003419E+0
1.114969E+3	8.663248E+0
