1.951292E+2	0.000000E+0
1.953960E+2	0.000000E+0
1.956629E+2	0.000000E+0
1.959298E+2	0.000000E+0
1.961966E+2	0.000000E+0
1.964635E+2	0.000000E+0
1.967303E+2	0.000000E+0
1.969972E+2	0.000000E+0
1.972640E+2	0.000000E+0
1.975308E+2	0.000000E+0
1.977977E+2	0.000000E+0
1.980645E+2	0.000000E+0
1.983313E+2	0.000000E+0
1.985981E+2	0.000000E+0
1.988649E+2	0.000000E+0
1.991316E+2	0.000000E+0
1.993984E+2	0.000000E+0
1.996652E+2	0.000000E+0
1.999320E+2	0.000000E+0
2.001987E+2	0.000000E+0
2.004655E+2	0.000000E+0
2.007322E+2	0.000000E+0
2.009989E+2	0.000000E+0
2.012657E+2	0.000000E+0
2.015324E+2	0.000000E+0
2.017991E+2	0.000000E+0
2.020658E+2	0.000000E+0
2.023325E+2	0.000000E+0
2.025992E+2	0.000000E+0
2.028659E+2	0.000000E+0
2.031326E+2	0.000000E+0
2.033992E+2	0.000000E+0
2.036659E+2	0.000000E+0
2.039325E+2	0.000000E+0
2.041992E+2	0.000000E+0
2.044658E+2	0.000000E+0
2.047325E+2	0.000000E+0
2.049991E+2	0.000000E+0
2.052657E+2	0.000000E+0
2.055323E+2	0.000000E+0
2.057989E+2	0.000000E+0
2.060655E+2	0.000000E+0
2.063321E+2	0.000000E+0
2.065987E+2	0.000000E+0
2.068653E+2	0.000000E+0
2.071319E+2	0.000000E+0
2.073984E+2	0.000000E+0
2.076650E+2	0.000000E+0
2.079315E+2	0.000000E+0
2.081981E+2	0.000000E+0
2.084646E+2	0.000000E+0
2.087311E+2	0.000000E+0
2.089977E+2	0.000000E+0
2.092642E+2	0.000000E+0
2.095307E+2	0.000000E+0
2.097972E+2	0.000000E+0
2.100637E+2	0.000000E+0
2.103302E+2	0.000000E+0
2.105966E+2	0.000000E+0
2.108631E+2	0.000000E+0
2.111296E+2	0.000000E+0
2.113960E+2	0.000000E+0
2.116625E+2	0.000000E+0
2.119289E+2	0.000000E+0
2.121954E+2	0.000000E+0
2.124618E+2	0.000000E+0
2.127282E+2	0.000000E+0
2.129946E+2	0.000000E+0
2.132610E+2	0.000000E+0
2.135274E+2	0.000000E+0
2.137938E+2	0.000000E+0
2.140602E+2	0.000000E+0
2.143266E+2	0.000000E+0
2.145930E+2	0.000000E+0
2.148593E+2	0.000000E+0
2.151257E+2	0.000000E+0
2.153920E+2	0.000000E+0
2.156584E+2	0.000000E+0
2.159247E+2	0.000000E+0
2.161910E+2	0.000000E+0
2.164574E+2	0.000000E+0
2.167237E+2	0.000000E+0
2.169900E+2	0.000000E+0
2.172563E+2	0.000000E+0
2.175226E+2	0.000000E+0
2.177889E+2	0.000000E+0
2.180551E+2	0.000000E+0
2.183214E+2	0.000000E+0
2.185877E+2	0.000000E+0
2.188539E+2	0.000000E+0
2.191202E+2	0.000000E+0
2.193864E+2	0.000000E+0
2.196527E+2	0.000000E+0
2.199189E+2	0.000000E+0
2.201851E+2	0.000000E+0
2.204513E+2	0.000000E+0
2.207175E+2	0.000000E+0
2.209837E+2	0.000000E+0
2.212499E+2	0.000000E+0
2.215161E+2	0.000000E+0
2.217823E+2	0.000000E+0
2.220485E+2	0.000000E+0
2.223146E+2	0.000000E+0
2.225808E+2	0.000000E+0
2.228469E+2	0.000000E+0
2.231131E+2	0.000000E+0
2.233792E+2	0.000000E+0
2.236453E+2	0.000000E+0
2.239115E+2	0.000000E+0
2.241776E+2	0.000000E+0
2.244437E+2	0.000000E+0
2.247098E+2	0.000000E+0
2.249759E+2	0.000000E+0
2.252420E+2	0.000000E+0
2.255080E+2	0.000000E+0
2.257741E+2	0.000000E+0
2.260402E+2	0.000000E+0
2.263062E+2	0.000000E+0
2.265723E+2	0.000000E+0
2.268383E+2	0.000000E+0
2.271044E+2	0.000000E+0
2.273704E+2	0.000000E+0
2.276364E+2	0.000000E+0
2.279024E+2	0.000000E+0
2.281684E+2	0.000000E+0
2.284344E+2	0.000000E+0
2.287004E+2	0.000000E+0
2.289664E+2	0.000000E+0
2.292324E+2	0.000000E+0
2.294984E+2	0.000000E+0
2.297643E+2	0.000000E+0
2.300303E+2	0.000000E+0
2.302962E+2	0.000000E+0
2.305622E+2	0.000000E+0
2.308281E+2	0.000000E+0
2.310940E+2	0.000000E+0
2.313599E+2	0.000000E+0
2.316259E+2	0.000000E+0
2.318918E+2	0.000000E+0
2.321577E+2	0.000000E+0
2.324236E+2	0.000000E+0
2.326894E+2	0.000000E+0
2.329553E+2	0.000000E+0
2.332212E+2	0.000000E+0
2.334871E+2	0.000000E+0
2.337529E+2	0.000000E+0
2.340188E+2	0.000000E+0
2.342846E+2	0.000000E+0
2.345504E+2	0.000000E+0
2.348163E+2	0.000000E+0
2.350821E+2	0.000000E+0
2.353479E+2	0.000000E+0
2.356137E+2	0.000000E+0
2.358795E+2	0.000000E+0
2.361453E+2	0.000000E+0
2.364111E+2	0.000000E+0
2.366769E+2	0.000000E+0
2.369426E+2	0.000000E+0
2.372084E+2	0.000000E+0
2.374741E+2	0.000000E+0
2.377399E+2	0.000000E+0
2.380056E+2	0.000000E+0
2.382714E+2	0.000000E+0
2.385371E+2	0.000000E+0
2.388028E+2	0.000000E+0
2.390685E+2	0.000000E+0
2.393342E+2	0.000000E+0
2.395999E+2	0.000000E+0
2.398656E+2	0.000000E+0
2.401313E+2	0.000000E+0
2.403970E+2	0.000000E+0
2.406626E+2	0.000000E+0
2.409283E+2	0.000000E+0
2.411940E+2	0.000000E+0
2.414596E+2	0.000000E+0
2.417252E+2	0.000000E+0
2.419909E+2	0.000000E+0
2.422565E+2	0.000000E+0
2.425221E+2	0.000000E+0
2.427877E+2	0.000000E+0
2.430533E+2	0.000000E+0
2.433189E+2	0.000000E+0
2.435845E+2	0.000000E+0
2.438501E+2	0.000000E+0
2.441157E+2	0.000000E+0
2.443812E+2	0.000000E+0
2.446468E+2	0.000000E+0
2.449124E+2	0.000000E+0
2.451779E+2	0.000000E+0
2.454434E+2	0.000000E+0
2.457090E+2	0.000000E+0
2.459745E+2	0.000000E+0
2.462400E+2	0.000000E+0
2.465055E+2	0.000000E+0
2.467710E+2	0.000000E+0
2.470365E+2	0.000000E+0
2.473020E+2	0.000000E+0
2.475675E+2	0.000000E+0
2.478330E+2	0.000000E+0
2.480984E+2	0.000000E+0
2.483639E+2	0.000000E+0
2.486294E+2	0.000000E+0
2.488948E+2	0.000000E+0
2.491602E+2	0.000000E+0
2.494257E+2	0.000000E+0
2.496911E+2	0.000000E+0
2.499565E+2	0.000000E+0
2.502219E+2	8.611714E+0
2.504873E+2	8.496960E+0
2.507527E+2	7.939582E+0
2.510181E+2	7.813899E+0
2.512835E+2	8.223735E+0
2.515489E+2	8.098052E+0
2.518142E+2	7.923189E+0
2.520796E+2	8.169091E+0
2.523449E+2	8.529746E+0
2.526103E+2	8.371276E+0
2.528756E+2	8.316632E+0
2.531409E+2	7.841222E+0
2.534063E+2	7.710074E+0
2.536716E+2	8.578927E+0
2.539369E+2	8.649965E+0
2.542022E+2	9.218271E+0
2.544675E+2	9.021550E+0
2.547328E+2	9.343954E+0
2.549980E+2	9.453244E+0
2.552633E+2	9.180020E+0
2.555286E+2	8.721003E+0
2.557938E+2	8.753790E+0
2.560591E+2	9.475102E+0
2.563243E+2	9.710074E+0
2.565896E+2	9.874009E+0
2.568548E+2	1.005980E+1
2.571200E+2	1.007073E+1
2.573852E+2	1.030570E+1
2.576504E+2	1.036035E+1
2.579156E+2	1.018002E+1
2.581808E+2	1.033849E+1
2.584460E+2	1.028384E+1
2.587112E+2	1.009805E+1
2.589763E+2	1.014177E+1
2.592415E+2	9.939582E+0
2.595067E+2	9.999692E+0
2.597718E+2	9.693681E+0
2.600369E+2	9.879473E+0
2.603021E+2	9.857615E+0
2.605672E+2	1.008712E+1
2.608323E+2	1.015816E+1
2.610974E+2	9.939582E+0
2.613625E+2	9.928653E+0
2.616276E+2	1.004887E+1
2.618927E+2	9.983298E+0
2.621578E+2	9.671823E+0
2.624229E+2	9.562533E+0
2.626880E+2	1.025106E+1
2.629530E+2	1.051882E+1
2.632181E+2	1.024013E+1
2.634831E+2	9.890402E+0
2.637482E+2	9.934118E+0
2.640132E+2	1.015816E+1
2.642782E+2	1.012537E+1
2.645432E+2	9.950511E+0
2.648082E+2	9.939582E+0
2.650732E+2	9.704610E+0
2.653382E+2	9.633572E+0
2.656032E+2	9.458708E+0
2.658682E+2	9.704610E+0
2.661332E+2	9.846686E+0
2.663981E+2	1.001609E+1
2.666631E+2	9.955976E+0
2.669281E+2	9.988763E+0
2.671930E+2	9.879473E+0
2.674579E+2	9.283845E+0
2.677229E+2	9.628107E+0
2.679878E+2	9.775648E+0
2.682527E+2	9.551604E+0
2.685176E+2	8.693681E+0
2.687825E+2	8.551604E+0
2.690474E+2	8.535211E+0
2.693123E+2	8.480566E+0
2.695772E+2	8.540675E+0
2.698420E+2	7.895867E+0
2.701069E+2	7.797506E+0
2.703718E+2	7.786577E+0
2.706366E+2	7.693681E+0
2.709014E+2	7.458708E+0
2.711663E+2	7.311167E+0
2.714311E+2	7.480566E+0
2.716959E+2	7.781113E+0
2.719607E+2	7.611714E+0
2.722255E+2	7.245593E+0
2.724903E+2	7.021550E+0
2.727551E+2	7.114446E+0
2.730199E+2	7.261987E+0
2.732847E+2	7.398599E+0
2.735495E+2	7.223735E+0
2.738142E+2	7.027014E+0
2.740790E+2	7.338490E+0
2.743437E+2	7.185484E+0
2.746085E+2	7.360347E+0
2.748732E+2	7.414992E+0
2.751379E+2	7.338490E+0
2.754026E+2	7.589856E+0
2.756674E+2	7.398599E+0
2.759321E+2	7.496960E+0
2.761968E+2	7.245593E+0
2.764614E+2	7.327561E+0
2.767261E+2	7.261987E+0
2.769908E+2	7.081659E+0
2.772555E+2	6.901331E+0
2.775201E+2	6.857615E+0
2.777848E+2	6.994227E+0
2.780494E+2	7.240129E+0
2.783141E+2	7.414992E+0
2.785787E+2	7.633572E+0
2.788433E+2	7.223735E+0
2.791079E+2	6.507888E+0
2.793725E+2	6.092588E+0
2.796371E+2	6.240129E+0
2.799017E+2	5.868544E+0
2.801663E+2	5.420457E+0
2.804309E+2	5.234664E+0
2.806955E+2	5.245593E+0
2.809600E+2	5.005156E+0
2.812246E+2	5.316632E+0
2.814891E+2	5.141768E+0
2.817537E+2	5.054337E+0
2.820182E+2	4.726468E+0
2.822827E+2	4.535211E+0
2.825473E+2	4.573462E+0
2.828118E+2	4.327561E+0
2.830763E+2	4.283845E+0
2.833408E+2	3.988763E+0
2.836053E+2	4.125375E+0
2.838697E+2	3.874009E+0
2.841342E+2	3.469637E+0
2.843987E+2	3.502424E+0
2.846632E+2	3.966905E+0
2.849276E+2	4.327561E+0
2.851921E+2	4.595320E+0
2.854565E+2	4.644500E+0
2.857209E+2	4.404063E+0
2.859853E+2	4.289309E+0
2.862498E+2	4.163626E+0
2.865142E+2	3.704610E+0
2.867786E+2	4.141768E+0
2.870430E+2	4.240129E+0
2.873074E+2	4.032479E+0
2.875717E+2	3.802970E+0
2.878361E+2	3.622643E+0
2.881005E+2	3.442315E+0
2.883648E+2	3.414992E+0
2.886292E+2	3.218271E+0
2.888935E+2	3.611714E+0
2.891579E+2	3.540675E+0
2.894222E+2	3.414992E+0
2.896865E+2	3.726468E+0
2.899508E+2	3.928653E+0
2.902151E+2	3.802970E+0
2.904794E+2	3.939582E+0
2.907437E+2	4.256522E+0
2.910080E+2	4.343954E+0
2.912723E+2	4.524282E+0
2.915366E+2	4.710074E+0
2.918008E+2	4.939582E+0
2.920651E+2	5.021550E+0
2.923293E+2	5.251058E+0
2.925936E+2	5.169091E+0
2.928578E+2	5.169091E+0
2.931220E+2	5.081659E+0
2.933863E+2	4.868544E+0
2.936505E+2	4.917725E+0
2.939147E+2	4.813899E+0
2.941789E+2	4.567998E+0
2.944431E+2	4.546140E+0
2.947072E+2	4.715539E+0
2.949714E+2	4.753790E+0
2.952356E+2	5.087123E+0
2.954997E+2	5.496960E+0
2.957639E+2	5.245593E+0
2.960280E+2	5.677287E+0
2.962922E+2	5.852151E+0
2.965563E+2	5.693681E+0
2.968204E+2	5.256522E+0
2.970845E+2	5.076194E+0
2.973486E+2	4.786577E+0
2.976127E+2	4.797506E+0
2.978768E+2	5.114446E+0
2.981409E+2	5.354883E+0
2.984050E+2	5.076194E+0
2.986691E+2	5.185484E+0
2.989331E+2	5.524282E+0
2.991972E+2	5.688216E+0
2.994612E+2	5.906796E+0
2.997253E+2	5.928653E+0
2.999893E+2	6.185484E+0
3.002534E+2	6.507888E+0
3.005174E+2	6.496960E+0
3.007814E+2	6.289309E+0
3.010454E+2	6.092588E+0
3.013094E+2	5.781113E+0
3.015734E+2	5.950511E+0
3.018374E+2	6.300238E+0
3.021013E+2	6.464173E+0
3.023653E+2	6.682752E+0
3.026293E+2	6.464173E+0
3.028932E+2	6.169091E+0
3.031572E+2	6.278380E+0
3.034211E+2	6.327561E+0
3.036850E+2	6.453244E+0
3.039489E+2	6.841222E+0
3.042129E+2	7.087123E+0
3.044768E+2	7.158162E+0
3.047407E+2	7.251058E+0
3.050046E+2	6.950511E+0
3.052685E+2	6.901331E+0
3.055323E+2	7.070730E+0
3.057962E+2	6.742861E+0
3.060601E+2	6.917725E+0
3.063239E+2	6.901331E+0
3.065878E+2	7.119910E+0
3.068516E+2	6.879473E+0
3.071155E+2	6.966905E+0
3.073793E+2	6.955976E+0
3.076431E+2	6.595320E+0
3.079069E+2	6.540675E+0
3.081707E+2	6.923189E+0
3.084345E+2	7.070730E+0
3.086983E+2	7.076194E+0
3.089621E+2	7.251058E+0
3.092259E+2	7.267451E+0
3.094896E+2	7.644500E+0
3.097534E+2	7.600785E+0
3.100171E+2	7.578927E+0
3.102809E+2	7.190949E+0
3.105446E+2	7.513353E+0
3.108084E+2	7.540675E+0
3.110721E+2	7.934118E+0
3.113358E+2	8.130839E+0
3.115995E+2	8.141768E+0
3.118632E+2	8.108981E+0
3.121269E+2	8.119910E+0
3.123906E+2	8.130839E+0
3.126543E+2	8.240129E+0
3.129179E+2	8.354883E+0
3.131816E+2	8.611714E+0
3.134453E+2	8.802970E+0
3.137089E+2	8.874009E+0
3.139725E+2	8.715539E+0
3.142362E+2	8.606249E+0
3.144998E+2	8.710074E+0
3.147634E+2	8.475102E+0
3.150270E+2	8.551604E+0
3.152906E+2	8.529746E+0
3.155542E+2	8.731932E+0
3.158178E+2	8.835757E+0
3.160814E+2	8.688216E+0
3.163450E+2	8.671823E+0
3.166086E+2	9.147233E+0
3.168721E+2	9.649965E+0
3.171357E+2	9.770184E+0
3.173992E+2	9.917725E+0
3.176627E+2	9.786577E+0
3.179263E+2	9.802970E+0
3.181898E+2	9.852151E+0
3.184533E+2	9.802970E+0
3.187168E+2	1.066636E+1
3.189803E+2	1.060625E+1
3.192438E+2	1.033849E+1
3.195073E+2	1.071007E+1
3.197708E+2	1.120734E+1
3.200342E+2	1.104887E+1
3.202977E+2	1.132210E+1
3.205612E+2	1.150242E+1
3.208246E+2	1.213630E+1
3.210881E+2	1.244231E+1
3.213515E+2	1.272647E+1
3.216149E+2	1.274286E+1
3.218783E+2	1.300516E+1
3.221417E+2	1.308166E+1
3.224051E+2	1.316909E+1
3.226685E+2	1.302155E+1
3.229319E+2	1.301062E+1
3.231953E+2	1.271007E+1
3.234587E+2	1.261718E+1
3.237221E+2	1.254068E+1
3.239854E+2	1.275379E+1
3.242488E+2	1.239313E+1
3.245121E+2	1.186308E+1
3.247754E+2	1.173740E+1
3.250388E+2	1.184122E+1
3.253021E+2	1.215816E+1
3.255654E+2	1.220188E+1
3.258287E+2	1.265543E+1
3.260920E+2	1.281936E+1
3.263553E+2	1.341499E+1
3.266186E+2	1.307073E+1
3.268819E+2	1.300516E+1
3.271451E+2	1.278111E+1
3.274084E+2	1.270461E+1
3.276717E+2	1.307073E+1
3.279349E+2	1.346964E+1
3.281981E+2	1.328931E+1
3.284614E+2	1.354068E+1
3.287246E+2	1.371554E+1
3.289878E+2	1.410898E+1
3.292510E+2	1.430024E+1
3.295142E+2	1.472647E+1
3.297774E+2	1.501609E+1
3.300406E+2	1.522374E+1
3.303038E+2	1.526745E+1
3.305670E+2	1.560625E+1
3.308301E+2	1.599423E+1
3.310933E+2	1.595598E+1
3.313564E+2	1.580843E+1
3.316196E+2	1.577018E+1
3.318827E+2	1.587947E+1
3.321458E+2	1.610352E+1
3.324089E+2	1.642046E+1
3.326721E+2	1.625106E+1
3.329352E+2	1.598876E+1
3.331983E+2	1.575925E+1
3.334614E+2	1.620734E+1
3.337244E+2	1.658986E+1
3.339875E+2	1.661171E+1
3.342506E+2	1.686854E+1
3.345136E+2	1.720734E+1
3.347767E+2	1.674833E+1
3.350397E+2	1.678658E+1
3.353028E+2	1.721281E+1
3.355658E+2	1.698876E+1
3.358288E+2	1.695051E+1
3.360918E+2	1.703794E+1
3.363548E+2	1.698876E+1
3.366178E+2	1.693958E+1
3.368808E+2	1.667729E+1
3.371438E+2	1.643685E+1
3.374068E+2	1.623466E+1
3.376698E+2	1.646417E+1
3.379327E+2	1.662264E+1
3.381957E+2	1.649150E+1
3.384586E+2	1.636581E+1
3.387216E+2	1.668275E+1
3.389845E+2	1.672647E+1
3.392474E+2	1.724013E+1
3.395103E+2	1.735488E+1
3.397733E+2	1.762264E+1
3.400362E+2	1.748057E+1
3.402990E+2	1.758439E+1
3.405619E+2	1.827292E+1
3.408248E+2	1.873740E+1
3.410877E+2	1.871007E+1
3.413506E+2	1.892319E+1
3.416134E+2	1.878658E+1
3.418763E+2	1.862811E+1
3.421391E+2	1.873193E+1
3.424019E+2	1.878111E+1
3.426648E+2	1.915816E+1
3.429276E+2	2.002155E+1
3.431904E+2	2.064450E+1
3.434532E+2	2.105980E+1
3.437160E+2	2.107619E+1
3.439788E+2	2.115816E+1
3.442416E+2	2.132756E+1
3.445043E+2	2.144778E+1
3.447671E+2	2.155160E+1
3.450299E+2	2.176472E+1
3.452926E+2	2.180297E+1
3.455554E+2	2.169915E+1
3.458181E+2	2.177565E+1
3.460808E+2	2.192319E+1
3.463436E+2	2.276472E+1
3.466063E+2	2.306527E+1
3.468690E+2	2.302701E+1
3.471317E+2	2.311991E+1
3.473944E+2	2.385762E+1
3.476570E+2	2.447510E+1
3.479197E+2	2.493412E+1
3.481824E+2	2.504887E+1
3.484451E+2	2.534395E+1
3.487077E+2	2.584669E+1
3.489704E+2	2.628384E+1
3.492330E+2	2.707619E+1
3.494956E+2	2.733303E+1
3.497582E+2	2.787947E+1
3.500209E+2	2.831663E+1
3.502835E+2	2.892865E+1
3.505461E+2	2.928931E+1
3.508087E+2	3.019095E+1
3.510713E+2	3.075925E+1
3.513338E+2	3.093412E+1
3.515964E+2	3.182483E+1
3.518590E+2	3.219095E+1
3.521215E+2	3.255160E+1
3.523841E+2	3.277018E+1
3.526466E+2	3.364996E+1
3.529091E+2	3.456800E+1
3.531717E+2	3.534942E+1
3.534342E+2	3.673740E+1
3.536967E+2	3.735488E+1
3.539592E+2	3.807073E+1
3.542217E+2	3.879751E+1
3.544842E+2	3.996144E+1
3.547467E+2	4.033303E+1
3.550091E+2	4.154614E+1
3.552716E+2	4.260078E+1
3.555341E+2	4.389040E+1
3.557965E+2	4.500516E+1
3.560590E+2	4.650789E+1
3.563214E+2	4.805434E+1
3.565838E+2	4.884669E+1
3.568462E+2	4.975379E+1
3.571086E+2	5.083576E+1
3.573711E+2	5.205980E+1
3.576335E+2	5.350789E+1
3.578958E+2	5.444231E+1
3.581582E+2	5.509259E+1
3.584206E+2	5.611445E+1
3.586830E+2	5.741499E+1
3.589453E+2	5.787401E+1
3.592077E+2	5.867729E+1
3.594700E+2	5.989587E+1
3.597324E+2	6.086854E+1
3.599947E+2	6.198330E+1
3.602570E+2	6.355160E+1
3.605193E+2	6.475925E+1
3.607816E+2	6.633849E+1
3.610439E+2	6.805980E+1
3.613062E+2	6.968275E+1
3.615685E+2	7.065543E+1
3.618308E+2	7.198330E+1
3.620930E+2	7.321281E+1
3.623553E+2	7.409805E+1
3.626176E+2	7.552975E+1
3.628798E+2	7.748603E+1
3.631420E+2	7.890680E+1
3.634043E+2	8.004887E+1
3.636665E+2	8.160625E+1
3.639287E+2	8.322920E+1
3.641909E+2	8.477018E+1
3.644531E+2	8.633303E+1
3.647153E+2	8.768822E+1
3.649775E+2	8.914723E+1
3.652397E+2	9.122374E+1
3.655018E+2	9.280843E+1
3.657640E+2	9.426745E+1
3.660262E+2	9.574833E+1
3.662883E+2	9.711445E+1
3.665505E+2	9.861718E+1
3.668126E+2	9.964996E+1
3.670747E+2	1.012675E+2
3.673368E+2	1.030871E+2
3.675989E+2	1.046609E+2
3.678610E+2	1.064095E+2
3.681231E+2	1.084369E+2
3.683852E+2	1.107483E+2
3.686473E+2	1.125134E+2
3.689094E+2	1.142401E+2
3.691714E+2	1.160325E+2
3.694335E+2	1.171691E+2
3.696955E+2	1.189123E+2
3.699576E+2	1.209505E+2
3.702196E+2	1.229505E+2
3.704816E+2	1.248631E+2
3.707437E+2	1.270543E+2
3.710057E+2	1.286390E+2
3.712677E+2	1.303385E+2
3.715297E+2	1.316062E+2
3.717917E+2	1.331691E+2
3.720536E+2	1.347374E+2
3.723156E+2	1.363494E+2
3.725776E+2	1.384369E+2
3.728395E+2	1.407811E+2
3.731015E+2	1.427593E+2
3.733634E+2	1.449724E+2
3.736254E+2	1.466500E+2
3.738873E+2	1.487702E+2
3.741492E+2	1.512565E+2
3.744111E+2	1.535407E+2
3.746730E+2	1.554642E+2
3.749349E+2	1.581090E+2
3.751968E+2	1.601691E+2
3.754587E+2	1.622401E+2
3.757206E+2	1.643822E+2
3.759824E+2	1.663767E+2
3.762443E+2	1.683112E+2
3.765061E+2	1.707046E+2
3.767680E+2	1.728522E+2
3.770298E+2	1.748030E+2
3.772916E+2	1.767155E+2
3.775535E+2	1.791746E+2
3.778153E+2	1.815516E+2
3.780771E+2	1.840871E+2
3.783389E+2	1.869013E+2
3.786007E+2	1.893330E+2
3.788624E+2	1.912019E+2
3.791242E+2	1.940106E+2
3.793860E+2	1.971199E+2
3.796477E+2	1.994369E+2
3.799095E+2	2.016773E+2
3.801712E+2	2.046336E+2
3.804330E+2	2.073931E+2
3.806947E+2	2.102401E+2
3.809564E+2	2.133767E+2
3.812181E+2	2.154369E+2
3.814798E+2	2.178358E+2
3.817415E+2	2.208576E+2
3.820032E+2	2.242675E+2
3.822649E+2	2.267210E+2
3.825266E+2	2.296336E+2
3.827883E+2	2.330106E+2
3.830499E+2	2.357593E+2
3.833116E+2	2.383877E+2
3.835732E+2	2.414696E+2
3.838348E+2	2.445461E+2
3.840965E+2	2.474369E+2
3.843581E+2	2.504150E+2
3.846197E+2	2.530052E+2
3.848813E+2	2.560215E+2
3.851429E+2	2.588576E+2
3.854045E+2	2.619833E+2
3.856661E+2	2.652729E+2
3.859277E+2	2.684150E+2
3.861892E+2	2.713112E+2
3.864508E+2	2.739232E+2
3.867124E+2	2.769177E+2
3.869739E+2	2.800052E+2
3.872354E+2	2.836937E+2
3.874970E+2	2.878139E+2
3.877585E+2	2.916609E+2
3.880200E+2	2.949396E+2
3.882815E+2	2.986281E+2
3.885430E+2	3.017483E+2
3.888045E+2	3.047265E+2
3.890660E+2	3.081855E+2
3.893275E+2	3.110379E+2
3.895889E+2	3.148522E+2
3.898504E+2	3.181418E+2
3.901118E+2	3.216882E+2
3.903733E+2	3.254041E+2
3.906347E+2	3.289287E+2
3.908962E+2	3.322019E+2
3.911576E+2	3.358030E+2
3.914190E+2	3.392948E+2
3.916804E+2	3.431909E+2
3.919418E+2	3.470215E+2
3.922032E+2	3.510161E+2
3.924646E+2	3.543658E+2
3.927260E+2	3.578795E+2
3.929873E+2	3.613221E+2
3.932487E+2	3.651909E+2
3.935100E+2	3.689505E+2
3.937714E+2	3.729997E+2
3.940327E+2	3.767811E+2
3.942941E+2	3.798467E+2
3.945554E+2	3.837319E+2
3.948167E+2	3.880871E+2
3.950780E+2	3.922729E+2
3.953393E+2	3.961418E+2
3.956006E+2	4.000598E+2
3.958619E+2	4.042729E+2
3.961232E+2	4.079778E+2
3.963844E+2	4.116609E+2
3.966457E+2	4.157702E+2
3.969069E+2	4.197101E+2
3.971682E+2	4.240871E+2
3.974294E+2	4.284314E+2
3.976907E+2	4.326500E+2
3.979519E+2	4.362838E+2
3.982131E+2	4.408576E+2
3.984743E+2	4.452401E+2
3.987355E+2	4.494369E+2
3.989967E+2	4.542456E+2
3.992579E+2	4.586117E+2
3.995191E+2	4.627374E+2
3.997802E+2	4.668849E+2
4.000414E+2	4.710817E+2
4.003025E+2	4.753713E+2
4.005637E+2	4.798248E+2
4.008248E+2	4.843112E+2
4.010860E+2	4.890598E+2
4.013471E+2	4.939778E+2
4.016082E+2	4.981582E+2
4.018693E+2	5.026008E+2
4.021304E+2	5.077210E+2
4.023915E+2	5.131308E+2
4.026526E+2	5.182784E+2
4.029137E+2	5.234642E+2
4.031747E+2	5.282893E+2
4.034358E+2	5.333330E+2
4.036968E+2	5.380270E+2
4.039579E+2	5.429724E+2
4.042189E+2	5.479396E+2
4.044800E+2	5.534696E+2
4.047410E+2	5.586773E+2
4.050020E+2	5.641582E+2
4.052630E+2	5.694970E+2
4.055240E+2	5.749942E+2
4.057850E+2	5.807319E+2
4.060460E+2	5.862183E+2
4.063070E+2	5.911691E+2
4.065679E+2	5.963166E+2
4.068289E+2	6.013440E+2
4.070898E+2	6.066773E+2
4.073508E+2	6.116062E+2
4.076117E+2	6.168631E+2
4.078727E+2	6.225516E+2
4.081336E+2	6.281800E+2
4.083945E+2	6.339724E+2
4.086554E+2	6.399833E+2
4.089163E+2	6.459614E+2
4.091772E+2	6.517101E+2
4.094381E+2	6.574860E+2
4.096990E+2	6.637538E+2
4.099598E+2	6.699177E+2
4.102207E+2	6.764314E+2
4.104815E+2	6.826062E+2
4.107424E+2	6.880926E+2
4.110032E+2	6.933276E+2
4.112640E+2	6.985844E+2
4.115249E+2	7.045625E+2
4.117857E+2	7.105461E+2
4.120465E+2	7.165352E+2
4.123073E+2	7.224915E+2
4.125681E+2	7.288849E+2
4.128289E+2	7.348740E+2
4.130896E+2	7.412237E+2
4.133504E+2	7.471363E+2
4.136112E+2	7.533002E+2
4.138719E+2	7.598795E+2
4.141327E+2	7.661254E+2
4.143934E+2	7.720379E+2
4.146541E+2	7.781691E+2
4.149149E+2	7.841035E+2
4.151756E+2	7.906281E+2
4.154363E+2	7.968467E+2
4.156970E+2	8.030489E+2
4.159577E+2	8.102565E+2
4.162184E+2	8.169614E+2
4.164790E+2	8.236718E+2
4.167397E+2	8.299068E+2
4.170004E+2	8.360489E+2
4.172610E+2	8.423057E+2
4.175217E+2	8.490707E+2
4.177823E+2	8.556882E+2
4.180429E+2	8.623658E+2
4.183035E+2	8.691199E+2
4.185642E+2	8.754642E+2
4.188248E+2	8.818631E+2
4.190854E+2	8.884205E+2
4.193459E+2	8.948412E+2
4.196065E+2	9.023494E+2
4.198671E+2	9.088631E+2
4.201277E+2	9.155516E+2
4.203882E+2	9.222511E+2
4.206488E+2	9.291691E+2
4.209093E+2	9.357920E+2
4.211699E+2	9.423221E+2
4.214304E+2	9.486882E+2
4.216909E+2	9.552729E+2
4.219514E+2	9.618685E+2
4.222119E+2	9.687210E+2
4.224724E+2	9.761144E+2
4.227329E+2	9.830707E+2
4.229934E+2	9.901035E+2
4.232539E+2	9.980106E+2
4.235143E+2	1.006147E+3
4.237748E+2	1.013065E+3
4.240352E+2	1.020349E+3
4.242957E+2	1.027994E+3
4.245561E+2	1.035841E+3
4.248166E+2	1.043038E+3
4.250770E+2	1.050825E+3
4.253374E+2	1.058912E+3
4.255978E+2	1.066956E+3
4.258582E+2	1.074918E+3
4.261186E+2	1.082683E+3
4.263790E+2	1.090628E+3
4.266393E+2	1.099464E+3
4.268997E+2	1.107814E+3
4.271600E+2	1.116726E+3
4.274204E+2	1.124836E+3
4.276807E+2	1.133032E+3
4.279411E+2	1.141317E+3
4.282014E+2	1.149710E+3
4.284617E+2	1.157759E+3
4.287220E+2	1.166972E+3
4.289823E+2	1.175573E+3
4.292426E+2	1.184776E+3
4.295029E+2	1.193360E+3
4.297632E+2	1.202213E+3
4.300235E+2	1.210628E+3
4.302837E+2	1.219912E+3
4.305440E+2	1.228907E+3
4.308042E+2	1.238142E+3
4.310645E+2	1.247732E+3
4.313247E+2	1.256994E+3
4.315849E+2	1.265907E+3
4.318451E+2	1.274743E+3
4.321054E+2	1.283972E+3
4.323656E+2	1.293054E+3
4.326258E+2	1.302420E+3
4.328859E+2	1.311491E+3
4.331461E+2	1.320710E+3
4.334063E+2	1.330196E+3
4.336665E+2	1.339076E+3
4.339266E+2	1.348038E+3
4.341868E+2	1.356426E+3
4.344469E+2	1.364934E+3
4.347070E+2	1.373956E+3
4.349671E+2	1.382994E+3
4.352273E+2	1.392568E+3
4.354874E+2	1.401164E+3
4.357475E+2	1.410448E+3
4.360076E+2	1.419043E+3
4.362677E+2	1.428825E+3
4.365277E+2	1.438377E+3
4.367878E+2	1.448262E+3
4.370479E+2	1.457420E+3
4.373079E+2	1.466683E+3
4.375680E+2	1.476142E+3
4.378280E+2	1.486153E+3
4.380880E+2	1.495989E+3
4.383480E+2	1.505617E+3
4.386081E+2	1.515677E+3
4.388681E+2	1.525410E+3
4.391281E+2	1.534065E+3
4.393881E+2	1.542393E+3
4.396480E+2	1.552486E+3
4.399080E+2	1.561825E+3
4.401680E+2	1.571022E+3
4.404279E+2	1.579803E+3
4.406879E+2	1.588983E+3
4.409478E+2	1.597907E+3
4.412078E+2	1.606666E+3
4.414677E+2	1.614765E+3
4.417276E+2	1.622710E+3
4.419875E+2	1.632071E+3
4.422474E+2	1.640426E+3
4.425073E+2	1.649388E+3
4.427672E+2	1.659191E+3
4.430271E+2	1.668349E+3
4.432870E+2	1.677497E+3
4.435469E+2	1.686224E+3
4.438067E+2	1.695366E+3
4.440666E+2	1.704940E+3
4.443264E+2	1.713798E+3
4.445862E+2	1.721573E+3
4.448461E+2	1.730202E+3
4.451059E+2	1.739235E+3
4.453657E+2	1.748470E+3
4.456255E+2	1.756655E+3
4.458853E+2	1.766060E+3
4.461451E+2	1.774273E+3
4.464049E+2	1.783410E+3
4.466646E+2	1.792120E+3
4.469244E+2	1.801164E+3
4.471842E+2	1.809858E+3
4.474439E+2	1.819437E+3
4.477036E+2	1.829213E+3
4.479634E+2	1.838213E+3
4.482231E+2	1.848005E+3
4.484828E+2	1.857344E+3
4.487425E+2	1.867945E+3
4.490022E+2	1.878082E+3
4.492619E+2	1.887262E+3
4.495216E+2	1.896486E+3
4.497813E+2	1.906207E+3
4.500410E+2	1.916792E+3
4.503006E+2	1.927792E+3
4.505603E+2	1.938655E+3
4.508199E+2	1.948655E+3
4.510796E+2	1.958246E+3
4.513392E+2	1.968716E+3
4.515988E+2	1.978951E+3
4.518584E+2	1.990295E+3
4.521180E+2	2.000251E+3
4.523776E+2	2.010863E+3
4.526372E+2	2.020721E+3
4.528968E+2	2.031961E+3
4.531564E+2	2.043699E+3
4.534160E+2	2.055235E+3
4.536755E+2	2.066907E+3
4.539351E+2	2.079153E+3
4.541946E+2	2.089754E+3
4.544541E+2	2.100699E+3
4.547137E+2	2.112202E+3
4.549732E+2	2.124612E+3
4.552327E+2	2.136874E+3
4.554922E+2	2.148672E+3
4.557517E+2	2.160563E+3
4.560112E+2	2.173896E+3
4.562707E+2	2.187158E+3
4.565302E+2	2.200273E+3
4.567896E+2	2.214601E+3
4.570491E+2	2.228388E+3
4.573085E+2	2.241595E+3
4.575680E+2	2.255923E+3
4.578274E+2	2.269546E+3
4.580868E+2	2.283470E+3
4.583463E+2	2.296819E+3
4.586057E+2	2.309191E+3
4.588651E+2	2.323022E+3
4.591245E+2	2.336983E+3
4.593838E+2	2.351956E+3
4.596432E+2	2.366552E+3
4.599026E+2	2.381448E+3
4.601620E+2	2.396808E+3
4.604213E+2	2.413306E+3
4.606807E+2	2.428710E+3
4.609400E+2	2.444617E+3
4.611993E+2	2.460803E+3
4.614587E+2	2.477792E+3
4.617180E+2	2.495016E+3
4.619773E+2	2.512267E+3
4.622366E+2	2.529207E+3
4.624959E+2	2.547732E+3
4.627552E+2	2.564366E+3
4.630144E+2	2.582650E+3
4.632737E+2	2.601781E+3
4.635330E+2	2.619524E+3
4.637922E+2	2.638683E+3
4.640515E+2	2.658338E+3
4.643107E+2	2.676781E+3
4.645699E+2	2.694792E+3
4.648292E+2	2.714404E+3
4.650884E+2	2.735109E+3
4.653476E+2	2.756606E+3
4.656068E+2	2.777803E+3
4.658660E+2	2.798983E+3
4.661251E+2	2.820502E+3
4.663843E+2	2.840961E+3
4.666435E+2	2.863705E+3
4.669026E+2	2.887082E+3
4.671618E+2	2.909284E+3
4.674209E+2	2.933557E+3
4.676801E+2	2.957185E+3
4.679392E+2	2.980978E+3
4.681983E+2	3.005448E+3
4.684574E+2	3.030453E+3
4.687165E+2	3.056229E+3
4.689756E+2	3.080573E+3
4.692347E+2	3.106125E+3
4.694938E+2	3.131109E+3
4.697529E+2	3.156109E+3
4.700119E+2	3.184459E+3
4.702710E+2	3.212147E+3
4.705300E+2	3.240251E+3
4.707891E+2	3.268054E+3
4.710481E+2	3.296929E+3
4.713071E+2	3.326284E+3
4.715661E+2	3.356573E+3
4.718252E+2	3.385874E+3
4.720842E+2	3.416513E+3
4.723431E+2	3.447601E+3
4.726021E+2	3.477792E+3
4.728611E+2	3.509360E+3
4.731201E+2	3.542934E+3
4.733790E+2	3.576721E+3
4.736380E+2	3.609328E+3
4.738969E+2	3.644322E+3
4.741559E+2	3.678273E+3
4.744148E+2	3.712552E+3
4.746737E+2	3.747677E+3
4.749326E+2	3.783983E+3
4.751915E+2	3.819338E+3
4.754504E+2	3.855573E+3
4.757093E+2	3.892257E+3
4.759682E+2	3.928464E+3
4.762271E+2	3.965175E+3
4.764859E+2	4.002573E+3
4.767448E+2	4.039721E+3
4.770037E+2	4.076879E+3
4.772625E+2	4.114535E+3
4.775213E+2	4.151338E+3
4.777802E+2	4.190595E+3
4.780390E+2	4.228546E+3
4.782978E+2	4.265961E+3
4.785566E+2	4.305164E+3
4.788154E+2	4.344524E+3
4.790742E+2	4.383349E+3
4.793329E+2	4.421858E+3
4.795917E+2	4.461956E+3
4.798505E+2	4.500382E+3
4.801092E+2	4.541000E+3
4.803680E+2	4.581677E+3
4.806267E+2	4.620590E+3
4.808854E+2	4.660546E+3
4.811442E+2	4.699972E+3
4.814029E+2	4.740278E+3
4.816616E+2	4.780634E+3
4.819203E+2	4.820978E+3
4.821790E+2	4.862983E+3
4.824377E+2	4.903185E+3
4.826963E+2	4.943191E+3
4.829550E+2	4.984016E+3
4.832137E+2	5.024808E+3
4.834723E+2	5.065043E+3
4.837310E+2	5.105967E+3
4.839896E+2	5.145284E+3
4.842482E+2	5.186847E+3
4.845068E+2	5.226672E+3
4.847655E+2	5.266819E+3
4.850241E+2	5.306912E+3
4.852827E+2	5.345475E+3
4.855412E+2	5.385393E+3
4.857998E+2	5.423934E+3
4.860584E+2	5.462798E+3
4.863170E+2	5.500530E+3
4.865755E+2	5.540847E+3
4.868341E+2	5.578071E+3
4.870926E+2	5.614382E+3
4.873511E+2	5.650360E+3
4.876097E+2	5.687945E+3
4.878682E+2	5.724147E+3
4.881267E+2	5.760415E+3
4.883852E+2	5.797027E+3
4.886437E+2	5.833328E+3
4.889022E+2	5.867093E+3
4.891606E+2	5.901491E+3
4.894191E+2	5.936803E+3
4.896776E+2	5.970317E+3
4.899360E+2	6.006349E+3
4.901945E+2	6.041836E+3
4.904529E+2	6.075765E+3
4.907113E+2	6.108546E+3
4.909697E+2	6.142251E+3
4.912282E+2	6.174584E+3
4.914866E+2	6.206087E+3
4.917450E+2	6.237677E+3
4.920034E+2	6.268754E+3
4.922617E+2	6.300071E+3
4.925201E+2	6.330830E+3
4.927785E+2	6.360819E+3
4.930368E+2	6.390672E+3
4.932952E+2	6.421147E+3
4.935535E+2	6.450994E+3
4.938118E+2	6.480584E+3
4.940702E+2	6.509579E+3
4.943285E+2	6.539131E+3
4.945868E+2	6.567475E+3
4.948451E+2	6.595114E+3
4.951034E+2	6.624038E+3
4.953617E+2	6.649136E+3
4.956200E+2	6.675579E+3
4.958782E+2	6.701945E+3
4.961365E+2	6.729207E+3
4.963947E+2	6.755677E+3
4.966530E+2	6.781196E+3
4.969112E+2	6.807180E+3
4.971694E+2	6.831470E+3
4.974277E+2	6.855743E+3
4.976859E+2	6.880563E+3
4.979441E+2	6.904912E+3
4.982023E+2	6.928896E+3
4.984605E+2	6.951907E+3
4.987187E+2	6.975065E+3
4.989768E+2	6.996655E+3
4.992350E+2	7.019852E+3
4.994931E+2	7.042005E+3
4.997513E+2	7.064306E+3
5.000094E+2	7.085011E+3
5.002676E+2	7.107410E+3
5.005257E+2	7.128994E+3
5.007838E+2	7.150246E+3
5.010419E+2	7.172557E+3
5.013000E+2	7.192437E+3
5.015581E+2	7.212666E+3
5.018162E+2	7.232798E+3
5.020743E+2	7.252869E+3
5.023323E+2	7.272568E+3
5.025904E+2	7.291961E+3
5.028485E+2	7.312481E+3
5.031065E+2	7.332054E+3
5.033645E+2	7.351125E+3
5.036226E+2	7.369912E+3
5.038806E+2	7.388306E+3
5.041386E+2	7.405267E+3
5.043966E+2	7.423486E+3
5.046546E+2	7.442289E+3
5.049126E+2	7.460399E+3
5.051706E+2	7.479923E+3
5.054285E+2	7.497825E+3
5.056865E+2	7.512967E+3
5.059445E+2	7.529776E+3
5.062024E+2	7.546016E+3
5.064604E+2	7.563426E+3
5.067183E+2	7.579311E+3
5.069762E+2	7.596956E+3
5.072341E+2	7.613459E+3
5.074920E+2	7.631765E+3
5.077499E+2	7.648136E+3
5.080078E+2	7.665388E+3
5.082657E+2	7.681246E+3
5.085236E+2	7.697912E+3
5.087815E+2	7.715131E+3
5.090393E+2	7.732497E+3
5.092972E+2	7.748951E+3
5.095550E+2	7.765737E+3
5.098129E+2	7.782475E+3
5.100707E+2	7.797071E+3
5.103285E+2	7.813185E+3
5.105863E+2	7.828486E+3
5.108441E+2	7.843426E+3
5.111019E+2	7.860890E+3
5.113597E+2	7.876114E+3
5.116175E+2	7.893120E+3
5.118753E+2	7.908022E+3
5.121330E+2	7.923923E+3
5.123908E+2	7.938661E+3
5.126485E+2	7.954005E+3
5.129063E+2	7.970011E+3
5.131640E+2	7.986049E+3
5.134217E+2	8.000519E+3
5.136794E+2	8.015300E+3
5.139371E+2	8.029628E+3
5.141948E+2	8.046420E+3
5.144525E+2	8.061399E+3
5.147102E+2	8.076595E+3
5.149679E+2	8.091563E+3
5.152256E+2	8.106595E+3
5.154832E+2	8.120847E+3
5.157409E+2	8.135612E+3
5.159985E+2	8.148743E+3
5.162562E+2	8.163191E+3
5.165138E+2	8.176344E+3
5.167714E+2	8.190486E+3
5.170290E+2	8.206142E+3
5.172866E+2	8.221628E+3
5.175442E+2	8.237076E+3
5.178018E+2	8.253328E+3
5.180594E+2	8.265721E+3
5.183170E+2	8.279726E+3
5.185745E+2	8.293579E+3
5.188321E+2	8.307153E+3
5.190896E+2	8.320776E+3
5.193472E+2	8.335093E+3
5.196047E+2	8.348579E+3
5.198622E+2	8.363787E+3
5.201197E+2	8.377317E+3
5.203772E+2	8.389852E+3
5.206347E+2	8.404109E+3
5.208922E+2	8.414251E+3
5.211497E+2	8.426945E+3
5.214072E+2	8.439869E+3
5.216646E+2	8.453011E+3
5.219221E+2	8.465491E+3
5.221795E+2	8.478814E+3
5.224370E+2	8.491169E+3
5.226944E+2	8.502404E+3
5.229519E+2	8.515819E+3
5.232093E+2	8.526513E+3
5.234667E+2	8.539005E+3
5.237241E+2	8.549415E+3
5.239815E+2	8.562043E+3
5.242389E+2	8.573257E+3
5.244962E+2	8.582606E+3
5.247536E+2	8.592557E+3
5.250110E+2	8.601945E+3
5.252683E+2	8.611683E+3
5.255257E+2	8.621306E+3
5.257830E+2	8.633563E+3
5.260403E+2	8.643273E+3
5.262977E+2	8.653584E+3
5.265550E+2	8.664065E+3
5.268123E+2	8.672497E+3
5.270696E+2	8.683240E+3
5.273269E+2	8.691983E+3
5.275841E+2	8.701470E+3
5.278414E+2	8.711923E+3
5.280987E+2	8.720754E+3
5.283559E+2	8.728595E+3
5.286132E+2	8.735874E+3
5.288704E+2	8.744459E+3
5.291276E+2	8.752677E+3
5.293849E+2	8.760557E+3
5.296421E+2	8.768808E+3
5.298993E+2	8.775765E+3
5.301565E+2	8.782595E+3
5.304137E+2	8.789224E+3
5.306709E+2	8.796672E+3
5.309280E+2	8.804388E+3
5.311852E+2	8.811759E+3
5.314424E+2	8.817082E+3
5.316995E+2	8.825322E+3
5.319567E+2	8.831595E+3
5.322138E+2	8.839120E+3
5.324709E+2	8.846415E+3
5.327280E+2	8.853082E+3
5.329852E+2	8.858890E+3
5.332423E+2	8.864311E+3
5.334994E+2	8.869202E+3
5.337564E+2	8.875732E+3
5.340135E+2	8.882978E+3
5.342706E+2	8.890634E+3
5.345276E+2	8.898666E+3
5.347847E+2	8.905109E+3
5.350417E+2	8.910530E+3
5.352988E+2	8.916617E+3
5.355558E+2	8.922180E+3
5.358128E+2	8.927557E+3
5.360698E+2	8.933989E+3
5.363269E+2	8.939158E+3
5.365839E+2	8.947032E+3
5.368408E+2	8.952486E+3
5.370978E+2	8.958322E+3
5.373548E+2	8.964093E+3
5.376118E+2	8.972027E+3
5.378687E+2	8.976464E+3
5.381257E+2	8.983420E+3
5.383826E+2	8.988557E+3
5.386395E+2	8.993349E+3
5.388965E+2	8.999912E+3
5.391534E+2	9.004032E+3
5.394103E+2	9.010431E+3
5.396672E+2	9.017284E+3
5.399241E+2	9.023890E+3
5.401810E+2	9.030808E+3
5.404378E+2	9.036032E+3
5.406947E+2	9.040060E+3
5.409516E+2	9.045934E+3
5.412084E+2	9.053442E+3
5.414653E+2	9.059338E+3
5.417221E+2	9.065032E+3
5.419789E+2	9.070202E+3
5.422357E+2	9.074721E+3
5.424925E+2	9.081655E+3
5.427493E+2	9.086852E+3
5.430061E+2	9.091710E+3
5.432629E+2	9.096776E+3
5.435197E+2	9.101836E+3
5.437765E+2	9.108131E+3
5.440332E+2	9.114333E+3
5.442900E+2	9.119694E+3
5.445467E+2	9.124032E+3
5.448035E+2	9.129377E+3
5.450602E+2	9.135371E+3
5.453169E+2	9.139710E+3
5.455736E+2	9.144388E+3
5.458303E+2	9.150716E+3
5.460870E+2	9.156737E+3
5.463437E+2	9.159847E+3
5.466004E+2	9.163399E+3
5.468571E+2	9.168814E+3
5.471137E+2	9.174825E+3
5.473704E+2	9.177442E+3
5.476270E+2	9.183978E+3
5.478837E+2	9.188989E+3
5.481403E+2	9.192743E+3
5.483969E+2	9.197082E+3
5.486535E+2	9.200781E+3
5.489101E+2	9.205688E+3
5.491667E+2	9.209420E+3
5.494233E+2	9.212213E+3
5.496799E+2	9.215306E+3
5.499365E+2	9.217426E+3
5.501931E+2	9.219672E+3
5.504496E+2	9.221819E+3
5.507062E+2	9.226748E+3
5.509627E+2	9.229879E+3
5.512192E+2	9.234841E+3
5.514758E+2	9.238120E+3
5.517323E+2	9.241142E+3
5.519888E+2	9.243475E+3
5.522453E+2	9.246464E+3
5.525018E+2	9.249109E+3
5.527583E+2	9.252016E+3
5.530147E+2	9.254453E+3
5.532712E+2	9.253787E+3
5.535277E+2	9.256590E+3
5.537841E+2	9.257967E+3
5.540406E+2	9.259743E+3
5.542970E+2	9.261661E+3
5.545534E+2	9.263114E+3
5.548098E+2	9.265453E+3
5.550663E+2	9.265803E+3
5.553227E+2	9.264623E+3
5.555791E+2	9.264869E+3
5.558354E+2	9.265672E+3
5.560918E+2	9.266322E+3
5.563482E+2	9.269945E+3
5.566046E+2	9.270289E+3
5.568609E+2	9.268552E+3
5.571173E+2	9.266645E+3
5.573736E+2	9.267022E+3
5.576299E+2	9.267300E+3
5.578862E+2	9.267710E+3
5.581426E+2	9.266388E+3
5.583989E+2	9.265634E+3
5.586552E+2	9.265634E+3
5.589114E+2	9.264011E+3
5.591677E+2	9.261852E+3
5.594240E+2	9.260617E+3
5.596803E+2	9.259639E+3
5.599365E+2	9.259699E+3
5.601928E+2	9.259584E+3
5.604490E+2	9.258874E+3
5.607052E+2	9.256475E+3
5.609614E+2	9.256972E+3
5.612177E+2	9.255694E+3
5.614739E+2	9.253623E+3
5.617301E+2	9.252246E+3
5.619863E+2	9.251442E+3
5.622424E+2	9.250847E+3
5.624986E+2	9.247923E+3
5.627548E+2	9.246328E+3
5.630109E+2	9.245726E+3
5.632671E+2	9.242273E+3
5.635232E+2	9.238951E+3
5.637794E+2	9.237464E+3
5.640355E+2	9.235142E+3
5.642916E+2	9.232475E+3
5.645477E+2	9.229650E+3
5.648038E+2	9.226929E+3
5.650599E+2	9.225240E+3
5.653160E+2	9.223060E+3
5.655721E+2	9.220814E+3
5.658281E+2	9.219011E+3
5.660842E+2	9.217098E+3
5.663402E+2	9.212721E+3
5.665963E+2	9.209879E+3
5.668523E+2	9.205399E+3
5.671083E+2	9.202743E+3
5.673644E+2	9.201557E+3
5.676204E+2	9.198535E+3
5.678764E+2	9.193901E+3
5.681324E+2	9.191650E+3
5.683883E+2	9.188366E+3
5.686443E+2	9.184890E+3
5.689003E+2	9.183956E+3
5.691562E+2	9.180306E+3
5.694122E+2	9.176945E+3
5.696681E+2	9.173994E+3
5.699241E+2	9.170486E+3
5.701800E+2	9.166830E+3
5.704359E+2	9.164016E+3
5.706918E+2	9.161513E+3
5.709477E+2	9.159076E+3
5.712036E+2	9.154879E+3
5.714595E+2	9.151289E+3
5.717154E+2	9.147694E+3
5.719713E+2	9.142136E+3
5.722271E+2	9.138388E+3
5.724830E+2	9.136513E+3
5.727388E+2	9.133218E+3
5.729947E+2	9.128535E+3
5.732505E+2	9.124716E+3
5.735063E+2	9.119787E+3
5.737621E+2	9.117207E+3
5.740179E+2	9.113890E+3
5.742737E+2	9.111082E+3
5.745295E+2	9.108300E+3
5.747853E+2	9.104388E+3
5.750411E+2	9.101601E+3
5.752968E+2	9.098005E+3
5.755526E+2	9.092748E+3
5.758083E+2	9.087032E+3
5.760641E+2	9.083224E+3
5.763198E+2	9.078967E+3
5.765755E+2	9.074885E+3
5.768312E+2	9.070519E+3
5.770869E+2	9.065825E+3
5.773426E+2	9.060808E+3
5.775983E+2	9.055513E+3
5.778540E+2	9.049284E+3
5.781097E+2	9.047191E+3
5.783653E+2	9.042552E+3
5.786210E+2	9.037940E+3
5.788766E+2	9.034038E+3
5.791323E+2	9.029825E+3
5.793879E+2	9.026710E+3
5.796435E+2	9.020890E+3
5.798991E+2	9.015972E+3
5.801547E+2	9.010841E+3
5.804103E+2	9.007196E+3
5.806659E+2	9.002617E+3
5.809215E+2	8.998661E+3
5.811771E+2	8.993606E+3
5.814327E+2	8.987874E+3
5.816882E+2	8.981404E+3
5.819438E+2	8.974978E+3
5.821993E+2	8.969453E+3
5.824548E+2	8.962967E+3
5.827104E+2	8.957284E+3
5.829659E+2	8.950169E+3
5.832214E+2	8.942655E+3
5.834769E+2	8.937541E+3
5.837324E+2	8.931349E+3
5.839878E+2	8.926497E+3
5.842433E+2	8.920874E+3
5.844988E+2	8.914590E+3
5.847542E+2	8.908016E+3
5.850097E+2	8.901000E+3
5.852651E+2	8.895169E+3
5.855206E+2	8.888677E+3
5.857760E+2	8.882759E+3
5.860314E+2	8.875770E+3
5.862868E+2	8.867612E+3
5.865422E+2	8.860109E+3
5.867976E+2	8.855175E+3
5.870530E+2	8.849136E+3
5.873084E+2	8.842716E+3
5.875637E+2	8.836825E+3
5.878191E+2	8.831043E+3
5.880744E+2	8.824038E+3
5.883298E+2	8.818125E+3
5.885851E+2	8.811901E+3
5.888404E+2	8.806000E+3
5.890958E+2	8.800874E+3
5.893511E+2	8.792169E+3
5.896064E+2	8.785645E+3
5.898617E+2	8.778049E+3
5.901169E+2	8.771366E+3
5.903722E+2	8.765437E+3
5.906275E+2	8.758000E+3
5.908827E+2	8.751530E+3
5.911380E+2	8.745311E+3
5.913932E+2	8.739650E+3
5.916485E+2	8.733257E+3
5.919037E+2	8.728470E+3
5.921589E+2	8.720874E+3
5.924141E+2	8.714606E+3
5.926693E+2	8.708639E+3
5.929245E+2	8.702612E+3
5.931797E+2	8.697027E+3
5.934349E+2	8.691366E+3
5.936900E+2	8.684262E+3
5.939452E+2	8.678202E+3
5.942004E+2	8.672781E+3
5.944555E+2	8.666694E+3
5.947106E+2	8.661792E+3
5.949658E+2	8.653617E+3
5.952209E+2	8.649759E+3
5.954760E+2	8.643481E+3
5.957311E+2	8.637185E+3
5.959862E+2	8.631235E+3
5.962413E+2	8.626508E+3
5.964963E+2	8.619491E+3
5.967514E+2	8.613595E+3
5.970065E+2	8.608885E+3
5.972615E+2	8.605442E+3
5.975166E+2	8.601338E+3
5.977716E+2	8.597989E+3
5.980266E+2	8.594847E+3
5.982816E+2	8.590338E+3
5.985367E+2	8.585584E+3
5.987917E+2	8.582923E+3
5.990467E+2	8.578011E+3
5.993016E+2	8.573437E+3
5.995566E+2	8.568246E+3
5.998116E+2	8.563552E+3
6.000665E+2	8.559267E+3
6.003215E+2	8.555819E+3
6.005764E+2	8.553338E+3
6.008314E+2	8.549677E+3
6.010863E+2	8.546038E+3
6.013412E+2	8.541043E+3
6.015961E+2	8.538688E+3
6.018510E+2	8.537420E+3
6.021059E+2	8.534661E+3
6.023608E+2	8.530951E+3
6.026157E+2	8.527191E+3
6.028706E+2	8.523978E+3
6.031254E+2	8.520109E+3
6.033803E+2	8.515584E+3
6.036351E+2	8.510207E+3
6.038900E+2	8.507038E+3
6.041448E+2	8.504000E+3
6.043996E+2	8.501448E+3
6.046544E+2	8.497847E+3
6.049092E+2	8.496153E+3
6.051640E+2	8.493721E+3
6.054188E+2	8.491207E+3
6.056736E+2	8.489721E+3
6.059283E+2	8.486453E+3
6.061831E+2	8.483000E+3
6.064378E+2	8.479388E+3
6.066926E+2	8.477295E+3
6.069473E+2	8.474672E+3
6.072021E+2	8.472082E+3
6.074568E+2	8.466748E+3
6.077115E+2	8.462623E+3
6.079662E+2	8.459027E+3
6.082209E+2	8.456808E+3
6.084756E+2	8.454705E+3
6.087302E+2	8.452699E+3
6.089849E+2	8.450246E+3
6.092396E+2	8.446071E+3
6.094942E+2	8.443054E+3
6.097489E+2	8.439043E+3
6.100035E+2	8.434989E+3
6.102581E+2	8.430278E+3
6.105127E+2	8.426792E+3
6.107674E+2	8.421295E+3
6.110220E+2	8.418093E+3
6.112766E+2	8.414196E+3
6.115311E+2	8.410273E+3
6.117857E+2	8.405191E+3
6.120403E+2	8.402382E+3
6.122948E+2	8.398863E+3
6.125494E+2	8.393683E+3
6.128039E+2	8.388453E+3
6.130585E+2	8.383246E+3
6.133130E+2	8.377557E+3
6.135675E+2	8.371235E+3
6.138220E+2	8.366011E+3
6.140765E+2	8.361191E+3
6.143310E+2	8.354934E+3
6.145855E+2	8.348989E+3
6.148400E+2	8.343448E+3
6.150945E+2	8.338246E+3
6.153489E+2	8.333552E+3
6.156034E+2	8.328169E+3
6.158578E+2	8.323251E+3
6.161123E+2	8.317666E+3
6.163667E+2	8.311705E+3
6.166211E+2	8.305306E+3
6.168755E+2	8.299918E+3
6.171299E+2	8.293803E+3
6.173843E+2	8.287858E+3
6.176387E+2	8.281420E+3
6.178931E+2	8.274929E+3
6.181474E+2	8.269530E+3
6.184018E+2	8.264710E+3
6.186561E+2	8.260082E+3
6.189105E+2	8.256153E+3
6.191648E+2	8.252524E+3
6.194191E+2	8.247082E+3
6.196735E+2	8.242213E+3
6.199278E+2	8.236289E+3
6.201821E+2	8.231634E+3
6.204364E+2	8.225699E+3
6.206907E+2	8.218710E+3
6.209449E+2	8.212552E+3
6.211992E+2	8.207404E+3
6.214535E+2	8.202032E+3
6.217077E+2	8.198814E+3
6.219619E+2	8.194579E+3
6.222162E+2	8.190032E+3
6.224704E+2	8.185486E+3
6.227246E+2	8.180093E+3
6.229788E+2	8.176486E+3
6.232330E+2	8.173645E+3
6.234872E+2	8.169923E+3
6.237414E+2	8.165552E+3
6.239956E+2	8.160060E+3
6.242498E+2	8.155054E+3
6.245039E+2	8.151027E+3
6.247581E+2	8.148617E+3
6.250122E+2	8.143470E+3
6.252663E+2	8.139863E+3
6.255205E+2	8.135983E+3
6.257746E+2	8.132951E+3
6.260287E+2	8.129502E+3
6.262828E+2	8.125246E+3
6.265369E+2	8.122584E+3
6.267910E+2	8.120437E+3
6.270450E+2	8.117240E+3
6.272991E+2	8.114338E+3
6.275532E+2	8.111054E+3
6.278072E+2	8.107459E+3
6.280613E+2	8.104431E+3
6.283153E+2	8.101147E+3
6.285693E+2	8.099311E+3
6.288233E+2	8.095798E+3
6.290773E+2	8.093169E+3
6.293313E+2	8.089573E+3
6.295853E+2	8.087666E+3
6.298393E+2	8.085114E+3
6.300933E+2	8.082038E+3
6.303472E+2	8.078595E+3
6.306012E+2	8.075650E+3
6.308551E+2	8.071852E+3
6.311091E+2	8.067787E+3
6.313630E+2	8.064082E+3
6.316169E+2	8.059814E+3
6.318709E+2	8.056524E+3
6.321248E+2	8.053098E+3
6.323787E+2	8.050371E+3
6.326326E+2	8.045879E+3
6.328864E+2	8.042349E+3
6.331403E+2	8.040787E+3
6.333942E+2	8.037765E+3
6.336480E+2	8.034874E+3
6.339019E+2	8.031098E+3
6.341557E+2	8.027453E+3
6.344095E+2	8.023158E+3
6.346634E+2	8.019808E+3
6.349172E+2	8.015420E+3
6.351710E+2	8.010606E+3
6.354248E+2	8.006530E+3
6.356786E+2	8.002508E+3
6.359324E+2	7.998721E+3
6.361861E+2	7.995333E+3
6.364399E+2	7.990765E+3
6.366936E+2	7.984601E+3
6.369474E+2	7.982180E+3
6.372011E+2	7.975175E+3
6.374549E+2	7.969874E+3
6.377086E+2	7.965038E+3
6.379623E+2	7.959437E+3
6.382160E+2	7.953721E+3
6.384697E+2	7.947470E+3
6.387234E+2	7.941311E+3
6.389771E+2	7.935623E+3
6.392307E+2	7.930869E+3
6.394844E+2	7.925666E+3
6.397380E+2	7.919994E+3
6.399917E+2	7.914196E+3
6.402453E+2	7.907333E+3
6.404990E+2	7.902563E+3
6.407526E+2	7.896634E+3
6.410062E+2	7.891076E+3
6.412598E+2	7.885300E+3
6.415134E+2	7.878120E+3
6.417670E+2	7.873453E+3
6.420206E+2	7.867038E+3
6.422741E+2	7.860677E+3
6.425277E+2	7.854546E+3
6.427812E+2	7.849847E+3
6.430348E+2	7.842776E+3
6.432883E+2	7.837410E+3
6.435418E+2	7.831634E+3
6.437954E+2	7.825650E+3
6.440489E+2	7.819994E+3
6.443024E+2	7.814093E+3
6.445559E+2	7.808759E+3
6.448094E+2	7.802830E+3
6.450628E+2	7.795289E+3
6.453163E+2	7.791136E+3
6.455698E+2	7.786071E+3
6.458232E+2	7.780841E+3
6.460767E+2	7.774759E+3
6.463301E+2	7.769765E+3
6.465835E+2	7.764295E+3
6.468369E+2	7.758634E+3
6.470903E+2	7.753683E+3
6.473437E+2	7.748606E+3
6.475971E+2	7.744000E+3
6.478505E+2	7.738098E+3
6.481039E+2	7.734218E+3
6.483573E+2	7.729530E+3
6.486106E+2	7.723038E+3
6.488640E+2	7.716869E+3
6.491173E+2	7.711333E+3
6.493706E+2	7.704759E+3
6.496240E+2	7.698404E+3
6.498773E+2	7.693431E+3
6.501306E+2	7.687005E+3
6.503839E+2	7.682300E+3
6.506372E+2	7.677732E+3
6.508905E+2	7.672814E+3
6.511437E+2	7.667322E+3
6.513970E+2	7.662912E+3
6.516503E+2	7.657453E+3
6.519035E+2	7.653366E+3
6.521567E+2	7.648808E+3
6.524100E+2	7.642360E+3
6.526632E+2	7.639071E+3
6.529164E+2	7.635191E+3
6.531696E+2	7.630109E+3
6.534228E+2	7.625994E+3
6.536760E+2	7.621989E+3
6.539292E+2	7.618617E+3
6.541824E+2	7.615874E+3
6.544355E+2	7.613005E+3
6.546887E+2	7.608726E+3
6.549418E+2	7.605535E+3
6.551950E+2	7.601688E+3
6.554481E+2	7.596590E+3
6.557012E+2	7.593300E+3
6.559543E+2	7.589972E+3
6.562074E+2	7.585972E+3
6.564605E+2	7.582814E+3
6.567136E+2	7.579918E+3
6.569667E+2	7.577338E+3
6.572198E+2	7.574142E+3
6.574728E+2	7.571196E+3
6.577259E+2	7.568005E+3
6.579789E+2	7.565726E+3
6.582319E+2	7.561207E+3
6.584850E+2	7.559032E+3
6.587380E+2	7.555705E+3
6.589910E+2	7.553049E+3
6.592440E+2	7.551240E+3
6.594970E+2	7.547317E+3
6.597500E+2	7.546426E+3
6.600030E+2	7.543262E+3
6.602559E+2	7.540584E+3
6.605089E+2	7.538655E+3
6.607618E+2	7.534295E+3
6.610148E+2	7.532918E+3
6.612677E+2	7.529530E+3
6.615206E+2	7.528770E+3
6.617736E+2	7.526557E+3
6.620265E+2	7.525180E+3
6.622794E+2	7.522311E+3
6.625323E+2	7.519672E+3
6.627851E+2	7.516726E+3
6.630380E+2	7.515399E+3
6.632909E+2	7.513251E+3
6.635437E+2	7.511158E+3
6.637966E+2	7.507994E+3
6.640494E+2	7.506754E+3
6.643023E+2	7.506420E+3
6.645551E+2	7.504524E+3
6.648079E+2	7.504481E+3
6.650607E+2	7.503431E+3
6.653135E+2	7.501459E+3
6.655663E+2	7.500366E+3
6.658191E+2	7.497185E+3
6.660718E+2	7.495519E+3
6.663246E+2	7.493672E+3
6.665774E+2	7.493022E+3
6.668301E+2	7.490497E+3
6.670828E+2	7.490677E+3
6.673356E+2	7.488623E+3
6.675883E+2	7.487677E+3
6.678410E+2	7.487306E+3
6.680937E+2	7.484994E+3
6.683464E+2	7.483568E+3
6.685991E+2	7.481901E+3
6.688518E+2	7.479382E+3
6.691044E+2	7.477065E+3
6.693571E+2	7.475519E+3
6.696098E+2	7.473153E+3
6.698624E+2	7.469869E+3
6.701150E+2	7.466847E+3
6.703677E+2	7.464994E+3
6.706203E+2	7.463923E+3
6.708729E+2	7.463027E+3
6.711255E+2	7.460568E+3
6.713781E+2	7.459104E+3
6.716307E+2	7.457792E+3
6.718832E+2	7.456093E+3
6.721358E+2	7.452896E+3
6.723884E+2	7.451677E+3
6.726409E+2	7.448628E+3
6.728935E+2	7.445650E+3
6.731460E+2	7.443524E+3
6.733985E+2	7.440497E+3
6.736510E+2	7.438584E+3
6.739035E+2	7.435836E+3
6.741560E+2	7.433295E+3
6.744085E+2	7.431076E+3
6.746610E+2	7.428049E+3
6.749135E+2	7.426076E+3
6.751660E+2	7.422770E+3
6.754184E+2	7.420175E+3
6.756709E+2	7.418147E+3
6.759233E+2	7.414863E+3
6.761757E+2	7.413093E+3
6.764282E+2	7.410634E+3
6.766806E+2	7.409874E+3
6.769330E+2	7.407989E+3
6.771854E+2	7.405798E+3
6.774378E+2	7.403360E+3
6.776901E+2	7.400951E+3
6.779425E+2	7.398311E+3
6.781949E+2	7.396934E+3
6.784472E+2	7.394278E+3
6.786996E+2	7.391934E+3
6.789519E+2	7.388814E+3
6.792042E+2	7.386213E+3
6.794566E+2	7.382453E+3
6.797089E+2	7.379420E+3
6.799612E+2	7.377169E+3
6.802135E+2	7.374393E+3
6.804657E+2	7.372841E+3
6.807180E+2	7.371185E+3
6.809703E+2	7.369563E+3
6.812226E+2	7.369229E+3
6.814748E+2	7.366967E+3
6.817270E+2	7.365027E+3
6.819793E+2	7.361776E+3
6.822315E+2	7.359546E+3
6.824837E+2	7.356131E+3
6.827359E+2	7.353355E+3
6.829881E+2	7.349677E+3
6.832403E+2	7.346251E+3
6.834925E+2	7.345185E+3
6.837447E+2	7.342065E+3
6.839968E+2	7.340246E+3
6.842490E+2	7.338994E+3
6.845011E+2	7.337513E+3
6.847533E+2	7.334601E+3
6.850054E+2	7.332475E+3
6.852575E+2	7.329852E+3
6.855097E+2	7.327639E+3
6.857618E+2	7.325016E+3
6.860139E+2	7.321918E+3
6.862659E+2	7.319918E+3
6.865180E+2	7.318688E+3
6.867701E+2	7.316022E+3
6.870222E+2	7.313918E+3
6.872742E+2	7.311732E+3
6.875263E+2	7.309710E+3
6.877783E+2	7.307874E+3
6.880303E+2	7.306431E+3
6.882823E+2	7.305847E+3
6.885343E+2	7.304213E+3
6.887864E+2	7.301502E+3
6.890383E+2	7.299295E+3
6.892903E+2	7.296836E+3
6.895423E+2	7.294737E+3
6.897943E+2	7.293754E+3
6.900462E+2	7.291743E+3
6.902982E+2	7.291229E+3
6.905501E+2	7.289076E+3
6.908021E+2	7.289612E+3
6.910540E+2	7.288032E+3
6.913059E+2	7.287508E+3
6.915578E+2	7.285153E+3
6.918097E+2	7.282650E+3
6.920616E+2	7.281082E+3
6.923135E+2	7.277349E+3
6.925654E+2	7.275240E+3
6.928172E+2	7.272344E+3
6.930691E+2	7.269879E+3
6.933209E+2	7.267655E+3
6.935728E+2	7.265207E+3
6.938246E+2	7.262262E+3
6.940764E+2	7.260393E+3
6.943282E+2	7.258650E+3
6.945800E+2	7.256289E+3
6.948318E+2	7.254475E+3
6.950836E+2	7.251535E+3
6.953354E+2	7.248798E+3
6.955872E+2	7.245737E+3
6.958389E+2	7.242683E+3
6.960907E+2	7.240125E+3
6.963424E+2	7.236869E+3
6.965942E+2	7.232076E+3
6.968459E+2	7.228732E+3
6.970976E+2	7.225677E+3
6.973493E+2	7.223169E+3
6.976010E+2	7.221196E+3
6.978527E+2	7.218645E+3
6.981044E+2	7.216617E+3
6.983561E+2	7.214721E+3
6.986077E+2	7.211972E+3
6.988594E+2	7.207819E+3
6.991110E+2	7.205382E+3
6.993627E+2	7.202901E+3
6.996143E+2	7.200573E+3
6.998659E+2	7.197022E+3
7.001175E+2	7.194114E+3
7.003692E+2	7.191535E+3
7.006207E+2	7.189819E+3
7.008723E+2	7.187235E+3
7.011239E+2	7.184705E+3
7.013755E+2	7.183781E+3
7.016271E+2	7.182098E+3
7.018786E+2	7.179912E+3
7.021302E+2	7.177360E+3
7.023817E+2	7.174716E+3
7.026332E+2	7.172371E+3
7.028847E+2	7.170885E+3
7.031362E+2	7.168125E+3
7.033878E+2	7.166404E+3
7.036392E+2	7.163645E+3
7.038907E+2	7.160666E+3
7.041422E+2	7.158448E+3
7.043937E+2	7.156530E+3
7.046451E+2	7.154377E+3
7.048966E+2	7.150923E+3
7.051480E+2	7.146508E+3
7.053995E+2	7.143448E+3
7.056509E+2	7.139634E+3
7.059023E+2	7.136743E+3
7.061537E+2	7.131951E+3
7.064051E+2	7.129016E+3
7.066565E+2	7.125748E+3
7.069079E+2	7.122792E+3
7.071593E+2	7.119175E+3
7.074106E+2	7.115497E+3
7.076620E+2	7.112590E+3
7.079133E+2	7.108087E+3
7.081647E+2	7.104972E+3
7.084160E+2	7.102825E+3
7.086673E+2	7.100120E+3
7.089186E+2	7.096819E+3
7.091699E+2	7.094060E+3
7.094212E+2	7.090426E+3
7.096725E+2	7.085841E+3
7.099238E+2	7.082131E+3
7.101751E+2	7.078705E+3
7.104263E+2	7.075787E+3
7.106776E+2	7.071065E+3
7.109288E+2	7.066754E+3
7.111800E+2	7.061770E+3
7.114313E+2	7.057300E+3
7.116825E+2	7.052825E+3
7.119337E+2	7.049716E+3
7.121849E+2	7.044951E+3
7.124361E+2	7.039338E+3
7.126873E+2	7.034546E+3
7.129384E+2	7.029705E+3
7.131896E+2	7.025393E+3
7.134408E+2	7.019770E+3
7.136919E+2	7.013349E+3
7.139430E+2	7.007060E+3
7.141942E+2	7.002366E+3
7.144453E+2	6.996366E+3
7.146964E+2	6.988841E+3
7.149475E+2	6.982262E+3
7.151986E+2	6.976639E+3
7.154497E+2	6.971486E+3
7.157008E+2	6.963317E+3
7.159518E+2	6.955278E+3
7.162029E+2	6.947328E+3
7.164540E+2	6.940267E+3
7.167050E+2	6.930093E+3
7.169560E+2	6.922038E+3
7.172071E+2	6.913426E+3
7.174581E+2	6.905595E+3
7.177091E+2	6.898328E+3
7.179601E+2	6.890508E+3
7.182111E+2	6.882142E+3
7.184621E+2	6.873694E+3
7.187130E+2	6.866267E+3
7.189640E+2	6.858573E+3
7.192150E+2	6.849568E+3
7.194659E+2	6.841464E+3
7.197169E+2	6.832213E+3
7.199678E+2	6.824770E+3
7.202187E+2	6.817142E+3
7.204696E+2	6.807994E+3
7.207205E+2	6.800180E+3
7.209714E+2	6.792825E+3
7.212223E+2	6.785246E+3
7.214732E+2	6.777404E+3
7.217241E+2	6.769967E+3
7.219749E+2	6.762082E+3
7.222258E+2	6.753901E+3
7.224766E+2	6.745863E+3
7.227274E+2	6.737606E+3
7.229783E+2	6.729655E+3
7.232291E+2	6.721787E+3
7.234799E+2	6.713087E+3
7.237307E+2	6.704896E+3
7.239815E+2	6.696568E+3
7.242323E+2	6.689032E+3
7.244830E+2	6.681563E+3
7.247338E+2	6.674191E+3
7.249846E+2	6.668076E+3
7.252353E+2	6.662694E+3
7.254861E+2	6.656661E+3
7.257368E+2	6.649787E+3
7.259875E+2	6.643721E+3
7.262382E+2	6.638584E+3
7.264889E+2	6.632606E+3
7.267396E+2	6.626519E+3
7.269903E+2	6.619278E+3
7.272410E+2	6.612470E+3
7.274917E+2	6.606524E+3
7.277423E+2	6.600524E+3
7.279930E+2	6.594683E+3
7.282436E+2	6.588869E+3
7.284942E+2	6.582153E+3
7.287449E+2	6.577502E+3
7.289955E+2	6.573612E+3
7.292461E+2	6.568989E+3
7.294967E+2	6.563082E+3
7.297473E+2	6.558940E+3
7.299979E+2	6.554841E+3
7.302484E+2	6.550464E+3
7.304990E+2	6.545038E+3
7.307496E+2	6.539071E+3
7.310001E+2	6.534972E+3
7.312507E+2	6.530721E+3
7.315012E+2	6.526639E+3
7.317517E+2	6.521431E+3
7.320022E+2	6.518175E+3
7.322527E+2	6.512940E+3
7.325032E+2	6.507983E+3
7.327537E+2	6.503552E+3
7.330042E+2	6.499011E+3
7.332547E+2	6.494874E+3
7.335051E+2	6.491404E+3
7.337556E+2	6.487852E+3
7.340060E+2	6.483082E+3
7.342564E+2	6.478645E+3
7.345069E+2	6.475666E+3
7.347573E+2	6.473513E+3
7.350077E+2	6.474022E+3
7.352581E+2	6.474442E+3
7.355085E+2	6.475306E+3
7.357589E+2	6.476552E+3
7.360092E+2	6.476065E+3
7.362596E+2	6.475814E+3
7.365100E+2	6.476410E+3
7.367603E+2	6.476104E+3
7.370106E+2	6.474459E+3
7.372610E+2	6.472989E+3
7.375113E+2	6.473349E+3
7.377616E+2	6.472623E+3
7.380119E+2	6.472093E+3
7.382622E+2	6.470552E+3
7.385125E+2	6.470093E+3
7.387628E+2	6.469464E+3
7.390130E+2	6.468530E+3
7.392633E+2	6.468120E+3
7.395135E+2	6.466300E+3
7.397638E+2	6.464502E+3
7.400140E+2	6.463819E+3
7.402642E+2	6.462366E+3
7.405144E+2	6.461032E+3
7.407647E+2	6.460491E+3
7.410149E+2	6.460639E+3
7.412650E+2	6.461377E+3
7.415152E+2	6.461781E+3
7.417654E+2	6.466224E+3
7.420156E+2	6.471901E+3
7.422657E+2	6.482273E+3
7.425159E+2	6.497158E+3
7.427660E+2	6.518464E+3
7.430161E+2	6.545912E+3
7.432662E+2	6.585399E+3
7.435164E+2	6.648967E+3
7.437665E+2	6.742869E+3
7.440165E+2	6.835688E+3
7.442666E+2	6.907158E+3
7.445167E+2	6.959748E+3
7.447668E+2	7.000442E+3
7.450168E+2	7.034349E+3
7.452669E+2	7.059716E+3
7.455169E+2	7.074104E+3
7.457669E+2	7.082590E+3
7.460170E+2	7.089595E+3
7.462670E+2	7.098076E+3
7.465170E+2	7.105934E+3
7.467670E+2	7.114109E+3
7.470170E+2	7.124694E+3
7.472670E+2	7.141344E+3
7.475169E+2	7.165688E+3
7.477669E+2	7.188164E+3
7.480168E+2	7.201666E+3
7.482668E+2	7.210573E+3
7.485167E+2	7.220972E+3
7.487666E+2	7.234125E+3
7.490166E+2	7.250317E+3
7.492665E+2	7.263956E+3
7.495164E+2	7.276404E+3
7.497663E+2	7.287748E+3
7.500161E+2	7.298065E+3
7.502660E+2	7.306524E+3
7.505159E+2	7.313885E+3
7.507657E+2	7.319765E+3
7.510156E+2	7.324726E+3
7.512654E+2	7.326732E+3
7.515152E+2	7.326661E+3
7.517651E+2	7.326459E+3
7.520149E+2	7.326344E+3
7.522647E+2	7.327863E+3
7.525145E+2	7.332120E+3
7.527643E+2	7.338300E+3
7.530140E+2	7.347972E+3
7.532638E+2	7.357814E+3
7.535136E+2	7.366497E+3
7.537633E+2	7.373355E+3
7.540131E+2	7.380929E+3
7.542628E+2	7.391322E+3
7.545125E+2	7.401803E+3
7.547622E+2	7.411011E+3
7.550119E+2	7.417726E+3
7.552616E+2	7.420552E+3
7.555113E+2	7.423109E+3
7.557610E+2	7.423825E+3
7.560107E+2	7.422825E+3
7.562603E+2	7.420852E+3
7.565100E+2	7.417082E+3
7.567596E+2	7.414065E+3
7.570093E+2	7.407765E+3
7.572589E+2	7.399136E+3
7.575085E+2	7.386912E+3
7.577581E+2	7.370481E+3
7.580077E+2	7.346858E+3
7.582573E+2	7.318808E+3
7.585069E+2	7.277060E+3
7.587565E+2	7.211481E+3
7.590060E+2	7.113716E+3
7.592556E+2	7.018442E+3
7.595051E+2	6.943524E+3
7.597547E+2	6.888448E+3
7.600042E+2	6.844568E+3
7.602537E+2	6.803978E+3
7.605032E+2	6.772420E+3
7.607527E+2	6.749874E+3
7.610022E+2	6.733901E+3
7.612517E+2	6.721333E+3
7.615012E+2	6.708284E+3
7.617507E+2	6.697202E+3
7.620001E+2	6.687901E+3
7.622496E+2	6.675661E+3
7.624990E+2	6.656879E+3
7.627485E+2	6.629388E+3
7.629979E+2	6.602065E+3
7.632473E+2	6.583896E+3
7.634967E+2	6.571623E+3
7.637461E+2	6.556929E+3
7.639955E+2	6.538983E+3
7.642449E+2	6.516213E+3
7.644942E+2	6.494459E+3
7.647436E+2	6.473486E+3
7.649930E+2	6.450934E+3
7.652423E+2	6.429328E+3
7.654916E+2	6.407754E+3
7.657410E+2	6.387404E+3
7.659903E+2	6.369022E+3
7.662396E+2	6.352388E+3
7.664889E+2	6.339158E+3
7.667382E+2	6.326453E+3
7.669875E+2	6.312923E+3
7.672367E+2	6.301382E+3
7.674860E+2	6.288136E+3
7.677353E+2	6.271557E+3
7.679845E+2	6.252153E+3
7.682337E+2	6.229748E+3
7.684830E+2	6.207235E+3
7.687322E+2	6.188000E+3
7.689814E+2	6.171710E+3
7.692306E+2	6.154956E+3
7.694798E+2	6.136000E+3
7.697290E+2	6.116623E+3
7.699782E+2	6.100497E+3
7.702273E+2	6.086601E+3
7.704765E+2	6.076306E+3
7.707256E+2	6.065486E+3
7.709748E+2	6.056267E+3
7.712239E+2	6.048311E+3
7.714730E+2	6.040989E+3
7.717222E+2	6.036180E+3
7.719713E+2	6.031240E+3
7.722204E+2	6.025289E+3
7.724694E+2	6.020306E+3
7.727185E+2	6.015136E+3
7.729676E+2	6.010114E+3
7.732167E+2	6.005125E+3
7.734657E+2	5.997819E+3
7.737147E+2	5.989983E+3
7.739638E+2	5.981431E+3
7.742128E+2	5.973754E+3
7.744618E+2	5.963022E+3
7.747108E+2	5.953229E+3
7.749598E+2	5.941535E+3
7.752088E+2	5.930311E+3
7.754578E+2	5.920994E+3
7.757068E+2	5.912721E+3
7.759557E+2	5.906093E+3
7.762047E+2	5.901191E+3
7.764536E+2	5.894032E+3
7.767026E+2	5.885792E+3
7.769515E+2	5.875869E+3
7.772004E+2	5.865491E+3
7.774493E+2	5.855694E+3
7.776982E+2	5.843661E+3
7.779471E+2	5.833705E+3
7.781960E+2	5.824994E+3
7.784449E+2	5.814852E+3
7.786938E+2	5.802677E+3
7.789426E+2	5.792005E+3
7.791915E+2	5.781011E+3
7.794403E+2	5.774486E+3
7.796891E+2	5.770628E+3
7.799380E+2	5.768776E+3
7.801868E+2	5.769328E+3
7.804356E+2	5.769016E+3
7.806844E+2	5.766410E+3
7.809332E+2	5.761776E+3
7.811819E+2	5.757519E+3
7.814307E+2	5.753852E+3
7.816795E+2	5.750038E+3
7.819282E+2	5.746699E+3
7.821770E+2	5.744246E+3
7.824257E+2	5.741011E+3
7.826744E+2	5.737590E+3
7.829231E+2	5.733798E+3
7.831718E+2	5.730169E+3
7.834205E+2	5.725923E+3
7.836692E+2	5.720180E+3
7.839179E+2	5.713202E+3
7.841666E+2	5.704726E+3
7.844152E+2	5.695879E+3
7.846639E+2	5.686972E+3
7.849125E+2	5.678612E+3
7.851612E+2	5.668934E+3
7.854098E+2	5.658798E+3
7.856584E+2	5.647388E+3
7.859070E+2	5.636628E+3
7.861556E+2	5.624716E+3
7.864042E+2	5.612333E+3
7.866528E+2	5.598923E+3
7.869014E+2	5.584071E+3
7.871499E+2	5.567415E+3
7.873985E+2	5.552459E+3
7.876470E+2	5.536814E+3
7.878956E+2	5.521672E+3
7.881441E+2	5.506333E+3
7.883926E+2	5.491934E+3
7.886411E+2	5.478710E+3
7.888896E+2	5.467628E+3
7.891381E+2	5.456584E+3
7.893866E+2	5.447289E+3
7.896351E+2	5.437535E+3
7.898835E+2	5.427776E+3
7.901320E+2	5.419601E+3
7.903804E+2	5.412098E+3
7.906289E+2	5.404961E+3
7.908773E+2	5.398125E+3
7.911257E+2	5.390322E+3
7.913742E+2	5.380437E+3
7.916226E+2	5.371639E+3
7.918709E+2	5.362262E+3
7.921193E+2	5.353634E+3
7.923677E+2	5.341623E+3
7.926161E+2	5.328519E+3
7.928644E+2	5.318754E+3
7.931128E+2	5.307754E+3
7.933611E+2	5.297781E+3
7.936095E+2	5.287792E+3
7.938578E+2	5.277612E+3
7.941061E+2	5.265628E+3
7.943544E+2	5.253563E+3
7.946027E+2	5.238114E+3
7.948510E+2	5.220584E+3
7.950993E+2	5.201360E+3
7.953475E+2	5.182530E+3
7.955958E+2	5.163896E+3
7.958440E+2	5.146579E+3
7.960923E+2	5.131382E+3
7.963405E+2	5.115847E+3
7.965887E+2	5.098983E+3
7.968370E+2	5.082355E+3
7.970852E+2	5.066328E+3
7.973334E+2	5.050410E+3
7.975816E+2	5.034814E+3
7.978297E+2	5.021459E+3
7.980779E+2	5.009524E+3
7.983261E+2	4.996207E+3
7.985742E+2	4.985333E+3
7.988224E+2	4.974590E+3
7.990705E+2	4.962912E+3
7.993186E+2	4.952251E+3
7.995668E+2	4.941333E+3
7.998149E+2	4.929366E+3
8.000630E+2	4.918989E+3
8.003111E+2	4.907858E+3
8.005591E+2	4.897388E+3
8.008072E+2	4.887005E+3
8.010553E+2	4.875311E+3
8.013033E+2	4.863000E+3
8.015514E+2	4.849803E+3
8.017994E+2	4.837748E+3
8.020474E+2	4.825852E+3
8.022955E+2	4.814579E+3
8.025435E+2	4.802716E+3
8.027915E+2	4.790645E+3
8.030395E+2	4.779841E+3
8.032874E+2	4.767650E+3
8.035354E+2	4.755257E+3
8.037834E+2	4.742093E+3
8.040313E+2	4.728595E+3
8.042793E+2	4.714601E+3
8.045272E+2	4.700841E+3
8.047752E+2	4.688087E+3
8.050231E+2	4.675120E+3
8.052710E+2	4.663901E+3
8.055189E+2	4.653546E+3
8.057668E+2	4.644196E+3
8.060147E+2	4.636185E+3
8.062625E+2	4.629344E+3
8.065104E+2	4.624011E+3
8.067583E+2	4.617792E+3
8.070061E+2	4.612951E+3
8.072540E+2	4.607032E+3
8.075018E+2	4.603830E+3
8.077496E+2	4.601847E+3
8.079974E+2	4.599038E+3
8.082452E+2	4.597590E+3
8.084930E+2	4.595541E+3
8.087408E+2	4.594798E+3
8.089886E+2	4.592732E+3
8.092364E+2	4.590918E+3
8.094841E+2	4.589322E+3
8.097319E+2	4.588994E+3
8.099796E+2	4.588716E+3
8.102273E+2	4.589371E+3
8.104751E+2	4.591836E+3
8.107228E+2	4.594180E+3
8.109705E+2	4.596535E+3
8.112182E+2	4.598076E+3
8.114659E+2	4.599196E+3
8.117135E+2	4.598989E+3
8.119612E+2	4.597470E+3
8.122089E+2	4.593896E+3
8.124565E+2	4.588114E+3
8.127042E+2	4.581136E+3
8.129518E+2	4.572093E+3
8.131994E+2	4.562322E+3
8.134470E+2	4.552699E+3
8.136946E+2	4.541431E+3
8.139422E+2	4.530011E+3
8.141898E+2	4.518699E+3
8.144374E+2	4.506836E+3
8.146850E+2	4.495147E+3
8.149325E+2	4.483677E+3
8.151801E+2	4.470005E+3
8.154276E+2	4.456726E+3
8.156752E+2	4.442972E+3
8.159227E+2	4.430978E+3
8.161702E+2	4.420852E+3
8.164177E+2	4.412595E+3
8.166652E+2	4.405311E+3
8.169127E+2	4.398901E+3
8.171602E+2	4.391912E+3
8.174077E+2	4.383497E+3
8.176551E+2	4.374491E+3
8.179026E+2	4.365475E+3
8.181500E+2	4.354737E+3
8.183975E+2	4.345371E+3
8.186449E+2	4.335896E+3
8.188923E+2	4.328093E+3
8.191397E+2	4.319535E+3
8.193871E+2	4.310961E+3
8.196345E+2	4.302415E+3
8.198819E+2	4.292486E+3
8.201293E+2	4.282404E+3
8.203766E+2	4.269038E+3
8.206240E+2	4.254672E+3
8.208713E+2	4.238705E+3
8.211187E+2	4.220333E+3
8.213660E+2	4.200628E+3
8.216133E+2	4.179879E+3
8.218606E+2	4.158524E+3
8.221079E+2	4.135787E+3
8.223552E+2	4.113349E+3
8.226025E+2	4.089366E+3
8.228498E+2	4.065169E+3
8.230970E+2	4.041011E+3
8.233443E+2	4.015082E+3
8.235915E+2	3.988612E+3
8.238388E+2	3.961125E+3
8.240860E+2	3.935317E+3
8.243332E+2	3.909912E+3
8.245804E+2	3.885011E+3
8.248276E+2	3.859732E+3
8.250748E+2	3.834743E+3
8.253220E+2	3.809300E+3
8.255692E+2	3.782393E+3
8.258163E+2	3.755519E+3
8.260635E+2	3.729054E+3
8.263106E+2	3.701776E+3
8.265578E+2	3.674535E+3
8.268049E+2	3.649628E+3
8.270520E+2	3.625486E+3
8.272991E+2	3.602104E+3
8.275462E+2	3.580360E+3
8.277933E+2	3.559229E+3
8.280404E+2	3.538377E+3
8.282875E+2	3.517710E+3
8.285345E+2	3.498535E+3
8.287816E+2	3.479120E+3
8.290287E+2	3.459934E+3
8.292757E+2	3.442448E+3
8.295227E+2	3.423508E+3
8.297697E+2	3.405196E+3
8.300168E+2	3.385748E+3
8.302638E+2	3.367289E+3
8.305107E+2	3.349634E+3
8.307577E+2	3.331464E+3
8.310047E+2	3.311945E+3
8.312517E+2	3.292366E+3
8.314986E+2	3.271940E+3
8.317456E+2	3.251825E+3
8.319925E+2	3.230481E+3
8.322394E+2	3.209557E+3
8.324864E+2	3.190470E+3
8.327333E+2	3.172573E+3
8.329802E+2	3.154431E+3
8.332271E+2	3.137147E+3
8.334740E+2	3.118557E+3
8.337208E+2	3.100688E+3
8.339677E+2	3.081699E+3
8.342146E+2	3.062311E+3
8.344614E+2	3.043191E+3
8.347082E+2	3.024371E+3
8.349551E+2	3.006819E+3
8.352019E+2	2.989934E+3
8.354487E+2	2.974246E+3
8.356955E+2	2.958808E+3
8.359423E+2	2.943300E+3
8.361891E+2	2.928333E+3
8.364359E+2	2.914016E+3
8.366826E+2	2.899956E+3
8.369294E+2	2.886830E+3
8.371761E+2	2.874399E+3
8.374229E+2	2.861568E+3
8.376696E+2	2.850475E+3
8.379163E+2	2.838257E+3
8.381630E+2	2.826082E+3
8.384097E+2	2.814819E+3
8.386564E+2	2.804027E+3
8.389031E+2	2.793901E+3
8.391498E+2	2.783426E+3
8.393965E+2	2.773721E+3
8.396431E+2	2.763579E+3
8.398898E+2	2.753830E+3
8.401364E+2	2.743814E+3
8.403830E+2	2.734655E+3
8.406297E+2	2.724552E+3
8.408763E+2	2.713688E+3
8.411229E+2	2.702584E+3
8.413695E+2	2.691650E+3
8.416161E+2	2.680650E+3
8.418626E+2	2.670267E+3
8.421092E+2	2.659972E+3
8.423558E+2	2.649907E+3
8.426023E+2	2.639650E+3
8.428489E+2	2.628759E+3
8.430954E+2	2.618726E+3
8.433419E+2	2.608858E+3
8.435884E+2	2.598344E+3
8.438349E+2	2.588426E+3
8.440814E+2	2.578497E+3
8.443279E+2	2.568032E+3
8.445744E+2	2.558557E+3
8.448208E+2	2.549125E+3
8.450673E+2	2.540546E+3
8.453138E+2	2.532022E+3
8.455602E+2	2.523027E+3
8.458066E+2	2.514705E+3
8.460530E+2	2.505798E+3
8.462995E+2	2.497338E+3
8.465459E+2	2.488420E+3
8.467923E+2	2.479628E+3
8.470386E+2	2.471683E+3
8.472850E+2	2.463382E+3
8.475314E+2	2.454994E+3
8.477777E+2	2.446808E+3
8.480241E+2	2.438808E+3
8.482704E+2	2.430639E+3
8.485168E+2	2.422666E+3
8.487631E+2	2.414535E+3
8.490094E+2	2.405841E+3
8.492557E+2	2.397951E+3
8.495020E+2	2.390322E+3
8.497483E+2	2.382344E+3
8.499946E+2	2.374798E+3
8.502408E+2	2.366819E+3
8.504871E+2	2.359049E+3
8.507333E+2	2.351224E+3
8.509796E+2	2.343377E+3
8.512258E+2	2.335634E+3
8.514720E+2	2.327650E+3
8.517182E+2	2.319852E+3
8.519644E+2	2.311710E+3
8.522106E+2	2.302945E+3
8.524568E+2	2.295552E+3
8.527030E+2	2.286410E+3
8.529492E+2	2.278530E+3
8.531953E+2	2.271065E+3
8.534415E+2	2.263601E+3
8.536876E+2	2.255754E+3
8.539337E+2	2.246994E+3
8.541799E+2	2.238617E+3
8.544260E+2	2.229830E+3
8.546721E+2	2.222032E+3
8.549182E+2	2.213787E+3
8.551643E+2	2.206311E+3
8.554103E+2	2.197841E+3
8.556564E+2	2.189825E+3
8.559024E+2	2.182153E+3
8.561485E+2	2.174049E+3
8.563945E+2	2.167054E+3
8.566406E+2	2.160546E+3
8.568866E+2	2.153043E+3
8.571326E+2	2.145175E+3
8.573786E+2	2.137705E+3
8.576246E+2	2.130836E+3
8.578706E+2	2.124240E+3
8.581166E+2	2.117748E+3
8.583625E+2	2.111393E+3
8.586085E+2	2.104803E+3
8.588544E+2	2.097885E+3
8.591004E+2	2.091792E+3
8.593463E+2	2.085683E+3
8.595922E+2	2.079623E+3
8.598381E+2	2.072852E+3
8.600840E+2	2.066136E+3
8.603299E+2	2.059546E+3
8.605758E+2	2.052579E+3
8.608217E+2	2.045404E+3
8.610675E+2	2.039426E+3
8.613134E+2	2.032579E+3
8.615592E+2	2.026442E+3
8.618051E+2	2.019426E+3
8.620509E+2	2.012169E+3
8.622967E+2	2.005382E+3
8.625425E+2	1.998377E+3
8.627883E+2	1.990792E+3
8.630341E+2	1.982978E+3
8.632799E+2	1.975617E+3
8.635257E+2	1.968650E+3
8.637715E+2	1.961328E+3
8.640172E+2	1.953524E+3
8.642630E+2	1.946185E+3
8.645087E+2	1.939049E+3
8.647544E+2	1.931240E+3
8.650001E+2	1.923235E+3
8.652459E+2	1.915765E+3
8.654916E+2	1.908289E+3
8.657372E+2	1.900683E+3
8.659829E+2	1.893612E+3
8.662286E+2	1.886508E+3
8.664743E+2	1.879459E+3
8.667199E+2	1.872453E+3
8.669656E+2	1.865388E+3
8.672112E+2	1.859104E+3
8.674568E+2	1.852415E+3
8.677024E+2	1.846317E+3
8.679481E+2	1.839972E+3
8.681937E+2	1.833054E+3
8.684392E+2	1.825552E+3
8.686848E+2	1.819207E+3
8.689304E+2	1.812989E+3
8.691760E+2	1.806847E+3
8.694215E+2	1.800907E+3
8.696671E+2	1.793787E+3
8.699126E+2	1.787317E+3
8.701581E+2	1.780759E+3
8.704036E+2	1.774065E+3
8.706491E+2	1.767776E+3
8.708946E+2	1.761076E+3
8.711401E+2	1.755038E+3
8.713856E+2	1.749333E+3
8.716311E+2	1.742989E+3
8.718766E+2	1.736579E+3
8.721220E+2	1.730606E+3
8.723674E+2	1.724158E+3
8.726129E+2	1.717699E+3
8.728583E+2	1.711481E+3
8.731037E+2	1.704972E+3
8.733491E+2	1.698153E+3
8.735945E+2	1.691475E+3
8.738399E+2	1.685792E+3
8.740853E+2	1.680016E+3
8.743307E+2	1.673819E+3
8.745760E+2	1.667185E+3
8.748214E+2	1.660945E+3
8.750667E+2	1.655027E+3
8.753121E+2	1.648486E+3
8.755574E+2	1.642191E+3
8.758027E+2	1.636388E+3
8.760480E+2	1.630328E+3
8.762933E+2	1.624360E+3
8.765386E+2	1.618016E+3
8.767839E+2	1.612114E+3
8.770291E+2	1.606306E+3
8.772744E+2	1.601082E+3
8.775196E+2	1.595781E+3
8.777649E+2	1.589885E+3
8.780101E+2	1.585065E+3
8.782553E+2	1.579595E+3
8.785006E+2	1.574284E+3
8.787458E+2	1.568420E+3
8.789910E+2	1.563278E+3
8.792361E+2	1.558393E+3
8.794813E+2	1.553650E+3
8.797265E+2	1.548945E+3
8.799717E+2	1.544016E+3
8.802168E+2	1.539185E+3
8.804619E+2	1.534420E+3
8.807071E+2	1.529431E+3
8.809522E+2	1.524300E+3
8.811973E+2	1.518699E+3
8.814424E+2	1.513333E+3
8.816875E+2	1.508213E+3
8.819326E+2	1.503677E+3
8.821777E+2	1.498399E+3
8.824227E+2	1.493131E+3
8.826678E+2	1.488475E+3
8.829128E+2	1.483475E+3
8.831579E+2	1.478677E+3
8.834029E+2	1.474524E+3
8.836479E+2	1.469672E+3
8.838929E+2	1.465153E+3
8.841379E+2	1.460923E+3
8.843829E+2	1.456076E+3
8.846279E+2	1.451650E+3
8.848729E+2	1.447251E+3
8.851179E+2	1.442983E+3
8.853628E+2	1.438486E+3
8.856078E+2	1.433672E+3
8.858527E+2	1.429011E+3
8.860976E+2	1.424726E+3
8.863425E+2	1.419322E+3
8.865875E+2	1.414338E+3
8.868324E+2	1.409399E+3
8.870772E+2	1.404491E+3
8.873221E+2	1.400338E+3
8.875670E+2	1.395497E+3
8.878119E+2	1.390989E+3
8.880567E+2	1.386568E+3
8.883016E+2	1.382388E+3
8.885464E+2	1.378185E+3
8.887912E+2	1.373426E+3
8.890360E+2	1.368519E+3
8.892809E+2	1.363869E+3
8.895257E+2	1.359185E+3
8.897704E+2	1.354825E+3
8.900152E+2	1.349732E+3
8.902600E+2	1.345180E+3
8.905048E+2	1.340972E+3
8.907495E+2	1.335934E+3
8.909943E+2	1.331360E+3
8.912390E+2	1.326721E+3
8.914837E+2	1.322349E+3
8.917284E+2	1.318005E+3
8.919731E+2	1.313546E+3
8.922178E+2	1.308765E+3
8.924625E+2	1.304246E+3
8.927072E+2	1.300054E+3
8.929519E+2	1.295136E+3
8.931965E+2	1.290513E+3
8.934412E+2	1.285945E+3
8.936858E+2	1.281672E+3
8.939305E+2	1.277934E+3
8.941751E+2	1.273366E+3
8.944197E+2	1.268601E+3
8.946643E+2	1.263972E+3
8.949089E+2	1.259896E+3
8.951535E+2	1.254945E+3
8.953981E+2	1.249847E+3
8.956426E+2	1.245442E+3
8.958872E+2	1.241235E+3
8.961317E+2	1.237147E+3
8.963763E+2	1.233038E+3
8.966208E+2	1.228563E+3
8.968653E+2	1.223382E+3
8.971098E+2	1.219158E+3
8.973543E+2	1.214814E+3
8.975988E+2	1.210322E+3
8.978433E+2	1.206082E+3
8.980878E+2	1.201388E+3
8.983323E+2	1.196896E+3
8.985767E+2	1.192431E+3
8.988212E+2	1.188065E+3
8.990656E+2	1.183060E+3
8.993100E+2	1.179043E+3
8.995545E+2	1.175076E+3
8.997989E+2	1.170568E+3
9.000433E+2	1.165748E+3
9.002877E+2	1.161005E+3
9.005320E+2	1.156803E+3
9.007764E+2	1.152623E+3
9.010208E+2	1.148038E+3
9.012651E+2	1.143486E+3
9.015095E+2	1.139415E+3
9.017538E+2	1.135082E+3
9.019981E+2	1.131027E+3
9.022425E+2	1.126672E+3
9.024868E+2	1.122754E+3
9.027311E+2	1.118426E+3
9.029754E+2	1.114087E+3
9.032196E+2	1.109579E+3
9.034639E+2	1.105699E+3
9.037082E+2	1.101579E+3
9.039524E+2	1.097568E+3
9.041967E+2	1.093262E+3
9.044409E+2	1.089623E+3
9.046851E+2	1.085896E+3
9.049293E+2	1.082710E+3
9.051736E+2	1.078513E+3
9.054177E+2	1.074246E+3
9.056619E+2	1.070344E+3
9.059061E+2	1.066093E+3
9.061503E+2	1.061672E+3
9.063944E+2	1.057437E+3
9.066386E+2	1.053158E+3
9.068827E+2	1.048841E+3
9.071269E+2	1.045164E+3
9.073710E+2	1.040836E+3
9.076151E+2	1.036852E+3
9.078592E+2	1.032759E+3
9.081033E+2	1.028639E+3
9.083474E+2	1.024497E+3
9.085915E+2	1.020803E+3
9.088355E+2	1.016278E+3
9.090796E+2	1.012065E+3
9.093236E+2	1.007710E+3
9.095677E+2	1.003175E+3
9.098117E+2	9.985461E+2
9.100557E+2	9.947866E+2
9.102997E+2	9.906609E+2
9.105437E+2	9.860926E+2
9.107877E+2	9.815243E+2
9.110317E+2	9.774150E+2
9.112757E+2	9.731363E+2
9.115197E+2	9.693276E+2
9.117636E+2	9.657702E+2
9.120076E+2	9.616336E+2
9.122515E+2	9.571363E+2
9.124954E+2	9.527538E+2
9.127393E+2	9.485297E+2
9.129832E+2	9.447429E+2
9.132271E+2	9.407483E+2
9.134710E+2	9.368030E+2
9.137149E+2	9.319724E+2
9.139588E+2	9.279560E+2
9.142026E+2	9.232292E+2
9.144465E+2	9.183221E+2
9.146903E+2	9.138576E+2
9.149342E+2	9.093549E+2
9.151780E+2	9.053057E+2
9.154218E+2	9.010707E+2
9.156656E+2	8.965407E+2
9.159094E+2	8.922948E+2
9.161532E+2	8.882347E+2
9.163970E+2	8.839177E+2
9.166408E+2	8.799341E+2
9.168845E+2	8.758303E+2
9.171283E+2	8.714532E+2
9.173720E+2	8.673440E+2
9.176157E+2	8.635243E+2
9.178595E+2	8.593002E+2
9.181032E+2	8.550161E+2
9.183469E+2	8.501035E+2
9.185906E+2	8.457702E+2
9.188343E+2	8.411527E+2
9.190779E+2	8.372237E+2
9.193216E+2	8.325079E+2
9.195653E+2	8.276664E+2
9.198089E+2	8.229013E+2
9.200525E+2	8.184970E+2
9.202962E+2	8.144860E+2
9.205398E+2	8.098795E+2
9.207834E+2	8.055735E+2
9.210270E+2	8.013986E+2
9.212706E+2	7.970598E+2
9.215142E+2	7.929450E+2
9.217577E+2	7.885243E+2
9.220013E+2	7.838904E+2
9.222449E+2	7.794369E+2
9.224884E+2	7.755024E+2
9.227319E+2	7.709068E+2
9.229755E+2	7.663822E+2
9.232190E+2	7.618194E+2
9.234625E+2	7.569505E+2
9.237060E+2	7.526937E+2
9.239495E+2	7.481418E+2
9.241930E+2	7.432729E+2
9.244364E+2	7.385844E+2
9.246799E+2	7.339669E+2
9.249233E+2	7.291090E+2
9.251668E+2	7.246336E+2
9.254102E+2	7.201199E+2
9.256536E+2	7.156062E+2
9.258971E+2	7.109724E+2
9.261405E+2	7.061308E+2
9.263839E+2	7.011472E+2
9.266272E+2	6.962893E+2
9.268706E+2	6.914259E+2
9.271140E+2	6.867101E+2
9.273573E+2	6.813276E+2
9.276007E+2	6.763166E+2
9.278440E+2	6.709888E+2
9.280874E+2	6.654095E+2
9.283307E+2	6.599833E+2
9.285740E+2	6.553276E+2
9.288173E+2	6.501199E+2
9.290606E+2	6.448084E+2
9.293039E+2	6.400325E+2
9.295471E+2	6.345571E+2
9.297904E+2	6.295735E+2
9.300337E+2	6.241691E+2
9.302769E+2	6.185243E+2
9.305201E+2	6.132675E+2
9.307634E+2	6.076445E+2
9.310066E+2	6.019123E+2
9.312498E+2	5.961308E+2
9.314930E+2	5.900543E+2
9.317362E+2	5.838576E+2
9.319794E+2	5.777155E+2
9.322225E+2	5.715899E+2
9.324657E+2	5.649505E+2
9.327088E+2	5.587046E+2
9.329520E+2	5.526336E+2
9.331951E+2	5.468303E+2
9.334382E+2	5.408084E+2
9.336814E+2	5.347920E+2
9.339245E+2	5.284041E+2
9.341676E+2	5.222893E+2
9.344106E+2	5.166062E+2
9.346537E+2	5.107210E+2
9.348968E+2	5.049450E+2
9.351398E+2	4.988576E+2
9.353829E+2	4.931691E+2
9.356259E+2	4.872237E+2
9.358690E+2	4.814587E+2
9.361120E+2	4.752784E+2
9.363550E+2	4.692838E+2
9.365980E+2	4.637429E+2
9.368410E+2	4.579833E+2
9.370840E+2	4.526390E+2
9.373269E+2	4.464642E+2
9.375699E+2	4.412183E+2
9.378129E+2	4.358194E+2
9.380558E+2	4.303986E+2
9.382987E+2	4.251254E+2
9.385417E+2	4.199123E+2
9.387846E+2	4.143330E+2
9.390275E+2	4.099833E+2
9.392704E+2	4.055407E+2
9.395133E+2	4.011254E+2
9.397562E+2	3.964259E+2
9.399990E+2	3.917429E+2
9.402419E+2	3.871800E+2
9.404847E+2	3.828740E+2
9.407276E+2	3.786828E+2
9.409704E+2	3.745735E+2
9.412132E+2	3.701144E+2
9.414560E+2	3.662948E+2
9.416988E+2	3.620926E+2
9.419416E+2	3.583057E+2
9.421844E+2	3.548522E+2
9.424272E+2	3.508849E+2
9.426700E+2	3.474532E+2
9.429127E+2	3.441691E+2
9.431555E+2	3.409778E+2
9.433982E+2	3.376172E+2
9.436409E+2	3.342511E+2
9.438837E+2	3.317647E+2
9.441264E+2	3.291199E+2
9.443691E+2	3.267811E+2
9.446118E+2	3.243931E+2
9.448544E+2	3.224150E+2
9.450971E+2	3.203658E+2
9.453398E+2	3.182948E+2
9.455824E+2	3.163822E+2
9.458251E+2	3.148849E+2
9.460677E+2	3.136390E+2
9.463103E+2	3.121800E+2
9.465530E+2	3.108358E+2
9.467956E+2	3.097593E+2
9.470382E+2	3.084314E+2
9.472807E+2	3.077046E+2
9.475233E+2	3.067647E+2
9.477659E+2	3.059505E+2
9.480084E+2	3.052183E+2
9.482510E+2	3.047756E+2
9.484935E+2	3.047429E+2
9.487361E+2	3.044587E+2
9.489786E+2	3.047319E+2
9.492211E+2	3.041582E+2
9.494636E+2	3.037702E+2
9.497061E+2	3.031636E+2
9.499486E+2	3.026609E+2
9.501911E+2	3.029669E+2
9.504335E+2	3.026172E+2
9.506760E+2	3.021746E+2
9.509184E+2	3.022893E+2
9.511609E+2	3.025297E+2
9.514033E+2	3.028358E+2
9.516457E+2	3.028303E+2
9.518881E+2	3.026664E+2
9.521305E+2	3.026281E+2
9.523729E+2	3.028631E+2
9.526153E+2	3.031199E+2
9.528576E+2	3.030434E+2
9.531000E+2	3.030707E+2
9.533424E+2	3.033002E+2
9.535847E+2	3.034532E+2
9.538270E+2	3.031090E+2
9.540694E+2	3.030598E+2
9.543117E+2	3.028795E+2
9.545540E+2	3.029669E+2
9.547963E+2	3.031308E+2
9.550386E+2	3.033276E+2
9.552808E+2	3.031308E+2
9.555231E+2	3.028139E+2
9.557654E+2	3.021035E+2
9.560076E+2	3.024041E+2
9.562498E+2	3.018685E+2
9.564921E+2	3.019505E+2
9.567343E+2	3.015079E+2
9.569765E+2	3.013276E+2
9.572187E+2	3.010161E+2
9.574609E+2	3.005134E+2
9.577031E+2	3.000926E+2
9.579452E+2	2.995953E+2
9.581874E+2	2.996226E+2
9.584296E+2	2.997920E+2
9.586717E+2	2.995516E+2
9.589138E+2	2.989232E+2
9.591560E+2	2.987483E+2
9.593981E+2	2.982237E+2
9.596402E+2	2.974642E+2
9.598823E+2	2.968576E+2
9.601244E+2	2.960817E+2
9.603664E+2	2.959560E+2
9.606085E+2	2.951308E+2
9.608506E+2	2.942620E+2
9.610926E+2	2.936882E+2
9.613347E+2	2.931964E+2
9.615767E+2	2.922565E+2
9.618187E+2	2.918358E+2
9.620607E+2	2.908904E+2
9.623027E+2	2.902347E+2
9.625447E+2	2.895243E+2
9.627867E+2	2.885789E+2
9.630287E+2	2.875134E+2
9.632706E+2	2.863166E+2
9.635126E+2	2.852948E+2
9.637545E+2	2.843494E+2
9.639965E+2	2.841090E+2
9.642384E+2	2.833002E+2
9.644803E+2	2.826773E+2
9.647222E+2	2.818467E+2
9.649641E+2	2.805079E+2
9.652060E+2	2.797429E+2
9.654479E+2	2.788084E+2
9.656897E+2	2.776117E+2
9.659316E+2	2.763658E+2
9.661734E+2	2.747101E+2
9.664153E+2	2.735024E+2
9.666571E+2	2.724860E+2
9.668989E+2	2.722237E+2
9.671408E+2	2.712019E+2
9.673826E+2	2.701254E+2
9.676243E+2	2.695516E+2
9.678661E+2	2.685243E+2
9.681079E+2	2.672893E+2
9.683497E+2	2.663057E+2
9.685914E+2	2.652456E+2
9.688332E+2	2.641855E+2
9.690749E+2	2.631090E+2
9.693166E+2	2.619287E+2
9.695583E+2	2.607319E+2
9.698001E+2	2.595079E+2
9.700417E+2	2.580762E+2
9.702834E+2	2.567046E+2
9.705251E+2	2.556117E+2
9.707668E+2	2.542347E+2
9.710084E+2	2.530489E+2
9.712501E+2	2.519505E+2
9.714917E+2	2.510106E+2
9.717334E+2	2.502347E+2
9.719750E+2	2.492019E+2
9.722166E+2	2.483658E+2
9.724582E+2	2.475953E+2
9.726998E+2	2.462729E+2
9.729414E+2	2.446882E+2
9.731830E+2	2.428631E+2
9.734245E+2	2.413166E+2
9.736661E+2	2.398030E+2
9.739076E+2	2.385352E+2
9.741492E+2	2.369942E+2
9.743907E+2	2.357046E+2
9.746322E+2	2.343221E+2
9.748737E+2	2.331909E+2
9.751152E+2	2.318795E+2
9.753567E+2	2.302948E+2
9.755982E+2	2.290653E+2
9.758396E+2	2.277920E+2
9.760811E+2	2.263330E+2
9.763226E+2	2.255625E+2
9.765640E+2	2.240981E+2
9.768054E+2	2.225625E+2
9.770468E+2	2.209341E+2
9.772883E+2	2.198522E+2
9.775297E+2	2.188959E+2
9.777711E+2	2.177319E+2
9.780124E+2	2.163767E+2
9.782538E+2	2.151582E+2
9.784952E+2	2.135844E+2
9.787365E+2	2.117866E+2
9.789779E+2	2.105297E+2
9.792192E+2	2.093658E+2
9.794605E+2	2.079614E+2
9.797019E+2	2.068030E+2
9.799432E+2	2.053767E+2
9.801845E+2	2.041800E+2
9.804257E+2	2.034696E+2
9.806670E+2	2.025079E+2
9.809083E+2	2.013986E+2
9.811496E+2	2.006882E+2
9.813908E+2	1.993112E+2
9.816320E+2	1.973440E+2
9.818733E+2	1.958959E+2
9.821145E+2	1.946172E+2
9.823557E+2	1.934369E+2
9.825969E+2	1.924369E+2
9.828381E+2	1.910871E+2
9.830793E+2	1.902183E+2
9.833205E+2	1.891144E+2
9.835616E+2	1.879505E+2
9.838028E+2	1.865953E+2
9.840439E+2	1.855352E+2
9.842851E+2	1.842675E+2
9.845262E+2	1.830270E+2
9.847673E+2	1.822565E+2
9.850084E+2	1.812456E+2
9.852495E+2	1.805297E+2
9.854906E+2	1.794423E+2
9.857317E+2	1.784970E+2
9.859727E+2	1.770926E+2
9.862138E+2	1.760598E+2
9.864549E+2	1.749232E+2
9.866959E+2	1.739123E+2
9.869369E+2	1.726336E+2
9.871779E+2	1.713057E+2
9.874190E+2	1.703549E+2
9.876600E+2	1.696609E+2
9.879010E+2	1.693877E+2
9.881419E+2	1.686062E+2
9.883829E+2	1.680981E+2
9.886239E+2	1.667811E+2
9.888648E+2	1.661582E+2
9.891058E+2	1.656008E+2
9.893467E+2	1.652237E+2
9.895876E+2	1.644970E+2
9.898285E+2	1.632838E+2
9.900695E+2	1.628358E+2
9.903104E+2	1.620707E+2
9.905512E+2	1.614806E+2
9.907921E+2	1.609669E+2
9.910330E+2	1.602128E+2
9.912738E+2	1.596226E+2
9.915147E+2	1.595789E+2
9.917555E+2	1.594205E+2
9.919964E+2	1.588358E+2
9.922372E+2	1.578522E+2
9.924780E+2	1.570598E+2
9.927188E+2	1.561308E+2
9.929596E+2	1.554259E+2
9.932004E+2	1.545188E+2
9.934411E+2	1.536226E+2
9.936819E+2	1.526008E+2
9.939227E+2	1.517538E+2
9.941634E+2	1.513549E+2
9.944041E+2	1.507866E+2
9.946449E+2	1.503658E+2
9.948856E+2	1.497702E+2
9.951263E+2	1.486500E+2
9.953670E+2	1.477920E+2
9.956077E+2	1.474478E+2
9.958483E+2	1.465789E+2
9.960890E+2	1.459997E+2
9.963297E+2	1.452948E+2
9.965703E+2	1.443931E+2
9.968109E+2	1.439287E+2
9.970516E+2	1.427483E+2
9.972922E+2	1.417265E+2
9.975328E+2	1.409778E+2
9.977734E+2	1.398576E+2
9.980140E+2	1.388740E+2
9.982546E+2	1.381035E+2
9.984951E+2	1.375953E+2
9.987357E+2	1.364970E+2
9.989763E+2	1.358959E+2
9.992168E+2	1.351418E+2
9.994573E+2	1.341308E+2
9.996978E+2	1.333494E+2
9.999384E+2	1.323767E+2
1.000179E+3	1.311254E+2
1.000419E+3	1.301418E+2
1.000660E+3	1.292620E+2
1.000900E+3	1.283658E+2
1.001141E+3	1.273385E+2
1.001381E+3	1.267319E+2
1.001622E+3	1.260817E+2
1.001862E+3	1.254532E+2
1.002103E+3	1.247647E+2
1.002343E+3	1.239450E+2
1.002583E+3	1.230926E+2
1.002824E+3	1.219997E+2
1.003064E+3	1.210379E+2
1.003305E+3	1.202784E+2
1.003545E+3	1.193549E+2
1.003785E+3	1.182237E+2
1.004026E+3	1.170926E+2
1.004266E+3	1.164095E+2
1.004506E+3	1.157046E+2
1.004747E+3	1.148084E+2
1.004987E+3	1.135680E+2
1.005227E+3	1.123002E+2
1.005468E+3	1.110981E+2
1.005708E+3	1.096991E+2
1.005948E+3	1.086281E+2
1.006188E+3	1.075407E+2
1.006429E+3	1.065516E+2
1.006669E+3	1.054696E+2
1.006909E+3	1.048959E+2
1.007149E+3	1.041090E+2
1.007390E+3	1.037101E+2
1.007630E+3	1.024915E+2
1.007870E+3	1.015024E+2
1.008110E+3	1.005789E+2
1.008350E+3	1.001527E+2
1.008590E+3	9.949696E+1
1.008831E+3	9.866089E+1
1.009071E+3	9.756253E+1
1.009311E+3	9.650242E+1
1.009551E+3	9.533849E+1
1.009791E+3	9.456800E+1
1.010031E+3	9.357893E+1
1.010271E+3	9.264450E+1
1.010511E+3	9.160078E+1
1.010752E+3	9.122920E+1
1.010992E+3	9.067182E+1
1.011232E+3	9.014723E+1
1.011472E+3	8.911445E+1
1.011712E+3	8.822374E+1
1.011952E+3	8.753521E+1
1.012192E+3	8.678658E+1
1.012432E+3	8.587947E+1
1.012672E+3	8.496144E+1
1.012912E+3	8.464996E+1
1.013152E+3	8.358439E+1
1.013392E+3	8.278111E+1
1.013632E+3	8.195598E+1
1.013872E+3	8.138221E+1
1.014112E+3	8.059532E+1
1.014352E+3	7.997783E+1
1.014591E+3	7.947510E+1
1.014831E+3	7.903794E+1
1.015071E+3	7.847510E+1
1.015311E+3	7.792319E+1
1.015551E+3	7.711445E+1
1.015791E+3	7.631117E+1
1.016031E+3	7.571554E+1
1.016271E+3	7.497783E+1
1.016511E+3	7.429477E+1
1.016750E+3	7.381936E+1
1.016990E+3	7.289587E+1
1.017230E+3	7.192865E+1
1.017470E+3	7.154068E+1
1.017710E+3	7.101062E+1
1.017949E+3	7.037128E+1
1.018189E+3	6.968275E+1
1.018429E+3	6.896690E+1
1.018669E+3	6.854614E+1
1.018908E+3	6.749696E+1
1.019148E+3	6.667182E+1
1.019388E+3	6.595598E+1
1.019628E+3	6.547510E+1
1.019867E+3	6.520734E+1
1.020107E+3	6.465543E+1
1.020347E+3	6.407619E+1
1.020586E+3	6.310898E+1
1.020826E+3	6.218548E+1
1.021066E+3	6.122374E+1
1.021305E+3	6.057346E+1
1.021545E+3	6.009805E+1
1.021785E+3	5.939313E+1
1.022024E+3	5.877565E+1
1.022264E+3	5.868822E+1
1.022504E+3	5.832210E+1
1.022743E+3	5.789587E+1
1.022983E+3	5.733303E+1
1.023222E+3	5.640406E+1
1.023462E+3	5.552428E+1
1.023702E+3	5.473193E+1
1.023941E+3	5.427292E+1
1.024181E+3	5.433849E+1
1.024420E+3	5.373193E+1
1.024660E+3	5.338221E+1
1.024899E+3	5.274833E+1
1.025139E+3	5.229477E+1
1.025378E+3	5.125106E+1
1.025618E+3	5.075925E+1
1.025857E+3	5.018548E+1
1.026097E+3	4.928384E+1
1.026336E+3	4.894505E+1
1.026575E+3	4.838221E+1
1.026815E+3	4.785215E+1
1.027054E+3	4.752975E+1
1.027294E+3	4.734942E+1
1.027533E+3	4.645871E+1
1.027773E+3	4.636581E+1
1.028012E+3	4.620188E+1
1.028251E+3	4.571007E+1
1.028491E+3	4.520734E+1
1.028730E+3	4.487401E+1
1.028969E+3	4.433849E+1
1.029209E+3	4.379204E+1
1.029448E+3	4.339860E+1
1.029687E+3	4.337674E+1
1.029927E+3	4.302155E+1
1.030166E+3	4.277565E+1
1.030405E+3	4.246417E+1
1.030645E+3	4.147510E+1
1.030884E+3	4.072647E+1
1.031123E+3	4.000516E+1
1.031362E+3	3.958986E+1
1.031602E+3	3.971007E+1
1.031841E+3	3.933849E+1
1.032080E+3	3.889587E+1
1.032319E+3	3.827838E+1
1.032558E+3	3.798330E+1
1.032798E+3	3.772647E+1
1.033037E+3	3.742046E+1
1.033276E+3	3.667182E+1
1.033515E+3	3.654614E+1
1.033754E+3	3.615816E+1
1.033993E+3	3.597783E+1
1.034233E+3	3.569915E+1
1.034472E+3	3.530024E+1
1.034711E+3	3.518548E+1
1.034950E+3	3.488494E+1
1.035189E+3	3.455160E+1
1.035428E+3	3.408166E+1
1.035667E+3	3.372647E+1
1.035906E+3	3.349150E+1
1.036145E+3	3.344231E+1
1.036384E+3	3.338767E+1
1.036623E+3	3.294505E+1
1.036862E+3	3.268822E+1
1.037101E+3	3.243139E+1
1.037340E+3	3.220734E+1
1.037579E+3	3.169915E+1
1.037818E+3	3.141499E+1
1.038057E+3	3.128931E+1
1.038296E+3	3.144231E+1
1.038535E+3	3.138221E+1
1.038774E+3	3.092865E+1
1.039013E+3	3.052428E+1
1.039252E+3	2.997783E+1
1.039491E+3	2.991226E+1
1.039730E+3	2.969368E+1
1.039969E+3	2.995051E+1
1.040208E+3	2.931663E+1
1.040447E+3	2.884669E+1
1.040685E+3	2.904887E+1
1.040924E+3	2.896144E+1
1.041163E+3	2.866636E+1
1.041402E+3	2.828384E+1
1.041641E+3	2.827838E+1
1.041880E+3	2.791772E+1
1.042118E+3	2.777018E+1
1.042357E+3	2.723466E+1
1.042596E+3	2.684669E+1
1.042835E+3	2.663357E+1
1.043074E+3	2.613084E+1
1.043312E+3	2.583029E+1
1.043551E+3	2.566089E+1
1.043790E+3	2.580843E+1
1.044029E+3	2.583029E+1
1.044267E+3	2.510898E+1
1.044506E+3	2.490133E+1
1.044745E+3	2.457346E+1
1.044983E+3	2.457893E+1
1.045222E+3	2.472100E+1
1.045461E+3	2.491226E+1
1.045699E+3	2.474833E+1
1.045938E+3	2.433303E+1
1.046177E+3	2.345871E+1
1.046415E+3	2.311445E+1
1.046654E+3	2.267729E+1
1.046893E+3	2.267182E+1
1.047131E+3	2.263904E+1
1.047370E+3	2.283029E+1
1.047608E+3	2.272100E+1
1.047847E+3	2.279204E+1
1.048086E+3	2.261171E+1
1.048324E+3	2.274833E+1
1.048563E+3	2.245324E+1
1.048801E+3	2.239313E+1
1.049040E+3	2.227292E+1
1.049278E+3	2.186308E+1
1.049517E+3	2.198330E+1
1.049755E+3	2.241499E+1
1.049994E+3	2.258439E+1
1.050232E+3	2.257346E+1
1.050471E+3	2.204341E+1
1.050709E+3	2.121827E+1
1.050948E+3	2.079204E+1
1.051186E+3	2.093958E+1
1.051424E+3	2.060078E+1
1.051663E+3	2.018002E+1
1.051901E+3	1.972100E+1
1.052140E+3	1.933849E+1
1.052378E+3	1.963904E+1
1.052616E+3	1.940953E+1
1.052855E+3	1.928384E+1
1.053093E+3	1.892865E+1
1.053332E+3	1.860625E+1
1.053570E+3	1.890680E+1
1.053808E+3	1.913630E+1
1.054047E+3	1.905980E+1
1.054285E+3	1.909259E+1
1.054523E+3	1.854068E+1
1.054761E+3	1.868275E+1
1.055000E+3	1.881936E+1
1.055238E+3	1.845324E+1
1.055476E+3	1.811991E+1
1.055715E+3	1.819095E+1
1.055953E+3	1.802155E+1
1.056191E+3	1.762811E+1
1.056429E+3	1.759532E+1
1.056667E+3	1.773193E+1
1.056906E+3	1.780843E+1
1.057144E+3	1.761718E+1
1.057382E+3	1.743139E+1
1.057620E+3	1.749696E+1
1.057858E+3	1.751882E+1
1.058097E+3	1.753521E+1
1.058335E+3	1.689040E+1
1.058573E+3	1.660078E+1
1.058811E+3	1.683029E+1
1.059049E+3	1.724559E+1
1.059287E+3	1.712537E+1
1.059525E+3	1.678658E+1
1.059763E+3	1.614177E+1
1.060001E+3	1.600516E+1
1.060239E+3	1.615270E+1
1.060478E+3	1.617456E+1
1.060716E+3	1.632210E+1
1.060954E+3	1.646417E+1
1.061192E+3	1.672647E+1
1.061430E+3	1.655707E+1
1.061668E+3	1.601062E+1
1.061906E+3	1.560625E+1
1.062144E+3	1.529477E+1
1.062382E+3	1.486854E+1
1.062620E+3	1.459532E+1
1.062858E+3	1.414177E+1
1.063096E+3	1.390133E+1
1.063333E+3	1.382483E+1
1.063571E+3	1.342046E+1
1.063809E+3	1.326745E+1
1.064047E+3	1.297237E+1
1.064285E+3	1.273193E+1
1.064523E+3	1.259532E+1
1.064761E+3	1.245871E+1
1.064999E+3	1.251335E+1
1.065237E+3	1.266089E+1
1.065474E+3	1.281390E+1
1.065712E+3	1.218002E+1
1.065950E+3	1.177565E+1
1.066188E+3	1.210352E+1
1.066426E+3	1.232756E+1
1.066664E+3	1.238221E+1
1.066901E+3	1.187947E+1
1.067139E+3	1.200516E+1
1.067377E+3	1.183576E+1
1.067615E+3	1.183029E+1
1.067852E+3	1.186854E+1
1.068090E+3	1.126745E+1
1.068328E+3	1.081936E+1
1.068566E+3	1.046964E+1
1.068803E+3	9.917725E+0
1.069041E+3	9.721003E+0
1.069279E+3	9.420457E+0
1.069516E+3	9.190949E+0
1.069754E+3	9.147233E+0
1.069992E+3	9.070730E+0
1.070229E+3	8.775648E+0
1.070467E+3	8.797506E+0
1.070705E+3	8.912260E+0
1.070942E+3	8.644500E+0
1.071180E+3	8.201878E+0
1.071418E+3	7.781113E+0
1.071655E+3	7.835757E+0
1.071893E+3	7.633572E+0
1.072130E+3	7.573462E+0
1.072368E+3	7.513353E+0
1.072605E+3	7.032479E+0
1.072843E+3	7.283845E+0
1.073081E+3	7.136304E+0
1.073318E+3	7.027014E+0
1.073556E+3	6.524282E+0
1.073793E+3	6.496960E+0
1.074031E+3	6.628107E+0
1.074268E+3	6.884938E+0
1.074506E+3	7.125375E+0
1.074743E+3	7.158162E+0
1.074981E+3	6.912260E+0
1.075218E+3	7.103517E+0
1.075455E+3	7.087123E+0
1.075693E+3	6.731932E+0
1.075930E+3	6.513353E+0
1.076168E+3	6.518817E+0
1.076405E+3	6.731932E+0
1.076642E+3	6.841222E+0
1.076880E+3	6.955976E+0
1.077117E+3	6.906796E+0
1.077355E+3	7.081659E+0
1.077592E+3	7.436850E+0
1.077829E+3	7.436850E+0
1.078067E+3	7.901331E+0
1.078304E+3	8.152697E+0
1.078541E+3	8.595320E+0
1.078779E+3	8.830293E+0
1.079016E+3	8.923189E+0
1.079253E+3	9.169091E+0
1.079490E+3	9.005156E+0
1.079728E+3	9.119910E+0
1.079965E+3	8.671823E+0
1.080202E+3	8.775648E+0
1.080439E+3	8.742861E+0
1.080677E+3	8.649965E+0
1.080914E+3	8.824828E+0
1.081151E+3	8.895867E+0
1.081388E+3	9.169091E+0
1.081625E+3	9.174555E+0
1.081863E+3	8.737397E+0
1.082100E+3	8.480566E+0
1.082337E+3	8.119910E+0
1.082574E+3	8.475102E+0
1.082811E+3	8.710074E+0
1.083048E+3	8.704610E+0
1.083285E+3	8.529746E+0
1.083522E+3	8.349419E+0
1.083760E+3	8.524282E+0
1.083997E+3	8.644500E+0
1.084234E+3	8.835757E+0
1.084471E+3	8.879473E+0
1.084708E+3	9.070730E+0
1.084945E+3	9.234664E+0
1.085182E+3	9.130839E+0
1.085419E+3	9.496960E+0
1.085656E+3	9.868544E+0
1.085893E+3	1.020734E+1
1.086130E+3	1.028384E+1
1.086367E+3	1.057346E+1
1.086604E+3	1.074286E+1
1.086841E+3	1.081936E+1
1.087078E+3	1.085215E+1
1.087315E+3	1.082483E+1
1.087552E+3	1.081936E+1
1.087789E+3	1.071007E+1
1.088026E+3	1.049150E+1
1.088262E+3	1.026199E+1
1.088499E+3	1.027292E+1
1.088736E+3	1.042592E+1
1.088973E+3	9.955976E+0
1.089210E+3	9.770184E+0
1.089447E+3	9.857615E+0
1.089684E+3	9.726468E+0
1.089921E+3	9.589856E+0
1.090157E+3	1.004341E+1
1.090394E+3	1.008712E+1
1.090631E+3	1.034395E+1
1.090868E+3	9.906796E+0
1.091105E+3	9.770184E+0
1.091341E+3	9.808435E+0
1.091578E+3	9.895867E+0
1.091815E+3	9.699145E+0
1.092052E+3	9.699145E+0
1.092288E+3	9.846686E+0
1.092525E+3	9.693681E+0
1.092762E+3	9.229200E+0
1.092999E+3	8.994227E+0
1.093235E+3	8.633572E+0
1.093472E+3	8.196413E+0
1.093709E+3	7.857615E+0
1.093945E+3	7.939582E+0
1.094182E+3	7.535211E+0
1.094419E+3	7.628107E+0
1.094655E+3	7.546140E+0
1.094892E+3	7.721003E+0
1.095128E+3	7.819364E+0
1.095365E+3	7.644500E+0
1.095602E+3	7.759255E+0
1.095838E+3	7.655429E+0
1.096075E+3	7.464173E+0
1.096311E+3	7.879473E+0
1.096548E+3	7.841222E+0
1.096784E+3	7.966905E+0
1.097021E+3	8.005156E+0
1.097258E+3	7.966905E+0
1.097494E+3	7.945047E+0
1.097731E+3	8.425921E+0
1.097967E+3	8.611714E+0
1.098204E+3	8.710074E+0
1.098440E+3	8.589856E+0
1.098677E+3	8.906796E+0
1.098913E+3	9.098052E+0
1.099149E+3	9.032479E+0
1.099386E+3	8.819364E+0
1.099622E+3	8.890402E+0
1.099859E+3	8.589856E+0
1.100095E+3	8.174555E+0
1.100332E+3	8.283845E+0
1.100568E+3	8.327561E+0
1.100804E+3	8.212807E+0
1.101041E+3	8.147233E+0
1.101277E+3	8.289309E+0
1.101513E+3	8.666358E+0
1.101750E+3	8.830293E+0
1.101986E+3	9.360347E+0
1.102222E+3	9.349419E+0
1.102459E+3	9.660894E+0
1.102695E+3	1.018002E+1
1.102931E+3	9.939582E+0
1.103168E+3	9.682752E+0
1.103404E+3	1.006527E+1
1.103640E+3	9.977834E+0
1.103876E+3	1.022374E+1
1.104113E+3	1.049150E+1
1.104349E+3	1.037674E+1
1.104585E+3	1.036035E+1
1.104821E+3	1.015270E+1
1.105057E+3	9.966905E+0
1.105294E+3	1.007073E+1
1.105530E+3	1.037674E+1
1.105766E+3	1.039860E+1
1.106002E+3	1.048057E+1
1.106238E+3	1.071554E+1
1.106474E+3	1.071007E+1
1.106711E+3	1.038767E+1
1.106947E+3	1.002701E+1
1.107183E+3	1.000516E+1
1.107419E+3	9.611714E+0
1.107655E+3	9.371276E+0
1.107891E+3	1.000516E+1
1.108127E+3	1.569915E+1
1.108363E+3	1.936581E+1
1.108599E+3	2.169915E+1
1.108835E+3	2.403248E+1
1.109071E+3	3.503248E+1
1.109307E+3	1.069915E+1
1.109543E+3	1.869915E+1
1.109779E+3	2.469915E+1
1.110015E+3	4.365812E+0
1.110251E+3	-7.634188E+0
1.110487E+3	2.269915E+1
1.110723E+3	-1.634188E+0
1.110959E+3	2.103248E+1
1.111195E+3	2.936581E+1
1.111431E+3	1.032479E+0
1.111667E+3	2.203248E+1
1.111903E+3	-9.300855E+0
1.112139E+3	-2.967521E+0
1.112375E+3	6.699145E+0
1.112611E+3	1.569915E+1
1.112847E+3	1.003248E+1
1.113082E+3	9.365812E+0
1.113318E+3	1.369915E+1
1.113554E+3	1.503248E+1
1.113790E+3	4.365812E+0
1.114026E+3	-6.634188E+0
1.114262E+3	-8.634188E+0
1.114497E+3	-4.300855E+0
1.114733E+3	-2.300855E+0
1.114969E+3	2.836581E+1
