1.951292E+2	0.000000E+0
1.953960E+2	0.000000E+0
1.956629E+2	0.000000E+0
1.959298E+2	0.000000E+0
1.961966E+2	0.000000E+0
1.964635E+2	0.000000E+0
1.967303E+2	0.000000E+0
1.969972E+2	0.000000E+0
1.972640E+2	0.000000E+0
1.975308E+2	0.000000E+0
1.977977E+2	0.000000E+0
1.980645E+2	0.000000E+0
1.983313E+2	0.000000E+0
1.985981E+2	0.000000E+0
1.988649E+2	0.000000E+0
1.991316E+2	0.000000E+0
1.993984E+2	0.000000E+0
1.996652E+2	0.000000E+0
1.999320E+2	0.000000E+0
2.001987E+2	0.000000E+0
2.004655E+2	0.000000E+0
2.007322E+2	0.000000E+0
2.009989E+2	0.000000E+0
2.012657E+2	0.000000E+0
2.015324E+2	0.000000E+0
2.017991E+2	0.000000E+0
2.020658E+2	0.000000E+0
2.023325E+2	0.000000E+0
2.025992E+2	0.000000E+0
2.028659E+2	0.000000E+0
2.031326E+2	0.000000E+0
2.033992E+2	0.000000E+0
2.036659E+2	0.000000E+0
2.039325E+2	0.000000E+0
2.041992E+2	0.000000E+0
2.044658E+2	0.000000E+0
2.047325E+2	0.000000E+0
2.049991E+2	0.000000E+0
2.052657E+2	0.000000E+0
2.055323E+2	0.000000E+0
2.057989E+2	0.000000E+0
2.060655E+2	0.000000E+0
2.063321E+2	0.000000E+0
2.065987E+2	0.000000E+0
2.068653E+2	0.000000E+0
2.071319E+2	0.000000E+0
2.073984E+2	0.000000E+0
2.076650E+2	0.000000E+0
2.079315E+2	0.000000E+0
2.081981E+2	0.000000E+0
2.084646E+2	0.000000E+0
2.087311E+2	0.000000E+0
2.089977E+2	0.000000E+0
2.092642E+2	0.000000E+0
2.095307E+2	0.000000E+0
2.097972E+2	0.000000E+0
2.100637E+2	0.000000E+0
2.103302E+2	0.000000E+0
2.105966E+2	0.000000E+0
2.108631E+2	0.000000E+0
2.111296E+2	0.000000E+0
2.113960E+2	0.000000E+0
2.116625E+2	0.000000E+0
2.119289E+2	0.000000E+0
2.121954E+2	0.000000E+0
2.124618E+2	0.000000E+0
2.127282E+2	0.000000E+0
2.129946E+2	0.000000E+0
2.132610E+2	0.000000E+0
2.135274E+2	0.000000E+0
2.137938E+2	0.000000E+0
2.140602E+2	0.000000E+0
2.143266E+2	0.000000E+0
2.145930E+2	0.000000E+0
2.148593E+2	0.000000E+0
2.151257E+2	0.000000E+0
2.153920E+2	0.000000E+0
2.156584E+2	0.000000E+0
2.159247E+2	0.000000E+0
2.161910E+2	0.000000E+0
2.164574E+2	0.000000E+0
2.167237E+2	0.000000E+0
2.169900E+2	0.000000E+0
2.172563E+2	0.000000E+0
2.175226E+2	0.000000E+0
2.177889E+2	0.000000E+0
2.180551E+2	0.000000E+0
2.183214E+2	0.000000E+0
2.185877E+2	0.000000E+0
2.188539E+2	0.000000E+0
2.191202E+2	0.000000E+0
2.193864E+2	0.000000E+0
2.196527E+2	0.000000E+0
2.199189E+2	0.000000E+0
2.201851E+2	0.000000E+0
2.204513E+2	0.000000E+0
2.207175E+2	0.000000E+0
2.209837E+2	0.000000E+0
2.212499E+2	0.000000E+0
2.215161E+2	0.000000E+0
2.217823E+2	0.000000E+0
2.220485E+2	0.000000E+0
2.223146E+2	0.000000E+0
2.225808E+2	0.000000E+0
2.228469E+2	0.000000E+0
2.231131E+2	0.000000E+0
2.233792E+2	0.000000E+0
2.236453E+2	0.000000E+0
2.239115E+2	0.000000E+0
2.241776E+2	0.000000E+0
2.244437E+2	0.000000E+0
2.247098E+2	0.000000E+0
2.249759E+2	0.000000E+0
2.252420E+2	0.000000E+0
2.255080E+2	0.000000E+0
2.257741E+2	0.000000E+0
2.260402E+2	0.000000E+0
2.263062E+2	0.000000E+0
2.265723E+2	0.000000E+0
2.268383E+2	0.000000E+0
2.271044E+2	0.000000E+0
2.273704E+2	0.000000E+0
2.276364E+2	0.000000E+0
2.279024E+2	0.000000E+0
2.281684E+2	0.000000E+0
2.284344E+2	0.000000E+0
2.287004E+2	0.000000E+0
2.289664E+2	0.000000E+0
2.292324E+2	0.000000E+0
2.294984E+2	0.000000E+0
2.297643E+2	0.000000E+0
2.300303E+2	0.000000E+0
2.302962E+2	0.000000E+0
2.305622E+2	0.000000E+0
2.308281E+2	0.000000E+0
2.310940E+2	0.000000E+0
2.313599E+2	0.000000E+0
2.316259E+2	0.000000E+0
2.318918E+2	0.000000E+0
2.321577E+2	0.000000E+0
2.324236E+2	0.000000E+0
2.326894E+2	0.000000E+0
2.329553E+2	0.000000E+0
2.332212E+2	0.000000E+0
2.334871E+2	0.000000E+0
2.337529E+2	0.000000E+0
2.340188E+2	0.000000E+0
2.342846E+2	0.000000E+0
2.345504E+2	0.000000E+0
2.348163E+2	0.000000E+0
2.350821E+2	0.000000E+0
2.353479E+2	0.000000E+0
2.356137E+2	0.000000E+0
2.358795E+2	0.000000E+0
2.361453E+2	0.000000E+0
2.364111E+2	0.000000E+0
2.366769E+2	0.000000E+0
2.369426E+2	0.000000E+0
2.372084E+2	0.000000E+0
2.374741E+2	0.000000E+0
2.377399E+2	0.000000E+0
2.380056E+2	0.000000E+0
2.382714E+2	0.000000E+0
2.385371E+2	0.000000E+0
2.388028E+2	0.000000E+0
2.390685E+2	0.000000E+0
2.393342E+2	0.000000E+0
2.395999E+2	0.000000E+0
2.398656E+2	0.000000E+0
2.401313E+2	0.000000E+0
2.403970E+2	0.000000E+0
2.406626E+2	0.000000E+0
2.409283E+2	0.000000E+0
2.411940E+2	0.000000E+0
2.414596E+2	0.000000E+0
2.417252E+2	0.000000E+0
2.419909E+2	0.000000E+0
2.422565E+2	0.000000E+0
2.425221E+2	0.000000E+0
2.427877E+2	0.000000E+0
2.430533E+2	0.000000E+0
2.433189E+2	0.000000E+0
2.435845E+2	0.000000E+0
2.438501E+2	0.000000E+0
2.441157E+2	0.000000E+0
2.443812E+2	0.000000E+0
2.446468E+2	0.000000E+0
2.449124E+2	0.000000E+0
2.451779E+2	0.000000E+0
2.454434E+2	0.000000E+0
2.457090E+2	0.000000E+0
2.459745E+2	0.000000E+0
2.462400E+2	0.000000E+0
2.465055E+2	0.000000E+0
2.467710E+2	0.000000E+0
2.470365E+2	0.000000E+0
2.473020E+2	0.000000E+0
2.475675E+2	0.000000E+0
2.478330E+2	0.000000E+0
2.480984E+2	0.000000E+0
2.483639E+2	0.000000E+0
2.486294E+2	0.000000E+0
2.488948E+2	0.000000E+0
2.491602E+2	0.000000E+0
2.494257E+2	0.000000E+0
2.496911E+2	0.000000E+0
2.499565E+2	0.000000E+0
2.502219E+2	7.283200E+0
2.504873E+2	7.376096E+0
2.507527E+2	7.326916E+0
2.510181E+2	7.436206E+0
2.512835E+2	7.813255E+0
2.515489E+2	8.086479E+0
2.518142E+2	8.113801E+0
2.520796E+2	8.605605E+0
2.523449E+2	8.884293E+0
2.526103E+2	9.026370E+0
2.528756E+2	9.048228E+0
2.531409E+2	8.884293E+0
2.534063E+2	9.075550E+0
2.536716E+2	9.479922E+0
2.539369E+2	9.687572E+0
2.542022E+2	1.020670E+1
2.544675E+2	1.022309E+1
2.547328E+2	1.035970E+1
2.549980E+2	1.077500E+1
2.552633E+2	1.092254E+1
2.555286E+2	1.100451E+1
2.557938E+2	1.112473E+1
2.560591E+2	1.134877E+1
2.563243E+2	1.163293E+1
2.565896E+2	1.187883E+1
2.568548E+2	1.229413E+1
2.571200E+2	1.246353E+1
2.573852E+2	1.260014E+1
2.576504E+2	1.257282E+1
2.579156E+2	1.263293E+1
2.581808E+2	1.283511E+1
2.584460E+2	1.298812E+1
2.587112E+2	1.315752E+1
2.589763E+2	1.315752E+1
2.592415E+2	1.317391E+1
2.595067E+2	1.337063E+1
2.597718E+2	1.353457E+1
2.600369E+2	1.360560E+1
2.603021E+2	1.361107E+1
2.605672E+2	1.381325E+1
2.608323E+2	1.376407E+1
2.610974E+2	1.354550E+1
2.613625E+2	1.337063E+1
2.616276E+2	1.333238E+1
2.618927E+2	1.329959E+1
2.621578E+2	1.360014E+1
2.624229E+2	1.346899E+1
2.626880E+2	1.355096E+1
2.629530E+2	1.380779E+1
2.632181E+2	1.354550E+1
2.634831E+2	1.351271E+1
2.637482E+2	1.343621E+1
2.640132E+2	1.360560E+1
2.642782E+2	1.328866E+1
2.645432E+2	1.309741E+1
2.648082E+2	1.317938E+1
2.650732E+2	1.315205E+1
2.653382E+2	1.314659E+1
2.656032E+2	1.287883E+1
2.658682E+2	1.285151E+1
2.661332E+2	1.266025E+1
2.663981E+2	1.269304E+1
2.666631E+2	1.277500E+1
2.669281E+2	1.294987E+1
2.671930E+2	1.266571E+1
2.674579E+2	1.215752E+1
2.677229E+2	1.208648E+1
2.679878E+2	1.192254E+1
2.682527E+2	1.142528E+1
2.685176E+2	1.097172E+1
2.687825E+2	1.075315E+1
2.690474E+2	1.076954E+1
2.693123E+2	1.069304E+1
2.695772E+2	1.054003E+1
2.698420E+2	1.029959E+1
2.701069E+2	9.933473E+0
2.703718E+2	9.600140E+0
2.706366E+2	9.501779E+0
2.709014E+2	9.414348E+0
2.711663E+2	8.895222E+0
2.714311E+2	8.594676E+0
2.716959E+2	8.430741E+0
2.719607E+2	8.370632E+0
2.722255E+2	8.277736E+0
2.724903E+2	7.867900E+0
2.727551E+2	7.895222E+0
2.730199E+2	7.643856E+0
2.732847E+2	7.682107E+0
2.735495E+2	7.589211E+0
2.738142E+2	7.561889E+0
2.740790E+2	7.938938E+0
2.743437E+2	7.720359E+0
2.746085E+2	7.507244E+0
2.748732E+2	7.425277E+0
2.751379E+2	7.441670E+0
2.754026E+2	7.529102E+0
2.756674E+2	7.266807E+0
2.759321E+2	7.004512E+0
2.761968E+2	6.889758E+0
2.764614E+2	6.917080E+0
2.767261E+2	6.835113E+0
2.769908E+2	6.714894E+0
2.772555E+2	6.829648E+0
2.775201E+2	6.960796E+0
2.777848E+2	6.900687E+0
2.780494E+2	6.922544E+0
2.783141E+2	6.802326E+0
2.785787E+2	6.851506E+0
2.788433E+2	6.747681E+0
2.791079E+2	6.392490E+0
2.793725E+2	6.403419E+0
2.796371E+2	6.452599E+0
2.799017E+2	6.354238E+0
2.801663E+2	6.108337E+0
2.804309E+2	6.299594E+0
2.806955E+2	6.370632E+0
2.809600E+2	6.387025E+0
2.812246E+2	6.315987E+0
2.814891E+2	6.381561E+0
2.817537E+2	6.381561E+0
2.820182E+2	6.408883E+0
2.822827E+2	6.496315E+0
2.825473E+2	6.463528E+0
2.828118E+2	6.294129E+0
2.830763E+2	6.048228E+0
2.833408E+2	6.026370E+0
2.836053E+2	6.272271E+0
2.838697E+2	6.075550E+0
2.841342E+2	6.075550E+0
2.843987E+2	6.173911E+0
2.846632E+2	6.490850E+0
2.849276E+2	6.873364E+0
2.851921E+2	7.004512E+0
2.854565E+2	6.966260E+0
2.857209E+2	6.714894E+0
2.859853E+2	6.458064E+0
2.862498E+2	6.496315E+0
2.865142E+2	6.392490E+0
2.867786E+2	6.550960E+0
2.870430E+2	6.512708E+0
2.873074E+2	6.381561E+0
2.875717E+2	6.419812E+0
2.878361E+2	6.223091E+0
2.881005E+2	6.184840E+0
2.883648E+2	5.949867E+0
2.886292E+2	5.802326E+0
2.888935E+2	5.671178E+0
2.891579E+2	5.687572E+0
2.894222E+2	5.676643E+0
2.896865E+2	5.780468E+0
2.899508E+2	5.742217E+0
2.902151E+2	5.540031E+0
2.904794E+2	5.572818E+0
2.907437E+2	5.796861E+0
2.910080E+2	5.523637E+0
2.912723E+2	5.556424E+0
2.915366E+2	5.638391E+0
2.918008E+2	5.824184E+0
2.920651E+2	5.813255E+0
2.923293E+2	5.769539E+0
2.925936E+2	5.671178E+0
2.928578E+2	5.671178E+0
2.931220E+2	5.802326E+0
2.933863E+2	5.785932E+0
2.936505E+2	5.824184E+0
2.939147E+2	5.971725E+0
2.941789E+2	5.917080E+0
2.944431E+2	5.824184E+0
2.947072E+2	5.884293E+0
2.949714E+2	5.791397E+0
2.952356E+2	5.933473E+0
2.954997E+2	5.977189E+0
2.957639E+2	5.824184E+0
2.960280E+2	6.168446E+0
2.962922E+2	6.518173E+0
2.965563E+2	6.496315E+0
2.968204E+2	6.283200E+0
2.970845E+2	6.146588E+0
2.973486E+2	5.993583E+0
2.976127E+2	5.736752E+0
2.978768E+2	5.884293E+0
2.981409E+2	6.015441E+0
2.984050E+2	6.162982E+0
2.986691E+2	6.059157E+0
2.989331E+2	6.113801E+0
2.991972E+2	6.343310E+0
2.994612E+2	6.124730E+0
2.997253E+2	5.791397E+0
2.999893E+2	6.037299E+0
3.002534E+2	5.960796E+0
3.005174E+2	5.900687E+0
3.007814E+2	5.660249E+0
3.010454E+2	5.458064E+0
3.013094E+2	5.326916E+0
3.015734E+2	5.283200E+0
3.018374E+2	5.354238E+0
3.021013E+2	5.326916E+0
3.023653E+2	5.408883E+0
3.026293E+2	5.168446E+0
3.028932E+2	5.048228E+0
3.031572E+2	5.020905E+0
3.034211E+2	5.141124E+0
3.036850E+2	5.212162E+0
3.039489E+2	5.425277E+0
3.042129E+2	5.627463E+0
3.044768E+2	5.769539E+0
3.047407E+2	5.911616E+0
3.050046E+2	5.736752E+0
3.052685E+2	5.638391E+0
3.055323E+2	5.725823E+0
3.057962E+2	5.769539E+0
3.060601E+2	6.059157E+0
3.063239E+2	6.004512E+0
3.065878E+2	6.026370E+0
3.068516E+2	5.824184E+0
3.071155E+2	6.091943E+0
3.073793E+2	6.015441E+0
3.076431E+2	5.736752E+0
3.079069E+2	5.671178E+0
3.081707E+2	5.938938E+0
3.084345E+2	6.015441E+0
3.086983E+2	6.168446E+0
3.089621E+2	6.152053E+0
3.092259E+2	6.141124E+0
3.094896E+2	6.201233E+0
3.097534E+2	6.283200E+0
3.100171E+2	6.157517E+0
3.102809E+2	6.162982E+0
3.105446E+2	6.305058E+0
3.108084E+2	6.430741E+0
3.110721E+2	6.567353E+0
3.113358E+2	6.731288E+0
3.115995E+2	6.676643E+0
3.118632E+2	6.430741E+0
3.121269E+2	6.288665E+0
3.123906E+2	6.152053E+0
3.126543E+2	5.922544E+0
3.129179E+2	5.895222E+0
3.131816E+2	5.807790E+0
3.134453E+2	5.960796E+0
3.137089E+2	5.900687E+0
3.139725E+2	5.960796E+0
3.142362E+2	5.829648E+0
3.144998E+2	5.867900E+0
3.147634E+2	5.889758E+0
3.150270E+2	5.955331E+0
3.152906E+2	5.835113E+0
3.155542E+2	6.310523E+0
3.158178E+2	6.529102E+0
3.160814E+2	6.321452E+0
3.163450E+2	6.310523E+0
3.166086E+2	6.490850E+0
3.168721E+2	6.567353E+0
3.171357E+2	6.468993E+0
3.173992E+2	6.326916E+0
3.176627E+2	6.567353E+0
3.179263E+2	6.682107E+0
3.181898E+2	6.895222E+0
3.184533E+2	6.802326E+0
3.187168E+2	6.949867E+0
3.189803E+2	6.621998E+0
3.192438E+2	6.534566E+0
3.195073E+2	6.660249E+0
3.197708E+2	6.764075E+0
3.200342E+2	6.742217E+0
3.202977E+2	6.922544E+0
3.205612E+2	7.081014E+0
3.208246E+2	7.244949E+0
3.210881E+2	7.616534E+0
3.213515E+2	7.720359E+0
3.216149E+2	7.627463E+0
3.218783E+2	7.578282E+0
3.221417E+2	7.376096E+0
3.224051E+2	7.283200E+0
3.226685E+2	7.217626E+0
3.229319E+2	7.239484E+0
3.231953E+2	7.305058E+0
3.234587E+2	7.206697E+0
3.237221E+2	7.239484E+0
3.239854E+2	7.168446E+0
3.242488E+2	7.053692E+0
3.245121E+2	6.999047E+0
3.247754E+2	6.835113E+0
3.250388E+2	6.807790E+0
3.253021E+2	6.988118E+0
3.255654E+2	7.162982E+0
3.258287E+2	7.152053E+0
3.260920E+2	7.130195E+0
3.263553E+2	7.119266E+0
3.266186E+2	7.064621E+0
3.268819E+2	7.037299E+0
3.271451E+2	7.015441E+0
3.274084E+2	6.840577E+0
3.276717E+2	7.026370E+0
3.279349E+2	7.561889E+0
3.281981E+2	7.425277E+0
3.284614E+2	7.430741E+0
3.287246E+2	7.567353E+0
3.289878E+2	7.693036E+0
3.292510E+2	7.966260E+0
3.295142E+2	8.037299E+0
3.297774E+2	8.354238E+0
3.300406E+2	8.113801E+0
3.303038E+2	8.009976E+0
3.305670E+2	7.922544E+0
3.308301E+2	8.053692E+0
3.310933E+2	7.977189E+0
3.313564E+2	7.895222E+0
3.316196E+2	7.802326E+0
3.318827E+2	7.813255E+0
3.321458E+2	7.862435E+0
3.324089E+2	7.982654E+0
3.326721E+2	7.938938E+0
3.329352E+2	7.971725E+0
3.331983E+2	7.895222E+0
3.334614E+2	8.217626E+0
3.337244E+2	8.026370E+0
3.339875E+2	7.955331E+0
3.342506E+2	7.906151E+0
3.345136E+2	8.108337E+0
3.347767E+2	7.911616E+0
3.350397E+2	8.042763E+0
3.353028E+2	8.020905E+0
3.355658E+2	7.971725E+0
3.358288E+2	7.971725E+0
3.360918E+2	7.911616E+0
3.363548E+2	7.775004E+0
3.366178E+2	7.589211E+0
3.368808E+2	7.578282E+0
3.371438E+2	7.294129E+0
3.374068E+2	7.113801E+0
3.376698E+2	7.009976E+0
3.379327E+2	6.856971E+0
3.381957E+2	6.725823E+0
3.384586E+2	6.742217E+0
3.387216E+2	6.884293E+0
3.389845E+2	6.747681E+0
3.392474E+2	6.458064E+0
3.395103E+2	6.501779E+0
3.397733E+2	6.315987E+0
3.400362E+2	6.206697E+0
3.402990E+2	6.075550E+0
3.405619E+2	6.168446E+0
3.408248E+2	6.201233E+0
3.410877E+2	6.135659E+0
3.413506E+2	6.004512E+0
3.416134E+2	5.703965E+0
3.418763E+2	5.600140E+0
3.421391E+2	5.660249E+0
3.424019E+2	5.436206E+0
3.426648E+2	5.507244E+0
3.429276E+2	5.818719E+0
3.431904E+2	5.949867E+0
3.434532E+2	5.966260E+0
3.437160E+2	5.835113E+0
3.439788E+2	5.627463E+0
3.442416E+2	5.605605E+0
3.445043E+2	5.627463E+0
3.447671E+2	5.649320E+0
3.450299E+2	5.550960E+0
3.452926E+2	5.321452E+0
3.455554E+2	5.070085E+0
3.458181E+2	4.807790E+0
3.460808E+2	4.572818E+0
3.463436E+2	4.742217E+0
3.466063E+2	4.682107E+0
3.468690E+2	4.561889E+0
3.471317E+2	4.452599E+0
3.473944E+2	4.479922E+0
3.476570E+2	4.534566E+0
3.479197E+2	4.660249E+0
3.481824E+2	4.621998E+0
3.484451E+2	4.501779E+0
3.487077E+2	4.414348E+0
3.489704E+2	4.184840E+0
3.492330E+2	4.250413E+0
3.494956E+2	4.015441E+0
3.497582E+2	4.130195E+0
3.500209E+2	3.846042E+0
3.502835E+2	3.988118E+0
3.505461E+2	3.572818E+0
3.508087E+2	3.714894E+0
3.510713E+2	3.835113E+0
3.513338E+2	3.764075E+0
3.515964E+2	3.605605E+0
3.518590E+2	3.414348E+0
3.521215E+2	3.441670E+0
3.523841E+2	3.266807E+0
3.526466E+2	3.321452E+0
3.529091E+2	3.550960E+0
3.531717E+2	3.616534E+0
3.534342E+2	3.895222E+0
3.536967E+2	3.884293E+0
3.539592E+2	3.999047E+0
3.542217E+2	4.015441E+0
3.544842E+2	4.130195E+0
3.547467E+2	3.884293E+0
3.550091E+2	3.977189E+0
3.552716E+2	4.195769E+0
3.555341E+2	4.294129E+0
3.557965E+2	4.414348E+0
3.560590E+2	4.758610E+0
3.563214E+2	4.982654E+0
3.565838E+2	4.802326E+0
3.568462E+2	4.632927E+0
3.571086E+2	4.785932E+0
3.573711E+2	4.993583E+0
3.576335E+2	5.179375E+0
3.578958E+2	5.157517E+0
3.581582E+2	5.064621E+0
3.584206E+2	5.070085E+0
3.586830E+2	4.928009E+0
3.589453E+2	4.545495E+0
3.592077E+2	4.310523E+0
3.594700E+2	4.392490E+0
3.597324E+2	4.649320E+0
3.599947E+2	4.468993E+0
3.602570E+2	4.627463E+0
3.605193E+2	4.523637E+0
3.607816E+2	4.632927E+0
3.610439E+2	5.075550E+0
3.613062E+2	5.239484E+0
3.615685E+2	5.337845E+0
3.618308E+2	5.408883E+0
3.620930E+2	5.693036E+0
3.623553E+2	5.600140E+0
3.626176E+2	5.436206E+0
3.628798E+2	5.501779E+0
3.631420E+2	5.441670E+0
3.634043E+2	5.359703E+0
3.636665E+2	5.447135E+0
3.639287E+2	5.310523E+0
3.641909E+2	5.288665E+0
3.644531E+2	5.441670E+0
3.647153E+2	5.354238E+0
3.649775E+2	5.419812E+0
3.652397E+2	5.867900E+0
3.655018E+2	5.878829E+0
3.657640E+2	5.791397E+0
3.660262E+2	6.255878E+0
3.662883E+2	6.190304E+0
3.665505E+2	6.529102E+0
3.668126E+2	6.397954E+0
3.670747E+2	6.392490E+0
3.673368E+2	6.414348E+0
3.675989E+2	6.425277E+0
3.678610E+2	6.594676E+0
3.681231E+2	6.764075E+0
3.683852E+2	6.780468E+0
3.686473E+2	6.911616E+0
3.689094E+2	6.840577E+0
3.691714E+2	6.835113E+0
3.694335E+2	6.676643E+0
3.696955E+2	6.846042E+0
3.699576E+2	6.780468E+0
3.702196E+2	6.911616E+0
3.704816E+2	6.960796E+0
3.707437E+2	7.075550E+0
3.710057E+2	7.425277E+0
3.712677E+2	7.447135E+0
3.715297E+2	7.168446E+0
3.717917E+2	7.250413E+0
3.720536E+2	7.031834E+0
3.723156E+2	6.900687E+0
3.725776E+2	7.359703E+0
3.728395E+2	7.785932E+0
3.731015E+2	7.687572E+0
3.733634E+2	7.594676E+0
3.736254E+2	7.523637E+0
3.738873E+2	7.452599E+0
3.741492E+2	7.600140E+0
3.744111E+2	7.753146E+0
3.746730E+2	7.846042E+0
3.749349E+2	7.878829E+0
3.751968E+2	7.796861E+0
3.754587E+2	7.572818E+0
3.757206E+2	7.365167E+0
3.759824E+2	7.468993E+0
3.762443E+2	7.359703E+0
3.765061E+2	7.392490E+0
3.767680E+2	7.244949E+0
3.770298E+2	6.824184E+0
3.772916E+2	6.753146E+0
3.775535E+2	6.796861E+0
3.778153E+2	6.818719E+0
3.780771E+2	6.840577E+0
3.783389E+2	6.835113E+0
3.786007E+2	7.015441E+0
3.788624E+2	6.933473E+0
3.791242E+2	7.119266E+0
3.793860E+2	7.326916E+0
3.796477E+2	7.212162E+0
3.799095E+2	7.365167E+0
3.801712E+2	7.458064E+0
3.804330E+2	7.518173E+0
3.806947E+2	7.917080E+0
3.809564E+2	8.102872E+0
3.812181E+2	7.769539E+0
3.814798E+2	7.917080E+0
3.817415E+2	8.184840E+0
3.820032E+2	8.102872E+0
3.822649E+2	7.758610E+0
3.825266E+2	7.687572E+0
3.827883E+2	7.791397E+0
3.830499E+2	7.753146E+0
3.833116E+2	7.709430E+0
3.835732E+2	8.097408E+0
3.838348E+2	8.146588E+0
3.840965E+2	7.895222E+0
3.843581E+2	8.020905E+0
3.846197E+2	7.993583E+0
3.848813E+2	7.911616E+0
3.851429E+2	7.971725E+0
3.854045E+2	8.020905E+0
3.856661E+2	7.960796E+0
3.859277E+2	8.201233E+0
3.861892E+2	8.048228E+0
3.864508E+2	7.856971E+0
3.867124E+2	7.829648E+0
3.869739E+2	7.621998E+0
3.872354E+2	7.813255E+0
3.874970E+2	8.310523E+0
3.877585E+2	8.272271E+0
3.880200E+2	8.365167E+0
3.882815E+2	8.381561E+0
3.885430E+2	8.086479E+0
3.888045E+2	7.846042E+0
3.890660E+2	7.955331E+0
3.893275E+2	7.731288E+0
3.895889E+2	7.835113E+0
3.898504E+2	7.982654E+0
3.901118E+2	7.933473E+0
3.903733E+2	8.042763E+0
3.906347E+2	7.922544E+0
3.908962E+2	8.119266E+0
3.911576E+2	8.550960E+0
3.914190E+2	8.594676E+0
3.916804E+2	8.534566E+0
3.919418E+2	8.616534E+0
3.922032E+2	8.671178E+0
3.924646E+2	8.529102E+0
3.927260E+2	8.430741E+0
3.929873E+2	8.244949E+0
3.932487E+2	8.190304E+0
3.935100E+2	8.042763E+0
3.937714E+2	8.042763E+0
3.940327E+2	8.130195E+0
3.942941E+2	8.157517E+0
3.945554E+2	8.195769E+0
3.948167E+2	8.277736E+0
3.950780E+2	8.387025E+0
3.953393E+2	8.387025E+0
3.956006E+2	8.452599E+0
3.958619E+2	8.468993E+0
3.961232E+2	8.348774E+0
3.963844E+2	8.419812E+0
3.966457E+2	8.135659E+0
3.969069E+2	8.217626E+0
3.971682E+2	8.108337E+0
3.974294E+2	7.966260E+0
3.976907E+2	7.654785E+0
3.979519E+2	7.693036E+0
3.982131E+2	8.086479E+0
3.984743E+2	8.387025E+0
3.987355E+2	8.370632E+0
3.989967E+2	8.397954E+0
3.992579E+2	8.321452E+0
3.995191E+2	8.135659E+0
3.997802E+2	7.851506E+0
4.000414E+2	7.944402E+0
4.003025E+2	7.796861E+0
4.005637E+2	7.747681E+0
4.008248E+2	7.621998E+0
4.010860E+2	7.791397E+0
4.013471E+2	7.775004E+0
4.016082E+2	7.731288E+0
4.018693E+2	7.479922E+0
4.021304E+2	7.649320E+0
4.023915E+2	7.873364E+0
4.026526E+2	7.922544E+0
4.029137E+2	7.807790E+0
4.031747E+2	7.698501E+0
4.034358E+2	7.261342E+0
4.036968E+2	7.337845E+0
4.039579E+2	7.212162E+0
4.042189E+2	7.392490E+0
4.044800E+2	7.223091E+0
4.047410E+2	7.261342E+0
4.050020E+2	7.441670E+0
4.052630E+2	7.447135E+0
4.055240E+2	7.529102E+0
4.057850E+2	7.621998E+0
4.060460E+2	7.840577E+0
4.063070E+2	7.703965E+0
4.065679E+2	7.747681E+0
4.068289E+2	7.485386E+0
4.070898E+2	7.261342E+0
4.073508E+2	7.452599E+0
4.076117E+2	7.501779E+0
4.078727E+2	7.479922E+0
4.081336E+2	7.545495E+0
4.083945E+2	7.627463E+0
4.086554E+2	7.813255E+0
4.089163E+2	8.173911E+0
4.091772E+2	8.228555E+0
4.094381E+2	8.370632E+0
4.096990E+2	8.376096E+0
4.099598E+2	8.578282E+0
4.102207E+2	8.605605E+0
4.104815E+2	8.693036E+0
4.107424E+2	8.654785E+0
4.110032E+2	8.501779E+0
4.112640E+2	8.419812E+0
4.115249E+2	8.250413E+0
4.117857E+2	8.217626E+0
4.120465E+2	8.354238E+0
4.123073E+2	8.244949E+0
4.125681E+2	8.452599E+0
4.128289E+2	8.479922E+0
4.130896E+2	8.878829E+0
4.133504E+2	8.982654E+0
4.136112E+2	8.955331E+0
4.138719E+2	8.900687E+0
4.141327E+2	8.736752E+0
4.143934E+2	8.436206E+0
4.146541E+2	8.649320E+0
4.149149E+2	8.720359E+0
4.151756E+2	9.031834E+0
4.154363E+2	9.015441E+0
4.156970E+2	9.124730E+0
4.159577E+2	9.157517E+0
4.162184E+2	9.354238E+0
4.164790E+2	9.359703E+0
4.167397E+2	9.365167E+0
4.170004E+2	9.184840E+0
4.172610E+2	9.277736E+0
4.175217E+2	9.326916E+0
4.177823E+2	9.589211E+0
4.180429E+2	9.895222E+0
4.183035E+2	9.796861E+0
4.185642E+2	9.878829E+0
4.188248E+2	1.004276E+1
4.190854E+2	9.895222E+0
4.193459E+2	1.025588E+1
4.196065E+2	1.031052E+1
4.198671E+2	1.033785E+1
4.201277E+2	1.019030E+1
4.203882E+2	1.032145E+1
4.206488E+2	1.025041E+1
4.209093E+2	1.014112E+1
4.211699E+2	1.007555E+1
4.214304E+2	9.840577E+0
4.216909E+2	9.938938E+0
4.219514E+2	9.873364E+0
4.222119E+2	1.004823E+1
4.224724E+2	1.021763E+1
4.227329E+2	1.024495E+1
4.229934E+2	1.021216E+1
4.232539E+2	1.013566E+1
4.235143E+2	1.027774E+1
4.237748E+2	1.038703E+1
4.240352E+2	1.037063E+1
4.242957E+2	1.029959E+1
4.245561E+2	1.058375E+1
4.248166E+2	1.066025E+1
4.250770E+2	1.054550E+1
4.253374E+2	1.042528E+1
4.255978E+2	1.052364E+1
4.258582E+2	1.026681E+1
4.261186E+2	1.028866E+1
4.263790E+2	1.039249E+1
4.266393E+2	1.052910E+1
4.268997E+2	1.062746E+1
4.271600E+2	1.074768E+1
4.274204E+2	1.088429E+1
4.276807E+2	1.070943E+1
4.279411E+2	1.067664E+1
4.282014E+2	1.073129E+1
4.284617E+2	1.052910E+1
4.287220E+2	1.050178E+1
4.289823E+2	1.008101E+1
4.292426E+2	9.938938E+0
4.295029E+2	1.013566E+1
4.297632E+2	1.039795E+1
4.300235E+2	1.043621E+1
4.302837E+2	1.044167E+1
4.305440E+2	1.057828E+1
4.308042E+2	1.061107E+1
4.310645E+2	1.064386E+1
4.313247E+2	1.084604E+1
4.315849E+2	1.080233E+1
4.318451E+2	1.094440E+1
4.321054E+2	1.114112E+1
4.323656E+2	1.105369E+1
4.326258E+2	1.108648E+1
4.328859E+2	1.098265E+1
4.331461E+2	1.093347E+1
4.334063E+2	1.099358E+1
4.336665E+2	1.098812E+1
4.339266E+2	1.078047E+1
4.341868E+2	1.077500E+1
4.344469E+2	1.067664E+1
4.347070E+2	1.054550E+1
4.349671E+2	1.040342E+1
4.352273E+2	1.005369E+1
4.354874E+2	1.005369E+1
4.357475E+2	1.008648E+1
4.360076E+2	1.012473E+1
4.362677E+2	1.012473E+1
4.365277E+2	1.003183E+1
4.367878E+2	9.933473E+0
4.370479E+2	1.011380E+1
4.373079E+2	1.033238E+1
4.375680E+2	1.043621E+1
4.378280E+2	1.041981E+1
4.380880E+2	1.059468E+1
4.383480E+2	1.060560E+1
4.386081E+2	1.078593E+1
4.388681E+2	1.118484E+1
4.391281E+2	1.131052E+1
4.393881E+2	1.132692E+1
4.396480E+2	1.122309E+1
4.399080E+2	1.140888E+1
4.401680E+2	1.163839E+1
4.404279E+2	1.140888E+1
4.406879E+2	1.141435E+1
4.409478E+2	1.152910E+1
4.412078E+2	1.173675E+1
4.414677E+2	1.176407E+1
4.417276E+2	1.184604E+1
4.419875E+2	1.231599E+1
4.422474E+2	1.229413E+1
4.425073E+2	1.236517E+1
4.427672E+2	1.261107E+1
4.430271E+2	1.261653E+1
4.432870E+2	1.262200E+1
4.435469E+2	1.278047E+1
4.438067E+2	1.261653E+1
4.440666E+2	1.264386E+1
4.443264E+2	1.278593E+1
4.445862E+2	1.262746E+1
4.448461E+2	1.278593E+1
4.451059E+2	1.296626E+1
4.453657E+2	1.318484E+1
4.456255E+2	1.309194E+1
4.458853E+2	1.320670E+1
4.461451E+2	1.348539E+1
4.464049E+2	1.354550E+1
4.466646E+2	1.350178E+1
4.469244E+2	1.354003E+1
4.471842E+2	1.340888E+1
4.474439E+2	1.356735E+1
4.477036E+2	1.344167E+1
4.479634E+2	1.311927E+1
4.482231E+2	1.310834E+1
4.484828E+2	1.316298E+1
4.487425E+2	1.339795E+1
4.490022E+2	1.357282E+1
4.492619E+2	1.346353E+1
4.495216E+2	1.329413E+1
4.497813E+2	1.319030E+1
4.500410E+2	1.310834E+1
4.503006E+2	1.316845E+1
4.505603E+2	1.338156E+1
4.508199E+2	1.375861E+1
4.510796E+2	1.390615E+1
4.513392E+2	1.396626E+1
4.515988E+2	1.421763E+1
4.518584E+2	1.424495E+1
4.521180E+2	1.455642E+1
4.523776E+2	1.469304E+1
4.526372E+2	1.480233E+1
4.528968E+2	1.486790E+1
4.531564E+2	1.484058E+1
4.534160E+2	1.502091E+1
4.536755E+2	1.516298E+1
4.539351E+2	1.530506E+1
4.541946E+2	1.562200E+1
4.544541E+2	1.553457E+1
4.547137E+2	1.509194E+1
4.549732E+2	1.520123E+1
4.552327E+2	1.504276E+1
4.554922E+2	1.493347E+1
4.557517E+2	1.476407E+1
4.560112E+2	1.495533E+1
4.562707E+2	1.499905E+1
4.565302E+2	1.467118E+1
4.567896E+2	1.507555E+1
4.570491E+2	1.504823E+1
4.573085E+2	1.518484E+1
4.575680E+2	1.533238E+1
4.578274E+2	1.496080E+1
4.580868E+2	1.481325E+1
4.583463E+2	1.492801E+1
4.586057E+2	1.472582E+1
4.588651E+2	1.500451E+1
4.591245E+2	1.505369E+1
4.593838E+2	1.533238E+1
4.596432E+2	1.586244E+1
4.599026E+2	1.598812E+1
4.601620E+2	1.606462E+1
4.604213E+2	1.612473E+1
4.606807E+2	1.605916E+1
4.609400E+2	1.615752E+1
4.611993E+2	1.601544E+1
4.614587E+2	1.593894E+1
4.617180E+2	1.612473E+1
4.619773E+2	1.612473E+1
4.622366E+2	1.604276E+1
4.624959E+2	1.639795E+1
4.627552E+2	1.644713E+1
4.630144E+2	1.645260E+1
4.632737E+2	1.655642E+1
4.635330E+2	1.697172E+1
4.637922E+2	1.723948E+1
4.640515E+2	1.731599E+1
4.643107E+2	1.754003E+1
4.645699E+2	1.764932E+1
4.648292E+2	1.772036E+1
4.650884E+2	1.793347E+1
4.653476E+2	1.819030E+1
4.656068E+2	1.844167E+1
4.658660E+2	1.866571E+1
4.661251E+2	1.906462E+1
4.663843E+2	1.912473E+1
4.666435E+2	1.910834E+1
4.669026E+2	1.965478E+1
4.671618E+2	1.970397E+1
4.674209E+2	1.970397E+1
4.676801E+2	1.991162E+1
4.679392E+2	1.986244E+1
4.681983E+2	2.028866E+1
4.684574E+2	2.052364E+1
4.687165E+2	2.084604E+1
4.689756E+2	2.107555E+1
4.692347E+2	2.103183E+1
4.694938E+2	2.115752E+1
4.697529E+2	2.108101E+1
4.700119E+2	2.101544E+1
4.702710E+2	2.136517E+1
4.705300E+2	2.176954E+1
4.707891E+2	2.188429E+1
4.710481E+2	2.247446E+1
4.713071E+2	2.314659E+1
4.715661E+2	2.355642E+1
4.718252E+2	2.352364E+1
4.720842E+2	2.374222E+1
4.723431E+2	2.433238E+1
4.726021E+2	2.427774E+1
4.728611E+2	2.449085E+1
4.731201E+2	2.484058E+1
4.733790E+2	2.520670E+1
4.736380E+2	2.565478E+1
4.738969E+2	2.617938E+1
4.741559E+2	2.639795E+1
4.744148E+2	2.698812E+1
4.746737E+2	2.731599E+1
4.749326E+2	2.788976E+1
4.751915E+2	2.797172E+1
4.754504E+2	2.809741E+1
4.757093E+2	2.857282E+1
4.759682E+2	2.905916E+1
4.762271E+2	2.966025E+1
4.764859E+2	3.034877E+1
4.767448E+2	3.099905E+1
4.770037E+2	3.138156E+1
4.772625E+2	3.199905E+1
4.775213E+2	3.213019E+1
4.777802E+2	3.239249E+1
4.780390E+2	3.281325E+1
4.782978E+2	3.296080E+1
4.785566E+2	3.345806E+1
4.788154E+2	3.419577E+1
4.790742E+2	3.475861E+1
4.793329E+2	3.501544E+1
4.795917E+2	3.582965E+1
4.798505E+2	3.660560E+1
4.801092E+2	3.716298E+1
4.803680E+2	3.746353E+1
4.806267E+2	3.772036E+1
4.808854E+2	3.813566E+1
4.811442E+2	3.889522E+1
4.814029E+2	3.957282E+1
4.816616E+2	4.047446E+1
4.819203E+2	4.093347E+1
4.821790E+2	4.146899E+1
4.824377E+2	4.216845E+1
4.826963E+2	4.269304E+1
4.829550E+2	4.323402E+1
4.832137E+2	4.388976E+1
4.834723E+2	4.449085E+1
4.837310E+2	4.534877E+1
4.839896E+2	4.620123E+1
4.842482E+2	4.694987E+1
4.845068E+2	4.750724E+1
4.847655E+2	4.833238E+1
4.850241E+2	4.896080E+1
4.852827E+2	4.958921E+1
4.855412E+2	5.024495E+1
4.857998E+2	5.103183E+1
4.860584E+2	5.174768E+1
4.863170E+2	5.242528E+1
4.865755E+2	5.312473E+1
4.868341E+2	5.356735E+1
4.870926E+2	5.410287E+1
4.873511E+2	5.479686E+1
4.876097E+2	5.587336E+1
4.878682E+2	5.661653E+1
4.881267E+2	5.719030E+1
4.883852E+2	5.816298E+1
4.886437E+2	5.911927E+1
4.889022E+2	5.984058E+1
4.891606E+2	6.038156E+1
4.894191E+2	6.100998E+1
4.896776E+2	6.196080E+1
4.899360E+2	6.310287E+1
4.901945E+2	6.368211E+1
4.904529E+2	6.432692E+1
4.907113E+2	6.501544E+1
4.909697E+2	6.608648E+1
4.912282E+2	6.696080E+1
4.914866E+2	6.786244E+1
4.917450E+2	6.850724E+1
4.920034E+2	6.962746E+1
4.922617E+2	7.038156E+1
4.925201E+2	7.103730E+1
4.927785E+2	7.204276E+1
4.930368E+2	7.285151E+1
4.932952E+2	7.420123E+1
4.935535E+2	7.541435E+1
4.938118E+2	7.644167E+1
4.940702E+2	7.766025E+1
4.943285E+2	7.875861E+1
4.945868E+2	7.972582E+1
4.948451E+2	8.092254E+1
4.951034E+2	8.217391E+1
4.953617E+2	8.295533E+1
4.956200E+2	8.407009E+1
4.958782E+2	8.496080E+1
4.961365E+2	8.633238E+1
4.963947E+2	8.766571E+1
4.966530E+2	8.886790E+1
4.969112E+2	8.975861E+1
4.971694E+2	9.077500E+1
4.974277E+2	9.167118E+1
4.976859E+2	9.294440E+1
4.979441E+2	9.441435E+1
4.982023E+2	9.575861E+1
4.984605E+2	9.682418E+1
4.987187E+2	9.820670E+1
4.989768E+2	9.929413E+1
4.992350E+2	1.006985E+2
4.994931E+2	1.016930E+2
4.997513E+2	1.026275E+2
5.000094E+2	1.038515E+2
5.002676E+2	1.051739E+2
5.005257E+2	1.062504E+2
5.007838E+2	1.076766E+2
5.010419E+2	1.091302E+2
5.013000E+2	1.105892E+2
5.015581E+2	1.118242E+2
5.018162E+2	1.133597E+2
5.020743E+2	1.151357E+2
5.023323E+2	1.167805E+2
5.025904E+2	1.182668E+2
5.028485E+2	1.197641E+2
5.031065E+2	1.212395E+2
5.033645E+2	1.228624E+2
5.036226E+2	1.245619E+2
5.038806E+2	1.263269E+2
5.041386E+2	1.280154E+2
5.043966E+2	1.299062E+2
5.046546E+2	1.317313E+2
5.049126E+2	1.337531E+2
5.051706E+2	1.359335E+2
5.054285E+2	1.378624E+2
5.056865E+2	1.396329E+2
5.059445E+2	1.417094E+2
5.062024E+2	1.435564E+2
5.064604E+2	1.455837E+2
5.067183E+2	1.474034E+2
5.069762E+2	1.496275E+2
5.072341E+2	1.514471E+2
5.074920E+2	1.536985E+2
5.077499E+2	1.555400E+2
5.080078E+2	1.577422E+2
5.082657E+2	1.597422E+2
5.085236E+2	1.619171E+2
5.087815E+2	1.642231E+2
5.090393E+2	1.662504E+2
5.092972E+2	1.683870E+2
5.095550E+2	1.707914E+2
5.098129E+2	1.729062E+2
5.100707E+2	1.753870E+2
5.103285E+2	1.777805E+2
5.105863E+2	1.800755E+2
5.108441E+2	1.823816E+2
5.111019E+2	1.851247E+2
5.113597E+2	1.875018E+2
5.116175E+2	1.901029E+2
5.118753E+2	1.928460E+2
5.121330E+2	1.955892E+2
5.123908E+2	1.982449E+2
5.126485E+2	2.011357E+2
5.129063E+2	2.040592E+2
5.131640E+2	2.074089E+2
5.134217E+2	2.103980E+2
5.136794E+2	2.133105E+2
5.139371E+2	2.161684E+2
5.141948E+2	2.196056E+2
5.144525E+2	2.227859E+2
5.147102E+2	2.262231E+2
5.149679E+2	2.295291E+2
5.152256E+2	2.327805E+2
5.154832E+2	2.360209E+2
5.157409E+2	2.395947E+2
5.159985E+2	2.429553E+2
5.162562E+2	2.465892E+2
5.165138E+2	2.499608E+2
5.167714E+2	2.533706E+2
5.170290E+2	2.571138E+2
5.172866E+2	2.609225E+2
5.175442E+2	2.644745E+2
5.178018E+2	2.680537E+2
5.180594E+2	2.715291E+2
5.183170E+2	2.752832E+2
5.185745E+2	2.791466E+2
5.188321E+2	2.829772E+2
5.190896E+2	2.867641E+2
5.193472E+2	2.905510E+2
5.196047E+2	2.945400E+2
5.198622E+2	2.983160E+2
5.201197E+2	3.022559E+2
5.203772E+2	3.061848E+2
5.206347E+2	3.106821E+2
5.208922E+2	3.146548E+2
5.211497E+2	3.185346E+2
5.214072E+2	3.226056E+2
5.216646E+2	3.268843E+2
5.219221E+2	3.314307E+2
5.221795E+2	3.359171E+2
5.224370E+2	3.403925E+2
5.226944E+2	3.444963E+2
5.229519E+2	3.490373E+2
5.232093E+2	3.535892E+2
5.234667E+2	3.582340E+2
5.237241E+2	3.630537E+2
5.239815E+2	3.681630E+2
5.242389E+2	3.727914E+2
5.244962E+2	3.774963E+2
5.247536E+2	3.826384E+2
5.250110E+2	3.879280E+2
5.252683E+2	3.928460E+2
5.255257E+2	3.981575E+2
5.257830E+2	4.034417E+2
5.260403E+2	4.084745E+2
5.262977E+2	4.136384E+2
5.265550E+2	4.190318E+2
5.268123E+2	4.240865E+2
5.270696E+2	4.295619E+2
5.273269E+2	4.352996E+2
5.275841E+2	4.406056E+2
5.278414E+2	4.461302E+2
5.280987E+2	4.518133E+2
5.283559E+2	4.572449E+2
5.286132E+2	4.627258E+2
5.288704E+2	4.680100E+2
5.291276E+2	4.739225E+2
5.293849E+2	4.795236E+2
5.296421E+2	4.855127E+2
5.298993E+2	4.911302E+2
5.301565E+2	4.969663E+2
5.304137E+2	5.029225E+2
5.306709E+2	5.086930E+2
5.309280E+2	5.150537E+2
5.311852E+2	5.212777E+2
5.314424E+2	5.269608E+2
5.316995E+2	5.334034E+2
5.319567E+2	5.395947E+2
5.322138E+2	5.462996E+2
5.324709E+2	5.529007E+2
5.327280E+2	5.596220E+2
5.329852E+2	5.664089E+2
5.332423E+2	5.733051E+2
5.334994E+2	5.802832E+2
5.337564E+2	5.875564E+2
5.340135E+2	5.947641E+2
5.342706E+2	6.019553E+2
5.345276E+2	6.093160E+2
5.347847E+2	6.168515E+2
5.350417E+2	6.244471E+2
5.352988E+2	6.319553E+2
5.355558E+2	6.398242E+2
5.358128E+2	6.472832E+2
5.360698E+2	6.549116E+2
5.363269E+2	6.623324E+2
5.365839E+2	6.702231E+2
5.368408E+2	6.784909E+2
5.370978E+2	6.865400E+2
5.373548E+2	6.946548E+2
5.376118E+2	7.029280E+2
5.378687E+2	7.109608E+2
5.381257E+2	7.199499E+2
5.383826E+2	7.287477E+2
5.386395E+2	7.376329E+2
5.388965E+2	7.465291E+2
5.391534E+2	7.552559E+2
5.394103E+2	7.644143E+2
5.396672E+2	7.739116E+2
5.399241E+2	7.830592E+2
5.401810E+2	7.921521E+2
5.404378E+2	8.012231E+2
5.406947E+2	8.098898E+2
5.409516E+2	8.196329E+2
5.412084E+2	8.291794E+2
5.414653E+2	8.387531E+2
5.417221E+2	8.485455E+2
5.419789E+2	8.582012E+2
5.422357E+2	8.679772E+2
5.424925E+2	8.779717E+2
5.427493E+2	8.879663E+2
5.430061E+2	8.979116E+2
5.432629E+2	9.079007E+2
5.435197E+2	9.183160E+2
5.437765E+2	9.286329E+2
5.440332E+2	9.393761E+2
5.442900E+2	9.500045E+2
5.445467E+2	9.611193E+2
5.448035E+2	9.721848E+2
5.450602E+2	9.837149E+2
5.453169E+2	9.945400E+2
5.455736E+2	1.005841E+3
5.458303E+2	1.017677E+3
5.460870E+2	1.029048E+3
5.463437E+2	1.040726E+3
5.466004E+2	1.052453E+3
5.468571E+2	1.064283E+3
5.471137E+2	1.076245E+3
5.473704E+2	1.088158E+3
5.476270E+2	1.100819E+3
5.478837E+2	1.113092E+3
5.481403E+2	1.125622E+3
5.483969E+2	1.137562E+3
5.486535E+2	1.150081E+3
5.489101E+2	1.162584E+3
5.491667E+2	1.175158E+3
5.494233E+2	1.187884E+3
5.496799E+2	1.200994E+3
5.499365E+2	1.214163E+3
5.501931E+2	1.227693E+3
5.504496E+2	1.240912E+3
5.507062E+2	1.254469E+3
5.509627E+2	1.267731E+3
5.512192E+2	1.281190E+3
5.514758E+2	1.295409E+3
5.517323E+2	1.309092E+3
5.519888E+2	1.323092E+3
5.522453E+2	1.337223E+3
5.525018E+2	1.350852E+3
5.527583E+2	1.365311E+3
5.530147E+2	1.380037E+3
5.532712E+2	1.394234E+3
5.535277E+2	1.408802E+3
5.537841E+2	1.422540E+3
5.540406E+2	1.436950E+3
5.542970E+2	1.451677E+3
5.545534E+2	1.466873E+3
5.548098E+2	1.482043E+3
5.550663E+2	1.497382E+3
5.553227E+2	1.512507E+3
5.555791E+2	1.528234E+3
5.558354E+2	1.544305E+3
5.560918E+2	1.560005E+3
5.563482E+2	1.576753E+3
5.566046E+2	1.593021E+3
5.568609E+2	1.609545E+3
5.571173E+2	1.625513E+3
5.573736E+2	1.642611E+3
5.576299E+2	1.659923E+3
5.578862E+2	1.677398E+3
5.581426E+2	1.694688E+3
5.583989E+2	1.711770E+3
5.586552E+2	1.729316E+3
5.589114E+2	1.747256E+3
5.591677E+2	1.764589E+3
5.594240E+2	1.782458E+3
5.596803E+2	1.800562E+3
5.599365E+2	1.818573E+3
5.601928E+2	1.836485E+3
5.604490E+2	1.854928E+3
5.607052E+2	1.873556E+3
5.609614E+2	1.892671E+3
5.612177E+2	1.912141E+3
5.614739E+2	1.931015E+3
5.617301E+2	1.950464E+3
5.619863E+2	1.970474E+3
5.622424E+2	1.990026E+3
5.624986E+2	2.010261E+3
5.627548E+2	2.030852E+3
5.630109E+2	2.051343E+3
5.632671E+2	2.071316E+3
5.635232E+2	2.091879E+3
5.637794E+2	2.113043E+3
5.640355E+2	2.134906E+3
5.642916E+2	2.155819E+3
5.645477E+2	2.177491E+3
5.648038E+2	2.198868E+3
5.650599E+2	2.221108E+3
5.653160E+2	2.243065E+3
5.655721E+2	2.265371E+3
5.658281E+2	2.287791E+3
5.660842E+2	2.310562E+3
5.663402E+2	2.333524E+3
5.665963E+2	2.356578E+3
5.668523E+2	2.380535E+3
5.671083E+2	2.403502E+3
5.673644E+2	2.428065E+3
5.676204E+2	2.451802E+3
5.678764E+2	2.476540E+3
5.681324E+2	2.501770E+3
5.683883E+2	2.526611E+3
5.686443E+2	2.551207E+3
5.689003E+2	2.577065E+3
5.691562E+2	2.602972E+3
5.694122E+2	2.629666E+3
5.696681E+2	2.656015E+3
5.699241E+2	2.681933E+3
5.701800E+2	2.708316E+3
5.704359E+2	2.735808E+3
5.706918E+2	2.763480E+3
5.709477E+2	2.790414E+3
5.712036E+2	2.817578E+3
5.714595E+2	2.845239E+3
5.717154E+2	2.873852E+3
5.719713E+2	2.901764E+3
5.722271E+2	2.929649E+3
5.724830E+2	2.958556E+3
5.727388E+2	2.987518E+3
5.729947E+2	3.016409E+3
5.732505E+2	3.045365E+3
5.735063E+2	3.074644E+3
5.737621E+2	3.104770E+3
5.740179E+2	3.135185E+3
5.742737E+2	3.166125E+3
5.745295E+2	3.196923E+3
5.747853E+2	3.227627E+3
5.750411E+2	3.259267E+3
5.752968E+2	3.291015E+3
5.755526E+2	3.322709E+3
5.758083E+2	3.354261E+3
5.760641E+2	3.386300E+3
5.763198E+2	3.418414E+3
5.765755E+2	3.451715E+3
5.768312E+2	3.484720E+3
5.770869E+2	3.517589E+3
5.773426E+2	3.550759E+3
5.775983E+2	3.583961E+3
5.778540E+2	3.618311E+3
5.781097E+2	3.652944E+3
5.783653E+2	3.687442E+3
5.786210E+2	3.722158E+3
5.788766E+2	3.757152E+3
5.791323E+2	3.791890E+3
5.793879E+2	3.826928E+3
5.796435E+2	3.861611E+3
5.798991E+2	3.897693E+3
5.801547E+2	3.933349E+3
5.804103E+2	3.969688E+3
5.806659E+2	4.005048E+3
5.809215E+2	4.041879E+3
5.811771E+2	4.078693E+3
5.814327E+2	4.115912E+3
5.816882E+2	4.152737E+3
5.819438E+2	4.189567E+3
5.821993E+2	4.227114E+3
5.824548E+2	4.263901E+3
5.827104E+2	4.302420E+3
5.829659E+2	4.340130E+3
5.832214E+2	4.377999E+3
5.834769E+2	4.415720E+3
5.837324E+2	4.454059E+3
5.839878E+2	4.491955E+3
5.842433E+2	4.530070E+3
5.844988E+2	4.568474E+3
5.847542E+2	4.606606E+3
5.850097E+2	4.644141E+3
5.852651E+2	4.682775E+3
5.855206E+2	4.721655E+3
5.857760E+2	4.761453E+3
5.860314E+2	4.799939E+3
5.862868E+2	4.838321E+3
5.865422E+2	4.878097E+3
5.867976E+2	4.918081E+3
5.870530E+2	4.957742E+3
5.873084E+2	4.997130E+3
5.875637E+2	5.036567E+3
5.878191E+2	5.077354E+3
5.880744E+2	5.116994E+3
5.883298E+2	5.157770E+3
5.885851E+2	5.198256E+3
5.888404E+2	5.238365E+3
5.890958E+2	5.278535E+3
5.893511E+2	5.319070E+3
5.896064E+2	5.360130E+3
5.898617E+2	5.400436E+3
5.901169E+2	5.442311E+3
5.903722E+2	5.483917E+3
5.906275E+2	5.525043E+3
5.908827E+2	5.565496E+3
5.911380E+2	5.607125E+3
5.913932E+2	5.649218E+3
5.916485E+2	5.691453E+3
5.919037E+2	5.734283E+3
5.921589E+2	5.775376E+3
5.924141E+2	5.816950E+3
5.926693E+2	5.858414E+3
5.929245E+2	5.899994E+3
5.931797E+2	5.942447E+3
5.934349E+2	5.983480E+3
5.936900E+2	6.025234E+3
5.939452E+2	6.067535E+3
5.942004E+2	6.108824E+3
5.944555E+2	6.151207E+3
5.947106E+2	6.193841E+3
5.949658E+2	6.235649E+3
5.952209E+2	6.279103E+3
5.954760E+2	6.321933E+3
5.957311E+2	6.365032E+3
5.959862E+2	6.408912E+3
5.962413E+2	6.452862E+3
5.964963E+2	6.495311E+3
5.967514E+2	6.539349E+3
5.970065E+2	6.582666E+3
5.972615E+2	6.627824E+3
5.975166E+2	6.671059E+3
5.977716E+2	6.714791E+3
5.980266E+2	6.759507E+3
5.982816E+2	6.802753E+3
5.985367E+2	6.846977E+3
5.987917E+2	6.891535E+3
5.990467E+2	6.935469E+3
5.993016E+2	6.979901E+3
5.995566E+2	7.025611E+3
5.998116E+2	7.071234E+3
6.000665E+2	7.116201E+3
6.003215E+2	7.161392E+3
6.005764E+2	7.207797E+3
6.008314E+2	7.254048E+3
6.010863E+2	7.300966E+3
6.013412E+2	7.345037E+3
6.015961E+2	7.390994E+3
6.018510E+2	7.437010E+3
6.021059E+2	7.483043E+3
6.023608E+2	7.529311E+3
6.026157E+2	7.575682E+3
6.028706E+2	7.621906E+3
6.031254E+2	7.668059E+3
6.033803E+2	7.713021E+3
6.036351E+2	7.759392E+3
6.038900E+2	7.805666E+3
6.041448E+2	7.852387E+3
6.043996E+2	7.899933E+3
6.046544E+2	7.946442E+3
6.049092E+2	7.992376E+3
6.051640E+2	8.039218E+3
6.054188E+2	8.086841E+3
6.056736E+2	8.132895E+3
6.059283E+2	8.179513E+3
6.061831E+2	8.226076E+3
6.064378E+2	8.274267E+3
6.066926E+2	8.321420E+3
6.069473E+2	8.369294E+3
6.072021E+2	8.415196E+3
6.074568E+2	8.460316E+3
6.077115E+2	8.506431E+3
6.079662E+2	8.552802E+3
6.082209E+2	8.599715E+3
6.084756E+2	8.645622E+3
6.087302E+2	8.691748E+3
6.089849E+2	8.739671E+3
6.092396E+2	8.785524E+3
6.094942E+2	8.832857E+3
6.097489E+2	8.881513E+3
6.100035E+2	8.927999E+3
6.102581E+2	8.974545E+3
6.105127E+2	9.022524E+3
6.107674E+2	9.070168E+3
6.110220E+2	9.117316E+3
6.112766E+2	9.164021E+3
6.115311E+2	9.209737E+3
6.117857E+2	9.257048E+3
6.120403E+2	9.303857E+3
6.122948E+2	9.349638E+3
6.125494E+2	9.395474E+3
6.128039E+2	9.440606E+3
6.130585E+2	9.487857E+3
6.133130E+2	9.533382E+3
6.135675E+2	9.578168E+3
6.138220E+2	9.625125E+3
6.140765E+2	9.670524E+3
6.143310E+2	9.715688E+3
6.145855E+2	9.761196E+3
6.148400E+2	9.807507E+3
6.150945E+2	9.853147E+3
6.153489E+2	9.899081E+3
6.156034E+2	9.944229E+3
6.158578E+2	9.990704E+3
6.161123E+2	1.003637E+4
6.163667E+2	1.008045E+4
6.166211E+2	1.012423E+4
6.168755E+2	1.016942E+4
6.171299E+2	1.021458E+4
6.173843E+2	1.025973E+4
6.176387E+2	1.030506E+4
6.178931E+2	1.034947E+4
6.181474E+2	1.039513E+4
6.184018E+2	1.044092E+4
6.186561E+2	1.048659E+4
6.189105E+2	1.053125E+4
6.191648E+2	1.057492E+4
6.194191E+2	1.061824E+4
6.196735E+2	1.066210E+4
6.199278E+2	1.070592E+4
6.201821E+2	1.075148E+4
6.204364E+2	1.079543E+4
6.206907E+2	1.083768E+4
6.209449E+2	1.087943E+4
6.211992E+2	1.092291E+4
6.214535E+2	1.096446E+4
6.217077E+2	1.100891E+4
6.219619E+2	1.105159E+4
6.222162E+2	1.109387E+4
6.224704E+2	1.113538E+4
6.227246E+2	1.117787E+4
6.229788E+2	1.122017E+4
6.232330E+2	1.126394E+4
6.234872E+2	1.130738E+4
6.237414E+2	1.134981E+4
6.239956E+2	1.139122E+4
6.242498E+2	1.143270E+4
6.245039E+2	1.147215E+4
6.247581E+2	1.151497E+4
6.250122E+2	1.155443E+4
6.252663E+2	1.159423E+4
6.255205E+2	1.163301E+4
6.257746E+2	1.167132E+4
6.260287E+2	1.170791E+4
6.262828E+2	1.174374E+4
6.265369E+2	1.178216E+4
6.267910E+2	1.181846E+4
6.270450E+2	1.185447E+4
6.272991E+2	1.188918E+4
6.275532E+2	1.192363E+4
6.278072E+2	1.195706E+4
6.280613E+2	1.199038E+4
6.283153E+2	1.202165E+4
6.285693E+2	1.205497E+4
6.288233E+2	1.208597E+4
6.290773E+2	1.211821E+4
6.293313E+2	1.214574E+4
6.295853E+2	1.217661E+4
6.298393E+2	1.220645E+4
6.300933E+2	1.223374E+4
6.303472E+2	1.225955E+4
6.306012E+2	1.228502E+4
6.308551E+2	1.230937E+4
6.311091E+2	1.233445E+4
6.313630E+2	1.235775E+4
6.316169E+2	1.238024E+4
6.318709E+2	1.240246E+4
6.321248E+2	1.242226E+4
6.323787E+2	1.244261E+4
6.326326E+2	1.246069E+4
6.328864E+2	1.247862E+4
6.331403E+2	1.249438E+4
6.333942E+2	1.250992E+4
6.336480E+2	1.252420E+4
6.339019E+2	1.253603E+4
6.341557E+2	1.254815E+4
6.344095E+2	1.256110E+4
6.346634E+2	1.257300E+4
6.349172E+2	1.258216E+4
6.351710E+2	1.259108E+4
6.354248E+2	1.259914E+4
6.356786E+2	1.260450E+4
6.359324E+2	1.261055E+4
6.361861E+2	1.261470E+4
6.364399E+2	1.261870E+4
6.366936E+2	1.261834E+4
6.369474E+2	1.262241E+4
6.372011E+2	1.262028E+4
6.374549E+2	1.261804E+4
6.377086E+2	1.261546E+4
6.379623E+2	1.261094E+4
6.382160E+2	1.260608E+4
6.384697E+2	1.259997E+4
6.387234E+2	1.259207E+4
6.389771E+2	1.258367E+4
6.392307E+2	1.257489E+4
6.394844E+2	1.256696E+4
6.397380E+2	1.255758E+4
6.399917E+2	1.254694E+4
6.402453E+2	1.253335E+4
6.404990E+2	1.251997E+4
6.407526E+2	1.250446E+4
6.410062E+2	1.248929E+4
6.412598E+2	1.247453E+4
6.415134E+2	1.245778E+4
6.417670E+2	1.244044E+4
6.420206E+2	1.242026E+4
6.422741E+2	1.240106E+4
6.425277E+2	1.238191E+4
6.427812E+2	1.236136E+4
6.430348E+2	1.233988E+4
6.432883E+2	1.231809E+4
6.435418E+2	1.229423E+4
6.437954E+2	1.227113E+4
6.440489E+2	1.224589E+4
6.443024E+2	1.222002E+4
6.445559E+2	1.219287E+4
6.448094E+2	1.216844E+4
6.450628E+2	1.213982E+4
6.453163E+2	1.211224E+4
6.455698E+2	1.208483E+4
6.458232E+2	1.205713E+4
6.460767E+2	1.202779E+4
6.463301E+2	1.199962E+4
6.465835E+2	1.196887E+4
6.468369E+2	1.193724E+4
6.470903E+2	1.190542E+4
6.473437E+2	1.187393E+4
6.475971E+2	1.184260E+4
6.478505E+2	1.180967E+4
6.481039E+2	1.177694E+4
6.483573E+2	1.174257E+4
6.486106E+2	1.170844E+4
6.488640E+2	1.167312E+4
6.491173E+2	1.163776E+4
6.493706E+2	1.160169E+4
6.496240E+2	1.156476E+4
6.498773E+2	1.152889E+4
6.501306E+2	1.149165E+4
6.503839E+2	1.145799E+4
6.506372E+2	1.142140E+4
6.508905E+2	1.138433E+4
6.511437E+2	1.134706E+4
6.513970E+2	1.130974E+4
6.516503E+2	1.127273E+4
6.519035E+2	1.123536E+4
6.521567E+2	1.119995E+4
6.524100E+2	1.116103E+4
6.526632E+2	1.112427E+4
6.529164E+2	1.108800E+4
6.531696E+2	1.105125E+4
6.534228E+2	1.101537E+4
6.536760E+2	1.097806E+4
6.539292E+2	1.094182E+4
6.541824E+2	1.090519E+4
6.544355E+2	1.086734E+4
6.546887E+2	1.082999E+4
6.549418E+2	1.079182E+4
6.551950E+2	1.075246E+4
6.554481E+2	1.071370E+4
6.557012E+2	1.067591E+4
6.559543E+2	1.063718E+4
6.562074E+2	1.059859E+4
6.564605E+2	1.056116E+4
6.567136E+2	1.052363E+4
6.569667E+2	1.048694E+4
6.572198E+2	1.044972E+4
6.574728E+2	1.041307E+4
6.577259E+2	1.037603E+4
6.579789E+2	1.033967E+4
6.582319E+2	1.030412E+4
6.584850E+2	1.027002E+4
6.587380E+2	1.023568E+4
6.589910E+2	1.020235E+4
6.592440E+2	1.016853E+4
6.594970E+2	1.013293E+4
6.597500E+2	1.010060E+4
6.600030E+2	1.006696E+4
6.602559E+2	1.003326E+4
6.605089E+2	9.999513E+3
6.607618E+2	9.964371E+3
6.610148E+2	9.931136E+3
6.612677E+2	9.894633E+3
6.615206E+2	9.861780E+3
6.617736E+2	9.828682E+3
6.620265E+2	9.796545E+3
6.622794E+2	9.763507E+3
6.625323E+2	9.731289E+3
6.627851E+2	9.699677E+3
6.630380E+2	9.668901E+3
6.632909E+2	9.637343E+3
6.635437E+2	9.607824E+3
6.637966E+2	9.576649E+3
6.640494E+2	9.547480E+3
6.643023E+2	9.520289E+3
6.645551E+2	9.491316E+3
6.648079E+2	9.465043E+3
6.650607E+2	9.439414E+3
6.653135E+2	9.412032E+3
6.655663E+2	9.386026E+3
6.658191E+2	9.356879E+3
6.660718E+2	9.330567E+3
6.663246E+2	9.304392E+3
6.665774E+2	9.280923E+3
6.668301E+2	9.254261E+3
6.670828E+2	9.231305E+3
6.673356E+2	9.206567E+3
6.675883E+2	9.182578E+3
6.678410E+2	9.159076E+3
6.680937E+2	9.134392E+3
6.683464E+2	9.110502E+3
6.685991E+2	9.087026E+3
6.688518E+2	9.062748E+3
6.691044E+2	9.039442E+3
6.693571E+2	9.016289E+3
6.696098E+2	8.993748E+3
6.698624E+2	8.970076E+3
6.701150E+2	8.946496E+3
6.703677E+2	8.924704E+3
6.706203E+2	8.902748E+3
6.708729E+2	8.881218E+3
6.711255E+2	8.858835E+3
6.713781E+2	8.838923E+3
6.716307E+2	8.819502E+3
6.718832E+2	8.800179E+3
6.721358E+2	8.779338E+3
6.723884E+2	8.759824E+3
6.726409E+2	8.740780E+3
6.728935E+2	8.720644E+3
6.731460E+2	8.702660E+3
6.733985E+2	8.683600E+3
6.736510E+2	8.664994E+3
6.739035E+2	8.646715E+3
6.741560E+2	8.628884E+3
6.744085E+2	8.611518E+3
6.746610E+2	8.594693E+3
6.749135E+2	8.578453E+3
6.751660E+2	8.562819E+3
6.754184E+2	8.546977E+3
6.756709E+2	8.531655E+3
6.759233E+2	8.516545E+3
6.761757E+2	8.503311E+3
6.764282E+2	8.488868E+3
6.766806E+2	8.475595E+3
6.769330E+2	8.460988E+3
6.771854E+2	8.445278E+3
6.774378E+2	8.430420E+3
6.776901E+2	8.417059E+3
6.779425E+2	8.401311E+3
6.781949E+2	8.386065E+3
6.784472E+2	8.371207E+3
6.786996E+2	8.356655E+3
6.789519E+2	8.341606E+3
6.792042E+2	8.327338E+3
6.794566E+2	8.311972E+3
6.797089E+2	8.296983E+3
6.799612E+2	8.282764E+3
6.802135E+2	8.269502E+3
6.804657E+2	8.254824E+3
6.807180E+2	8.241830E+3
6.809703E+2	8.229300E+3
6.812226E+2	8.217906E+3
6.814748E+2	8.205485E+3
6.817270E+2	8.194229E+3
6.819793E+2	8.180431E+3
6.822315E+2	8.169595E+3
6.824837E+2	8.158343E+3
6.827359E+2	8.148491E+3
6.829881E+2	8.137655E+3
6.832403E+2	8.127786E+3
6.834925E+2	8.119283E+3
6.837447E+2	8.108912E+3
6.839968E+2	8.100043E+3
6.842490E+2	8.090316E+3
6.845011E+2	8.080513E+3
6.847533E+2	8.068950E+3
6.850054E+2	8.057245E+3
6.852575E+2	8.046168E+3
6.855097E+2	8.035185E+3
6.857618E+2	8.024289E+3
6.860139E+2	8.013289E+3
6.862659E+2	8.002808E+3
6.865180E+2	7.991819E+3
6.867701E+2	7.978753E+3
6.870222E+2	7.966977E+3
6.872742E+2	7.955229E+3
6.875263E+2	7.944775E+3
6.877783E+2	7.933966E+3
6.880303E+2	7.922988E+3
6.882823E+2	7.914256E+3
6.885343E+2	7.904950E+3
6.887864E+2	7.895349E+3
6.890383E+2	7.886660E+3
6.892903E+2	7.876764E+3
6.895423E+2	7.868076E+3
6.897943E+2	7.860600E+3
6.900462E+2	7.852239E+3
6.902982E+2	7.845425E+3
6.905501E+2	7.837130E+3
6.908021E+2	7.830649E+3
6.910540E+2	7.822343E+3
6.913059E+2	7.814032E+3
6.915578E+2	7.804398E+3
6.918097E+2	7.795770E+3
6.920616E+2	7.788464E+3
6.923135E+2	7.778338E+3
6.925654E+2	7.768212E+3
6.928172E+2	7.758092E+3
6.930691E+2	7.746813E+3
6.933209E+2	7.736086E+3
6.935728E+2	7.724562E+3
6.938246E+2	7.712584E+3
6.940764E+2	7.701797E+3
6.943282E+2	7.689830E+3
6.945800E+2	7.678873E+3
6.948318E+2	7.667868E+3
6.950836E+2	7.655010E+3
6.953354E+2	7.643562E+3
6.955872E+2	7.630611E+3
6.958389E+2	7.619141E+3
6.960907E+2	7.607775E+3
6.963424E+2	7.595737E+3
6.965942E+2	7.584884E+3
6.968459E+2	7.574425E+3
6.970976E+2	7.564545E+3
6.973493E+2	7.555371E+3
6.976010E+2	7.546431E+3
6.978527E+2	7.536901E+3
6.981044E+2	7.526617E+3
6.983561E+2	7.517567E+3
6.986077E+2	7.507136E+3
6.988594E+2	7.496819E+3
6.991110E+2	7.487130E+3
6.993627E+2	7.475436E+3
6.996143E+2	7.464775E+3
6.998659E+2	7.452453E+3
7.001175E+2	7.441513E+3
7.003692E+2	7.428912E+3
7.006207E+2	7.417196E+3
7.008723E+2	7.404720E+3
7.011239E+2	7.391239E+3
7.013755E+2	7.377824E+3
7.016271E+2	7.362589E+3
7.018786E+2	7.348371E+3
7.021302E+2	7.334343E+3
7.023817E+2	7.319223E+3
7.026332E+2	7.304043E+3
7.028847E+2	7.288666E+3
7.031362E+2	7.273786E+3
7.033878E+2	7.258944E+3
7.036392E+2	7.243403E+3
7.038907E+2	7.227480E+3
7.041422E+2	7.211873E+3
7.043937E+2	7.195529E+3
7.046451E+2	7.181584E+3
7.048966E+2	7.166813E+3
7.051480E+2	7.150365E+3
7.053995E+2	7.134720E+3
7.056509E+2	7.118961E+3
7.059023E+2	7.104250E+3
7.061537E+2	7.089218E+3
7.064051E+2	7.075316E+3
7.066565E+2	7.061638E+3
7.069079E+2	7.048218E+3
7.071593E+2	7.033780E+3
7.074106E+2	7.019737E+3
7.076620E+2	7.007731E+3
7.079133E+2	6.994928E+3
7.081647E+2	6.982147E+3
7.084160E+2	6.969037E+3
7.086673E+2	6.957048E+3
7.089186E+2	6.944256E+3
7.091699E+2	6.931770E+3
7.094212E+2	6.918054E+3
7.096725E+2	6.902513E+3
7.099238E+2	6.888037E+3
7.101751E+2	6.873431E+3
7.104263E+2	6.859464E+3
7.106776E+2	6.843207E+3
7.109288E+2	6.826873E+3
7.111800E+2	6.810392E+3
7.114313E+2	6.793065E+3
7.116825E+2	6.775485E+3
7.119337E+2	6.758524E+3
7.121849E+2	6.739425E+3
7.124361E+2	6.719059E+3
7.126873E+2	6.699343E+3
7.129384E+2	6.679912E+3
7.131896E+2	6.661141E+3
7.134408E+2	6.643453E+3
7.136919E+2	6.624611E+3
7.139430E+2	6.607054E+3
7.141942E+2	6.590791E+3
7.144453E+2	6.574901E+3
7.146964E+2	6.560414E+3
7.149475E+2	6.547567E+3
7.151986E+2	6.537250E+3
7.154497E+2	6.526862E+3
7.157008E+2	6.516731E+3
7.159518E+2	6.506879E+3
7.162029E+2	6.497595E+3
7.164540E+2	6.490125E+3
7.167050E+2	6.482518E+3
7.169560E+2	6.476567E+3
7.172071E+2	6.468485E+3
7.174581E+2	6.461081E+3
7.177091E+2	6.452163E+3
7.179601E+2	6.442852E+3
7.182111E+2	6.433857E+3
7.184621E+2	6.422469E+3
7.187130E+2	6.411464E+3
7.189640E+2	6.398682E+3
7.192150E+2	6.384535E+3
7.194659E+2	6.369933E+3
7.197169E+2	6.354507E+3
7.199678E+2	6.338311E+3
7.202187E+2	6.320742E+3
7.204696E+2	6.304819E+3
7.207205E+2	6.288535E+3
7.209714E+2	6.272267E+3
7.212223E+2	6.256507E+3
7.214732E+2	6.240043E+3
7.217241E+2	6.225622E+3
7.219749E+2	6.212578E+3
7.222258E+2	6.201595E+3
7.224766E+2	6.192988E+3
7.227274E+2	6.185223E+3
7.229783E+2	6.179775E+3
7.232291E+2	6.177005E+3
7.234799E+2	6.175606E+3
7.237307E+2	6.178425E+3
7.239815E+2	6.182704E+3
7.242323E+2	6.188955E+3
7.244830E+2	6.195485E+3
7.247338E+2	6.203289E+3
7.249846E+2	6.213906E+3
7.252353E+2	6.223961E+3
7.254861E+2	6.233152E+3
7.257368E+2	6.241425E+3
7.259875E+2	6.250824E+3
7.262382E+2	6.259884E+3
7.264889E+2	6.266540E+3
7.267396E+2	6.272032E+3
7.269903E+2	6.278076E+3
7.272410E+2	6.282015E+3
7.274917E+2	6.286977E+3
7.277423E+2	6.291059E+3
7.279930E+2	6.294545E+3
7.282436E+2	6.298802E+3
7.284942E+2	6.299972E+3
7.287449E+2	6.301797E+3
7.289955E+2	6.304392E+3
7.292461E+2	6.306770E+3
7.294967E+2	6.308021E+3
7.297473E+2	6.310748E+3
7.299979E+2	6.313562E+3
7.302484E+2	6.316649E+3
7.304990E+2	6.319234E+3
7.307496E+2	6.323611E+3
7.310001E+2	6.330742E+3
7.312507E+2	6.339693E+3
7.315012E+2	6.351365E+3
7.317517E+2	6.365152E+3
7.320022E+2	6.385977E+3
7.322527E+2	6.412065E+3
7.325032E+2	6.444469E+3
7.327537E+2	6.480841E+3
7.330042E+2	6.521638E+3
7.332547E+2	6.563114E+3
7.335051E+2	6.607567E+3
7.337556E+2	6.657944E+3
7.340060E+2	6.715977E+3
7.342564E+2	6.783895E+3
7.345069E+2	6.858005E+3
7.347573E+2	6.929185E+3
7.350077E+2	6.990808E+3
7.352581E+2	7.041141E+3
7.355085E+2	7.090873E+3
7.357589E+2	7.152748E+3
7.360092E+2	7.237152E+3
7.362596E+2	7.342114E+3
7.365100E+2	7.457928E+3
7.367603E+2	7.571114E+3
7.370106E+2	7.673392E+3
7.372610E+2	7.762343E+3
7.375113E+2	7.843617E+3
7.377616E+2	7.922141E+3
7.380119E+2	8.006562E+3
7.382622E+2	8.099589E+3
7.385125E+2	8.201868E+3
7.387628E+2	8.308666E+3
7.390130E+2	8.417655E+3
7.392633E+2	8.531474E+3
7.395135E+2	8.651556E+3
7.397638E+2	8.780010E+3
7.400140E+2	8.917474E+3
7.402642E+2	9.063278E+3
7.405144E+2	9.209327E+3
7.407647E+2	9.356300E+3
7.410149E+2	9.504688E+3
7.412650E+2	9.647021E+3
7.415152E+2	9.780207E+3
7.417654E+2	9.915923E+3
7.420156E+2	1.006112E+4
7.422657E+2	1.021367E+4
7.425159E+2	1.036655E+4
7.427660E+2	1.050779E+4
7.430161E+2	1.062919E+4
7.432662E+2	1.073816E+4
7.435164E+2	1.087334E+4
7.437665E+2	1.102905E+4
7.440165E+2	1.118394E+4
7.442666E+2	1.133863E+4
7.445167E+2	1.149297E+4
7.447668E+2	1.164718E+4
7.450168E+2	1.179959E+4
7.452669E+2	1.194638E+4
7.455169E+2	1.207488E+4
7.457669E+2	1.219211E+4
7.460170E+2	1.230345E+4
7.462670E+2	1.241982E+4
7.465170E+2	1.254336E+4
7.467670E+2	1.268205E+4
7.470170E+2	1.282262E+4
7.472670E+2	1.295710E+4
7.475169E+2	1.308676E+4
7.477669E+2	1.321149E+4
7.480168E+2	1.333284E+4
7.482668E+2	1.345135E+4
7.485167E+2	1.356962E+4
7.487666E+2	1.368442E+4
7.490166E+2	1.379540E+4
7.492665E+2	1.387716E+4
7.495164E+2	1.394092E+4
7.497663E+2	1.399133E+4
7.500161E+2	1.403507E+4
7.502660E+2	1.407656E+4
7.505159E+2	1.411709E+4
7.507657E+2	1.415599E+4
7.510156E+2	1.418670E+4
7.512654E+2	1.419902E+4
7.515152E+2	1.419160E+4
7.517651E+2	1.417219E+4
7.520149E+2	1.415829E+4
7.522647E+2	1.416227E+4
7.525145E+2	1.418917E+4
7.527643E+2	1.422737E+4
7.530140E+2	1.426709E+4
7.532638E+2	1.429077E+4
7.535136E+2	1.429424E+4
7.537633E+2	1.428291E+4
7.540131E+2	1.427372E+4
7.542628E+2	1.428235E+4
7.545125E+2	1.430715E+4
7.547622E+2	1.433393E+4
7.550119E+2	1.435240E+4
7.552616E+2	1.436157E+4
7.555113E+2	1.436157E+4
7.557610E+2	1.436000E+4
7.560107E+2	1.434604E+4
7.562603E+2	1.431765E+4
7.565100E+2	1.427850E+4
7.567596E+2	1.423814E+4
7.570093E+2	1.418623E+4
7.572589E+2	1.411020E+4
7.575085E+2	1.400958E+4
7.577581E+2	1.389544E+4
7.580077E+2	1.378096E+4
7.582573E+2	1.367606E+4
7.585069E+2	1.357111E+4
7.587565E+2	1.342743E+4
7.590060E+2	1.325577E+4
7.592556E+2	1.308317E+4
7.595051E+2	1.291027E+4
7.597547E+2	1.274115E+4
7.600042E+2	1.257603E+4
7.602537E+2	1.241387E+4
7.605032E+2	1.225936E+4
7.607527E+2	1.212605E+4
7.610022E+2	1.200617E+4
7.612517E+2	1.189213E+4
7.615012E+2	1.177422E+4
7.617507E+2	1.164789E+4
7.620001E+2	1.150456E+4
7.622496E+2	1.135227E+4
7.624990E+2	1.119716E+4
7.627485E+2	1.103961E+4
7.629979E+2	1.088130E+4
7.632473E+2	1.072343E+4
7.634967E+2	1.056864E+4
7.637461E+2	1.041622E+4
7.639955E+2	1.026755E+4
7.642449E+2	1.012191E+4
7.644942E+2	9.997846E+3
7.647436E+2	9.884005E+3
7.649930E+2	9.775147E+3
7.652423E+2	9.675737E+3
7.654916E+2	9.589108E+3
7.657410E+2	9.513371E+3
7.659903E+2	9.441048E+3
7.662396E+2	9.364398E+3
7.664889E+2	9.283709E+3
7.667382E+2	9.201770E+3
7.669875E+2	9.121043E+3
7.672367E+2	9.038655E+3
7.674860E+2	8.948289E+3
7.677353E+2	8.845655E+3
7.679845E+2	8.738660E+3
7.682337E+2	8.631332E+3
7.684830E+2	8.531775E+3
7.687322E+2	8.440912E+3
7.689814E+2	8.354382E+3
7.692306E+2	8.261780E+3
7.694798E+2	8.148311E+3
7.697290E+2	8.012830E+3
7.699782E+2	7.868474E+3
7.702273E+2	7.720797E+3
7.704765E+2	7.571403E+3
7.707256E+2	7.421365E+3
7.709748E+2	7.276065E+3
7.712239E+2	7.150376E+3
7.714730E+2	7.045824E+3
7.717222E+2	6.963300E+3
7.719713E+2	6.892332E+3
7.722204E+2	6.830988E+3
7.724694E+2	6.786321E+3
7.727185E+2	6.761901E+3
7.729676E+2	6.754168E+3
7.732167E+2	6.760278E+3
7.734657E+2	6.776343E+3
7.737147E+2	6.799890E+3
7.739638E+2	6.830119E+3
7.742128E+2	6.860895E+3
7.744618E+2	6.884835E+3
7.747108E+2	6.901108E+3
7.749598E+2	6.907125E+3
7.752088E+2	6.903573E+3
7.754578E+2	6.893392E+3
7.757068E+2	6.876873E+3
7.759557E+2	6.853535E+3
7.762047E+2	6.825562E+3
7.764536E+2	6.792480E+3
7.767026E+2	6.752480E+3
7.769515E+2	6.708873E+3
7.772004E+2	6.661688E+3
7.774493E+2	6.615972E+3
7.776982E+2	6.571944E+3
7.779471E+2	6.532229E+3
7.781960E+2	6.495360E+3
7.784449E+2	6.460819E+3
7.786938E+2	6.426862E+3
7.789426E+2	6.394130E+3
7.791915E+2	6.360682E+3
7.794403E+2	6.325737E+3
7.796891E+2	6.291376E+3
7.799380E+2	6.255158E+3
7.801868E+2	6.221425E+3
7.804356E+2	6.186955E+3
7.806844E+2	6.149453E+3
7.809332E+2	6.111928E+3
7.811819E+2	6.074305E+3
7.814307E+2	6.037677E+3
7.816795E+2	6.003026E+3
7.819282E+2	5.970201E+3
7.821770E+2	5.939551E+3
7.824257E+2	5.909704E+3
7.826744E+2	5.881327E+3
7.829231E+2	5.856770E+3
7.831718E+2	5.832606E+3
7.834205E+2	5.808458E+3
7.836692E+2	5.784950E+3
7.839179E+2	5.761458E+3
7.841666E+2	5.734387E+3
7.844152E+2	5.702485E+3
7.846639E+2	5.665622E+3
7.849125E+2	5.624556E+3
7.851612E+2	5.579464E+3
7.854098E+2	5.533261E+3
7.856584E+2	5.485201E+3
7.859070E+2	5.434212E+3
7.861556E+2	5.376841E+3
7.864042E+2	5.310567E+3
7.866528E+2	5.235573E+3
7.869014E+2	5.154775E+3
7.871499E+2	5.072464E+3
7.873985E+2	4.992502E+3
7.876470E+2	4.910972E+3
7.878956E+2	4.826726E+3
7.881441E+2	4.738961E+3
7.883926E+2	4.650562E+3
7.886411E+2	4.563371E+3
7.888896E+2	4.481507E+3
7.891381E+2	4.403693E+3
7.893866E+2	4.334666E+3
7.896351E+2	4.272311E+3
7.898835E+2	4.217666E+3
7.901320E+2	4.168775E+3
7.903804E+2	4.125671E+3
7.906289E+2	4.087152E+3
7.908773E+2	4.053491E+3
7.911257E+2	4.023742E+3
7.913742E+2	3.996780E+3
7.916226E+2	3.974524E+3
7.918709E+2	3.955715E+3
7.921193E+2	3.940666E+3
7.923677E+2	3.928813E+3
7.926161E+2	3.917955E+3
7.928644E+2	3.908261E+3
7.931128E+2	3.894584E+3
7.933611E+2	3.877852E+3
7.936095E+2	3.857196E+3
7.938578E+2	3.831540E+3
7.941061E+2	3.800994E+3
7.943544E+2	3.766371E+3
7.946027E+2	3.729086E+3
7.948510E+2	3.690321E+3
7.950993E+2	3.652638E+3
7.953475E+2	3.617485E+3
7.955958E+2	3.584414E+3
7.958440E+2	3.554715E+3
7.960923E+2	3.528447E+3
7.963405E+2	3.503819E+3
7.965887E+2	3.479491E+3
7.968370E+2	3.455595E+3
7.970852E+2	3.432043E+3
7.973334E+2	3.406595E+3
7.975816E+2	3.380076E+3
7.978297E+2	3.352480E+3
7.980779E+2	3.324261E+3
7.983261E+2	3.295742E+3
7.985742E+2	3.268414E+3
7.988224E+2	3.242218E+3
7.990705E+2	3.216409E+3
7.993186E+2	3.195556E+3
7.995668E+2	3.176933E+3
7.998149E+2	3.161431E+3
8.000630E+2	3.150671E+3
8.003111E+2	3.143365E+3
8.005591E+2	3.140108E+3
8.008072E+2	3.140720E+3
8.010553E+2	3.144245E+3
8.013033E+2	3.150704E+3
8.015514E+2	3.157748E+3
8.017994E+2	3.166562E+3
8.020474E+2	3.175529E+3
8.022955E+2	3.185136E+3
8.025435E+2	3.193584E+3
8.027915E+2	3.200595E+3
8.030395E+2	3.208327E+3
8.032874E+2	3.216300E+3
8.035354E+2	3.223862E+3
8.037834E+2	3.231294E+3
8.040313E+2	3.239458E+3
8.042793E+2	3.249097E+3
8.045272E+2	3.258835E+3
8.047752E+2	3.270873E+3
8.050231E+2	3.284398E+3
8.052710E+2	3.301234E+3
8.055189E+2	3.320704E+3
8.057668E+2	3.342731E+3
8.060147E+2	3.368507E+3
8.062625E+2	3.396923E+3
8.065104E+2	3.429021E+3
8.067583E+2	3.464338E+3
8.070061E+2	3.505070E+3
8.072540E+2	3.549250E+3
8.075018E+2	3.598529E+3
8.077496E+2	3.652600E+3
8.079974E+2	3.710671E+3
8.082452E+2	3.774015E+3
8.084930E+2	3.837294E+3
8.087408E+2	3.904464E+3
8.089886E+2	3.972097E+3
8.092364E+2	4.041999E+3
8.094841E+2	4.116305E+3
8.097319E+2	4.195606E+3
8.099796E+2	4.278436E+3
8.102273E+2	4.365999E+3
8.104751E+2	4.457065E+3
8.107228E+2	4.552343E+3
8.109705E+2	4.652338E+3
8.112182E+2	4.756671E+3
8.114659E+2	4.866496E+3
8.117135E+2	4.981114E+3
8.119612E+2	5.101349E+3
8.122089E+2	5.225895E+3
8.124565E+2	5.353961E+3
8.127042E+2	5.481988E+3
8.129518E+2	5.608731E+3
8.131994E+2	5.728764E+3
8.134470E+2	5.840748E+3
8.136946E+2	5.939070E+3
8.139422E+2	6.022830E+3
8.141898E+2	6.088824E+3
8.144374E+2	6.136010E+3
8.146850E+2	6.167835E+3
8.149325E+2	6.186338E+3
8.151801E+2	6.194163E+3
8.154276E+2	6.195136E+3
8.156752E+2	6.191409E+3
8.159227E+2	6.185086E+3
8.161702E+2	6.178382E+3
8.164177E+2	6.170764E+3
8.166652E+2	6.162939E+3
8.169127E+2	6.155212E+3
8.171602E+2	6.148513E+3
8.174077E+2	6.142256E+3
8.176551E+2	6.138032E+3
8.179026E+2	6.137617E+3
8.181500E+2	6.139065E+3
8.183975E+2	6.144830E+3
8.186449E+2	6.154229E+3
8.188923E+2	6.169398E+3
8.191397E+2	6.190906E+3
8.193871E+2	6.218770E+3
8.196345E+2	6.253119E+3
8.198819E+2	6.292092E+3
8.201293E+2	6.338256E+3
8.203766E+2	6.385890E+3
8.206240E+2	6.435294E+3
8.208713E+2	6.484529E+3
8.211187E+2	6.529207E+3
8.213660E+2	6.568529E+3
8.216133E+2	6.599185E+3
8.218606E+2	6.620332E+3
8.221079E+2	6.630163E+3
8.223552E+2	6.626884E+3
8.226025E+2	6.610365E+3
8.228498E+2	6.582720E+3
8.230970E+2	6.542666E+3
8.233443E+2	6.491737E+3
8.235915E+2	6.435622E+3
8.238388E+2	6.371119E+3
8.240860E+2	6.302474E+3
8.243332E+2	6.228103E+3
8.245804E+2	6.146300E+3
8.248276E+2	6.056994E+3
8.250748E+2	5.962032E+3
8.253220E+2	5.859950E+3
8.255692E+2	5.751147E+3
8.258163E+2	5.636076E+3
8.260635E+2	5.513912E+3
8.263106E+2	5.383731E+3
8.265578E+2	5.245300E+3
8.268049E+2	5.099392E+3
8.270520E+2	4.945600E+3
8.272991E+2	4.784529E+3
8.275462E+2	4.618529E+3
8.277933E+2	4.450999E+3
8.280404E+2	4.282791E+3
8.282875E+2	4.119513E+3
8.285345E+2	3.962857E+3
8.287816E+2	3.818562E+3
8.290287E+2	3.688305E+3
8.292757E+2	3.575513E+3
8.295227E+2	3.479731E+3
8.297697E+2	3.399775E+3
8.300168E+2	3.333453E+3
8.302638E+2	3.277218E+3
8.305107E+2	3.228589E+3
8.307577E+2	3.185239E+3
8.310047E+2	3.144644E+3
8.312517E+2	3.104606E+3
8.314986E+2	3.066130E+3
8.317456E+2	3.029076E+3
8.319925E+2	2.992125E+3
8.322394E+2	2.954988E+3
8.324864E+2	2.918010E+3
8.327333E+2	2.879453E+3
8.329802E+2	2.838354E+3
8.332271E+2	2.795136E+3
8.334740E+2	2.747535E+3
8.337208E+2	2.696125E+3
8.339677E+2	2.638950E+3
8.342146E+2	2.574540E+3
8.344614E+2	2.503092E+3
8.347082E+2	2.424753E+3
8.349551E+2	2.339906E+3
8.352019E+2	2.246343E+3
8.354487E+2	2.148387E+3
8.356955E+2	2.045595E+3
8.359423E+2	1.939239E+3
8.361891E+2	1.832649E+3
8.364359E+2	1.727316E+3
8.366826E+2	1.626245E+3
8.369294E+2	1.530179E+3
8.371761E+2	1.440436E+3
8.374229E+2	1.359256E+3
8.376696E+2	1.286081E+3
8.379163E+2	1.219606E+3
8.381630E+2	1.161376E+3
8.384097E+2	1.110496E+3
8.386564E+2	1.065316E+3
8.389031E+2	1.025332E+3
8.391498E+2	9.902012E+2
8.393965E+2	9.593378E+2
8.396431E+2	9.321630E+2
8.398898E+2	9.082559E+2
8.401364E+2	8.868898E+2
8.403830E+2	8.674745E+2
8.406297E+2	8.496220E+2
8.408763E+2	8.330264E+2
8.411229E+2	8.174690E+2
8.413695E+2	8.025837E+2
8.416161E+2	7.884362E+2
8.418626E+2	7.751029E+2
8.421092E+2	7.618351E+2
8.423558E+2	7.486548E+2
8.426023E+2	7.356001E+2
8.428489E+2	7.226220E+2
8.430954E+2	7.102613E+2
8.433419E+2	6.984745E+2
8.435884E+2	6.867695E+2
8.438349E+2	6.752504E+2
8.440814E+2	6.637531E+2
8.443279E+2	6.526493E+2
8.445744E+2	6.420373E+2
8.448208E+2	6.314362E+2
8.450673E+2	6.208406E+2
8.453138E+2	6.100209E+2
8.455602E+2	5.986930E+2
8.458066E+2	5.872941E+2
8.460530E+2	5.752231E+2
8.462995E+2	5.636821E+2
8.465459E+2	5.516111E+2
8.467923E+2	5.393160E+2
8.470386E+2	5.271302E+2
8.472850E+2	5.147368E+2
8.475314E+2	5.022613E+2
8.477777E+2	4.897859E+2
8.480241E+2	4.776329E+2
8.482704E+2	4.648133E+2
8.485168E+2	4.527204E+2
8.487631E+2	4.404581E+2
8.490094E+2	4.280428E+2
8.492557E+2	4.157204E+2
8.495020E+2	4.036712E+2
8.497483E+2	3.914089E+2
8.499946E+2	3.795510E+2
8.502408E+2	3.680209E+2
8.504871E+2	3.565400E+2
8.507333E+2	3.453706E+2
8.509796E+2	3.345236E+2
8.512258E+2	3.237368E+2
8.514720E+2	3.133980E+2
8.517182E+2	3.032449E+2
8.519644E+2	2.935783E+2
8.522106E+2	2.837531E+2
8.524568E+2	2.743980E+2
8.527030E+2	2.651958E+2
8.529492E+2	2.566930E+2
8.531953E+2	2.482941E+2
8.534415E+2	2.402832E+2
8.536876E+2	2.323870E+2
8.539337E+2	2.251029E+2
8.541799E+2	2.178406E+2
8.544260E+2	2.110100E+2
8.546721E+2	2.048242E+2
8.549182E+2	1.986275E+2
8.551643E+2	1.927094E+2
8.554103E+2	1.869608E+2
8.556564E+2	1.815182E+2
8.559024E+2	1.762777E+2
8.561485E+2	1.710209E+2
8.563945E+2	1.661247E+2
8.566406E+2	1.616275E+2
8.568866E+2	1.572449E+2
8.571326E+2	1.530974E+2
8.573786E+2	1.491138E+2
8.576246E+2	1.456439E+2
8.578706E+2	1.424143E+2
8.581166E+2	1.394526E+2
8.583625E+2	1.366165E+2
8.586085E+2	1.340865E+2
8.588544E+2	1.312887E+2
8.591004E+2	1.287258E+2
8.593463E+2	1.260537E+2
8.595922E+2	1.232887E+2
8.598381E+2	1.205619E+2
8.600840E+2	1.178952E+2
8.603299E+2	1.157586E+2
8.605758E+2	1.134198E+2
8.608217E+2	1.107750E+2
8.610675E+2	1.085455E+2
8.613134E+2	1.063160E+2
8.615592E+2	1.043652E+2
8.618051E+2	1.023433E+2
8.620509E+2	1.001083E+2
8.622967E+2	9.788976E+1
8.625425E+2	9.558921E+1
8.627883E+2	9.335424E+1
8.630341E+2	9.104823E+1
8.632799E+2	8.906462E+1
8.635257E+2	8.720670E+1
8.637715E+2	8.519030E+1
8.640172E+2	8.349631E+1
8.642630E+2	8.187336E+1
8.645087E+2	8.003730E+1
8.647544E+2	7.817391E+1
8.650001E+2	7.641981E+1
8.652459E+2	7.479686E+1
8.654916E+2	7.363293E+1
8.657372E+2	7.227774E+1
8.659829E+2	7.093894E+1
8.662286E+2	6.987883E+1
8.664743E+2	6.850724E+1
8.667199E+2	6.707555E+1
8.669656E+2	6.541435E+1
8.672112E+2	6.422856E+1
8.674568E+2	6.318484E+1
8.677024E+2	6.202091E+1
8.679481E+2	6.090069E+1
8.681937E+2	5.967664E+1
8.684392E+2	5.845260E+1
8.686848E+2	5.784604E+1
8.689304E+2	5.699905E+1
8.691760E+2	5.629413E+1
8.694215E+2	5.569850E+1
8.696671E+2	5.478047E+1
8.699126E+2	5.428866E+1
8.701581E+2	5.379140E+1
8.704036E+2	5.308101E+1
8.706491E+2	5.245260E+1
8.708946E+2	5.163839E+1
8.711401E+2	5.098812E+1
8.713856E+2	5.040888E+1
8.716311E+2	4.967664E+1
8.718766E+2	4.911927E+1
8.721220E+2	4.862200E+1
8.723674E+2	4.798265E+1
8.726129E+2	4.740888E+1
8.728583E+2	4.710834E+1
8.731037E+2	4.632692E+1
8.733491E+2	4.532145E+1
8.735945E+2	4.463839E+1
8.738399E+2	4.416298E+1
8.740853E+2	4.368211E+1
8.743307E+2	4.334877E+1
8.745760E+2	4.287883E+1
8.748214E+2	4.229413E+1
8.750667E+2	4.241981E+1
8.753121E+2	4.186790E+1
8.755574E+2	4.139795E+1
8.758027E+2	4.104823E+1
8.760480E+2	4.044167E+1
8.762933E+2	3.990615E+1
8.765386E+2	3.920670E+1
8.767839E+2	3.844167E+1
8.770291E+2	3.799358E+1
8.772744E+2	3.749631E+1
8.775196E+2	3.703730E+1
8.777649E+2	3.672036E+1
8.780101E+2	3.620123E+1
8.782553E+2	3.562746E+1
8.785006E+2	3.483511E+1
8.787458E+2	3.430506E+1
8.789910E+2	3.372582E+1
8.792361E+2	3.322856E+1
8.794813E+2	3.288429E+1
8.797265E+2	3.252364E+1
8.799717E+2	3.231599E+1
8.802168E+2	3.192801E+1
8.804619E+2	3.143621E+1
8.807071E+2	3.099358E+1
8.809522E+2	3.021216E+1
8.811973E+2	2.950724E+1
8.814424E+2	2.912473E+1
8.816875E+2	2.888976E+1
8.819326E+2	2.898265E+1
8.821777E+2	2.856189E+1
8.824227E+2	2.814112E+1
8.826678E+2	2.794440E+1
8.829128E+2	2.761653E+1
8.831579E+2	2.745806E+1
8.834029E+2	2.731599E+1
8.836479E+2	2.706462E+1
8.838929E+2	2.696080E+1
8.841379E+2	2.669850E+1
8.843829E+2	2.629413E+1
8.846279E+2	2.599358E+1
8.848729E+2	2.577500E+1
8.851179E+2	2.527774E+1
8.853628E+2	2.512473E+1
8.856078E+2	2.459468E+1
8.858527E+2	2.411927E+1
8.860976E+2	2.394987E+1
8.863425E+2	2.362746E+1
8.865875E+2	2.333785E+1
8.868324E+2	2.305916E+1
8.870772E+2	2.269850E+1
8.873221E+2	2.256189E+1
8.875670E+2	2.219577E+1
8.878119E+2	2.192254E+1
8.880567E+2	2.202637E+1
8.883016E+2	2.184058E+1
8.885464E+2	2.147446E+1
8.887912E+2	2.133238E+1
8.890360E+2	2.114112E+1
8.892809E+2	2.077500E+1
8.895257E+2	2.043621E+1
8.897704E+2	2.054003E+1
8.900152E+2	1.978593E+1
8.902600E+2	1.937063E+1
8.905048E+2	1.923402E+1
8.907495E+2	1.891162E+1
8.909943E+2	1.893894E+1
8.912390E+2	1.860014E+1
8.914837E+2	1.844167E+1
8.917284E+2	1.869304E+1
8.919731E+2	1.859468E+1
8.922178E+2	1.817938E+1
8.924625E+2	1.807555E+1
8.927072E+2	1.784058E+1
8.929519E+2	1.769850E+1
8.931965E+2	1.767118E+1
8.934412E+2	1.764932E+1
8.936858E+2	1.754003E+1
8.939305E+2	1.751817E+1
8.941751E+2	1.733785E+1
8.944197E+2	1.714659E+1
8.946643E+2	1.709741E+1
8.949089E+2	1.698265E+1
8.951535E+2	1.679686E+1
8.953981E+2	1.655096E+1
8.956426E+2	1.651817E+1
8.958872E+2	1.650724E+1
8.961317E+2	1.640888E+1
8.963763E+2	1.643621E+1
8.966208E+2	1.646353E+1
8.968653E+2	1.607555E+1
8.971098E+2	1.619577E+1
8.973543E+2	1.608648E+1
8.975988E+2	1.620123E+1
8.978433E+2	1.639249E+1
8.980878E+2	1.622856E+1
8.983323E+2	1.624495E+1
8.985767E+2	1.631052E+1
8.988212E+2	1.613566E+1
8.990656E+2	1.628320E+1
8.993100E+2	1.639795E+1
8.995545E+2	1.648539E+1
8.997989E+2	1.622856E+1
9.000433E+2	1.606462E+1
9.002877E+2	1.552364E+1
9.005320E+2	1.555642E+1
9.007764E+2	1.565478E+1
9.010208E+2	1.564932E+1
9.012651E+2	1.554003E+1
9.015095E+2	1.561653E+1
9.017538E+2	1.556735E+1
9.019981E+2	1.540888E+1
9.022425E+2	1.539795E+1
9.024868E+2	1.554550E+1
9.027311E+2	1.514659E+1
9.029754E+2	1.476954E+1
9.032196E+2	1.496626E+1
9.034639E+2	1.504276E+1
9.037082E+2	1.465478E+1
9.039524E+2	1.437610E+1
9.041967E+2	1.425588E+1
9.044409E+2	1.426681E+1
9.046851E+2	1.433785E+1
9.049293E+2	1.448539E+1
9.051736E+2	1.456189E+1
9.054177E+2	1.447992E+1
9.056619E+2	1.450724E+1
9.059061E+2	1.420670E+1
9.061503E+2	1.423948E+1
9.063944E+2	1.425041E+1
9.066386E+2	1.382418E+1
9.068827E+2	1.365478E+1
9.071269E+2	1.394440E+1
9.073710E+2	1.379686E+1
9.076151E+2	1.361653E+1
9.078592E+2	1.360014E+1
9.081033E+2	1.345806E+1
9.083474E+2	1.344713E+1
9.085915E+2	1.345806E+1
9.088355E+2	1.337063E+1
9.090796E+2	1.339249E+1
9.093236E+2	1.340342E+1
9.095677E+2	1.319030E+1
9.098117E+2	1.311927E+1
9.100557E+2	1.315752E+1
9.102997E+2	1.318484E+1
9.105437E+2	1.316298E+1
9.107877E+2	1.323948E+1
9.110317E+2	1.341981E+1
9.112757E+2	1.327774E+1
9.115197E+2	1.319030E+1
9.117636E+2	1.345806E+1
9.120076E+2	1.354003E+1
9.122515E+2	1.343621E+1
9.124954E+2	1.325041E+1
9.127393E+2	1.312473E+1
9.129832E+2	1.339249E+1
9.132271E+2	1.344167E+1
9.134710E+2	1.326134E+1
9.137149E+2	1.320670E+1
9.139588E+2	1.306462E+1
9.142026E+2	1.297719E+1
9.144465E+2	1.285151E+1
9.146903E+2	1.290615E+1
9.149342E+2	1.295533E+1
9.151780E+2	1.335424E+1
9.154218E+2	1.358375E+1
9.156656E+2	1.361107E+1
9.159094E+2	1.353457E+1
9.161532E+2	1.373675E+1
9.163970E+2	1.370397E+1
9.166408E+2	1.361653E+1
9.168845E+2	1.365478E+1
9.171283E+2	1.371489E+1
9.173720E+2	1.364386E+1
9.176157E+2	1.412473E+1
9.178595E+2	1.429959E+1
9.181032E+2	1.425588E+1
9.183469E+2	1.409194E+1
9.185906E+2	1.416298E+1
9.188343E+2	1.419030E+1
9.190779E+2	1.432145E+1
9.193216E+2	1.441435E+1
9.195653E+2	1.410287E+1
9.198089E+2	1.401544E+1
9.200525E+2	1.381872E+1
9.202962E+2	1.385697E+1
9.205398E+2	1.393894E+1
9.207834E+2	1.407555E+1
9.210270E+2	1.435970E+1
9.212706E+2	1.458375E+1
9.215142E+2	1.472036E+1
9.217577E+2	1.474768E+1
9.220013E+2	1.470943E+1
9.222449E+2	1.461107E+1
9.224884E+2	1.482965E+1
9.227319E+2	1.470943E+1
9.229755E+2	1.477500E+1
9.232190E+2	1.480233E+1
9.234625E+2	1.468757E+1
9.237060E+2	1.458375E+1
9.239495E+2	1.473129E+1
9.241930E+2	1.467118E+1
9.244364E+2	1.481325E+1
9.246799E+2	1.482965E+1
9.249233E+2	1.470943E+1
9.251668E+2	1.467664E+1
9.254102E+2	1.451271E+1
9.256536E+2	1.451817E+1
9.258971E+2	1.455642E+1
9.261405E+2	1.450178E+1
9.263839E+2	1.444713E+1
9.266272E+2	1.435970E+1
9.268706E+2	1.427774E+1
9.271140E+2	1.437063E+1
9.273573E+2	1.422856E+1
9.276007E+2	1.418484E+1
9.278440E+2	1.414659E+1
9.280874E+2	1.409741E+1
9.283307E+2	1.413019E+1
9.285740E+2	1.436517E+1
9.288173E+2	1.447992E+1
9.290606E+2	1.462200E+1
9.293039E+2	1.479686E+1
9.295471E+2	1.485697E+1
9.297904E+2	1.526134E+1
9.300337E+2	1.517938E+1
9.302769E+2	1.493894E+1
9.305201E+2	1.491162E+1
9.307634E+2	1.505369E+1
9.310066E+2	1.506462E+1
9.312498E+2	1.515752E+1
9.314930E+2	1.531599E+1
9.317362E+2	1.537610E+1
9.319794E+2	1.527227E+1
9.322225E+2	1.543621E+1
9.324657E+2	1.522309E+1
9.327088E+2	1.513019E+1
9.329520E+2	1.500998E+1
9.331951E+2	1.520670E+1
9.334382E+2	1.532145E+1
9.336814E+2	1.531052E+1
9.339245E+2	1.518484E+1
9.341676E+2	1.499905E+1
9.344106E+2	1.516845E+1
9.346537E+2	1.516845E+1
9.348968E+2	1.539795E+1
9.351398E+2	1.520670E+1
9.353829E+2	1.517938E+1
9.356259E+2	1.505369E+1
9.358690E+2	1.471489E+1
9.361120E+2	1.441981E+1
9.363550E+2	1.432145E+1
9.365980E+2	1.444713E+1
9.368410E+2	1.444713E+1
9.370840E+2	1.447992E+1
9.373269E+2	1.413566E+1
9.375699E+2	1.417391E+1
9.378129E+2	1.407009E+1
9.380558E+2	1.388976E+1
9.382987E+2	1.388976E+1
9.385417E+2	1.398812E+1
9.387846E+2	1.372036E+1
9.390275E+2	1.384058E+1
9.392704E+2	1.371489E+1
9.395133E+2	1.380233E+1
9.397562E+2	1.383511E+1
9.399990E+2	1.382965E+1
9.402419E+2	1.394987E+1
9.404847E+2	1.391708E+1
9.407276E+2	1.390069E+1
9.409704E+2	1.397719E+1
9.412132E+2	1.395533E+1
9.414560E+2	1.404823E+1
9.416988E+2	1.403730E+1
9.419416E+2	1.404823E+1
9.421844E+2	1.408101E+1
9.424272E+2	1.391708E+1
9.426700E+2	1.379140E+1
9.429127E+2	1.372036E+1
9.431555E+2	1.357282E+1
9.433982E+2	1.328320E+1
9.436409E+2	1.292254E+1
9.438837E+2	1.285151E+1
9.441264E+2	1.263839E+1
9.443691E+2	1.247446E+1
9.446118E+2	1.204276E+1
9.448544E+2	1.217391E+1
9.450971E+2	1.211927E+1
9.453398E+2	1.217938E+1
9.455824E+2	1.211380E+1
9.458251E+2	1.214659E+1
9.460677E+2	1.221216E+1
9.463103E+2	1.226681E+1
9.465530E+2	1.217938E+1
9.467956E+2	1.217391E+1
9.470382E+2	1.197719E+1
9.472807E+2	1.221216E+1
9.475233E+2	1.213566E+1
9.477659E+2	1.219030E+1
9.480084E+2	1.206462E+1
9.482510E+2	1.216298E+1
9.484935E+2	1.245260E+1
9.487361E+2	1.243074E+1
9.489786E+2	1.269850E+1
9.492211E+2	1.275315E+1
9.494636E+2	1.283511E+1
9.497061E+2	1.249631E+1
9.499486E+2	1.231052E+1
9.501911E+2	1.239249E+1
9.504335E+2	1.244713E+1
9.506760E+2	1.255096E+1
9.509184E+2	1.258921E+1
9.511609E+2	1.261653E+1
9.514033E+2	1.252910E+1
9.516457E+2	1.224495E+1
9.518881E+2	1.228866E+1
9.521305E+2	1.233238E+1
9.523729E+2	1.257828E+1
9.526153E+2	1.275861E+1
9.528576E+2	1.284058E+1
9.531000E+2	1.284058E+1
9.533424E+2	1.274768E+1
9.535847E+2	1.276407E+1
9.538270E+2	1.257828E+1
9.540694E+2	1.271489E+1
9.543117E+2	1.262746E+1
9.545540E+2	1.277500E+1
9.547963E+2	1.272036E+1
9.550386E+2	1.267118E+1
9.552808E+2	1.265478E+1
9.555231E+2	1.267118E+1
9.557654E+2	1.257828E+1
9.560076E+2	1.274222E+1
9.562498E+2	1.249631E+1
9.564921E+2	1.271489E+1
9.567343E+2	1.287336E+1
9.569765E+2	1.303183E+1
9.572187E+2	1.319030E+1
9.574609E+2	1.326681E+1
9.577031E+2	1.327227E+1
9.579452E+2	1.368211E+1
9.581874E+2	1.397172E+1
9.584296E+2	1.410287E+1
9.586717E+2	1.401544E+1
9.589138E+2	1.403730E+1
9.591560E+2	1.411927E+1
9.593981E+2	1.439795E+1
9.596402E+2	1.435970E+1
9.598823E+2	1.455642E+1
9.601244E+2	1.432692E+1
9.603664E+2	1.433785E+1
9.606085E+2	1.426134E+1
9.608506E+2	1.413566E+1
9.610926E+2	1.384604E+1
9.613347E+2	1.393894E+1
9.615767E+2	1.368211E+1
9.618187E+2	1.384604E+1
9.620607E+2	1.351271E+1
9.623027E+2	1.396626E+1
9.625447E+2	1.404276E+1
9.627867E+2	1.400998E+1
9.630287E+2	1.391708E+1
9.632706E+2	1.362200E+1
9.635126E+2	1.367664E+1
9.637545E+2	1.361107E+1
9.639965E+2	1.349631E+1
9.642384E+2	1.326134E+1
9.644803E+2	1.339249E+1
9.647222E+2	1.362746E+1
9.649641E+2	1.340342E+1
9.652060E+2	1.347992E+1
9.654479E+2	1.360014E+1
9.656897E+2	1.357282E+1
9.659316E+2	1.357828E+1
9.661734E+2	1.354550E+1
9.664153E+2	1.388429E+1
9.666571E+2	1.394440E+1
9.668989E+2	1.426681E+1
9.671408E+2	1.433238E+1
9.673826E+2	1.431599E+1
9.676243E+2	1.445806E+1
9.678661E+2	1.458375E+1
9.681079E+2	1.488429E+1
9.683497E+2	1.499905E+1
9.685914E+2	1.530506E+1
9.688332E+2	1.516845E+1
9.690749E+2	1.530506E+1
9.693166E+2	1.519577E+1
9.695583E+2	1.523948E+1
9.698001E+2	1.529413E+1
9.700417E+2	1.521763E+1
9.702834E+2	1.504276E+1
9.705251E+2	1.500998E+1
9.707668E+2	1.502091E+1
9.710084E+2	1.504276E+1
9.712501E+2	1.491162E+1
9.714917E+2	1.494987E+1
9.717334E+2	1.509741E+1
9.719750E+2	1.532145E+1
9.722166E+2	1.556189E+1
9.724582E+2	1.568211E+1
9.726998E+2	1.511380E+1
9.729414E+2	1.500998E+1
9.731830E+2	1.505369E+1
9.734245E+2	1.498812E+1
9.736661E+2	1.488429E+1
9.739076E+2	1.500998E+1
9.741492E+2	1.481325E+1
9.743907E+2	1.481325E+1
9.746322E+2	1.484058E+1
9.748737E+2	1.501544E+1
9.751152E+2	1.525588E+1
9.753567E+2	1.524495E+1
9.755982E+2	1.542528E+1
9.758396E+2	1.551817E+1
9.760811E+2	1.528866E+1
9.763226E+2	1.561107E+1
9.765640E+2	1.555096E+1
9.768054E+2	1.541981E+1
9.770468E+2	1.499905E+1
9.772883E+2	1.496080E+1
9.775297E+2	1.497719E+1
9.777711E+2	1.514112E+1
9.780124E+2	1.508101E+1
9.782538E+2	1.498265E+1
9.784952E+2	1.479686E+1
9.787365E+2	1.464932E+1
9.789779E+2	1.478593E+1
9.792192E+2	1.492254E+1
9.794605E+2	1.495533E+1
9.797019E+2	1.512473E+1
9.799432E+2	1.500998E+1
9.801845E+2	1.485697E+1
9.804257E+2	1.497719E+1
9.806670E+2	1.508101E+1
9.809083E+2	1.507009E+1
9.811496E+2	1.507555E+1
9.813908E+2	1.492801E+1
9.816320E+2	1.481872E+1
9.818733E+2	1.461107E+1
9.821145E+2	1.449631E+1
9.823557E+2	1.452910E+1
9.825969E+2	1.438156E+1
9.828381E+2	1.410287E+1
9.830793E+2	1.408101E+1
9.833205E+2	1.384058E+1
9.835616E+2	1.374768E+1
9.838028E+2	1.352364E+1
9.840439E+2	1.361653E+1
9.842851E+2	1.364932E+1
9.845262E+2	1.339249E+1
9.847673E+2	1.356735E+1
9.850084E+2	1.360560E+1
9.852495E+2	1.376407E+1
9.854906E+2	1.367664E+1
9.857317E+2	1.370397E+1
9.859727E+2	1.364932E+1
9.862138E+2	1.346899E+1
9.864549E+2	1.309194E+1
9.866959E+2	1.271489E+1
9.869369E+2	1.245260E+1
9.871779E+2	1.227227E+1
9.874190E+2	1.240342E+1
9.876600E+2	1.231599E+1
9.879010E+2	1.257282E+1
9.881419E+2	1.282965E+1
9.883829E+2	1.307555E+1
9.886239E+2	1.284604E+1
9.888648E+2	1.287883E+1
9.891058E+2	1.307555E+1
9.893467E+2	1.312473E+1
9.895876E+2	1.333785E+1
9.898285E+2	1.323948E+1
9.900695E+2	1.336517E+1
9.903104E+2	1.306462E+1
9.905512E+2	1.310287E+1
9.907921E+2	1.333238E+1
9.910330E+2	1.332145E+1
9.912738E+2	1.323402E+1
9.915147E+2	1.329413E+1
9.917555E+2	1.341435E+1
9.919964E+2	1.349085E+1
9.922372E+2	1.353457E+1
9.924780E+2	1.354003E+1
9.927188E+2	1.372036E+1
9.929596E+2	1.391708E+1
9.932004E+2	1.392254E+1
9.934411E+2	1.403730E+1
9.936819E+2	1.396626E+1
9.939227E+2	1.390069E+1
9.941634E+2	1.408648E+1
9.944041E+2	1.411927E+1
9.946449E+2	1.417391E+1
9.948856E+2	1.416298E+1
9.951263E+2	1.402637E+1
9.953670E+2	1.420123E+1
9.956077E+2	1.437063E+1
9.958483E+2	1.431052E+1
9.960890E+2	1.437063E+1
9.963297E+2	1.426134E+1
9.965703E+2	1.414112E+1
9.968109E+2	1.423948E+1
9.970516E+2	1.426681E+1
9.972922E+2	1.420670E+1
9.975328E+2	1.433238E+1
9.977734E+2	1.420123E+1
9.980140E+2	1.427774E+1
9.982546E+2	1.438703E+1
9.984951E+2	1.464932E+1
9.987357E+2	1.452364E+1
9.989763E+2	1.461107E+1
9.992168E+2	1.487883E+1
9.994573E+2	1.475315E+1
9.996978E+2	1.457828E+1
9.999384E+2	1.452910E+1
1.000179E+3	1.429413E+1
1.000419E+3	1.431052E+1
1.000660E+3	1.438156E+1
1.000900E+3	1.441435E+1
1.001141E+3	1.468757E+1
1.001381E+3	1.482965E+1
1.001622E+3	1.462200E+1
1.001862E+3	1.487883E+1
1.002103E+3	1.493894E+1
1.002343E+3	1.484604E+1
1.002583E+3	1.464386E+1
1.002824E+3	1.433238E+1
1.003064E+3	1.410287E+1
1.003305E+3	1.422856E+1
1.003545E+3	1.416845E+1
1.003785E+3	1.380233E+1
1.004026E+3	1.370943E+1
1.004266E+3	1.375861E+1
1.004506E+3	1.376954E+1
1.004747E+3	1.379140E+1
1.004987E+3	1.384604E+1
1.005227E+3	1.388429E+1
1.005468E+3	1.374768E+1
1.005708E+3	1.362746E+1
1.005948E+3	1.366025E+1
1.006188E+3	1.393894E+1
1.006429E+3	1.403730E+1
1.006669E+3	1.385697E+1
1.006909E+3	1.393894E+1
1.007149E+3	1.392801E+1
1.007390E+3	1.392801E+1
1.007630E+3	1.378593E+1
1.007870E+3	1.368757E+1
1.008110E+3	1.363293E+1
1.008350E+3	1.386790E+1
1.008590E+3	1.393894E+1
1.008831E+3	1.379686E+1
1.009071E+3	1.380779E+1
1.009311E+3	1.386790E+1
1.009551E+3	1.397719E+1
1.009791E+3	1.386244E+1
1.010031E+3	1.364932E+1
1.010271E+3	1.340342E+1
1.010511E+3	1.336517E+1
1.010752E+3	1.362746E+1
1.010992E+3	1.379140E+1
1.011232E+3	1.422309E+1
1.011472E+3	1.428320E+1
1.011712E+3	1.419030E+1
1.011952E+3	1.429413E+1
1.012192E+3	1.419577E+1
1.012432E+3	1.425588E+1
1.012672E+3	1.410287E+1
1.012912E+3	1.432145E+1
1.013152E+3	1.427774E+1
1.013392E+3	1.416845E+1
1.013632E+3	1.411927E+1
1.013872E+3	1.419030E+1
1.014112E+3	1.426134E+1
1.014352E+3	1.449085E+1
1.014591E+3	1.453457E+1
1.014831E+3	1.462746E+1
1.015071E+3	1.471489E+1
1.015311E+3	1.469850E+1
1.015551E+3	1.469304E+1
1.015791E+3	1.476407E+1
1.016031E+3	1.497172E+1
1.016271E+3	1.520670E+1
1.016511E+3	1.490069E+1
1.016750E+3	1.511380E+1
1.016990E+3	1.504823E+1
1.017230E+3	1.514112E+1
1.017470E+3	1.530506E+1
1.017710E+3	1.537610E+1
1.017949E+3	1.557828E+1
1.018189E+3	1.574222E+1
1.018429E+3	1.574768E+1
1.018669E+3	1.569850E+1
1.018908E+3	1.546353E+1
1.019148E+3	1.508101E+1
1.019388E+3	1.486244E+1
1.019628E+3	1.491708E+1
1.019867E+3	1.470943E+1
1.020107E+3	1.476954E+1
1.020347E+3	1.480233E+1
1.020586E+3	1.474222E+1
1.020826E+3	1.475861E+1
1.021066E+3	1.455096E+1
1.021305E+3	1.462746E+1
1.021545E+3	1.470397E+1
1.021785E+3	1.437610E+1
1.022024E+3	1.438703E+1
1.022264E+3	1.459468E+1
1.022504E+3	1.485151E+1
1.022743E+3	1.500451E+1
1.022983E+3	1.499905E+1
1.023222E+3	1.487883E+1
1.023462E+3	1.474222E+1
1.023702E+3	1.450178E+1
1.023941E+3	1.440888E+1
1.024181E+3	1.433238E+1
1.024420E+3	1.416298E+1
1.024660E+3	1.417391E+1
1.024899E+3	1.438156E+1
1.025139E+3	1.430506E+1
1.025378E+3	1.393894E+1
1.025618E+3	1.373675E+1
1.025857E+3	1.311927E+1
1.026097E+3	1.272036E+1
1.026336E+3	1.258375E+1
1.026575E+3	1.258921E+1
1.026815E+3	1.264932E+1
1.027054E+3	1.274768E+1
1.027294E+3	1.286244E+1
1.027533E+3	1.260014E+1
1.027773E+3	1.247446E+1
1.028012E+3	1.272582E+1
1.028251E+3	1.269850E+1
1.028491E+3	1.250178E+1
1.028730E+3	1.244713E+1
1.028969E+3	1.238156E+1
1.029209E+3	1.231599E+1
1.029448E+3	1.236517E+1
1.029687E+3	1.251817E+1
1.029927E+3	1.237610E+1
1.030166E+3	1.237610E+1
1.030405E+3	1.217391E+1
1.030645E+3	1.184058E+1
1.030884E+3	1.168211E+1
1.031123E+3	1.154550E+1
1.031362E+3	1.126681E+1
1.031602E+3	1.152910E+1
1.031841E+3	1.135970E+1
1.032080E+3	1.128866E+1
1.032319E+3	1.129413E+1
1.032558E+3	1.105916E+1
1.032798E+3	1.080779E+1
1.033037E+3	1.093894E+1
1.033276E+3	1.089522E+1
1.033515E+3	1.105369E+1
1.033754E+3	1.125588E+1
1.033993E+3	1.152910E+1
1.034233E+3	1.141435E+1
1.034472E+3	1.141435E+1
1.034711E+3	1.139795E+1
1.034950E+3	1.134877E+1
1.035189E+3	1.115205E+1
1.035428E+3	1.076954E+1
1.035667E+3	1.072582E+1
1.035906E+3	1.058375E+1
1.036145E+3	1.050724E+1
1.036384E+3	1.063293E+1
1.036623E+3	1.042528E+1
1.036862E+3	1.015205E+1
1.037101E+3	9.840577E+0
1.037340E+3	9.665714E+0
1.037579E+3	9.468993E+0
1.037818E+3	9.343310E+0
1.038057E+3	9.288665E+0
1.038296E+3	9.458064E+0
1.038535E+3	9.627463E+0
1.038774E+3	9.556424E+0
1.039013E+3	9.660249E+0
1.039252E+3	9.643856E+0
1.039491E+3	9.632927E+0
1.039730E+3	9.867900E+0
1.039969E+3	1.020670E+1
1.040208E+3	1.027227E+1
1.040447E+3	1.056735E+1
1.040685E+3	1.087883E+1
1.040924E+3	1.108648E+1
1.041163E+3	1.105916E+1
1.041402E+3	1.090069E+1
1.041641E+3	1.093894E+1
1.041880E+3	1.075315E+1
1.042118E+3	1.072582E+1
1.042357E+3	1.052364E+1
1.042596E+3	1.053457E+1
1.042835E+3	1.038156E+1
1.043074E+3	1.027227E+1
1.043312E+3	1.026681E+1
1.043551E+3	1.030506E+1
1.043790E+3	1.035970E+1
1.044029E+3	1.038156E+1
1.044267E+3	1.004823E+1
1.044506E+3	1.014112E+1
1.044745E+3	1.019030E+1
1.044983E+3	1.036517E+1
1.045222E+3	1.058921E+1
1.045461E+3	1.070397E+1
1.045699E+3	1.096626E+1
1.045938E+3	1.117938E+1
1.046177E+3	1.082418E+1
1.046415E+3	1.080233E+1
1.046654E+3	1.065478E+1
1.046893E+3	1.059468E+1
1.047131E+3	1.062746E+1
1.047370E+3	1.082965E+1
1.047608E+3	1.073675E+1
1.047847E+3	1.064386E+1
1.048086E+3	1.041435E+1
1.048324E+3	1.052910E+1
1.048563E+3	1.019577E+1
1.048801E+3	1.014659E+1
1.049040E+3	1.023402E+1
1.049278E+3	1.042528E+1
1.049517E+3	1.054550E+1
1.049755E+3	1.080779E+1
1.049994E+3	1.091708E+1
1.050232E+3	1.090069E+1
1.050471E+3	1.084058E+1
1.050709E+3	1.058921E+1
1.050948E+3	1.054003E+1
1.051186E+3	1.075315E+1
1.051424E+3	1.049631E+1
1.051663E+3	1.068757E+1
1.051901E+3	1.058921E+1
1.052140E+3	1.073129E+1
1.052378E+3	1.111380E+1
1.052616E+3	1.119577E+1
1.052855E+3	1.121763E+1
1.053093E+3	1.116298E+1
1.053332E+3	1.131052E+1
1.053570E+3	1.161107E+1
1.053808E+3	1.156189E+1
1.054047E+3	1.152910E+1
1.054285E+3	1.140888E+1
1.054523E+3	1.122856E+1
1.054761E+3	1.116298E+1
1.055000E+3	1.096080E+1
1.055238E+3	1.081325E+1
1.055476E+3	1.050724E+1
1.055715E+3	1.051817E+1
1.055953E+3	1.039795E+1
1.056191E+3	1.002091E+1
1.056429E+3	1.012473E+1
1.056667E+3	1.016845E+1
1.056906E+3	1.047446E+1
1.057144E+3	1.035970E+1
1.057382E+3	1.024495E+1
1.057620E+3	1.021216E+1
1.057858E+3	1.008648E+1
1.058097E+3	1.007555E+1
1.058335E+3	9.938938E+0
1.058573E+3	9.862435E+0
1.058811E+3	9.780468E+0
1.059049E+3	9.922544E+0
1.059287E+3	9.791397E+0
1.059525E+3	9.540031E+0
1.059763E+3	9.354238E+0
1.060001E+3	9.288665E+0
1.060239E+3	9.305058E+0
1.060478E+3	8.999047E+0
1.060716E+3	9.228555E+0
1.060954E+3	9.168446E+0
1.061192E+3	9.365167E+0
1.061430E+3	9.468993E+0
1.061668E+3	9.272271E+0
1.061906E+3	9.053692E+0
1.062144E+3	8.933473E+0
1.062382E+3	8.999047E+0
1.062620E+3	8.960796E+0
1.062858E+3	8.764075E+0
1.063096E+3	8.621998E+0
1.063333E+3	8.632927E+0
1.063571E+3	8.326916E+0
1.063809E+3	7.933473E+0
1.064047E+3	7.818719E+0
1.064285E+3	7.878829E+0
1.064523E+3	7.862435E+0
1.064761E+3	7.955331E+0
1.064999E+3	8.026370E+0
1.065237E+3	8.113801E+0
1.065474E+3	8.184840E+0
1.065712E+3	7.878829E+0
1.065950E+3	8.070085E+0
1.066188E+3	7.999047E+0
1.066426E+3	8.135659E+0
1.066664E+3	7.906151E+0
1.066901E+3	7.627463E+0
1.067139E+3	7.556424E+0
1.067377E+3	7.534566E+0
1.067615E+3	7.348774E+0
1.067852E+3	7.097408E+0
1.068090E+3	6.567353E+0
1.068328E+3	6.337845E+0
1.068566E+3	6.239484E+0
1.068803E+3	6.070085E+0
1.069041E+3	5.867900E+0
1.069279E+3	5.906151E+0
1.069516E+3	5.993583E+0
1.069754E+3	5.889758E+0
1.069992E+3	5.796861E+0
1.070229E+3	5.791397E+0
1.070467E+3	5.835113E+0
1.070705E+3	5.977189E+0
1.070942E+3	5.873364E+0
1.071180E+3	5.736752E+0
1.071418E+3	5.408883E+0
1.071655E+3	5.419812E+0
1.071893E+3	5.561889E+0
1.072130E+3	5.764075E+0
1.072368E+3	5.725823E+0
1.072605E+3	5.578282E+0
1.072843E+3	5.682107E+0
1.073081E+3	5.758610E+0
1.073318E+3	5.917080E+0
1.073556E+3	5.676643E+0
1.073793E+3	5.567353E+0
1.074031E+3	5.540031E+0
1.074268E+3	5.693036E+0
1.074506E+3	5.824184E+0
1.074743E+3	5.638391E+0
1.074981E+3	5.780468E+0
1.075218E+3	5.922544E+0
1.075455E+3	5.960796E+0
1.075693E+3	5.911616E+0
1.075930E+3	5.873364E+0
1.076168E+3	5.791397E+0
1.076405E+3	5.911616E+0
1.076642E+3	5.977189E+0
1.076880E+3	6.141124E+0
1.077117E+3	6.037299E+0
1.077355E+3	6.075550E+0
1.077592E+3	6.228555E+0
1.077829E+3	6.332381E+0
1.078067E+3	6.720359E+0
1.078304E+3	6.862435E+0
1.078541E+3	7.026370E+0
1.078779E+3	7.130195E+0
1.079016E+3	7.212162E+0
1.079253E+3	7.113801E+0
1.079490E+3	6.999047E+0
1.079728E+3	6.966260E+0
1.079965E+3	6.720359E+0
1.080202E+3	6.638391E+0
1.080439E+3	6.665714E+0
1.080677E+3	6.676643E+0
1.080914E+3	6.501779E+0
1.081151E+3	6.529102E+0
1.081388E+3	6.665714E+0
1.081625E+3	6.791397E+0
1.081863E+3	6.649320E+0
1.082100E+3	6.649320E+0
1.082337E+3	6.545495E+0
1.082574E+3	6.846042E+0
1.082811E+3	7.184840E+0
1.083048E+3	6.906151E+0
1.083285E+3	6.775004E+0
1.083522E+3	6.785932E+0
1.083760E+3	6.676643E+0
1.083997E+3	6.540031E+0
1.084234E+3	6.600140E+0
1.084471E+3	6.714894E+0
1.084708E+3	6.703965E+0
1.084945E+3	6.698501E+0
1.085182E+3	6.791397E+0
1.085419E+3	6.933473E+0
1.085656E+3	7.184840E+0
1.085893E+3	7.315987E+0
1.086130E+3	7.294129E+0
1.086367E+3	7.518173E+0
1.086604E+3	7.632927E+0
1.086841E+3	7.867900E+0
1.087078E+3	7.818719E+0
1.087315E+3	7.747681E+0
1.087552E+3	7.742217E+0
1.087789E+3	7.758610E+0
1.088026E+3	7.436206E+0
1.088262E+3	7.419812E+0
1.088499E+3	7.627463E+0
1.088736E+3	7.578282E+0
1.088973E+3	7.512708E+0
1.089210E+3	7.698501E+0
1.089447E+3	7.605605E+0
1.089684E+3	7.425277E+0
1.089921E+3	7.414348E+0
1.090157E+3	7.315987E+0
1.090394E+3	7.113801E+0
1.090631E+3	7.288665E+0
1.090868E+3	7.326916E+0
1.091105E+3	7.310523E+0
1.091341E+3	7.283200E+0
1.091578E+3	7.315987E+0
1.091815E+3	7.152053E+0
1.092052E+3	7.146588E+0
1.092288E+3	7.086479E+0
1.092525E+3	6.922544E+0
1.092762E+3	6.873364E+0
1.092999E+3	6.791397E+0
1.093235E+3	6.550960E+0
1.093472E+3	6.337845E+0
1.093709E+3	6.370632E+0
1.093945E+3	6.419812E+0
1.094182E+3	6.419812E+0
1.094419E+3	6.561889E+0
1.094655E+3	6.693036E+0
1.094892E+3	6.578282E+0
1.095128E+3	6.578282E+0
1.095365E+3	6.578282E+0
1.095602E+3	6.627463E+0
1.095838E+3	6.458064E+0
1.096075E+3	6.474457E+0
1.096311E+3	6.501779E+0
1.096548E+3	6.583747E+0
1.096784E+3	6.714894E+0
1.097021E+3	6.769539E+0
1.097258E+3	6.616534E+0
1.097494E+3	6.682107E+0
1.097731E+3	6.955331E+0
1.097967E+3	7.009976E+0
1.098204E+3	7.091943E+0
1.098440E+3	7.212162E+0
1.098677E+3	7.441670E+0
1.098913E+3	7.567353E+0
1.099149E+3	7.638391E+0
1.099386E+3	7.649320E+0
1.099622E+3	7.605605E+0
1.099859E+3	7.354238E+0
1.100095E+3	7.048228E+0
1.100332E+3	6.966260E+0
1.100568E+3	6.895222E+0
1.100804E+3	6.714894E+0
1.101041E+3	6.518173E+0
1.101277E+3	6.381561E+0
1.101513E+3	6.392490E+0
1.101750E+3	6.359703E+0
1.101986E+3	6.703965E+0
1.102222E+3	6.687572E+0
1.102459E+3	7.130195E+0
1.102695E+3	7.463528E+0
1.102931E+3	7.430741E+0
1.103168E+3	7.381561E+0
1.103404E+3	7.326916E+0
1.103640E+3	7.179375E+0
1.103876E+3	7.370632E+0
1.104113E+3	7.414348E+0
1.104349E+3	7.408883E+0
1.104585E+3	7.458064E+0
1.104821E+3	7.468993E+0
1.105057E+3	7.348774E+0
1.105294E+3	7.075550E+0
1.105530E+3	7.108337E+0
1.105766E+3	6.922544E+0
1.106002E+3	7.004512E+0
1.106238E+3	7.108337E+0
1.106474E+3	7.223091E+0
1.106711E+3	7.168446E+0
1.106947E+3	7.026370E+0
1.107183E+3	6.824184E+0
1.107419E+3	6.654785E+0
1.107655E+3	6.676643E+0
1.107891E+3	6.933473E+0
1.108127E+3	9.403419E+0
1.108363E+3	4.736752E+0
1.108599E+3	3.070085E+0
1.108835E+3	8.403419E+0
1.109071E+3	3.173675E+1
1.109307E+3	1.140342E+1
1.109543E+3	1.507009E+1
1.109779E+3	2.040342E+1
1.110015E+3	1.373675E+1
1.110251E+3	9.736752E+0
1.110487E+3	9.070085E+0
1.110723E+3	5.736752E+0
1.110959E+3	1.573675E+1
1.111195E+3	1.407009E+1
1.111431E+3	7.736752E+0
1.111667E+3	7.403419E+0
1.111903E+3	-1.263248E+0
1.112139E+3	-3.929915E+0
1.112375E+3	-5.263248E+0
1.112611E+3	7.403419E+0
1.112847E+3	5.070085E+0
1.113082E+3	7.070085E+0
1.113318E+3	5.070085E+0
1.113554E+3	1.073675E+1
1.113790E+3	4.403419E+0
1.114026E+3	-2.263248E+0
1.114262E+3	-8.263248E+0
1.114497E+3	3.403419E+0
1.114733E+3	1.040342E+1
1.114969E+3	1.173675E+1
