1.951292E+2	0.000000E+0
1.953960E+2	0.000000E+0
1.956629E+2	0.000000E+0
1.959298E+2	0.000000E+0
1.961966E+2	0.000000E+0
1.964635E+2	0.000000E+0
1.967303E+2	0.000000E+0
1.969972E+2	0.000000E+0
1.972640E+2	0.000000E+0
1.975308E+2	0.000000E+0
1.977977E+2	0.000000E+0
1.980645E+2	0.000000E+0
1.983313E+2	0.000000E+0
1.985981E+2	0.000000E+0
1.988649E+2	0.000000E+0
1.991316E+2	0.000000E+0
1.993984E+2	0.000000E+0
1.996652E+2	0.000000E+0
1.999320E+2	0.000000E+0
2.001987E+2	0.000000E+0
2.004655E+2	0.000000E+0
2.007322E+2	0.000000E+0
2.009989E+2	0.000000E+0
2.012657E+2	0.000000E+0
2.015324E+2	0.000000E+0
2.017991E+2	0.000000E+0
2.020658E+2	0.000000E+0
2.023325E+2	0.000000E+0
2.025992E+2	0.000000E+0
2.028659E+2	0.000000E+0
2.031326E+2	0.000000E+0
2.033992E+2	0.000000E+0
2.036659E+2	0.000000E+0
2.039325E+2	0.000000E+0
2.041992E+2	0.000000E+0
2.044658E+2	0.000000E+0
2.047325E+2	0.000000E+0
2.049991E+2	0.000000E+0
2.052657E+2	0.000000E+0
2.055323E+2	0.000000E+0
2.057989E+2	0.000000E+0
2.060655E+2	0.000000E+0
2.063321E+2	0.000000E+0
2.065987E+2	0.000000E+0
2.068653E+2	0.000000E+0
2.071319E+2	0.000000E+0
2.073984E+2	0.000000E+0
2.076650E+2	0.000000E+0
2.079315E+2	0.000000E+0
2.081981E+2	0.000000E+0
2.084646E+2	0.000000E+0
2.087311E+2	0.000000E+0
2.089977E+2	0.000000E+0
2.092642E+2	0.000000E+0
2.095307E+2	0.000000E+0
2.097972E+2	0.000000E+0
2.100637E+2	0.000000E+0
2.103302E+2	0.000000E+0
2.105966E+2	0.000000E+0
2.108631E+2	0.000000E+0
2.111296E+2	0.000000E+0
2.113960E+2	0.000000E+0
2.116625E+2	0.000000E+0
2.119289E+2	0.000000E+0
2.121954E+2	0.000000E+0
2.124618E+2	0.000000E+0
2.127282E+2	0.000000E+0
2.129946E+2	0.000000E+0
2.132610E+2	0.000000E+0
2.135274E+2	0.000000E+0
2.137938E+2	0.000000E+0
2.140602E+2	0.000000E+0
2.143266E+2	0.000000E+0
2.145930E+2	0.000000E+0
2.148593E+2	0.000000E+0
2.151257E+2	0.000000E+0
2.153920E+2	0.000000E+0
2.156584E+2	0.000000E+0
2.159247E+2	0.000000E+0
2.161910E+2	0.000000E+0
2.164574E+2	0.000000E+0
2.167237E+2	0.000000E+0
2.169900E+2	0.000000E+0
2.172563E+2	0.000000E+0
2.175226E+2	0.000000E+0
2.177889E+2	0.000000E+0
2.180551E+2	0.000000E+0
2.183214E+2	0.000000E+0
2.185877E+2	0.000000E+0
2.188539E+2	0.000000E+0
2.191202E+2	0.000000E+0
2.193864E+2	0.000000E+0
2.196527E+2	0.000000E+0
2.199189E+2	0.000000E+0
2.201851E+2	0.000000E+0
2.204513E+2	0.000000E+0
2.207175E+2	0.000000E+0
2.209837E+2	0.000000E+0
2.212499E+2	0.000000E+0
2.215161E+2	0.000000E+0
2.217823E+2	0.000000E+0
2.220485E+2	0.000000E+0
2.223146E+2	0.000000E+0
2.225808E+2	0.000000E+0
2.228469E+2	0.000000E+0
2.231131E+2	0.000000E+0
2.233792E+2	0.000000E+0
2.236453E+2	0.000000E+0
2.239115E+2	0.000000E+0
2.241776E+2	0.000000E+0
2.244437E+2	0.000000E+0
2.247098E+2	0.000000E+0
2.249759E+2	0.000000E+0
2.252420E+2	0.000000E+0
2.255080E+2	0.000000E+0
2.257741E+2	0.000000E+0
2.260402E+2	0.000000E+0
2.263062E+2	0.000000E+0
2.265723E+2	0.000000E+0
2.268383E+2	0.000000E+0
2.271044E+2	0.000000E+0
2.273704E+2	0.000000E+0
2.276364E+2	0.000000E+0
2.279024E+2	0.000000E+0
2.281684E+2	0.000000E+0
2.284344E+2	0.000000E+0
2.287004E+2	0.000000E+0
2.289664E+2	0.000000E+0
2.292324E+2	0.000000E+0
2.294984E+2	0.000000E+0
2.297643E+2	0.000000E+0
2.300303E+2	0.000000E+0
2.302962E+2	0.000000E+0
2.305622E+2	0.000000E+0
2.308281E+2	0.000000E+0
2.310940E+2	0.000000E+0
2.313599E+2	0.000000E+0
2.316259E+2	0.000000E+0
2.318918E+2	0.000000E+0
2.321577E+2	0.000000E+0
2.324236E+2	0.000000E+0
2.326894E+2	0.000000E+0
2.329553E+2	0.000000E+0
2.332212E+2	0.000000E+0
2.334871E+2	0.000000E+0
2.337529E+2	0.000000E+0
2.340188E+2	0.000000E+0
2.342846E+2	0.000000E+0
2.345504E+2	0.000000E+0
2.348163E+2	0.000000E+0
2.350821E+2	0.000000E+0
2.353479E+2	0.000000E+0
2.356137E+2	0.000000E+0
2.358795E+2	0.000000E+0
2.361453E+2	0.000000E+0
2.364111E+2	0.000000E+0
2.366769E+2	0.000000E+0
2.369426E+2	0.000000E+0
2.372084E+2	0.000000E+0
2.374741E+2	0.000000E+0
2.377399E+2	0.000000E+0
2.380056E+2	0.000000E+0
2.382714E+2	0.000000E+0
2.385371E+2	0.000000E+0
2.388028E+2	0.000000E+0
2.390685E+2	0.000000E+0
2.393342E+2	0.000000E+0
2.395999E+2	0.000000E+0
2.398656E+2	0.000000E+0
2.401313E+2	0.000000E+0
2.403970E+2	0.000000E+0
2.406626E+2	0.000000E+0
2.409283E+2	0.000000E+0
2.411940E+2	0.000000E+0
2.414596E+2	0.000000E+0
2.417252E+2	0.000000E+0
2.419909E+2	0.000000E+0
2.422565E+2	0.000000E+0
2.425221E+2	0.000000E+0
2.427877E+2	0.000000E+0
2.430533E+2	0.000000E+0
2.433189E+2	0.000000E+0
2.435845E+2	0.000000E+0
2.438501E+2	0.000000E+0
2.441157E+2	0.000000E+0
2.443812E+2	0.000000E+0
2.446468E+2	0.000000E+0
2.449124E+2	0.000000E+0
2.451779E+2	0.000000E+0
2.454434E+2	0.000000E+0
2.457090E+2	0.000000E+0
2.459745E+2	0.000000E+0
2.462400E+2	0.000000E+0
2.465055E+2	0.000000E+0
2.467710E+2	0.000000E+0
2.470365E+2	0.000000E+0
2.473020E+2	0.000000E+0
2.475675E+2	0.000000E+0
2.478330E+2	0.000000E+0
2.480984E+2	0.000000E+0
2.483639E+2	0.000000E+0
2.486294E+2	0.000000E+0
2.488948E+2	0.000000E+0
2.491602E+2	0.000000E+0
2.494257E+2	0.000000E+0
2.496911E+2	0.000000E+0
2.499565E+2	0.000000E+0
2.502219E+2	1.145195E+1
2.504873E+2	1.114594E+1
2.507527E+2	1.076343E+1
2.510181E+2	1.088365E+1
2.512835E+2	1.093829E+1
2.515489E+2	1.083447E+1
2.518142E+2	1.052299E+1
2.520796E+2	1.073611E+1
2.523449E+2	1.112955E+1
2.526103E+2	1.098747E+1
2.528756E+2	1.063228E+1
2.531409E+2	1.020605E+1
2.534063E+2	9.938293E+0
2.536716E+2	1.066507E+1
2.539369E+2	1.087818E+1
2.542022E+2	1.145742E+1
2.544675E+2	1.129895E+1
2.547328E+2	1.153392E+1
2.549980E+2	1.183447E+1
2.552633E+2	1.151753E+1
2.555286E+2	1.128802E+1
2.557938E+2	1.122791E+1
2.560591E+2	1.176343E+1
2.563243E+2	1.208037E+1
2.565896E+2	1.200387E+1
2.568548E+2	1.200387E+1
2.571200E+2	1.192736E+1
2.573852E+2	1.210223E+1
2.576504E+2	1.225523E+1
2.579156E+2	1.220605E+1
2.581808E+2	1.213501E+1
2.584460E+2	1.201480E+1
2.587112E+2	1.207491E+1
2.589763E+2	1.211316E+1
2.592415E+2	1.201480E+1
2.595067E+2	1.200387E+1
2.597718E+2	1.203665E+1
2.600369E+2	1.236452E+1
2.603021E+2	1.252299E+1
2.605672E+2	1.274157E+1
2.608323E+2	1.298747E+1
2.610974E+2	1.276889E+1
2.613625E+2	1.268146E+1
2.616276E+2	1.259950E+1
2.618927E+2	1.269239E+1
2.621578E+2	1.257217E+1
2.624229E+2	1.245742E+1
2.626880E+2	1.302026E+1
2.629530E+2	1.341370E+1
2.632181E+2	1.295469E+1
2.634831E+2	1.263775E+1
2.637482E+2	1.278529E+1
2.640132E+2	1.292736E+1
2.642782E+2	1.300933E+1
2.645432E+2	1.292736E+1
2.648082E+2	1.339731E+1
2.650732E+2	1.326070E+1
2.653382E+2	1.293283E+1
2.656032E+2	1.269786E+1
2.658682E+2	1.279075E+1
2.661332E+2	1.293829E+1
2.663981E+2	1.282354E+1
2.666631E+2	1.281807E+1
2.669281E+2	1.310769E+1
2.671930E+2	1.290004E+1
2.674579E+2	1.258310E+1
2.677229E+2	1.292736E+1
2.679878E+2	1.320059E+1
2.682527E+2	1.302026E+1
2.685176E+2	1.238092E+1
2.687825E+2	1.222245E+1
2.690474E+2	1.262682E+1
2.693123E+2	1.264868E+1
2.695772E+2	1.272518E+1
2.698420E+2	1.217327E+1
2.701069E+2	1.205305E+1
2.703718E+2	1.204212E+1
2.706366E+2	1.175250E+1
2.709014E+2	1.134266E+1
2.711663E+2	1.109130E+1
2.714311E+2	1.117327E+1
2.716959E+2	1.092736E+1
2.719607E+2	1.073064E+1
2.722255E+2	1.050660E+1
2.724903E+2	1.006398E+1
2.727551E+2	1.012409E+1
2.730199E+2	1.009130E+1
2.732847E+2	1.035359E+1
2.735495E+2	1.035359E+1
2.738142E+2	1.033174E+1
2.740790E+2	1.091644E+1
2.743437E+2	1.098201E+1
2.746085E+2	1.096562E+1
2.748732E+2	1.115141E+1
2.751379E+2	1.121698E+1
2.754026E+2	1.119512E+1
2.756674E+2	1.099294E+1
2.759321E+2	1.103119E+1
2.761968E+2	1.070879E+1
2.764614E+2	1.079075E+1
2.767261E+2	1.082900E+1
2.769908E+2	1.052299E+1
2.772555E+2	1.062135E+1
2.775201E+2	1.053939E+1
2.777848E+2	1.082900E+1
2.780494E+2	1.085086E+1
2.783141E+2	1.103665E+1
2.785787E+2	1.127709E+1
2.788433E+2	1.118966E+1
2.791079E+2	1.068146E+1
2.793725E+2	1.024977E+1
2.796371E+2	1.028256E+1
2.799017E+2	9.779823E+0
2.801663E+2	9.446490E+0
2.804309E+2	9.304414E+0
2.806955E+2	9.222446E+0
2.809600E+2	9.058512E+0
2.812246E+2	9.561244E+0
2.814891E+2	9.910971E+0
2.817537E+2	9.960151E+0
2.820182E+2	9.982009E+0
2.822827E+2	9.992938E+0
2.825473E+2	1.012409E+1
2.828118E+2	9.900042E+0
2.830763E+2	9.675998E+0
2.833408E+2	9.610425E+0
2.836053E+2	9.878184E+0
2.838697E+2	9.779823E+0
2.841342E+2	9.577638E+0
2.843987E+2	9.490206E+0
2.846632E+2	9.801681E+0
2.849276E+2	9.927364E+0
2.851921E+2	9.839933E+0
2.854565E+2	9.823539E+0
2.857209E+2	9.757966E+0
2.859853E+2	9.812610E+0
2.862498E+2	9.555780E+0
2.865142E+2	9.129550E+0
2.867786E+2	9.446490E+0
2.870430E+2	9.479277E+0
2.873074E+2	9.353594E+0
2.875717E+2	9.277091E+0
2.878361E+2	9.512064E+0
2.881005E+2	9.484741E+0
2.883648E+2	9.413703E+0
2.886292E+2	9.364523E+0
2.888935E+2	9.550315E+0
2.891579E+2	9.839933E+0
2.894222E+2	9.976545E+0
2.896865E+2	1.023338E+1
2.899508E+2	1.046288E+1
2.902151E+2	1.023884E+1
2.904794E+2	1.000387E+1
2.907437E+2	1.050113E+1
2.910080E+2	1.033720E+1
2.912723E+2	1.029348E+1
2.915366E+2	1.057764E+1
2.918008E+2	1.075250E+1
2.920651E+2	1.079622E+1
2.923293E+2	1.071425E+1
2.925936E+2	1.047928E+1
2.928578E+2	1.012955E+1
2.931220E+2	1.008037E+1
2.933863E+2	9.829004E+0
2.936505E+2	1.004212E+1
2.939147E+2	9.998403E+0
2.941789E+2	9.938293E+0
2.944431E+2	1.019512E+1
2.947072E+2	1.032627E+1
2.949714E+2	1.003665E+1
2.952356E+2	1.032081E+1
2.954997E+2	1.087818E+1
2.957639E+2	1.099840E+1
2.960280E+2	1.158857E+1
2.962922E+2	1.180715E+1
2.965563E+2	1.171971E+1
2.968204E+2	1.133720E+1
2.970845E+2	1.096015E+1
2.973486E+2	1.033174E+1
2.976127E+2	1.002026E+1
2.978768E+2	1.008037E+1
2.981409E+2	1.006398E+1
2.984050E+2	9.588567E+0
2.986691E+2	9.648676E+0
2.989331E+2	9.872720E+0
2.991972E+2	1.003119E+1
2.994612E+2	1.010223E+1
2.997253E+2	1.005305E+1
2.999893E+2	9.998403E+0
3.002534E+2	1.027163E+1
3.005174E+2	1.016234E+1
3.007814E+2	9.949222E+0
3.010454E+2	9.954687E+0
3.013094E+2	9.856326E+0
3.015734E+2	9.834468E+0
3.018374E+2	9.807146E+0
3.021013E+2	1.002026E+1
3.023653E+2	1.031534E+1
3.026293E+2	1.043010E+1
3.028932E+2	1.052846E+1
3.031572E+2	1.091644E+1
3.034211E+2	1.115687E+1
3.036850E+2	1.144649E+1
3.039489E+2	1.165960E+1
3.042129E+2	1.191097E+1
3.044768E+2	1.209130E+1
3.047407E+2	1.230988E+1
3.050046E+2	1.232627E+1
3.052685E+2	1.226070E+1
3.055323E+2	1.228802E+1
3.057962E+2	1.202573E+1
3.060601E+2	1.217873E+1
3.063239E+2	1.215141E+1
3.065878E+2	1.270879E+1
3.068516E+2	1.244103E+1
3.071155E+2	1.258857E+1
3.073793E+2	1.271425E+1
3.076431E+2	1.240824E+1
3.079069E+2	1.222791E+1
3.081707E+2	1.253939E+1
3.084345E+2	1.308037E+1
3.086983E+2	1.324977E+1
3.089621E+2	1.342463E+1
3.092259E+2	1.350113E+1
3.094896E+2	1.385086E+1
3.097534E+2	1.343556E+1
3.100171E+2	1.343556E+1
3.102809E+2	1.322245E+1
3.105446E+2	1.298747E+1
3.108084E+2	1.300933E+1
3.110721E+2	1.337545E+1
3.113358E+2	1.347381E+1
3.115995E+2	1.341370E+1
3.118632E+2	1.319512E+1
3.121269E+2	1.317327E+1
3.123906E+2	1.302573E+1
3.126543E+2	1.332627E+1
3.129179E+2	1.340277E+1
3.131816E+2	1.365960E+1
3.134453E+2	1.394922E+1
3.137089E+2	1.410769E+1
3.139725E+2	1.412409E+1
3.142362E+2	1.408583E+1
3.144998E+2	1.422245E+1
3.147634E+2	1.396015E+1
3.150270E+2	1.398747E+1
3.152906E+2	1.420605E+1
3.155542E+2	1.474157E+1
3.158178E+2	1.485086E+1
3.160814E+2	1.482354E+1
3.163450E+2	1.490004E+1
3.166086E+2	1.535906E+1
3.168721E+2	1.563228E+1
3.171357E+2	1.560496E+1
3.173992E+2	1.561589E+1
3.176627E+2	1.546835E+1
3.179263E+2	1.573064E+1
3.181898E+2	1.560496E+1
3.184533E+2	1.561042E+1
3.187168E+2	1.625523E+1
3.189803E+2	1.599294E+1
3.192438E+2	1.575250E+1
3.195073E+2	1.565960E+1
3.197708E+2	1.592736E+1
3.200342E+2	1.587272E+1
3.202977E+2	1.629348E+1
3.205612E+2	1.633174E+1
3.208246E+2	1.658310E+1
3.210881E+2	1.679075E+1
3.213515E+2	1.688911E+1
3.216149E+2	1.685633E+1
3.218783E+2	1.679075E+1
3.221417E+2	1.691097E+1
3.224051E+2	1.694376E+1
3.226685E+2	1.668693E+1
3.229319E+2	1.656671E+1
3.231953E+2	1.645742E+1
3.234587E+2	1.625523E+1
3.237221E+2	1.616780E+1
3.239854E+2	1.662135E+1
3.242488E+2	1.629348E+1
3.245121E+2	1.556671E+1
3.247754E+2	1.542463E+1
3.250388E+2	1.558310E+1
3.253021E+2	1.571425E+1
3.255654E+2	1.556124E+1
3.258287E+2	1.614048E+1
3.260920E+2	1.618966E+1
3.263553E+2	1.645195E+1
3.266186E+2	1.651206E+1
3.268819E+2	1.660496E+1
3.271451E+2	1.666507E+1
3.274084E+2	1.659403E+1
3.276717E+2	1.692736E+1
3.279349E+2	1.747381E+1
3.281981E+2	1.710223E+1
3.284614E+2	1.719512E+1
3.287246E+2	1.737545E+1
3.289878E+2	1.759950E+1
3.292510E+2	1.777436E+1
3.295142E+2	1.829348E+1
3.297774E+2	1.865960E+1
3.300406E+2	1.861589E+1
3.303038E+2	1.856124E+1
3.305670E+2	1.878529E+1
3.308301E+2	1.922245E+1
3.310933E+2	1.952299E+1
3.313564E+2	1.946288E+1
3.316196E+2	1.928802E+1
3.318827E+2	1.939731E+1
3.321458E+2	1.962682E+1
3.324089E+2	1.982900E+1
3.326721E+2	1.990004E+1
3.329352E+2	1.993283E+1
3.331983E+2	2.005305E+1
3.334614E+2	2.057764E+1
3.337244E+2	2.109130E+1
3.339875E+2	2.114594E+1
3.342506E+2	2.109676E+1
3.345136E+2	2.134266E+1
3.347767E+2	2.097654E+1
3.350397E+2	2.113501E+1
3.353028E+2	2.155578E+1
3.355658E+2	2.169239E+1
3.358288E+2	2.191644E+1
3.360918E+2	2.185633E+1
3.363548E+2	2.167053E+1
3.366178E+2	2.171425E+1
3.368808E+2	2.168146E+1
3.371438E+2	2.155578E+1
3.374068E+2	2.140277E+1
3.376698E+2	2.162682E+1
3.379327E+2	2.198747E+1
3.381957E+2	2.178529E+1
3.384586E+2	2.154485E+1
3.387216E+2	2.181807E+1
3.389845E+2	2.226616E+1
3.392474E+2	2.269786E+1
3.395103E+2	2.310769E+1
3.397733E+2	2.343010E+1
3.400362E+2	2.339185E+1
3.402990E+2	2.351206E+1
3.405619E+2	2.432627E+1
3.408248E+2	2.467053E+1
3.410877E+2	2.499840E+1
3.413506E+2	2.546835E+1
3.416134E+2	2.581807E+1
3.418763E+2	2.598201E+1
3.421391E+2	2.640824E+1
3.424019E+2	2.676343E+1
3.426648E+2	2.714048E+1
3.429276E+2	2.753939E+1
3.431904E+2	2.800933E+1
3.434532E+2	2.865960E+1
3.437160E+2	2.895469E+1
3.439788E+2	2.902026E+1
3.442416E+2	2.965414E+1
3.445043E+2	3.016234E+1
3.447671E+2	3.029895E+1
3.450299E+2	3.071971E+1
3.452926E+2	3.103119E+1
3.455554E+2	3.103119E+1
3.458181E+2	3.123338E+1
3.460808E+2	3.159403E+1
3.463436E+2	3.260496E+1
3.466063E+2	3.292736E+1
3.468690E+2	3.308037E+1
3.471317E+2	3.337545E+1
3.473944E+2	3.396015E+1
3.476570E+2	3.452846E+1
3.479197E+2	3.523884E+1
3.481824E+2	3.569786E+1
3.484451E+2	3.590004E+1
3.487077E+2	3.629895E+1
3.489704E+2	3.671425E+1
3.492330E+2	3.734266E+1
3.494956E+2	3.793283E+1
3.497582E+2	3.834266E+1
3.500209E+2	3.894376E+1
3.502835E+2	4.002573E+1
3.505461E+2	4.070332E+1
3.508087E+2	4.138638E+1
3.510713E+2	4.208583E+1
3.513338E+2	4.242463E+1
3.515964E+2	4.314594E+1
3.518590E+2	4.330988E+1
3.521215E+2	4.423338E+1
3.523841E+2	4.463775E+1
3.526466E+2	4.535359E+1
3.529091E+2	4.638638E+1
3.531717E+2	4.709676E+1
3.534342E+2	4.852299E+1
3.536967E+2	4.922791E+1
3.539592E+2	4.993829E+1
3.542217E+2	5.073064E+1
3.544842E+2	5.204758E+1
3.547467E+2	5.254485E+1
3.550091E+2	5.340277E+1
3.552716E+2	5.433174E+1
3.555341E+2	5.539185E+1
3.557965E+2	5.620059E+1
3.560590E+2	5.752846E+1
3.563214E+2	5.895469E+1
3.565838E+2	5.965960E+1
3.568462E+2	6.071971E+1
3.571086E+2	6.147928E+1
3.573711E+2	6.240824E+1
3.576335E+2	6.341917E+1
3.578958E+2	6.417327E+1
3.581582E+2	6.487818E+1
3.584206E+2	6.540277E+1
3.586830E+2	6.643556E+1
3.589453E+2	6.699840E+1
3.592077E+2	6.750660E+1
3.594700E+2	6.828802E+1
3.597324E+2	6.924430E+1
3.599947E+2	6.997108E+1
3.602570E+2	7.133720E+1
3.605193E+2	7.230988E+1
3.607816E+2	7.353392E+1
3.610439E+2	7.511862E+1
3.613062E+2	7.617873E+1
3.615685E+2	7.711316E+1
3.618308E+2	7.822245E+1
3.620930E+2	7.969239E+1
3.623553E+2	8.053392E+1
3.626176E+2	8.198201E+1
3.628798E+2	8.367600E+1
3.631420E+2	8.476889E+1
3.634043E+2	8.581807E+1
3.636665E+2	8.710223E+1
3.639287E+2	8.807491E+1
3.641909E+2	8.922791E+1
3.644531E+2	9.058857E+1
3.647153E+2	9.179075E+1
3.649775E+2	9.301480E+1
3.652397E+2	9.480168E+1
3.655018E+2	9.571425E+1
3.657640E+2	9.688911E+1
3.660262E+2	9.825523E+1
3.662883E+2	9.927163E+1
3.665505E+2	1.005011E+2
3.668126E+2	1.014192E+2
3.670747E+2	1.026323E+2
3.673368E+2	1.039547E+2
3.675989E+2	1.053427E+2
3.678610E+2	1.069765E+2
3.681231E+2	1.085121E+2
3.683852E+2	1.104738E+2
3.686473E+2	1.121459E+2
3.689094E+2	1.134902E+2
3.691714E+2	1.149984E+2
3.694335E+2	1.161951E+2
3.696955E+2	1.177088E+2
3.699576E+2	1.194847E+2
3.702196E+2	1.209820E+2
3.704816E+2	1.224683E+2
3.707437E+2	1.238290E+2
3.710057E+2	1.251897E+2
3.712677E+2	1.269383E+2
3.715297E+2	1.280968E+2
3.717917E+2	1.298126E+2
3.720536E+2	1.314683E+2
3.723156E+2	1.331241E+2
3.725776E+2	1.352552E+2
3.728395E+2	1.372443E+2
3.731015E+2	1.390257E+2
3.733634E+2	1.408399E+2
3.736254E+2	1.423208E+2
3.738873E+2	1.440148E+2
3.741492E+2	1.461623E+2
3.744111E+2	1.484683E+2
3.746730E+2	1.503973E+2
3.749349E+2	1.526979E+2
3.751968E+2	1.547962E+2
3.754587E+2	1.566377E+2
3.757206E+2	1.583973E+2
3.759824E+2	1.603536E+2
3.762443E+2	1.618563E+2
3.765061E+2	1.638563E+2
3.767680E+2	1.660421E+2
3.770298E+2	1.676705E+2
3.772916E+2	1.696979E+2
3.775535E+2	1.717634E+2
3.778153E+2	1.735667E+2
3.780771E+2	1.753700E+2
3.783389E+2	1.773372E+2
3.786007E+2	1.791569E+2
3.788624E+2	1.807416E+2
3.791242E+2	1.831186E+2
3.793860E+2	1.856432E+2
3.796477E+2	1.878126E+2
3.799095E+2	1.902662E+2
3.801712E+2	1.928673E+2
3.804330E+2	1.953536E+2
3.806947E+2	1.979929E+2
3.809564E+2	2.007962E+2
3.812181E+2	2.028727E+2
3.814798E+2	2.053372E+2
3.817415E+2	2.081787E+2
3.820032E+2	2.105667E+2
3.822649E+2	2.129820E+2
3.825266E+2	2.154137E+2
3.827883E+2	2.183427E+2
3.830499E+2	2.211241E+2
3.833116E+2	2.235722E+2
3.835732E+2	2.264246E+2
3.838348E+2	2.292880E+2
3.840965E+2	2.316104E+2
3.843581E+2	2.342607E+2
3.846197E+2	2.367798E+2
3.848813E+2	2.395886E+2
3.851429E+2	2.421787E+2
3.854045E+2	2.447962E+2
3.856661E+2	2.478126E+2
3.859277E+2	2.506268E+2
3.861892E+2	2.536869E+2
3.864508E+2	2.563372E+2
3.867124E+2	2.595175E+2
3.869739E+2	2.625940E+2
3.872354E+2	2.656104E+2
3.874970E+2	2.689820E+2
3.877585E+2	2.720640E+2
3.880200E+2	2.747416E+2
3.882815E+2	2.777142E+2
3.885430E+2	2.804301E+2
3.888045E+2	2.830858E+2
3.890660E+2	2.860039E+2
3.893275E+2	2.887033E+2
3.895889E+2	2.924028E+2
3.898504E+2	2.955503E+2
3.901118E+2	2.987908E+2
3.903733E+2	3.023372E+2
3.906347E+2	3.052607E+2
3.908962E+2	3.084957E+2
3.911576E+2	3.117634E+2
3.914190E+2	3.152716E+2
3.916804E+2	3.186924E+2
3.919418E+2	3.219765E+2
3.922032E+2	3.253044E+2
3.924646E+2	3.285339E+2
3.927260E+2	3.317962E+2
3.929873E+2	3.350968E+2
3.932487E+2	3.384356E+2
3.935100E+2	3.420367E+2
3.937714E+2	3.459656E+2
3.940327E+2	3.497798E+2
3.942941E+2	3.535940E+2
3.945554E+2	3.575121E+2
3.948167E+2	3.614847E+2
3.950780E+2	3.651132E+2
3.953393E+2	3.685394E+2
3.956006E+2	3.722279E+2
3.958619E+2	3.759110E+2
3.961232E+2	3.793099E+2
3.963844E+2	3.828126E+2
3.966457E+2	3.862771E+2
3.969069E+2	3.896541E+2
3.971682E+2	3.936104E+2
3.974294E+2	3.976979E+2
3.976907E+2	4.014356E+2
3.979519E+2	4.052224E+2
3.982131E+2	4.093645E+2
3.984743E+2	4.133153E+2
3.987355E+2	4.172061E+2
3.989967E+2	4.212607E+2
3.992579E+2	4.253044E+2
3.995191E+2	4.291077E+2
3.997802E+2	4.326214E+2
4.000414E+2	4.369492E+2
4.003025E+2	4.411296E+2
4.005637E+2	4.454410E+2
4.008248E+2	4.494847E+2
4.010860E+2	4.542771E+2
4.013471E+2	4.586596E+2
4.016082E+2	4.626159E+2
4.018693E+2	4.665121E+2
4.021304E+2	4.709438E+2
4.023915E+2	4.754137E+2
4.026526E+2	4.801405E+2
4.029137E+2	4.845449E+2
4.031747E+2	4.890585E+2
4.034358E+2	4.936432E+2
4.036968E+2	4.985558E+2
4.039579E+2	5.031459E+2
4.042189E+2	5.077142E+2
4.044800E+2	5.124192E+2
4.047410E+2	5.171897E+2
4.050020E+2	5.226159E+2
4.052630E+2	5.274847E+2
4.055240E+2	5.321842E+2
4.057850E+2	5.375121E+2
4.060460E+2	5.424520E+2
4.063070E+2	5.468509E+2
4.065679E+2	5.519438E+2
4.068289E+2	5.568071E+2
4.070898E+2	5.617689E+2
4.073508E+2	5.666651E+2
4.076117E+2	5.713645E+2
4.078727E+2	5.767580E+2
4.081336E+2	5.819274E+2
4.083945E+2	5.869547E+2
4.086554E+2	5.917580E+2
4.089163E+2	5.972662E+2
4.091772E+2	6.026651E+2
4.094381E+2	6.079055E+2
4.096990E+2	6.137908E+2
4.099598E+2	6.193864E+2
4.102207E+2	6.244683E+2
4.104815E+2	6.297744E+2
4.107424E+2	6.347853E+2
4.110032E+2	6.400203E+2
4.112640E+2	6.451733E+2
4.115249E+2	6.502989E+2
4.117857E+2	6.558071E+2
4.120465E+2	6.614028E+2
4.123073E+2	6.669547E+2
4.125681E+2	6.729438E+2
4.128289E+2	6.787580E+2
4.130896E+2	6.848126E+2
4.133504E+2	6.900148E+2
4.136112E+2	6.955339E+2
4.138719E+2	7.012498E+2
4.141327E+2	7.067853E+2
4.143934E+2	7.124683E+2
4.146541E+2	7.185558E+2
4.149149E+2	7.242006E+2
4.151756E+2	7.299055E+2
4.154363E+2	7.355776E+2
4.156970E+2	7.414683E+2
4.159577E+2	7.474520E+2
4.162184E+2	7.531897E+2
4.164790E+2	7.587908E+2
4.167397E+2	7.645175E+2
4.170004E+2	7.698345E+2
4.172610E+2	7.759110E+2
4.175217E+2	7.821897E+2
4.177823E+2	7.883700E+2
4.180429E+2	7.942935E+2
4.183035E+2	8.003427E+2
4.185642E+2	8.062826E+2
4.188248E+2	8.120367E+2
4.190854E+2	8.180093E+2
4.193459E+2	8.241678E+2
4.196065E+2	8.307634E+2
4.198671E+2	8.368345E+2
4.201277E+2	8.428071E+2
4.203882E+2	8.490312E+2
4.206488E+2	8.553099E+2
4.209093E+2	8.608946E+2
4.211699E+2	8.673700E+2
4.214304E+2	8.737634E+2
4.216909E+2	8.795175E+2
4.219514E+2	8.851623E+2
4.222119E+2	8.915612E+2
4.224724E+2	8.982662E+2
4.227329E+2	9.044356E+2
4.229934E+2	9.108727E+2
4.232539E+2	9.179219E+2
4.235143E+2	9.255339E+2
4.237748E+2	9.318290E+2
4.240352E+2	9.388126E+2
4.242957E+2	9.457580E+2
4.245561E+2	9.530257E+2
4.248166E+2	9.591897E+2
4.250770E+2	9.660367E+2
4.253374E+2	9.734520E+2
4.255978E+2	9.802443E+2
4.258582E+2	9.872334E+2
4.261186E+2	9.946323E+2
4.263790E+2	1.002004E+3
4.266393E+2	1.009845E+3
4.268997E+2	1.017654E+3
4.271600E+2	1.025895E+3
4.274204E+2	1.033605E+3
4.276807E+2	1.040862E+3
4.279411E+2	1.048272E+3
4.282014E+2	1.055845E+3
4.284617E+2	1.063561E+3
4.287220E+2	1.071763E+3
4.289823E+2	1.079261E+3
4.292426E+2	1.087359E+3
4.295029E+2	1.094911E+3
4.297632E+2	1.103119E+3
4.300235E+2	1.110982E+3
4.302837E+2	1.119064E+3
4.305440E+2	1.126632E+3
4.308042E+2	1.134993E+3
4.310645E+2	1.143550E+3
4.313247E+2	1.152069E+3
4.315849E+2	1.160348E+3
4.318451E+2	1.168998E+3
4.321054E+2	1.177414E+3
4.323656E+2	1.185681E+3
4.326258E+2	1.194140E+3
4.328859E+2	1.201900E+3
4.331461E+2	1.209791E+3
4.334063E+2	1.217638E+3
4.336665E+2	1.225818E+3
4.339266E+2	1.234075E+3
4.341868E+2	1.242042E+3
4.344469E+2	1.250419E+3
4.347070E+2	1.259179E+3
4.349671E+2	1.267354E+3
4.352273E+2	1.275796E+3
4.354874E+2	1.283343E+3
4.357475E+2	1.291643E+3
4.360076E+2	1.299436E+3
4.362677E+2	1.307927E+3
4.365277E+2	1.316818E+3
4.367878E+2	1.326157E+3
4.370479E+2	1.334130E+3
4.373079E+2	1.342348E+3
4.375680E+2	1.351195E+3
4.378280E+2	1.360671E+3
4.380880E+2	1.369184E+3
4.383480E+2	1.377643E+3
4.386081E+2	1.386671E+3
4.388681E+2	1.395747E+3
4.391281E+2	1.403436E+3
4.393881E+2	1.410906E+3
4.396480E+2	1.419365E+3
4.399080E+2	1.427731E+3
4.401680E+2	1.436113E+3
4.404279E+2	1.444621E+3
4.406879E+2	1.453971E+3
4.409478E+2	1.462381E+3
4.412078E+2	1.470190E+3
4.414677E+2	1.478195E+3
4.417276E+2	1.485589E+3
4.419875E+2	1.494190E+3
4.422474E+2	1.502173E+3
4.425073E+2	1.510545E+3
4.427672E+2	1.518895E+3
4.430271E+2	1.526938E+3
4.432870E+2	1.535064E+3
4.435469E+2	1.542332E+3
4.438067E+2	1.550496E+3
4.440666E+2	1.558610E+3
4.443264E+2	1.566332E+3
4.445862E+2	1.573315E+3
4.448461E+2	1.580971E+3
4.451059E+2	1.589785E+3
4.453657E+2	1.598654E+3
4.456255E+2	1.606441E+3
4.458853E+2	1.614845E+3
4.461451E+2	1.622605E+3
4.464049E+2	1.631288E+3
4.466646E+2	1.639272E+3
4.469244E+2	1.647916E+3
4.471842E+2	1.655785E+3
4.474439E+2	1.664348E+3
4.477036E+2	1.673168E+3
4.479634E+2	1.681457E+3
4.482231E+2	1.690594E+3
4.484828E+2	1.699212E+3
4.487425E+2	1.709168E+3
4.490022E+2	1.718244E+3
4.492619E+2	1.727233E+3
4.495216E+2	1.736042E+3
4.497813E+2	1.744987E+3
4.500410E+2	1.754425E+3
4.503006E+2	1.764108E+3
4.505603E+2	1.774048E+3
4.508199E+2	1.783474E+3
4.510796E+2	1.792709E+3
4.513392E+2	1.802496E+3
4.515988E+2	1.811824E+3
4.518584E+2	1.822441E+3
4.521180E+2	1.832069E+3
4.523776E+2	1.841698E+3
4.526372E+2	1.850583E+3
4.528968E+2	1.861315E+3
4.531564E+2	1.871747E+3
4.534160E+2	1.882272E+3
4.536755E+2	1.892244E+3
4.539351E+2	1.903518E+3
4.541946E+2	1.913556E+3
4.544541E+2	1.923479E+3
4.547137E+2	1.933791E+3
4.549732E+2	1.945201E+3
4.552327E+2	1.956201E+3
4.554922E+2	1.967075E+3
4.557517E+2	1.977906E+3
4.560112E+2	1.989971E+3
4.562707E+2	2.001375E+3
4.565302E+2	2.012649E+3
4.567896E+2	2.025304E+3
4.570491E+2	2.037671E+3
4.573085E+2	2.049485E+3
4.575680E+2	2.063386E+3
4.578274E+2	2.075889E+3
4.580868E+2	2.088288E+3
4.583463E+2	2.100791E+3
4.586057E+2	2.112222E+3
4.588651E+2	2.125124E+3
4.591245E+2	2.137671E+3
4.593838E+2	2.152069E+3
4.596432E+2	2.165408E+3
4.599026E+2	2.179425E+3
4.601620E+2	2.193845E+3
4.604213E+2	2.208796E+3
4.606807E+2	2.222824E+3
4.609400E+2	2.236927E+3
4.611993E+2	2.251638E+3
4.614587E+2	2.267080E+3
4.617180E+2	2.283414E+3
4.619773E+2	2.299512E+3
4.622366E+2	2.315053E+3
4.624959E+2	2.331753E+3
4.627552E+2	2.347315E+3
4.630144E+2	2.364239E+3
4.632737E+2	2.381665E+3
4.635330E+2	2.396753E+3
4.637922E+2	2.414239E+3
4.640515E+2	2.431982E+3
4.643107E+2	2.448813E+3
4.645699E+2	2.465572E+3
4.648292E+2	2.483796E+3
4.650884E+2	2.502217E+3
4.653476E+2	2.520802E+3
4.656068E+2	2.539616E+3
4.658660E+2	2.559709E+3
4.661251E+2	2.578796E+3
4.663843E+2	2.597436E+3
4.666435E+2	2.617840E+3
4.669026E+2	2.639195E+3
4.671618E+2	2.660042E+3
4.674209E+2	2.682059E+3
4.676801E+2	2.703927E+3
4.679392E+2	2.725414E+3
4.681983E+2	2.747550E+3
4.684574E+2	2.770665E+3
4.687165E+2	2.793627E+3
4.689756E+2	2.816091E+3
4.692347E+2	2.839430E+3
4.694938E+2	2.862998E+3
4.697529E+2	2.885791E+3
4.700119E+2	2.911315E+3
4.702710E+2	2.936534E+3
4.705300E+2	2.962059E+3
4.707891E+2	2.987228E+3
4.710481E+2	3.014392E+3
4.713071E+2	3.042261E+3
4.715661E+2	3.070162E+3
4.718252E+2	3.097468E+3
4.720842E+2	3.125807E+3
4.723431E+2	3.153774E+3
4.726021E+2	3.181780E+3
4.728611E+2	3.210714E+3
4.731201E+2	3.241228E+3
4.733790E+2	3.271408E+3
4.736380E+2	3.300845E+3
4.738969E+2	3.332818E+3
4.741559E+2	3.363365E+3
4.744148E+2	3.394228E+3
4.746737E+2	3.426375E+3
4.749326E+2	3.459725E+3
4.751915E+2	3.491665E+3
4.754504E+2	3.524567E+3
4.757093E+2	3.558053E+3
4.759682E+2	3.590490E+3
4.762271E+2	3.624392E+3
4.764859E+2	3.659479E+3
4.767448E+2	3.694288E+3
4.770037E+2	3.728895E+3
4.772625E+2	3.763528E+3
4.775213E+2	3.797244E+3
4.777802E+2	3.832228E+3
4.780390E+2	3.867157E+3
4.782978E+2	3.901709E+3
4.785566E+2	3.937375E+3
4.788154E+2	3.973911E+3
4.790742E+2	4.009233E+3
4.793329E+2	4.046042E+3
4.795917E+2	4.083397E+3
4.798505E+2	4.118780E+3
4.801092E+2	4.156004E+3
4.803680E+2	4.193228E+3
4.806267E+2	4.229895E+3
4.808854E+2	4.267299E+3
4.811442E+2	4.304097E+3
4.814029E+2	4.341578E+3
4.816616E+2	4.378769E+3
4.819203E+2	4.415337E+3
4.821790E+2	4.453753E+3
4.824377E+2	4.491479E+3
4.826963E+2	4.528283E+3
4.829550E+2	4.565015E+3
4.832137E+2	4.602408E+3
4.834723E+2	4.638763E+3
4.837310E+2	4.676703E+3
4.839896E+2	4.713567E+3
4.842482E+2	4.750829E+3
4.845068E+2	4.787589E+3
4.847655E+2	4.825031E+3
4.850241E+2	4.861906E+3
4.852827E+2	4.897583E+3
4.855412E+2	4.934496E+3
4.857998E+2	4.969834E+3
4.860584E+2	5.006326E+3
4.863170E+2	5.041938E+3
4.865755E+2	5.078753E+3
4.868341E+2	5.113173E+3
4.870926E+2	5.147518E+3
4.873511E+2	5.181261E+3
4.876097E+2	5.215343E+3
4.878682E+2	5.249097E+3
4.881267E+2	5.283589E+3
4.883852E+2	5.316736E+3
4.886437E+2	5.350293E+3
4.889022E+2	5.381638E+3
4.891606E+2	5.413507E+3
4.894191E+2	5.446457E+3
4.896776E+2	5.476889E+3
4.899360E+2	5.509966E+3
4.901945E+2	5.542463E+3
4.904529E+2	5.573446E+3
4.907113E+2	5.602993E+3
4.909697E+2	5.634239E+3
4.912282E+2	5.664397E+3
4.914866E+2	5.693441E+3
4.917450E+2	5.722922E+3
4.920034E+2	5.752026E+3
4.922617E+2	5.779769E+3
4.925201E+2	5.807441E+3
4.927785E+2	5.835490E+3
4.930368E+2	5.863774E+3
4.932952E+2	5.891545E+3
4.935535E+2	5.919069E+3
4.938118E+2	5.946457E+3
4.940702E+2	5.973064E+3
4.943285E+2	6.000091E+3
4.945868E+2	6.025457E+3
4.948451E+2	6.051916E+3
4.951034E+2	6.078266E+3
4.953617E+2	6.101212E+3
4.956200E+2	6.125889E+3
4.958782E+2	6.150911E+3
4.961365E+2	6.176753E+3
4.963947E+2	6.199851E+3
4.966530E+2	6.223479E+3
4.969112E+2	6.247539E+3
4.971694E+2	6.271064E+3
4.974277E+2	6.293397E+3
4.976859E+2	6.316922E+3
4.979441E+2	6.339446E+3
4.982023E+2	6.360468E+3
4.984605E+2	6.382796E+3
4.987187E+2	6.404769E+3
4.989768E+2	6.426080E+3
4.992350E+2	6.447195E+3
4.994931E+2	6.468004E+3
4.997513E+2	6.487933E+3
5.000094E+2	6.507802E+3
5.002676E+2	6.527031E+3
5.005257E+2	6.545856E+3
5.007838E+2	6.564632E+3
5.010419E+2	6.584343E+3
5.013000E+2	6.602643E+3
5.015581E+2	6.622075E+3
5.018162E+2	6.640048E+3
5.020743E+2	6.657802E+3
5.023323E+2	6.676026E+3
5.025904E+2	6.693889E+3
5.028485E+2	6.711272E+3
5.031065E+2	6.728889E+3
5.033645E+2	6.747523E+3
5.036226E+2	6.764725E+3
5.038806E+2	6.781348E+3
5.041386E+2	6.797692E+3
5.043966E+2	6.814643E+3
5.046546E+2	6.831365E+3
5.049126E+2	6.847873E+3
5.051706E+2	6.865725E+3
5.054285E+2	6.883392E+3
5.056865E+2	6.898468E+3
5.059445E+2	6.914578E+3
5.062024E+2	6.930594E+3
5.064604E+2	6.947157E+3
5.067183E+2	6.962048E+3
5.069762E+2	6.978818E+3
5.072341E+2	6.994938E+3
5.074920E+2	7.011709E+3
5.077499E+2	7.026528E+3
5.080078E+2	7.042430E+3
5.082657E+2	7.056217E+3
5.085236E+2	7.072009E+3
5.087815E+2	7.086753E+3
5.090393E+2	7.101927E+3
5.092972E+2	7.117250E+3
5.095550E+2	7.132873E+3
5.098129E+2	7.149315E+3
5.100707E+2	7.163742E+3
5.103285E+2	7.178250E+3
5.105863E+2	7.191818E+3
5.108441E+2	7.205233E+3
5.111019E+2	7.220944E+3
5.113597E+2	7.233977E+3
5.116175E+2	7.248687E+3
5.118753E+2	7.261130E+3
5.121330E+2	7.276255E+3
5.123908E+2	7.289621E+3
5.126485E+2	7.303293E+3
5.129063E+2	7.317097E+3
5.131640E+2	7.331599E+3
5.134217E+2	7.345392E+3
5.136794E+2	7.359550E+3
5.139371E+2	7.372310E+3
5.141948E+2	7.385873E+3
5.144525E+2	7.399157E+3
5.147102E+2	7.412370E+3
5.149679E+2	7.426419E+3
5.152256E+2	7.439791E+3
5.154832E+2	7.453725E+3
5.157409E+2	7.467884E+3
5.159985E+2	7.481906E+3
5.162562E+2	7.496845E+3
5.165138E+2	7.509747E+3
5.167714E+2	7.523452E+3
5.170290E+2	7.538813E+3
5.172866E+2	7.552069E+3
5.175442E+2	7.565834E+3
5.178018E+2	7.579299E+3
5.180594E+2	7.591742E+3
5.183170E+2	7.604911E+3
5.185745E+2	7.618020E+3
5.188321E+2	7.630856E+3
5.190896E+2	7.643321E+3
5.193472E+2	7.656987E+3
5.196047E+2	7.668654E+3
5.198622E+2	7.682266E+3
5.201197E+2	7.694474E+3
5.203772E+2	7.707583E+3
5.206347E+2	7.720780E+3
5.208922E+2	7.730479E+3
5.211497E+2	7.741212E+3
5.214072E+2	7.753130E+3
5.216646E+2	7.764610E+3
5.219221E+2	7.776485E+3
5.221795E+2	7.789086E+3
5.224370E+2	7.800916E+3
5.226944E+2	7.811130E+3
5.229519E+2	7.822709E+3
5.232093E+2	7.832895E+3
5.234667E+2	7.844425E+3
5.237241E+2	7.855310E+3
5.239815E+2	7.868321E+3
5.242389E+2	7.877895E+3
5.244962E+2	7.886501E+3
5.247536E+2	7.896561E+3
5.250110E+2	7.906446E+3
5.252683E+2	7.915151E+3
5.255257E+2	7.923233E+3
5.257830E+2	7.933736E+3
5.260403E+2	7.943725E+3
5.262977E+2	7.953763E+3
5.265550E+2	7.964288E+3
5.268123E+2	7.972583E+3
5.270696E+2	7.983643E+3
5.273269E+2	7.992370E+3
5.275841E+2	8.001124E+3
5.278414E+2	8.010436E+3
5.280987E+2	8.019375E+3
5.283559E+2	8.027884E+3
5.286132E+2	8.035933E+3
5.288704E+2	8.043654E+3
5.291276E+2	8.051299E+3
5.293849E+2	8.058386E+3
5.296421E+2	8.067523E+3
5.298993E+2	8.074813E+3
5.301565E+2	8.082080E+3
5.304137E+2	8.089053E+3
5.306709E+2	8.096304E+3
5.309280E+2	8.103578E+3
5.311852E+2	8.110217E+3
5.314424E+2	8.115654E+3
5.316995E+2	8.122534E+3
5.319567E+2	8.127102E+3
5.322138E+2	8.133736E+3
5.324709E+2	8.141091E+3
5.327280E+2	8.145938E+3
5.329852E+2	8.151222E+3
5.332423E+2	8.157239E+3
5.334994E+2	8.163884E+3
5.337564E+2	8.169834E+3
5.340135E+2	8.176102E+3
5.342706E+2	8.183004E+3
5.345276E+2	8.189375E+3
5.347847E+2	8.194884E+3
5.350417E+2	8.198971E+3
5.352988E+2	8.205895E+3
5.355558E+2	8.211485E+3
5.358128E+2	8.216337E+3
5.360698E+2	8.221692E+3
5.363269E+2	8.226632E+3
5.365839E+2	8.232665E+3
5.368408E+2	8.237818E+3
5.370978E+2	8.243474E+3
5.373548E+2	8.249878E+3
5.376118E+2	8.255326E+3
5.378687E+2	8.259474E+3
5.381257E+2	8.266064E+3
5.383826E+2	8.271873E+3
5.386395E+2	8.276845E+3
5.388965E+2	8.283654E+3
5.391534E+2	8.287698E+3
5.394103E+2	8.292753E+3
5.396672E+2	8.298173E+3
5.399241E+2	8.304201E+3
5.401810E+2	8.310452E+3
5.404378E+2	8.315599E+3
5.406947E+2	8.318856E+3
5.409516E+2	8.325080E+3
5.412084E+2	8.330922E+3
5.414653E+2	8.336348E+3
5.417221E+2	8.341026E+3
5.419789E+2	8.345583E+3
5.422357E+2	8.349020E+3
5.424925E+2	8.355015E+3
5.427493E+2	8.359791E+3
5.430061E+2	8.364266E+3
5.432629E+2	8.369982E+3
5.435197E+2	8.374474E+3
5.437765E+2	8.379561E+3
5.440332E+2	8.385293E+3
5.442900E+2	8.389922E+3
5.445467E+2	8.394031E+3
5.448035E+2	8.399824E+3
5.450602E+2	8.403949E+3
5.453169E+2	8.408108E+3
5.455736E+2	8.412337E+3
5.458303E+2	8.417020E+3
5.460870E+2	8.421146E+3
5.463437E+2	8.424971E+3
5.466004E+2	8.427791E+3
5.468571E+2	8.431687E+3
5.471137E+2	8.435277E+3
5.473704E+2	8.437878E+3
5.476270E+2	8.443436E+3
5.478837E+2	8.447747E+3
5.481403E+2	8.450283E+3
5.483969E+2	8.455179E+3
5.486535E+2	8.458665E+3
5.489101E+2	8.462343E+3
5.491667E+2	8.464468E+3
5.494233E+2	8.466698E+3
5.496799E+2	8.468840E+3
5.499365E+2	8.470813E+3
5.501931E+2	8.473332E+3
5.504496E+2	8.476031E+3
5.507062E+2	8.479758E+3
5.509627E+2	8.482102E+3
5.512192E+2	8.485113E+3
5.514758E+2	8.488048E+3
5.517323E+2	8.489731E+3
5.519888E+2	8.491348E+3
5.522453E+2	8.493747E+3
5.525018E+2	8.496753E+3
5.527583E+2	8.498031E+3
5.530147E+2	8.499321E+3
5.532712E+2	8.499201E+3
5.535277E+2	8.501359E+3
5.537841E+2	8.501004E+3
5.540406E+2	8.500916E+3
5.542970E+2	8.500834E+3
5.545534E+2	8.500168E+3
5.548098E+2	8.501277E+3
5.550663E+2	8.503031E+3
5.553227E+2	8.503518E+3
5.555791E+2	8.503195E+3
5.558354E+2	8.504714E+3
5.560918E+2	8.504993E+3
5.563482E+2	8.507507E+3
5.566046E+2	8.506534E+3
5.568609E+2	8.505250E+3
5.571173E+2	8.503184E+3
5.573736E+2	8.503971E+3
5.576299E+2	8.504140E+3
5.578862E+2	8.504938E+3
5.581426E+2	8.503097E+3
5.583989E+2	8.501966E+3
5.586552E+2	8.501900E+3
5.589114E+2	8.500556E+3
5.591677E+2	8.499239E+3
5.594240E+2	8.498419E+3
5.596803E+2	8.496747E+3
5.599365E+2	8.495310E+3
5.601928E+2	8.495124E+3
5.604490E+2	8.492884E+3
5.607052E+2	8.491649E+3
5.609614E+2	8.490419E+3
5.612177E+2	8.489217E+3
5.614739E+2	8.487523E+3
5.617301E+2	8.486146E+3
5.619863E+2	8.484365E+3
5.622424E+2	8.483507E+3
5.624986E+2	8.480878E+3
5.627548E+2	8.480097E+3
5.630109E+2	8.478195E+3
5.632671E+2	8.475518E+3
5.635232E+2	8.473348E+3
5.637794E+2	8.471938E+3
5.640355E+2	8.469414E+3
5.642916E+2	8.468490E+3
5.645477E+2	8.465966E+3
5.648038E+2	8.463906E+3
5.650599E+2	8.462097E+3
5.653160E+2	8.459643E+3
5.655721E+2	8.456698E+3
5.658281E+2	8.454069E+3
5.660842E+2	8.451370E+3
5.663402E+2	8.448288E+3
5.665963E+2	8.445064E+3
5.668523E+2	8.442523E+3
5.671083E+2	8.439446E+3
5.673644E+2	8.438239E+3
5.676204E+2	8.434556E+3
5.678764E+2	8.430862E+3
5.681324E+2	8.428195E+3
5.683883E+2	8.425561E+3
5.686443E+2	8.422933E+3
5.689003E+2	8.421069E+3
5.691562E+2	8.418064E+3
5.694122E+2	8.415709E+3
5.696681E+2	8.413736E+3
5.699241E+2	8.410878E+3
5.701800E+2	8.407971E+3
5.704359E+2	8.405457E+3
5.706918E+2	8.401725E+3
5.709477E+2	8.397802E+3
5.712036E+2	8.393933E+3
5.714595E+2	8.390687E+3
5.717154E+2	8.387463E+3
5.719713E+2	8.382463E+3
5.722271E+2	8.378233E+3
5.724830E+2	8.375900E+3
5.727388E+2	8.372856E+3
5.729947E+2	8.368233E+3
5.732505E+2	8.364173E+3
5.735063E+2	8.359151E+3
5.737621E+2	8.357425E+3
5.740179E+2	8.354037E+3
5.742737E+2	8.350102E+3
5.745295E+2	8.345501E+3
5.747853E+2	8.340878E+3
5.750411E+2	8.336594E+3
5.752968E+2	8.332381E+3
5.755526E+2	8.328048E+3
5.758083E+2	8.322676E+3
5.760641E+2	8.318780E+3
5.763198E+2	8.314758E+3
5.765755E+2	8.310966E+3
5.768312E+2	8.306818E+3
5.770869E+2	8.302436E+3
5.773426E+2	8.297993E+3
5.775983E+2	8.293578E+3
5.778540E+2	8.288403E+3
5.781097E+2	8.286414E+3
5.783653E+2	8.282064E+3
5.786210E+2	8.279020E+3
5.788766E+2	8.274966E+3
5.791323E+2	8.270239E+3
5.793879E+2	8.266780E+3
5.796435E+2	8.261392E+3
5.798991E+2	8.256922E+3
5.801547E+2	8.252605E+3
5.804103E+2	8.248572E+3
5.806659E+2	8.244212E+3
5.809215E+2	8.240709E+3
5.811771E+2	8.237742E+3
5.814327E+2	8.234097E+3
5.816882E+2	8.228567E+3
5.819438E+2	8.223753E+3
5.821993E+2	8.219583E+3
5.824548E+2	8.213829E+3
5.827104E+2	8.209889E+3
5.829659E+2	8.204621E+3
5.832214E+2	8.199015E+3
5.834769E+2	8.195419E+3
5.837324E+2	8.190157E+3
5.839878E+2	8.186414E+3
5.842433E+2	8.180720E+3
5.844988E+2	8.175780E+3
5.847542E+2	8.169119E+3
5.850097E+2	8.162692E+3
5.852651E+2	8.157091E+3
5.855206E+2	8.151518E+3
5.857760E+2	8.146381E+3
5.860314E+2	8.140069E+3
5.862868E+2	8.132851E+3
5.865422E+2	8.126840E+3
5.867976E+2	8.122009E+3
5.870530E+2	8.115665E+3
5.873084E+2	8.110053E+3
5.875637E+2	8.104370E+3
5.878191E+2	8.099873E+3
5.880744E+2	8.093638E+3
5.883298E+2	8.088091E+3
5.885851E+2	8.081845E+3
5.888404E+2	8.076337E+3
5.890958E+2	8.071414E+3
5.893511E+2	8.064496E+3
5.896064E+2	8.059140E+3
5.898617E+2	8.053441E+3
5.901169E+2	8.048201E+3
5.903722E+2	8.042485E+3
5.906275E+2	8.036605E+3
5.908827E+2	8.030747E+3
5.911380E+2	8.024397E+3
5.913932E+2	8.018867E+3
5.916485E+2	8.012763E+3
5.919037E+2	8.008512E+3
5.921589E+2	8.002168E+3
5.924141E+2	7.995654E+3
5.926693E+2	7.990140E+3
5.929245E+2	7.984528E+3
5.931797E+2	7.979343E+3
5.934349E+2	7.973627E+3
5.936900E+2	7.966736E+3
5.939452E+2	7.961599E+3
5.942004E+2	7.955545E+3
5.944555E+2	7.949856E+3
5.947106E+2	7.944785E+3
5.949658E+2	7.938075E+3
5.952209E+2	7.933769E+3
5.954760E+2	7.928048E+3
5.957311E+2	7.921900E+3
5.959862E+2	7.916780E+3
5.962413E+2	7.911610E+3
5.964963E+2	7.906130E+3
5.967514E+2	7.900785E+3
5.970065E+2	7.895758E+3
5.972615E+2	7.892742E+3
5.975166E+2	7.888233E+3
5.977716E+2	7.884222E+3
5.980266E+2	7.880780E+3
5.982816E+2	7.876064E+3
5.985367E+2	7.871583E+3
5.987917E+2	7.869501E+3
5.990467E+2	7.865135E+3
5.993016E+2	7.860796E+3
5.995566E+2	7.855873E+3
5.998116E+2	7.852097E+3
6.000665E+2	7.849130E+3
6.003215E+2	7.846113E+3
6.005764E+2	7.843605E+3
6.008314E+2	7.840638E+3
6.010863E+2	7.837998E+3
6.013412E+2	7.834239E+3
6.015961E+2	7.831774E+3
6.018510E+2	7.830769E+3
6.021059E+2	7.828758E+3
6.023608E+2	7.825927E+3
6.026157E+2	7.822632E+3
6.028706E+2	7.819802E+3
6.031254E+2	7.817119E+3
6.033803E+2	7.813370E+3
6.036351E+2	7.810605E+3
6.038900E+2	7.806807E+3
6.041448E+2	7.804468E+3
6.043996E+2	7.801523E+3
6.046544E+2	7.798348E+3
6.049092E+2	7.795845E+3
6.051640E+2	7.793632E+3
6.054188E+2	7.790681E+3
6.056736E+2	7.788365E+3
6.059283E+2	7.785627E+3
6.061831E+2	7.781987E+3
6.064378E+2	7.778960E+3
6.066926E+2	7.777375E+3
6.069473E+2	7.775173E+3
6.072021E+2	7.772550E+3
6.074568E+2	7.767250E+3
6.077115E+2	7.763326E+3
6.079662E+2	7.761195E+3
6.082209E+2	7.759080E+3
6.084756E+2	7.757064E+3
6.087302E+2	7.754654E+3
6.089849E+2	7.752643E+3
6.092396E+2	7.749026E+3
6.094942E+2	7.745769E+3
6.097489E+2	7.743337E+3
6.100035E+2	7.739889E+3
6.102581E+2	7.736272E+3
6.105127E+2	7.732671E+3
6.107674E+2	7.728408E+3
6.110220E+2	7.724895E+3
6.112766E+2	7.721927E+3
6.115311E+2	7.718725E+3
6.117857E+2	7.715075E+3
6.120403E+2	7.711403E+3
6.122948E+2	7.707190E+3
6.125494E+2	7.701862E+3
6.128039E+2	7.696572E+3
6.130585E+2	7.692550E+3
6.133130E+2	7.687304E+3
6.135675E+2	7.681780E+3
6.138220E+2	7.676889E+3
6.140765E+2	7.672665E+3
6.143310E+2	7.667179E+3
6.145855E+2	7.661140E+3
6.148400E+2	7.656731E+3
6.150945E+2	7.652386E+3
6.153489E+2	7.648266E+3
6.156034E+2	7.641261E+3
6.158578E+2	7.636528E+3
6.161123E+2	7.631561E+3
6.163667E+2	7.625769E+3
6.166211E+2	7.620173E+3
6.168755E+2	7.614731E+3
6.171299E+2	7.609720E+3
6.173843E+2	7.604026E+3
6.176387E+2	7.597195E+3
6.178931E+2	7.591375E+3
6.181474E+2	7.586348E+3
6.184018E+2	7.581130E+3
6.186561E+2	7.576108E+3
6.189105E+2	7.572020E+3
6.191648E+2	7.567162E+3
6.194191E+2	7.562774E+3
6.196735E+2	7.558113E+3
6.199278E+2	7.553386E+3
6.201821E+2	7.548834E+3
6.204364E+2	7.543392E+3
6.206907E+2	7.537124E+3
6.209449E+2	7.531736E+3
6.211992E+2	7.527873E+3
6.214535E+2	7.523594E+3
6.217077E+2	7.521212E+3
6.219619E+2	7.517157E+3
6.222162E+2	7.512255E+3
6.224704E+2	7.507638E+3
6.227246E+2	7.503845E+3
6.229788E+2	7.500796E+3
6.232330E+2	7.498496E+3
6.234872E+2	7.494791E+3
6.237414E+2	7.490501E+3
6.239956E+2	7.484791E+3
6.242498E+2	7.480031E+3
6.245039E+2	7.476146E+3
6.247581E+2	7.474692E+3
6.250122E+2	7.470862E+3
6.252663E+2	7.467408E+3
6.255205E+2	7.464769E+3
6.257746E+2	7.461042E+3
6.260287E+2	7.458124E+3
6.262828E+2	7.454807E+3
6.265369E+2	7.451796E+3
6.267910E+2	7.448501E+3
6.270450E+2	7.445201E+3
6.272991E+2	7.442829E+3
6.275532E+2	7.441201E+3
6.278072E+2	7.437742E+3
6.280613E+2	7.436222E+3
6.283153E+2	7.433113E+3
6.285693E+2	7.431315E+3
6.288233E+2	7.428386E+3
6.290773E+2	7.426660E+3
6.293313E+2	7.423763E+3
6.295853E+2	7.421272E+3
6.298393E+2	7.418621E+3
6.300933E+2	7.415998E+3
6.303472E+2	7.412649E+3
6.306012E+2	7.409086E+3
6.308551E+2	7.405916E+3
6.311091E+2	7.403938E+3
6.313630E+2	7.401020E+3
6.316169E+2	7.398162E+3
6.318709E+2	7.395080E+3
6.321248E+2	7.391490E+3
6.323787E+2	7.388135E+3
6.326326E+2	7.384283E+3
6.328864E+2	7.380758E+3
6.331403E+2	7.378845E+3
6.333942E+2	7.376048E+3
6.336480E+2	7.373643E+3
6.339019E+2	7.370244E+3
6.341557E+2	7.367490E+3
6.344095E+2	7.363791E+3
6.346634E+2	7.360698E+3
6.349172E+2	7.356807E+3
6.351710E+2	7.353233E+3
6.354248E+2	7.349725E+3
6.356786E+2	7.346927E+3
6.359324E+2	7.344671E+3
6.361861E+2	7.341009E+3
6.364399E+2	7.336911E+3
6.366936E+2	7.331179E+3
6.369474E+2	7.328490E+3
6.372011E+2	7.322763E+3
6.374549E+2	7.319261E+3
6.377086E+2	7.315545E+3
6.379623E+2	7.311026E+3
6.382160E+2	7.305561E+3
6.384697E+2	7.300605E+3
6.387234E+2	7.296408E+3
6.389771E+2	7.290769E+3
6.392307E+2	7.286583E+3
6.394844E+2	7.282927E+3
6.397380E+2	7.278130E+3
6.399917E+2	7.273649E+3
6.402453E+2	7.268332E+3
6.404990E+2	7.263288E+3
6.407526E+2	7.257960E+3
6.410062E+2	7.251916E+3
6.412598E+2	7.248993E+3
6.415134E+2	7.243681E+3
6.417670E+2	7.239113E+3
6.420206E+2	7.233414E+3
6.422741E+2	7.228878E+3
6.425277E+2	7.223971E+3
6.427812E+2	7.218933E+3
6.430348E+2	7.212272E+3
6.432883E+2	7.208692E+3
6.435418E+2	7.202916E+3
6.437954E+2	7.198310E+3
6.440489E+2	7.192496E+3
6.443024E+2	7.187463E+3
6.445559E+2	7.182048E+3
6.448094E+2	7.176829E+3
6.450628E+2	7.169993E+3
6.453163E+2	7.165108E+3
6.455698E+2	7.160671E+3
6.458232E+2	7.156408E+3
6.460767E+2	7.150944E+3
6.463301E+2	7.146441E+3
6.465835E+2	7.142009E+3
6.468369E+2	7.137518E+3
6.470903E+2	7.134146E+3
6.473437E+2	7.130042E+3
6.475971E+2	7.126086E+3
6.478505E+2	7.121589E+3
6.481039E+2	7.118108E+3
6.483573E+2	7.114064E+3
6.486106E+2	7.109856E+3
6.488640E+2	7.105069E+3
6.491173E+2	7.101365E+3
6.493706E+2	7.097102E+3
6.496240E+2	7.093354E+3
6.498773E+2	7.090009E+3
6.501306E+2	7.084774E+3
6.503839E+2	7.081119E+3
6.506372E+2	7.075807E+3
6.508905E+2	7.071446E+3
6.511437E+2	7.066753E+3
6.513970E+2	7.062365E+3
6.516503E+2	7.059048E+3
6.519035E+2	7.056436E+3
6.521567E+2	7.052944E+3
6.524100E+2	7.048594E+3
6.526632E+2	7.044856E+3
6.529164E+2	7.040594E+3
6.531696E+2	7.036911E+3
6.534228E+2	7.033758E+3
6.536760E+2	7.031140E+3
6.539292E+2	7.027660E+3
6.541824E+2	7.024441E+3
6.544355E+2	7.022102E+3
6.546887E+2	7.018261E+3
6.549418E+2	7.015020E+3
6.551950E+2	7.012621E+3
6.554481E+2	7.009031E+3
6.557012E+2	7.005824E+3
6.559543E+2	7.003228E+3
6.562074E+2	6.999135E+3
6.564605E+2	6.996446E+3
6.567136E+2	6.993310E+3
6.569667E+2	6.990791E+3
6.572198E+2	6.987977E+3
6.574728E+2	6.985966E+3
6.577259E+2	6.982802E+3
6.579789E+2	6.980408E+3
6.582319E+2	6.977332E+3
6.584850E+2	6.975195E+3
6.587380E+2	6.970807E+3
6.589910E+2	6.968184E+3
6.592440E+2	6.966272E+3
6.594970E+2	6.963250E+3
6.597500E+2	6.962097E+3
6.600030E+2	6.959086E+3
6.602559E+2	6.957720E+3
6.605089E+2	6.957146E+3
6.607618E+2	6.954627E+3
6.610148E+2	6.953578E+3
6.612677E+2	6.950059E+3
6.615206E+2	6.949632E+3
6.617736E+2	6.947643E+3
6.620265E+2	6.944873E+3
6.622794E+2	6.942108E+3
6.625323E+2	6.938310E+3
6.627851E+2	6.935239E+3
6.630380E+2	6.934113E+3
6.632909E+2	6.933168E+3
6.635437E+2	6.930834E+3
6.637966E+2	6.928343E+3
6.640494E+2	6.925649E+3
6.643023E+2	6.925261E+3
6.645551E+2	6.922725E+3
6.648079E+2	6.921370E+3
6.650607E+2	6.919419E+3
6.653135E+2	6.917277E+3
6.655663E+2	6.916069E+3
6.658191E+2	6.913802E+3
6.660718E+2	6.914184E+3
6.663246E+2	6.913272E+3
6.665774E+2	6.912332E+3
6.668301E+2	6.909687E+3
6.670828E+2	6.909108E+3
6.673356E+2	6.906561E+3
6.675883E+2	6.905594E+3
6.678410E+2	6.904168E+3
6.680937E+2	6.902873E+3
6.683464E+2	6.901599E+3
6.685991E+2	6.900818E+3
6.688518E+2	6.899026E+3
6.691044E+2	6.896370E+3
6.693571E+2	6.895255E+3
6.696098E+2	6.894496E+3
6.698624E+2	6.892900E+3
6.701150E+2	6.892315E+3
6.703677E+2	6.891703E+3
6.706203E+2	6.890627E+3
6.708729E+2	6.889381E+3
6.711255E+2	6.887113E+3
6.713781E+2	6.886949E+3
6.716307E+2	6.886616E+3
6.718832E+2	6.885250E+3
6.721358E+2	6.883015E+3
6.723884E+2	6.882146E+3
6.726409E+2	6.880528E+3
6.728935E+2	6.878037E+3
6.731460E+2	6.876884E+3
6.733985E+2	6.875725E+3
6.736510E+2	6.874015E+3
6.739035E+2	6.872578E+3
6.741560E+2	6.872075E+3
6.744085E+2	6.870796E+3
6.746610E+2	6.868457E+3
6.749135E+2	6.866556E+3
6.751660E+2	6.865425E+3
6.754184E+2	6.864911E+3
6.756709E+2	6.862763E+3
6.759233E+2	6.861069E+3
6.761757E+2	6.859796E+3
6.764282E+2	6.858359E+3
6.766806E+2	6.858075E+3
6.769330E+2	6.856386E+3
6.771854E+2	6.854736E+3
6.774378E+2	6.854130E+3
6.776901E+2	6.853337E+3
6.779425E+2	6.852031E+3
6.781949E+2	6.851867E+3
6.784472E+2	6.851212E+3
6.786996E+2	6.849348E+3
6.789519E+2	6.849173E+3
6.792042E+2	6.847528E+3
6.794566E+2	6.846222E+3
6.797089E+2	6.843692E+3
6.799612E+2	6.842731E+3
6.802135E+2	6.841490E+3
6.804657E+2	6.839605E+3
6.807180E+2	6.839436E+3
6.809703E+2	6.840031E+3
6.812226E+2	6.840026E+3
6.814748E+2	6.837638E+3
6.817270E+2	6.835927E+3
6.819793E+2	6.833720E+3
6.822315E+2	6.832315E+3
6.824837E+2	6.830911E+3
6.827359E+2	6.829867E+3
6.829881E+2	6.828501E+3
6.832403E+2	6.826856E+3
6.834925E+2	6.825632E+3
6.837447E+2	6.824610E+3
6.839968E+2	6.823075E+3
6.842490E+2	6.822042E+3
6.845011E+2	6.821649E+3
6.847533E+2	6.820097E+3
6.850054E+2	6.817206E+3
6.852575E+2	6.815375E+3
6.855097E+2	6.813676E+3
6.857618E+2	6.811960E+3
6.860139E+2	6.809671E+3
6.862659E+2	6.809173E+3
6.865180E+2	6.809048E+3
6.867701E+2	6.804933E+3
6.870222E+2	6.803763E+3
6.872742E+2	6.803343E+3
6.875263E+2	6.802769E+3
6.877783E+2	6.801348E+3
6.880303E+2	6.799654E+3
6.882823E+2	6.799643E+3
6.885343E+2	6.798643E+3
6.887864E+2	6.796774E+3
6.890383E+2	6.796337E+3
6.892903E+2	6.794512E+3
6.895423E+2	6.792845E+3
6.897943E+2	6.792534E+3
6.900462E+2	6.791365E+3
6.902982E+2	6.791878E+3
6.905501E+2	6.789621E+3
6.908021E+2	6.788239E+3
6.910540E+2	6.787184E+3
6.913059E+2	6.785069E+3
6.915578E+2	6.783370E+3
6.918097E+2	6.781578E+3
6.920616E+2	6.781452E+3
6.923135E+2	6.780031E+3
6.925654E+2	6.778578E+3
6.928172E+2	6.777365E+3
6.930691E+2	6.775408E+3
6.933209E+2	6.774113E+3
6.935728E+2	6.772545E+3
6.938246E+2	6.769774E+3
6.940764E+2	6.768015E+3
6.943282E+2	6.765474E+3
6.945800E+2	6.763867E+3
6.948318E+2	6.762162E+3
6.950836E+2	6.760151E+3
6.953354E+2	6.757660E+3
6.955872E+2	6.754818E+3
6.958389E+2	6.753075E+3
6.960907E+2	6.749698E+3
6.963424E+2	6.746829E+3
6.965942E+2	6.743507E+3
6.968459E+2	6.741212E+3
6.970976E+2	6.738867E+3
6.973493E+2	6.737184E+3
6.976010E+2	6.734725E+3
6.978527E+2	6.731638E+3
6.981044E+2	6.729862E+3
6.983561E+2	6.729080E+3
6.986077E+2	6.728059E+3
6.988594E+2	6.725173E+3
6.991110E+2	6.723097E+3
6.993627E+2	6.720878E+3
6.996143E+2	6.719184E+3
6.998659E+2	6.716731E+3
7.001175E+2	6.714293E+3
7.003692E+2	6.712621E+3
7.006207E+2	6.710687E+3
7.008723E+2	6.708457E+3
7.011239E+2	6.706769E+3
7.013755E+2	6.706135E+3
7.016271E+2	6.703365E+3
7.018786E+2	6.701916E+3
7.021302E+2	6.701468E+3
7.023817E+2	6.699157E+3
7.026332E+2	6.696048E+3
7.028847E+2	6.693960E+3
7.031362E+2	6.691599E+3
7.033878E+2	6.690277E+3
7.036392E+2	6.687982E+3
7.038907E+2	6.685386E+3
7.041422E+2	6.682900E+3
7.043937E+2	6.679069E+3
7.046451E+2	6.676299E+3
7.048966E+2	6.673441E+3
7.051480E+2	6.670042E+3
7.053995E+2	6.666977E+3
7.056509E+2	6.663796E+3
7.059023E+2	6.660556E+3
7.061537E+2	6.657610E+3
7.064051E+2	6.655332E+3
7.066565E+2	6.653539E+3
7.069079E+2	6.651867E+3
7.071593E+2	6.648523E+3
7.074106E+2	6.643993E+3
7.076620E+2	6.640840E+3
7.079133E+2	6.636665E+3
7.081647E+2	6.632966E+3
7.084160E+2	6.630102E+3
7.086673E+2	6.627004E+3
7.089186E+2	6.622485E+3
7.091699E+2	6.619703E+3
7.094212E+2	6.617091E+3
7.096725E+2	6.613075E+3
7.099238E+2	6.610671E+3
7.101751E+2	6.607425E+3
7.104263E+2	6.605053E+3
7.106776E+2	6.601244E+3
7.109288E+2	6.597228E+3
7.111800E+2	6.592206E+3
7.114313E+2	6.588468E+3
7.116825E+2	6.582884E+3
7.119337E+2	6.580119E+3
7.121849E+2	6.575594E+3
7.124361E+2	6.571004E+3
7.126873E+2	6.566977E+3
7.129384E+2	6.563501E+3
7.131896E+2	6.560266E+3
7.134408E+2	6.555457E+3
7.136919E+2	6.549610E+3
7.139430E+2	6.542550E+3
7.141942E+2	6.538490E+3
7.144453E+2	6.533392E+3
7.146964E+2	6.526687E+3
7.149475E+2	6.520851E+3
7.151986E+2	6.515791E+3
7.154497E+2	6.510703E+3
7.157008E+2	6.502643E+3
7.159518E+2	6.495643E+3
7.162029E+2	6.488053E+3
7.164540E+2	6.480813E+3
7.167050E+2	6.472217E+3
7.169560E+2	6.465474E+3
7.172071E+2	6.457365E+3
7.174581E+2	6.450080E+3
7.177091E+2	6.443539E+3
7.179601E+2	6.437468E+3
7.182111E+2	6.430370E+3
7.184621E+2	6.422736E+3
7.187130E+2	6.415774E+3
7.189640E+2	6.408714E+3
7.192150E+2	6.400720E+3
7.194659E+2	6.393709E+3
7.197169E+2	6.387059E+3
7.199678E+2	6.380807E+3
7.202187E+2	6.374064E+3
7.204696E+2	6.366222E+3
7.207205E+2	6.359446E+3
7.209714E+2	6.352785E+3
7.212223E+2	6.347288E+3
7.214732E+2	6.340239E+3
7.217241E+2	6.334550E+3
7.219749E+2	6.327731E+3
7.222258E+2	6.319867E+3
7.224766E+2	6.313184E+3
7.227274E+2	6.307239E+3
7.229783E+2	6.300381E+3
7.232291E+2	6.294310E+3
7.234799E+2	6.288048E+3
7.237307E+2	6.281977E+3
7.239815E+2	6.274561E+3
7.242323E+2	6.269135E+3
7.244830E+2	6.262064E+3
7.247338E+2	6.255375E+3
7.249846E+2	6.249938E+3
7.252353E+2	6.244397E+3
7.254861E+2	6.239966E+3
7.257368E+2	6.234763E+3
7.259875E+2	6.230545E+3
7.262382E+2	6.227365E+3
7.264889E+2	6.223304E+3
7.267396E+2	6.217643E+3
7.269903E+2	6.212851E+3
7.272410E+2	6.207283E+3
7.274917E+2	6.202507E+3
7.277423E+2	6.197381E+3
7.279930E+2	6.192075E+3
7.282436E+2	6.187304E+3
7.284942E+2	6.181971E+3
7.287449E+2	6.178359E+3
7.289955E+2	6.174878E+3
7.292461E+2	6.172348E+3
7.294967E+2	6.169261E+3
7.297473E+2	6.165736E+3
7.299979E+2	6.162889E+3
7.302484E+2	6.159818E+3
7.304990E+2	6.155703E+3
7.307496E+2	6.151386E+3
7.310001E+2	6.149069E+3
7.312507E+2	6.145884E+3
7.315012E+2	6.143463E+3
7.317517E+2	6.139834E+3
7.320022E+2	6.137982E+3
7.322527E+2	6.133884E+3
7.325032E+2	6.129496E+3
7.327537E+2	6.126763E+3
7.330042E+2	6.124206E+3
7.332547E+2	6.121228E+3
7.335051E+2	6.118299E+3
7.337556E+2	6.116119E+3
7.340060E+2	6.112676E+3
7.342564E+2	6.110272E+3
7.345069E+2	6.108468E+3
7.347573E+2	6.106758E+3
7.350077E+2	6.107599E+3
7.352581E+2	6.108512E+3
7.355085E+2	6.109911E+3
7.357589E+2	6.112151E+3
7.360092E+2	6.113938E+3
7.362596E+2	6.116599E+3
7.365100E+2	6.118556E+3
7.367603E+2	6.119490E+3
7.370106E+2	6.118381E+3
7.372610E+2	6.118119E+3
7.375113E+2	6.119015E+3
7.377616E+2	6.119889E+3
7.380119E+2	6.119299E+3
7.382622E+2	6.118834E+3
7.385125E+2	6.119157E+3
7.387628E+2	6.118452E+3
7.390130E+2	6.118359E+3
7.392633E+2	6.119971E+3
7.395135E+2	6.120179E+3
7.397638E+2	6.120747E+3
7.400140E+2	6.122304E+3
7.402642E+2	6.122878E+3
7.405144E+2	6.122971E+3
7.407647E+2	6.123425E+3
7.410149E+2	6.123977E+3
7.412650E+2	6.125053E+3
7.415152E+2	6.126206E+3
7.417654E+2	6.131408E+3
7.420156E+2	6.139802E+3
7.422657E+2	6.152742E+3
7.425159E+2	6.168960E+3
7.427660E+2	6.190725E+3
7.430161E+2	6.219769E+3
7.432662E+2	6.260332E+3
7.435164E+2	6.323446E+3
7.437665E+2	6.416222E+3
7.440165E+2	6.507916E+3
7.442666E+2	6.579507E+3
7.445167E+2	6.632091E+3
7.447668E+2	6.671845E+3
7.450168E+2	6.705818E+3
7.452669E+2	6.731845E+3
7.455169E+2	6.746938E+3
7.457669E+2	6.755468E+3
7.460170E+2	6.762589E+3
7.462670E+2	6.771397E+3
7.465170E+2	6.779944E+3
7.467670E+2	6.788616E+3
7.470170E+2	6.800157E+3
7.472670E+2	6.816485E+3
7.475169E+2	6.841392E+3
7.477669E+2	6.864009E+3
7.480168E+2	6.877365E+3
7.482668E+2	6.886485E+3
7.485167E+2	6.896742E+3
7.487666E+2	6.910119E+3
7.490166E+2	6.926272E+3
7.492665E+2	6.940086E+3
7.495164E+2	6.950485E+3
7.497663E+2	6.961627E+3
7.500161E+2	6.972774E+3
7.502660E+2	6.981829E+3
7.505159E+2	6.990217E+3
7.507657E+2	6.996523E+3
7.510156E+2	7.000638E+3
7.512654E+2	7.001370E+3
7.515152E+2	7.000097E+3
7.517651E+2	6.999742E+3
7.520149E+2	6.999944E+3
7.522647E+2	7.001998E+3
7.525145E+2	7.007026E+3
7.527643E+2	7.013681E+3
7.530140E+2	7.021386E+3
7.532638E+2	7.031130E+3
7.535136E+2	7.039490E+3
7.537633E+2	7.046326E+3
7.540131E+2	7.054299E+3
7.542628E+2	7.064720E+3
7.545125E+2	7.073884E+3
7.547622E+2	7.081845E+3
7.550119E+2	7.087195E+3
7.552616E+2	7.088151E+3
7.555113E+2	7.088791E+3
7.557610E+2	7.088829E+3
7.560107E+2	7.087069E+3
7.562603E+2	7.085392E+3
7.565100E+2	7.081906E+3
7.567596E+2	7.079015E+3
7.570093E+2	7.073692E+3
7.572589E+2	7.064425E+3
7.575085E+2	7.049933E+3
7.577581E+2	7.031703E+3
7.580077E+2	7.008463E+3
7.582573E+2	6.979692E+3
7.585069E+2	6.937545E+3
7.587565E+2	6.873365E+3
7.590060E+2	6.776496E+3
7.592556E+2	6.682840E+3
7.595051E+2	6.608474E+3
7.597547E+2	6.553791E+3
7.600042E+2	6.509452E+3
7.602537E+2	6.469802E+3
7.605032E+2	6.437911E+3
7.607527E+2	6.415468E+3
7.610022E+2	6.400468E+3
7.612517E+2	6.388938E+3
7.615012E+2	6.376244E+3
7.617507E+2	6.365780E+3
7.620001E+2	6.355649E+3
7.622496E+2	6.343228E+3
7.624990E+2	6.324692E+3
7.627485E+2	6.297321E+3
7.629979E+2	6.271310E+3
7.632473E+2	6.253824E+3
7.634967E+2	6.241354E+3
7.637461E+2	6.227583E+3
7.639955E+2	6.209840E+3
7.642449E+2	6.188266E+3
7.644942E+2	6.167818E+3
7.647436E+2	6.148998E+3
7.649930E+2	6.129108E+3
7.652423E+2	6.108064E+3
7.654916E+2	6.086889E+3
7.657410E+2	6.066572E+3
7.659903E+2	6.048709E+3
7.662396E+2	6.033343E+3
7.664889E+2	6.021632E+3
7.667382E+2	6.008545E+3
7.669875E+2	5.995714E+3
7.672367E+2	5.985507E+3
7.674860E+2	5.972900E+3
7.677353E+2	5.956370E+3
7.679845E+2	5.937681E+3
7.682337E+2	5.917714E+3
7.684830E+2	5.896283E+3
7.687322E+2	5.877665E+3
7.689814E+2	5.862069E+3
7.692306E+2	5.845725E+3
7.694798E+2	5.826998E+3
7.697290E+2	5.808845E+3
7.699782E+2	5.793365E+3
7.702273E+2	5.780829E+3
7.704765E+2	5.772080E+3
7.707256E+2	5.763288E+3
7.709748E+2	5.754873E+3
7.712239E+2	5.748135E+3
7.714730E+2	5.741397E+3
7.717222E+2	5.736616E+3
7.719713E+2	5.732053E+3
7.722204E+2	5.726818E+3
7.724694E+2	5.723135E+3
7.727185E+2	5.720321E+3
7.729676E+2	5.716900E+3
7.732167E+2	5.712528E+3
7.734657E+2	5.706430E+3
7.737147E+2	5.699512E+3
7.739638E+2	5.691632E+3
7.742128E+2	5.685239E+3
7.744618E+2	5.674949E+3
7.747108E+2	5.664862E+3
7.749598E+2	5.653649E+3
7.752088E+2	5.644031E+3
7.754578E+2	5.635539E+3
7.757068E+2	5.628086E+3
7.759557E+2	5.621987E+3
7.762047E+2	5.616922E+3
7.764536E+2	5.609343E+3
7.767026E+2	5.601446E+3
7.769515E+2	5.591233E+3
7.772004E+2	5.580386E+3
7.774493E+2	5.569895E+3
7.776982E+2	5.557987E+3
7.779471E+2	5.548616E+3
7.781960E+2	5.539266E+3
7.784449E+2	5.528681E+3
7.786938E+2	5.516851E+3
7.789426E+2	5.506594E+3
7.791915E+2	5.497381E+3
7.794403E+2	5.490856E+3
7.796891E+2	5.486802E+3
7.799380E+2	5.484687E+3
7.801868E+2	5.484091E+3
7.804356E+2	5.482763E+3
7.806844E+2	5.480255E+3
7.809332E+2	5.476463E+3
7.811819E+2	5.472862E+3
7.814307E+2	5.469463E+3
7.816795E+2	5.466813E+3
7.819282E+2	5.464813E+3
7.821770E+2	5.462507E+3
7.824257E+2	5.459086E+3
7.826744E+2	5.455261E+3
7.829231E+2	5.451348E+3
7.831718E+2	5.447720E+3
7.834205E+2	5.443315E+3
7.836692E+2	5.438108E+3
7.839179E+2	5.431168E+3
7.841666E+2	5.423190E+3
7.844152E+2	5.414594E+3
7.846639E+2	5.406048E+3
7.849125E+2	5.397157E+3
7.851612E+2	5.387725E+3
7.854098E+2	5.377337E+3
7.856584E+2	5.364632E+3
7.859070E+2	5.353343E+3
7.861556E+2	5.341632E+3
7.864042E+2	5.329184E+3
7.866528E+2	5.314873E+3
7.869014E+2	5.299998E+3
7.871499E+2	5.283239E+3
7.873985E+2	5.267796E+3
7.876470E+2	5.251627E+3
7.878956E+2	5.235283E+3
7.881441E+2	5.220610E+3
7.883926E+2	5.206867E+3
7.886411E+2	5.193572E+3
7.888896E+2	5.183113E+3
7.891381E+2	5.173091E+3
7.893866E+2	5.164430E+3
7.896351E+2	5.155720E+3
7.898835E+2	5.147354E+3
7.901320E+2	5.139321E+3
7.903804E+2	5.132594E+3
7.906289E+2	5.125037E+3
7.908773E+2	5.118212E+3
7.911257E+2	5.110140E+3
7.913742E+2	5.100485E+3
7.916226E+2	5.092692E+3
7.918709E+2	5.083354E+3
7.921193E+2	5.074813E+3
7.923677E+2	5.064359E+3
7.926161E+2	5.053507E+3
7.928644E+2	5.044938E+3
7.931128E+2	5.034594E+3
7.933611E+2	5.025687E+3
7.936095E+2	5.017086E+3
7.938578E+2	5.008195E+3
7.941061E+2	4.997195E+3
7.943544E+2	4.985075E+3
7.946027E+2	4.969862E+3
7.948510E+2	4.953621E+3
7.950993E+2	4.936201E+3
7.953475E+2	4.918490E+3
7.955958E+2	4.902485E+3
7.958440E+2	4.887069E+3
7.960923E+2	4.872550E+3
7.963405E+2	4.857496E+3
7.965887E+2	4.840725E+3
7.968370E+2	4.823731E+3
7.970852E+2	4.807665E+3
7.973334E+2	4.792064E+3
7.975816E+2	4.776375E+3
7.978297E+2	4.763190E+3
7.980779E+2	4.751315E+3
7.983261E+2	4.738709E+3
7.985742E+2	4.727671E+3
7.988224E+2	4.717283E+3
7.990705E+2	4.707321E+3
7.993186E+2	4.696938E+3
7.995668E+2	4.686599E+3
7.998149E+2	4.675687E+3
8.000630E+2	4.666698E+3
8.003111E+2	4.657370E+3
8.005591E+2	4.647998E+3
8.008072E+2	4.639753E+3
8.010553E+2	4.629512E+3
8.013033E+2	4.618671E+3
8.015514E+2	4.606944E+3
8.017994E+2	4.596108E+3
8.020474E+2	4.585638E+3
8.022955E+2	4.575851E+3
8.025435E+2	4.565906E+3
8.027915E+2	4.555370E+3
8.030395E+2	4.545703E+3
8.032874E+2	4.534736E+3
8.035354E+2	4.524414E+3
8.037834E+2	4.511753E+3
8.040313E+2	4.498627E+3
8.042793E+2	4.485414E+3
8.045272E+2	4.471895E+3
8.047752E+2	4.459796E+3
8.050231E+2	4.448507E+3
8.052710E+2	4.439239E+3
8.055189E+2	4.430031E+3
8.057668E+2	4.422966E+3
8.060147E+2	4.416900E+3
8.062625E+2	4.412479E+3
8.065104E+2	4.408895E+3
8.067583E+2	4.404212E+3
8.070061E+2	4.401201E+3
8.072540E+2	4.397020E+3
8.075018E+2	4.393977E+3
8.077496E+2	4.391266E+3
8.079974E+2	4.388250E+3
8.082452E+2	4.387239E+3
8.084930E+2	4.385758E+3
8.087408E+2	4.385938E+3
8.089886E+2	4.384960E+3
8.092364E+2	4.384501E+3
8.094841E+2	4.384862E+3
8.097319E+2	4.386649E+3
8.099796E+2	4.388184E+3
8.102273E+2	4.390774E+3
8.104751E+2	4.393802E+3
8.107228E+2	4.397048E+3
8.109705E+2	4.401015E+3
8.112182E+2	4.404709E+3
8.114659E+2	4.407599E+3
8.117135E+2	4.409561E+3
8.119612E+2	4.408392E+3
8.122089E+2	4.406348E+3
8.124565E+2	4.402583E+3
8.127042E+2	4.397889E+3
8.129518E+2	4.391266E+3
8.131994E+2	4.383304E+3
8.134470E+2	4.374774E+3
8.136946E+2	4.365337E+3
8.139422E+2	4.355583E+3
8.141898E+2	4.345244E+3
8.144374E+2	4.334900E+3
8.146850E+2	4.323938E+3
8.149325E+2	4.313130E+3
8.151801E+2	4.300774E+3
8.154276E+2	4.288889E+3
8.156752E+2	4.276802E+3
8.159227E+2	4.265304E+3
8.161702E+2	4.256386E+3
8.164177E+2	4.247949E+3
8.166652E+2	4.240474E+3
8.169127E+2	4.234091E+3
8.171602E+2	4.226397E+3
8.174077E+2	4.217971E+3
8.176551E+2	4.207884E+3
8.179026E+2	4.198654E+3
8.181500E+2	4.188649E+3
8.183975E+2	4.179971E+3
8.186449E+2	4.169769E+3
8.188923E+2	4.162807E+3
8.191397E+2	4.154774E+3
8.193871E+2	4.146698E+3
8.196345E+2	4.137900E+3
8.198819E+2	4.128048E+3
8.201293E+2	4.117375E+3
8.203766E+2	4.103616E+3
8.206240E+2	4.089064E+3
8.208713E+2	4.073075E+3
8.211187E+2	4.054966E+3
8.213660E+2	4.034665E+3
8.216133E+2	4.013856E+3
8.218606E+2	3.992736E+3
8.221079E+2	3.970463E+3
8.223552E+2	3.948080E+3
8.226025E+2	3.925834E+3
8.228498E+2	3.903315E+3
8.230970E+2	3.880539E+3
8.233443E+2	3.855862E+3
8.235915E+2	3.830627E+3
8.238388E+2	3.804479E+3
8.240860E+2	3.779048E+3
8.243332E+2	3.753627E+3
8.245804E+2	3.728053E+3
8.248276E+2	3.702780E+3
8.250748E+2	3.677108E+3
8.253220E+2	3.650774E+3
8.255692E+2	3.624299E+3
8.258163E+2	3.596802E+3
8.260635E+2	3.569266E+3
8.263106E+2	3.541403E+3
8.265578E+2	3.513354E+3
8.268049E+2	3.487583E+3
8.270520E+2	3.463955E+3
8.272991E+2	3.440528E+3
8.275462E+2	3.417927E+3
8.277933E+2	3.396179E+3
8.280404E+2	3.374791E+3
8.282875E+2	3.354222E+3
8.285345E+2	3.334982E+3
8.287816E+2	3.315856E+3
8.290287E+2	3.297365E+3
8.292757E+2	3.279671E+3
8.295227E+2	3.261425E+3
8.297697E+2	3.243354E+3
8.300168E+2	3.224971E+3
8.302638E+2	3.207343E+3
8.305107E+2	3.189179E+3
8.307577E+2	3.171135E+3
8.310047E+2	3.152900E+3
8.312517E+2	3.133321E+3
8.314986E+2	3.113900E+3
8.317456E+2	3.094720E+3
8.319925E+2	3.075332E+3
8.322394E+2	3.055916E+3
8.324864E+2	3.037496E+3
8.327333E+2	3.019851E+3
8.329802E+2	3.001818E+3
8.332271E+2	2.984610E+3
8.334740E+2	2.965747E+3
8.337208E+2	2.948184E+3
8.339677E+2	2.929381E+3
8.342146E+2	2.910250E+3
8.344614E+2	2.891244E+3
8.347082E+2	2.873507E+3
8.349551E+2	2.856457E+3
8.352019E+2	2.839731E+3
8.354487E+2	2.824616E+3
8.356955E+2	2.809222E+3
8.359423E+2	2.793583E+3
8.361891E+2	2.778873E+3
8.364359E+2	2.764900E+3
8.366826E+2	2.751283E+3
8.369294E+2	2.737955E+3
8.371761E+2	2.725490E+3
8.374229E+2	2.713381E+3
8.376696E+2	2.702119E+3
8.379163E+2	2.690031E+3
8.381630E+2	2.678086E+3
8.384097E+2	2.666649E+3
8.386564E+2	2.656496E+3
8.389031E+2	2.645709E+3
8.391498E+2	2.635190E+3
8.393965E+2	2.624862E+3
8.396431E+2	2.615179E+3
8.398898E+2	2.604971E+3
8.401364E+2	2.595545E+3
8.403830E+2	2.586441E+3
8.406297E+2	2.576676E+3
8.408763E+2	2.566802E+3
8.411229E+2	2.556048E+3
8.413695E+2	2.545474E+3
8.416161E+2	2.535365E+3
8.418626E+2	2.525774E+3
8.421092E+2	2.515386E+3
8.423558E+2	2.505572E+3
8.426023E+2	2.496059E+3
8.428489E+2	2.485906E+3
8.430954E+2	2.476512E+3
8.433419E+2	2.467370E+3
8.435884E+2	2.458184E+3
8.438349E+2	2.448851E+3
8.440814E+2	2.439321E+3
8.443279E+2	2.429523E+3
8.445744E+2	2.419731E+3
8.448208E+2	2.411119E+3
8.450673E+2	2.402414E+3
8.453138E+2	2.393753E+3
8.455602E+2	2.384982E+3
8.458066E+2	2.376851E+3
8.460530E+2	2.368288E+3
8.462995E+2	2.360228E+3
8.465459E+2	2.351993E+3
8.467923E+2	2.343845E+3
8.470386E+2	2.335370E+3
8.472850E+2	2.327873E+3
8.475314E+2	2.319851E+3
8.477777E+2	2.312288E+3
8.480241E+2	2.304922E+3
8.482704E+2	2.296627E+3
8.485168E+2	2.288998E+3
8.487631E+2	2.281397E+3
8.490094E+2	2.273392E+3
8.492557E+2	2.266632E+3
8.495020E+2	2.259709E+3
8.497483E+2	2.252151E+3
8.499946E+2	2.244676E+3
8.502408E+2	2.237441E+3
8.504871E+2	2.229889E+3
8.507333E+2	2.222594E+3
8.509796E+2	2.215069E+3
8.512258E+2	2.207681E+3
8.514720E+2	2.200359E+3
8.517182E+2	2.192654E+3
8.519644E+2	2.185392E+3
8.522106E+2	2.177769E+3
8.524568E+2	2.171102E+3
8.527030E+2	2.163288E+3
8.529492E+2	2.156037E+3
8.531953E+2	2.148856E+3
8.534415E+2	2.141332E+3
8.536876E+2	2.133753E+3
8.539337E+2	2.125862E+3
8.541799E+2	2.118528E+3
8.544260E+2	2.111332E+3
8.546721E+2	2.103889E+3
8.549182E+2	2.096550E+3
8.551643E+2	2.089173E+3
8.554103E+2	2.081206E+3
8.556564E+2	2.073671E+3
8.559024E+2	2.065878E+3
8.561485E+2	2.058747E+3
8.563945E+2	2.051758E+3
8.566406E+2	2.045496E+3
8.568866E+2	2.038512E+3
8.571326E+2	2.032135E+3
8.573786E+2	2.025277E+3
8.576246E+2	2.018703E+3
8.578706E+2	2.011906E+3
8.581166E+2	2.005157E+3
8.583625E+2	1.998572E+3
8.586085E+2	1.991845E+3
8.588544E+2	1.984523E+3
8.591004E+2	1.978004E+3
8.593463E+2	1.971501E+3
8.595922E+2	1.965916E+3
8.598381E+2	1.959031E+3
8.600840E+2	1.952966E+3
8.603299E+2	1.947080E+3
8.605758E+2	1.940840E+3
8.608217E+2	1.933922E+3
8.610675E+2	1.927944E+3
8.613134E+2	1.921851E+3
8.615592E+2	1.916026E+3
8.618051E+2	1.909293E+3
8.620509E+2	1.902660E+3
8.622967E+2	1.895878E+3
8.625425E+2	1.889539E+3
8.627883E+2	1.882638E+3
8.630341E+2	1.875599E+3
8.632799E+2	1.869348E+3
8.635257E+2	1.863354E+3
8.637715E+2	1.856179E+3
8.640172E+2	1.849354E+3
8.642630E+2	1.842031E+3
8.645087E+2	1.834753E+3
8.647544E+2	1.827485E+3
8.650001E+2	1.820709E+3
8.652459E+2	1.813485E+3
8.654916E+2	1.806419E+3
8.657372E+2	1.799386E+3
8.659829E+2	1.792589E+3
8.662286E+2	1.786097E+3
8.664743E+2	1.779037E+3
8.667199E+2	1.772627E+3
8.669656E+2	1.765507E+3
8.672112E+2	1.758933E+3
8.674568E+2	1.752239E+3
8.677024E+2	1.745971E+3
8.679481E+2	1.739507E+3
8.681937E+2	1.732878E+3
8.684392E+2	1.725955E+3
8.686848E+2	1.719272E+3
8.689304E+2	1.713151E+3
8.691760E+2	1.706638E+3
8.694215E+2	1.700507E+3
8.696671E+2	1.693763E+3
8.699126E+2	1.687512E+3
8.701581E+2	1.681354E+3
8.704036E+2	1.674977E+3
8.706491E+2	1.668665E+3
8.708946E+2	1.662250E+3
8.711401E+2	1.656064E+3
8.713856E+2	1.650337E+3
8.716311E+2	1.643807E+3
8.718766E+2	1.637703E+3
8.721220E+2	1.631583E+3
8.723674E+2	1.625485E+3
8.726129E+2	1.619272E+3
8.728583E+2	1.613534E+3
8.731037E+2	1.607725E+3
8.733491E+2	1.601539E+3
8.735945E+2	1.595086E+3
8.738399E+2	1.589763E+3
8.740853E+2	1.584009E+3
8.743307E+2	1.578326E+3
8.745760E+2	1.572179E+3
8.748214E+2	1.566599E+3
8.750667E+2	1.560572E+3
8.753121E+2	1.553545E+3
8.755574E+2	1.546769E+3
8.758027E+2	1.541140E+3
8.760480E+2	1.535457E+3
8.762933E+2	1.528966E+3
8.765386E+2	1.522583E+3
8.767839E+2	1.516851E+3
8.770291E+2	1.511222E+3
8.772744E+2	1.505703E+3
8.775196E+2	1.500272E+3
8.777649E+2	1.494922E+3
8.780101E+2	1.489878E+3
8.782553E+2	1.484359E+3
8.785006E+2	1.478392E+3
8.787458E+2	1.472977E+3
8.789910E+2	1.467829E+3
8.792361E+2	1.463671E+3
8.794813E+2	1.459020E+3
8.797265E+2	1.454288E+3
8.799717E+2	1.449304E+3
8.802168E+2	1.444375E+3
8.804619E+2	1.439528E+3
8.807071E+2	1.434676E+3
8.809522E+2	1.429769E+3
8.811973E+2	1.423780E+3
8.814424E+2	1.419075E+3
8.816875E+2	1.414310E+3
8.819326E+2	1.409698E+3
8.821777E+2	1.405168E+3
8.824227E+2	1.400004E+3
8.826678E+2	1.395277E+3
8.829128E+2	1.390725E+3
8.831579E+2	1.386064E+3
8.834029E+2	1.382255E+3
8.836479E+2	1.377321E+3
8.838929E+2	1.373097E+3
8.841379E+2	1.369277E+3
8.843829E+2	1.364616E+3
8.846279E+2	1.360567E+3
8.848729E+2	1.356780E+3
8.851179E+2	1.352840E+3
8.853628E+2	1.348332E+3
8.856078E+2	1.343889E+3
8.858527E+2	1.339873E+3
8.860976E+2	1.335354E+3
8.863425E+2	1.330829E+3
8.865875E+2	1.326468E+3
8.868324E+2	1.321332E+3
8.870772E+2	1.316572E+3
8.873221E+2	1.312255E+3
8.875670E+2	1.307977E+3
8.878119E+2	1.303791E+3
8.880567E+2	1.299436E+3
8.883016E+2	1.295031E+3
8.885464E+2	1.291293E+3
8.887912E+2	1.287053E+3
8.890360E+2	1.282780E+3
8.892809E+2	1.278687E+3
8.895257E+2	1.273774E+3
8.897704E+2	1.269348E+3
8.900152E+2	1.265151E+3
8.902600E+2	1.261239E+3
8.905048E+2	1.257507E+3
8.907495E+2	1.253217E+3
8.909943E+2	1.248561E+3
8.912390E+2	1.244408E+3
8.914837E+2	1.240283E+3
8.917284E+2	1.236091E+3
8.919731E+2	1.231807E+3
8.922178E+2	1.227496E+3
8.924625E+2	1.223173E+3
8.927072E+2	1.218720E+3
8.929519E+2	1.214463E+3
8.931965E+2	1.210419E+3
8.934412E+2	1.206446E+3
8.936858E+2	1.202638E+3
8.939305E+2	1.198293E+3
8.941751E+2	1.193632E+3
8.944197E+2	1.189354E+3
8.946643E+2	1.185337E+3
8.949089E+2	1.181425E+3
8.951535E+2	1.177518E+3
8.953981E+2	1.172971E+3
8.956426E+2	1.168610E+3
8.958872E+2	1.164310E+3
8.961317E+2	1.160332E+3
8.963763E+2	1.156255E+3
8.966208E+2	1.151687E+3
8.968653E+2	1.147441E+3
8.971098E+2	1.143048E+3
8.973543E+2	1.138971E+3
8.975988E+2	1.134649E+3
8.978433E+2	1.130436E+3
8.980878E+2	1.126080E+3
8.983323E+2	1.122135E+3
8.985767E+2	1.118069E+3
8.988212E+2	1.113507E+3
8.990656E+2	1.109261E+3
8.993100E+2	1.105452E+3
8.995545E+2	1.101026E+3
8.997989E+2	1.096228E+3
9.000433E+2	1.091545E+3
9.002877E+2	1.087222E+3
9.005320E+2	1.082993E+3
9.007764E+2	1.079053E+3
9.010208E+2	1.075020E+3
9.012651E+2	1.070802E+3
9.015095E+2	1.066594E+3
9.017538E+2	1.062578E+3
9.019981E+2	1.058632E+3
9.022425E+2	1.054938E+3
9.024868E+2	1.050889E+3
9.027311E+2	1.046731E+3
9.029754E+2	1.042195E+3
9.032196E+2	1.038130E+3
9.034639E+2	1.033873E+3
9.037082E+2	1.029337E+3
9.039524E+2	1.025037E+3
9.041967E+2	1.020616E+3
9.044409E+2	1.017080E+3
9.046851E+2	1.013873E+3
9.049293E+2	1.010403E+3
9.051736E+2	1.006375E+3
9.054177E+2	1.002709E+3
9.056619E+2	9.988181E+2
9.059061E+2	9.946651E+2
9.061503E+2	9.907197E+2
9.063944E+2	9.868782E+2
9.066386E+2	9.827306E+2
9.068827E+2	9.789274E+2
9.071269E+2	9.752443E+2
9.073710E+2	9.708126E+2
9.076151E+2	9.667962E+2
9.078592E+2	9.629656E+2
9.081033E+2	9.588017E+2
9.083474E+2	9.549602E+2
9.085915E+2	9.507744E+2
9.088355E+2	9.468673E+2
9.090796E+2	9.427470E+2
9.093236E+2	9.388071E+2
9.095677E+2	9.345394E+2
9.098117E+2	9.300257E+2
9.100557E+2	9.256541E+2
9.102997E+2	9.216924E+2
9.105437E+2	9.177525E+2
9.107877E+2	9.139765E+2
9.110317E+2	9.103263E+2
9.112757E+2	9.061459E+2
9.115197E+2	9.025011E+2
9.117636E+2	8.986268E+2
9.120076E+2	8.946869E+2
9.122515E+2	8.901678E+2
9.124954E+2	8.862170E+2
9.127393E+2	8.822607E+2
9.129832E+2	8.786651E+2
9.132271E+2	8.746596E+2
9.134710E+2	8.710585E+2
9.137149E+2	8.671022E+2
9.139588E+2	8.626541E+2
9.142026E+2	8.582716E+2
9.144465E+2	8.540421E+2
9.146903E+2	8.495667E+2
9.149342E+2	8.452552E+2
9.151780E+2	8.413864E+2
9.154218E+2	8.377525E+2
9.156656E+2	8.332662E+2
9.159094E+2	8.294520E+2
9.161532E+2	8.255121E+2
9.163970E+2	8.218345E+2
9.166408E+2	8.180421E+2
9.168845E+2	8.143536E+2
9.171283E+2	8.102279E+2
9.173720E+2	8.058673E+2
9.176157E+2	8.019984E+2
9.178595E+2	7.982935E+2
9.181032E+2	7.944465E+2
9.183469E+2	7.902170E+2
9.185906E+2	7.867142E+2
9.188343E+2	7.828782E+2
9.190779E+2	7.790749E+2
9.193216E+2	7.748946E+2
9.195653E+2	7.703591E+2
9.198089E+2	7.655230E+2
9.200525E+2	7.614738E+2
9.202962E+2	7.572662E+2
9.205398E+2	7.533481E+2
9.207834E+2	7.497689E+2
9.210270E+2	7.459219E+2
9.212706E+2	7.422935E+2
9.215142E+2	7.385011E+2
9.217577E+2	7.345503E+2
9.220013E+2	7.300640E+2
9.222449E+2	7.257744E+2
9.224884E+2	7.219328E+2
9.227319E+2	7.176596E+2
9.229755E+2	7.135940E+2
9.232190E+2	7.090093E+2
9.234625E+2	7.050312E+2
9.237060E+2	7.008946E+2
9.239495E+2	6.969984E+2
9.241930E+2	6.922662E+2
9.244364E+2	6.877361E+2
9.246799E+2	6.838345E+2
9.249233E+2	6.797252E+2
9.251668E+2	6.755066E+2
9.254102E+2	6.708946E+2
9.256536E+2	6.668181E+2
9.258971E+2	6.627197E+2
9.261405E+2	6.586377E+2
9.263839E+2	6.543263E+2
9.266272E+2	6.498454E+2
9.268706E+2	6.455995E+2
9.271140E+2	6.414465E+2
9.273573E+2	6.365011E+2
9.276007E+2	6.318509E+2
9.278440E+2	6.270804E+2
9.280874E+2	6.223536E+2
9.283307E+2	6.176869E+2
9.285740E+2	6.130858E+2
9.288173E+2	6.085066E+2
9.290606E+2	6.036377E+2
9.293039E+2	5.988618E+2
9.295471E+2	5.942552E+2
9.297904E+2	5.898727E+2
9.300337E+2	5.847689E+2
9.302769E+2	5.793645E+2
9.305201E+2	5.744082E+2
9.307634E+2	5.691569E+2
9.310066E+2	5.637306E+2
9.312498E+2	5.582498E+2
9.314930E+2	5.530312E+2
9.317362E+2	5.475667E+2
9.319794E+2	5.418126E+2
9.322225E+2	5.366541E+2
9.324657E+2	5.311569E+2
9.327088E+2	5.254738E+2
9.329520E+2	5.194738E+2
9.331951E+2	5.142279E+2
9.334382E+2	5.087252E+2
9.336814E+2	5.029000E+2
9.339245E+2	4.971296E+2
9.341676E+2	4.915722E+2
9.344106E+2	4.862170E+2
9.346537E+2	4.808618E+2
9.348968E+2	4.753536E+2
9.351398E+2	4.699492E+2
9.353829E+2	4.642006E+2
9.356259E+2	4.584902E+2
9.358690E+2	4.531132E+2
9.361120E+2	4.471296E+2
9.363550E+2	4.416869E+2
9.365980E+2	4.365558E+2
9.368410E+2	4.314793E+2
9.370840E+2	4.270858E+2
9.373269E+2	4.219438E+2
9.375699E+2	4.167361E+2
9.378129E+2	4.116596E+2
9.380558E+2	4.068399E+2
9.382987E+2	4.015667E+2
9.385417E+2	3.967142E+2
9.387846E+2	3.918673E+2
9.390275E+2	3.878126E+2
9.392704E+2	3.837908E+2
9.395133E+2	3.795394E+2
9.397562E+2	3.752224E+2
9.399990E+2	3.710257E+2
9.402419E+2	3.671132E+2
9.404847E+2	3.629383E+2
9.407276E+2	3.588727E+2
9.409704E+2	3.549055E+2
9.412132E+2	3.507416E+2
9.414560E+2	3.474192E+2
9.416988E+2	3.435285E+2
9.419416E+2	3.401623E+2
9.421844E+2	3.369820E+2
9.424272E+2	3.336432E+2
9.426700E+2	3.302716E+2
9.429127E+2	3.269984E+2
9.431555E+2	3.241296E+2
9.433982E+2	3.214082E+2
9.436409E+2	3.187962E+2
9.438837E+2	3.164738E+2
9.441264E+2	3.142224E+2
9.443691E+2	3.120858E+2
9.446118E+2	3.095940E+2
9.448544E+2	3.078836E+2
9.450971E+2	3.059274E+2
9.453398E+2	3.043481E+2
9.455824E+2	3.026432E+2
9.458251E+2	3.013263E+2
9.460677E+2	3.003973E+2
9.463103E+2	2.995175E+2
9.465530E+2	2.979383E+2
9.467956E+2	2.968563E+2
9.470382E+2	2.956050E+2
9.472807E+2	2.947306E+2
9.475233E+2	2.940476E+2
9.477659E+2	2.941022E+2
9.480084E+2	2.933317E+2
9.482510E+2	2.925175E+2
9.484935E+2	2.927416E+2
9.487361E+2	2.926869E+2
9.489786E+2	2.933481E+2
9.492211E+2	2.932061E+2
9.494636E+2	2.931350E+2
9.497061E+2	2.927908E+2
9.499486E+2	2.921951E+2
9.501911E+2	2.925558E+2
9.504335E+2	2.924410E+2
9.506760E+2	2.923153E+2
9.509184E+2	2.926869E+2
9.511609E+2	2.927470E+2
9.514033E+2	2.925776E+2
9.516457E+2	2.928017E+2
9.518881E+2	2.925940E+2
9.521305E+2	2.925995E+2
9.523729E+2	2.932006E+2
9.526153E+2	2.936323E+2
9.528576E+2	2.936050E+2
9.531000E+2	2.939602E+2
9.533424E+2	2.941350E+2
9.535847E+2	2.939656E+2
9.538270E+2	2.940093E+2
9.540694E+2	2.939765E+2
9.543117E+2	2.936596E+2
9.545540E+2	2.935940E+2
9.547963E+2	2.936979E+2
9.550386E+2	2.937744E+2
9.552808E+2	2.938563E+2
9.555231E+2	2.935011E+2
9.557654E+2	2.930093E+2
9.560076E+2	2.928782E+2
9.562498E+2	2.923700E+2
9.564921E+2	2.922115E+2
9.567343E+2	2.918509E+2
9.569765E+2	2.914847E+2
9.572187E+2	2.913317E+2
9.574609E+2	2.913317E+2
9.577031E+2	2.912498E+2
9.579452E+2	2.909328E+2
9.581874E+2	2.905886E+2
9.584296E+2	2.902170E+2
9.586717E+2	2.897197E+2
9.589138E+2	2.891787E+2
9.591560E+2	2.887142E+2
9.593981E+2	2.884520E+2
9.596402E+2	2.879383E+2
9.598823E+2	2.876541E+2
9.601244E+2	2.868345E+2
9.603664E+2	2.865886E+2
9.606085E+2	2.856377E+2
9.608506E+2	2.844847E+2
9.610926E+2	2.833864E+2
9.613347E+2	2.833536E+2
9.615767E+2	2.828017E+2
9.618187E+2	2.825886E+2
9.620607E+2	2.816869E+2
9.623027E+2	2.811787E+2
9.625447E+2	2.801186E+2
9.627867E+2	2.791842E+2
9.630287E+2	2.784629E+2
9.632706E+2	2.770421E+2
9.635126E+2	2.758946E+2
9.637545E+2	2.743372E+2
9.639965E+2	2.735285E+2
9.642384E+2	2.724356E+2
9.644803E+2	2.716487E+2
9.647222E+2	2.708126E+2
9.649641E+2	2.692388E+2
9.652060E+2	2.687361E+2
9.654479E+2	2.678071E+2
9.656897E+2	2.665776E+2
9.659316E+2	2.653973E+2
9.661734E+2	2.640039E+2
9.664153E+2	2.627744E+2
9.666571E+2	2.617361E+2
9.668989E+2	2.614137E+2
9.671408E+2	2.604192E+2
9.673826E+2	2.593591E+2
9.676243E+2	2.587470E+2
9.678661E+2	2.577689E+2
9.681079E+2	2.569492E+2
9.683497E+2	2.558235E+2
9.685914E+2	2.543973E+2
9.688332E+2	2.533317E+2
9.690749E+2	2.522170E+2
9.693166E+2	2.511733E+2
9.695583E+2	2.499711E+2
9.698001E+2	2.487689E+2
9.700417E+2	2.472552E+2
9.702834E+2	2.459929E+2
9.705251E+2	2.450421E+2
9.707668E+2	2.442061E+2
9.710084E+2	2.430312E+2
9.712501E+2	2.418290E+2
9.714917E+2	2.406815E+2
9.717334E+2	2.399875E+2
9.719750E+2	2.391132E+2
9.722166E+2	2.378563E+2
9.724582E+2	2.368290E+2
9.726998E+2	2.355995E+2
9.729414E+2	2.343973E+2
9.731830E+2	2.328891E+2
9.734245E+2	2.316541E+2
9.736661E+2	2.304246E+2
9.739076E+2	2.294574E+2
9.741492E+2	2.278563E+2
9.743907E+2	2.262880E+2
9.746322E+2	2.246596E+2
9.748737E+2	2.233700E+2
9.751152E+2	2.222552E+2
9.753567E+2	2.211077E+2
9.755982E+2	2.201241E+2
9.758396E+2	2.188727E+2
9.760811E+2	2.173317E+2
9.763226E+2	2.162716E+2
9.765640E+2	2.149219E+2
9.768054E+2	2.135394E+2
9.770468E+2	2.118454E+2
9.772883E+2	2.106104E+2
9.775297E+2	2.097853E+2
9.777711E+2	2.088509E+2
9.780124E+2	2.077470E+2
9.782538E+2	2.067580E+2
9.784952E+2	2.053591E+2
9.787365E+2	2.037798E+2
9.789779E+2	2.027252E+2
9.792192E+2	2.017088E+2
9.794605E+2	2.008181E+2
9.797019E+2	1.999055E+2
9.799432E+2	1.983099E+2
9.801845E+2	1.970640E+2
9.804257E+2	1.960913E+2
9.806670E+2	1.952716E+2
9.809083E+2	1.944847E+2
9.811496E+2	1.939055E+2
9.813908E+2	1.926760E+2
9.816320E+2	1.909164E+2
9.818733E+2	1.893755E+2
9.821145E+2	1.880367E+2
9.823557E+2	1.868509E+2
9.825969E+2	1.856924E+2
9.828381E+2	1.844683E+2
9.830793E+2	1.837525E+2
9.833205E+2	1.826760E+2
9.835616E+2	1.816323E+2
9.838028E+2	1.802880E+2
9.840439E+2	1.793591E+2
9.842851E+2	1.782989E+2
9.845262E+2	1.769929E+2
9.847673E+2	1.762388E+2
9.850084E+2	1.755503E+2
9.852495E+2	1.748782E+2
9.854906E+2	1.737580E+2
9.857317E+2	1.727252E+2
9.859727E+2	1.718181E+2
9.862138E+2	1.709438E+2
9.864549E+2	1.699820E+2
9.866959E+2	1.686760E+2
9.869369E+2	1.676104E+2
9.871779E+2	1.665121E+2
9.874190E+2	1.656323E+2
9.876600E+2	1.646541E+2
9.879010E+2	1.643263E+2
9.881419E+2	1.635230E+2
9.883829E+2	1.631022E+2
9.886239E+2	1.616541E+2
9.888648E+2	1.611897E+2
9.891058E+2	1.610148E+2
9.893467E+2	1.607142E+2
9.895876E+2	1.601733E+2
9.898285E+2	1.591569E+2
9.900695E+2	1.587361E+2
9.903104E+2	1.579164E+2
9.905512E+2	1.574246E+2
9.907921E+2	1.566487E+2
9.910330E+2	1.560148E+2
9.912738E+2	1.554574E+2
9.915147E+2	1.552170E+2
9.917555E+2	1.548836E+2
9.919964E+2	1.546214E+2
9.922372E+2	1.538126E+2
9.924780E+2	1.529984E+2
9.927188E+2	1.523153E+2
9.929596E+2	1.517416E+2
9.932004E+2	1.509274E+2
9.934411E+2	1.499875E+2
9.936819E+2	1.490421E+2
9.939227E+2	1.482498E+2
9.941634E+2	1.478563E+2
9.944041E+2	1.475121E+2
9.946449E+2	1.472006E+2
9.948856E+2	1.467088E+2
9.951263E+2	1.456815E+2
9.953670E+2	1.449383E+2
9.956077E+2	1.446869E+2
9.958483E+2	1.438509E+2
9.960890E+2	1.432607E+2
9.963297E+2	1.425776E+2
9.965703E+2	1.419274E+2
9.968109E+2	1.415394E+2
9.970516E+2	1.406104E+2
9.972922E+2	1.398946E+2
9.975328E+2	1.391132E+2
9.977734E+2	1.380530E+2
9.980140E+2	1.373973E+2
9.982546E+2	1.364793E+2
9.984951E+2	1.363263E+2
9.987357E+2	1.353208E+2
9.989763E+2	1.348071E+2
9.992168E+2	1.341514E+2
9.994573E+2	1.332334E+2
9.996978E+2	1.322662E+2
9.999384E+2	1.310749E+2
1.000179E+3	1.299110E+2
1.000419E+3	1.291569E+2
1.000660E+3	1.283208E+2
1.000900E+3	1.276596E+2
1.001141E+3	1.266651E+2
1.001381E+3	1.261678E+2
1.001622E+3	1.253099E+2
1.001862E+3	1.245667E+2
1.002103E+3	1.235995E+2
1.002343E+3	1.227306E+2
1.002583E+3	1.217689E+2
1.002824E+3	1.210257E+2
1.003064E+3	1.202006E+2
1.003305E+3	1.197962E+2
1.003545E+3	1.187416E+2
1.003785E+3	1.175612E+2
1.004026E+3	1.165886E+2
1.004266E+3	1.158946E+2
1.004506E+3	1.152716E+2
1.004747E+3	1.142826E+2
1.004987E+3	1.133536E+2
1.005227E+3	1.124028E+2
1.005468E+3	1.113645E+2
1.005708E+3	1.103099E+2
1.005948E+3	1.094246E+2
1.006188E+3	1.084465E+2
1.006429E+3	1.079875E+2
1.006669E+3	1.069164E+2
1.006909E+3	1.062771E+2
1.007149E+3	1.055066E+2
1.007390E+3	1.050476E+2
1.007630E+3	1.040585E+2
1.007870E+3	1.033700E+2
1.008110E+3	1.029711E+2
1.008350E+3	1.026487E+2
1.008590E+3	1.021077E+2
1.008831E+3	1.010530E+2
1.009071E+3	1.000804E+2
1.009311E+3	9.909130E+1
1.009551E+3	9.799840E+1
1.009791E+3	9.739185E+1
1.010031E+3	9.673064E+1
1.010271E+3	9.575797E+1
1.010511E+3	9.484540E+1
1.010752E+3	9.446835E+1
1.010992E+3	9.388911E+1
1.011232E+3	9.369239E+1
1.011472E+3	9.271425E+1
1.011712E+3	9.194922E+1
1.011952E+3	9.118420E+1
1.012192E+3	9.058310E+1
1.012432E+3	8.993283E+1
1.012672E+3	8.917327E+1
1.012912E+3	8.888911E+1
1.013152E+3	8.799294E+1
1.013392E+3	8.738638E+1
1.013632E+3	8.650660E+1
1.013872E+3	8.626070E+1
1.014112E+3	8.580168E+1
1.014352E+3	8.557764E+1
1.014591E+3	8.529348E+1
1.014831E+3	8.482900E+1
1.015071E+3	8.432627E+1
1.015311E+3	8.366507E+1
1.015551E+3	8.293829E+1
1.015791E+3	8.243010E+1
1.016031E+3	8.199294E+1
1.016271E+3	8.189458E+1
1.016511E+3	8.127709E+1
1.016750E+3	8.091097E+1
1.016990E+3	8.026616E+1
1.017230E+3	7.948474E+1
1.017470E+3	7.894376E+1
1.017710E+3	7.828256E+1
1.017949E+3	7.780715E+1
1.018189E+3	7.732081E+1
1.018429E+3	7.677982E+1
1.018669E+3	7.626616E+1
1.018908E+3	7.563228E+1
1.019148E+3	7.477982E+1
1.019388E+3	7.414048E+1
1.019628E+3	7.396562E+1
1.019867E+3	7.353392E+1
1.020107E+3	7.341917E+1
1.020347E+3	7.259950E+1
1.020586E+3	7.158310E+1
1.020826E+3	7.105305E+1
1.021066E+3	7.005305E+1
1.021305E+3	6.951206E+1
1.021545E+3	6.940824E+1
1.021785E+3	6.886179E+1
1.022024E+3	6.838638E+1
1.022264E+3	6.796562E+1
1.022504E+3	6.755578E+1
1.022743E+3	6.693283E+1
1.022983E+3	6.658310E+1
1.023222E+3	6.577982E+1
1.023462E+3	6.527163E+1
1.023702E+3	6.445195E+1
1.023941E+3	6.408037E+1
1.024181E+3	6.416780E+1
1.024420E+3	6.361589E+1
1.024660E+3	6.309676E+1
1.024899E+3	6.229348E+1
1.025139E+3	6.193829E+1
1.025378E+3	6.112955E+1
1.025618E+3	6.071425E+1
1.025857E+3	5.982900E+1
1.026097E+3	5.920059E+1
1.026336E+3	5.883993E+1
1.026575E+3	5.862135E+1
1.026815E+3	5.809676E+1
1.027054E+3	5.774157E+1
1.027294E+3	5.741917E+1
1.027533E+3	5.657764E+1
1.027773E+3	5.629895E+1
1.028012E+3	5.619512E+1
1.028251E+3	5.581261E+1
1.028491E+3	5.532081E+1
1.028730E+3	5.488911E+1
1.028969E+3	5.438638E+1
1.029209E+3	5.391644E+1
1.029448E+3	5.370879E+1
1.029687E+3	5.374157E+1
1.029927E+3	5.322245E+1
1.030166E+3	5.282900E+1
1.030405E+3	5.241917E+1
1.030645E+3	5.141370E+1
1.030884E+3	5.064321E+1
1.031123E+3	5.019512E+1
1.031362E+3	4.953939E+1
1.031602E+3	4.951753E+1
1.031841E+3	4.914594E+1
1.032080E+3	4.889458E+1
1.032319E+3	4.829895E+1
1.032558E+3	4.780168E+1
1.032798E+3	4.762682E+1
1.033037E+3	4.739185E+1
1.033276E+3	4.701480E+1
1.033515E+3	4.657217E+1
1.033754E+3	4.624977E+1
1.033993E+3	4.582354E+1
1.034233E+3	4.529348E+1
1.034472E+3	4.480715E+1
1.034711E+3	4.452846E+1
1.034950E+3	4.446835E+1
1.035189E+3	4.421698E+1
1.035428E+3	4.366507E+1
1.035667E+3	4.313501E+1
1.035906E+3	4.288365E+1
1.036145E+3	4.236999E+1
1.036384E+3	4.203665E+1
1.036623E+3	4.156124E+1
1.036862E+3	4.131534E+1
1.037101E+3	4.073611E+1
1.037340E+3	4.037545E+1
1.037579E+3	3.972518E+1
1.037818E+3	3.936999E+1
1.038057E+3	3.894376E+1
1.038296E+3	3.892190E+1
1.038535E+3	3.859950E+1
1.038774E+3	3.819512E+1
1.039013E+3	3.793829E+1
1.039252E+3	3.736999E+1
1.039491E+3	3.735359E+1
1.039730E+3	3.720059E+1
1.039969E+3	3.728256E+1
1.040208E+3	3.659950E+1
1.040447E+3	3.624430E+1
1.040685E+3	3.624977E+1
1.040924E+3	3.608583E+1
1.041163E+3	3.562682E+1
1.041402E+3	3.503119E+1
1.041641E+3	3.494922E+1
1.041880E+3	3.475250E+1
1.042118E+3	3.465414E+1
1.042357E+3	3.402573E+1
1.042596E+3	3.355032E+1
1.042835E+3	3.333174E+1
1.043074E+3	3.275250E+1
1.043312E+3	3.210223E+1
1.043551E+3	3.176343E+1
1.043790E+3	3.178529E+1
1.044029E+3	3.156671E+1
1.044267E+3	3.076889E+1
1.044506E+3	3.064868E+1
1.044745E+3	3.044103E+1
1.044983E+3	3.044103E+1
1.045222E+3	3.058857E+1
1.045461E+3	3.050113E+1
1.045699E+3	3.011316E+1
1.045938E+3	3.009130E+1
1.046177E+3	2.942463E+1
1.046415E+3	2.904212E+1
1.046654E+3	2.830988E+1
1.046893E+3	2.823338E+1
1.047131E+3	2.802026E+1
1.047370E+3	2.791097E+1
1.047608E+3	2.756124E+1
1.047847E+3	2.728256E+1
1.048086E+3	2.715141E+1
1.048324E+3	2.724430E+1
1.048563E+3	2.720605E+1
1.048801E+3	2.692736E+1
1.049040E+3	2.647381E+1
1.049278E+3	2.582900E+1
1.049517E+3	2.552846E+1
1.049755E+3	2.555578E+1
1.049994E+3	2.531534E+1
1.050232E+3	2.544103E+1
1.050471E+3	2.500933E+1
1.050709E+3	2.442463E+1
1.050948E+3	2.438638E+1
1.051186E+3	2.446835E+1
1.051424E+3	2.409676E+1
1.051663E+3	2.394922E+1
1.051901E+3	2.338638E+1
1.052140E+3	2.325523E+1
1.052378E+3	2.344103E+1
1.052616E+3	2.320059E+1
1.052855E+3	2.304758E+1
1.053093E+3	2.305851E+1
1.053332E+3	2.253392E+1
1.053570E+3	2.262682E+1
1.053808E+3	2.277982E+1
1.054047E+3	2.282900E+1
1.054285E+3	2.258857E+1
1.054523E+3	2.220605E+1
1.054761E+3	2.236999E+1
1.055000E+3	2.216234E+1
1.055238E+3	2.185086E+1
1.055476E+3	2.153392E+1
1.055715E+3	2.136452E+1
1.055953E+3	2.133174E+1
1.056191E+3	2.087272E+1
1.056429E+3	2.091644E+1
1.056667E+3	2.081807E+1
1.056906E+3	2.100933E+1
1.057144E+3	2.065414E+1
1.057382E+3	2.031534E+1
1.057620E+3	2.046835E+1
1.057858E+3	2.050113E+1
1.058097E+3	2.041370E+1
1.058335E+3	1.972518E+1
1.058573E+3	1.967600E+1
1.058811E+3	1.988911E+1
1.059049E+3	2.033720E+1
1.059287E+3	2.011862E+1
1.059525E+3	1.957217E+1
1.059763E+3	1.933720E+1
1.060001E+3	1.906398E+1
1.060239E+3	1.897654E+1
1.060478E+3	1.851206E+1
1.060716E+3	1.850113E+1
1.060954E+3	1.867053E+1
1.061192E+3	1.914594E+1
1.061430E+3	1.880715E+1
1.061668E+3	1.836999E+1
1.061906E+3	1.785633E+1
1.062144E+3	1.779622E+1
1.062382E+3	1.749567E+1
1.062620E+3	1.715687E+1
1.062858E+3	1.634266E+1
1.063096E+3	1.596015E+1
1.063333E+3	1.581261E+1
1.063571E+3	1.590551E+1
1.063809E+3	1.587818E+1
1.064047E+3	1.571971E+1
1.064285E+3	1.568693E+1
1.064523E+3	1.565960E+1
1.064761E+3	1.569786E+1
1.064999E+3	1.559950E+1
1.065237E+3	1.561589E+1
1.065474E+3	1.560496E+1
1.065712E+3	1.501480E+1
1.065950E+3	1.455578E+1
1.066188E+3	1.475250E+1
1.066426E+3	1.511316E+1
1.066664E+3	1.465960E+1
1.066901E+3	1.424977E+1
1.067139E+3	1.423884E+1
1.067377E+3	1.417873E+1
1.067615E+3	1.397108E+1
1.067852E+3	1.398747E+1
1.068090E+3	1.335906E+1
1.068328E+3	1.302026E+1
1.068566E+3	1.246835E+1
1.068803E+3	1.199294E+1
1.069041E+3	1.163228E+1
1.069279E+3	1.149021E+1
1.069516E+3	1.152846E+1
1.069754E+3	1.123884E+1
1.069992E+3	1.099840E+1
1.070229E+3	1.072518E+1
1.070467E+3	1.082900E+1
1.070705E+3	1.093283E+1
1.070942E+3	1.057764E+1
1.071180E+3	1.030441E+1
1.071418E+3	9.927364E+0
1.071655E+3	9.829004E+0
1.071893E+3	9.648676E+0
1.072130E+3	9.512064E+0
1.072368E+3	9.665069E+0
1.072605E+3	9.468348E+0
1.072843E+3	9.610425E+0
1.073081E+3	9.282556E+0
1.073318E+3	9.216982E+0
1.073556E+3	8.599496E+0
1.073793E+3	8.353594E+0
1.074031E+3	8.599496E+0
1.074268E+3	8.430097E+0
1.074506E+3	8.686927E+0
1.074743E+3	8.845397E+0
1.074981E+3	9.014796E+0
1.075218E+3	9.397310E+0
1.075455E+3	9.227911E+0
1.075693E+3	8.900042E+0
1.075930E+3	8.916435E+0
1.076168E+3	9.085834E+0
1.076405E+3	9.309878E+0
1.076642E+3	9.189660E+0
1.076880E+3	9.446490E+0
1.077117E+3	9.260698E+0
1.077355E+3	9.555780E+0
1.077592E+3	9.889113E+0
1.077829E+3	9.900042E+0
1.078067E+3	1.019512E+1
1.078304E+3	1.042463E+1
1.078541E+3	1.086179E+1
1.078779E+3	1.069239E+1
1.079016E+3	1.091644E+1
1.079253E+3	1.086726E+1
1.079490E+3	1.052299E+1
1.079728E+3	1.051206E+1
1.079965E+3	1.000933E+1
1.080202E+3	1.003665E+1
1.080439E+3	1.024430E+1
1.080677E+3	1.027709E+1
1.080914E+3	1.046835E+1
1.081151E+3	1.071971E+1
1.081388E+3	1.085086E+1
1.081625E+3	1.092736E+1
1.081863E+3	1.061589E+1
1.082100E+3	1.045195E+1
1.082337E+3	1.024430E+1
1.082574E+3	1.078529E+1
1.082811E+3	1.097108E+1
1.083048E+3	1.089458E+1
1.083285E+3	1.057217E+1
1.083522E+3	1.038092E+1
1.083760E+3	1.038638E+1
1.083997E+3	1.016234E+1
1.084234E+3	1.027163E+1
1.084471E+3	1.050660E+1
1.084708E+3	1.086726E+1
1.084945E+3	1.099294E+1
1.085182E+3	1.071425E+1
1.085419E+3	1.085633E+1
1.085656E+3	1.109676E+1
1.085893E+3	1.138092E+1
1.086130E+3	1.190551E+1
1.086367E+3	1.225523E+1
1.086604E+3	1.230988E+1
1.086841E+3	1.224977E+1
1.087078E+3	1.208583E+1
1.087315E+3	1.212955E+1
1.087552E+3	1.215141E+1
1.087789E+3	1.197108E+1
1.088026E+3	1.156124E+1
1.088262E+3	1.153392E+1
1.088499E+3	1.165414E+1
1.088736E+3	1.167053E+1
1.088973E+3	1.132081E+1
1.089210E+3	1.151206E+1
1.089447E+3	1.149567E+1
1.089684E+3	1.108037E+1
1.089921E+3	1.095469E+1
1.090157E+3	1.124977E+1
1.090394E+3	1.109130E+1
1.090631E+3	1.132627E+1
1.090868E+3	1.128256E+1
1.091105E+3	1.112955E+1
1.091341E+3	1.109130E+1
1.091578E+3	1.136999E+1
1.091815E+3	1.116234E+1
1.092052E+3	1.128802E+1
1.092288E+3	1.134266E+1
1.092525E+3	1.106398E+1
1.092762E+3	1.057217E+1
1.092999E+3	1.012955E+1
1.093235E+3	1.004758E+1
1.093472E+3	9.785288E+0
1.093709E+3	9.473813E+0
1.093945E+3	9.752501E+0
1.094182E+3	9.785288E+0
1.094419E+3	9.987474E+0
1.094655E+3	9.823539E+0
1.094892E+3	9.954687E+0
1.095128E+3	9.741572E+0
1.095365E+3	9.413703E+0
1.095602E+3	9.369987E+0
1.095838E+3	9.145944E+0
1.096075E+3	8.960151E+0
1.096311E+3	8.965616E+0
1.096548E+3	8.725179E+0
1.096784E+3	8.714250E+0
1.097021E+3	8.654140E+0
1.097258E+3	8.555780E+0
1.097494E+3	8.659605E+0
1.097731E+3	9.069441E+0
1.097967E+3	9.227911E+0
1.098204E+3	9.211517E+0
1.098440E+3	9.178731E+0
1.098677E+3	9.408239E+0
1.098913E+3	9.266162E+0
1.099149E+3	8.949222E+0
1.099386E+3	8.604960E+0
1.099622E+3	8.768894E+0
1.099859E+3	8.435561E+0
1.100095E+3	8.118621E+0
1.100332E+3	8.003867E+0
1.100568E+3	7.768894E+0
1.100804E+3	7.703321E+0
1.101041E+3	7.555780E+0
1.101277E+3	7.501135E+0
1.101513E+3	7.610425E+0
1.101750E+3	7.752501E+0
1.101986E+3	8.271627E+0
1.102222E+3	8.375452E+0
1.102459E+3	8.938293E+0
1.102695E+3	9.375452E+0
1.102931E+3	8.987474E+0
1.103168E+3	9.124086E+0
1.103404E+3	9.397310E+0
1.103640E+3	9.063976E+0
1.103876E+3	8.960151E+0
1.104113E+3	9.402774E+0
1.104349E+3	9.451955E+0
1.104585E+3	9.424632E+0
1.104821E+3	9.484741E+0
1.105057E+3	9.151408E+0
1.105294E+3	9.058512E+0
1.105530E+3	9.266162E+0
1.105766E+3	9.380916E+0
1.106002E+3	9.309878E+0
1.106238E+3	9.829004E+0
1.106474E+3	9.943758E+0
1.106711E+3	9.943758E+0
1.106947E+3	9.812610E+0
1.107183E+3	9.757966E+0
1.107419E+3	9.818075E+0
1.107655E+3	9.648676E+0
1.107891E+3	9.850862E+0
1.108127E+3	1.077436E+1
1.108363E+3	5.774359E+0
1.108599E+3	1.077436E+1
1.108835E+3	2.444103E+1
1.109071E+3	3.610769E+1
1.109307E+3	1.877436E+1
1.109543E+3	1.944103E+1
1.109779E+3	2.477436E+1
1.110015E+3	5.774359E+0
1.110251E+3	1.277436E+1
1.110487E+3	1.944103E+1
1.110723E+3	2.774359E+0
1.110959E+3	3.107692E+0
1.111195E+3	3.510769E+1
1.111431E+3	9.441026E+0
1.111667E+3	2.277436E+1
1.111903E+3	-5.589744E-1
1.112139E+3	-1.558974E+0
1.112375E+3	7.774359E+0
1.112611E+3	1.077436E+1
1.112847E+3	2.477436E+1
1.113082E+3	7.107692E+0
1.113318E+3	2.477436E+1
1.113554E+3	2.710769E+1
1.113790E+3	1.377436E+1
1.114026E+3	-2.256410E-1
1.114262E+3	-9.225641E+0
1.114497E+3	8.774359E+0
1.114733E+3	-3.225641E+0
1.114969E+3	1.577436E+1
