1.951292E+2	0.000000E+0
1.953960E+2	0.000000E+0
1.956629E+2	0.000000E+0
1.959298E+2	0.000000E+0
1.961966E+2	0.000000E+0
1.964635E+2	0.000000E+0
1.967303E+2	0.000000E+0
1.969972E+2	0.000000E+0
1.972640E+2	0.000000E+0
1.975308E+2	0.000000E+0
1.977977E+2	0.000000E+0
1.980645E+2	0.000000E+0
1.983313E+2	0.000000E+0
1.985981E+2	0.000000E+0
1.988649E+2	0.000000E+0
1.991316E+2	0.000000E+0
1.993984E+2	0.000000E+0
1.996652E+2	0.000000E+0
1.999320E+2	0.000000E+0
2.001987E+2	0.000000E+0
2.004655E+2	0.000000E+0
2.007322E+2	0.000000E+0
2.009989E+2	0.000000E+0
2.012657E+2	0.000000E+0
2.015324E+2	0.000000E+0
2.017991E+2	0.000000E+0
2.020658E+2	0.000000E+0
2.023325E+2	0.000000E+0
2.025992E+2	0.000000E+0
2.028659E+2	0.000000E+0
2.031326E+2	0.000000E+0
2.033992E+2	0.000000E+0
2.036659E+2	0.000000E+0
2.039325E+2	0.000000E+0
2.041992E+2	0.000000E+0
2.044658E+2	0.000000E+0
2.047325E+2	0.000000E+0
2.049991E+2	0.000000E+0
2.052657E+2	0.000000E+0
2.055323E+2	0.000000E+0
2.057989E+2	0.000000E+0
2.060655E+2	0.000000E+0
2.063321E+2	0.000000E+0
2.065987E+2	0.000000E+0
2.068653E+2	0.000000E+0
2.071319E+2	0.000000E+0
2.073984E+2	0.000000E+0
2.076650E+2	0.000000E+0
2.079315E+2	0.000000E+0
2.081981E+2	0.000000E+0
2.084646E+2	0.000000E+0
2.087311E+2	0.000000E+0
2.089977E+2	0.000000E+0
2.092642E+2	0.000000E+0
2.095307E+2	0.000000E+0
2.097972E+2	0.000000E+0
2.100637E+2	0.000000E+0
2.103302E+2	0.000000E+0
2.105966E+2	0.000000E+0
2.108631E+2	0.000000E+0
2.111296E+2	0.000000E+0
2.113960E+2	0.000000E+0
2.116625E+2	0.000000E+0
2.119289E+2	0.000000E+0
2.121954E+2	0.000000E+0
2.124618E+2	0.000000E+0
2.127282E+2	0.000000E+0
2.129946E+2	0.000000E+0
2.132610E+2	0.000000E+0
2.135274E+2	0.000000E+0
2.137938E+2	0.000000E+0
2.140602E+2	0.000000E+0
2.143266E+2	0.000000E+0
2.145930E+2	0.000000E+0
2.148593E+2	0.000000E+0
2.151257E+2	0.000000E+0
2.153920E+2	0.000000E+0
2.156584E+2	0.000000E+0
2.159247E+2	0.000000E+0
2.161910E+2	0.000000E+0
2.164574E+2	0.000000E+0
2.167237E+2	0.000000E+0
2.169900E+2	0.000000E+0
2.172563E+2	0.000000E+0
2.175226E+2	0.000000E+0
2.177889E+2	0.000000E+0
2.180551E+2	0.000000E+0
2.183214E+2	0.000000E+0
2.185877E+2	0.000000E+0
2.188539E+2	0.000000E+0
2.191202E+2	0.000000E+0
2.193864E+2	0.000000E+0
2.196527E+2	0.000000E+0
2.199189E+2	0.000000E+0
2.201851E+2	0.000000E+0
2.204513E+2	0.000000E+0
2.207175E+2	0.000000E+0
2.209837E+2	0.000000E+0
2.212499E+2	0.000000E+0
2.215161E+2	0.000000E+0
2.217823E+2	0.000000E+0
2.220485E+2	0.000000E+0
2.223146E+2	0.000000E+0
2.225808E+2	0.000000E+0
2.228469E+2	0.000000E+0
2.231131E+2	0.000000E+0
2.233792E+2	0.000000E+0
2.236453E+2	0.000000E+0
2.239115E+2	0.000000E+0
2.241776E+2	0.000000E+0
2.244437E+2	0.000000E+0
2.247098E+2	0.000000E+0
2.249759E+2	0.000000E+0
2.252420E+2	0.000000E+0
2.255080E+2	0.000000E+0
2.257741E+2	0.000000E+0
2.260402E+2	0.000000E+0
2.263062E+2	0.000000E+0
2.265723E+2	0.000000E+0
2.268383E+2	0.000000E+0
2.271044E+2	0.000000E+0
2.273704E+2	0.000000E+0
2.276364E+2	0.000000E+0
2.279024E+2	0.000000E+0
2.281684E+2	0.000000E+0
2.284344E+2	0.000000E+0
2.287004E+2	0.000000E+0
2.289664E+2	0.000000E+0
2.292324E+2	0.000000E+0
2.294984E+2	0.000000E+0
2.297643E+2	0.000000E+0
2.300303E+2	0.000000E+0
2.302962E+2	0.000000E+0
2.305622E+2	0.000000E+0
2.308281E+2	0.000000E+0
2.310940E+2	0.000000E+0
2.313599E+2	0.000000E+0
2.316259E+2	0.000000E+0
2.318918E+2	0.000000E+0
2.321577E+2	0.000000E+0
2.324236E+2	0.000000E+0
2.326894E+2	0.000000E+0
2.329553E+2	0.000000E+0
2.332212E+2	0.000000E+0
2.334871E+2	0.000000E+0
2.337529E+2	0.000000E+0
2.340188E+2	0.000000E+0
2.342846E+2	0.000000E+0
2.345504E+2	0.000000E+0
2.348163E+2	0.000000E+0
2.350821E+2	0.000000E+0
2.353479E+2	0.000000E+0
2.356137E+2	0.000000E+0
2.358795E+2	0.000000E+0
2.361453E+2	0.000000E+0
2.364111E+2	0.000000E+0
2.366769E+2	0.000000E+0
2.369426E+2	0.000000E+0
2.372084E+2	0.000000E+0
2.374741E+2	0.000000E+0
2.377399E+2	0.000000E+0
2.380056E+2	0.000000E+0
2.382714E+2	0.000000E+0
2.385371E+2	0.000000E+0
2.388028E+2	0.000000E+0
2.390685E+2	0.000000E+0
2.393342E+2	0.000000E+0
2.395999E+2	0.000000E+0
2.398656E+2	0.000000E+0
2.401313E+2	0.000000E+0
2.403970E+2	0.000000E+0
2.406626E+2	0.000000E+0
2.409283E+2	0.000000E+0
2.411940E+2	0.000000E+0
2.414596E+2	0.000000E+0
2.417252E+2	0.000000E+0
2.419909E+2	0.000000E+0
2.422565E+2	0.000000E+0
2.425221E+2	0.000000E+0
2.427877E+2	0.000000E+0
2.430533E+2	0.000000E+0
2.433189E+2	0.000000E+0
2.435845E+2	0.000000E+0
2.438501E+2	0.000000E+0
2.441157E+2	0.000000E+0
2.443812E+2	0.000000E+0
2.446468E+2	0.000000E+0
2.449124E+2	0.000000E+0
2.451779E+2	0.000000E+0
2.454434E+2	0.000000E+0
2.457090E+2	0.000000E+0
2.459745E+2	0.000000E+0
2.462400E+2	0.000000E+0
2.465055E+2	0.000000E+0
2.467710E+2	0.000000E+0
2.470365E+2	0.000000E+0
2.473020E+2	0.000000E+0
2.475675E+2	0.000000E+0
2.478330E+2	0.000000E+0
2.480984E+2	0.000000E+0
2.483639E+2	0.000000E+0
2.486294E+2	0.000000E+0
2.488948E+2	0.000000E+0
2.491602E+2	0.000000E+0
2.494257E+2	0.000000E+0
2.496911E+2	0.000000E+0
2.499565E+2	0.000000E+0
2.502219E+2	1.165386E+1
2.504873E+2	1.165386E+1
2.507527E+2	1.122763E+1
2.510181E+2	1.118391E+1
2.512835E+2	1.136971E+1
2.515489E+2	1.131506E+1
2.518142E+2	1.101998E+1
2.520796E+2	1.151178E+1
2.523449E+2	1.192162E+1
2.526103E+2	1.203637E+1
2.528756E+2	1.160468E+1
2.531409E+2	1.114566E+1
2.534063E+2	1.101998E+1
2.536716E+2	1.182872E+1
2.539369E+2	1.195987E+1
2.542022E+2	1.221124E+1
2.544675E+2	1.199812E+1
2.547328E+2	1.211834E+1
2.549980E+2	1.240796E+1
2.552633E+2	1.208555E+1
2.555286E+2	1.173036E+1
2.557938E+2	1.177954E+1
2.560591E+2	1.218391E+1
2.563243E+2	1.230960E+1
2.565896E+2	1.221124E+1
2.568548E+2	1.255550E+1
2.571200E+2	1.259922E+1
2.573852E+2	1.267572E+1
2.576504E+2	1.279047E+1
2.579156E+2	1.264840E+1
2.581808E+2	1.277408E+1
2.584460E+2	1.310195E+1
2.587112E+2	1.324402E+1
2.589763E+2	1.292708E+1
2.592415E+2	1.269211E+1
2.595067E+2	1.257736E+1
2.597718E+2	1.263200E+1
2.600369E+2	1.301452E+1
2.603021E+2	1.323310E+1
2.605672E+2	1.340796E+1
2.608323E+2	1.348446E+1
2.610974E+2	1.303091E+1
2.613625E+2	1.295987E+1
2.616276E+2	1.292708E+1
2.618927E+2	1.294894E+1
2.621578E+2	1.305277E+1
2.624229E+2	1.282872E+1
2.626880E+2	1.318391E+1
2.629530E+2	1.320577E+1
2.632181E+2	1.287790E+1
2.634831E+2	1.236424E+1
2.637482E+2	1.235331E+1
2.640132E+2	1.241342E+1
2.642782E+2	1.266479E+1
2.645432E+2	1.250632E+1
2.648082E+2	1.294894E+1
2.650732E+2	1.277954E+1
2.653382E+2	1.273583E+1
2.656032E+2	1.248993E+1
2.658682E+2	1.255004E+1
2.661332E+2	1.283419E+1
2.663981E+2	1.289430E+1
2.666631E+2	1.252271E+1
2.669281E+2	1.258282E+1
2.671930E+2	1.244075E+1
2.674579E+2	1.189976E+1
2.677229E+2	1.222217E+1
2.679878E+2	1.239703E+1
2.682527E+2	1.197080E+1
2.685176E+2	1.146260E+1
2.687825E+2	1.117299E+1
2.690474E+2	1.142982E+1
2.693123E+2	1.132053E+1
2.695772E+2	1.120031E+1
2.698420E+2	1.083965E+1
2.701069E+2	1.050085E+1
2.703718E+2	1.038610E+1
2.706366E+2	1.046807E+1
2.709014E+2	1.022763E+1
2.711663E+2	1.003091E+1
2.714311E+2	1.019484E+1
2.716959E+2	1.051725E+1
2.719607E+2	1.055004E+1
2.722255E+2	1.022763E+1
2.724903E+2	1.020577E+1
2.727551E+2	1.034238E+1
2.730199E+2	1.018938E+1
2.732847E+2	1.014020E+1
2.735495E+2	1.012927E+1
2.738142E+2	1.020031E+1
2.740790E+2	1.054457E+1
2.743437E+2	1.040796E+1
2.746085E+2	1.027135E+1
2.748732E+2	1.012927E+1
2.751379E+2	1.027135E+1
2.754026E+2	1.041342E+1
2.756674E+2	1.025495E+1
2.759321E+2	1.022763E+1
2.761968E+2	9.664789E+0
2.764614E+2	9.577357E+0
2.767261E+2	9.817795E+0
2.769908E+2	9.528177E+0
2.772555E+2	9.566428E+0
2.775201E+2	9.648396E+0
2.777848E+2	9.894297E+0
2.780494E+2	9.927084E+0
2.783141E+2	9.856046E+0
2.785787E+2	1.023856E+1
2.788433E+2	1.017845E+1
2.791079E+2	9.877904E+0
2.793725E+2	9.468068E+0
2.796371E+2	9.604680E+0
2.799017E+2	9.194844E+0
2.801663E+2	8.894297E+0
2.804309E+2	8.539106E+0
2.806955E+2	8.320527E+0
2.809600E+2	7.861510E+0
2.812246E+2	8.162057E+0
2.814891E+2	8.227631E+0
2.817537E+2	8.304133E+0
2.820182E+2	8.222166E+0
2.822827E+2	7.932549E+0
2.825473E+2	7.790472E+0
2.828118E+2	7.692112E+0
2.830763E+2	7.626538E+0
2.833408E+2	7.407959E+0
2.836053E+2	7.872439E+0
2.838697E+2	7.670254E+0
2.841342E+2	7.342385E+0
2.843987E+2	7.342385E+0
2.846632E+2	7.473532E+0
2.849276E+2	7.932549E+0
2.851921E+2	8.025445E+0
2.854565E+2	8.211237E+0
2.857209E+2	8.309598E+0
2.859853E+2	8.036374E+0
2.862498E+2	8.019980E+0
2.865142E+2	7.845117E+0
2.867786E+2	8.118341E+0
2.870430E+2	8.058232E+0
2.873074E+2	7.752221E+0
2.875717E+2	7.500855E+0
2.878361E+2	7.233095E+0
2.881005E+2	7.298669E+0
2.883648E+2	7.336920E+0
2.886292E+2	7.134734E+0
2.888935E+2	7.189379E+0
2.891579E+2	7.282275E+0
2.894222E+2	7.271347E+0
2.896865E+2	7.550035E+0
2.899508E+2	7.599215E+0
2.902151E+2	7.397030E+0
2.904794E+2	7.402494E+0
2.907437E+2	7.610144E+0
2.910080E+2	7.703040E+0
2.912723E+2	7.861510E+0
2.915366E+2	8.123806E+0
2.918008E+2	8.397030E+0
2.920651E+2	8.544571E+0
2.923293E+2	9.091019E+0
2.925936E+2	9.140199E+0
2.928578E+2	8.675718E+0
2.931220E+2	8.626538E+0
2.933863E+2	8.571893E+0
2.936505E+2	8.861510E+0
2.939147E+2	9.063696E+0
2.941789E+2	8.866975E+0
2.944431E+2	9.091019E+0
2.947072E+2	9.331456E+0
2.949714E+2	9.276811E+0
2.952356E+2	9.424352E+0
2.954997E+2	9.938013E+0
2.957639E+2	9.741292E+0
2.960280E+2	1.017299E+1
2.962922E+2	1.042435E+1
2.965563E+2	1.020577E+1
2.968204E+2	9.801401E+0
2.970845E+2	9.577357E+0
2.973486E+2	9.222166E+0
2.976127E+2	8.970800E+0
2.978768E+2	8.987193E+0
2.981409E+2	9.205773E+0
2.984050E+2	9.047303E+0
2.986691E+2	9.407959E+0
2.989331E+2	9.533642E+0
2.991972E+2	9.642931E+0
2.994612E+2	9.659325E+0
2.997253E+2	9.440745E+0
2.999893E+2	9.834188E+0
3.002534E+2	1.024949E+1
3.005174E+2	1.016752E+1
3.007814E+2	1.008555E+1
3.010454E+2	1.000905E+1
3.013094E+2	9.927084E+0
3.015734E+2	1.002544E+1
3.018374E+2	1.029320E+1
3.021013E+2	1.026588E+1
3.023653E+2	1.036971E+1
3.026293E+2	1.040249E+1
3.028932E+2	1.021124E+1
3.031572E+2	1.038610E+1
3.034211E+2	1.056643E+1
3.036850E+2	1.073036E+1
3.039489E+2	1.105277E+1
3.042129E+2	1.113473E+1
3.044768E+2	1.143528E+1
3.047407E+2	1.147900E+1
3.050046E+2	1.133146E+1
3.052685E+2	1.133692E+1
3.055323E+2	1.150632E+1
3.057962E+2	1.127681E+1
3.060601E+2	1.134785E+1
3.063239E+2	1.120577E+1
3.065878E+2	1.129320E+1
3.068516E+2	1.101452E+1
3.071155E+2	1.109102E+1
3.073793E+2	1.094348E+1
3.076431E+2	1.073036E+1
3.079069E+2	1.069758E+1
3.081707E+2	1.091069E+1
3.084345E+2	1.095987E+1
3.086983E+2	1.074676E+1
3.089621E+2	1.075222E+1
3.092259E+2	1.075222E+1
3.094896E+2	1.110741E+1
3.097534E+2	1.082326E+1
3.100171E+2	1.070304E+1
3.102809E+2	1.050632E+1
3.105446E+2	1.052818E+1
3.108084E+2	1.056643E+1
3.110721E+2	1.064840E+1
3.113358E+2	1.082872E+1
3.115995E+2	1.076861E+1
3.118632E+2	1.079594E+1
3.121269E+2	1.086697E+1
3.123906E+2	1.075769E+1
3.126543E+2	1.094348E+1
3.129179E+2	1.120577E+1
3.131816E+2	1.153364E+1
3.134453E+2	1.186151E+1
3.137089E+2	1.198173E+1
3.139725E+2	1.200905E+1
3.142362E+2	1.171397E+1
3.144998E+2	1.155004E+1
3.147634E+2	1.110741E+1
3.150270E+2	1.140249E+1
3.152906E+2	1.162107E+1
3.155542E+2	1.214020E+1
3.158178E+2	1.230413E+1
3.160814E+2	1.192708E+1
3.163450E+2	1.185605E+1
3.166086E+2	1.200359E+1
3.168721E+2	1.225495E+1
3.171357E+2	1.214566E+1
3.173992E+2	1.203091E+1
3.176627E+2	1.178501E+1
3.179263E+2	1.158282E+1
3.181898E+2	1.185058E+1
3.184533E+2	1.188883E+1
3.187168E+2	1.241342E+1
3.189803E+2	1.241342E+1
3.192438E+2	1.215659E+1
3.195073E+2	1.246260E+1
3.197708E+2	1.305823E+1
3.200342E+2	1.292708E+1
3.202977E+2	1.315659E+1
3.205612E+2	1.332599E+1
3.208246E+2	1.374129E+1
3.210881E+2	1.432053E+1
3.213515E+2	1.467025E+1
3.216149E+2	1.476861E+1
3.218783E+2	1.477408E+1
3.221417E+2	1.484512E+1
3.224051E+2	1.487790E+1
3.226685E+2	1.462107E+1
3.229319E+2	1.458282E+1
3.231953E+2	1.447353E+1
3.234587E+2	1.444075E+1
3.237221E+2	1.430413E+1
3.239854E+2	1.447353E+1
3.242488E+2	1.451725E+1
3.245121E+2	1.396534E+1
3.247754E+2	1.400359E+1
3.250388E+2	1.433146E+1
3.253021E+2	1.458829E+1
3.255654E+2	1.436424E+1
3.258287E+2	1.491616E+1
3.260920E+2	1.474676E+1
3.263553E+2	1.517299E+1
3.266186E+2	1.491069E+1
3.268819E+2	1.475222E+1
3.271451E+2	1.483419E+1
3.274084E+2	1.482872E+1
3.276717E+2	1.501452E+1
3.279349E+2	1.539157E+1
3.281981E+2	1.510195E+1
3.284614E+2	1.531506E+1
3.287246E+2	1.577408E+1
3.289878E+2	1.617845E+1
3.292510E+2	1.634785E+1
3.295142E+2	1.673583E+1
3.297774E+2	1.706916E+1
3.300406E+2	1.720031E+1
3.303038E+2	1.748993E+1
3.305670E+2	1.802544E+1
3.308301E+2	1.850085E+1
3.310933E+2	1.863200E+1
3.313564E+2	1.851178E+1
3.316196E+2	1.830960E+1
3.318827E+2	1.838064E+1
3.321458E+2	1.873036E+1
3.324089E+2	1.899812E+1
3.326721E+2	1.949539E+1
3.329352E+2	1.960468E+1
3.331983E+2	1.965386E+1
3.334614E+2	2.016206E+1
3.337244E+2	2.071397E+1
3.339875E+2	2.104184E+1
3.342506E+2	2.132053E+1
3.345136E+2	2.186151E+1
3.347767E+2	2.158829E+1
3.350397E+2	2.153911E+1
3.353028E+2	2.189430E+1
3.355658E+2	2.191616E+1
3.358288E+2	2.187244E+1
3.360918E+2	2.184512E+1
3.363548E+2	2.209102E+1
3.366178E+2	2.195441E+1
3.368808E+2	2.204730E+1
3.371438E+2	2.177954E+1
3.374068E+2	2.155550E+1
3.376698E+2	2.170304E+1
3.379327E+2	2.213473E+1
3.381957E+2	2.214020E+1
3.384586E+2	2.236424E+1
3.387216E+2	2.322217E+1
3.389845E+2	2.364840E+1
3.392474E+2	2.391069E+1
3.395103E+2	2.420031E+1
3.397733E+2	2.455004E+1
3.400362E+2	2.476861E+1
3.402990E+2	2.481779E+1
3.405619E+2	2.555550E+1
3.408248E+2	2.591616E+1
3.410877E+2	2.606916E+1
3.413506E+2	2.646260E+1
3.416134E+2	2.673583E+1
3.418763E+2	2.664293E+1
3.421391E+2	2.713473E+1
3.424019E+2	2.739703E+1
3.426648E+2	2.804184E+1
3.429276E+2	2.859375E+1
3.431904E+2	2.901998E+1
3.434532E+2	2.926042E+1
3.437160E+2	2.967572E+1
3.439788E+2	2.993255E+1
3.442416E+2	3.056096E+1
3.445043E+2	3.115659E+1
3.447671E+2	3.130413E+1
3.450299E+2	3.151725E+1
3.452926E+2	3.168118E+1
3.455554E+2	3.156096E+1
3.458181E+2	3.184512E+1
3.460808E+2	3.213473E+1
3.463436E+2	3.306370E+1
3.466063E+2	3.314566E+1
3.468690E+2	3.329320E+1
3.471317E+2	3.351725E+1
3.473944E+2	3.414020E+1
3.476570E+2	3.494894E+1
3.479197E+2	3.565386E+1
3.481824E+2	3.593801E+1
3.484451E+2	3.634785E+1
3.487077E+2	3.644075E+1
3.489704E+2	3.681233E+1
3.492330E+2	3.763200E+1
3.494956E+2	3.838064E+1
3.497582E+2	3.898173E+1
3.500209E+2	3.941342E+1
3.502835E+2	3.996534E+1
3.505461E+2	4.041342E+1
3.508087E+2	4.121670E+1
3.510713E+2	4.204184E+1
3.513338E+2	4.275222E+1
3.515964E+2	4.335878E+1
3.518590E+2	4.368665E+1
3.521215E+2	4.453364E+1
3.523841E+2	4.489430E+1
3.526466E+2	4.577954E+1
3.529091E+2	4.655550E+1
3.531717E+2	4.727681E+1
3.534342E+2	4.880140E+1
3.536967E+2	4.949539E+1
3.539592E+2	5.028774E+1
3.542217E+2	5.098173E+1
3.544842E+2	5.198173E+1
3.547467E+2	5.224402E+1
3.550091E+2	5.312927E+1
3.552716E+2	5.413473E+1
3.555341E+2	5.532599E+1
3.557965E+2	5.596534E+1
3.560590E+2	5.728228E+1
3.563214E+2	5.852818E+1
3.565838E+2	5.938610E+1
3.568462E+2	6.061561E+1
3.571086E+2	6.169758E+1
3.573711E+2	6.253911E+1
3.576335E+2	6.399812E+1
3.578958E+2	6.488337E+1
3.581582E+2	6.584512E+1
3.584206E+2	6.675222E+1
3.586830E+2	6.771397E+1
3.589453E+2	6.836971E+1
3.592077E+2	6.905277E+1
3.594700E+2	7.022217E+1
3.597324E+2	7.152271E+1
3.599947E+2	7.256096E+1
3.602570E+2	7.388337E+1
3.605193E+2	7.455550E+1
3.607816E+2	7.589430E+1
3.610439E+2	7.720031E+1
3.613062E+2	7.855004E+1
3.615685E+2	7.963200E+1
3.618308E+2	8.100905E+1
3.620930E+2	8.227681E+1
3.623553E+2	8.300359E+1
3.626176E+2	8.437517E+1
3.628798E+2	8.605823E+1
3.631420E+2	8.705277E+1
3.634043E+2	8.842435E+1
3.636665E+2	8.975222E+1
3.639287E+2	9.105277E+1
3.641909E+2	9.238064E+1
3.644531E+2	9.383965E+1
3.647153E+2	9.517845E+1
3.649775E+2	9.645714E+1
3.652397E+2	9.814020E+1
3.655018E+2	9.905277E+1
3.657640E+2	1.002550E+2
3.660262E+2	1.018560E+2
3.662883E+2	1.031183E+2
3.665505E+2	1.043642E+2
3.668126E+2	1.051183E+2
3.670747E+2	1.065227E+2
3.673368E+2	1.077631E+2
3.675989E+2	1.092932E+2
3.678610E+2	1.110582E+2
3.681231E+2	1.126265E+2
3.683852E+2	1.142659E+2
3.686473E+2	1.158123E+2
3.689094E+2	1.173041E+2
3.691714E+2	1.186375E+2
3.694335E+2	1.196812E+2
3.696955E+2	1.214626E+2
3.699576E+2	1.231566E+2
3.702196E+2	1.251019E+2
3.704816E+2	1.269325E+2
3.707437E+2	1.286866E+2
3.710057E+2	1.303205E+2
3.712677E+2	1.319599E+2
3.715297E+2	1.333260E+2
3.717917E+2	1.353041E+2
3.720536E+2	1.365555E+2
3.723156E+2	1.382495E+2
3.725776E+2	1.401675E+2
3.728395E+2	1.421566E+2
3.731015E+2	1.439981E+2
3.733634E+2	1.459216E+2
3.736254E+2	1.471621E+2
3.738873E+2	1.489708E+2
3.741492E+2	1.509981E+2
3.744111E+2	1.530965E+2
3.746730E+2	1.553151E+2
3.749349E+2	1.579708E+2
3.751968E+2	1.600582E+2
3.754587E+2	1.619380E+2
3.757206E+2	1.637085E+2
3.759824E+2	1.656593E+2
3.762443E+2	1.675828E+2
3.765061E+2	1.702276E+2
3.767680E+2	1.726320E+2
3.770298E+2	1.746211E+2
3.772916E+2	1.766156E+2
3.775535E+2	1.787905E+2
3.778153E+2	1.805555E+2
3.780771E+2	1.828178E+2
3.783389E+2	1.852659E+2
3.786007E+2	1.875391E+2
3.788624E+2	1.892222E+2
3.791242E+2	1.917522E+2
3.793860E+2	1.942440E+2
3.796477E+2	1.964735E+2
3.799095E+2	1.987741E+2
3.801712E+2	2.016047E+2
3.804330E+2	2.042659E+2
3.806947E+2	2.074189E+2
3.809564E+2	2.104790E+2
3.812181E+2	2.128506E+2
3.814798E+2	2.155446E+2
3.817415E+2	2.185446E+2
3.820032E+2	2.215009E+2
3.822649E+2	2.241019E+2
3.825266E+2	2.268287E+2
3.827883E+2	2.301457E+2
3.830499E+2	2.327795E+2
3.833116E+2	2.354134E+2
3.835732E+2	2.384189E+2
3.838348E+2	2.411402E+2
3.840965E+2	2.439599E+2
3.843581E+2	2.470200E+2
3.846197E+2	2.502495E+2
3.848813E+2	2.534298E+2
3.851429E+2	2.565774E+2
3.854045E+2	2.595828E+2
3.856661E+2	2.625664E+2
3.859277E+2	2.656921E+2
3.861892E+2	2.687249E+2
3.864508E+2	2.715664E+2
3.867124E+2	2.746047E+2
3.869739E+2	2.777085E+2
3.872354E+2	2.812222E+2
3.874970E+2	2.848451E+2
3.877585E+2	2.880637E+2
3.880200E+2	2.915391E+2
3.882815E+2	2.948943E+2
3.885430E+2	2.981511E+2
3.888045E+2	3.010091E+2
3.890660E+2	3.042932E+2
3.893275E+2	3.074517E+2
3.895889E+2	3.114845E+2
3.898504E+2	3.151894E+2
3.901118E+2	3.185391E+2
3.903733E+2	3.223588E+2
3.906347E+2	3.254462E+2
3.908962E+2	3.285500E+2
3.911576E+2	3.322331E+2
3.914190E+2	3.360418E+2
3.916804E+2	3.398069E+2
3.919418E+2	3.437413E+2
3.922032E+2	3.475118E+2
3.924646E+2	3.506921E+2
3.927260E+2	3.541347E+2
3.929873E+2	3.579162E+2
3.932487E+2	3.615992E+2
3.935100E+2	3.656047E+2
3.937714E+2	3.696648E+2
3.940327E+2	3.734954E+2
3.942941E+2	3.770309E+2
3.945554E+2	3.810036E+2
3.948167E+2	3.855336E+2
3.950780E+2	3.899653E+2
3.953393E+2	3.934954E+2
3.956006E+2	3.975118E+2
3.958619E+2	4.016757E+2
3.961232E+2	4.052550E+2
3.963844E+2	4.090036E+2
3.966457E+2	4.127304E+2
3.969069E+2	4.167577E+2
3.971682E+2	4.208560E+2
3.974294E+2	4.251511E+2
3.976907E+2	4.292222E+2
3.979519E+2	4.331566E+2
3.982131E+2	4.380582E+2
3.984743E+2	4.423806E+2
3.987355E+2	4.467686E+2
3.989967E+2	4.514735E+2
3.992579E+2	4.558670E+2
3.995191E+2	4.597468E+2
3.997802E+2	4.640582E+2
4.000414E+2	4.687304E+2
4.003025E+2	4.735009E+2
4.005637E+2	4.776921E+2
4.008248E+2	4.822604E+2
4.010860E+2	4.873697E+2
4.013471E+2	4.924080E+2
4.016082E+2	4.969927E+2
4.018693E+2	5.016156E+2
4.021304E+2	5.063861E+2
4.023915E+2	5.116156E+2
4.026526E+2	5.170582E+2
4.029137E+2	5.219817E+2
4.031747E+2	5.268397E+2
4.034358E+2	5.318560E+2
4.036968E+2	5.370582E+2
4.039579E+2	5.421948E+2
4.042189E+2	5.474954E+2
4.044800E+2	5.528724E+2
4.047410E+2	5.584134E+2
4.050020E+2	5.641566E+2
4.052630E+2	5.693752E+2
4.055240E+2	5.746921E+2
4.057850E+2	5.801238E+2
4.060460E+2	5.860856E+2
4.063070E+2	5.909708E+2
4.065679E+2	5.963970E+2
4.068289E+2	6.018451E+2
4.070898E+2	6.071566E+2
4.073508E+2	6.122550E+2
4.076117E+2	6.173205E+2
4.078727E+2	6.227085E+2
4.081336E+2	6.281621E+2
4.083945E+2	6.339981E+2
4.086554E+2	6.393642E+2
4.089163E+2	6.453260E+2
4.091772E+2	6.513151E+2
4.094381E+2	6.573806E+2
4.096990E+2	6.642222E+2
4.099598E+2	6.705063E+2
4.102207E+2	6.765446E+2
4.104815E+2	6.827085E+2
4.107424E+2	6.882550E+2
4.110032E+2	6.936484E+2
4.112640E+2	6.995719E+2
4.115249E+2	7.054845E+2
4.117857E+2	7.113861E+2
4.120465E+2	7.175282E+2
4.123073E+2	7.233041E+2
4.125681E+2	7.296757E+2
4.128289E+2	7.356976E+2
4.130896E+2	7.420200E+2
4.133504E+2	7.479872E+2
4.136112E+2	7.541566E+2
4.138719E+2	7.605992E+2
4.141327E+2	7.666375E+2
4.143934E+2	7.725282E+2
4.146541E+2	7.790309E+2
4.149149E+2	7.849544E+2
4.151756E+2	7.915555E+2
4.154363E+2	7.977194E+2
4.156970E+2	8.042550E+2
4.159577E+2	8.109216E+2
4.162184E+2	8.174790E+2
4.164790E+2	8.240145E+2
4.167397E+2	8.299107E+2
4.170004E+2	8.360309E+2
4.172610E+2	8.422440E+2
4.175217E+2	8.487249E+2
4.177823E+2	8.553151E+2
4.180429E+2	8.619489E+2
4.183035E+2	8.683205E+2
4.185642E+2	8.746812E+2
4.188248E+2	8.813315E+2
4.190854E+2	8.879708E+2
4.193459E+2	8.946101E+2
4.196065E+2	9.018014E+2
4.198671E+2	9.083916E+2
4.201277E+2	9.145227E+2
4.203882E+2	9.211457E+2
4.206488E+2	9.276593E+2
4.209093E+2	9.342003E+2
4.211699E+2	9.414080E+2
4.214304E+2	9.481238E+2
4.216909E+2	9.549544E+2
4.219514E+2	9.612987E+2
4.222119E+2	9.683752E+2
4.224724E+2	9.757249E+2
4.227329E+2	9.822550E+2
4.229934E+2	9.894899E+2
4.232539E+2	9.975883E+2
4.235143E+2	1.005441E+3
4.237748E+2	1.012348E+3
4.240352E+2	1.019692E+3
4.242957E+2	1.027151E+3
4.245561E+2	1.035348E+3
4.248166E+2	1.042698E+3
4.250770E+2	1.050195E+3
4.253374E+2	1.058031E+3
4.255978E+2	1.065474E+3
4.258582E+2	1.073266E+3
4.261186E+2	1.081299E+3
4.263790E+2	1.089260E+3
4.266393E+2	1.097583E+3
4.268997E+2	1.105938E+3
4.271600E+2	1.114643E+3
4.274204E+2	1.122326E+3
4.276807E+2	1.130566E+3
4.279411E+2	1.139036E+3
4.282014E+2	1.147894E+3
4.284617E+2	1.156157E+3
4.287220E+2	1.165381E+3
4.289823E+2	1.174206E+3
4.292426E+2	1.183107E+3
4.295029E+2	1.192015E+3
4.297632E+2	1.200676E+3
4.300235E+2	1.209189E+3
4.302837E+2	1.218648E+3
4.305440E+2	1.227200E+3
4.308042E+2	1.236878E+3
4.310645E+2	1.246501E+3
4.313247E+2	1.256124E+3
4.315849E+2	1.264681E+3
4.318451E+2	1.273594E+3
4.321054E+2	1.282610E+3
4.323656E+2	1.291517E+3
4.326258E+2	1.300938E+3
4.328859E+2	1.309479E+3
4.331461E+2	1.318780E+3
4.334063E+2	1.328189E+3
4.336665E+2	1.337091E+3
4.339266E+2	1.346381E+3
4.341868E+2	1.354965E+3
4.344469E+2	1.363632E+3
4.347070E+2	1.372424E+3
4.349671E+2	1.381681E+3
4.352273E+2	1.391495E+3
4.354874E+2	1.400495E+3
4.357475E+2	1.409452E+3
4.360076E+2	1.418359E+3
4.362677E+2	1.427659E+3
4.365277E+2	1.437457E+3
4.367878E+2	1.447233E+3
4.370479E+2	1.456157E+3
4.373079E+2	1.465233E+3
4.375680E+2	1.474709E+3
4.378280E+2	1.484774E+3
4.380880E+2	1.494616E+3
4.383480E+2	1.504228E+3
4.386081E+2	1.514408E+3
4.388681E+2	1.524484E+3
4.391281E+2	1.532801E+3
4.393881E+2	1.541446E+3
4.396480E+2	1.551271E+3
4.399080E+2	1.560698E+3
4.401680E+2	1.569758E+3
4.404279E+2	1.578703E+3
4.406879E+2	1.587703E+3
4.409478E+2	1.596829E+3
4.412078E+2	1.604960E+3
4.414677E+2	1.612872E+3
4.417276E+2	1.620588E+3
4.419875E+2	1.629670E+3
4.422474E+2	1.638064E+3
4.425073E+2	1.647375E+3
4.427672E+2	1.656954E+3
4.430271E+2	1.666277E+3
4.432870E+2	1.676178E+3
4.435469E+2	1.684796E+3
4.438067E+2	1.693206E+3
4.440666E+2	1.701993E+3
4.443264E+2	1.710113E+3
4.445862E+2	1.717555E+3
4.448461E+2	1.726249E+3
4.451059E+2	1.735304E+3
4.453657E+2	1.744047E+3
4.456255E+2	1.752086E+3
4.458853E+2	1.761162E+3
4.461451E+2	1.769446E+3
4.464049E+2	1.778692E+3
4.466646E+2	1.787124E+3
4.469244E+2	1.795878E+3
4.471842E+2	1.804342E+3
4.474439E+2	1.814135E+3
4.477036E+2	1.823829E+3
4.479634E+2	1.832523E+3
4.482231E+2	1.842353E+3
4.484828E+2	1.851812E+3
4.487425E+2	1.862408E+3
4.490022E+2	1.872069E+3
4.492619E+2	1.881337E+3
4.495216E+2	1.890260E+3
4.497813E+2	1.899375E+3
4.500410E+2	1.909752E+3
4.503006E+2	1.920113E+3
4.505603E+2	1.931228E+3
4.508199E+2	1.941605E+3
4.510796E+2	1.951233E+3
4.513392E+2	1.961621E+3
4.515988E+2	1.971889E+3
4.518584E+2	1.983534E+3
4.521180E+2	1.994260E+3
4.523776E+2	2.004943E+3
4.526372E+2	2.014337E+3
4.528968E+2	2.025162E+3
4.531564E+2	2.036938E+3
4.534160E+2	2.047692E+3
4.536755E+2	2.058670E+3
4.539351E+2	2.070736E+3
4.541946E+2	2.081413E+3
4.544541E+2	2.092763E+3
4.547137E+2	2.103900E+3
4.549732E+2	2.116075E+3
4.552327E+2	2.128173E+3
4.554922E+2	2.139474E+3
4.557517E+2	2.152053E+3
4.560112E+2	2.165239E+3
4.562707E+2	2.177900E+3
4.565302E+2	2.190392E+3
4.567896E+2	2.204681E+3
4.570491E+2	2.218774E+3
4.573085E+2	2.232337E+3
4.575680E+2	2.247277E+3
4.578274E+2	2.260987E+3
4.580868E+2	2.275118E+3
4.583463E+2	2.288747E+3
4.586057E+2	2.301435E+3
4.588651E+2	2.315195E+3
4.591245E+2	2.328916E+3
4.593838E+2	2.344009E+3
4.596432E+2	2.358927E+3
4.599026E+2	2.373687E+3
4.601620E+2	2.389763E+3
4.604213E+2	2.406506E+3
4.606807E+2	2.421484E+3
4.609400E+2	2.437168E+3
4.611993E+2	2.453479E+3
4.614587E+2	2.470277E+3
4.617180E+2	2.487812E+3
4.619773E+2	2.505124E+3
4.622366E+2	2.521627E+3
4.624959E+2	2.539867E+3
4.627552E+2	2.557129E+3
4.630144E+2	2.575512E+3
4.632737E+2	2.594168E+3
4.635330E+2	2.611069E+3
4.637922E+2	2.630129E+3
4.640515E+2	2.649086E+3
4.643107E+2	2.667610E+3
4.645699E+2	2.685648E+3
4.648292E+2	2.704900E+3
4.650884E+2	2.725484E+3
4.653476E+2	2.746954E+3
4.656068E+2	2.768577E+3
4.658660E+2	2.789949E+3
4.661251E+2	2.811151E+3
4.663843E+2	2.831654E+3
4.666435E+2	2.853588E+3
4.669026E+2	2.876780E+3
4.671618E+2	2.899091E+3
4.674209E+2	2.921987E+3
4.676801E+2	2.944648E+3
4.679392E+2	2.967736E+3
4.681983E+2	2.991539E+3
4.684574E+2	3.016998E+3
4.687165E+2	3.042288E+3
4.689756E+2	3.066364E+3
4.692347E+2	3.091949E+3
4.694938E+2	3.117009E+3
4.697529E+2	3.141446E+3
4.700119E+2	3.169386E+3
4.702710E+2	3.196867E+3
4.705300E+2	3.225080E+3
4.707891E+2	3.252741E+3
4.710481E+2	3.281402E+3
4.713071E+2	3.311490E+3
4.715661E+2	3.340566E+3
4.718252E+2	3.370069E+3
4.720842E+2	3.401228E+3
4.723431E+2	3.432714E+3
4.726021E+2	3.462889E+3
4.728611E+2	3.493605E+3
4.731201E+2	3.526916E+3
4.733790E+2	3.560304E+3
4.736380E+2	3.592501E+3
4.738969E+2	3.626976E+3
4.741559E+2	3.660430E+3
4.744148E+2	3.693998E+3
4.746737E+2	3.728692E+3
4.749326E+2	3.763605E+3
4.751915E+2	3.797834E+3
4.754504E+2	3.832397E+3
4.757093E+2	3.869659E+3
4.759682E+2	3.905621E+3
4.762271E+2	3.941588E+3
4.764859E+2	3.979419E+3
4.767448E+2	4.016413E+3
4.770037E+2	4.054217E+3
4.772625E+2	4.092676E+3
4.775213E+2	4.129113E+3
4.777802E+2	4.166993E+3
4.780390E+2	4.204643E+3
4.782978E+2	4.242523E+3
4.785566E+2	4.280993E+3
4.788154E+2	4.320698E+3
4.790742E+2	4.359654E+3
4.793329E+2	4.399463E+3
4.795917E+2	4.440397E+3
4.798505E+2	4.479627E+3
4.801092E+2	4.519785E+3
4.803680E+2	4.560184E+3
4.806267E+2	4.599632E+3
4.808854E+2	4.640277E+3
4.811442E+2	4.679534E+3
4.814029E+2	4.718741E+3
4.816616E+2	4.758709E+3
4.819203E+2	4.798905E+3
4.821790E+2	4.840501E+3
4.824377E+2	4.881113E+3
4.826963E+2	4.920971E+3
4.829550E+2	4.960927E+3
4.832137E+2	5.002883E+3
4.834723E+2	5.043501E+3
4.837310E+2	5.083610E+3
4.839896E+2	5.123135E+3
4.842482E+2	5.163435E+3
4.845068E+2	5.203490E+3
4.847655E+2	5.243730E+3
4.850241E+2	5.283539E+3
4.852827E+2	5.321736E+3
4.855412E+2	5.361698E+3
4.857998E+2	5.400637E+3
4.860584E+2	5.439566E+3
4.863170E+2	5.477446E+3
4.865755E+2	5.517321E+3
4.868341E+2	5.554818E+3
4.870926E+2	5.592222E+3
4.873511E+2	5.628818E+3
4.876097E+2	5.666315E+3
4.878682E+2	5.702042E+3
4.881267E+2	5.738872E+3
4.883852E+2	5.775331E+3
4.886437E+2	5.812856E+3
4.889022E+2	5.847239E+3
4.891606E+2	5.880736E+3
4.894191E+2	5.915474E+3
4.896776E+2	5.948463E+3
4.899360E+2	5.984091E+3
4.901945E+2	6.018851E+3
4.904529E+2	6.052146E+3
4.907113E+2	6.084801E+3
4.909697E+2	6.119594E+3
4.912282E+2	6.152665E+3
4.914866E+2	6.183774E+3
4.917450E+2	6.215457E+3
4.920034E+2	6.247758E+3
4.922617E+2	6.277905E+3
4.925201E+2	6.308889E+3
4.927785E+2	6.338310E+3
4.930368E+2	6.367823E+3
4.932952E+2	6.398971E+3
4.935535E+2	6.428905E+3
4.938118E+2	6.458823E+3
4.940702E+2	6.487408E+3
4.943285E+2	6.516741E+3
4.945868E+2	6.544151E+3
4.948451E+2	6.571933E+3
4.951034E+2	6.601064E+3
4.953617E+2	6.626004E+3
4.956200E+2	6.652916E+3
4.958782E+2	6.679419E+3
4.961365E+2	6.706654E+3
4.963947E+2	6.733173E+3
4.966530E+2	6.757577E+3
4.969112E+2	6.783670E+3
4.971694E+2	6.808517E+3
4.974277E+2	6.832801E+3
4.976859E+2	6.856845E+3
4.979441E+2	6.880501E+3
4.982023E+2	6.904446E+3
4.984605E+2	6.927681E+3
4.987187E+2	6.950741E+3
4.989768E+2	6.972353E+3
4.992350E+2	6.994911E+3
4.994931E+2	7.018555E+3
4.997513E+2	7.040900E+3
5.000094E+2	7.062036E+3
5.002676E+2	7.083659E+3
5.005257E+2	7.104512E+3
5.007838E+2	7.124807E+3
5.010419E+2	7.147550E+3
5.013000E+2	7.167851E+3
5.015581E+2	7.188047E+3
5.018162E+2	7.207610E+3
5.020743E+2	7.226741E+3
5.023323E+2	7.245938E+3
5.025904E+2	7.265769E+3
5.028485E+2	7.285643E+3
5.031065E+2	7.306140E+3
5.033645E+2	7.324736E+3
5.036226E+2	7.343430E+3
5.038806E+2	7.361146E+3
5.041386E+2	7.379189E+3
5.043966E+2	7.396539E+3
5.046546E+2	7.414807E+3
5.049126E+2	7.433889E+3
5.051706E+2	7.454780E+3
5.054285E+2	7.473599E+3
5.056865E+2	7.489025E+3
5.059445E+2	7.506397E+3
5.062024E+2	7.523971E+3
5.064604E+2	7.542211E+3
5.067183E+2	7.557780E+3
5.069762E+2	7.576184E+3
5.072341E+2	7.593260E+3
5.074920E+2	7.610468E+3
5.077499E+2	7.625337E+3
5.080078E+2	7.642370E+3
5.082657E+2	7.657933E+3
5.085236E+2	7.675217E+3
5.087815E+2	7.692189E+3
5.090393E+2	7.707878E+3
5.092972E+2	7.725080E+3
5.095550E+2	7.741851E+3
5.098129E+2	7.758960E+3
5.100707E+2	7.773845E+3
5.103285E+2	7.789709E+3
5.105863E+2	7.804233E+3
5.108441E+2	7.817785E+3
5.111019E+2	7.834851E+3
5.113597E+2	7.849282E+3
5.116175E+2	7.865129E+3
5.118753E+2	7.878758E+3
5.121330E+2	7.893872E+3
5.123908E+2	7.908632E+3
5.126485E+2	7.923807E+3
5.129063E+2	7.939747E+3
5.131640E+2	7.955528E+3
5.134217E+2	7.971118E+3
5.136794E+2	7.985801E+3
5.139371E+2	7.999370E+3
5.141948E+2	8.015069E+3
5.144525E+2	8.030654E+3
5.147102E+2	8.045725E+3
5.149679E+2	8.061293E+3
5.152256E+2	8.074927E+3
5.154832E+2	8.088692E+3
5.157409E+2	8.103889E+3
5.159985E+2	8.118807E+3
5.162562E+2	8.134370E+3
5.165138E+2	8.149774E+3
5.167714E+2	8.163856E+3
5.170290E+2	8.179299E+3
5.172866E+2	8.192719E+3
5.175442E+2	8.208304E+3
5.178018E+2	8.224304E+3
5.180594E+2	8.237545E+3
5.183170E+2	8.252140E+3
5.185745E+2	8.264583E+3
5.188321E+2	8.276075E+3
5.190896E+2	8.289484E+3
5.193472E+2	8.303911E+3
5.196047E+2	8.318053E+3
5.198622E+2	8.331561E+3
5.201197E+2	8.344807E+3
5.203772E+2	8.357834E+3
5.206347E+2	8.371424E+3
5.208922E+2	8.380342E+3
5.211497E+2	8.391971E+3
5.214072E+2	8.405572E+3
5.216646E+2	8.418829E+3
5.219221E+2	8.431140E+3
5.221795E+2	8.444359E+3
5.224370E+2	8.456703E+3
5.226944E+2	8.467036E+3
5.229519E+2	8.479392E+3
5.232093E+2	8.490157E+3
5.234667E+2	8.502867E+3
5.237241E+2	8.514430E+3
5.239815E+2	8.526424E+3
5.242389E+2	8.535692E+3
5.244962E+2	8.544135E+3
5.247536E+2	8.555031E+3
5.250110E+2	8.564293E+3
5.252683E+2	8.574020E+3
5.255257E+2	8.582321E+3
5.257830E+2	8.594780E+3
5.260403E+2	8.605878E+3
5.262977E+2	8.617096E+3
5.265550E+2	8.628118E+3
5.268123E+2	8.636610E+3
5.270696E+2	8.646643E+3
5.273269E+2	8.656080E+3
5.275841E+2	8.665943E+3
5.278414E+2	8.676577E+3
5.280987E+2	8.685801E+3
5.283559E+2	8.693780E+3
5.286132E+2	8.702643E+3
5.288704E+2	8.711965E+3
5.291276E+2	8.720747E+3
5.293849E+2	8.729326E+3
5.296421E+2	8.737430E+3
5.298993E+2	8.744386E+3
5.301565E+2	8.750960E+3
5.304137E+2	8.757244E+3
5.306709E+2	8.764523E+3
5.309280E+2	8.772949E+3
5.311852E+2	8.780862E+3
5.314424E+2	8.785927E+3
5.316995E+2	8.794140E+3
5.319567E+2	8.798916E+3
5.322138E+2	8.803960E+3
5.324709E+2	8.810621E+3
5.327280E+2	8.816042E+3
5.329852E+2	8.822659E+3
5.332423E+2	8.827856E+3
5.334994E+2	8.833271E+3
5.337564E+2	8.839124E+3
5.340135E+2	8.845036E+3
5.342706E+2	8.852217E+3
5.345276E+2	8.860627E+3
5.347847E+2	8.867266E+3
5.350417E+2	8.870889E+3
5.352988E+2	8.874692E+3
5.355558E+2	8.879408E+3
5.358128E+2	8.884004E+3
5.360698E+2	8.889594E+3
5.363269E+2	8.895107E+3
5.365839E+2	8.902637E+3
5.368408E+2	8.907933E+3
5.370978E+2	8.913086E+3
5.373548E+2	8.918463E+3
5.376118E+2	8.925069E+3
5.378687E+2	8.930266E+3
5.381257E+2	8.937381E+3
5.383826E+2	8.944080E+3
5.386395E+2	8.949233E+3
5.388965E+2	8.956621E+3
5.391534E+2	8.962490E+3
5.394103E+2	8.968823E+3
5.396672E+2	8.976249E+3
5.399241E+2	8.984222E+3
5.401810E+2	8.991883E+3
5.404378E+2	8.997233E+3
5.406947E+2	9.000736E+3
5.409516E+2	9.006397E+3
5.412084E+2	9.013080E+3
5.414653E+2	9.018178E+3
5.417221E+2	9.022315E+3
5.419789E+2	9.026566E+3
5.422357E+2	9.030430E+3
5.424925E+2	9.036550E+3
5.427493E+2	9.042545E+3
5.430061E+2	9.047419E+3
5.432629E+2	9.053714E+3
5.435197E+2	9.058479E+3
5.437765E+2	9.065479E+3
5.440332E+2	9.071763E+3
5.442900E+2	9.075441E+3
5.445467E+2	9.079217E+3
5.448035E+2	9.084474E+3
5.450602E+2	9.089588E+3
5.453169E+2	9.094348E+3
5.455736E+2	9.098900E+3
5.458303E+2	9.104698E+3
5.460870E+2	9.111288E+3
5.463437E+2	9.115769E+3
5.466004E+2	9.118998E+3
5.468571E+2	9.122594E+3
5.471137E+2	9.128031E+3
5.473704E+2	9.129370E+3
5.476270E+2	9.135282E+3
5.478837E+2	9.140495E+3
5.481403E+2	9.144326E+3
5.483969E+2	9.149517E+3
5.486535E+2	9.153681E+3
5.489101E+2	9.158222E+3
5.491667E+2	9.161135E+3
5.494233E+2	9.164774E+3
5.496799E+2	9.167244E+3
5.499365E+2	9.169244E+3
5.501931E+2	9.171228E+3
5.504496E+2	9.173922E+3
5.507062E+2	9.179818E+3
5.509627E+2	9.183244E+3
5.512192E+2	9.188468E+3
5.514758E+2	9.192206E+3
5.517323E+2	9.194933E+3
5.519888E+2	9.196211E+3
5.522453E+2	9.199435E+3
5.525018E+2	9.202648E+3
5.527583E+2	9.203823E+3
5.530147E+2	9.205266E+3
5.532712E+2	9.205129E+3
5.535277E+2	9.206386E+3
5.537841E+2	9.206228E+3
5.540406E+2	9.206801E+3
5.542970E+2	9.207627E+3
5.545534E+2	9.208681E+3
5.548098E+2	9.208796E+3
5.550663E+2	9.208293E+3
5.553227E+2	9.207206E+3
5.555791E+2	9.207255E+3
5.558354E+2	9.207195E+3
5.560918E+2	9.206922E+3
5.563482E+2	9.210135E+3
5.566046E+2	9.210987E+3
5.568609E+2	9.210545E+3
5.571173E+2	9.208528E+3
5.573736E+2	9.209195E+3
5.576299E+2	9.210168E+3
5.578862E+2	9.211091E+3
5.581426E+2	9.209025E+3
5.583989E+2	9.208479E+3
5.586552E+2	9.209277E+3
5.589114E+2	9.207064E+3
5.591677E+2	9.205643E+3
5.594240E+2	9.202725E+3
5.596803E+2	9.201413E+3
5.599365E+2	9.201364E+3
5.601928E+2	9.201758E+3
5.604490E+2	9.199408E+3
5.607052E+2	9.197730E+3
5.609614E+2	9.197195E+3
5.612177E+2	9.197086E+3
5.614739E+2	9.194818E+3
5.617301E+2	9.192545E+3
5.619863E+2	9.190162E+3
5.622424E+2	9.188670E+3
5.624986E+2	9.187206E+3
5.627548E+2	9.185774E+3
5.630109E+2	9.184020E+3
5.632671E+2	9.181698E+3
5.635232E+2	9.180293E+3
5.637794E+2	9.179632E+3
5.640355E+2	9.177506E+3
5.642916E+2	9.174206E+3
5.645477E+2	9.171168E+3
5.648038E+2	9.169107E+3
5.650599E+2	9.167009E+3
5.653160E+2	9.165648E+3
5.655721E+2	9.163659E+3
5.658281E+2	9.162217E+3
5.660842E+2	9.160878E+3
5.663402E+2	9.156976E+3
5.665963E+2	9.154304E+3
5.668523E+2	9.151031E+3
5.671083E+2	9.148260E+3
5.673644E+2	9.146146E+3
5.676204E+2	9.143233E+3
5.678764E+2	9.139036E+3
5.681324E+2	9.136998E+3
5.683883E+2	9.135648E+3
5.686443E+2	9.133168E+3
5.689003E+2	9.131501E+3
5.691562E+2	9.128681E+3
5.694122E+2	9.125676E+3
5.696681E+2	9.123118E+3
5.699241E+2	9.119703E+3
5.701800E+2	9.115408E+3
5.704359E+2	9.112075E+3
5.706918E+2	9.109572E+3
5.709477E+2	9.106709E+3
5.712036E+2	9.102124E+3
5.714595E+2	9.099687E+3
5.717154E+2	9.095665E+3
5.719713E+2	9.090151E+3
5.722271E+2	9.085342E+3
5.724830E+2	9.082430E+3
5.727388E+2	9.079670E+3
5.729947E+2	9.075659E+3
5.732505E+2	9.070665E+3
5.735063E+2	9.065933E+3
5.737621E+2	9.064714E+3
5.740179E+2	9.060457E+3
5.742737E+2	9.056189E+3
5.745295E+2	9.053561E+3
5.747853E+2	9.049342E+3
5.750411E+2	9.046632E+3
5.752968E+2	9.042424E+3
5.755526E+2	9.038627E+3
5.758083E+2	9.032260E+3
5.760641E+2	9.030047E+3
5.763198E+2	9.026331E+3
5.765755E+2	9.022036E+3
5.768312E+2	9.017288E+3
5.770869E+2	9.014047E+3
5.773426E+2	9.010080E+3
5.775983E+2	9.006424E+3
5.778540E+2	9.002796E+3
5.781097E+2	9.000523E+3
5.783653E+2	8.996413E+3
5.786210E+2	8.992922E+3
5.788766E+2	8.988851E+3
5.791323E+2	8.984763E+3
5.793879E+2	8.980949E+3
5.796435E+2	8.976004E+3
5.798991E+2	8.972457E+3
5.801547E+2	8.967883E+3
5.804103E+2	8.964692E+3
5.806659E+2	8.960555E+3
5.809215E+2	8.956129E+3
5.811771E+2	8.952064E+3
5.814327E+2	8.946971E+3
5.816882E+2	8.941036E+3
5.819438E+2	8.935993E+3
5.821993E+2	8.932479E+3
5.824548E+2	8.925790E+3
5.827104E+2	8.920703E+3
5.829659E+2	8.914812E+3
5.832214E+2	8.907632E+3
5.834769E+2	8.902971E+3
5.837324E+2	8.897146E+3
5.839878E+2	8.891381E+3
5.842433E+2	8.885217E+3
5.844988E+2	8.879435E+3
5.847542E+2	8.873566E+3
5.850097E+2	8.868036E+3
5.852651E+2	8.861894E+3
5.855206E+2	8.856239E+3
5.857760E+2	8.850719E+3
5.860314E+2	8.844463E+3
5.862868E+2	8.838408E+3
5.865422E+2	8.832348E+3
5.867976E+2	8.827905E+3
5.870530E+2	8.822326E+3
5.873084E+2	8.817342E+3
5.875637E+2	8.811943E+3
5.878191E+2	8.806118E+3
5.880744E+2	8.800260E+3
5.883298E+2	8.794364E+3
5.885851E+2	8.787812E+3
5.888404E+2	8.782430E+3
5.890958E+2	8.777299E+3
5.893511E+2	8.769419E+3
5.896064E+2	8.763512E+3
5.898617E+2	8.756506E+3
5.901169E+2	8.750173E+3
5.903722E+2	8.743616E+3
5.906275E+2	8.737643E+3
5.908827E+2	8.731894E+3
5.911380E+2	8.725107E+3
5.913932E+2	8.719845E+3
5.916485E+2	8.711424E+3
5.919037E+2	8.705605E+3
5.921589E+2	8.698987E+3
5.924141E+2	8.692310E+3
5.926693E+2	8.685490E+3
5.929245E+2	8.679523E+3
5.931797E+2	8.672577E+3
5.934349E+2	8.664862E+3
5.936900E+2	8.657998E+3
5.939452E+2	8.652512E+3
5.942004E+2	8.646512E+3
5.944555E+2	8.640113E+3
5.947106E+2	8.633233E+3
5.949658E+2	8.625118E+3
5.952209E+2	8.618954E+3
5.954760E+2	8.612381E+3
5.957311E+2	8.606419E+3
5.959862E+2	8.600692E+3
5.962413E+2	8.595599E+3
5.964963E+2	8.590151E+3
5.967514E+2	8.585692E+3
5.970065E+2	8.581780E+3
5.972615E+2	8.577534E+3
5.975166E+2	8.572441E+3
5.977716E+2	8.566845E+3
5.980266E+2	8.563004E+3
5.982816E+2	8.558599E+3
5.985367E+2	8.554621E+3
5.987917E+2	8.553430E+3
5.990467E+2	8.548594E+3
5.993016E+2	8.543501E+3
5.995566E+2	8.539484E+3
5.998116E+2	8.536397E+3
6.000665E+2	8.532900E+3
6.003215E+2	8.527834E+3
6.005764E+2	8.524321E+3
6.008314E+2	8.521681E+3
6.010863E+2	8.518829E+3
6.013412E+2	8.514725E+3
6.015961E+2	8.511834E+3
6.018510E+2	8.509211E+3
6.021059E+2	8.505681E+3
6.023608E+2	8.501610E+3
6.026157E+2	8.497616E+3
6.028706E+2	8.494064E+3
6.031254E+2	8.491479E+3
6.033803E+2	8.489047E+3
6.036351E+2	8.485118E+3
6.038900E+2	8.481392E+3
6.041448E+2	8.478310E+3
6.043996E+2	8.475091E+3
6.046544E+2	8.470452E+3
6.049092E+2	8.467517E+3
6.051640E+2	8.463796E+3
6.054188E+2	8.461851E+3
6.056736E+2	8.459342E+3
6.059283E+2	8.456758E+3
6.061831E+2	8.453009E+3
6.064378E+2	8.450430E+3
6.066926E+2	8.448621E+3
6.069473E+2	8.446517E+3
6.072021E+2	8.445053E+3
6.074568E+2	8.440681E+3
6.077115E+2	8.437004E+3
6.079662E+2	8.433637E+3
6.082209E+2	8.431178E+3
6.084756E+2	8.427184E+3
6.087302E+2	8.425621E+3
6.089849E+2	8.424709E+3
6.092396E+2	8.420681E+3
6.094942E+2	8.417233E+3
6.097489E+2	8.414064E+3
6.100035E+2	8.410911E+3
6.102581E+2	8.408665E+3
6.105127E+2	8.405490E+3
6.107674E+2	8.401047E+3
6.110220E+2	8.398135E+3
6.112766E+2	8.394107E+3
6.115311E+2	8.389790E+3
6.117857E+2	8.385266E+3
6.120403E+2	8.380561E+3
6.122948E+2	8.375774E+3
6.125494E+2	8.370938E+3
6.128039E+2	8.365610E+3
6.130585E+2	8.361184E+3
6.133130E+2	8.357435E+3
6.135675E+2	8.353080E+3
6.138220E+2	8.348211E+3
6.140765E+2	8.342993E+3
6.143310E+2	8.336829E+3
6.145855E+2	8.331408E+3
6.148400E+2	8.326151E+3
6.150945E+2	8.321255E+3
6.153489E+2	8.316632E+3
6.156034E+2	8.309769E+3
6.158578E+2	8.305637E+3
6.161123E+2	8.300468E+3
6.163667E+2	8.295053E+3
6.166211E+2	8.289069E+3
6.168755E+2	8.284637E+3
6.171299E+2	8.280413E+3
6.173843E+2	8.275168E+3
6.176387E+2	8.269545E+3
6.178931E+2	8.263419E+3
6.181474E+2	8.257457E+3
6.184018E+2	8.253075E+3
6.186561E+2	8.247643E+3
6.189105E+2	8.241883E+3
6.191648E+2	8.237687E+3
6.194191E+2	8.232015E+3
6.196735E+2	8.227730E+3
6.199278E+2	8.223353E+3
6.201821E+2	8.220321E+3
6.204364E+2	8.215266E+3
6.206907E+2	8.210299E+3
6.209449E+2	8.204446E+3
6.211992E+2	8.199982E+3
6.214535E+2	8.194676E+3
6.217077E+2	8.191107E+3
6.219619E+2	8.186195E+3
6.222162E+2	8.179965E+3
6.224704E+2	8.174020E+3
6.227246E+2	8.169397E+3
6.229788E+2	8.166091E+3
6.232330E+2	8.164025E+3
6.234872E+2	8.162441E+3
6.237414E+2	8.158588E+3
6.239956E+2	8.154091E+3
6.242498E+2	8.149293E+3
6.245039E+2	8.144359E+3
6.247581E+2	8.142211E+3
6.250122E+2	8.137741E+3
6.252663E+2	8.135178E+3
6.255205E+2	8.131118E+3
6.257746E+2	8.126501E+3
6.260287E+2	8.122993E+3
6.262828E+2	8.119168E+3
6.265369E+2	8.116293E+3
6.267910E+2	8.113129E+3
6.270450E+2	8.108517E+3
6.272991E+2	8.104676E+3
6.275532E+2	8.101829E+3
6.278072E+2	8.096922E+3
6.280613E+2	8.092413E+3
6.283153E+2	8.088681E+3
6.285693E+2	8.086321E+3
6.288233E+2	8.080851E+3
6.290773E+2	8.076987E+3
6.293313E+2	8.073654E+3
6.295853E+2	8.070790E+3
6.298393E+2	8.067829E+3
6.300933E+2	8.063801E+3
6.303472E+2	8.060534E+3
6.306012E+2	8.056719E+3
6.308551E+2	8.052725E+3
6.311091E+2	8.049987E+3
6.313630E+2	8.046353E+3
6.316169E+2	8.042195E+3
6.318709E+2	8.038244E+3
6.321248E+2	8.034627E+3
6.323787E+2	8.030583E+3
6.326326E+2	8.025233E+3
6.328864E+2	8.020741E+3
6.331403E+2	8.018140E+3
6.333942E+2	8.015512E+3
6.336480E+2	8.012479E+3
6.339019E+2	8.008058E+3
6.341557E+2	8.005370E+3
6.344095E+2	8.002621E+3
6.346634E+2	7.998539E+3
6.349172E+2	7.994446E+3
6.351710E+2	7.990184E+3
6.354248E+2	7.985758E+3
6.356786E+2	7.981517E+3
6.359324E+2	7.977911E+3
6.361861E+2	7.974413E+3
6.364399E+2	7.969747E+3
6.366936E+2	7.963643E+3
6.369474E+2	7.961020E+3
6.372011E+2	7.954922E+3
6.374549E+2	7.950375E+3
6.377086E+2	7.945719E+3
6.379623E+2	7.940566E+3
6.382160E+2	7.934304E+3
6.384697E+2	7.927725E+3
6.387234E+2	7.921523E+3
6.389771E+2	7.913938E+3
6.392307E+2	7.907370E+3
6.394844E+2	7.902321E+3
6.397380E+2	7.896211E+3
6.399917E+2	7.890042E+3
6.402453E+2	7.883545E+3
6.404990E+2	7.878883E+3
6.407526E+2	7.872561E+3
6.410062E+2	7.867523E+3
6.412598E+2	7.862905E+3
6.415134E+2	7.856801E+3
6.417670E+2	7.852856E+3
6.420206E+2	7.847064E+3
6.422741E+2	7.842326E+3
6.425277E+2	7.837648E+3
6.427812E+2	7.833446E+3
6.430348E+2	7.827331E+3
6.432883E+2	7.823719E+3
6.435418E+2	7.817856E+3
6.437954E+2	7.812550E+3
6.440489E+2	7.807517E+3
6.443024E+2	7.803468E+3
6.445559E+2	7.798528E+3
6.448094E+2	7.793047E+3
6.450628E+2	7.786468E+3
6.453163E+2	7.781233E+3
6.455698E+2	7.776829E+3
6.458232E+2	7.771982E+3
6.460767E+2	7.767610E+3
6.463301E+2	7.763566E+3
6.465835E+2	7.759348E+3
6.468369E+2	7.754047E+3
6.470903E+2	7.750577E+3
6.473437E+2	7.746719E+3
6.475971E+2	7.742086E+3
6.478505E+2	7.736523E+3
6.481039E+2	7.732709E+3
6.483573E+2	7.727823E+3
6.486106E+2	7.721359E+3
6.488640E+2	7.715577E+3
6.491173E+2	7.710741E+3
6.493706E+2	7.705862E+3
6.496240E+2	7.700178E+3
6.498773E+2	7.695249E+3
6.501306E+2	7.689681E+3
6.503839E+2	7.685747E+3
6.506372E+2	7.680654E+3
6.508905E+2	7.675621E+3
6.511437E+2	7.670386E+3
6.513970E+2	7.665222E+3
6.516503E+2	7.660189E+3
6.519035E+2	7.655867E+3
6.521567E+2	7.652566E+3
6.524100E+2	7.646916E+3
6.526632E+2	7.642687E+3
6.529164E+2	7.638189E+3
6.531696E+2	7.634812E+3
6.534228E+2	7.631315E+3
6.536760E+2	7.627943E+3
6.539292E+2	7.624435E+3
6.541824E+2	7.621086E+3
6.544355E+2	7.618151E+3
6.546887E+2	7.615512E+3
6.549418E+2	7.611976E+3
6.551950E+2	7.608856E+3
6.554481E+2	7.605288E+3
6.557012E+2	7.601495E+3
6.559543E+2	7.596790E+3
6.562074E+2	7.592249E+3
6.564605E+2	7.588572E+3
6.567136E+2	7.584118E+3
6.569667E+2	7.581490E+3
6.572198E+2	7.578386E+3
6.574728E+2	7.574785E+3
6.577259E+2	7.571419E+3
6.579789E+2	7.568211E+3
6.582319E+2	7.564643E+3
6.584850E+2	7.562446E+3
6.587380E+2	7.559211E+3
6.589910E+2	7.557501E+3
6.592440E+2	7.555605E+3
6.594970E+2	7.552244E+3
6.597500E+2	7.551102E+3
6.600030E+2	7.548550E+3
6.602559E+2	7.546228E+3
6.605089E+2	7.545654E+3
6.607618E+2	7.542392E+3
6.610148E+2	7.540927E+3
6.612677E+2	7.537960E+3
6.615206E+2	7.535523E+3
6.617736E+2	7.533315E+3
6.620265E+2	7.529971E+3
6.622794E+2	7.528015E+3
6.625323E+2	7.525413E+3
6.627851E+2	7.521872E+3
6.630380E+2	7.519730E+3
6.632909E+2	7.518200E+3
6.635437E+2	7.516741E+3
6.637966E+2	7.514004E+3
6.640494E+2	7.512829E+3
6.643023E+2	7.512878E+3
6.645551E+2	7.511118E+3
6.648079E+2	7.511168E+3
6.650607E+2	7.509998E+3
6.653135E+2	7.508572E+3
6.655663E+2	7.507222E+3
6.658191E+2	7.504271E+3
6.660718E+2	7.502501E+3
6.663246E+2	7.501949E+3
6.665774E+2	7.501927E+3
6.668301E+2	7.500015E+3
6.670828E+2	7.500413E+3
6.673356E+2	7.498763E+3
6.675883E+2	7.497266E+3
6.678410E+2	7.496834E+3
6.680937E+2	7.495457E+3
6.683464E+2	7.494446E+3
6.685991E+2	7.492577E+3
6.688518E+2	7.491135E+3
6.691044E+2	7.489572E+3
6.693571E+2	7.488397E+3
6.696098E+2	7.487058E+3
6.698624E+2	7.485474E+3
6.701150E+2	7.484381E+3
6.703677E+2	7.483938E+3
6.706203E+2	7.482577E+3
6.708729E+2	7.481933E+3
6.711255E+2	7.480495E+3
6.713781E+2	7.480359E+3
6.716307E+2	7.478812E+3
6.718832E+2	7.477517E+3
6.721358E+2	7.476239E+3
6.723884E+2	7.475031E+3
6.726409E+2	7.472911E+3
6.728935E+2	7.470889E+3
6.731460E+2	7.468599E+3
6.733985E+2	7.468282E+3
6.736510E+2	7.466933E+3
6.739035E+2	7.464894E+3
6.741560E+2	7.463282E+3
6.744085E+2	7.461331E+3
6.746610E+2	7.458370E+3
6.749135E+2	7.455080E+3
6.751660E+2	7.452523E+3
6.754184E+2	7.450829E+3
6.756709E+2	7.449047E+3
6.759233E+2	7.446867E+3
6.761757E+2	7.445872E+3
6.764282E+2	7.444200E+3
6.766806E+2	7.443632E+3
6.769330E+2	7.442020E+3
6.771854E+2	7.438687E+3
6.774378E+2	7.436993E+3
6.776901E+2	7.434386E+3
6.779425E+2	7.431785E+3
6.781949E+2	7.430545E+3
6.784472E+2	7.429277E+3
6.786996E+2	7.426244E+3
6.789519E+2	7.424725E+3
6.792042E+2	7.423189E+3
6.794566E+2	7.421555E+3
6.797089E+2	7.417621E+3
6.799612E+2	7.415643E+3
6.802135E+2	7.412140E+3
6.804657E+2	7.409736E+3
6.807180E+2	7.407512E+3
6.809703E+2	7.406490E+3
6.812226E+2	7.407020E+3
6.814748E+2	7.405698E+3
6.817270E+2	7.404168E+3
6.819793E+2	7.400239E+3
6.822315E+2	7.398277E+3
6.824837E+2	7.394954E+3
6.827359E+2	7.392534E+3
6.829881E+2	7.389501E+3
6.832403E+2	7.386157E+3
6.834925E+2	7.384834E+3
6.837447E+2	7.382058E+3
6.839968E+2	7.380938E+3
6.842490E+2	7.379364E+3
6.845011E+2	7.376889E+3
6.847533E+2	7.373998E+3
6.850054E+2	7.371239E+3
6.852575E+2	7.368124E+3
6.855097E+2	7.364834E+3
6.857618E+2	7.362698E+3
6.860139E+2	7.361217E+3
6.862659E+2	7.359916E+3
6.865180E+2	7.359031E+3
6.867701E+2	7.355894E+3
6.870222E+2	7.355681E+3
6.872742E+2	7.354823E+3
6.875263E+2	7.353326E+3
6.877783E+2	7.351069E+3
6.880303E+2	7.348555E+3
6.882823E+2	7.348577E+3
6.885343E+2	7.348107E+3
6.887864E+2	7.345676E+3
6.890383E+2	7.343566E+3
6.892903E+2	7.341468E+3
6.895423E+2	7.338785E+3
6.897943E+2	7.337719E+3
6.900462E+2	7.336162E+3
6.902982E+2	7.336566E+3
6.905501E+2	7.334495E+3
6.908021E+2	7.332954E+3
6.910540E+2	7.332004E+3
6.913059E+2	7.329703E+3
6.915578E+2	7.325911E+3
6.918097E+2	7.323408E+3
6.920616E+2	7.321271E+3
6.923135E+2	7.317982E+3
6.925654E+2	7.316479E+3
6.928172E+2	7.314790E+3
6.930691E+2	7.312452E+3
6.933209E+2	7.308463E+3
6.935728E+2	7.306430E+3
6.938246E+2	7.303627E+3
6.940764E+2	7.302971E+3
6.943282E+2	7.300200E+3
6.945800E+2	7.297627E+3
6.948318E+2	7.294801E+3
6.950836E+2	7.293282E+3
6.953354E+2	7.291271E+3
6.955872E+2	7.289118E+3
6.958389E+2	7.286993E+3
6.960907E+2	7.284255E+3
6.963424E+2	7.280517E+3
6.965942E+2	7.275517E+3
6.968459E+2	7.271829E+3
6.970976E+2	7.267954E+3
6.973493E+2	7.265840E+3
6.976010E+2	7.263479E+3
6.978527E+2	7.261949E+3
6.981044E+2	7.261206E+3
6.983561E+2	7.259933E+3
6.986077E+2	7.258763E+3
6.988594E+2	7.255829E+3
6.991110E+2	7.254523E+3
6.993627E+2	7.252129E+3
6.996143E+2	7.249474E+3
6.998659E+2	7.246752E+3
7.001175E+2	7.244659E+3
7.003692E+2	7.242648E+3
7.006207E+2	7.240987E+3
7.008723E+2	7.239086E+3
7.011239E+2	7.236178E+3
7.013755E+2	7.234042E+3
7.016271E+2	7.230845E+3
7.018786E+2	7.228075E+3
7.021302E+2	7.225752E+3
7.023817E+2	7.221310E+3
7.026332E+2	7.217566E+3
7.028847E+2	7.214441E+3
7.031362E+2	7.211938E+3
7.033878E+2	7.210266E+3
7.036392E+2	7.207107E+3
7.038907E+2	7.203211E+3
7.041422E+2	7.199517E+3
7.043937E+2	7.196364E+3
7.046451E+2	7.193260E+3
7.048966E+2	7.190424E+3
7.051480E+2	7.185960E+3
7.053995E+2	7.182823E+3
7.056509E+2	7.178386E+3
7.059023E+2	7.174288E+3
7.061537E+2	7.170468E+3
7.064051E+2	7.166452E+3
7.066565E+2	7.163785E+3
7.069079E+2	7.163004E+3
7.071593E+2	7.159883E+3
7.074106E+2	7.156670E+3
7.076620E+2	7.153867E+3
7.079133E+2	7.150058E+3
7.081647E+2	7.147359E+3
7.084160E+2	7.145342E+3
7.086673E+2	7.143517E+3
7.089186E+2	7.138566E+3
7.091699E+2	7.134905E+3
7.094212E+2	7.130233E+3
7.096725E+2	7.125905E+3
7.099238E+2	7.122490E+3
7.101751E+2	7.118539E+3
7.104263E+2	7.115157E+3
7.106776E+2	7.109758E+3
7.109288E+2	7.103397E+3
7.111800E+2	7.097020E+3
7.114313E+2	7.092282E+3
7.116825E+2	7.087135E+3
7.119337E+2	7.084588E+3
7.121849E+2	7.080086E+3
7.124361E+2	7.074954E+3
7.126873E+2	7.069780E+3
7.129384E+2	7.064954E+3
7.131896E+2	7.058173E+3
7.134408E+2	7.051086E+3
7.136919E+2	7.043402E+3
7.139430E+2	7.035965E+3
7.141942E+2	7.029627E+3
7.144453E+2	7.021878E+3
7.146964E+2	7.013790E+3
7.149475E+2	7.006867E+3
7.151986E+2	7.001763E+3
7.154497E+2	6.994856E+3
7.157008E+2	6.985949E+3
7.159518E+2	6.977452E+3
7.162029E+2	6.968845E+3
7.164540E+2	6.961178E+3
7.167050E+2	6.951255E+3
7.169560E+2	6.943894E+3
7.172071E+2	6.934862E+3
7.174581E+2	6.927392E+3
7.177091E+2	6.920047E+3
7.179601E+2	6.911856E+3
7.182111E+2	6.904413E+3
7.184621E+2	6.895616E+3
7.187130E+2	6.887627E+3
7.189640E+2	6.879047E+3
7.192150E+2	6.870676E+3
7.194659E+2	6.862774E+3
7.197169E+2	6.854151E+3
7.199678E+2	6.846222E+3
7.202187E+2	6.837648E+3
7.204696E+2	6.828927E+3
7.207205E+2	6.820495E+3
7.209714E+2	6.814135E+3
7.212223E+2	6.807670E+3
7.214732E+2	6.800025E+3
7.217241E+2	6.793168E+3
7.219749E+2	6.785424E+3
7.222258E+2	6.776616E+3
7.224766E+2	6.768643E+3
7.227274E+2	6.759490E+3
7.229783E+2	6.752725E+3
7.232291E+2	6.744916E+3
7.234799E+2	6.735752E+3
7.237307E+2	6.727829E+3
7.239815E+2	6.720479E+3
7.242323E+2	6.713572E+3
7.244830E+2	6.705933E+3
7.247338E+2	6.699146E+3
7.249846E+2	6.692233E+3
7.252353E+2	6.686299E+3
7.254861E+2	6.680654E+3
7.257368E+2	6.673370E+3
7.259875E+2	6.667648E+3
7.262382E+2	6.663118E+3
7.264889E+2	6.657998E+3
7.267396E+2	6.651479E+3
7.269903E+2	6.645834E+3
7.272410E+2	6.638862E+3
7.274917E+2	6.632769E+3
7.277423E+2	6.626058E+3
7.279930E+2	6.620637E+3
7.282436E+2	6.615239E+3
7.284942E+2	6.609561E+3
7.287449E+2	6.605042E+3
7.289955E+2	6.602020E+3
7.292461E+2	6.598031E+3
7.294967E+2	6.594173E+3
7.297473E+2	6.590933E+3
7.299979E+2	6.588140E+3
7.302484E+2	6.584342E+3
7.304990E+2	6.578747E+3
7.307496E+2	6.574605E+3
7.310001E+2	6.570872E+3
7.312507E+2	6.567200E+3
7.315012E+2	6.563457E+3
7.317517E+2	6.558965E+3
7.320022E+2	6.556703E+3
7.322527E+2	6.550774E+3
7.325032E+2	6.546512E+3
7.327537E+2	6.542408E+3
7.330042E+2	6.539178E+3
7.332547E+2	6.536293E+3
7.335051E+2	6.533392E+3
7.337556E+2	6.530922E+3
7.340060E+2	6.527157E+3
7.342564E+2	6.523687E+3
7.345069E+2	6.520512E+3
7.347573E+2	6.518709E+3
7.350077E+2	6.519353E+3
7.352581E+2	6.520621E+3
7.355085E+2	6.522676E+3
7.357589E+2	6.524495E+3
7.360092E+2	6.525796E+3
7.362596E+2	6.526528E+3
7.365100E+2	6.528741E+3
7.367603E+2	6.529495E+3
7.370106E+2	6.528321E+3
7.372610E+2	6.526484E+3
7.375113E+2	6.526086E+3
7.377616E+2	6.525938E+3
7.380119E+2	6.525927E+3
7.382622E+2	6.523239E+3
7.385125E+2	6.522927E+3
7.387628E+2	6.522528E+3
7.390130E+2	6.520823E+3
7.392633E+2	6.520550E+3
7.395135E+2	6.520118E+3
7.397638E+2	6.520075E+3
7.400140E+2	6.520468E+3
7.402642E+2	6.520851E+3
7.405144E+2	6.519982E+3
7.407647E+2	6.519260E+3
7.410149E+2	6.519260E+3
7.412650E+2	6.519823E+3
7.415152E+2	6.521621E+3
7.417654E+2	6.525441E+3
7.420156E+2	6.532506E+3
7.422657E+2	6.543091E+3
7.425159E+2	6.558392E+3
7.427660E+2	6.581397E+3
7.430161E+2	6.611889E+3
7.432662E+2	6.655599E+3
7.435164E+2	6.725217E+3
7.437665E+2	6.826310E+3
7.440165E+2	6.925971E+3
7.442666E+2	7.003025E+3
7.445167E+2	7.059517E+3
7.447668E+2	7.102900E+3
7.450168E+2	7.139862E+3
7.452669E+2	7.166249E+3
7.455169E+2	7.182025E+3
7.457669E+2	7.191151E+3
7.460170E+2	7.197266E+3
7.462670E+2	7.205490E+3
7.465170E+2	7.212916E+3
7.467670E+2	7.221796E+3
7.470170E+2	7.233719E+3
7.472670E+2	7.249747E+3
7.475169E+2	7.276047E+3
7.477669E+2	7.299058E+3
7.480168E+2	7.313506E+3
7.482668E+2	7.323698E+3
7.485167E+2	7.334331E+3
7.487666E+2	7.346845E+3
7.490166E+2	7.362905E+3
7.492665E+2	7.376878E+3
7.495164E+2	7.387965E+3
7.497663E+2	7.398446E+3
7.500161E+2	7.408424E+3
7.502660E+2	7.418211E+3
7.505159E+2	7.427381E+3
7.507657E+2	7.433036E+3
7.510156E+2	7.437616E+3
7.512654E+2	7.439583E+3
7.515152E+2	7.439178E+3
7.517651E+2	7.437725E+3
7.520149E+2	7.437780E+3
7.522647E+2	7.440058E+3
7.525145E+2	7.445025E+3
7.527643E+2	7.452479E+3
7.530140E+2	7.461233E+3
7.532638E+2	7.472015E+3
7.535136E+2	7.482627E+3
7.537633E+2	7.489452E+3
7.540131E+2	7.496796E+3
7.542628E+2	7.507763E+3
7.545125E+2	7.517113E+3
7.547622E+2	7.525359E+3
7.550119E+2	7.530741E+3
7.552616E+2	7.532780E+3
7.555113E+2	7.533282E+3
7.557610E+2	7.533479E+3
7.560107E+2	7.532605E+3
7.562603E+2	7.531954E+3
7.565100E+2	7.529392E+3
7.567596E+2	7.526730E+3
7.570093E+2	7.522413E+3
7.572589E+2	7.514321E+3
7.575085E+2	7.501277E+3
7.577581E+2	7.483703E+3
7.580077E+2	7.459741E+3
7.582573E+2	7.429911E+3
7.585069E+2	7.384435E+3
7.587565E+2	7.312621E+3
7.590060E+2	7.209124E+3
7.592556E+2	7.107752E+3
7.595051E+2	7.028129E+3
7.597547E+2	6.970058E+3
7.600042E+2	6.923233E+3
7.602537E+2	6.879807E+3
7.605032E+2	6.846113E+3
7.607527E+2	6.823523E+3
7.610022E+2	6.808069E+3
7.612517E+2	6.796785E+3
7.615012E+2	6.785375E+3
7.617507E+2	6.776392E+3
7.620001E+2	6.767703E+3
7.622496E+2	6.754922E+3
7.624990E+2	6.737239E+3
7.627485E+2	6.709457E+3
7.629979E+2	6.683031E+3
7.632473E+2	6.665353E+3
7.634967E+2	6.653293E+3
7.637461E+2	6.639031E+3
7.639955E+2	6.621217E+3
7.642449E+2	6.599299E+3
7.644942E+2	6.577255E+3
7.647436E+2	6.558277E+3
7.649930E+2	6.537965E+3
7.652423E+2	6.516763E+3
7.654916E+2	6.493424E+3
7.657410E+2	6.471031E+3
7.659903E+2	6.452829E+3
7.662396E+2	6.436310E+3
7.664889E+2	6.422714E+3
7.667382E+2	6.409512E+3
7.669875E+2	6.396474E+3
7.672367E+2	6.385020E+3
7.674860E+2	6.371375E+3
7.677353E+2	6.354747E+3
7.679845E+2	6.335042E+3
7.682337E+2	6.313239E+3
7.684830E+2	6.290277E+3
7.687322E+2	6.269714E+3
7.689814E+2	6.253534E+3
7.692306E+2	6.237840E+3
7.694798E+2	6.219217E+3
7.697290E+2	6.200883E+3
7.699782E+2	6.185419E+3
7.702273E+2	6.171872E+3
7.704765E+2	6.161741E+3
7.707256E+2	6.152572E+3
7.709748E+2	6.144555E+3
7.712239E+2	6.137118E+3
7.714730E+2	6.129900E+3
7.717222E+2	6.125009E+3
7.719713E+2	6.120135E+3
7.722204E+2	6.113834E+3
7.724694E+2	6.108353E+3
7.727185E+2	6.104288E+3
7.729676E+2	6.099747E+3
7.732167E+2	6.094178E+3
7.734657E+2	6.086583E+3
7.737147E+2	6.078616E+3
7.739638E+2	6.070479E+3
7.742128E+2	6.061845E+3
7.744618E+2	6.050146E+3
7.747108E+2	6.038517E+3
7.749598E+2	6.025834E+3
7.752088E+2	6.014168E+3
7.754578E+2	6.004599E+3
7.757068E+2	5.996036E+3
7.759557E+2	5.988348E+3
7.762047E+2	5.982523E+3
7.764536E+2	5.975086E+3
7.767026E+2	5.965894E+3
7.769515E+2	5.954894E+3
7.772004E+2	5.942430E+3
7.774493E+2	5.931632E+3
7.776982E+2	5.918484E+3
7.779471E+2	5.906911E+3
7.781960E+2	5.896069E+3
7.784449E+2	5.883222E+3
7.786938E+2	5.869271E+3
7.789426E+2	5.857523E+3
7.791915E+2	5.846872E+3
7.794403E+2	5.839178E+3
7.796891E+2	5.834834E+3
7.799380E+2	5.831463E+3
7.801868E+2	5.830801E+3
7.804356E+2	5.829200E+3
7.806844E+2	5.827091E+3
7.809332E+2	5.823162E+3
7.811819E+2	5.818364E+3
7.814307E+2	5.813878E+3
7.816795E+2	5.810304E+3
7.819282E+2	5.807812E+3
7.821770E+2	5.805222E+3
7.824257E+2	5.800960E+3
7.826744E+2	5.796107E+3
7.829231E+2	5.791632E+3
7.831718E+2	5.786484E+3
7.834205E+2	5.781889E+3
7.836692E+2	5.777069E+3
7.839179E+2	5.770304E+3
7.841666E+2	5.761610E+3
7.844152E+2	5.751479E+3
7.846639E+2	5.742315E+3
7.849125E+2	5.732266E+3
7.851612E+2	5.720938E+3
7.854098E+2	5.708933E+3
7.856584E+2	5.695659E+3
7.859070E+2	5.683703E+3
7.861556E+2	5.670605E+3
7.864042E+2	5.658091E+3
7.866528E+2	5.643129E+3
7.869014E+2	5.626878E+3
7.871499E+2	5.608834E+3
7.873985E+2	5.592053E+3
7.876470E+2	5.575801E+3
7.878956E+2	5.559698E+3
7.881441E+2	5.544840E+3
7.883926E+2	5.529621E+3
7.886411E+2	5.516370E+3
7.888896E+2	5.505457E+3
7.891381E+2	5.494495E+3
7.893866E+2	5.484583E+3
7.896351E+2	5.475064E+3
7.898835E+2	5.465922E+3
7.901320E+2	5.457233E+3
7.903804E+2	5.449452E+3
7.906289E+2	5.441621E+3
7.908773E+2	5.434118E+3
7.911257E+2	5.425479E+3
7.913742E+2	5.415217E+3
7.916226E+2	5.405430E+3
7.918709E+2	5.396310E+3
7.921193E+2	5.386402E+3
7.923677E+2	5.375342E+3
7.926161E+2	5.363036E+3
7.928644E+2	5.352933E+3
7.931128E+2	5.343102E+3
7.933611E+2	5.334031E+3
7.936095E+2	5.325381E+3
7.938578E+2	5.315397E+3
7.941061E+2	5.303643E+3
7.943544E+2	5.291042E+3
7.946027E+2	5.275998E+3
7.948510E+2	5.258736E+3
7.950993E+2	5.240255E+3
7.953475E+2	5.221550E+3
7.955958E+2	5.204643E+3
7.958440E+2	5.187714E+3
7.960923E+2	5.172233E+3
7.963405E+2	5.155566E+3
7.965887E+2	5.138135E+3
7.968370E+2	5.120430E+3
7.970852E+2	5.102872E+3
7.973334E+2	5.085736E+3
7.975816E+2	5.069545E+3
7.978297E+2	5.055096E+3
7.980779E+2	5.042479E+3
7.983261E+2	5.029894E+3
7.985742E+2	5.018118E+3
7.988224E+2	5.006359E+3
7.990705E+2	4.994260E+3
7.993186E+2	4.982878E+3
7.995668E+2	4.972452E+3
7.998149E+2	4.960807E+3
8.000630E+2	4.951282E+3
8.003111E+2	4.942288E+3
8.005591E+2	4.933703E+3
8.008072E+2	4.924840E+3
8.010553E+2	4.912752E+3
8.013033E+2	4.900670E+3
8.015514E+2	4.887517E+3
8.017994E+2	4.875698E+3
8.020474E+2	4.864545E+3
8.022955E+2	4.853998E+3
8.025435E+2	4.843719E+3
8.027915E+2	4.832047E+3
8.030395E+2	4.820823E+3
8.032874E+2	4.807381E+3
8.035354E+2	4.794709E+3
8.037834E+2	4.780747E+3
8.040313E+2	4.765375E+3
8.042793E+2	4.750178E+3
8.045272E+2	4.735337E+3
8.047752E+2	4.722075E+3
8.050231E+2	4.709135E+3
8.052710E+2	4.697452E+3
8.055189E+2	4.686342E+3
8.057668E+2	4.677599E+3
8.060147E+2	4.670670E+3
8.062625E+2	4.664862E+3
8.065104E+2	4.659545E+3
8.067583E+2	4.654299E+3
8.070061E+2	4.649801E+3
8.072540E+2	4.645025E+3
8.075018E+2	4.641545E+3
8.077496E+2	4.639025E+3
8.079974E+2	4.636310E+3
8.082452E+2	4.634326E+3
8.084930E+2	4.631288E+3
8.087408E+2	4.630670E+3
8.089886E+2	4.629599E+3
8.092364E+2	4.628348E+3
8.094841E+2	4.628053E+3
8.097319E+2	4.627670E+3
8.099796E+2	4.627911E+3
8.102273E+2	4.629107E+3
8.104751E+2	4.631851E+3
8.107228E+2	4.633200E+3
8.109705E+2	4.635823E+3
8.112182E+2	4.637058E+3
8.114659E+2	4.638747E+3
8.117135E+2	4.639299E+3
8.119612E+2	4.637550E+3
8.122089E+2	4.633845E+3
8.124565E+2	4.628239E+3
8.127042E+2	4.621146E+3
8.129518E+2	4.613758E+3
8.131994E+2	4.604271E+3
8.134470E+2	4.594293E+3
8.136946E+2	4.583107E+3
8.139422E+2	4.571222E+3
8.141898E+2	4.559413E+3
8.144374E+2	4.547364E+3
8.146850E+2	4.534468E+3
8.149325E+2	4.522326E+3
8.151801E+2	4.508135E+3
8.154276E+2	4.493053E+3
8.156752E+2	4.479381E+3
8.159227E+2	4.467025E+3
8.161702E+2	4.457413E+3
8.164177E+2	4.449042E+3
8.166652E+2	4.441954E+3
8.169127E+2	4.435441E+3
8.171602E+2	4.427064E+3
8.174077E+2	4.418397E+3
8.176551E+2	4.409282E+3
8.179026E+2	4.400719E+3
8.181500E+2	4.391058E+3
8.183975E+2	4.382714E+3
8.186449E+2	4.374321E+3
8.188923E+2	4.366889E+3
8.191397E+2	4.359397E+3
8.193871E+2	4.351594E+3
8.196345E+2	4.343392E+3
8.198819E+2	4.333747E+3
8.201293E+2	4.323331E+3
8.203766E+2	4.310288E+3
8.206240E+2	4.295878E+3
8.208713E+2	4.280168E+3
8.211187E+2	4.262211E+3
8.213660E+2	4.242293E+3
8.216133E+2	4.220790E+3
8.218606E+2	4.199096E+3
8.221079E+2	4.175665E+3
8.223552E+2	4.152375E+3
8.226025E+2	4.128397E+3
8.228498E+2	4.104135E+3
8.230970E+2	4.079244E+3
8.233443E+2	4.052681E+3
8.235915E+2	4.026687E+3
8.238388E+2	3.998616E+3
8.240860E+2	3.971900E+3
8.243332E+2	3.946370E+3
8.245804E+2	3.920282E+3
8.248276E+2	3.894479E+3
8.250748E+2	3.869490E+3
8.253220E+2	3.843747E+3
8.255692E+2	3.816424E+3
8.258163E+2	3.789249E+3
8.260635E+2	3.762402E+3
8.263106E+2	3.735610E+3
8.265578E+2	3.708331E+3
8.268049E+2	3.682790E+3
8.270520E+2	3.658916E+3
8.272991E+2	3.635883E+3
8.275462E+2	3.614506E+3
8.277933E+2	3.593075E+3
8.280404E+2	3.571457E+3
8.282875E+2	3.550987E+3
8.285345E+2	3.532616E+3
8.287816E+2	3.513288E+3
8.290287E+2	3.494583E+3
8.292757E+2	3.476916E+3
8.295227E+2	3.458818E+3
8.297697E+2	3.441222E+3
8.300168E+2	3.422157E+3
8.302638E+2	3.404260E+3
8.305107E+2	3.387244E+3
8.307577E+2	3.368894E+3
8.310047E+2	3.350435E+3
8.312517E+2	3.330725E+3
8.314986E+2	3.310228E+3
8.317456E+2	3.289299E+3
8.319925E+2	3.268714E+3
8.322394E+2	3.248730E+3
8.324864E+2	3.229195E+3
8.327333E+2	3.210342E+3
8.329802E+2	3.190627E+3
8.332271E+2	3.172255E+3
8.334740E+2	3.152949E+3
8.337208E+2	3.134588E+3
8.339677E+2	3.115239E+3
8.342146E+2	3.095818E+3
8.344614E+2	3.076927E+3
8.347082E+2	3.059211E+3
8.349551E+2	3.042015E+3
8.352019E+2	3.025129E+3
8.354487E+2	3.009528E+3
8.356955E+2	2.994599E+3
8.359423E+2	2.978528E+3
8.361891E+2	2.963151E+3
8.364359E+2	2.948321E+3
8.366826E+2	2.934747E+3
8.369294E+2	2.921244E+3
8.371761E+2	2.908659E+3
8.374229E+2	2.895709E+3
8.376696E+2	2.884364E+3
8.379163E+2	2.872009E+3
8.381630E+2	2.860053E+3
8.384097E+2	2.849096E+3
8.386564E+2	2.838790E+3
8.389031E+2	2.828862E+3
8.391498E+2	2.818244E+3
8.393965E+2	2.807878E+3
8.396431E+2	2.797823E+3
8.398898E+2	2.788266E+3
8.401364E+2	2.777785E+3
8.403830E+2	2.767698E+3
8.406297E+2	2.756998E+3
8.408763E+2	2.746495E+3
8.411229E+2	2.734375E+3
8.413695E+2	2.722599E+3
8.416161E+2	2.712086E+3
8.418626E+2	2.701911E+3
8.421092E+2	2.691113E+3
8.423558E+2	2.680506E+3
8.426023E+2	2.669566E+3
8.428489E+2	2.659528E+3
8.430954E+2	2.649665E+3
8.433419E+2	2.639949E+3
8.435884E+2	2.629348E+3
8.438349E+2	2.619195E+3
8.440814E+2	2.609397E+3
8.443279E+2	2.598927E+3
8.445744E+2	2.588998E+3
8.448208E+2	2.579381E+3
8.450673E+2	2.570441E+3
8.453138E+2	2.561539E+3
8.455602E+2	2.551905E+3
8.458066E+2	2.543397E+3
8.460530E+2	2.533725E+3
8.462995E+2	2.525069E+3
8.465459E+2	2.516402E+3
8.467923E+2	2.508129E+3
8.470386E+2	2.499326E+3
8.472850E+2	2.491096E+3
8.475314E+2	2.482687E+3
8.477777E+2	2.474233E+3
8.480241E+2	2.466648E+3
8.482704E+2	2.458670E+3
8.485168E+2	2.450845E+3
8.487631E+2	2.442206E+3
8.490094E+2	2.433402E+3
8.492557E+2	2.425534E+3
8.495020E+2	2.418162E+3
8.497483E+2	2.409801E+3
8.499946E+2	2.401922E+3
8.502408E+2	2.393938E+3
8.504871E+2	2.385714E+3
8.507333E+2	2.377195E+3
8.509796E+2	2.368659E+3
8.512258E+2	2.360539E+3
8.514720E+2	2.352222E+3
8.517182E+2	2.343610E+3
8.519644E+2	2.335293E+3
8.522106E+2	2.326758E+3
8.524568E+2	2.319146E+3
8.527030E+2	2.310129E+3
8.529492E+2	2.301255E+3
8.531953E+2	2.293331E+3
8.534415E+2	2.285539E+3
8.536876E+2	2.277468E+3
8.539337E+2	2.268982E+3
8.541799E+2	2.260796E+3
8.544260E+2	2.252698E+3
8.546721E+2	2.245025E+3
8.549182E+2	2.237184E+3
8.551643E+2	2.229397E+3
8.554103E+2	2.221217E+3
8.556564E+2	2.213583E+3
8.559024E+2	2.205971E+3
8.561485E+2	2.198550E+3
8.563945E+2	2.191118E+3
8.566406E+2	2.184244E+3
8.568866E+2	2.176654E+3
8.571326E+2	2.169550E+3
8.573786E+2	2.162140E+3
8.576246E+2	2.155239E+3
8.578706E+2	2.148157E+3
8.581166E+2	2.141178E+3
8.583625E+2	2.134260E+3
8.586085E+2	2.127293E+3
8.588544E+2	2.120200E+3
8.591004E+2	2.113654E+3
8.593463E+2	2.107413E+3
8.595922E+2	2.101107E+3
8.598381E+2	2.094195E+3
8.600840E+2	2.087856E+3
8.603299E+2	2.081790E+3
8.605758E+2	2.075370E+3
8.608217E+2	2.068610E+3
8.610675E+2	2.062107E+3
8.613134E+2	2.054982E+3
8.615592E+2	2.047987E+3
8.618051E+2	2.040572E+3
8.620509E+2	2.033386E+3
8.622967E+2	2.026266E+3
8.625425E+2	2.019277E+3
8.627883E+2	2.011790E+3
8.630341E+2	2.004277E+3
8.632799E+2	1.996555E+3
8.635257E+2	1.989370E+3
8.637715E+2	1.981484E+3
8.640172E+2	1.973714E+3
8.642630E+2	1.965610E+3
8.645087E+2	1.957353E+3
8.647544E+2	1.949446E+3
8.650001E+2	1.942015E+3
8.652459E+2	1.933965E+3
8.654916E+2	1.926282E+3
8.657372E+2	1.918971E+3
8.659829E+2	1.911998E+3
8.662286E+2	1.904933E+3
8.664743E+2	1.898299E+3
8.667199E+2	1.891583E+3
8.669656E+2	1.884392E+3
8.672112E+2	1.877495E+3
8.674568E+2	1.870463E+3
8.677024E+2	1.864266E+3
8.679481E+2	1.858539E+3
8.681937E+2	1.852517E+3
8.684392E+2	1.845255E+3
8.686848E+2	1.838135E+3
8.689304E+2	1.831293E+3
8.691760E+2	1.824714E+3
8.694215E+2	1.817818E+3
8.696671E+2	1.810435E+3
8.699126E+2	1.803605E+3
8.701581E+2	1.796998E+3
8.704036E+2	1.790222E+3
8.706491E+2	1.783687E+3
8.708946E+2	1.776124E+3
8.711401E+2	1.769331E+3
8.713856E+2	1.763189E+3
8.716311E+2	1.756774E+3
8.718766E+2	1.750304E+3
8.721220E+2	1.743698E+3
8.723674E+2	1.737299E+3
8.726129E+2	1.731348E+3
8.728583E+2	1.724867E+3
8.731037E+2	1.718676E+3
8.733491E+2	1.712064E+3
8.735945E+2	1.705381E+3
8.738399E+2	1.699698E+3
8.740853E+2	1.693643E+3
8.743307E+2	1.687790E+3
8.745760E+2	1.680801E+3
8.748214E+2	1.674594E+3
8.750667E+2	1.668064E+3
8.753121E+2	1.661020E+3
8.755574E+2	1.654479E+3
8.758027E+2	1.647692E+3
8.760480E+2	1.641501E+3
8.762933E+2	1.635326E+3
8.765386E+2	1.629293E+3
8.767839E+2	1.623195E+3
8.770291E+2	1.617075E+3
8.772744E+2	1.611277E+3
8.775196E+2	1.605468E+3
8.777649E+2	1.599982E+3
8.780101E+2	1.594834E+3
8.782553E+2	1.589168E+3
8.785006E+2	1.583424E+3
8.787458E+2	1.577883E+3
8.789910E+2	1.572916E+3
8.792361E+2	1.568408E+3
8.794813E+2	1.563687E+3
8.797265E+2	1.558501E+3
8.799717E+2	1.553107E+3
8.802168E+2	1.548441E+3
8.804619E+2	1.543747E+3
8.807071E+2	1.538703E+3
8.809522E+2	1.533878E+3
8.811973E+2	1.528004E+3
8.814424E+2	1.522572E+3
8.816875E+2	1.517676E+3
8.819326E+2	1.513157E+3
8.821777E+2	1.507867E+3
8.824227E+2	1.502588E+3
8.826678E+2	1.497534E+3
8.829128E+2	1.492381E+3
8.831579E+2	1.487096E+3
8.834029E+2	1.483211E+3
8.836479E+2	1.478605E+3
8.838929E+2	1.474151E+3
8.841379E+2	1.469878E+3
8.843829E+2	1.465282E+3
8.846279E+2	1.460976E+3
8.848729E+2	1.456233E+3
8.851179E+2	1.451807E+3
8.853628E+2	1.446894E+3
8.856078E+2	1.441927E+3
8.858527E+2	1.437572E+3
8.860976E+2	1.433140E+3
8.863425E+2	1.428752E+3
8.865875E+2	1.423927E+3
8.868324E+2	1.419331E+3
8.870772E+2	1.414293E+3
8.873221E+2	1.409790E+3
8.875670E+2	1.404785E+3
8.878119E+2	1.400304E+3
8.880567E+2	1.395545E+3
8.883016E+2	1.390719E+3
8.885464E+2	1.386244E+3
8.887912E+2	1.381856E+3
8.890360E+2	1.377075E+3
8.892809E+2	1.372326E+3
8.895257E+2	1.368173E+3
8.897704E+2	1.363446E+3
8.900152E+2	1.358851E+3
8.902600E+2	1.354610E+3
8.905048E+2	1.350042E+3
8.907495E+2	1.345627E+3
8.909943E+2	1.341140E+3
8.912390E+2	1.336834E+3
8.914837E+2	1.332665E+3
8.917284E+2	1.328359E+3
8.919731E+2	1.324222E+3
8.922178E+2	1.319747E+3
8.924625E+2	1.315654E+3
8.927072E+2	1.311288E+3
8.929519E+2	1.306402E+3
8.931965E+2	1.301993E+3
8.934412E+2	1.297659E+3
8.936858E+2	1.293758E+3
8.939305E+2	1.290118E+3
8.941751E+2	1.285883E+3
8.944197E+2	1.281594E+3
8.946643E+2	1.277206E+3
8.949089E+2	1.273036E+3
8.951535E+2	1.268342E+3
8.953981E+2	1.263545E+3
8.956426E+2	1.258916E+3
8.958872E+2	1.254146E+3
8.961317E+2	1.250135E+3
8.963763E+2	1.246107E+3
8.966208E+2	1.241463E+3
8.968653E+2	1.236823E+3
8.971098E+2	1.232359E+3
8.973543E+2	1.228249E+3
8.975988E+2	1.223670E+3
8.978433E+2	1.219364E+3
8.980878E+2	1.214637E+3
8.983323E+2	1.209840E+3
8.985767E+2	1.205211E+3
8.988212E+2	1.200523E+3
8.990656E+2	1.195616E+3
8.993100E+2	1.191189E+3
8.995545E+2	1.186140E+3
8.997989E+2	1.181299E+3
9.000433E+2	1.176441E+3
9.002877E+2	1.171829E+3
9.005320E+2	1.167758E+3
9.007764E+2	1.163659E+3
9.010208E+2	1.159550E+3
9.012651E+2	1.154829E+3
9.015095E+2	1.150293E+3
9.017538E+2	1.145982E+3
9.019981E+2	1.142009E+3
9.022425E+2	1.138157E+3
9.024868E+2	1.133993E+3
9.027311E+2	1.129512E+3
9.029754E+2	1.124916E+3
9.032196E+2	1.120495E+3
9.034639E+2	1.116594E+3
9.037082E+2	1.111637E+3
9.039524E+2	1.107321E+3
9.041967E+2	1.102605E+3
9.044409E+2	1.098031E+3
9.046851E+2	1.094025E+3
9.049293E+2	1.089741E+3
9.051736E+2	1.084922E+3
9.054177E+2	1.080845E+3
9.056619E+2	1.076665E+3
9.059061E+2	1.072402E+3
9.061503E+2	1.067998E+3
9.063944E+2	1.063523E+3
9.066386E+2	1.059249E+3
9.068827E+2	1.054637E+3
9.071269E+2	1.050441E+3
9.073710E+2	1.045845E+3
9.076151E+2	1.041676E+3
9.078592E+2	1.037435E+3
9.081033E+2	1.033441E+3
9.083474E+2	1.029534E+3
9.085915E+2	1.024965E+3
9.088355E+2	1.020408E+3
9.090796E+2	1.015960E+3
9.093236E+2	1.011523E+3
9.095677E+2	1.007315E+3
9.098117E+2	1.002249E+3
9.100557E+2	9.979981E+2
9.102997E+2	9.934735E+2
9.105437E+2	9.892167E+2
9.107877E+2	9.849107E+2
9.110317E+2	9.804134E+2
9.112757E+2	9.756320E+2
9.115197E+2	9.716593E+2
9.117636E+2	9.674025E+2
9.120076E+2	9.632003E+2
9.122515E+2	9.586211E+2
9.124954E+2	9.542167E+2
9.127393E+2	9.498506E+2
9.129832E+2	9.459325E+2
9.132271E+2	9.414626E+2
9.134710E+2	9.373861E+2
9.137149E+2	9.331730E+2
9.139588E+2	9.290473E+2
9.142026E+2	9.243315E+2
9.144465E+2	9.202713E+2
9.146903E+2	9.160364E+2
9.149342E+2	9.117850E+2
9.151780E+2	9.076866E+2
9.154218E+2	9.033041E+2
9.156656E+2	8.987631E+2
9.159094E+2	8.945555E+2
9.161532E+2	8.898888E+2
9.163970E+2	8.853315E+2
9.166408E+2	8.807140E+2
9.168845E+2	8.764244E+2
9.171283E+2	8.717358E+2
9.173720E+2	8.670036E+2
9.176157E+2	8.632604E+2
9.178595E+2	8.591129E+2
9.181032E+2	8.546703E+2
9.183469E+2	8.495227E+2
9.185906E+2	8.454189E+2
9.188343E+2	8.411129E+2
9.190779E+2	8.370528E+2
9.193216E+2	8.328943E+2
9.195653E+2	8.284626E+2
9.198089E+2	8.239216E+2
9.200525E+2	8.197140E+2
9.202962E+2	8.151948E+2
9.205398E+2	8.103697E+2
9.207834E+2	8.056101E+2
9.210270E+2	8.014571E+2
9.212706E+2	7.974735E+2
9.215142E+2	7.931402E+2
9.217577E+2	7.885828E+2
9.220013E+2	7.841402E+2
9.222449E+2	7.793752E+2
9.224884E+2	7.750091E+2
9.227319E+2	7.705500E+2
9.229755E+2	7.654899E+2
9.232190E+2	7.604462E+2
9.234625E+2	7.560692E+2
9.237060E+2	7.507905E+2
9.239495E+2	7.462276E+2
9.241930E+2	7.412495E+2
9.244364E+2	7.363369E+2
9.246799E+2	7.321129E+2
9.249233E+2	7.275555E+2
9.251668E+2	7.232276E+2
9.254102E+2	7.185500E+2
9.256536E+2	7.140091E+2
9.258971E+2	7.091238E+2
9.261405E+2	7.044025E+2
9.263839E+2	6.995172E+2
9.266272E+2	6.943424E+2
9.268706E+2	6.892987E+2
9.271140E+2	6.846539E+2
9.273573E+2	6.794571E+2
9.276007E+2	6.744025E+2
9.278440E+2	6.690364E+2
9.280874E+2	6.636375E+2
9.283307E+2	6.582932E+2
9.285740E+2	6.530856E+2
9.288173E+2	6.478014E+2
9.290606E+2	6.427468E+2
9.293039E+2	6.376921E+2
9.295471E+2	6.324681E+2
9.297904E+2	6.274134E+2
9.300337E+2	6.217358E+2
9.302769E+2	6.157905E+2
9.305201E+2	6.102167E+2
9.307634E+2	6.041238E+2
9.310066E+2	5.986648E+2
9.312498E+2	5.931402E+2
9.314930E+2	5.872331E+2
9.317362E+2	5.810801E+2
9.319794E+2	5.747959E+2
9.322225E+2	5.690637E+2
9.324657E+2	5.626265E+2
9.327088E+2	5.566703E+2
9.329520E+2	5.506812E+2
9.331951E+2	5.451238E+2
9.334382E+2	5.394626E+2
9.336814E+2	5.330692E+2
9.339245E+2	5.265391E+2
9.341676E+2	5.203260E+2
9.344106E+2	5.143806E+2
9.346537E+2	5.086539E+2
9.348968E+2	5.028506E+2
9.351398E+2	4.970364E+2
9.353829E+2	4.914244E+2
9.356259E+2	4.857741E+2
9.358690E+2	4.799708E+2
9.361120E+2	4.735719E+2
9.363550E+2	4.677631E+2
9.365980E+2	4.623478E+2
9.368410E+2	4.567358E+2
9.370840E+2	4.519599E+2
9.373269E+2	4.457850E+2
9.375699E+2	4.402713E+2
9.378129E+2	4.351402E+2
9.380558E+2	4.298233E+2
9.382987E+2	4.240528E+2
9.385417E+2	4.191621E+2
9.387846E+2	4.134899E+2
9.390275E+2	4.087140E+2
9.392704E+2	4.040364E+2
9.395133E+2	3.995938E+2
9.397562E+2	3.948451E+2
9.399990E+2	3.903096E+2
9.402419E+2	3.857522E+2
9.404847E+2	3.813478E+2
9.407276E+2	3.772222E+2
9.409704E+2	3.730801E+2
9.412132E+2	3.688670E+2
9.414560E+2	3.653369E+2
9.416988E+2	3.612440E+2
9.419416E+2	3.572768E+2
9.421844E+2	3.535938E+2
9.424272E+2	3.499817E+2
9.426700E+2	3.463861E+2
9.429127E+2	3.432550E+2
9.431555E+2	3.401019E+2
9.433982E+2	3.371511E+2
9.436409E+2	3.340692E+2
9.438837E+2	3.315446E+2
9.441264E+2	3.288888E+2
9.443691E+2	3.259653E+2
9.446118E+2	3.234353E+2
9.448544E+2	3.216703E+2
9.450971E+2	3.196211E+2
9.453398E+2	3.180091E+2
9.455824E+2	3.162003E+2
9.458251E+2	3.150473E+2
9.460677E+2	3.134462E+2
9.463103E+2	3.125172E+2
9.465530E+2	3.112112E+2
9.467956E+2	3.098779E+2
9.470382E+2	3.086866E+2
9.472807E+2	3.077413E+2
9.475233E+2	3.067686E+2
9.477659E+2	3.063861E+2
9.480084E+2	3.058123E+2
9.482510E+2	3.049107E+2
9.484935E+2	3.051621E+2
9.487361E+2	3.051129E+2
9.489786E+2	3.056101E+2
9.492211E+2	3.053424E+2
9.494636E+2	3.049981E+2
9.497061E+2	3.046101E+2
9.499486E+2	3.043369E+2
9.501911E+2	3.042877E+2
9.504335E+2	3.040746E+2
9.506760E+2	3.040200E+2
9.509184E+2	3.043151E+2
9.511609E+2	3.042550E+2
9.514033E+2	3.045172E+2
9.516457E+2	3.045719E+2
9.518881E+2	3.042440E+2
9.521305E+2	3.042058E+2
9.523729E+2	3.046648E+2
9.526153E+2	3.051183E+2
9.528576E+2	3.051621E+2
9.531000E+2	3.055336E+2
9.533424E+2	3.057522E+2
9.535847E+2	3.061183E+2
9.538270E+2	3.063588E+2
9.540694E+2	3.063697E+2
9.543117E+2	3.060145E+2
9.545540E+2	3.060418E+2
9.547963E+2	3.059653E+2
9.550386E+2	3.060856E+2
9.552808E+2	3.060364E+2
9.555231E+2	3.060091E+2
9.557654E+2	3.055828E+2
9.560076E+2	3.055774E+2
9.562498E+2	3.053096E+2
9.564921E+2	3.058287E+2
9.567343E+2	3.056703E+2
9.569765E+2	3.057959E+2
9.572187E+2	3.055336E+2
9.574609E+2	3.052550E+2
9.577031E+2	3.047795E+2
9.579452E+2	3.046812E+2
9.581874E+2	3.041948E+2
9.584296E+2	3.039271E+2
9.586717E+2	3.031457E+2
9.589138E+2	3.025282E+2
9.591560E+2	3.023533E+2
9.593981E+2	3.017850E+2
9.596402E+2	3.011347E+2
9.598823E+2	3.005610E+2
9.601244E+2	2.994517E+2
9.603664E+2	2.992386E+2
9.606085E+2	2.982386E+2
9.608506E+2	2.976593E+2
9.610926E+2	2.965336E+2
9.613347E+2	2.960200E+2
9.615767E+2	2.953588E+2
9.618187E+2	2.949544E+2
9.620607E+2	2.940309E+2
9.623027E+2	2.936484E+2
9.625447E+2	2.929271E+2
9.627867E+2	2.920145E+2
9.630287E+2	2.911457E+2
9.632706E+2	2.895009E+2
9.635126E+2	2.888834E+2
9.637545E+2	2.874899E+2
9.639965E+2	2.868888E+2
9.642384E+2	2.859544E+2
9.644803E+2	2.851293E+2
9.647222E+2	2.840746E+2
9.649641E+2	2.828397E+2
9.652060E+2	2.818069E+2
9.654479E+2	2.808233E+2
9.656897E+2	2.797085E+2
9.659316E+2	2.785555E+2
9.661734E+2	2.770145E+2
9.664153E+2	2.757905E+2
9.666571E+2	2.747030E+2
9.668989E+2	2.746593E+2
9.671408E+2	2.736921E+2
9.673826E+2	2.725172E+2
9.676243E+2	2.718779E+2
9.678661E+2	2.708014E+2
9.681079E+2	2.698123E+2
9.683497E+2	2.687358E+2
9.685914E+2	2.676757E+2
9.688332E+2	2.665610E+2
9.690749E+2	2.654790E+2
9.693166E+2	2.642550E+2
9.695583E+2	2.631948E+2
9.698001E+2	2.617850E+2
9.700417E+2	2.604134E+2
9.702834E+2	2.590692E+2
9.705251E+2	2.579162E+2
9.707668E+2	2.567850E+2
9.710084E+2	2.555172E+2
9.712501E+2	2.539927E+2
9.714917E+2	2.528233E+2
9.717334E+2	2.516375E+2
9.719750E+2	2.506156E+2
9.722166E+2	2.497249E+2
9.724582E+2	2.486812E+2
9.726998E+2	2.470910E+2
9.729414E+2	2.458342E+2
9.731830E+2	2.441129E+2
9.734245E+2	2.429927E+2
9.736661E+2	2.414954E+2
9.739076E+2	2.404790E+2
9.741492E+2	2.387631E+2
9.743907E+2	2.373205E+2
9.746322E+2	2.361511E+2
9.748737E+2	2.351402E+2
9.751152E+2	2.340036E+2
9.753567E+2	2.326429E+2
9.755982E+2	2.314353E+2
9.758396E+2	2.301894E+2
9.760811E+2	2.284899E+2
9.763226E+2	2.277795E+2
9.765640E+2	2.265610E+2
9.768054E+2	2.250473E+2
9.770468E+2	2.231730E+2
9.772883E+2	2.217959E+2
9.775297E+2	2.204571E+2
9.777711E+2	2.195446E+2
9.780124E+2	2.185883E+2
9.782538E+2	2.171293E+2
9.784952E+2	2.158123E+2
9.787365E+2	2.140637E+2
9.789779E+2	2.127249E+2
9.792192E+2	2.114407E+2
9.794605E+2	2.101019E+2
9.797019E+2	2.092604E+2
9.799432E+2	2.081293E+2
9.801845E+2	2.065172E+2
9.804257E+2	2.054080E+2
9.806670E+2	2.044025E+2
9.809083E+2	2.035555E+2
9.811496E+2	2.031457E+2
9.813908E+2	2.015938E+2
9.816320E+2	1.997850E+2
9.818733E+2	1.981074E+2
9.821145E+2	1.968342E+2
9.823557E+2	1.956648E+2
9.825969E+2	1.947850E+2
9.828381E+2	1.934954E+2
9.830793E+2	1.923041E+2
9.833205E+2	1.906484E+2
9.835616E+2	1.896047E+2
9.838028E+2	1.881457E+2
9.840439E+2	1.868397E+2
9.842851E+2	1.853806E+2
9.845262E+2	1.842495E+2
9.847673E+2	1.833260E+2
9.850084E+2	1.824571E+2
9.852495E+2	1.817850E+2
9.854906E+2	1.803697E+2
9.857317E+2	1.793315E+2
9.859727E+2	1.779872E+2
9.862138E+2	1.771074E+2
9.864549E+2	1.761457E+2
9.866959E+2	1.748834E+2
9.869369E+2	1.737085E+2
9.871779E+2	1.726648E+2
9.874190E+2	1.718615E+2
9.876600E+2	1.709162E+2
9.879010E+2	1.707468E+2
9.881419E+2	1.699872E+2
9.883829E+2	1.696812E+2
9.886239E+2	1.682604E+2
9.888648E+2	1.678287E+2
9.891058E+2	1.673970E+2
9.893467E+2	1.668560E+2
9.895876E+2	1.659981E+2
9.898285E+2	1.648834E+2
9.900695E+2	1.640692E+2
9.903104E+2	1.630910E+2
9.905512E+2	1.626211E+2
9.907921E+2	1.623642E+2
9.910330E+2	1.614571E+2
9.912738E+2	1.605336E+2
9.915147E+2	1.603315E+2
9.917555E+2	1.598233E+2
9.919964E+2	1.591402E+2
9.922372E+2	1.583697E+2
9.924780E+2	1.577140E+2
9.927188E+2	1.571019E+2
9.929596E+2	1.567741E+2
9.932004E+2	1.559107E+2
9.934411E+2	1.549271E+2
9.936819E+2	1.541730E+2
9.939227E+2	1.535063E+2
9.941634E+2	1.533752E+2
9.944041E+2	1.526703E+2
9.946449E+2	1.519981E+2
9.948856E+2	1.516320E+2
9.951263E+2	1.505774E+2
9.953670E+2	1.499325E+2
9.956077E+2	1.493041E+2
9.958483E+2	1.481675E+2
9.960890E+2	1.475992E+2
9.963297E+2	1.467795E+2
9.965703E+2	1.461675E+2
9.968109E+2	1.455719E+2
9.970516E+2	1.446976E+2
9.972922E+2	1.436211E+2
9.975328E+2	1.428834E+2
9.977734E+2	1.417905E+2
9.980140E+2	1.409325E+2
9.982546E+2	1.400965E+2
9.984951E+2	1.395282E+2
9.987357E+2	1.387030E+2
9.989763E+2	1.382167E+2
9.992168E+2	1.373369E+2
9.994573E+2	1.364790E+2
9.996978E+2	1.353916E+2
9.999384E+2	1.341730E+2
1.000179E+3	1.332713E+2
1.000419E+3	1.322987E+2
1.000660E+3	1.317686E+2
1.000900E+3	1.307577E+2
1.001141E+3	1.297358E+2
1.001381E+3	1.292713E+2
1.001622E+3	1.283970E+2
1.001862E+3	1.278888E+2
1.002103E+3	1.271019E+2
1.002343E+3	1.263861E+2
1.002583E+3	1.252440E+2
1.002824E+3	1.240145E+2
1.003064E+3	1.228451E+2
1.003305E+3	1.223916E+2
1.003545E+3	1.214571E+2
1.003785E+3	1.201948E+2
1.004026E+3	1.191129E+2
1.004266E+3	1.185063E+2
1.004506E+3	1.176593E+2
1.004747E+3	1.170582E+2
1.004987E+3	1.162058E+2
1.005227E+3	1.151019E+2
1.005468E+3	1.139052E+2
1.005708E+3	1.127413E+2
1.005948E+3	1.118451E+2
1.006188E+3	1.106866E+2
1.006429E+3	1.099489E+2
1.006669E+3	1.092877E+2
1.006909E+3	1.086429E+2
1.007149E+3	1.076429E+2
1.007390E+3	1.068888E+2
1.007630E+3	1.055118E+2
1.007870E+3	1.047686E+2
1.008110E+3	1.043260E+2
1.008350E+3	1.041730E+2
1.008590E+3	1.037577E+2
1.008831E+3	1.025938E+2
1.009071E+3	1.017249E+2
1.009311E+3	1.008998E+2
1.009551E+3	9.983965E+1
1.009791E+3	9.892708E+1
1.010031E+3	9.794894E+1
1.010271E+3	9.715113E+1
1.010511E+3	9.626042E+1
1.010752E+3	9.581233E+1
1.010992E+3	9.545714E+1
1.011232E+3	9.505823E+1
1.011472E+3	9.404184E+1
1.011712E+3	9.300359E+1
1.011952E+3	9.234238E+1
1.012192E+3	9.148446E+1
1.012432E+3	9.089430E+1
1.012672E+3	9.022217E+1
1.012912E+3	8.974129E+1
1.013152E+3	8.916752E+1
1.013392E+3	8.847900E+1
1.013632E+3	8.760468E+1
1.013872E+3	8.707463E+1
1.014112E+3	8.652818E+1
1.014352E+3	8.618391E+1
1.014591E+3	8.575769E+1
1.014831E+3	8.525495E+1
1.015071E+3	8.486697E+1
1.015311E+3	8.408555E+1
1.015551E+3	8.344075E+1
1.015791E+3	8.291616E+1
1.016031E+3	8.231506E+1
1.016271E+3	8.198719E+1
1.016511E+3	8.110741E+1
1.016750E+3	8.069211E+1
1.016990E+3	7.977954E+1
1.017230E+3	7.916206E+1
1.017470E+3	7.895987E+1
1.017710E+3	7.861014E+1
1.017949E+3	7.805277E+1
1.018189E+3	7.758829E+1
1.018429E+3	7.715113E+1
1.018669E+3	7.667572E+1
1.018908E+3	7.585605E+1
1.019148E+3	7.521124E+1
1.019388E+3	7.441889E+1
1.019628E+3	7.393801E+1
1.019867E+3	7.345714E+1
1.020107E+3	7.297626E+1
1.020347E+3	7.234238E+1
1.020586E+3	7.146260E+1
1.020826E+3	7.100905E+1
1.021066E+3	7.033146E+1
1.021305E+3	6.962107E+1
1.021545E+3	6.914566E+1
1.021785E+3	6.845167E+1
1.022024E+3	6.806370E+1
1.022264E+3	6.809648E+1
1.022504E+3	6.764293E+1
1.022743E+3	6.718391E+1
1.022983E+3	6.630413E+1
1.023222E+3	6.529867E+1
1.023462E+3	6.509102E+1
1.023702E+3	6.443528E+1
1.023941E+3	6.405823E+1
1.024181E+3	6.376861E+1
1.024420E+3	6.327135E+1
1.024660E+3	6.285058E+1
1.024899E+3	6.207463E+1
1.025139E+3	6.145167E+1
1.025378E+3	6.082872E+1
1.025618E+3	6.003637E+1
1.025857E+3	5.918938E+1
1.026097E+3	5.859375E+1
1.026336E+3	5.832053E+1
1.026575E+3	5.792162E+1
1.026815E+3	5.758282E+1
1.027054E+3	5.741342E+1
1.027294E+3	5.719484E+1
1.027533E+3	5.648993E+1
1.027773E+3	5.617299E+1
1.028012E+3	5.598173E+1
1.028251E+3	5.567572E+1
1.028491E+3	5.534238E+1
1.028730E+3	5.480140E+1
1.028969E+3	5.436424E+1
1.029209E+3	5.392162E+1
1.029448E+3	5.363200E+1
1.029687E+3	5.332053E+1
1.029927E+3	5.289430E+1
1.030166E+3	5.237517E+1
1.030405E+3	5.195441E+1
1.030645E+3	5.094894E+1
1.030884E+3	5.002544E+1
1.031123E+3	4.952271E+1
1.031362E+3	4.888883E+1
1.031602E+3	4.882326E+1
1.031841E+3	4.815113E+1
1.032080E+3	4.762654E+1
1.032319E+3	4.681779E+1
1.032558E+3	4.618391E+1
1.032798E+3	4.579047E+1
1.033037E+3	4.562654E+1
1.033276E+3	4.523856E+1
1.033515E+3	4.507463E+1
1.033754E+3	4.459922E+1
1.033993E+3	4.426042E+1
1.034233E+3	4.392708E+1
1.034472E+3	4.350632E+1
1.034711E+3	4.335331E+1
1.034950E+3	4.312381E+1
1.035189E+3	4.259922E+1
1.035428E+3	4.192162E+1
1.035667E+3	4.141342E+1
1.035906E+3	4.112381E+1
1.036145E+3	4.112927E+1
1.036384E+3	4.106370E+1
1.036623E+3	4.046260E+1
1.036862E+3	3.995987E+1
1.037101E+3	3.935331E+1
1.037340E+3	3.891616E+1
1.037579E+3	3.841889E+1
1.037818E+3	3.817845E+1
1.038057E+3	3.741342E+1
1.038296E+3	3.722763E+1
1.038535E+3	3.693255E+1
1.038774E+3	3.677408E+1
1.039013E+3	3.662107E+1
1.039252E+3	3.610195E+1
1.039491E+3	3.589430E+1
1.039730E+3	3.579047E+1
1.039969E+3	3.583965E+1
1.040208E+3	3.542435E+1
1.040447E+3	3.503091E+1
1.040685E+3	3.495987E+1
1.040924E+3	3.476315E+1
1.041163E+3	3.432053E+1
1.041402E+3	3.370850E+1
1.041641E+3	3.336971E+1
1.041880E+3	3.297080E+1
1.042118E+3	3.285605E+1
1.042357E+3	3.220577E+1
1.042596E+3	3.194348E+1
1.042835E+3	3.159922E+1
1.043074E+3	3.121124E+1
1.043312E+3	3.088883E+1
1.043551E+3	3.060468E+1
1.043790E+3	3.098173E+1
1.044029E+3	3.073036E+1
1.044267E+3	2.997080E+1
1.044506E+3	2.974129E+1
1.044745E+3	2.964840E+1
1.044983E+3	2.950632E+1
1.045222E+3	2.966479E+1
1.045461E+3	2.952271E+1
1.045699E+3	2.915659E+1
1.045938E+3	2.891616E+1
1.046177E+3	2.816752E+1
1.046415E+3	2.798719E+1
1.046654E+3	2.744621E+1
1.046893E+3	2.754457E+1
1.047131E+3	2.755550E+1
1.047370E+3	2.747353E+1
1.047608E+3	2.711834E+1
1.047847E+3	2.670850E+1
1.048086E+3	2.608009E+1
1.048324E+3	2.625495E+1
1.048563E+3	2.611834E+1
1.048801E+3	2.583419E+1
1.049040E+3	2.555550E+1
1.049278E+3	2.493255E+1
1.049517E+3	2.476315E+1
1.049755E+3	2.491616E+1
1.049994E+3	2.512927E+1
1.050232E+3	2.528774E+1
1.050471E+3	2.470850E+1
1.050709E+3	2.363747E+1
1.050948E+3	2.318938E+1
1.051186E+3	2.334785E+1
1.051424E+3	2.311834E+1
1.051663E+3	2.318938E+1
1.051901E+3	2.266479E+1
1.052140E+3	2.240249E+1
1.052378E+3	2.247900E+1
1.052616E+3	2.240249E+1
1.052855E+3	2.218938E+1
1.053093E+3	2.206370E+1
1.053332E+3	2.148446E+1
1.053570E+3	2.150632E+1
1.053808E+3	2.157736E+1
1.054047E+3	2.155004E+1
1.054285E+3	2.159922E+1
1.054523E+3	2.110195E+1
1.054761E+3	2.091069E+1
1.055000E+3	2.074129E+1
1.055238E+3	2.041342E+1
1.055476E+3	1.985605E+1
1.055715E+3	1.989430E+1
1.055953E+3	1.979047E+1
1.056191E+3	1.947353E+1
1.056429E+3	1.961014E+1
1.056667E+3	1.930413E+1
1.056906E+3	1.939157E+1
1.057144E+3	1.918938E+1
1.057382E+3	1.899812E+1
1.057620E+3	1.909648E+1
1.057858E+3	1.918391E+1
1.058097E+3	1.903091E+1
1.058335E+3	1.796534E+1
1.058573E+3	1.774129E+1
1.058811E+3	1.798173E+1
1.059049E+3	1.850085E+1
1.059287E+3	1.834785E+1
1.059525E+3	1.787244E+1
1.059763E+3	1.740796E+1
1.060001E+3	1.745167E+1
1.060239E+3	1.726588E+1
1.060478E+3	1.697626E+1
1.060716E+3	1.703091E+1
1.060954E+3	1.722763E+1
1.061192E+3	1.774129E+1
1.061430E+3	1.744075E+1
1.061668E+3	1.685058E+1
1.061906E+3	1.638610E+1
1.062144E+3	1.590523E+1
1.062382E+3	1.575222E+1
1.062620E+3	1.583965E+1
1.062858E+3	1.523856E+1
1.063096E+3	1.486697E+1
1.063333E+3	1.460468E+1
1.063571E+3	1.445714E+1
1.063809E+3	1.445167E+1
1.064047E+3	1.420031E+1
1.064285E+3	1.411834E+1
1.064523E+3	1.367572E+1
1.064761E+3	1.351725E+1
1.064999E+3	1.387244E+1
1.065237E+3	1.418391E+1
1.065474E+3	1.430413E+1
1.065712E+3	1.358829E+1
1.065950E+3	1.312927E+1
1.066188E+3	1.318938E+1
1.066426E+3	1.370850E+1
1.066664E+3	1.359922E+1
1.066901E+3	1.338064E+1
1.067139E+3	1.344075E+1
1.067377E+3	1.329320E+1
1.067615E+3	1.297626E+1
1.067852E+3	1.286151E+1
1.068090E+3	1.225495E+1
1.068328E+3	1.186697E+1
1.068566E+3	1.147900E+1
1.068803E+3	1.091069E+1
1.069041E+3	1.048446E+1
1.069279E+3	1.056096E+1
1.069516E+3	1.042435E+1
1.069754E+3	1.017299E+1
1.069992E+3	1.009102E+1
1.070229E+3	9.801401E+0
1.070467E+3	9.992658E+0
1.070705E+3	1.004730E+1
1.070942E+3	9.610144E+0
1.071180E+3	9.304133E+0
1.071418E+3	8.724898E+0
1.071655E+3	8.637467E+0
1.071893E+3	8.506319E+0
1.072130E+3	8.271347E+0
1.072368E+3	8.036374E+0
1.072605E+3	7.856046E+0
1.072843E+3	8.238560E+0
1.073081E+3	8.276811E+0
1.073318E+3	8.293204E+0
1.073556E+3	7.828724E+0
1.073793E+3	7.675718E+0
1.074031E+3	7.959871E+0
1.074268E+3	7.954407E+0
1.074506E+3	8.052767E+0
1.074743E+3	8.511784E+0
1.074981E+3	8.320527E+0
1.075218E+3	8.708505E+0
1.075455E+3	8.582822E+0
1.075693E+3	8.069161E+0
1.075930E+3	7.850581E+0
1.076168E+3	7.888833E+0
1.076405E+3	8.052767E+0
1.076642E+3	8.418887E+0
1.076880E+3	8.495390E+0
1.077117E+3	8.298669E+0
1.077355E+3	8.719434E+0
1.077592E+3	8.850581E+0
1.077829E+3	8.861510E+0
1.078067E+3	9.276811E+0
1.078304E+3	9.451674E+0
1.078541E+3	9.905226E+0
1.078779E+3	1.018391E+1
1.079016E+3	1.039157E+1
1.079253E+3	1.035878E+1
1.079490E+3	9.703040E+0
1.079728E+3	9.719434E+0
1.079965E+3	9.331456E+0
1.080202E+3	9.254953E+0
1.080439E+3	9.233095E+0
1.080677E+3	8.899762E+0
1.080914E+3	8.653860E+0
1.081151E+3	8.768614E+0
1.081388E+3	8.812330E+0
1.081625E+3	8.785008E+0
1.081863E+3	8.560964E+0
1.082100E+3	8.511784E+0
1.082337E+3	8.358778E+0
1.082574E+3	8.938013E+0
1.082811E+3	9.347849E+0
1.083048E+3	9.260418E+0
1.083285E+3	8.828724E+0
1.083522E+3	8.910691E+0
1.083760E+3	8.987193E+0
1.083997E+3	8.998122E+0
1.084234E+3	9.085554E+0
1.084471E+3	9.134734E+0
1.084708E+3	9.271347E+0
1.084945E+3	9.320527E+0
1.085182E+3	9.134734E+0
1.085419E+3	9.500855E+0
1.085656E+3	9.823259E+0
1.085893E+3	1.024402E+1
1.086130E+3	1.025495E+1
1.086367E+3	1.051725E+1
1.086604E+3	1.057736E+1
1.086841E+3	1.071943E+1
1.087078E+3	1.042435E+1
1.087315E+3	1.029867E+1
1.087552E+3	9.981729E+0
1.087789E+3	9.801401E+0
1.088026E+3	9.227631E+0
1.088262E+3	9.080090E+0
1.088499E+3	9.036374E+0
1.088736E+3	9.151128E+0
1.088973E+3	8.845117E+0
1.089210E+3	8.604680E+0
1.089447E+3	8.511784E+0
1.089684E+3	7.970800E+0
1.089921E+3	7.730363E+0
1.090157E+3	8.047303E+0
1.090394E+3	8.019980E+0
1.090631E+3	8.287740E+0
1.090868E+3	8.418887E+0
1.091105E+3	8.227631E+0
1.091341E+3	8.260418E+0
1.091578E+3	8.435281E+0
1.091815E+3	8.140199E+0
1.092052E+3	8.265882E+0
1.092288E+3	8.621073E+0
1.092525E+3	8.347849E+0
1.092762E+3	8.096483E+0
1.092999E+3	7.593751E+0
1.093235E+3	7.407959E+0
1.093472E+3	7.156592E+0
1.093709E+3	6.938013E+0
1.093945E+3	7.293204E+0
1.094182E+3	7.222166E+0
1.094419E+3	7.380636E+0
1.094655E+3	7.369707E+0
1.094892E+3	7.369707E+0
1.095128E+3	7.478997E+0
1.095365E+3	7.380636E+0
1.095602E+3	7.222166E+0
1.095838E+3	6.905226E+0
1.096075E+3	6.888833E+0
1.096311E+3	7.096483E+0
1.096548E+3	7.205773E+0
1.096784E+3	7.298669E+0
1.097021E+3	7.271347E+0
1.097258E+3	7.069161E+0
1.097494E+3	7.047303E+0
1.097731E+3	7.599215E+0
1.097967E+3	7.468068E+0
1.098204E+3	7.244024E+0
1.098440E+3	7.244024E+0
1.098677E+3	7.397030E+0
1.098913E+3	7.522713E+0
1.099149E+3	7.440745E+0
1.099386E+3	7.091019E+0
1.099622E+3	7.200308E+0
1.099859E+3	6.653860E+0
1.100095E+3	6.233095E+0
1.100332E+3	6.391565E+0
1.100568E+3	6.369707E+0
1.100804E+3	6.151128E+0
1.101041E+3	5.877904E+0
1.101277E+3	5.632002E+0
1.101513E+3	5.817795E+0
1.101750E+3	6.041838E+0
1.101986E+3	6.582822E+0
1.102222E+3	6.735827E+0
1.102459E+3	7.325991E+0
1.102695E+3	7.621073E+0
1.102931E+3	7.550035E+0
1.103168E+3	7.577357E+0
1.103404E+3	7.872439E+0
1.103640E+3	7.883368E+0
1.103876E+3	8.336920E+0
1.104113E+3	8.785008E+0
1.104349E+3	8.943478E+0
1.104585E+3	9.009051E+0
1.104821E+3	9.052767E+0
1.105057E+3	8.697576E+0
1.105294E+3	8.648396E+0
1.105530E+3	8.850581E+0
1.105766E+3	8.703040E+0
1.106002E+3	8.588286E+0
1.106238E+3	8.779543E+0
1.106474E+3	8.806866E+0
1.106711E+3	8.424352E+0
1.106947E+3	8.129270E+0
1.107183E+3	8.036374E+0
1.107419E+3	8.019980E+0
1.107655E+3	7.533642E+0
1.107891E+3	7.555500E+0
1.108127E+3	4.167521E+0
1.108363E+3	-2.499145E+0
1.108599E+3	3.167521E+0
1.108835E+3	2.783419E+1
1.109071E+3	3.016752E+1
1.109307E+3	1.816752E+1
1.109543E+3	2.050085E+1
1.109779E+3	1.616752E+1
1.110015E+3	1.350085E+1
1.110251E+3	6.167521E+0
1.110487E+3	1.983419E+1
1.110723E+3	9.167521E+0
1.110959E+3	1.850085E+1
1.111195E+3	2.116752E+1
1.111431E+3	1.183419E+1
1.111667E+3	2.083419E+1
1.111903E+3	-1.832479E+0
1.112139E+3	-1.249915E+1
1.112375E+3	1.616752E+1
1.112611E+3	1.750085E+1
1.112847E+3	3.167521E+0
1.113082E+3	3.167521E+0
1.113318E+3	1.650085E+1
1.113554E+3	1.616752E+1
1.113790E+3	-4.991453E-1
1.114026E+3	-5.165812E+0
1.114262E+3	-6.499145E+0
1.114497E+3	5.008547E-1
1.114733E+3	-1.083248E+1
1.114969E+3	-1.832479E+0
