1.951292E+2	0.000000E+0
1.953960E+2	0.000000E+0
1.956629E+2	0.000000E+0
1.959298E+2	0.000000E+0
1.961966E+2	0.000000E+0
1.964635E+2	0.000000E+0
1.967303E+2	0.000000E+0
1.969972E+2	0.000000E+0
1.972640E+2	0.000000E+0
1.975308E+2	0.000000E+0
1.977977E+2	0.000000E+0
1.980645E+2	0.000000E+0
1.983313E+2	0.000000E+0
1.985981E+2	0.000000E+0
1.988649E+2	0.000000E+0
1.991316E+2	0.000000E+0
1.993984E+2	0.000000E+0
1.996652E+2	0.000000E+0
1.999320E+2	0.000000E+0
2.001987E+2	0.000000E+0
2.004655E+2	0.000000E+0
2.007322E+2	0.000000E+0
2.009989E+2	0.000000E+0
2.012657E+2	0.000000E+0
2.015324E+2	0.000000E+0
2.017991E+2	0.000000E+0
2.020658E+2	0.000000E+0
2.023325E+2	0.000000E+0
2.025992E+2	0.000000E+0
2.028659E+2	0.000000E+0
2.031326E+2	0.000000E+0
2.033992E+2	0.000000E+0
2.036659E+2	0.000000E+0
2.039325E+2	0.000000E+0
2.041992E+2	0.000000E+0
2.044658E+2	0.000000E+0
2.047325E+2	0.000000E+0
2.049991E+2	0.000000E+0
2.052657E+2	0.000000E+0
2.055323E+2	0.000000E+0
2.057989E+2	0.000000E+0
2.060655E+2	0.000000E+0
2.063321E+2	0.000000E+0
2.065987E+2	0.000000E+0
2.068653E+2	0.000000E+0
2.071319E+2	0.000000E+0
2.073984E+2	0.000000E+0
2.076650E+2	0.000000E+0
2.079315E+2	0.000000E+0
2.081981E+2	0.000000E+0
2.084646E+2	0.000000E+0
2.087311E+2	0.000000E+0
2.089977E+2	0.000000E+0
2.092642E+2	0.000000E+0
2.095307E+2	0.000000E+0
2.097972E+2	0.000000E+0
2.100637E+2	0.000000E+0
2.103302E+2	0.000000E+0
2.105966E+2	0.000000E+0
2.108631E+2	0.000000E+0
2.111296E+2	0.000000E+0
2.113960E+2	0.000000E+0
2.116625E+2	0.000000E+0
2.119289E+2	0.000000E+0
2.121954E+2	0.000000E+0
2.124618E+2	0.000000E+0
2.127282E+2	0.000000E+0
2.129946E+2	0.000000E+0
2.132610E+2	0.000000E+0
2.135274E+2	0.000000E+0
2.137938E+2	0.000000E+0
2.140602E+2	0.000000E+0
2.143266E+2	0.000000E+0
2.145930E+2	0.000000E+0
2.148593E+2	0.000000E+0
2.151257E+2	0.000000E+0
2.153920E+2	0.000000E+0
2.156584E+2	0.000000E+0
2.159247E+2	0.000000E+0
2.161910E+2	0.000000E+0
2.164574E+2	0.000000E+0
2.167237E+2	0.000000E+0
2.169900E+2	0.000000E+0
2.172563E+2	0.000000E+0
2.175226E+2	0.000000E+0
2.177889E+2	0.000000E+0
2.180551E+2	0.000000E+0
2.183214E+2	0.000000E+0
2.185877E+2	0.000000E+0
2.188539E+2	0.000000E+0
2.191202E+2	0.000000E+0
2.193864E+2	0.000000E+0
2.196527E+2	0.000000E+0
2.199189E+2	0.000000E+0
2.201851E+2	0.000000E+0
2.204513E+2	0.000000E+0
2.207175E+2	0.000000E+0
2.209837E+2	0.000000E+0
2.212499E+2	0.000000E+0
2.215161E+2	0.000000E+0
2.217823E+2	0.000000E+0
2.220485E+2	0.000000E+0
2.223146E+2	0.000000E+0
2.225808E+2	0.000000E+0
2.228469E+2	0.000000E+0
2.231131E+2	0.000000E+0
2.233792E+2	0.000000E+0
2.236453E+2	0.000000E+0
2.239115E+2	0.000000E+0
2.241776E+2	0.000000E+0
2.244437E+2	0.000000E+0
2.247098E+2	0.000000E+0
2.249759E+2	0.000000E+0
2.252420E+2	0.000000E+0
2.255080E+2	0.000000E+0
2.257741E+2	0.000000E+0
2.260402E+2	0.000000E+0
2.263062E+2	0.000000E+0
2.265723E+2	0.000000E+0
2.268383E+2	0.000000E+0
2.271044E+2	0.000000E+0
2.273704E+2	0.000000E+0
2.276364E+2	0.000000E+0
2.279024E+2	0.000000E+0
2.281684E+2	0.000000E+0
2.284344E+2	0.000000E+0
2.287004E+2	0.000000E+0
2.289664E+2	0.000000E+0
2.292324E+2	0.000000E+0
2.294984E+2	0.000000E+0
2.297643E+2	0.000000E+0
2.300303E+2	0.000000E+0
2.302962E+2	0.000000E+0
2.305622E+2	0.000000E+0
2.308281E+2	0.000000E+0
2.310940E+2	0.000000E+0
2.313599E+2	0.000000E+0
2.316259E+2	0.000000E+0
2.318918E+2	0.000000E+0
2.321577E+2	0.000000E+0
2.324236E+2	0.000000E+0
2.326894E+2	0.000000E+0
2.329553E+2	0.000000E+0
2.332212E+2	0.000000E+0
2.334871E+2	0.000000E+0
2.337529E+2	0.000000E+0
2.340188E+2	0.000000E+0
2.342846E+2	0.000000E+0
2.345504E+2	0.000000E+0
2.348163E+2	0.000000E+0
2.350821E+2	0.000000E+0
2.353479E+2	0.000000E+0
2.356137E+2	0.000000E+0
2.358795E+2	0.000000E+0
2.361453E+2	0.000000E+0
2.364111E+2	0.000000E+0
2.366769E+2	0.000000E+0
2.369426E+2	0.000000E+0
2.372084E+2	0.000000E+0
2.374741E+2	0.000000E+0
2.377399E+2	0.000000E+0
2.380056E+2	0.000000E+0
2.382714E+2	0.000000E+0
2.385371E+2	0.000000E+0
2.388028E+2	0.000000E+0
2.390685E+2	0.000000E+0
2.393342E+2	0.000000E+0
2.395999E+2	0.000000E+0
2.398656E+2	0.000000E+0
2.401313E+2	0.000000E+0
2.403970E+2	0.000000E+0
2.406626E+2	0.000000E+0
2.409283E+2	0.000000E+0
2.411940E+2	0.000000E+0
2.414596E+2	0.000000E+0
2.417252E+2	0.000000E+0
2.419909E+2	0.000000E+0
2.422565E+2	0.000000E+0
2.425221E+2	0.000000E+0
2.427877E+2	0.000000E+0
2.430533E+2	0.000000E+0
2.433189E+2	0.000000E+0
2.435845E+2	0.000000E+0
2.438501E+2	0.000000E+0
2.441157E+2	0.000000E+0
2.443812E+2	0.000000E+0
2.446468E+2	0.000000E+0
2.449124E+2	0.000000E+0
2.451779E+2	0.000000E+0
2.454434E+2	0.000000E+0
2.457090E+2	0.000000E+0
2.459745E+2	0.000000E+0
2.462400E+2	0.000000E+0
2.465055E+2	0.000000E+0
2.467710E+2	0.000000E+0
2.470365E+2	0.000000E+0
2.473020E+2	0.000000E+0
2.475675E+2	0.000000E+0
2.478330E+2	0.000000E+0
2.480984E+2	0.000000E+0
2.483639E+2	0.000000E+0
2.486294E+2	0.000000E+0
2.488948E+2	0.000000E+0
2.491602E+2	0.000000E+0
2.494257E+2	0.000000E+0
2.496911E+2	0.000000E+0
2.499565E+2	0.000000E+0
2.502219E+2	3.966541E+0
2.504873E+2	4.086759E+0
2.507527E+2	3.819000E+0
2.510181E+2	3.961076E+0
2.512835E+2	3.846322E+0
2.515489E+2	3.764355E+0
2.518142E+2	3.911896E+0
2.520796E+2	4.321732E+0
2.523449E+2	4.447415E+0
2.526103E+2	4.578562E+0
2.528756E+2	4.507524E+0
2.531409E+2	4.441950E+0
2.534063E+2	4.491131E+0
2.536716E+2	5.086759E+0
2.539369E+2	5.245229E+0
2.542022E+2	5.529382E+0
2.544675E+2	5.310803E+0
2.547328E+2	5.294409E+0
2.549980E+2	5.523918E+0
2.552633E+2	5.436486E+0
2.555286E+2	5.551240E+0
2.557938E+2	5.835393E+0
2.560591E+2	6.474737E+0
2.563243E+2	6.507524E+0
2.565896E+2	6.605885E+0
2.568548E+2	6.906431E+0
2.571200E+2	7.108617E+0
2.573852E+2	7.294409E+0
2.576504E+2	7.452879E+0
2.579156E+2	7.441950E+0
2.581808E+2	7.715174E+0
2.584460E+2	7.851786E+0
2.587112E+2	7.633207E+0
2.589763E+2	7.354519E+0
2.592415E+2	7.146868E+0
2.595067E+2	7.403699E+0
2.597718E+2	7.469273E+0
2.600369E+2	7.545776E+0
2.603021E+2	7.381841E+0
2.605672E+2	7.431021E+0
2.608323E+2	7.534847E+0
2.610974E+2	7.387306E+0
2.613625E+2	7.152333E+0
2.616276E+2	7.179655E+0
2.618927E+2	7.163262E+0
2.621578E+2	6.961076E+0
2.624229E+2	6.824464E+0
2.626880E+2	7.015721E+0
2.629530E+2	7.179655E+0
2.632181E+2	7.272551E+0
2.634831E+2	7.125011E+0
2.637482E+2	7.223371E+0
2.640132E+2	7.332661E+0
2.642782E+2	7.272551E+0
2.645432E+2	7.010256E+0
2.648082E+2	7.119546E+0
2.650732E+2	6.786213E+0
2.653382E+2	6.862715E+0
2.656032E+2	6.704245E+0
2.658682E+2	6.786213E+0
2.661332E+2	6.890038E+0
2.663981E+2	6.884573E+0
2.666631E+2	6.578562E+0
2.669281E+2	6.802606E+0
2.671930E+2	6.573098E+0
2.674579E+2	6.512989E+0
2.677229E+2	6.747961E+0
2.679878E+2	6.622278E+0
2.682527E+2	6.119546E+0
2.685176E+2	5.638672E+0
2.687825E+2	5.381841E+0
2.690474E+2	5.332661E+0
2.693123E+2	4.955612E+0
2.695772E+2	5.053972E+0
2.698420E+2	4.687852E+0
2.701069E+2	4.709710E+0
2.703718E+2	4.753426E+0
2.706366E+2	4.808071E+0
2.709014E+2	4.982934E+0
2.711663E+2	4.840858E+0
2.714311E+2	4.835393E+0
2.716959E+2	4.775284E+0
2.719607E+2	4.392770E+0
2.722255E+2	3.895502E+0
2.724903E+2	3.584027E+0
2.727551E+2	3.780748E+0
2.730199E+2	3.698781E+0
2.732847E+2	3.660530E+0
2.735495E+2	3.288945E+0
2.738142E+2	3.157797E+0
2.740790E+2	3.114082E+0
2.743437E+2	2.972005E+0
2.746085E+2	3.015721E+0
2.748732E+2	3.130475E+0
2.751379E+2	3.250694E+0
2.754026E+2	3.644136E+0
2.756674E+2	3.622278E+0
2.759321E+2	3.633207E+0
2.761968E+2	3.496595E+0
2.764614E+2	3.605885E+0
2.767261E+2	3.715174E+0
2.769908E+2	3.534847E+0
2.772555E+2	3.452879E+0
2.775201E+2	3.485666E+0
2.777848E+2	3.376377E+0
2.780494E+2	3.359983E+0
2.783141E+2	3.343590E+0
2.785787E+2	3.474737E+0
2.788433E+2	3.338125E+0
2.791079E+2	3.299874E+0
2.793725E+2	3.146868E+0
2.796371E+2	3.037579E+0
2.799017E+2	2.769819E+0
2.801663E+2	2.644136E+0
2.804309E+2	2.644136E+0
2.806955E+2	2.600420E+0
2.809600E+2	2.491131E+0
2.812246E+2	2.671459E+0
2.814891E+2	2.622278E+0
2.817537E+2	2.676923E+0
2.820182E+2	2.731568E+0
2.822827E+2	2.458344E+0
2.825473E+2	2.261623E+0
2.828118E+2	2.420092E+0
2.830763E+2	2.223371E+0
2.833408E+2	2.217907E+0
2.836053E+2	2.316267E+0
2.838697E+2	2.310803E+0
2.841342E+2	2.021185E+0
2.843987E+2	2.234300E+0
2.846632E+2	2.523918E+0
2.849276E+2	2.890038E+0
2.851921E+2	3.119546E+0
2.854565E+2	3.376377E+0
2.857209E+2	3.223371E+0
2.859853E+2	3.201513E+0
2.862498E+2	3.092224E+0
2.865142E+2	3.021185E+0
2.867786E+2	3.267087E+0
2.870430E+2	3.146868E+0
2.873074E+2	2.895502E+0
2.875717E+2	2.780748E+0
2.878361E+2	2.758890E+0
2.881005E+2	2.780748E+0
2.883648E+2	2.660530E+0
2.886292E+2	2.665994E+0
2.888935E+2	2.584027E+0
2.891579E+2	2.523918E+0
2.894222E+2	2.359983E+0
2.896865E+2	2.578562E+0
2.899508E+2	2.578562E+0
2.902151E+2	2.693317E+0
2.904794E+2	2.633207E+0
2.907437E+2	2.660530E+0
2.910080E+2	2.540311E+0
2.912723E+2	2.715174E+0
2.915366E+2	2.540311E+0
2.918008E+2	2.447415E+0
2.920651E+2	2.294409E+0
2.923293E+2	2.075830E+0
2.925936E+2	1.950147E+0
2.928578E+2	1.797142E+0
2.931220E+2	1.824464E+0
2.933863E+2	1.851786E+0
2.936505E+2	1.835393E+0
2.939147E+2	1.742497E+0
2.941789E+2	1.720639E+0
2.944431E+2	1.791677E+0
2.947072E+2	1.906431E+0
2.949714E+2	1.988398E+0
2.952356E+2	1.955612E+0
2.954997E+2	1.993863E+0
2.957639E+2	1.988398E+0
2.960280E+2	2.081295E+0
2.962922E+2	2.086759E+0
2.965563E+2	1.868180E+0
2.968204E+2	1.742497E+0
2.970845E+2	1.682388E+0
2.973486E+2	1.769819E+0
2.976127E+2	1.868180E+0
2.978768E+2	2.146868E+0
2.981409E+2	2.185120E+0
2.984050E+2	2.108617E+0
2.986691E+2	2.392770E+0
2.989331E+2	2.409164E+0
2.991972E+2	2.780748E+0
2.994612E+2	2.917360E+0
2.997253E+2	2.895502E+0
2.999893E+2	2.955612E+0
3.002534E+2	3.174191E+0
3.005174E+2	2.977470E+0
3.007814E+2	2.917360E+0
3.010454E+2	2.709710E+0
3.013094E+2	2.376377E+0
3.015734E+2	2.272551E+0
3.018374E+2	2.228836E+0
3.021013E+2	2.163262E+0
3.023653E+2	2.174191E+0
3.026293E+2	2.021185E+0
3.028932E+2	1.862715E+0
3.031572E+2	1.906431E+0
3.034211E+2	2.201513E+0
3.036850E+2	2.349054E+0
3.039489E+2	2.261623E+0
3.042129E+2	2.529382E+0
3.044768E+2	2.939218E+0
3.047407E+2	2.999327E+0
3.050046E+2	3.021185E+0
3.052685E+2	2.846322E+0
3.055323E+2	2.988398E+0
3.057962E+2	2.862715E+0
3.060601E+2	3.048508E+0
3.063239E+2	3.114082E+0
3.065878E+2	3.278016E+0
3.068516E+2	3.152333E+0
3.071155E+2	3.185120E+0
3.073793E+2	3.070366E+0
3.076431E+2	2.851786E+0
3.079069E+2	2.972005E+0
3.081707E+2	3.365448E+0
3.084345E+2	3.556704E+0
3.086983E+2	3.518453E+0
3.089621E+2	3.726103E+0
3.092259E+2	3.600420E+0
3.094896E+2	3.649601E+0
3.097534E+2	3.682388E+0
3.100171E+2	3.982934E+0
3.102809E+2	3.906431E+0
3.105446E+2	3.879109E+0
3.108084E+2	3.698781E+0
3.110721E+2	3.709710E+0
3.113358E+2	3.644136E+0
3.115995E+2	3.775284E+0
3.118632E+2	3.731568E+0
3.121269E+2	3.747961E+0
3.123906E+2	3.939218E+0
3.126543E+2	4.168726E+0
3.129179E+2	4.392770E+0
3.131816E+2	4.485666E+0
3.134453E+2	4.485666E+0
3.137089E+2	4.365448E+0
3.139725E+2	4.157797E+0
3.142362E+2	4.026650E+0
3.144998E+2	4.075830E+0
3.147634E+2	3.747961E+0
3.150270E+2	3.611349E+0
3.152906E+2	3.463808E+0
3.155542E+2	3.584027E+0
3.158178E+2	3.584027E+0
3.160814E+2	3.425557E+0
3.163450E+2	3.196049E+0
3.166086E+2	3.359983E+0
3.168721E+2	3.409164E+0
3.171357E+2	3.283480E+0
3.173992E+2	3.616814E+0
3.176627E+2	3.758890E+0
3.179263E+2	3.829929E+0
3.181898E+2	3.862715E+0
3.184533E+2	3.879109E+0
3.187168E+2	4.048508E+0
3.189803E+2	3.922825E+0
3.192438E+2	3.955612E+0
3.195073E+2	3.819000E+0
3.197708E+2	3.950147E+0
3.200342E+2	4.206978E+0
3.202977E+2	3.950147E+0
3.205612E+2	3.709710E+0
3.208246E+2	3.917360E+0
3.210881E+2	3.906431E+0
3.213515E+2	4.179655E+0
3.216149E+2	3.928289E+0
3.218783E+2	3.939218E+0
3.221417E+2	3.835393E+0
3.224051E+2	3.545776E+0
3.226685E+2	3.103153E+0
3.229319E+2	3.228836E+0
3.231953E+2	3.359983E+0
3.234587E+2	3.097688E+0
3.237221E+2	2.993863E+0
3.239854E+2	3.185120E+0
3.242488E+2	3.070366E+0
3.245121E+2	2.884573E+0
3.247754E+2	2.911896E+0
3.250388E+2	2.731568E+0
3.253021E+2	2.906431E+0
3.255654E+2	2.961076E+0
3.258287E+2	3.032114E+0
3.260920E+2	2.687852E+0
3.263553E+2	2.649601E+0
3.266186E+2	2.431021E+0
3.268819E+2	2.491131E+0
3.271451E+2	2.638672E+0
3.274084E+2	2.813535E+0
3.276717E+2	2.840858E+0
3.279349E+2	2.884573E+0
3.281981E+2	2.829929E+0
3.284614E+2	2.589491E+0
3.287246E+2	2.420092E+0
3.289878E+2	2.469273E+0
3.292510E+2	2.398235E+0
3.295142E+2	2.458344E+0
3.297774E+2	2.594956E+0
3.300406E+2	2.633207E+0
3.303038E+2	2.545776E+0
3.305670E+2	2.791677E+0
3.308301E+2	3.064901E+0
3.310933E+2	3.288945E+0
3.313564E+2	3.234300E+0
3.316196E+2	2.950147E+0
3.318827E+2	3.032114E+0
3.321458E+2	3.053972E+0
3.324089E+2	3.381841E+0
3.326721E+2	3.463808E+0
3.329352E+2	3.381841E+0
3.331983E+2	3.321732E+0
3.334614E+2	3.441950E+0
3.337244E+2	3.469273E+0
3.339875E+2	3.299874E+0
3.342506E+2	3.185120E+0
3.345136E+2	3.092224E+0
3.347767E+2	2.808071E+0
3.350397E+2	2.900967E+0
3.353028E+2	2.775284E+0
3.355658E+2	2.704245E+0
3.358288E+2	2.764355E+0
3.360918E+2	2.502060E+0
3.363548E+2	2.578562E+0
3.366178E+2	2.578562E+0
3.368808E+2	2.682388E+0
3.371438E+2	2.469273E+0
3.374068E+2	2.163262E+0
3.376698E+2	2.267087E+0
3.379327E+2	2.392770E+0
3.381957E+2	2.425557E+0
3.384586E+2	2.502060E+0
3.387216E+2	2.753426E+0
3.389845E+2	2.693317E+0
3.392474E+2	2.698781E+0
3.395103E+2	2.808071E+0
3.397733E+2	2.895502E+0
3.400362E+2	2.469273E+0
3.402990E+2	2.201513E+0
3.405619E+2	2.452879E+0
3.408248E+2	2.316267E+0
3.410877E+2	2.376377E+0
3.413506E+2	2.452879E+0
3.416134E+2	2.179655E+0
3.418763E+2	2.021185E+0
3.421391E+2	2.081295E+0
3.424019E+2	1.922825E+0
3.426648E+2	2.053972E+0
3.429276E+2	2.174191E+0
3.431904E+2	2.278016E+0
3.434532E+2	2.223371E+0
3.437160E+2	2.048508E+0
3.439788E+2	2.338125E+0
3.442416E+2	2.512989E+0
3.445043E+2	2.726103E+0
3.447671E+2	2.884573E+0
3.450299E+2	2.873644E+0
3.452926E+2	2.857251E+0
3.455554E+2	2.868180E+0
3.458181E+2	2.698781E+0
3.460808E+2	2.545776E+0
3.463436E+2	2.737032E+0
3.466063E+2	2.791677E+0
3.468690E+2	2.644136E+0
3.471317E+2	2.507524E+0
3.473944E+2	2.502060E+0
3.476570E+2	2.747961E+0
3.479197E+2	2.698781E+0
3.481824E+2	2.584027E+0
3.484451E+2	2.491131E+0
3.487077E+2	2.420092E+0
3.489704E+2	2.387306E+0
3.492330E+2	2.578562E+0
3.494956E+2	2.359983E+0
3.497582E+2	2.398235E+0
3.500209E+2	2.704245E+0
3.502835E+2	2.906431E+0
3.505461E+2	3.010256E+0
3.508087E+2	3.272551E+0
3.510713E+2	3.163262E+0
3.513338E+2	3.278016E+0
3.515964E+2	3.370912E+0
3.518590E+2	3.376377E+0
3.521215E+2	3.387306E+0
3.523841E+2	3.130475E+0
3.526466E+2	3.070366E+0
3.529091E+2	2.933754E+0
3.531717E+2	3.103153E+0
3.534342E+2	3.567633E+0
3.536967E+2	3.737032E+0
3.539592E+2	3.376377E+0
3.542217E+2	3.157797E+0
3.544842E+2	3.228836E+0
3.547467E+2	3.441950E+0
3.550091E+2	3.534847E+0
3.552716E+2	3.622278E+0
3.555341E+2	3.802606E+0
3.557965E+2	3.851786E+0
3.560590E+2	4.431021E+0
3.563214E+2	4.742497E+0
3.565838E+2	4.824464E+0
3.568462E+2	4.982934E+0
3.571086E+2	4.906431E+0
3.573711E+2	4.993863E+0
3.576335E+2	5.463808E+0
3.578958E+2	5.589491E+0
3.581582E+2	5.605885E+0
3.584206E+2	5.600420E+0
3.586830E+2	5.747961E+0
3.589453E+2	5.627743E+0
3.592077E+2	5.469273E+0
3.594700E+2	5.523918E+0
3.597324E+2	5.633207E+0
3.599947E+2	5.267087E+0
3.602570E+2	5.163262E+0
3.605193E+2	5.053972E+0
3.607816E+2	5.125011E+0
3.610439E+2	5.474737E+0
3.613062E+2	5.589491E+0
3.615685E+2	5.441950E+0
3.618308E+2	5.518453E+0
3.620930E+2	5.698781E+0
3.623553E+2	5.589491E+0
3.626176E+2	5.436486E+0
3.628798E+2	5.638672E+0
3.631420E+2	5.655065E+0
3.634043E+2	5.676923E+0
3.636665E+2	5.731568E+0
3.639287E+2	5.611349E+0
3.641909E+2	5.769819E+0
3.644531E+2	5.835393E+0
3.647153E+2	5.649601E+0
3.649775E+2	5.715174E+0
3.652397E+2	5.808071E+0
3.655018E+2	5.682388E+0
3.657640E+2	5.452879E+0
3.660262E+2	5.338125E+0
3.662883E+2	5.201513E+0
3.665505E+2	5.119546E+0
3.668126E+2	4.879109E+0
3.670747E+2	4.813535E+0
3.673368E+2	4.709710E+0
3.675989E+2	4.742497E+0
3.678610E+2	4.523918E+0
3.681231E+2	4.715174E+0
3.683852E+2	4.999327E+0
3.686473E+2	5.119546E+0
3.689094E+2	5.392770E+0
3.691714E+2	5.343590E+0
3.694335E+2	5.086759E+0
3.696955E+2	4.944683E+0
3.699576E+2	5.179655E+0
3.702196E+2	5.392770E+0
3.704816E+2	5.441950E+0
3.707437E+2	5.168726E+0
3.710057E+2	5.092224E+0
3.712677E+2	5.081295E+0
3.715297E+2	4.775284E+0
3.717917E+2	4.813535E+0
3.720536E+2	4.556704E+0
3.723156E+2	4.458344E+0
3.725776E+2	4.409164E+0
3.728395E+2	4.655065E+0
3.731015E+2	4.578562E+0
3.733634E+2	4.441950E+0
3.736254E+2	4.168726E+0
3.738873E+2	4.021185E+0
3.741492E+2	3.955612E+0
3.744111E+2	4.108617E+0
3.746730E+2	4.267087E+0
3.749349E+2	4.338125E+0
3.751968E+2	4.092224E+0
3.754587E+2	3.802606E+0
3.757206E+2	3.769819E+0
3.759824E+2	3.835393E+0
3.762443E+2	3.726103E+0
3.765061E+2	3.884573E+0
3.767680E+2	3.802606E+0
3.770298E+2	3.480202E+0
3.772916E+2	3.420092E+0
3.775535E+2	3.338125E+0
3.778153E+2	3.502060E+0
3.780771E+2	3.441950E+0
3.783389E+2	3.676923E+0
3.786007E+2	3.704245E+0
3.788624E+2	3.540311E+0
3.791242E+2	3.485666E+0
3.793860E+2	3.463808E+0
3.796477E+2	3.365448E+0
3.799095E+2	3.551240E+0
3.801712E+2	3.452879E+0
3.804330E+2	3.491131E+0
3.806947E+2	3.687852E+0
3.809564E+2	3.851786E+0
3.812181E+2	3.972005E+0
3.814798E+2	3.988398E+0
3.817415E+2	4.245229E+0
3.820032E+2	4.294409E+0
3.822649E+2	4.206978E+0
3.825266E+2	4.239765E+0
3.827883E+2	4.370912E+0
3.830499E+2	4.480202E+0
3.833116E+2	4.474737E+0
3.835732E+2	4.502060E+0
3.838348E+2	4.480202E+0
3.840965E+2	4.376377E+0
3.843581E+2	4.463808E+0
3.846197E+2	4.458344E+0
3.848813E+2	4.256158E+0
3.851429E+2	4.152333E+0
3.854045E+2	3.961076E+0
3.856661E+2	3.972005E+0
3.859277E+2	4.103153E+0
3.861892E+2	4.026650E+0
3.864508E+2	3.911896E+0
3.867124E+2	4.075830E+0
3.869739E+2	4.021185E+0
3.872354E+2	4.146868E+0
3.874970E+2	4.507524E+0
3.877585E+2	4.529382E+0
3.880200E+2	4.305338E+0
3.882815E+2	4.403699E+0
3.885430E+2	4.370912E+0
3.888045E+2	4.288945E+0
3.890660E+2	4.359983E+0
3.893275E+2	4.179655E+0
3.895889E+2	4.381841E+0
3.898504E+2	4.474737E+0
3.901118E+2	4.573098E+0
3.903733E+2	4.840858E+0
3.906347E+2	4.480202E+0
3.908962E+2	4.343590E+0
3.911576E+2	4.671459E+0
3.914190E+2	4.911896E+0
3.916804E+2	4.753426E+0
3.919418E+2	4.917360E+0
3.922032E+2	5.010256E+0
3.924646E+2	4.753426E+0
3.927260E+2	4.671459E+0
3.929873E+2	4.447415E+0
3.932487E+2	4.365448E+0
3.935100E+2	4.469273E+0
3.937714E+2	4.441950E+0
3.940327E+2	4.349054E+0
3.942941E+2	3.939218E+0
3.945554E+2	3.747961E+0
3.948167E+2	3.819000E+0
3.950780E+2	3.977470E+0
3.953393E+2	3.890038E+0
3.956006E+2	3.950147E+0
3.958619E+2	3.900967E+0
3.961232E+2	3.884573E+0
3.963844E+2	3.840858E+0
3.966457E+2	3.939218E+0
3.969069E+2	3.851786E+0
3.971682E+2	3.758890E+0
3.974294E+2	3.879109E+0
3.976907E+2	3.862715E+0
3.979519E+2	3.764355E+0
3.982131E+2	3.906431E+0
3.984743E+2	4.015721E+0
3.987355E+2	3.999327E+0
3.989967E+2	3.972005E+0
3.992579E+2	3.742497E+0
3.995191E+2	3.573098E+0
3.997802E+2	3.682388E+0
4.000414E+2	3.687852E+0
4.003025E+2	3.556704E+0
4.005637E+2	3.512989E+0
4.008248E+2	3.578562E+0
4.010860E+2	3.922825E+0
4.013471E+2	4.294409E+0
4.016082E+2	4.135939E+0
4.018693E+2	3.873644E+0
4.021304E+2	3.791677E+0
4.023915E+2	3.857251E+0
4.026526E+2	3.791677E+0
4.029137E+2	3.791677E+0
4.031747E+2	3.840858E+0
4.034358E+2	3.709710E+0
4.036968E+2	3.682388E+0
4.039579E+2	3.868180E+0
4.042189E+2	3.709710E+0
4.044800E+2	3.737032E+0
4.047410E+2	3.600420E+0
4.050020E+2	3.747961E+0
4.052630E+2	3.791677E+0
4.055240E+2	3.676923E+0
4.057850E+2	3.813535E+0
4.060460E+2	3.769819E+0
4.063070E+2	3.605885E+0
4.065679E+2	3.431021E+0
4.068289E+2	3.354519E+0
4.070898E+2	3.059437E+0
4.073508E+2	2.791677E+0
4.076117E+2	2.600420E+0
4.078727E+2	2.338125E+0
4.081336E+2	2.551240E+0
4.083945E+2	2.715174E+0
4.086554E+2	2.911896E+0
4.089163E+2	3.125011E+0
4.091772E+2	3.381841E+0
4.094381E+2	3.403699E+0
4.096990E+2	3.163262E+0
4.099598E+2	3.512989E+0
4.102207E+2	3.578562E+0
4.104815E+2	3.709710E+0
4.107424E+2	3.556704E+0
4.110032E+2	3.491131E+0
4.112640E+2	3.502060E+0
4.115249E+2	3.365448E+0
4.117857E+2	3.485666E+0
4.120465E+2	3.441950E+0
4.123073E+2	3.370912E+0
4.125681E+2	3.381841E+0
4.128289E+2	3.359983E+0
4.130896E+2	3.283480E+0
4.133504E+2	3.021185E+0
4.136112E+2	2.906431E+0
4.138719E+2	2.939218E+0
4.141327E+2	3.004792E+0
4.143934E+2	2.715174E+0
4.146541E+2	2.857251E+0
4.149149E+2	3.043043E+0
4.151756E+2	3.234300E+0
4.154363E+2	3.370912E+0
4.156970E+2	3.512989E+0
4.159577E+2	3.819000E+0
4.162184E+2	3.884573E+0
4.164790E+2	3.900967E+0
4.167397E+2	3.742497E+0
4.170004E+2	3.671459E+0
4.172610E+2	3.463808E+0
4.175217E+2	3.890038E+0
4.177823E+2	3.846322E+0
4.180429E+2	4.053972E+0
4.183035E+2	4.043043E+0
4.185642E+2	4.234300E+0
4.188248E+2	4.321732E+0
4.190854E+2	4.168726E+0
4.193459E+2	4.234300E+0
4.196065E+2	4.502060E+0
4.198671E+2	4.436486E+0
4.201277E+2	4.512989E+0
4.203882E+2	4.392770E+0
4.206488E+2	4.261623E+0
4.209093E+2	4.206978E+0
4.211699E+2	4.365448E+0
4.214304E+2	4.310803E+0
4.216909E+2	4.327196E+0
4.219514E+2	4.469273E+0
4.222119E+2	4.447415E+0
4.224724E+2	4.786213E+0
4.227329E+2	4.857251E+0
4.229934E+2	5.059437E+0
4.232539E+2	5.398235E+0
4.235143E+2	5.862715E+0
4.237748E+2	5.873644E+0
4.240352E+2	5.846322E+0
4.242957E+2	5.775284E+0
4.245561E+2	5.879109E+0
4.248166E+2	6.021185E+0
4.250770E+2	5.737032E+0
4.253374E+2	5.704245E+0
4.255978E+2	5.890038E+0
4.258582E+2	5.824464E+0
4.261186E+2	5.900967E+0
4.263790E+2	6.059437E+0
4.266393E+2	6.283480E+0
4.268997E+2	6.305338E+0
4.271600E+2	6.452879E+0
4.274204E+2	6.644136E+0
4.276807E+2	6.480202E+0
4.279411E+2	6.491131E+0
4.282014E+2	6.469273E+0
4.284617E+2	6.370912E+0
4.287220E+2	6.387306E+0
4.289823E+2	6.480202E+0
4.292426E+2	6.665994E+0
4.295029E+2	6.578562E+0
4.297632E+2	6.840858E+0
4.300235E+2	6.906431E+0
4.302837E+2	7.026650E+0
4.305440E+2	6.999327E+0
4.308042E+2	7.015721E+0
4.310645E+2	7.163262E+0
4.313247E+2	7.332661E+0
4.315849E+2	6.977470E+0
4.318451E+2	6.693317E+0
4.321054E+2	6.731568E+0
4.323656E+2	6.649601E+0
4.326258E+2	6.824464E+0
4.328859E+2	6.605885E+0
4.331461E+2	6.441950E+0
4.334063E+2	6.185120E+0
4.336665E+2	6.545776E+0
4.339266E+2	6.529382E+0
4.341868E+2	6.452879E+0
4.344469E+2	6.212442E+0
4.347070E+2	6.114082E+0
4.349671E+2	6.228836E+0
4.352273E+2	6.288945E+0
4.354874E+2	6.168726E+0
4.357475E+2	6.212442E+0
4.360076E+2	6.114082E+0
4.362677E+2	6.217907E+0
4.365277E+2	6.381841E+0
4.367878E+2	6.381841E+0
4.370479E+2	6.398235E+0
4.373079E+2	6.753426E+0
4.375680E+2	6.922825E+0
4.378280E+2	7.010256E+0
4.380880E+2	7.130475E+0
4.383480E+2	7.250694E+0
4.386081E+2	7.436486E+0
4.388681E+2	7.737032E+0
4.391281E+2	7.879109E+0
4.393881E+2	7.922825E+0
4.396480E+2	8.010256E+0
4.399080E+2	8.086759E+0
4.401680E+2	8.321732E+0
4.404279E+2	8.491131E+0
4.406879E+2	8.584027E+0
4.409478E+2	9.004792E+0
4.412078E+2	9.359983E+0
4.414677E+2	9.551240E+0
4.417276E+2	9.676923E+0
4.419875E+2	9.977470E+0
4.422474E+2	1.014140E+1
4.425073E+2	1.011408E+1
4.427672E+2	1.006490E+1
4.430271E+2	1.023430E+1
4.432870E+2	1.028894E+1
4.435469E+2	1.043102E+1
4.438067E+2	1.074250E+1
4.440666E+2	1.102119E+1
4.443264E+2	1.103758E+1
4.445862E+2	1.113047E+1
4.448461E+2	1.104304E+1
4.451059E+2	1.110862E+1
4.453657E+2	1.137091E+1
4.456255E+2	1.123976E+1
4.458853E+2	1.124523E+1
4.461451E+2	1.160588E+1
4.464049E+2	1.170425E+1
4.466646E+2	1.180261E+1
4.469244E+2	1.186818E+1
4.471842E+2	1.180807E+1
4.474439E+2	1.223430E+1
4.477036E+2	1.243649E+1
4.479634E+2	1.254578E+1
4.482231E+2	1.284632E+1
4.484828E+2	1.291190E+1
4.487425E+2	1.316326E+1
4.490022E+2	1.363867E+1
4.492619E+2	1.382993E+1
4.495216E+2	1.386818E+1
4.497813E+2	1.381900E+1
4.500410E+2	1.413047E+1
4.503006E+2	1.455670E+1
4.505603E+2	1.491190E+1
4.508199E+2	1.496654E+1
4.510796E+2	1.487911E+1
4.513392E+2	1.498840E+1
4.515988E+2	1.531080E+1
4.518584E+2	1.548020E+1
4.521180E+2	1.583539E+1
4.523776E+2	1.601572E+1
4.526372E+2	1.617966E+1
4.528968E+2	1.627802E+1
4.531564E+2	1.609769E+1
4.534160E+2	1.597201E+1
4.536755E+2	1.611408E+1
4.539351E+2	1.651845E+1
4.541946E+2	1.663321E+1
4.544541E+2	1.681900E+1
4.547137E+2	1.667692E+1
4.549732E+2	1.653485E+1
4.552327E+2	1.659496E+1
4.554922E+2	1.674250E+1
4.557517E+2	1.679714E+1
4.560112E+2	1.692282E+1
4.562707E+2	1.677528E+1
4.565302E+2	1.672064E+1
4.567896E+2	1.702119E+1
4.570491E+2	1.696654E+1
4.573085E+2	1.686818E+1
4.575680E+2	1.690097E+1
4.578274E+2	1.689004E+1
4.580868E+2	1.689550E+1
4.583463E+2	1.715233E+1
4.586057E+2	1.752392E+1
4.588651E+2	1.780261E+1
4.591245E+2	1.791736E+1
4.593838E+2	1.838731E+1
4.596432E+2	1.863867E+1
4.599026E+2	1.865507E+1
4.601620E+2	1.886272E+1
4.604213E+2	1.908129E+1
4.606807E+2	1.943649E+1
4.609400E+2	1.990097E+1
4.611993E+2	2.003758E+1
4.614587E+2	2.023976E+1
4.617180E+2	2.060042E+1
4.619773E+2	2.070425E+1
4.622366E+2	2.078621E+1
4.624959E+2	2.126162E+1
4.627552E+2	2.133813E+1
4.630144E+2	2.168239E+1
4.632737E+2	2.196108E+1
4.635330E+2	2.223430E+1
4.637922E+2	2.250206E+1
4.640515E+2	2.284086E+1
4.643107E+2	2.314687E+1
4.645699E+2	2.350752E+1
4.648292E+2	2.376982E+1
4.650884E+2	2.421791E+1
4.653476E+2	2.428894E+1
4.656068E+2	2.464960E+1
4.658660E+2	2.480261E+1
4.661251E+2	2.495561E+1
4.663843E+2	2.500479E+1
4.666435E+2	2.522337E+1
4.669026E+2	2.585179E+1
4.671618E+2	2.616873E+1
4.674209E+2	2.649660E+1
4.676801E+2	2.698293E+1
4.679392E+2	2.734359E+1
4.681983E+2	2.779714E+1
4.684574E+2	2.794468E+1
4.687165E+2	2.815780E+1
4.689756E+2	2.842556E+1
4.692347E+2	2.874796E+1
4.694938E+2	2.894468E+1
4.697529E+2	2.893375E+1
4.700119E+2	2.913594E+1
4.702710E+2	2.934359E+1
4.705300E+2	2.974796E+1
4.707891E+2	3.013047E+1
4.710481E+2	3.022337E+1
4.713071E+2	3.054578E+1
4.715661E+2	3.086272E+1
4.718252E+2	3.094468E+1
4.720842E+2	3.132173E+1
4.723431E+2	3.165507E+1
4.726021E+2	3.168785E+1
4.728611E+2	3.186818E+1
4.731201E+2	3.267692E+1
4.733790E+2	3.329987E+1
4.736380E+2	3.386272E+1
4.738969E+2	3.417419E+1
4.741559E+2	3.460042E+1
4.744148E+2	3.493922E+1
4.746737E+2	3.533813E+1
4.749326E+2	3.570425E+1
4.751915E+2	3.605944E+1
4.754504E+2	3.643649E+1
4.757093E+2	3.706490E+1
4.759682E+2	3.757856E+1
4.762271E+2	3.781354E+1
4.764859E+2	3.811408E+1
4.767448E+2	3.843649E+1
4.770037E+2	3.873157E+1
4.772625E+2	3.907583E+1
4.775213E+2	3.921244E+1
4.777802E+2	3.947474E+1
4.780390E+2	3.998293E+1
4.782978E+2	3.993922E+1
4.785566E+2	4.062228E+1
4.788154E+2	4.109769E+1
4.790742E+2	4.143102E+1
4.793329E+2	4.180261E+1
4.795917E+2	4.219605E+1
4.798505E+2	4.237638E+1
4.801092E+2	4.283539E+1
4.803680E+2	4.310315E+1
4.806267E+2	4.348020E+1
4.808854E+2	4.362228E+1
4.811442E+2	4.403758E+1
4.814029E+2	4.438184E+1
4.816616E+2	4.504851E+1
4.819203E+2	4.537091E+1
4.821790E+2	4.592829E+1
4.824377E+2	4.633266E+1
4.826963E+2	4.666053E+1
4.829550E+2	4.691190E+1
4.832137E+2	4.733266E+1
4.834723E+2	4.791190E+1
4.837310E+2	4.831080E+1
4.839896E+2	4.871517E+1
4.842482E+2	4.939823E+1
4.845068E+2	4.969332E+1
4.847655E+2	5.037091E+1
4.850241E+2	5.085725E+1
4.852827E+2	5.127255E+1
4.855412E+2	5.165507E+1
4.857998E+2	5.229441E+1
4.860584E+2	5.299933E+1
4.863170E+2	5.354578E+1
4.865755E+2	5.407583E+1
4.868341E+2	5.477528E+1
4.870926E+2	5.531080E+1
4.873511E+2	5.599933E+1
4.876097E+2	5.692282E+1
4.878682E+2	5.762228E+1
4.881267E+2	5.843649E+1
4.883852E+2	5.918512E+1
4.886437E+2	6.001026E+1
4.889022E+2	6.045834E+1
4.891606E+2	6.104851E+1
4.894191E+2	6.136545E+1
4.896776E+2	6.214687E+1
4.899360E+2	6.296108E+1
4.901945E+2	6.366053E+1
4.904529E+2	6.397747E+1
4.907113E+2	6.466599E+1
4.909697E+2	6.534359E+1
4.912282E+2	6.612501E+1
4.914866E+2	6.681900E+1
4.917450E+2	6.748020E+1
4.920034E+2	6.853485E+1
4.922617E+2	6.931627E+1
4.925201E+2	7.002665E+1
4.927785E+2	7.103758E+1
4.930368E+2	7.196108E+1
4.932952E+2	7.279714E+1
4.935535E+2	7.369878E+1
4.938118E+2	7.454031E+1
4.940702E+2	7.567692E+1
4.943285E+2	7.653485E+1
4.945868E+2	7.732173E+1
4.948451E+2	7.808129E+1
4.951034E+2	7.904304E+1
4.953617E+2	8.014140E+1
4.956200E+2	8.129987E+1
4.958782E+2	8.216873E+1
4.961365E+2	8.331080E+1
4.963947E+2	8.403758E+1
4.966530E+2	8.497201E+1
4.969112E+2	8.610862E+1
4.971694E+2	8.726162E+1
4.974277E+2	8.808676E+1
4.976859E+2	8.928894E+1
4.979441E+2	9.066053E+1
4.982023E+2	9.196654E+1
4.984605E+2	9.321244E+1
4.987187E+2	9.470425E+1
4.989768E+2	9.570425E+1
4.992350E+2	9.688457E+1
4.994931E+2	9.781354E+1
4.997513E+2	9.875889E+1
5.000094E+2	9.988457E+1
5.002676E+2	1.013545E+2
5.005257E+2	1.024420E+2
5.007838E+2	1.037644E+2
5.010419E+2	1.053491E+2
5.013000E+2	1.068955E+2
5.015581E+2	1.081414E+2
5.018162E+2	1.096441E+2
5.020743E+2	1.110758E+2
5.023323E+2	1.126879E+2
5.025904E+2	1.140540E+2
5.028485E+2	1.155075E+2
5.031065E+2	1.170321E+2
5.033645E+2	1.182616E+2
5.036226E+2	1.198846E+2
5.038806E+2	1.214529E+2
5.041386E+2	1.231032E+2
5.043966E+2	1.247589E+2
5.046546E+2	1.262070E+2
5.049126E+2	1.279775E+2
5.051706E+2	1.302288E+2
5.054285E+2	1.321141E+2
5.056865E+2	1.338081E+2
5.059445E+2	1.356387E+2
5.062024E+2	1.376988E+2
5.064604E+2	1.396059E+2
5.067183E+2	1.414146E+2
5.069762E+2	1.433381E+2
5.072341E+2	1.453982E+2
5.074920E+2	1.476168E+2
5.077499E+2	1.494365E+2
5.080078E+2	1.517097E+2
5.082657E+2	1.537698E+2
5.085236E+2	1.557097E+2
5.087815E+2	1.578846E+2
5.090393E+2	1.602562E+2
5.092972E+2	1.624256E+2
5.095550E+2	1.647917E+2
5.098129E+2	1.669447E+2
5.100707E+2	1.692015E+2
5.103285E+2	1.717316E+2
5.105863E+2	1.738736E+2
5.108441E+2	1.761687E+2
5.111019E+2	1.787862E+2
5.113597E+2	1.809993E+2
5.116175E+2	1.833928E+2
5.118753E+2	1.856332E+2
5.121330E+2	1.882562E+2
5.123908E+2	1.911141E+2
5.126485E+2	1.938518E+2
5.129063E+2	1.963545E+2
5.131640E+2	1.996332E+2
5.134217E+2	2.024638E+2
5.136794E+2	2.050649E+2
5.139371E+2	2.079829E+2
5.141948E+2	2.109829E+2
5.144525E+2	2.138245E+2
5.147102E+2	2.168354E+2
5.149679E+2	2.199392E+2
5.152256E+2	2.232124E+2
5.154832E+2	2.267589E+2
5.157409E+2	2.302616E+2
5.159985E+2	2.336496E+2
5.162562E+2	2.371359E+2
5.165138E+2	2.405294E+2
5.167714E+2	2.437698E+2
5.170290E+2	2.473053E+2
5.172866E+2	2.505950E+2
5.175442E+2	2.538682E+2
5.178018E+2	2.573381E+2
5.180594E+2	2.607698E+2
5.183170E+2	2.643217E+2
5.185745E+2	2.680813E+2
5.188321E+2	2.716496E+2
5.190896E+2	2.754857E+2
5.193472E+2	2.791797E+2
5.196047E+2	2.829829E+2
5.198622E+2	2.866660E+2
5.201197E+2	2.903928E+2
5.203772E+2	2.945895E+2
5.206347E+2	2.987534E+2
5.208922E+2	3.023982E+2
5.211497E+2	3.064201E+2
5.214072E+2	3.106441E+2
5.216646E+2	3.147316E+2
5.219221E+2	3.189611E+2
5.221795E+2	3.233327E+2
5.224370E+2	3.274474E+2
5.226944E+2	3.315294E+2
5.229519E+2	3.357862E+2
5.232093E+2	3.400540E+2
5.234667E+2	3.449119E+2
5.237241E+2	3.496277E+2
5.239815E+2	3.544037E+2
5.242389E+2	3.593764E+2
5.244962E+2	3.642452E+2
5.247536E+2	3.690157E+2
5.250110E+2	3.738955E+2
5.252683E+2	3.785021E+2
5.255257E+2	3.833928E+2
5.257830E+2	3.883709E+2
5.260403E+2	3.931633E+2
5.262977E+2	3.984911E+2
5.265550E+2	4.038299E+2
5.268123E+2	4.085786E+2
5.270696E+2	4.140813E+2
5.273269E+2	4.197917E+2
5.275841E+2	4.253491E+2
5.278414E+2	4.310376E+2
5.280987E+2	4.362835E+2
5.283559E+2	4.417971E+2
5.286132E+2	4.476933E+2
5.288704E+2	4.529283E+2
5.291276E+2	4.587316E+2
5.293849E+2	4.644256E+2
5.296421E+2	4.700758E+2
5.298993E+2	4.758736E+2
5.301565E+2	4.821414E+2
5.304137E+2	4.879447E+2
5.306709E+2	4.938736E+2
5.309280E+2	5.002780E+2
5.311852E+2	5.063108E+2
5.314424E+2	5.121195E+2
5.316995E+2	5.187753E+2
5.319567E+2	5.250922E+2
5.322138E+2	5.314146E+2
5.324709E+2	5.382835E+2
5.327280E+2	5.448026E+2
5.329852E+2	5.519338E+2
5.332423E+2	5.589939E+2
5.334994E+2	5.659010E+2
5.337564E+2	5.727534E+2
5.340135E+2	5.802398E+2
5.342706E+2	5.879665E+2
5.345276E+2	5.954310E+2
5.347847E+2	6.030376E+2
5.350417E+2	6.103217E+2
5.352988E+2	6.175731E+2
5.355558E+2	6.253545E+2
5.358128E+2	6.328463E+2
5.360698E+2	6.403272E+2
5.363269E+2	6.477534E+2
5.365839E+2	6.557698E+2
5.368408E+2	6.636715E+2
5.370978E+2	6.716933E+2
5.373548E+2	6.798409E+2
5.376118E+2	6.884857E+2
5.378687E+2	6.968573E+2
5.381257E+2	7.059010E+2
5.383826E+2	7.148026E+2
5.386395E+2	7.233436E+2
5.388965E+2	7.326223E+2
5.391534E+2	7.410868E+2
5.394103E+2	7.500758E+2
5.396672E+2	7.592507E+2
5.399241E+2	7.683545E+2
5.401810E+2	7.774638E+2
5.404378E+2	7.866223E+2
5.406947E+2	7.959174E+2
5.409516E+2	8.054529E+2
5.412084E+2	8.150977E+2
5.414653E+2	8.250868E+2
5.417221E+2	8.352015E+2
5.419789E+2	8.456004E+2
5.422357E+2	8.552179E+2
5.424925E+2	8.656769E+2
5.427493E+2	8.761305E+2
5.430061E+2	8.861359E+2
5.432629E+2	8.964474E+2
5.435197E+2	9.069556E+2
5.437765E+2	9.173491E+2
5.440332E+2	9.282452E+2
5.442900E+2	9.392234E+2
5.445467E+2	9.504420E+2
5.448035E+2	9.620157E+2
5.450602E+2	9.735130E+2
5.453169E+2	9.844474E+2
5.455736E+2	9.959174E+2
5.458303E+2	1.007753E+3
5.460870E+2	1.019546E+3
5.463437E+2	1.031256E+3
5.466004E+2	1.042732E+3
5.468571E+2	1.054808E+3
5.471137E+2	1.066846E+3
5.473704E+2	1.078568E+3
5.476270E+2	1.091070E+3
5.478837E+2	1.103480E+3
5.481403E+2	1.115447E+3
5.483969E+2	1.128196E+3
5.486535E+2	1.140732E+3
5.489101E+2	1.153661E+3
5.491667E+2	1.166710E+3
5.494233E+2	1.179633E+3
5.496799E+2	1.193005E+3
5.499365E+2	1.205677E+3
5.501931E+2	1.218814E+3
5.504496E+2	1.231879E+3
5.507062E+2	1.245770E+3
5.509627E+2	1.259229E+3
5.512192E+2	1.273426E+3
5.514758E+2	1.287988E+3
5.517323E+2	1.302289E+3
5.519888E+2	1.316540E+3
5.522453E+2	1.331016E+3
5.525018E+2	1.345557E+3
5.527583E+2	1.360109E+3
5.530147E+2	1.375202E+3
5.532712E+2	1.389967E+3
5.535277E+2	1.405338E+3
5.537841E+2	1.420152E+3
5.540406E+2	1.434906E+3
5.542970E+2	1.450447E+3
5.545534E+2	1.465650E+3
5.548098E+2	1.481404E+3
5.550663E+2	1.496808E+3
5.553227E+2	1.512486E+3
5.555791E+2	1.528152E+3
5.558354E+2	1.544130E+3
5.560918E+2	1.560617E+3
5.563482E+2	1.577715E+3
5.566046E+2	1.594639E+3
5.568609E+2	1.611792E+3
5.571173E+2	1.628196E+3
5.573736E+2	1.645256E+3
5.576299E+2	1.662212E+3
5.578862E+2	1.679753E+3
5.581426E+2	1.697087E+3
5.583989E+2	1.714874E+3
5.586552E+2	1.733163E+3
5.589114E+2	1.750972E+3
5.591677E+2	1.769212E+3
5.594240E+2	1.787906E+3
5.596803E+2	1.806174E+3
5.599365E+2	1.824633E+3
5.601928E+2	1.843223E+3
5.604490E+2	1.861808E+3
5.607052E+2	1.881125E+3
5.609614E+2	1.900628E+3
5.612177E+2	1.920125E+3
5.614739E+2	1.939207E+3
5.617301E+2	1.959453E+3
5.619863E+2	1.979043E+3
5.622424E+2	1.999289E+3
5.624986E+2	2.018841E+3
5.627548E+2	2.039475E+3
5.630109E+2	2.060458E+3
5.632671E+2	2.081486E+3
5.635232E+2	2.102906E+3
5.637794E+2	2.125087E+3
5.640355E+2	2.146814E+3
5.642916E+2	2.168764E+3
5.645477E+2	2.190436E+3
5.648038E+2	2.212191E+3
5.650599E+2	2.234557E+3
5.653160E+2	2.256163E+3
5.655721E+2	2.278939E+3
5.658281E+2	2.302049E+3
5.660842E+2	2.325606E+3
5.663402E+2	2.348890E+3
5.665963E+2	2.372240E+3
5.668523E+2	2.395065E+3
5.671083E+2	2.418666E+3
5.673644E+2	2.443070E+3
5.676204E+2	2.467218E+3
5.678764E+2	2.491502E+3
5.681324E+2	2.516518E+3
5.683883E+2	2.541256E+3
5.686443E+2	2.565781E+3
5.689003E+2	2.591038E+3
5.691562E+2	2.616032E+3
5.694122E+2	2.641191E+3
5.696681E+2	2.666742E+3
5.699241E+2	2.692551E+3
5.701800E+2	2.718349E+3
5.704359E+2	2.744775E+3
5.706918E+2	2.771671E+3
5.709477E+2	2.798600E+3
5.712036E+2	2.825797E+3
5.714595E+2	2.853579E+3
5.717154E+2	2.881382E+3
5.719713E+2	2.908797E+3
5.722271E+2	2.936333E+3
5.724830E+2	2.964983E+3
5.727388E+2	2.993923E+3
5.729947E+2	3.022027E+3
5.732505E+2	3.050491E+3
5.735063E+2	3.079344E+3
5.737621E+2	3.108928E+3
5.740179E+2	3.137852E+3
5.742737E+2	3.167939E+3
5.745295E+2	3.197404E+3
5.747853E+2	3.227005E+3
5.750411E+2	3.257879E+3
5.752968E+2	3.288770E+3
5.755526E+2	3.319939E+3
5.758083E+2	3.350628E+3
5.760641E+2	3.382032E+3
5.763198E+2	3.414191E+3
5.765755E+2	3.446365E+3
5.768312E+2	3.478666E+3
5.770869E+2	3.510693E+3
5.773426E+2	3.543038E+3
5.775983E+2	3.575770E+3
5.778540E+2	3.608633E+3
5.781097E+2	3.642994E+3
5.783653E+2	3.676469E+3
5.786210E+2	3.710016E+3
5.788766E+2	3.742508E+3
5.791323E+2	3.775988E+3
5.793879E+2	3.810289E+3
5.796435E+2	3.843693E+3
5.798991E+2	3.877956E+3
5.801547E+2	3.912568E+3
5.804103E+2	3.947065E+3
5.806659E+2	3.982081E+3
5.809215E+2	4.017486E+3
5.811771E+2	4.052874E+3
5.814327E+2	4.087551E+3
5.816882E+2	4.122781E+3
5.819438E+2	4.158245E+3
5.821993E+2	4.194611E+3
5.824548E+2	4.230628E+3
5.827104E+2	4.267223E+3
5.829659E+2	4.302928E+3
5.832214E+2	4.338595E+3
5.834769E+2	4.375103E+3
5.837324E+2	4.411633E+3
5.839878E+2	4.448436E+3
5.842433E+2	4.486027E+3
5.844988E+2	4.523218E+3
5.847542E+2	4.561130E+3
5.850097E+2	4.599065E+3
5.852651E+2	4.637426E+3
5.855206E+2	4.675502E+3
5.857760E+2	4.713480E+3
5.860314E+2	4.751404E+3
5.862868E+2	4.789256E+3
5.865422E+2	4.827464E+3
5.867976E+2	4.865934E+3
5.870530E+2	4.904207E+3
5.873084E+2	4.943065E+3
5.875637E+2	4.981442E+3
5.878191E+2	5.020059E+3
5.880744E+2	5.058223E+3
5.883298E+2	5.097267E+3
5.885851E+2	5.136819E+3
5.888404E+2	5.176376E+3
5.890958E+2	5.217251E+3
5.893511E+2	5.256715E+3
5.896064E+2	5.297316E+3
5.898617E+2	5.336819E+3
5.901169E+2	5.378256E+3
5.903722E+2	5.418906E+3
5.906275E+2	5.458868E+3
5.908827E+2	5.499710E+3
5.911380E+2	5.540333E+3
5.913932E+2	5.581174E+3
5.916485E+2	5.622065E+3
5.919037E+2	5.663141E+3
5.921589E+2	5.703436E+3
5.924141E+2	5.744699E+3
5.926693E+2	5.786191E+3
5.929245E+2	5.827628E+3
5.931797E+2	5.869753E+3
5.934349E+2	5.911447E+3
5.936900E+2	5.953546E+3
5.939452E+2	5.996426E+3
5.942004E+2	6.038054E+3
5.944555E+2	6.081999E+3
5.947106E+2	6.125666E+3
5.949658E+2	6.168021E+3
5.952209E+2	6.212600E+3
5.954760E+2	6.256092E+3
5.957311E+2	6.298770E+3
5.959862E+2	6.343830E+3
5.962413E+2	6.388486E+3
5.964963E+2	6.432841E+3
5.967514E+2	6.477868E+3
5.970065E+2	6.524130E+3
5.972615E+2	6.570983E+3
5.975166E+2	6.615759E+3
5.977716E+2	6.660967E+3
5.980266E+2	6.707393E+3
5.982816E+2	6.752130E+3
5.985367E+2	6.798808E+3
5.987917E+2	6.846114E+3
5.990467E+2	6.892311E+3
5.993016E+2	6.939191E+3
5.995566E+2	6.986628E+3
5.998116E+2	7.033174E+3
6.000665E+2	7.080753E+3
6.003215E+2	7.126513E+3
6.005764E+2	7.174486E+3
6.008314E+2	7.222027E+3
6.010863E+2	7.270967E+3
6.013412E+2	7.319158E+3
6.015961E+2	7.366513E+3
6.018510E+2	7.414677E+3
6.021059E+2	7.462835E+3
6.023608E+2	7.511355E+3
6.026157E+2	7.559502E+3
6.028706E+2	7.607305E+3
6.031254E+2	7.655885E+3
6.033803E+2	7.704404E+3
6.036351E+2	7.752273E+3
6.038900E+2	7.800365E+3
6.041448E+2	7.848764E+3
6.043996E+2	7.898633E+3
6.046544E+2	7.945382E+3
6.049092E+2	7.994502E+3
6.051640E+2	8.043202E+3
6.054188E+2	8.092688E+3
6.056736E+2	8.142436E+3
6.059283E+2	8.191453E+3
6.061831E+2	8.239775E+3
6.064378E+2	8.288305E+3
6.066926E+2	8.336639E+3
6.069473E+2	8.387218E+3
6.072021E+2	8.436021E+3
6.074568E+2	8.483130E+3
6.077115E+2	8.531573E+3
6.079662E+2	8.580513E+3
6.082209E+2	8.629212E+3
6.084756E+2	8.676688E+3
6.087302E+2	8.724857E+3
6.089849E+2	8.773453E+3
6.092396E+2	8.820218E+3
6.094942E+2	8.868125E+3
6.097489E+2	8.916814E+3
6.100035E+2	8.963611E+3
6.102581E+2	9.011043E+3
6.105127E+2	9.058655E+3
6.107674E+2	9.105300E+3
6.110220E+2	9.152158E+3
6.112766E+2	9.200130E+3
6.115311E+2	9.246103E+3
6.117857E+2	9.292879E+3
6.120403E+2	9.338589E+3
6.122948E+2	9.383333E+3
6.125494E+2	9.427770E+3
6.128039E+2	9.471896E+3
6.130585E+2	9.517792E+3
6.133130E+2	9.562557E+3
6.135675E+2	9.606956E+3
6.138220E+2	9.652245E+3
6.140765E+2	9.695846E+3
6.143310E+2	9.739753E+3
6.145855E+2	9.783349E+3
6.148400E+2	9.825573E+3
6.150945E+2	9.868240E+3
6.153489E+2	9.911639E+3
6.156034E+2	9.952677E+3
6.158578E+2	9.997622E+3
6.161123E+2	1.003947E+4
6.163667E+2	1.008047E+4
6.166211E+2	1.012076E+4
6.168755E+2	1.016133E+4
6.171299E+2	1.020373E+4
6.173843E+2	1.024550E+4
6.176387E+2	1.028606E+4
6.178931E+2	1.032549E+4
6.181474E+2	1.036512E+4
6.184018E+2	1.040532E+4
6.186561E+2	1.044431E+4
6.189105E+2	1.048376E+4
6.191648E+2	1.052357E+4
6.194191E+2	1.056264E+4
6.196735E+2	1.060289E+4
6.199278E+2	1.064073E+4
6.201821E+2	1.068014E+4
6.204364E+2	1.071702E+4
6.206907E+2	1.075320E+4
6.209449E+2	1.078963E+4
6.211992E+2	1.082708E+4
6.214535E+2	1.086228E+4
6.217077E+2	1.089957E+4
6.219619E+2	1.093575E+4
6.222162E+2	1.097105E+4
6.224704E+2	1.100436E+4
6.227246E+2	1.103938E+4
6.229788E+2	1.107427E+4
6.232330E+2	1.111081E+4
6.234872E+2	1.114446E+4
6.237414E+2	1.117770E+4
6.239956E+2	1.121066E+4
6.242498E+2	1.124405E+4
6.245039E+2	1.127581E+4
6.247581E+2	1.131065E+4
6.250122E+2	1.134100E+4
6.252663E+2	1.137205E+4
6.255205E+2	1.140358E+4
6.257746E+2	1.143229E+4
6.260287E+2	1.146044E+4
6.262828E+2	1.148829E+4
6.265369E+2	1.151806E+4
6.267910E+2	1.154613E+4
6.270450E+2	1.157427E+4
6.272991E+2	1.160187E+4
6.275532E+2	1.162894E+4
6.278072E+2	1.165474E+4
6.280613E+2	1.168062E+4
6.283153E+2	1.170453E+4
6.285693E+2	1.172982E+4
6.288233E+2	1.175166E+4
6.290773E+2	1.177541E+4
6.293313E+2	1.179612E+4
6.295853E+2	1.181847E+4
6.298393E+2	1.183883E+4
6.300933E+2	1.185773E+4
6.303472E+2	1.187744E+4
6.306012E+2	1.189592E+4
6.308551E+2	1.191314E+4
6.311091E+2	1.193118E+4
6.313630E+2	1.194687E+4
6.316169E+2	1.196144E+4
6.318709E+2	1.197700E+4
6.321248E+2	1.199011E+4
6.323787E+2	1.200428E+4
6.326326E+2	1.201517E+4
6.328864E+2	1.202618E+4
6.331403E+2	1.203840E+4
6.333942E+2	1.204887E+4
6.336480E+2	1.205886E+4
6.339019E+2	1.206705E+4
6.341557E+2	1.207537E+4
6.344095E+2	1.208286E+4
6.346634E+2	1.208990E+4
6.349172E+2	1.209450E+4
6.351710E+2	1.209769E+4
6.354248E+2	1.210095E+4
6.356786E+2	1.210464E+4
6.359324E+2	1.210909E+4
6.361861E+2	1.211139E+4
6.364399E+2	1.211138E+4
6.366936E+2	1.210782E+4
6.369474E+2	1.210903E+4
6.372011E+2	1.210586E+4
6.374549E+2	1.210208E+4
6.377086E+2	1.209869E+4
6.379623E+2	1.209446E+4
6.382160E+2	1.208872E+4
6.384697E+2	1.208093E+4
6.387234E+2	1.207255E+4
6.389771E+2	1.206429E+4
6.392307E+2	1.205589E+4
6.394844E+2	1.204697E+4
6.397380E+2	1.203608E+4
6.399917E+2	1.202518E+4
6.402453E+2	1.201179E+4
6.404990E+2	1.199949E+4
6.407526E+2	1.198676E+4
6.410062E+2	1.197165E+4
6.412598E+2	1.195754E+4
6.415134E+2	1.194158E+4
6.417670E+2	1.192587E+4
6.420206E+2	1.190804E+4
6.422741E+2	1.189026E+4
6.425277E+2	1.187165E+4
6.427812E+2	1.185272E+4
6.430348E+2	1.183268E+4
6.432883E+2	1.181398E+4
6.435418E+2	1.179215E+4
6.437954E+2	1.177079E+4
6.440489E+2	1.174780E+4
6.443024E+2	1.172523E+4
6.445559E+2	1.170091E+4
6.448094E+2	1.167913E+4
6.450628E+2	1.165304E+4
6.453163E+2	1.162933E+4
6.455698E+2	1.160586E+4
6.458232E+2	1.158118E+4
6.460767E+2	1.155446E+4
6.463301E+2	1.152873E+4
6.465835E+2	1.150184E+4
6.468369E+2	1.147376E+4
6.470903E+2	1.144678E+4
6.473437E+2	1.141901E+4
6.475971E+2	1.139116E+4
6.478505E+2	1.136149E+4
6.481039E+2	1.133191E+4
6.483573E+2	1.130238E+4
6.486106E+2	1.127041E+4
6.488640E+2	1.123910E+4
6.491173E+2	1.120893E+4
6.493706E+2	1.117731E+4
6.496240E+2	1.114532E+4
6.498773E+2	1.111377E+4
6.501306E+2	1.107970E+4
6.503839E+2	1.104790E+4
6.506372E+2	1.101523E+4
6.508905E+2	1.098145E+4
6.511437E+2	1.094693E+4
6.513970E+2	1.091154E+4
6.516503E+2	1.087793E+4
6.519035E+2	1.084478E+4
6.521567E+2	1.081174E+4
6.524100E+2	1.077558E+4
6.526632E+2	1.074169E+4
6.529164E+2	1.070841E+4
6.531696E+2	1.067415E+4
6.534228E+2	1.064010E+4
6.536760E+2	1.060474E+4
6.539292E+2	1.057095E+4
6.541824E+2	1.053649E+4
6.544355E+2	1.050230E+4
6.546887E+2	1.046691E+4
6.549418E+2	1.043219E+4
6.551950E+2	1.039742E+4
6.554481E+2	1.036209E+4
6.557012E+2	1.032606E+4
6.559543E+2	1.029075E+4
6.562074E+2	1.025385E+4
6.564605E+2	1.021819E+4
6.567136E+2	1.018333E+4
6.569667E+2	1.014911E+4
6.572198E+2	1.011393E+4
6.574728E+2	1.007867E+4
6.577259E+2	1.004319E+4
6.579789E+2	1.000849E+4
6.582319E+2	9.972480E+3
6.584850E+2	9.938622E+3
6.587380E+2	9.902912E+3
6.589910E+2	9.869262E+3
6.592440E+2	9.835196E+3
6.594970E+2	9.799726E+3
6.597500E+2	9.768792E+3
6.600030E+2	9.734759E+3
6.602559E+2	9.700152E+3
6.605089E+2	9.666857E+3
6.607618E+2	9.632382E+3
6.610148E+2	9.599617E+3
6.612677E+2	9.564059E+3
6.615206E+2	9.532338E+3
6.617736E+2	9.499759E+3
6.620265E+2	9.467163E+3
6.622794E+2	9.434491E+3
6.625323E+2	9.402054E+3
6.627851E+2	9.368759E+3
6.630380E+2	9.337704E+3
6.632909E+2	9.306846E+3
6.635437E+2	9.277327E+3
6.637966E+2	9.245491E+3
6.640494E+2	9.215655E+3
6.643023E+2	9.186999E+3
6.645551E+2	9.155835E+3
6.648079E+2	9.127076E+3
6.650607E+2	9.098644E+3
6.653135E+2	9.070721E+3
6.655663E+2	9.043300E+3
6.658191E+2	9.014535E+3
6.660718E+2	8.987065E+3
6.663246E+2	8.960475E+3
6.665774E+2	8.935333E+3
6.668301E+2	8.907890E+3
6.670828E+2	8.882469E+3
6.673356E+2	8.856535E+3
6.675883E+2	8.832322E+3
6.678410E+2	8.809027E+3
6.680937E+2	8.784349E+3
6.683464E+2	8.759797E+3
6.685991E+2	8.735950E+3
6.688518E+2	8.711923E+3
6.691044E+2	8.687819E+3
6.693571E+2	8.664956E+3
6.696098E+2	8.641606E+3
6.698624E+2	8.617923E+3
6.701150E+2	8.596010E+3
6.703677E+2	8.573956E+3
6.706203E+2	8.551005E+3
6.708729E+2	8.528906E+3
6.711255E+2	8.506846E+3
6.713781E+2	8.486415E+3
6.716307E+2	8.465546E+3
6.718832E+2	8.445327E+3
6.721358E+2	8.423983E+3
6.723884E+2	8.404147E+3
6.726409E+2	8.384759E+3
6.728935E+2	8.365464E+3
6.731460E+2	8.347049E+3
6.733985E+2	8.330327E+3
6.736510E+2	8.313163E+3
6.739035E+2	8.296551E+3
6.741560E+2	8.280688E+3
6.744085E+2	8.264896E+3
6.746610E+2	8.250365E+3
6.749135E+2	8.236551E+3
6.751660E+2	8.221606E+3
6.754184E+2	8.207447E+3
6.756709E+2	8.194393E+3
6.759233E+2	8.181191E+3
6.761757E+2	8.167764E+3
6.764282E+2	8.153901E+3
6.766806E+2	8.142600E+3
6.769330E+2	8.130038E+3
6.771854E+2	8.117223E+3
6.774378E+2	8.103775E+3
6.776901E+2	8.090469E+3
6.779425E+2	8.076961E+3
6.781949E+2	8.064300E+3
6.784472E+2	8.050917E+3
6.786996E+2	8.037103E+3
6.789519E+2	8.024666E+3
6.792042E+2	8.012125E+3
6.794566E+2	7.998857E+3
6.797089E+2	7.986792E+3
6.799612E+2	7.975098E+3
6.802135E+2	7.963617E+3
6.804657E+2	7.951666E+3
6.807180E+2	7.940551E+3
6.809703E+2	7.931054E+3
6.812226E+2	7.922671E+3
6.814748E+2	7.913076E+3
6.817270E+2	7.904759E+3
6.819793E+2	7.895120E+3
6.822315E+2	7.888333E+3
6.824837E+2	7.880524E+3
6.827359E+2	7.873644E+3
6.829881E+2	7.865480E+3
6.832403E+2	7.856906E+3
6.834925E+2	7.850579E+3
6.837447E+2	7.842732E+3
6.839968E+2	7.834535E+3
6.842490E+2	7.825650E+3
6.845011E+2	7.818775E+3
6.847533E+2	7.810114E+3
6.850054E+2	7.801595E+3
6.852575E+2	7.792469E+3
6.855097E+2	7.782928E+3
6.857618E+2	7.774054E+3
6.860139E+2	7.764710E+3
6.862659E+2	7.756125E+3
6.865180E+2	7.747841E+3
6.867701E+2	7.737038E+3
6.870222E+2	7.727229E+3
6.872742E+2	7.718043E+3
6.875263E+2	7.709447E+3
6.877783E+2	7.701885E+3
6.880303E+2	7.694185E+3
6.882823E+2	7.686535E+3
6.885343E+2	7.679628E+3
6.887864E+2	7.671584E+3
6.890383E+2	7.665650E+3
6.892903E+2	7.658622E+3
6.895423E+2	7.652169E+3
6.897943E+2	7.647223E+3
6.900462E+2	7.640923E+3
6.902982E+2	7.636065E+3
6.905501E+2	7.629338E+3
6.908021E+2	7.623671E+3
6.910540E+2	7.617212E+3
6.913059E+2	7.611305E+3
6.915578E+2	7.604349E+3
6.918097E+2	7.596890E+3
6.920616E+2	7.589655E+3
6.923135E+2	7.580316E+3
6.925654E+2	7.571010E+3
6.928172E+2	7.563136E+3
6.930691E+2	7.553218E+3
6.933209E+2	7.542994E+3
6.935728E+2	7.534070E+3
6.938246E+2	7.523721E+3
6.940764E+2	7.514245E+3
6.943282E+2	7.503841E+3
6.945800E+2	7.493453E+3
6.948318E+2	7.483885E+3
6.950836E+2	7.472169E+3
6.953354E+2	7.461972E+3
6.955872E+2	7.451163E+3
6.958389E+2	7.442098E+3
6.960907E+2	7.432070E+3
6.963424E+2	7.421786E+3
6.965942E+2	7.410999E+3
6.968459E+2	7.401748E+3
6.970976E+2	7.392928E+3
6.973493E+2	7.383475E+3
6.976010E+2	7.374502E+3
6.978527E+2	7.366027E+3
6.981044E+2	7.356322E+3
6.983561E+2	7.347906E+3
6.986077E+2	7.338879E+3
6.988594E+2	7.328136E+3
6.991110E+2	7.318218E+3
6.993627E+2	7.308289E+3
6.996143E+2	7.299103E+3
6.998659E+2	7.288491E+3
7.001175E+2	7.277792E+3
7.003692E+2	7.266010E+3
7.006207E+2	7.253835E+3
7.008723E+2	7.241065E+3
7.011239E+2	7.227185E+3
7.013755E+2	7.214699E+3
7.016271E+2	7.200524E+3
7.018786E+2	7.185786E+3
7.021302E+2	7.172141E+3
7.023817E+2	7.158174E+3
7.026332E+2	7.143311E+3
7.028847E+2	7.128191E+3
7.031362E+2	7.111770E+3
7.033878E+2	7.096611E+3
7.036392E+2	7.082098E+3
7.038907E+2	7.066300E+3
7.041422E+2	7.049360E+3
7.043937E+2	7.033278E+3
7.046451E+2	7.018109E+3
7.048966E+2	7.003589E+3
7.051480E+2	6.988650E+3
7.053995E+2	6.973491E+3
7.056509E+2	6.958070E+3
7.059023E+2	6.944240E+3
7.061537E+2	6.931573E+3
7.064051E+2	6.918038E+3
7.066565E+2	6.904677E+3
7.069079E+2	6.892316E+3
7.071593E+2	6.879589E+3
7.074106E+2	6.866863E+3
7.076620E+2	6.854748E+3
7.079133E+2	6.841786E+3
7.081647E+2	6.828639E+3
7.084160E+2	6.817240E+3
7.086673E+2	6.806021E+3
7.089186E+2	6.792748E+3
7.091699E+2	6.779628E+3
7.094212E+2	6.765967E+3
7.096725E+2	6.751125E+3
7.099238E+2	6.737223E+3
7.101751E+2	6.722589E+3
7.104263E+2	6.708568E+3
7.106776E+2	6.692896E+3
7.109288E+2	6.676759E+3
7.111800E+2	6.659262E+3
7.114313E+2	6.641617E+3
7.116825E+2	6.623890E+3
7.119337E+2	6.607174E+3
7.121849E+2	6.588759E+3
7.124361E+2	6.569721E+3
7.126873E+2	6.552475E+3
7.129384E+2	6.534393E+3
7.131896E+2	6.515475E+3
7.134408E+2	6.498223E+3
7.136919E+2	6.480617E+3
7.139430E+2	6.465305E+3
7.141942E+2	6.450988E+3
7.144453E+2	6.437518E+3
7.146964E+2	6.424781E+3
7.149475E+2	6.413518E+3
7.151986E+2	6.403824E+3
7.154497E+2	6.394688E+3
7.157008E+2	6.385191E+3
7.159518E+2	6.377344E+3
7.162029E+2	6.370229E+3
7.164540E+2	6.364956E+3
7.167050E+2	6.357857E+3
7.169560E+2	6.351874E+3
7.172071E+2	6.345857E+3
7.174581E+2	6.339202E+3
7.177091E+2	6.332447E+3
7.179601E+2	6.324814E+3
7.182111E+2	6.317136E+3
7.184621E+2	6.308551E+3
7.187130E+2	6.298999E+3
7.189640E+2	6.287344E+3
7.192150E+2	6.275087E+3
7.194659E+2	6.263114E+3
7.197169E+2	6.248376E+3
7.199678E+2	6.235098E+3
7.202187E+2	6.219797E+3
7.204696E+2	6.203912E+3
7.207205E+2	6.189207E+3
7.209714E+2	6.174814E+3
7.212223E+2	6.160491E+3
7.214732E+2	6.146311E+3
7.217241E+2	6.135130E+3
7.219749E+2	6.125502E+3
7.222258E+2	6.116513E+3
7.224766E+2	6.110961E+3
7.227274E+2	6.106486E+3
7.229783E+2	6.104742E+3
7.232291E+2	6.106322E+3
7.234799E+2	6.109065E+3
7.237307E+2	6.114573E+3
7.239815E+2	6.120475E+3
7.242323E+2	6.128355E+3
7.244830E+2	6.137611E+3
7.247338E+2	6.147939E+3
7.249846E+2	6.158896E+3
7.252353E+2	6.169622E+3
7.254861E+2	6.181180E+3
7.257368E+2	6.191950E+3
7.259875E+2	6.202273E+3
7.262382E+2	6.212234E+3
7.264889E+2	6.221010E+3
7.267396E+2	6.228923E+3
7.269903E+2	6.236065E+3
7.272410E+2	6.242803E+3
7.274917E+2	6.248879E+3
7.277423E+2	6.253355E+3
7.279930E+2	6.256906E+3
7.282436E+2	6.260803E+3
7.284942E+2	6.263737E+3
7.287449E+2	6.267393E+3
7.289955E+2	6.271600E+3
7.292461E+2	6.274819E+3
7.294967E+2	6.279256E+3
7.297473E+2	6.283928E+3
7.299979E+2	6.288114E+3
7.302484E+2	6.292781E+3
7.304990E+2	6.296109E+3
7.307496E+2	6.302360E+3
7.310001E+2	6.311049E+3
7.312507E+2	6.322387E+3
7.315012E+2	6.336606E+3
7.317517E+2	6.353098E+3
7.320022E+2	6.376152E+3
7.322527E+2	6.404212E+3
7.325032E+2	6.438043E+3
7.327537E+2	6.476513E+3
7.330042E+2	6.517202E+3
7.332547E+2	6.560458E+3
7.335051E+2	6.607251E+3
7.337556E+2	6.658546E+3
7.340060E+2	6.717863E+3
7.342564E+2	6.788065E+3
7.345069E+2	6.862234E+3
7.347573E+2	6.933010E+3
7.350077E+2	6.995753E+3
7.352581E+2	7.045885E+3
7.355085E+2	7.095977E+3
7.357589E+2	7.160125E+3
7.360092E+2	7.245305E+3
7.362596E+2	7.353114E+3
7.365100E+2	7.469305E+3
7.367603E+2	7.581262E+3
7.370106E+2	7.682207E+3
7.372610E+2	7.769371E+3
7.375113E+2	7.848365E+3
7.377616E+2	7.924988E+3
7.380119E+2	8.008600E+3
7.382622E+2	8.101038E+3
7.385125E+2	8.200589E+3
7.387628E+2	8.305606E+3
7.390130E+2	8.413316E+3
7.392633E+2	8.526633E+3
7.395135E+2	8.647180E+3
7.397638E+2	8.777109E+3
7.400140E+2	8.915715E+3
7.402642E+2	9.062994E+3
7.405144E+2	9.210950E+3
7.407647E+2	9.358393E+3
7.410149E+2	9.506994E+3
7.412650E+2	9.652704E+3
7.415152E+2	9.789426E+3
7.417654E+2	9.928180E+3
7.420156E+2	1.007479E+4
7.422657E+2	1.022801E+4
7.425159E+2	1.037985E+4
7.427660E+2	1.051804E+4
7.430161E+2	1.063573E+4
7.432662E+2	1.074062E+4
7.435164E+2	1.087445E+4
7.437665E+2	1.103019E+4
7.440165E+2	1.118476E+4
7.442666E+2	1.133855E+4
7.445167E+2	1.149227E+4
7.447668E+2	1.164461E+4
7.450168E+2	1.179603E+4
7.452669E+2	1.194223E+4
7.455169E+2	1.206866E+4
7.457669E+2	1.218388E+4
7.460170E+2	1.229342E+4
7.462670E+2	1.240728E+4
7.465170E+2	1.252953E+4
7.467670E+2	1.266572E+4
7.470170E+2	1.280477E+4
7.472670E+2	1.293915E+4
7.475169E+2	1.306875E+4
7.477669E+2	1.319314E+4
7.480168E+2	1.331405E+4
7.482668E+2	1.343352E+4
7.485167E+2	1.355169E+4
7.487666E+2	1.366645E+4
7.490166E+2	1.377756E+4
7.492665E+2	1.386563E+4
7.495164E+2	1.393459E+4
7.497663E+2	1.398897E+4
7.500161E+2	1.403687E+4
7.502660E+2	1.407935E+4
7.505159E+2	1.412129E+4
7.507657E+2	1.416061E+4
7.510156E+2	1.418847E+4
7.512654E+2	1.420052E+4
7.515152E+2	1.419067E+4
7.517651E+2	1.417201E+4
7.520149E+2	1.415872E+4
7.522647E+2	1.416394E+4
7.525145E+2	1.419193E+4
7.527643E+2	1.423325E+4
7.530140E+2	1.427270E+4
7.532638E+2	1.429603E+4
7.535136E+2	1.429663E+4
7.537633E+2	1.428540E+4
7.540131E+2	1.427792E+4
7.542628E+2	1.428605E+4
7.545125E+2	1.431292E+4
7.547622E+2	1.434010E+4
7.550119E+2	1.435746E+4
7.552616E+2	1.436575E+4
7.555113E+2	1.436438E+4
7.557610E+2	1.436029E+4
7.560107E+2	1.434529E+4
7.562603E+2	1.431478E+4
7.565100E+2	1.427215E+4
7.567596E+2	1.422674E+4
7.570093E+2	1.416999E+4
7.572589E+2	1.409143E+4
7.575085E+2	1.398963E+4
7.577581E+2	1.387378E+4
7.580077E+2	1.376045E+4
7.582573E+2	1.366018E+4
7.585069E+2	1.355849E+4
7.587565E+2	1.341600E+4
7.590060E+2	1.324231E+4
7.592556E+2	1.306702E+4
7.595051E+2	1.289186E+4
7.597547E+2	1.272015E+4
7.600042E+2	1.255166E+4
7.602537E+2	1.238439E+4
7.605032E+2	1.222627E+4
7.607527E+2	1.209005E+4
7.610022E+2	1.196776E+4
7.612517E+2	1.184976E+4
7.615012E+2	1.172775E+4
7.617507E+2	1.159578E+4
7.620001E+2	1.144708E+4
7.622496E+2	1.128947E+4
7.624990E+2	1.113003E+4
7.627485E+2	1.096731E+4
7.629979E+2	1.080333E+4
7.632473E+2	1.064106E+4
7.634967E+2	1.048155E+4
7.637461E+2	1.032449E+4
7.639955E+2	1.017116E+4
7.642449E+2	1.002100E+4
7.644942E+2	9.886546E+3
7.647436E+2	9.762415E+3
7.649930E+2	9.647518E+3
7.652423E+2	9.542671E+3
7.654916E+2	9.452715E+3
7.657410E+2	9.374174E+3
7.659903E+2	9.299792E+3
7.662396E+2	9.222109E+3
7.664889E+2	9.139196E+3
7.667382E+2	9.054212E+3
7.669875E+2	8.968879E+3
7.672367E+2	8.881289E+3
7.674860E+2	8.783830E+3
7.677353E+2	8.675130E+3
7.679845E+2	8.560491E+3
7.682337E+2	8.447333E+3
7.684830E+2	8.341305E+3
7.687322E+2	8.246125E+3
7.689814E+2	8.154136E+3
7.692306E+2	8.052934E+3
7.694798E+2	7.933371E+3
7.697290E+2	7.790759E+3
7.699782E+2	7.639447E+3
7.702273E+2	7.485983E+3
7.704765E+2	7.332163E+3
7.707256E+2	7.178540E+3
7.709748E+2	7.031087E+3
7.712239E+2	6.901699E+3
7.714730E+2	6.794546E+3
7.717222E+2	6.709742E+3
7.719713E+2	6.637491E+3
7.722204E+2	6.575169E+3
7.724694E+2	6.528240E+3
7.727185E+2	6.501059E+3
7.729676E+2	6.491803E+3
7.732167E+2	6.495387E+3
7.734657E+2	6.507283E+3
7.737147E+2	6.528486E+3
7.739638E+2	6.555491E+3
7.742128E+2	6.584841E+3
7.744618E+2	6.608415E+3
7.747108E+2	6.624065E+3
7.749598E+2	6.630322E+3
7.752088E+2	6.628305E+3
7.754578E+2	6.620972E+3
7.757068E+2	6.606529E+3
7.759557E+2	6.585409E+3
7.762047E+2	6.559742E+3
7.764536E+2	6.528841E+3
7.767026E+2	6.491824E+3
7.769515E+2	6.449333E+3
7.772004E+2	6.403956E+3
7.774493E+2	6.360038E+3
7.776982E+2	6.316573E+3
7.779471E+2	6.277928E+3
7.781960E+2	6.243070E+3
7.784449E+2	6.209732E+3
7.786938E+2	6.177436E+3
7.789426E+2	6.144824E+3
7.791915E+2	6.111622E+3
7.794403E+2	6.076748E+3
7.796891E+2	6.041819E+3
7.799380E+2	6.005721E+3
7.801868E+2	5.971141E+3
7.804356E+2	5.935256E+3
7.806844E+2	5.897628E+3
7.809332E+2	5.858797E+3
7.811819E+2	5.820021E+3
7.814307E+2	5.783120E+3
7.816795E+2	5.747125E+3
7.819282E+2	5.714076E+3
7.821770E+2	5.684387E+3
7.824257E+2	5.657589E+3
7.826744E+2	5.633431E+3
7.829231E+2	5.611923E+3
7.831718E+2	5.591557E+3
7.834205E+2	5.571885E+3
7.836692E+2	5.552480E+3
7.839179E+2	5.532447E+3
7.841666E+2	5.509426E+3
7.844152E+2	5.481693E+3
7.846639E+2	5.448650E+3
7.849125E+2	5.409906E+3
7.851612E+2	5.367693E+3
7.854098E+2	5.323130E+3
7.856584E+2	5.274928E+3
7.859070E+2	5.225027E+3
7.861556E+2	5.168426E+3
7.864042E+2	5.103191E+3
7.866528E+2	5.029267E+3
7.869014E+2	4.948994E+3
7.871499E+2	4.867726E+3
7.873985E+2	4.788180E+3
7.876470E+2	4.708120E+3
7.878956E+2	4.624956E+3
7.881441E+2	4.539562E+3
7.883926E+2	4.453327E+3
7.886411E+2	4.367103E+3
7.888896E+2	4.285972E+3
7.891381E+2	4.210010E+3
7.893866E+2	4.141136E+3
7.896351E+2	4.078835E+3
7.898835E+2	4.024114E+3
7.901320E+2	3.975070E+3
7.903804E+2	3.931267E+3
7.906289E+2	3.892240E+3
7.908773E+2	3.858114E+3
7.911257E+2	3.827453E+3
7.913742E+2	3.799770E+3
7.916226E+2	3.777671E+3
7.918709E+2	3.759502E+3
7.921193E+2	3.746174E+3
7.923677E+2	3.735360E+3
7.926161E+2	3.725682E+3
7.928644E+2	3.716786E+3
7.931128E+2	3.704879E+3
7.933611E+2	3.689426E+3
7.936095E+2	3.669262E+3
7.938578E+2	3.644300E+3
7.941061E+2	3.615923E+3
7.943544E+2	3.583021E+3
7.946027E+2	3.547486E+3
7.948510E+2	3.510661E+3
7.950993E+2	3.474349E+3
7.953475E+2	3.440016E+3
7.955958E+2	3.408251E+3
7.958440E+2	3.378950E+3
7.960923E+2	3.353049E+3
7.963405E+2	3.328486E+3
7.965887E+2	3.303814E+3
7.968370E+2	3.280365E+3
7.970852E+2	3.256043E+3
7.973334E+2	3.230245E+3
7.975816E+2	3.201901E+3
7.978297E+2	3.173781E+3
7.980779E+2	3.144879E+3
7.983261E+2	3.115885E+3
7.985742E+2	3.086999E+3
7.988224E+2	3.059557E+3
7.990705E+2	3.033442E+3
7.993186E+2	3.010283E+3
7.995668E+2	2.990726E+3
7.998149E+2	2.974393E+3
8.000630E+2	2.963945E+3
8.003111E+2	2.957207E+3
8.005591E+2	2.954764E+3
8.008072E+2	2.957174E+3
8.010553E+2	2.961732E+3
8.013033E+2	2.969376E+3
8.015514E+2	2.977688E+3
8.017994E+2	2.987338E+3
8.020474E+2	2.996934E+3
8.022955E+2	3.006540E+3
8.025435E+2	3.015081E+3
8.027915E+2	3.021901E+3
8.030395E+2	3.029688E+3
8.032874E+2	3.036835E+3
8.035354E+2	3.044677E+3
8.037834E+2	3.052715E+3
8.040313E+2	3.060808E+3
8.042793E+2	3.070393E+3
8.045272E+2	3.081223E+3
8.047752E+2	3.093628E+3
8.050231E+2	3.107792E+3
8.052710E+2	3.125191E+3
8.055189E+2	3.144835E+3
8.057668E+2	3.166125E+3
8.060147E+2	3.190262E+3
8.062625E+2	3.216814E+3
8.065104E+2	3.247557E+3
8.067583E+2	3.280633E+3
8.070061E+2	3.319693E+3
8.072540E+2	3.361999E+3
8.075018E+2	3.409163E+3
8.077496E+2	3.460016E+3
8.079974E+2	3.515409E+3
8.082452E+2	3.574065E+3
8.084930E+2	3.634600E+3
8.087408E+2	3.698546E+3
8.089886E+2	3.764229E+3
8.092364E+2	3.832584E+3
8.094841E+2	3.904447E+3
8.097319E+2	3.980573E+3
8.099796E+2	4.060732E+3
8.102273E+2	4.144885E+3
8.104751E+2	4.233098E+3
8.107228E+2	4.325480E+3
8.109705E+2	4.422579E+3
8.112182E+2	4.524327E+3
8.114659E+2	4.630977E+3
8.117135E+2	4.741956E+3
8.119612E+2	4.858267E+3
8.122089E+2	4.979524E+3
8.124565E+2	5.104322E+3
8.127042E+2	5.229994E+3
8.129518E+2	5.352497E+3
8.131994E+2	5.468513E+3
8.134470E+2	5.577442E+3
8.136946E+2	5.674338E+3
8.139422E+2	5.754125E+3
8.141898E+2	5.818163E+3
8.144374E+2	5.864584E+3
8.146850E+2	5.896748E+3
8.149325E+2	5.915983E+3
8.151801E+2	5.924595E+3
8.154276E+2	5.926404E+3
8.156752E+2	5.924010E+3
8.159227E+2	5.918775E+3
8.161702E+2	5.912475E+3
8.164177E+2	5.906147E+3
8.166652E+2	5.898857E+3
8.169127E+2	5.892497E+3
8.171602E+2	5.886469E+3
8.174077E+2	5.881808E+3
8.176551E+2	5.879163E+3
8.179026E+2	5.879529E+3
8.181500E+2	5.881764E+3
8.183975E+2	5.888814E+3
8.186449E+2	5.898781E+3
8.188923E+2	5.914333E+3
8.191397E+2	5.935852E+3
8.193871E+2	5.962595E+3
8.196345E+2	5.996202E+3
8.198819E+2	6.035245E+3
8.201293E+2	6.079950E+3
8.203766E+2	6.126529E+3
8.206240E+2	6.175436E+3
8.208713E+2	6.224595E+3
8.211187E+2	6.269595E+3
8.213660E+2	6.309202E+3
8.216133E+2	6.339568E+3
8.218606E+2	6.362644E+3
8.221079E+2	6.372901E+3
8.223552E+2	6.371453E+3
8.226025E+2	6.357775E+3
8.228498E+2	6.333671E+3
8.230970E+2	6.297682E+3
8.233443E+2	6.252431E+3
8.235915E+2	6.200032E+3
8.238388E+2	6.140120E+3
8.240860E+2	6.074316E+3
8.243332E+2	6.002764E+3
8.245804E+2	5.925180E+3
8.248276E+2	5.841387E+3
8.250748E+2	5.751382E+3
8.253220E+2	5.655491E+3
8.255692E+2	5.552305E+3
8.258163E+2	5.442049E+3
8.260635E+2	5.324393E+3
8.263106E+2	5.199027E+3
8.265578E+2	5.066174E+3
8.268049E+2	4.926688E+3
8.270520E+2	4.778972E+3
8.272991E+2	4.624355E+3
8.275462E+2	4.464038E+3
8.277933E+2	4.301742E+3
8.280404E+2	4.139748E+3
8.282875E+2	3.983098E+3
8.285345E+2	3.832360E+3
8.287816E+2	3.692846E+3
8.290287E+2	3.569409E+3
8.292757E+2	3.461983E+3
8.295227E+2	3.371622E+3
8.297697E+2	3.295863E+3
8.300168E+2	3.233114E+3
8.302638E+2	3.179999E+3
8.305107E+2	3.133857E+3
8.307577E+2	3.092234E+3
8.310047E+2	3.052628E+3
8.312517E+2	3.014890E+3
8.314986E+2	2.977617E+3
8.317456E+2	2.942262E+3
8.319925E+2	2.906584E+3
8.322394E+2	2.871262E+3
8.324864E+2	2.835568E+3
8.327333E+2	2.798032E+3
8.329802E+2	2.758404E+3
8.332271E+2	2.717076E+3
8.334740E+2	2.671021E+3
8.337208E+2	2.621562E+3
8.339677E+2	2.566387E+3
8.342146E+2	2.504245E+3
8.344614E+2	2.435737E+3
8.347082E+2	2.359655E+3
8.349551E+2	2.277010E+3
8.352019E+2	2.186786E+3
8.354487E+2	2.091568E+3
8.356955E+2	1.991294E+3
8.359423E+2	1.888174E+3
8.361891E+2	1.785109E+3
8.364359E+2	1.684114E+3
8.366826E+2	1.587748E+3
8.369294E+2	1.494852E+3
8.371761E+2	1.408803E+3
8.374229E+2	1.330005E+3
8.376696E+2	1.258737E+3
8.379163E+2	1.194218E+3
8.381630E+2	1.137229E+3
8.384097E+2	1.087480E+3
8.386564E+2	1.043835E+3
8.389031E+2	1.005158E+3
8.391498E+2	9.714420E+2
8.393965E+2	9.417480E+2
8.396431E+2	9.155294E+2
8.398898E+2	8.921906E+2
8.401364E+2	8.712015E+2
8.403830E+2	8.519338E+2
8.406297E+2	8.342835E+2
8.408763E+2	8.179556E+2
8.411229E+2	8.028081E+2
8.413695E+2	7.884256E+2
8.416161E+2	7.746223E+2
8.418626E+2	7.615185E+2
8.421092E+2	7.484310E+2
8.423558E+2	7.355185E+2
8.426023E+2	7.232124E+2
8.428489E+2	7.109447E+2
8.430954E+2	6.988791E+2
8.433419E+2	6.873163E+2
8.435884E+2	6.757753E+2
8.438349E+2	6.645294E+2
8.440814E+2	6.536441E+2
8.443279E+2	6.426933E+2
8.445744E+2	6.320266E+2
8.448208E+2	6.210485E+2
8.450673E+2	6.102671E+2
8.453138E+2	5.993217E+2
8.455602E+2	5.882726E+2
8.458066E+2	5.770430E+2
8.460530E+2	5.658409E+2
8.462995E+2	5.546387E+2
8.465459E+2	5.429611E+2
8.467923E+2	5.308299E+2
8.470386E+2	5.189338E+2
8.472850E+2	5.065512E+2
8.475314E+2	4.942780E+2
8.477777E+2	4.823764E+2
8.480241E+2	4.703600E+2
8.482704E+2	4.581032E+2
8.485168E+2	4.457152E+2
8.487631E+2	4.335567E+2
8.490094E+2	4.211523E+2
8.492557E+2	4.093381E+2
8.495020E+2	3.978190E+2
8.497483E+2	3.863818E+2
8.499946E+2	3.748573E+2
8.502408E+2	3.637917E+2
8.504871E+2	3.526605E+2
8.507333E+2	3.417152E+2
8.509796E+2	3.308791E+2
8.512258E+2	3.203982E+2
8.514720E+2	3.099064E+2
8.517182E+2	2.995075E+2
8.519644E+2	2.896496E+2
8.522106E+2	2.799447E+2
8.524568E+2	2.711414E+2
8.527030E+2	2.623053E+2
8.529492E+2	2.538409E+2
8.531953E+2	2.456332E+2
8.534415E+2	2.378190E+2
8.536876E+2	2.298354E+2
8.539337E+2	2.226113E+2
8.541799E+2	2.155021E+2
8.544260E+2	2.083982E+2
8.546721E+2	2.020977E+2
8.549182E+2	1.957917E+2
8.551643E+2	1.896824E+2
8.554103E+2	1.836769E+2
8.556564E+2	1.782780E+2
8.559024E+2	1.729447E+2
8.561485E+2	1.677644E+2
8.563945E+2	1.629119E+2
8.566406E+2	1.586113E+2
8.568866E+2	1.543709E+2
8.571326E+2	1.505950E+2
8.573786E+2	1.466660E+2
8.576246E+2	1.431141E+2
8.578706E+2	1.399283E+2
8.581166E+2	1.370977E+2
8.583625E+2	1.340868E+2
8.586085E+2	1.315021E+2
8.588544E+2	1.287206E+2
8.591004E+2	1.258627E+2
8.593463E+2	1.234365E+2
8.595922E+2	1.208846E+2
8.598381E+2	1.183928E+2
8.600840E+2	1.156879E+2
8.603299E+2	1.132780E+2
8.605758E+2	1.107807E+2
8.608217E+2	1.082288E+2
8.610675E+2	1.061141E+2
8.613134E+2	1.036496E+2
8.615592E+2	1.013327E+2
8.618051E+2	9.914687E+1
8.620509E+2	9.689004E+1
8.622967E+2	9.485179E+1
8.625425E+2	9.273157E+1
8.627883E+2	9.020151E+1
8.630341E+2	8.805944E+1
8.632799E+2	8.590643E+1
8.635257E+2	8.413047E+1
8.637715E+2	8.199933E+1
8.640172E+2	8.016326E+1
8.642630E+2	7.827802E+1
8.645087E+2	7.639277E+1
8.647544E+2	7.434359E+1
8.650001E+2	7.257856E+1
8.652459E+2	7.069878E+1
8.654916E+2	6.931627E+1
8.657372E+2	6.778621E+1
8.659829E+2	6.631627E+1
8.662286E+2	6.472064E+1
8.664743E+2	6.350206E+1
8.667199E+2	6.204851E+1
8.669656E+2	6.049113E+1
8.672112E+2	5.933266E+1
8.674568E+2	5.775343E+1
8.677024E+2	5.658403E+1
8.679481E+2	5.553485E+1
8.681937E+2	5.435452E+1
8.684392E+2	5.307037E+1
8.686848E+2	5.224523E+1
8.689304E+2	5.123430E+1
8.691760E+2	5.021244E+1
8.694215E+2	4.947474E+1
8.696671E+2	4.850752E+1
8.699126E+2	4.779168E+1
8.701581E+2	4.720151E+1
8.704036E+2	4.646381E+1
8.706491E+2	4.554578E+1
8.708946E+2	4.464960E+1
8.711401E+2	4.395561E+1
8.713856E+2	4.334905E+1
8.716311E+2	4.241463E+1
8.718766E+2	4.161135E+1
8.721220E+2	4.069878E+1
8.723674E+2	3.987911E+1
8.726129E+2	3.915780E+1
8.728583E+2	3.864414E+1
8.731037E+2	3.782993E+1
8.733491E+2	3.712501E+1
8.735945E+2	3.646381E+1
8.738399E+2	3.598293E+1
8.740853E+2	3.540370E+1
8.743307E+2	3.486818E+1
8.745760E+2	3.413594E+1
8.748214E+2	3.358949E+1
8.750667E+2	3.316873E+1
8.753121E+2	3.248020E+1
8.755574E+2	3.172064E+1
8.758027E+2	3.107037E+1
8.760480E+2	3.031627E+1
8.762933E+2	2.964414E+1
8.765386E+2	2.902665E+1
8.767839E+2	2.850752E+1
8.770291E+2	2.761681E+1
8.772744E+2	2.705397E+1
8.775196E+2	2.637638E+1
8.777649E+2	2.595561E+1
8.780101E+2	2.544195E+1
8.782553E+2	2.499386E+1
8.785006E+2	2.439277E+1
8.787458E+2	2.363321E+1
8.789910E+2	2.306490E+1
8.792361E+2	2.278075E+1
8.794813E+2	2.247474E+1
8.797265E+2	2.220151E+1
8.799717E+2	2.189004E+1
8.802168E+2	2.166599E+1
8.804619E+2	2.127802E+1
8.807071E+2	2.093375E+1
8.809522E+2	2.065507E+1
8.811973E+2	2.013047E+1
8.814424E+2	1.966599E+1
8.816875E+2	1.951845E+1
8.819326E+2	1.946381E+1
8.821777E+2	1.911408E+1
8.824227E+2	1.880807E+1
8.826678E+2	1.860042E+1
8.829128E+2	1.835998E+1
8.831579E+2	1.836545E+1
8.834029E+2	1.816326E+1
8.836479E+2	1.785179E+1
8.838929E+2	1.773703E+1
8.841379E+2	1.760042E+1
8.843829E+2	1.739823E+1
8.846279E+2	1.714687E+1
8.848729E+2	1.694468E+1
8.851179E+2	1.684086E+1
8.853628E+2	1.652938E+1
8.856078E+2	1.651299E+1
8.858527E+2	1.662228E+1
8.860976E+2	1.662774E+1
8.863425E+2	1.635998E+1
8.865875E+2	1.615233E+1
8.868324E+2	1.589004E+1
8.870772E+2	1.556217E+1
8.873221E+2	1.559496E+1
8.875670E+2	1.554031E+1
8.878119E+2	1.540370E+1
8.880567E+2	1.551845E+1
8.883016E+2	1.552392E+1
8.885464E+2	1.538184E+1
8.887912E+2	1.503211E+1
8.890360E+2	1.508676E+1
8.892809E+2	1.494468E+1
8.895257E+2	1.486818E+1
8.897704E+2	1.467692E+1
8.900152E+2	1.439823E+1
8.902600E+2	1.420151E+1
8.905048E+2	1.404851E+1
8.907495E+2	1.407037E+1
8.909943E+2	1.376982E+1
8.912390E+2	1.351299E+1
8.914837E+2	1.327802E+1
8.917284E+2	1.341463E+1
8.919731E+2	1.349113E+1
8.922178E+2	1.323430E+1
8.924625E+2	1.322337E+1
8.927072E+2	1.321791E+1
8.929519E+2	1.298293E+1
8.931965E+2	1.295561E+1
8.934412E+2	1.284632E+1
8.936858E+2	1.311955E+1
8.939305E+2	1.337091E+1
8.941751E+2	1.311408E+1
8.944197E+2	1.293375E+1
8.946643E+2	1.247474E+1
8.949089E+2	1.249660E+1
8.951535E+2	1.218512E+1
8.953981E+2	1.196108E+1
8.956426E+2	1.195015E+1
8.958872E+2	1.169878E+1
8.961317E+2	1.179168E+1
8.963763E+2	1.195561E+1
8.966208E+2	1.190643E+1
8.968653E+2	1.172064E+1
8.971098E+2	1.186272E+1
8.973543E+2	1.201572E+1
8.975988E+2	1.207037E+1
8.978433E+2	1.192829E+1
8.980878E+2	1.171517E+1
8.983323E+2	1.177528E+1
8.985767E+2	1.186272E+1
8.988212E+2	1.183539E+1
8.990656E+2	1.186818E+1
8.993100E+2	1.191736E+1
8.995545E+2	1.198293E+1
8.997989E+2	1.181900E+1
9.000433E+2	1.155124E+1
9.002877E+2	1.133813E+1
9.005320E+2	1.129987E+1
9.007764E+2	1.114140E+1
9.010208E+2	1.094468E+1
9.012651E+2	1.066599E+1
9.015095E+2	1.062228E+1
9.017538E+2	1.056217E+1
9.019981E+2	1.076435E+1
9.022425E+2	1.070971E+1
9.024868E+2	1.058403E+1
9.027311E+2	1.045288E+1
9.029754E+2	1.015233E+1
9.032196E+2	9.928289E+0
9.034639E+2	9.797142E+0
9.037082E+2	9.671459E+0
9.039524E+2	9.616814E+0
9.041967E+2	9.338125E+0
9.044409E+2	9.168726E+0
9.046851E+2	9.174191E+0
9.049293E+2	9.179655E+0
9.051736E+2	9.114082E+0
9.054177E+2	9.196049E+0
9.056619E+2	9.157797E+0
9.059061E+2	9.327196E+0
9.061503E+2	9.480202E+0
9.063944E+2	9.327196E+0
9.066386E+2	8.928289E+0
9.068827E+2	8.999327E+0
9.071269E+2	9.097688E+0
9.073710E+2	8.955612E+0
9.076151E+2	8.873644E+0
9.078592E+2	8.868180E+0
9.081033E+2	8.671459E+0
9.083474E+2	8.813535E+0
9.085915E+2	8.829929E+0
9.088355E+2	8.693317E+0
9.090796E+2	8.573098E+0
9.093236E+2	8.600420E+0
9.095677E+2	8.824464E+0
9.098117E+2	8.562169E+0
9.100557E+2	8.944683E+0
9.102997E+2	8.797142E+0
9.105437E+2	8.747961E+0
9.107877E+2	8.999327E+0
9.110317E+2	9.064901E+0
9.112757E+2	8.753426E+0
9.115197E+2	8.600420E+0
9.117636E+2	8.562169E+0
9.120076E+2	8.256158E+0
9.122515E+2	8.021185E+0
9.124954E+2	7.687852E+0
9.127393E+2	7.693317E+0
9.129832E+2	7.775284E+0
9.132271E+2	7.704245E+0
9.134710E+2	7.720639E+0
9.137149E+2	7.463808E+0
9.139588E+2	7.518453E+0
9.142026E+2	7.398235E+0
9.144465E+2	7.245229E+0
9.146903E+2	7.070366E+0
9.149342E+2	7.092224E+0
9.151780E+2	7.403699E+0
9.154218E+2	7.420092E+0
9.156656E+2	7.305338E+0
9.159094E+2	7.332661E+0
9.161532E+2	7.627743E+0
9.163970E+2	7.709710E+0
9.166408E+2	7.764355E+0
9.168845E+2	7.622278E+0
9.171283E+2	7.622278E+0
9.173720E+2	7.644136E+0
9.176157E+2	7.737032E+0
9.178595E+2	7.922825E+0
9.181032E+2	8.114082E+0
9.183469E+2	8.190584E+0
9.185906E+2	8.425557E+0
9.188343E+2	8.283480E+0
9.190779E+2	8.469273E+0
9.193216E+2	8.578562E+0
9.195653E+2	8.622278E+0
9.198089E+2	8.704245E+0
9.200525E+2	8.829929E+0
9.202962E+2	8.857251E+0
9.205398E+2	8.671459E+0
9.207834E+2	8.616814E+0
9.210270E+2	8.851786E+0
9.212706E+2	9.114082E+0
9.215142E+2	9.174191E+0
9.217577E+2	9.070366E+0
9.220013E+2	9.288945E+0
9.222449E+2	9.053972E+0
9.224884E+2	9.179655E+0
9.227319E+2	9.239765E+0
9.229755E+2	9.349054E+0
9.232190E+2	9.321732E+0
9.234625E+2	9.223371E+0
9.237060E+2	9.256158E+0
9.239495E+2	9.316267E+0
9.241930E+2	9.190584E+0
9.244364E+2	8.993863E+0
9.246799E+2	9.064901E+0
9.249233E+2	8.955612E+0
9.251668E+2	9.010256E+0
9.254102E+2	8.900967E+0
9.256536E+2	8.671459E+0
9.258971E+2	8.611349E+0
9.261405E+2	8.950147E+0
9.263839E+2	9.135939E+0
9.266272E+2	9.185120E+0
9.268706E+2	9.381841E+0
9.271140E+2	9.420092E+0
9.273573E+2	9.502060E+0
9.276007E+2	9.463808E+0
9.278440E+2	9.523918E+0
9.280874E+2	9.512989E+0
9.283307E+2	9.414628E+0
9.285740E+2	9.529382E+0
9.288173E+2	9.381841E+0
9.290606E+2	9.414628E+0
9.293039E+2	9.573098E+0
9.295471E+2	9.720639E+0
9.297904E+2	9.939218E+0
9.300337E+2	9.879109E+0
9.302769E+2	9.884573E+0
9.305201E+2	9.753426E+0
9.307634E+2	9.758890E+0
9.310066E+2	9.780748E+0
9.312498E+2	9.731568E+0
9.314930E+2	9.715174E+0
9.317362E+2	9.742497E+0
9.319794E+2	9.726103E+0
9.322225E+2	9.715174E+0
9.324657E+2	9.665994E+0
9.327088E+2	9.698781E+0
9.329520E+2	9.491131E+0
9.331951E+2	9.512989E+0
9.334382E+2	9.502060E+0
9.336814E+2	9.469273E+0
9.339245E+2	9.327196E+0
9.341676E+2	9.212442E+0
9.344106E+2	9.212442E+0
9.346537E+2	9.141404E+0
9.348968E+2	9.299874E+0
9.351398E+2	9.349054E+0
9.353829E+2	9.518453E+0
9.356259E+2	9.436486E+0
9.358690E+2	9.278016E+0
9.361120E+2	9.316267E+0
9.363550E+2	9.420092E+0
9.365980E+2	9.431021E+0
9.368410E+2	9.146868E+0
9.370840E+2	9.649601E+0
9.373269E+2	9.327196E+0
9.375699E+2	9.135939E+0
9.378129E+2	9.152333E+0
9.380558E+2	8.966541E+0
9.382987E+2	8.797142E+0
9.385417E+2	8.611349E+0
9.387846E+2	8.409164E+0
9.390275E+2	8.573098E+0
9.392704E+2	8.605885E+0
9.395133E+2	8.879109E+0
9.397562E+2	8.747961E+0
9.399990E+2	8.769819E+0
9.402419E+2	8.862715E+0
9.404847E+2	9.179655E+0
9.407276E+2	9.327196E+0
9.409704E+2	9.321732E+0
9.412132E+2	9.043043E+0
9.414560E+2	9.157797E+0
9.416988E+2	9.081295E+0
9.419416E+2	9.206978E+0
9.421844E+2	9.234300E+0
9.424272E+2	9.245229E+0
9.426700E+2	9.190584E+0
9.429127E+2	9.141404E+0
9.431555E+2	9.256158E+0
9.433982E+2	9.316267E+0
9.436409E+2	9.272551E+0
9.438837E+2	9.496595E+0
9.441264E+2	9.327196E+0
9.443691E+2	9.228836E+0
9.446118E+2	9.037579E+0
9.448544E+2	8.895502E+0
9.450971E+2	8.797142E+0
9.453398E+2	8.961076E+0
9.455824E+2	8.955612E+0
9.458251E+2	8.939218E+0
9.460677E+2	9.086759E+0
9.463103E+2	9.004792E+0
9.465530E+2	8.928289E+0
9.467956E+2	8.961076E+0
9.470382E+2	9.114082E+0
9.472807E+2	9.141404E+0
9.475233E+2	8.884573E+0
9.477659E+2	8.972005E+0
9.480084E+2	8.851786E+0
9.482510E+2	8.835393E+0
9.484935E+2	9.283480E+0
9.487361E+2	9.512989E+0
9.489786E+2	9.835393E+0
9.492211E+2	9.982934E+0
9.494636E+2	1.005944E+1
9.497061E+2	9.704245E+0
9.499486E+2	9.764355E+0
9.501911E+2	1.005944E+1
9.504335E+2	1.013594E+1
9.506760E+2	9.993863E+0
9.509184E+2	9.944683E+0
9.511609E+2	9.868180E+0
9.514033E+2	9.982934E+0
9.516457E+2	1.011408E+1
9.518881E+2	1.009769E+1
9.521305E+2	1.031080E+1
9.523729E+2	1.078621E+1
9.526153E+2	1.091190E+1
9.528576E+2	1.107037E+1
9.531000E+2	1.119058E+1
9.533424E+2	1.134905E+1
9.535847E+2	1.137091E+1
9.538270E+2	1.139277E+1
9.540694E+2	1.149660E+1
9.543117E+2	1.137091E+1
9.545540E+2	1.153485E+1
9.547963E+2	1.158949E+1
9.550386E+2	1.164960E+1
9.552808E+2	1.141463E+1
9.555231E+2	1.130534E+1
9.557654E+2	1.098293E+1
9.560076E+2	1.123976E+1
9.562498E+2	1.118512E+1
9.564921E+2	1.142009E+1
9.567343E+2	1.128348E+1
9.569765E+2	1.145288E+1
9.572187E+2	1.134905E+1
9.574609E+2	1.118512E+1
9.577031E+2	1.118512E+1
9.579452E+2	1.116326E+1
9.581874E+2	1.124523E+1
9.584296E+2	1.151299E+1
9.586717E+2	1.143649E+1
9.589138E+2	1.147474E+1
9.591560E+2	1.170425E+1
9.593981E+2	1.174796E+1
9.596402E+2	1.190097E+1
9.598823E+2	1.201026E+1
9.601244E+2	1.193375E+1
9.603664E+2	1.216326E+1
9.606085E+2	1.214687E+1
9.608506E+2	1.205944E+1
9.610926E+2	1.215780E+1
9.613347E+2	1.234359E+1
9.615767E+2	1.234359E+1
9.618187E+2	1.234905E+1
9.620607E+2	1.222337E+1
9.623027E+2	1.237638E+1
9.625447E+2	1.252392E+1
9.627867E+2	1.246381E+1
9.630287E+2	1.233813E+1
9.632706E+2	1.190097E+1
9.635126E+2	1.185725E+1
9.637545E+2	1.171517E+1
9.639965E+2	1.181354E+1
9.642384E+2	1.199386E+1
9.644803E+2	1.208129E+1
9.647222E+2	1.198840E+1
9.649641E+2	1.173703E+1
9.652060E+2	1.186818E+1
9.654479E+2	1.187364E+1
9.656897E+2	1.179168E+1
9.659316E+2	1.171517E+1
9.661734E+2	1.157856E+1
9.664153E+2	1.163867E+1
9.666571E+2	1.163321E+1
9.668989E+2	1.190097E+1
9.671408E+2	1.177528E+1
9.673826E+2	1.172064E+1
9.676243E+2	1.182446E+1
9.678661E+2	1.190097E+1
9.681079E+2	1.203211E+1
9.683497E+2	1.214687E+1
9.685914E+2	1.213047E+1
9.688332E+2	1.214140E+1
9.690749E+2	1.226162E+1
9.693166E+2	1.228348E+1
9.695583E+2	1.239277E+1
9.698001E+2	1.251845E+1
9.700417E+2	1.268239E+1
9.702834E+2	1.263867E+1
9.705251E+2	1.260588E+1
9.707668E+2	1.246927E+1
9.710084E+2	1.240370E+1
9.712501E+2	1.236545E+1
9.714917E+2	1.261681E+1
9.717334E+2	1.258949E+1
9.719750E+2	1.285179E+1
9.722166E+2	1.314687E+1
9.724582E+2	1.330534E+1
9.726998E+2	1.320151E+1
9.729414E+2	1.320151E+1
9.731830E+2	1.303211E+1
9.734245E+2	1.306490E+1
9.736661E+2	1.300479E+1
9.739076E+2	1.302119E+1
9.741492E+2	1.285179E+1
9.743907E+2	1.291736E+1
9.746322E+2	1.291736E+1
9.748737E+2	1.300479E+1
9.751152E+2	1.293922E+1
9.753567E+2	1.296108E+1
9.755982E+2	1.288457E+1
9.758396E+2	1.282446E+1
9.760811E+2	1.264414E+1
9.763226E+2	1.282993E+1
9.765640E+2	1.281354E+1
9.768054E+2	1.283539E+1
9.770468E+2	1.257310E+1
9.772883E+2	1.255124E+1
9.775297E+2	1.279714E+1
9.777711E+2	1.304851E+1
9.780124E+2	1.330534E+1
9.782538E+2	1.323430E+1
9.784952E+2	1.305397E+1
9.787365E+2	1.272064E+1
9.789779E+2	1.262774E+1
9.792192E+2	1.266599E+1
9.794605E+2	1.260042E+1
9.797019E+2	1.269878E+1
9.799432E+2	1.251845E+1
9.801845E+2	1.264414E+1
9.804257E+2	1.273703E+1
9.806670E+2	1.298293E+1
9.809083E+2	1.307583E+1
9.811496E+2	1.316326E+1
9.813908E+2	1.295015E+1
9.816320E+2	1.260588E+1
9.818733E+2	1.244195E+1
9.821145E+2	1.228894E+1
9.823557E+2	1.223430E+1
9.825969E+2	1.248020E+1
9.828381E+2	1.228348E+1
9.830793E+2	1.243102E+1
9.833205E+2	1.229987E+1
9.835616E+2	1.237638E+1
9.838028E+2	1.206490E+1
9.840439E+2	1.173157E+1
9.842851E+2	1.163321E+1
9.845262E+2	1.137638E+1
9.847673E+2	1.126162E+1
9.850084E+2	1.123976E+1
9.852495E+2	1.162228E+1
9.854906E+2	1.191736E+1
9.857317E+2	1.193375E+1
9.859727E+2	1.176435E+1
9.862138E+2	1.160042E+1
9.864549E+2	1.157310E+1
9.866959E+2	1.126709E+1
9.869369E+2	1.112501E+1
9.871779E+2	1.079714E+1
9.874190E+2	1.084632E+1
9.876600E+2	1.072064E+1
9.879010E+2	1.078075E+1
9.881419E+2	1.075889E+1
9.883829E+2	1.096108E+1
9.886239E+2	1.071517E+1
9.888648E+2	1.085725E+1
9.891058E+2	1.089550E+1
9.893467E+2	1.091736E+1
9.895876E+2	1.092829E+1
9.898285E+2	1.073703E+1
9.900695E+2	1.057310E+1
9.903104E+2	1.049113E+1
9.905512E+2	1.050752E+1
9.907921E+2	1.070971E+1
9.910330E+2	1.056217E+1
9.912738E+2	1.057856E+1
9.915147E+2	1.068785E+1
9.917555E+2	1.093375E+1
9.919964E+2	1.105397E+1
9.922372E+2	1.089550E+1
9.924780E+2	1.080261E+1
9.927188E+2	1.050206E+1
9.929596E+2	1.057856E+1
9.932004E+2	1.064414E+1
9.934411E+2	1.060588E+1
9.936819E+2	1.043649E+1
9.939227E+2	1.050752E+1
9.941634E+2	1.078075E+1
9.944041E+2	1.092282E+1
9.946449E+2	1.091736E+1
9.948856E+2	1.076435E+1
9.951263E+2	1.055670E+1
9.953670E+2	1.052392E+1
9.956077E+2	1.055670E+1
9.958483E+2	1.052938E+1
9.960890E+2	1.055124E+1
9.963297E+2	1.064414E+1
9.965703E+2	1.062228E+1
9.968109E+2	1.076435E+1
9.970516E+2	1.070425E+1
9.972922E+2	1.038184E+1
9.975328E+2	1.049660E+1
9.977734E+2	1.025069E+1
9.980140E+2	1.008676E+1
9.982546E+2	9.862715E+0
9.984951E+2	1.004304E+1
9.987357E+2	1.023430E+1
9.989763E+2	1.031627E+1
9.992168E+2	1.046927E+1
9.994573E+2	1.059496E+1
9.996978E+2	1.057856E+1
9.999384E+2	1.016873E+1
1.000179E+3	9.775284E+0
1.000419E+3	9.758890E+0
1.000660E+3	9.824464E+0
1.000900E+3	9.966541E+0
1.001141E+3	9.857251E+0
1.001381E+3	9.846322E+0
1.001622E+3	9.961076E+0
1.001862E+3	1.041463E+1
1.002103E+3	1.037638E+1
1.002343E+3	1.054031E+1
1.002583E+3	1.049113E+1
1.002824E+3	1.039277E+1
1.003064E+3	1.027802E+1
1.003305E+3	1.040916E+1
1.003545E+3	1.022884E+1
1.003785E+3	1.022884E+1
1.004026E+3	1.031627E+1
1.004266E+3	1.051845E+1
1.004506E+3	1.067692E+1
1.004747E+3	1.092829E+1
1.004987E+3	1.088457E+1
1.005227E+3	1.109769E+1
1.005468E+3	1.099386E+1
1.005708E+3	1.091190E+1
1.005948E+3	1.061135E+1
1.006188E+3	1.055124E+1
1.006429E+3	1.074796E+1
1.006669E+3	1.060042E+1
1.006909E+3	1.060588E+1
1.007149E+3	1.059496E+1
1.007390E+3	1.085179E+1
1.007630E+3	1.080261E+1
1.007870E+3	1.079714E+1
1.008110E+3	1.099933E+1
1.008350E+3	1.136545E+1
1.008590E+3	1.148567E+1
1.008831E+3	1.135998E+1
1.009071E+3	1.116326E+1
1.009311E+3	1.097201E+1
1.009551E+3	1.104304E+1
1.009791E+3	1.122337E+1
1.010031E+3	1.122337E+1
1.010271E+3	1.119605E+1
1.010511E+3	1.117966E+1
1.010752E+3	1.113594E+1
1.010992E+3	1.107583E+1
1.011232E+3	1.119058E+1
1.011472E+3	1.114687E+1
1.011712E+3	1.113594E+1
1.011952E+3	1.119605E+1
1.012192E+3	1.119605E+1
1.012432E+3	1.140370E+1
1.012672E+3	1.163321E+1
1.012912E+3	1.200479E+1
1.013152E+3	1.196108E+1
1.013392E+3	1.176982E+1
1.013632E+3	1.147474E+1
1.013872E+3	1.148020E+1
1.014112E+3	1.151845E+1
1.014352E+3	1.150752E+1
1.014591E+3	1.190643E+1
1.014831E+3	1.230534E+1
1.015071E+3	1.239277E+1
1.015311E+3	1.236545E+1
1.015551E+3	1.220698E+1
1.015791E+3	1.234905E+1
1.016031E+3	1.250752E+1
1.016271E+3	1.248567E+1
1.016511E+3	1.222337E+1
1.016750E+3	1.226162E+1
1.016990E+3	1.205944E+1
1.017230E+3	1.207037E+1
1.017470E+3	1.220151E+1
1.017710E+3	1.237091E+1
1.017949E+3	1.239823E+1
1.018189E+3	1.265507E+1
1.018429E+3	1.264960E+1
1.018669E+3	1.270971E+1
1.018908E+3	1.243649E+1
1.019148E+3	1.235998E+1
1.019388E+3	1.234905E+1
1.019628E+3	1.263867E+1
1.019867E+3	1.250752E+1
1.020107E+3	1.251845E+1
1.020347E+3	1.244741E+1
1.020586E+3	1.254031E+1
1.020826E+3	1.252938E+1
1.021066E+3	1.231080E+1
1.021305E+3	1.237091E+1
1.021545E+3	1.275889E+1
1.021785E+3	1.273703E+1
1.022024E+3	1.262228E+1
1.022264E+3	1.265507E+1
1.022504E+3	1.257310E+1
1.022743E+3	1.254031E+1
1.022983E+3	1.241463E+1
1.023222E+3	1.229987E+1
1.023462E+3	1.232720E+1
1.023702E+3	1.219605E+1
1.023941E+3	1.246381E+1
1.024181E+3	1.248020E+1
1.024420E+3	1.235998E+1
1.024660E+3	1.226162E+1
1.024899E+3	1.216873E+1
1.025139E+3	1.199933E+1
1.025378E+3	1.204304E+1
1.025618E+3	1.219605E+1
1.025857E+3	1.228348E+1
1.026097E+3	1.209769E+1
1.026336E+3	1.202119E+1
1.026575E+3	1.187911E+1
1.026815E+3	1.178621E+1
1.027054E+3	1.163321E+1
1.027294E+3	1.158949E+1
1.027533E+3	1.138731E+1
1.027773E+3	1.161135E+1
1.028012E+3	1.191736E+1
1.028251E+3	1.218512E+1
1.028491E+3	1.232720E+1
1.028730E+3	1.230534E+1
1.028969E+3	1.234359E+1
1.029209E+3	1.218512E+1
1.029448E+3	1.193375E+1
1.029687E+3	1.191736E+1
1.029927E+3	1.194468E+1
1.030166E+3	1.205397E+1
1.030405E+3	1.211408E+1
1.030645E+3	1.204851E+1
1.030884E+3	1.196654E+1
1.031123E+3	1.190643E+1
1.031362E+3	1.196108E+1
1.031602E+3	1.223430E+1
1.031841E+3	1.220698E+1
1.032080E+3	1.205944E+1
1.032319E+3	1.172610E+1
1.032558E+3	1.173703E+1
1.032798E+3	1.174250E+1
1.033037E+3	1.182446E+1
1.033276E+3	1.170971E+1
1.033515E+3	1.172064E+1
1.033754E+3	1.176982E+1
1.033993E+3	1.160042E+1
1.034233E+3	1.138731E+1
1.034472E+3	1.115233E+1
1.034711E+3	1.122337E+1
1.034950E+3	1.113047E+1
1.035189E+3	1.108676E+1
1.035428E+3	1.095561E+1
1.035667E+3	1.076435E+1
1.035906E+3	1.065507E+1
1.036145E+3	1.056217E+1
1.036384E+3	1.058949E+1
1.036623E+3	1.053485E+1
1.036862E+3	1.046381E+1
1.037101E+3	1.054578E+1
1.037340E+3	1.032720E+1
1.037579E+3	1.011955E+1
1.037818E+3	1.007583E+1
1.038057E+3	9.808071E+0
1.038296E+3	9.879109E+0
1.038535E+3	9.797142E+0
1.038774E+3	9.906431E+0
1.039013E+3	9.966541E+0
1.039252E+3	9.939218E+0
1.039491E+3	1.014140E+1
1.039730E+3	1.030534E+1
1.039969E+3	1.050752E+1
1.040208E+3	1.026709E+1
1.040447E+3	1.007037E+1
1.040685E+3	1.040370E+1
1.040924E+3	1.057310E+1
1.041163E+3	1.067146E+1
1.041402E+3	1.065507E+1
1.041641E+3	1.084086E+1
1.041880E+3	1.080807E+1
1.042118E+3	1.086272E+1
1.042357E+3	1.073703E+1
1.042596E+3	1.061681E+1
1.042835E+3	1.048020E+1
1.043074E+3	1.018512E+1
1.043312E+3	1.003758E+1
1.043551E+3	1.007037E+1
1.043790E+3	1.028894E+1
1.044029E+3	1.044195E+1
1.044267E+3	1.032720E+1
1.044506E+3	1.035452E+1
1.044745E+3	1.027802E+1
1.044983E+3	1.024523E+1
1.045222E+3	1.032720E+1
1.045461E+3	1.020698E+1
1.045699E+3	1.042556E+1
1.045938E+3	1.038731E+1
1.046177E+3	1.008676E+1
1.046415E+3	1.011955E+1
1.046654E+3	1.008676E+1
1.046893E+3	1.042556E+1
1.047131E+3	1.034905E+1
1.047370E+3	1.034359E+1
1.047608E+3	1.015233E+1
1.047847E+3	1.007583E+1
1.048086E+3	9.813535E+0
1.048324E+3	9.813535E+0
1.048563E+3	9.720639E+0
1.048801E+3	9.933754E+0
1.049040E+3	1.015233E+1
1.049278E+3	1.000479E+1
1.049517E+3	1.018512E+1
1.049755E+3	1.023976E+1
1.049994E+3	1.024523E+1
1.050232E+3	1.040370E+1
1.050471E+3	1.020698E+1
1.050709E+3	9.731568E+0
1.050948E+3	9.709710E+0
1.051186E+3	9.933754E+0
1.051424E+3	9.966541E+0
1.051663E+3	9.999327E+0
1.051901E+3	1.009769E+1
1.052140E+3	1.010862E+1
1.052378E+3	1.027802E+1
1.052616E+3	1.037638E+1
1.052855E+3	1.040916E+1
1.053093E+3	1.053485E+1
1.053332E+3	1.039823E+1
1.053570E+3	1.043102E+1
1.053808E+3	1.048020E+1
1.054047E+3	1.040916E+1
1.054285E+3	1.044741E+1
1.054523E+3	1.021791E+1
1.054761E+3	1.014140E+1
1.055000E+3	1.003211E+1
1.055238E+3	9.682388E+0
1.055476E+3	9.431021E+0
1.055715E+3	9.540311E+0
1.055953E+3	9.633207E+0
1.056191E+3	9.409164E+0
1.056429E+3	9.365448E+0
1.056667E+3	9.354519E+0
1.056906E+3	9.190584E+0
1.057144E+3	9.064901E+0
1.057382E+3	9.037579E+0
1.057620E+3	9.343590E+0
1.057858E+3	9.239765E+0
1.058097E+3	9.174191E+0
1.058335E+3	8.900967E+0
1.058573E+3	8.868180E+0
1.058811E+3	9.081295E+0
1.059049E+3	9.245229E+0
1.059287E+3	9.250694E+0
1.059525E+3	9.146868E+0
1.059763E+3	8.961076E+0
1.060001E+3	9.141404E+0
1.060239E+3	9.070366E+0
1.060478E+3	9.053972E+0
1.060716E+3	9.004792E+0
1.060954E+3	8.917360E+0
1.061192E+3	9.119546E+0
1.061430E+3	8.857251E+0
1.061668E+3	8.862715E+0
1.061906E+3	8.813535E+0
1.062144E+3	8.786213E+0
1.062382E+3	8.769819E+0
1.062620E+3	9.223371E+0
1.062858E+3	9.070366E+0
1.063096E+3	9.201513E+0
1.063333E+3	9.130475E+0
1.063571E+3	8.911896E+0
1.063809E+3	8.890038E+0
1.064047E+3	8.895502E+0
1.064285E+3	8.862715E+0
1.064523E+3	8.840858E+0
1.064761E+3	8.851786E+0
1.064999E+3	9.070366E+0
1.065237E+3	9.206978E+0
1.065474E+3	9.256158E+0
1.065712E+3	8.966541E+0
1.065950E+3	8.737032E+0
1.066188E+3	8.764355E+0
1.066426E+3	8.851786E+0
1.066664E+3	8.868180E+0
1.066901E+3	8.562169E+0
1.067139E+3	8.567633E+0
1.067377E+3	8.491131E+0
1.067615E+3	8.392770E+0
1.067852E+3	8.474737E+0
1.068090E+3	8.305338E+0
1.068328E+3	8.234300E+0
1.068566E+3	8.201513E+0
1.068803E+3	7.917360E+0
1.069041E+3	7.731568E+0
1.069279E+3	7.917360E+0
1.069516E+3	7.895502E+0
1.069754E+3	7.950147E+0
1.069992E+3	7.966541E+0
1.070229E+3	7.709710E+0
1.070467E+3	7.660530E+0
1.070705E+3	7.922825E+0
1.070942E+3	7.879109E+0
1.071180E+3	7.906431E+0
1.071418E+3	7.835393E+0
1.071655E+3	7.846322E+0
1.071893E+3	7.813535E+0
1.072130E+3	7.496595E+0
1.072368E+3	7.594956E+0
1.072605E+3	7.698781E+0
1.072843E+3	7.775284E+0
1.073081E+3	7.507524E+0
1.073318E+3	7.359983E+0
1.073556E+3	7.223371E+0
1.073793E+3	7.141404E+0
1.074031E+3	7.338125E+0
1.074268E+3	7.463808E+0
1.074506E+3	7.573098E+0
1.074743E+3	7.573098E+0
1.074981E+3	7.354519E+0
1.075218E+3	7.502060E+0
1.075455E+3	7.463808E+0
1.075693E+3	7.250694E+0
1.075930E+3	7.250694E+0
1.076168E+3	7.196049E+0
1.076405E+3	7.267087E+0
1.076642E+3	7.343590E+0
1.076880E+3	7.370912E+0
1.077117E+3	7.026650E+0
1.077355E+3	7.015721E+0
1.077592E+3	7.043043E+0
1.077829E+3	6.966541E+0
1.078067E+3	7.157797E+0
1.078304E+3	7.321732E+0
1.078541E+3	7.556704E+0
1.078779E+3	7.895502E+0
1.079016E+3	7.977470E+0
1.079253E+3	8.021185E+0
1.079490E+3	7.753426E+0
1.079728E+3	7.813535E+0
1.079965E+3	7.737032E+0
1.080202E+3	7.808071E+0
1.080439E+3	7.742497E+0
1.080677E+3	7.671459E+0
1.080914E+3	7.660530E+0
1.081151E+3	7.829929E+0
1.081388E+3	8.119546E+0
1.081625E+3	8.332661E+0
1.081863E+3	8.359983E+0
1.082100E+3	8.398235E+0
1.082337E+3	8.015721E+0
1.082574E+3	8.130475E+0
1.082811E+3	8.234300E+0
1.083048E+3	8.004792E+0
1.083285E+3	7.911896E+0
1.083522E+3	8.043043E+0
1.083760E+3	8.032114E+0
1.083997E+3	8.108617E+0
1.084234E+3	8.212442E+0
1.084471E+3	8.354519E+0
1.084708E+3	8.638672E+0
1.084945E+3	8.600420E+0
1.085182E+3	8.217907E+0
1.085419E+3	8.381841E+0
1.085656E+3	8.409164E+0
1.085893E+3	8.562169E+0
1.086130E+3	8.534847E+0
1.086367E+3	8.644136E+0
1.086604E+3	8.791677E+0
1.086841E+3	8.933754E+0
1.087078E+3	8.698781E+0
1.087315E+3	8.655065E+0
1.087552E+3	8.758890E+0
1.087789E+3	8.786213E+0
1.088026E+3	8.523918E+0
1.088262E+3	8.327196E+0
1.088499E+3	8.163262E+0
1.088736E+3	8.141404E+0
1.088973E+3	7.895502E+0
1.089210E+3	7.933754E+0
1.089447E+3	8.081295E+0
1.089684E+3	8.070366E+0
1.089921E+3	8.075830E+0
1.090157E+3	8.261623E+0
1.090394E+3	8.250694E+0
1.090631E+3	8.523918E+0
1.090868E+3	8.354519E+0
1.091105E+3	8.349054E+0
1.091341E+3	8.425557E+0
1.091578E+3	8.545776E+0
1.091815E+3	8.534847E+0
1.092052E+3	8.633207E+0
1.092288E+3	8.649601E+0
1.092525E+3	8.540311E+0
1.092762E+3	8.223371E+0
1.092999E+3	8.179655E+0
1.093235E+3	7.906431E+0
1.093472E+3	7.829929E+0
1.093709E+3	7.512989E+0
1.093945E+3	7.660530E+0
1.094182E+3	7.600420E+0
1.094419E+3	7.485666E+0
1.094655E+3	7.256158E+0
1.094892E+3	7.578562E+0
1.095128E+3	7.644136E+0
1.095365E+3	7.584027E+0
1.095602E+3	7.283480E+0
1.095838E+3	7.157797E+0
1.096075E+3	6.731568E+0
1.096311E+3	6.726103E+0
1.096548E+3	6.480202E+0
1.096784E+3	6.594956E+0
1.097021E+3	6.556704E+0
1.097258E+3	6.288945E+0
1.097494E+3	6.327196E+0
1.097731E+3	6.529382E+0
1.097967E+3	6.452879E+0
1.098204E+3	6.496595E+0
1.098440E+3	6.507524E+0
1.098677E+3	6.507524E+0
1.098913E+3	6.420092E+0
1.099149E+3	6.321732E+0
1.099386E+3	6.310803E+0
1.099622E+3	6.523918E+0
1.099859E+3	6.409164E+0
1.100095E+3	6.146868E+0
1.100332E+3	6.108617E+0
1.100568E+3	6.053972E+0
1.100804E+3	5.972005E+0
1.101041E+3	6.015721E+0
1.101277E+3	5.813535E+0
1.101513E+3	5.900967E+0
1.101750E+3	6.064901E+0
1.101986E+3	6.206978E+0
1.102222E+3	6.288945E+0
1.102459E+3	6.534847E+0
1.102695E+3	6.917360E+0
1.102931E+3	6.862715E+0
1.103168E+3	6.900967E+0
1.103404E+3	7.070366E+0
1.103640E+3	6.933754E+0
1.103876E+3	6.961076E+0
1.104113E+3	7.004792E+0
1.104349E+3	7.092224E+0
1.104585E+3	7.015721E+0
1.104821E+3	6.824464E+0
1.105057E+3	6.469273E+0
1.105294E+3	6.589491E+0
1.105530E+3	6.425557E+0
1.105766E+3	6.392770E+0
1.106002E+3	6.540311E+0
1.106238E+3	6.584027E+0
1.106474E+3	6.611349E+0
1.106711E+3	6.649601E+0
1.106947E+3	6.545776E+0
1.107183E+3	6.638672E+0
1.107419E+3	6.420092E+0
1.107655E+3	6.305338E+0
1.107891E+3	6.420092E+0
1.108127E+3	1.501026E+1
1.108363E+3	1.010256E+0
1.108599E+3	6.343590E+0
1.108835E+3	2.034359E+1
1.109071E+3	1.367692E+1
1.109307E+3	1.467692E+1
1.109543E+3	1.267692E+1
1.109779E+3	1.801026E+1
1.110015E+3	6.676923E+0
1.110251E+3	9.010256E+0
1.110487E+3	1.567692E+1
1.110723E+3	5.343590E+0
1.110959E+3	9.010256E+0
1.111195E+3	1.334359E+1
1.111431E+3	1.067692E+1
1.111667E+3	9.676923E+0
1.111903E+3	-9.323077E+0
1.112139E+3	-3.656410E+0
1.112375E+3	1.301026E+1
1.112611E+3	1.676923E+0
1.112847E+3	1.234359E+1
1.113082E+3	1.534359E+1
1.113318E+3	4.343590E+0
1.113554E+3	1.734359E+1
1.113790E+3	9.010256E+0
1.114026E+3	-1.656410E+0
1.114262E+3	2.343590E+0
1.114497E+3	5.676923E+0
1.114733E+3	6.769231E-1
1.114969E+3	1.067692E+1
