1.951292E+2	0.000000E+0
1.953960E+2	0.000000E+0
1.956629E+2	0.000000E+0
1.959298E+2	0.000000E+0
1.961966E+2	0.000000E+0
1.964635E+2	0.000000E+0
1.967303E+2	0.000000E+0
1.969972E+2	0.000000E+0
1.972640E+2	0.000000E+0
1.975308E+2	0.000000E+0
1.977977E+2	0.000000E+0
1.980645E+2	0.000000E+0
1.983313E+2	0.000000E+0
1.985981E+2	0.000000E+0
1.988649E+2	0.000000E+0
1.991316E+2	0.000000E+0
1.993984E+2	0.000000E+0
1.996652E+2	0.000000E+0
1.999320E+2	0.000000E+0
2.001987E+2	0.000000E+0
2.004655E+2	0.000000E+0
2.007322E+2	0.000000E+0
2.009989E+2	0.000000E+0
2.012657E+2	0.000000E+0
2.015324E+2	0.000000E+0
2.017991E+2	0.000000E+0
2.020658E+2	0.000000E+0
2.023325E+2	0.000000E+0
2.025992E+2	0.000000E+0
2.028659E+2	0.000000E+0
2.031326E+2	0.000000E+0
2.033992E+2	0.000000E+0
2.036659E+2	0.000000E+0
2.039325E+2	0.000000E+0
2.041992E+2	0.000000E+0
2.044658E+2	0.000000E+0
2.047325E+2	0.000000E+0
2.049991E+2	0.000000E+0
2.052657E+2	0.000000E+0
2.055323E+2	0.000000E+0
2.057989E+2	0.000000E+0
2.060655E+2	0.000000E+0
2.063321E+2	0.000000E+0
2.065987E+2	0.000000E+0
2.068653E+2	0.000000E+0
2.071319E+2	0.000000E+0
2.073984E+2	0.000000E+0
2.076650E+2	0.000000E+0
2.079315E+2	0.000000E+0
2.081981E+2	0.000000E+0
2.084646E+2	0.000000E+0
2.087311E+2	0.000000E+0
2.089977E+2	0.000000E+0
2.092642E+2	0.000000E+0
2.095307E+2	0.000000E+0
2.097972E+2	0.000000E+0
2.100637E+2	0.000000E+0
2.103302E+2	0.000000E+0
2.105966E+2	0.000000E+0
2.108631E+2	0.000000E+0
2.111296E+2	0.000000E+0
2.113960E+2	0.000000E+0
2.116625E+2	0.000000E+0
2.119289E+2	0.000000E+0
2.121954E+2	0.000000E+0
2.124618E+2	0.000000E+0
2.127282E+2	0.000000E+0
2.129946E+2	0.000000E+0
2.132610E+2	0.000000E+0
2.135274E+2	0.000000E+0
2.137938E+2	0.000000E+0
2.140602E+2	0.000000E+0
2.143266E+2	0.000000E+0
2.145930E+2	0.000000E+0
2.148593E+2	0.000000E+0
2.151257E+2	0.000000E+0
2.153920E+2	0.000000E+0
2.156584E+2	0.000000E+0
2.159247E+2	0.000000E+0
2.161910E+2	0.000000E+0
2.164574E+2	0.000000E+0
2.167237E+2	0.000000E+0
2.169900E+2	0.000000E+0
2.172563E+2	0.000000E+0
2.175226E+2	0.000000E+0
2.177889E+2	0.000000E+0
2.180551E+2	0.000000E+0
2.183214E+2	0.000000E+0
2.185877E+2	0.000000E+0
2.188539E+2	0.000000E+0
2.191202E+2	0.000000E+0
2.193864E+2	0.000000E+0
2.196527E+2	0.000000E+0
2.199189E+2	0.000000E+0
2.201851E+2	0.000000E+0
2.204513E+2	0.000000E+0
2.207175E+2	0.000000E+0
2.209837E+2	0.000000E+0
2.212499E+2	0.000000E+0
2.215161E+2	0.000000E+0
2.217823E+2	0.000000E+0
2.220485E+2	0.000000E+0
2.223146E+2	0.000000E+0
2.225808E+2	0.000000E+0
2.228469E+2	0.000000E+0
2.231131E+2	0.000000E+0
2.233792E+2	0.000000E+0
2.236453E+2	0.000000E+0
2.239115E+2	0.000000E+0
2.241776E+2	0.000000E+0
2.244437E+2	0.000000E+0
2.247098E+2	0.000000E+0
2.249759E+2	0.000000E+0
2.252420E+2	0.000000E+0
2.255080E+2	0.000000E+0
2.257741E+2	0.000000E+0
2.260402E+2	0.000000E+0
2.263062E+2	0.000000E+0
2.265723E+2	0.000000E+0
2.268383E+2	0.000000E+0
2.271044E+2	0.000000E+0
2.273704E+2	0.000000E+0
2.276364E+2	0.000000E+0
2.279024E+2	0.000000E+0
2.281684E+2	0.000000E+0
2.284344E+2	0.000000E+0
2.287004E+2	0.000000E+0
2.289664E+2	0.000000E+0
2.292324E+2	0.000000E+0
2.294984E+2	0.000000E+0
2.297643E+2	0.000000E+0
2.300303E+2	0.000000E+0
2.302962E+2	0.000000E+0
2.305622E+2	0.000000E+0
2.308281E+2	0.000000E+0
2.310940E+2	0.000000E+0
2.313599E+2	0.000000E+0
2.316259E+2	0.000000E+0
2.318918E+2	0.000000E+0
2.321577E+2	0.000000E+0
2.324236E+2	0.000000E+0
2.326894E+2	0.000000E+0
2.329553E+2	0.000000E+0
2.332212E+2	0.000000E+0
2.334871E+2	0.000000E+0
2.337529E+2	0.000000E+0
2.340188E+2	0.000000E+0
2.342846E+2	0.000000E+0
2.345504E+2	0.000000E+0
2.348163E+2	0.000000E+0
2.350821E+2	0.000000E+0
2.353479E+2	0.000000E+0
2.356137E+2	0.000000E+0
2.358795E+2	0.000000E+0
2.361453E+2	0.000000E+0
2.364111E+2	0.000000E+0
2.366769E+2	0.000000E+0
2.369426E+2	0.000000E+0
2.372084E+2	0.000000E+0
2.374741E+2	0.000000E+0
2.377399E+2	0.000000E+0
2.380056E+2	0.000000E+0
2.382714E+2	0.000000E+0
2.385371E+2	0.000000E+0
2.388028E+2	0.000000E+0
2.390685E+2	0.000000E+0
2.393342E+2	0.000000E+0
2.395999E+2	0.000000E+0
2.398656E+2	0.000000E+0
2.401313E+2	0.000000E+0
2.403970E+2	0.000000E+0
2.406626E+2	0.000000E+0
2.409283E+2	0.000000E+0
2.411940E+2	0.000000E+0
2.414596E+2	0.000000E+0
2.417252E+2	0.000000E+0
2.419909E+2	0.000000E+0
2.422565E+2	0.000000E+0
2.425221E+2	0.000000E+0
2.427877E+2	0.000000E+0
2.430533E+2	0.000000E+0
2.433189E+2	0.000000E+0
2.435845E+2	0.000000E+0
2.438501E+2	0.000000E+0
2.441157E+2	0.000000E+0
2.443812E+2	0.000000E+0
2.446468E+2	0.000000E+0
2.449124E+2	0.000000E+0
2.451779E+2	0.000000E+0
2.454434E+2	0.000000E+0
2.457090E+2	0.000000E+0
2.459745E+2	0.000000E+0
2.462400E+2	0.000000E+0
2.465055E+2	0.000000E+0
2.467710E+2	0.000000E+0
2.470365E+2	0.000000E+0
2.473020E+2	0.000000E+0
2.475675E+2	0.000000E+0
2.478330E+2	0.000000E+0
2.480984E+2	0.000000E+0
2.483639E+2	0.000000E+0
2.486294E+2	0.000000E+0
2.488948E+2	0.000000E+0
2.491602E+2	0.000000E+0
2.494257E+2	0.000000E+0
2.496911E+2	0.000000E+0
2.499565E+2	0.000000E+0
2.502219E+2	9.972594E+0
2.504873E+2	9.715763E+0
2.507527E+2	9.103741E+0
2.510181E+2	9.251282E+0
2.512835E+2	9.759479E+0
2.515489E+2	9.857839E+0
2.518142E+2	1.006003E+1
2.520796E+2	1.057369E+1
2.523449E+2	1.124035E+1
2.526103E+2	1.107095E+1
2.528756E+2	1.083598E+1
2.531409E+2	1.020210E+1
2.534063E+2	1.006549E+1
2.536716E+2	1.070483E+1
2.539369E+2	1.074855E+1
2.542022E+2	1.112013E+1
2.544675E+2	1.080319E+1
2.547328E+2	1.096713E+1
2.549980E+2	1.085784E+1
2.552633E+2	1.056822E+1
2.555286E+2	1.028407E+1
2.557938E+2	1.043161E+1
2.560591E+2	1.109281E+1
2.563243E+2	1.154636E+1
2.565896E+2	1.157915E+1
2.568548E+2	1.171030E+1
2.571200E+2	1.175948E+1
2.573852E+2	1.177587E+1
2.576504E+2	1.210374E+1
2.579156E+2	1.226221E+1
2.581808E+2	1.232232E+1
2.584460E+2	1.243707E+1
2.587112E+2	1.264472E+1
2.589763E+2	1.228407E+1
2.592415E+2	1.223489E+1
2.595067E+2	1.244254E+1
2.597718E+2	1.257915E+1
2.600369E+2	1.287423E+1
2.603021E+2	1.290702E+1
2.605672E+2	1.297806E+1
2.608323E+2	1.300538E+1
2.610974E+2	1.257915E+1
2.613625E+2	1.227860E+1
2.616276E+2	1.216931E+1
2.618927E+2	1.237697E+1
2.621578E+2	1.246986E+1
2.624229E+2	1.257369E+1
2.626880E+2	1.314199E+1
2.629530E+2	1.362833E+1
2.632181E+2	1.340429E+1
2.634831E+2	1.306549E+1
2.637482E+2	1.322396E+1
2.640132E+2	1.375401E+1
2.642782E+2	1.391795E+1
2.645432E+2	1.389063E+1
2.648082E+2	1.416931E+1
2.650732E+2	1.407095E+1
2.653382E+2	1.397259E+1
2.656032E+2	1.391248E+1
2.658682E+2	1.412013E+1
2.661332E+2	1.401084E+1
2.663981E+2	1.361740E+1
2.666631E+2	1.354090E+1
2.669281E+2	1.389609E+1
2.671930E+2	1.356276E+1
2.674579E+2	1.309281E+1
2.677229E+2	1.337150E+1
2.679878E+2	1.354090E+1
2.682527E+2	1.326221E+1
2.685176E+2	1.248625E+1
2.687825E+2	1.249718E+1
2.690474E+2	1.273216E+1
2.693123E+2	1.274855E+1
2.695772E+2	1.259008E+1
2.698420E+2	1.219664E+1
2.701069E+2	1.207095E+1
2.703718E+2	1.196713E+1
2.706366E+2	1.228953E+1
2.709014E+2	1.211467E+1
2.711663E+2	1.199992E+1
2.714311E+2	1.197806E+1
2.716959E+2	1.213106E+1
2.719607E+2	1.197806E+1
2.722255E+2	1.139882E+1
2.724903E+2	1.104910E+1
2.727551E+2	1.140975E+1
2.730199E+2	1.159008E+1
2.732847E+2	1.197806E+1
2.735495E+2	1.204910E+1
2.738142E+2	1.192888E+1
2.740790E+2	1.225128E+1
2.743437E+2	1.212560E+1
2.746085E+2	1.192888E+1
2.748732E+2	1.174309E+1
2.751379E+2	1.187423E+1
2.754026E+2	1.222396E+1
2.756674E+2	1.192888E+1
2.759321E+2	1.187423E+1
2.761968E+2	1.158462E+1
2.764614E+2	1.149718E+1
2.767261E+2	1.153544E+1
2.769908E+2	1.130046E+1
2.772555E+2	1.154636E+1
2.775201E+2	1.171576E+1
2.777848E+2	1.181412E+1
2.780494E+2	1.185784E+1
2.783141E+2	1.175948E+1
2.785787E+2	1.173762E+1
2.788433E+2	1.138789E+1
2.791079E+2	1.104910E+1
2.793725E+2	1.079227E+1
2.796371E+2	1.070483E+1
2.799017E+2	1.020210E+1
2.801663E+2	9.693905E+0
2.804309E+2	9.573686E+0
2.806955E+2	9.311391E+0
2.809600E+2	9.070954E+0
2.812246E+2	9.355107E+0
2.814891E+2	9.338714E+0
2.817537E+2	9.262211E+0
2.820182E+2	9.147457E+0
2.822827E+2	9.076419E+0
2.825473E+2	9.092812E+0
2.828118E+2	9.043632E+0
2.830763E+2	8.901555E+0
2.833408E+2	8.825053E+0
2.836053E+2	9.076419E+0
2.838697E+2	8.704834E+0
2.841342E+2	8.234889E+0
2.843987E+2	8.070954E+0
2.846632E+2	8.284069E+0
2.849276E+2	8.551828E+0
2.851921E+2	8.628331E+0
2.854565E+2	8.748550E+0
2.857209E+2	8.830517E+0
2.859853E+2	8.775872E+0
2.862498E+2	8.551828E+0
2.865142E+2	8.120135E+0
2.867786E+2	8.376965E+0
2.870430E+2	8.289533E+0
2.873074E+2	8.174779E+0
2.875717E+2	7.923413E+0
2.878361E+2	7.923413E+0
2.881005E+2	8.049096E+0
2.883648E+2	8.305927E+0
2.886292E+2	8.169315E+0
2.888935E+2	8.322320E+0
2.891579E+2	8.185708E+0
2.894222E+2	8.049096E+0
2.896865E+2	8.256747E+0
2.899508E+2	8.387894E+0
2.902151E+2	8.141992E+0
2.904794E+2	8.070954E+0
2.907437E+2	8.453468E+0
2.910080E+2	8.672047E+0
2.912723E+2	8.797730E+0
2.915366E+2	8.846910E+0
2.918008E+2	9.016309E+0
2.920651E+2	9.147457E+0
2.923293E+2	9.322320E+0
2.925936E+2	9.218495E+0
2.928578E+2	8.852375E+0
2.931220E+2	8.754014E+0
2.933863E+2	8.458932E+0
2.936505E+2	8.743085E+0
2.939147E+2	8.857839E+0
2.941789E+2	8.825053E+0
2.944431E+2	8.950736E+0
2.947072E+2	9.387894E+0
2.949714E+2	9.475326E+0
2.952356E+2	9.442539E+0
2.954997E+2	9.661118E+0
2.957639E+2	9.710298E+0
2.960280E+2	1.008735E+1
2.962922E+2	1.033871E+1
2.965563E+2	1.021850E+1
2.968204E+2	9.945271E+0
2.970845E+2	9.715763E+0
2.973486E+2	9.338714E+0
2.976127E+2	9.245818E+0
2.978768E+2	9.240353E+0
2.981409E+2	9.191173E+0
2.984050E+2	8.912484E+0
2.986691E+2	9.311391E+0
2.989331E+2	9.218495E+0
2.991972E+2	9.185708E+0
2.994612E+2	9.163850E+0
2.997253E+2	8.907020E+0
2.999893E+2	9.366036E+0
3.002534E+2	9.726692E+0
3.005174E+2	9.655654E+0
3.007814E+2	9.595544E+0
3.010454E+2	9.611938E+0
3.013094E+2	9.327785E+0
3.015734E+2	9.344178E+0
3.018374E+2	9.562757E+0
3.021013E+2	9.360572E+0
3.023653E+2	9.551828E+0
3.026293E+2	9.743085E+0
3.028932E+2	9.491719E+0
3.031572E+2	9.611938E+0
3.034211E+2	9.721227E+0
3.036850E+2	1.009828E+1
3.039489E+2	1.027314E+1
3.042129E+2	1.051904E+1
3.044768E+2	1.076494E+1
3.047407E+2	1.081412E+1
3.050046E+2	1.063926E+1
3.052685E+2	1.063380E+1
3.055323E+2	1.085784E+1
3.057962E+2	1.054636E+1
3.060601E+2	1.072123E+1
3.063239E+2	1.086877E+1
3.065878E+2	1.121303E+1
3.068516E+2	1.108735E+1
3.071155E+2	1.108735E+1
3.073793E+2	1.099445E+1
3.076431E+2	1.082505E+1
3.079069E+2	1.083052E+1
3.081707E+2	1.126221E+1
3.084345E+2	1.140975E+1
3.086983E+2	1.140429E+1
3.089621E+2	1.173762E+1
3.092259E+2	1.172123E+1
3.094896E+2	1.201084E+1
3.097534E+2	1.170483E+1
3.100171E+2	1.171576E+1
3.102809E+2	1.152451E+1
3.105446E+2	1.171030E+1
3.108084E+2	1.165565E+1
3.110721E+2	1.180319E+1
3.113358E+2	1.216385E+1
3.115995E+2	1.222396E+1
3.118632E+2	1.210921E+1
3.121269E+2	1.229500E+1
3.123906E+2	1.213653E+1
3.126543E+2	1.192341E+1
3.129179E+2	1.204910E+1
3.131816E+2	1.246986E+1
3.134453E+2	1.255729E+1
3.137089E+2	1.254090E+1
3.139725E+2	1.265019E+1
3.142362E+2	1.259008E+1
3.144998E+2	1.260647E+1
3.147634E+2	1.213653E+1
3.150270E+2	1.234964E+1
3.152906E+2	1.260647E+1
3.155542E+2	1.306549E+1
3.158178E+2	1.330046E+1
3.160814E+2	1.310374E+1
3.163450E+2	1.310921E+1
3.166086E+2	1.349172E+1
3.168721E+2	1.378680E+1
3.171357E+2	1.365019E+1
3.173992E+2	1.380866E+1
3.176627E+2	1.391248E+1
3.179263E+2	1.406003E+1
3.181898E+2	1.423489E+1
3.184533E+2	1.423489E+1
3.187168E+2	1.464472E+1
3.189803E+2	1.451904E+1
3.192438E+2	1.438243E+1
3.195073E+2	1.446440E+1
3.197708E+2	1.487423E+1
3.200342E+2	1.496713E+1
3.202977E+2	1.521850E+1
3.205612E+2	1.527314E+1
3.208246E+2	1.565019E+1
3.210881E+2	1.562287E+1
3.213515E+2	1.582505E+1
3.216149E+2	1.578134E+1
3.218783E+2	1.597259E+1
3.221417E+2	1.624035E+1
3.224051E+2	1.616385E+1
3.226685E+2	1.590702E+1
3.229319E+2	1.579227E+1
3.231953E+2	1.563926E+1
3.234587E+2	1.534418E+1
3.237221E+2	1.507095E+1
3.239854E+2	1.527314E+1
3.242488E+2	1.502177E+1
3.245121E+2	1.460647E+1
3.247754E+2	1.439882E+1
3.250388E+2	1.439882E+1
3.253021E+2	1.465565E+1
3.255654E+2	1.472669E+1
3.258287E+2	1.518571E+1
3.260920E+2	1.496713E+1
3.263553E+2	1.499445E+1
3.266186E+2	1.474309E+1
3.268819E+2	1.484691E+1
3.271451E+2	1.472669E+1
3.274084E+2	1.452997E+1
3.276717E+2	1.480319E+1
3.279349E+2	1.530593E+1
3.281981E+2	1.503270E+1
3.284614E+2	1.510374E+1
3.287246E+2	1.542615E+1
3.289878E+2	1.570483E+1
3.292510E+2	1.558462E+1
3.295142E+2	1.616385E+1
3.297774E+2	1.662833E+1
3.300406E+2	1.681412E+1
3.303038E+2	1.717478E+1
3.305670E+2	1.795620E+1
3.308301E+2	1.859554E+1
3.310933E+2	1.893434E+1
3.313564E+2	1.880319E+1
3.316196E+2	1.870483E+1
3.318827E+2	1.889609E+1
3.321458E+2	1.904363E+1
3.324089E+2	1.931139E+1
3.326721E+2	1.965019E+1
3.329352E+2	1.980319E+1
3.331983E+2	1.982505E+1
3.334614E+2	2.030046E+1
3.337244E+2	2.062287E+1
3.339875E+2	2.054090E+1
3.342506E+2	2.072123E+1
3.345136E+2	2.114199E+1
3.347767E+2	2.104910E+1
3.350397E+2	2.119117E+1
3.353028E+2	2.167751E+1
3.355658E+2	2.191795E+1
3.358288E+2	2.209828E+1
3.360918E+2	2.214199E+1
3.363548E+2	2.223489E+1
3.366178E+2	2.214746E+1
3.368808E+2	2.207642E+1
3.371438E+2	2.235511E+1
3.374068E+2	2.243161E+1
3.376698E+2	2.259008E+1
3.379327E+2	2.303817E+1
3.381957E+2	2.283052E+1
3.384586E+2	2.285784E+1
3.387216E+2	2.343161E+1
3.389845E+2	2.373762E+1
3.392474E+2	2.406003E+1
3.395103E+2	2.462833E+1
3.397733E+2	2.527860E+1
3.400362E+2	2.519117E+1
3.402990E+2	2.532778E+1
3.405619E+2	2.624035E+1
3.408248E+2	2.659554E+1
3.410877E+2	2.679773E+1
3.413506E+2	2.745893E+1
3.416134E+2	2.758462E+1
3.418763E+2	2.755729E+1
3.421391E+2	2.799992E+1
3.424019E+2	2.842615E+1
3.426648E+2	2.906003E+1
3.429276E+2	2.958462E+1
3.431904E+2	3.042615E+1
3.434532E+2	3.098899E+1
3.437160E+2	3.139336E+1
3.439788E+2	3.154636E+1
3.442416E+2	3.221303E+1
3.445043E+2	3.279773E+1
3.447671E+2	3.309828E+1
3.450299E+2	3.354636E+1
3.452926E+2	3.398899E+1
3.455554E+2	3.393981E+1
3.458181E+2	3.438243E+1
3.460808E+2	3.474309E+1
3.463436E+2	3.549172E+1
3.466063E+2	3.555729E+1
3.468690E+2	3.550811E+1
3.471317E+2	3.566658E+1
3.473944E+2	3.651358E+1
3.476570E+2	3.716385E+1
3.479197E+2	3.765019E+1
3.481824E+2	3.786877E+1
3.484451E+2	3.819664E+1
3.487077E+2	3.850811E+1
3.489704E+2	3.894527E+1
3.492330E+2	3.971576E+1
3.494956E+2	4.032778E+1
3.497582E+2	4.077587E+1
3.500209E+2	4.135511E+1
3.502835E+2	4.200538E+1
3.505461E+2	4.231686E+1
3.508087E+2	4.314199E+1
3.510713E+2	4.386330E+1
3.513338E+2	4.433871E+1
3.515964E+2	4.498899E+1
3.518590E+2	4.525128E+1
3.521215E+2	4.568844E+1
3.523841E+2	4.584145E+1
3.526466E+2	4.667205E+1
3.529091E+2	4.760647E+1
3.531717E+2	4.823489E+1
3.534342E+2	4.938243E+1
3.536967E+2	5.015292E+1
3.539592E+2	5.055729E+1
3.542217E+2	5.131139E+1
3.544842E+2	5.231139E+1
3.547467E+2	5.288516E+1
3.550091E+2	5.378134E+1
3.552716E+2	5.462287E+1
3.555341E+2	5.564472E+1
3.557965E+2	5.619664E+1
3.560590E+2	5.751358E+1
3.563214E+2	5.885784E+1
3.565838E+2	5.946986E+1
3.568462E+2	6.057915E+1
3.571086E+2	6.149718E+1
3.573711E+2	6.199445E+1
3.576335E+2	6.327314E+1
3.578958E+2	6.403817E+1
3.581582E+2	6.497259E+1
3.584206E+2	6.571030E+1
3.586830E+2	6.680866E+1
3.589453E+2	6.715292E+1
3.592077E+2	6.765019E+1
3.594700E+2	6.855183E+1
3.597324E+2	6.958462E+1
3.599947E+2	7.053544E+1
3.602570E+2	7.183598E+1
3.605193E+2	7.286877E+1
3.607816E+2	7.452451E+1
3.610439E+2	7.620757E+1
3.613062E+2	7.740429E+1
3.615685E+2	7.844254E+1
3.618308E+2	7.925675E+1
3.620930E+2	8.044254E+1
3.623553E+2	8.137150E+1
3.626176E+2	8.244254E+1
3.628798E+2	8.409828E+1
3.631420E+2	8.537150E+1
3.634043E+2	8.643707E+1
3.636665E+2	8.792888E+1
3.639287E+2	8.940975E+1
3.641909E+2	9.074309E+1
3.644531E+2	9.214746E+1
3.647153E+2	9.319117E+1
3.649775E+2	9.434418E+1
3.652397E+2	9.596713E+1
3.655018E+2	9.693434E+1
3.657640E+2	9.843161E+1
3.660262E+2	9.982505E+1
3.662883E+2	1.011584E+2
3.665505E+2	1.027376E+2
3.668126E+2	1.037158E+2
3.670747E+2	1.048906E+2
3.673368E+2	1.060819E+2
3.675989E+2	1.073278E+2
3.678610E+2	1.090655E+2
3.681231E+2	1.108742E+2
3.683852E+2	1.129289E+2
3.686473E+2	1.144425E+2
3.689094E+2	1.157158E+2
3.691714E+2	1.173059E+2
3.694335E+2	1.186338E+2
3.696955E+2	1.202240E+2
3.699576E+2	1.221748E+2
3.702196E+2	1.236283E+2
3.704816E+2	1.253223E+2
3.707437E+2	1.268360E+2
3.710057E+2	1.285354E+2
3.712677E+2	1.300764E+2
3.715297E+2	1.315354E+2
3.717917E+2	1.333442E+2
3.720536E+2	1.348688E+2
3.723156E+2	1.361912E+2
3.725776E+2	1.382294E+2
3.728395E+2	1.404425E+2
3.731015E+2	1.424753E+2
3.733634E+2	1.444316E+2
3.736254E+2	1.460054E+2
3.738873E+2	1.481365E+2
3.741492E+2	1.501639E+2
3.744111E+2	1.524152E+2
3.746730E+2	1.542567E+2
3.749349E+2	1.570546E+2
3.751968E+2	1.591092E+2
3.754587E+2	1.610600E+2
3.757206E+2	1.627977E+2
3.759824E+2	1.648196E+2
3.762443E+2	1.666393E+2
3.765061E+2	1.688578E+2
3.767680E+2	1.705737E+2
3.770298E+2	1.721311E+2
3.772916E+2	1.741966E+2
3.775535E+2	1.763332E+2
3.778153E+2	1.785792E+2
3.780771E+2	1.807813E+2
3.783389E+2	1.831748E+2
3.786007E+2	1.853332E+2
3.788624E+2	1.873660E+2
3.791242E+2	1.896283E+2
3.793860E+2	1.919945E+2
3.796477E+2	1.939671E+2
3.799095E+2	1.960655E+2
3.801712E+2	1.987431E+2
3.804330E+2	2.013934E+2
3.806947E+2	2.043824E+2
3.809564E+2	2.072513E+2
3.812181E+2	2.095026E+2
3.814798E+2	2.118578E+2
3.817415E+2	2.146884E+2
3.820032E+2	2.176502E+2
3.822649E+2	2.200436E+2
3.825266E+2	2.224753E+2
3.827883E+2	2.255354E+2
3.830499E+2	2.285136E+2
3.833116E+2	2.314425E+2
3.835732E+2	2.346775E+2
3.838348E+2	2.373114E+2
3.840965E+2	2.400163E+2
3.843581E+2	2.427376E+2
3.846197E+2	2.455737E+2
3.848813E+2	2.487267E+2
3.851429E+2	2.516720E+2
3.854045E+2	2.545518E+2
3.856661E+2	2.575792E+2
3.859277E+2	2.607649E+2
3.861892E+2	2.640108E+2
3.864508E+2	2.670546E+2
3.867124E+2	2.702404E+2
3.869739E+2	2.733934E+2
3.872354E+2	2.772349E+2
3.874970E+2	2.807649E+2
3.877585E+2	2.842786E+2
3.880200E+2	2.873988E+2
3.882815E+2	2.909562E+2
3.885430E+2	2.940272E+2
3.888045E+2	2.973606E+2
3.890660E+2	3.006338E+2
3.893275E+2	3.040218E+2
3.895889E+2	3.077431E+2
3.898504E+2	3.109453E+2
3.901118E+2	3.146611E+2
3.903733E+2	3.182567E+2
3.906347E+2	3.213988E+2
3.908962E+2	3.244699E+2
3.911576E+2	3.284207E+2
3.914190E+2	3.323551E+2
3.916804E+2	3.360436E+2
3.919418E+2	3.396720E+2
3.922032E+2	3.433442E+2
3.924646E+2	3.466994E+2
3.927260E+2	3.505136E+2
3.929873E+2	3.541475E+2
3.932487E+2	3.576065E+2
3.935100E+2	3.616611E+2
3.937714E+2	3.656830E+2
3.940327E+2	3.694808E+2
3.942941E+2	3.730873E+2
3.945554E+2	3.771529E+2
3.948167E+2	3.811147E+2
3.950780E+2	3.855573E+2
3.953393E+2	3.895081E+2
3.956006E+2	3.934699E+2
3.958619E+2	3.973715E+2
3.961232E+2	4.013005E+2
3.963844E+2	4.053005E+2
3.966457E+2	4.092950E+2
3.969069E+2	4.134589E+2
3.971682E+2	4.178196E+2
3.974294E+2	4.222622E+2
3.976907E+2	4.262021E+2
3.979519E+2	4.301693E+2
3.982131E+2	4.349234E+2
3.984743E+2	4.392294E+2
3.987355E+2	4.433223E+2
3.989967E+2	4.475136E+2
3.992579E+2	4.514808E+2
3.995191E+2	4.553332E+2
3.997802E+2	4.596994E+2
4.000414E+2	4.640491E+2
4.003025E+2	4.688633E+2
4.005637E+2	4.731857E+2
4.008248E+2	4.776447E+2
4.010860E+2	4.824043E+2
4.013471E+2	4.872021E+2
4.016082E+2	4.915081E+2
4.018693E+2	4.963387E+2
4.021304E+2	5.013059E+2
4.023915E+2	5.062567E+2
4.026526E+2	5.111311E+2
4.029137E+2	5.158633E+2
4.031747E+2	5.203715E+2
4.034358E+2	5.255190E+2
4.036968E+2	5.307212E+2
4.039579E+2	5.362130E+2
4.042189E+2	5.414917E+2
4.044800E+2	5.466720E+2
4.047410E+2	5.516010E+2
4.050020E+2	5.571147E+2
4.052630E+2	5.622841E+2
4.055240E+2	5.679562E+2
4.057850E+2	5.736065E+2
4.060460E+2	5.788032E+2
4.063070E+2	5.837212E+2
4.065679E+2	5.890054E+2
4.068289E+2	5.940983E+2
4.070898E+2	5.991092E+2
4.073508E+2	6.039726E+2
4.076117E+2	6.095026E+2
4.078727E+2	6.153059E+2
4.081336E+2	6.204917E+2
4.083945E+2	6.259343E+2
4.086554E+2	6.316338E+2
4.089163E+2	6.374589E+2
4.091772E+2	6.433442E+2
4.094381E+2	6.488469E+2
4.096990E+2	6.550819E+2
4.099598E+2	6.611529E+2
4.102207E+2	6.671311E+2
4.104815E+2	6.733169E+2
4.107424E+2	6.788196E+2
4.110032E+2	6.844261E+2
4.112640E+2	6.901639E+2
4.115249E+2	6.960655E+2
4.117857E+2	7.024316E+2
4.120465E+2	7.082513E+2
4.123073E+2	7.137923E+2
4.125681E+2	7.198961E+2
4.128289E+2	7.260819E+2
4.130896E+2	7.322349E+2
4.133504E+2	7.380054E+2
4.136112E+2	7.437704E+2
4.138719E+2	7.503332E+2
4.141327E+2	7.560873E+2
4.143934E+2	7.623114E+2
4.146541E+2	7.684644E+2
4.149149E+2	7.748578E+2
4.151756E+2	7.813169E+2
4.154363E+2	7.876994E+2
4.156970E+2	7.939453E+2
4.159577E+2	8.006830E+2
4.162184E+2	8.073442E+2
4.164790E+2	8.143442E+2
4.167397E+2	8.205026E+2
4.170004E+2	8.263660E+2
4.172610E+2	8.324425E+2
4.175217E+2	8.388196E+2
4.177823E+2	8.447431E+2
4.180429E+2	8.511147E+2
4.183035E+2	8.575245E+2
4.185642E+2	8.639945E+2
4.188248E+2	8.707540E+2
4.190854E+2	8.773988E+2
4.193459E+2	8.838251E+2
4.196065E+2	8.905901E+2
4.198671E+2	8.967376E+2
4.201277E+2	9.029125E+2
4.203882E+2	9.096775E+2
4.206488E+2	9.164808E+2
4.209093E+2	9.229125E+2
4.211699E+2	9.296119E+2
4.214304E+2	9.358196E+2
4.216909E+2	9.425846E+2
4.219514E+2	9.491966E+2
4.222119E+2	9.561639E+2
4.224724E+2	9.634043E+2
4.227329E+2	9.703660E+2
4.229934E+2	9.771475E+2
4.232539E+2	9.845846E+2
4.235143E+2	9.923551E+2
4.237748E+2	9.990546E+2
4.240352E+2	1.006989E+3
4.242957E+2	1.014475E+3
4.245561E+2	1.022033E+3
4.248166E+2	1.029290E+3
4.250770E+2	1.037033E+3
4.253374E+2	1.044831E+3
4.255978E+2	1.052426E+3
4.258582E+2	1.060448E+3
4.261186E+2	1.068361E+3
4.263790E+2	1.076574E+3
4.266393E+2	1.084945E+3
4.268997E+2	1.092732E+3
4.271600E+2	1.101076E+3
4.274204E+2	1.108978E+3
4.276807E+2	1.116350E+3
4.279411E+2	1.124492E+3
4.282014E+2	1.132781E+3
4.284617E+2	1.140841E+3
4.287220E+2	1.149443E+3
4.289823E+2	1.158098E+3
4.292426E+2	1.167284E+3
4.295029E+2	1.176317E+3
4.297632E+2	1.184940E+3
4.300235E+2	1.194033E+3
4.302837E+2	1.203355E+3
4.305440E+2	1.212749E+3
4.308042E+2	1.221973E+3
4.310645E+2	1.231142E+3
4.313247E+2	1.240688E+3
4.315849E+2	1.249175E+3
4.318451E+2	1.258448E+3
4.321054E+2	1.267306E+3
4.323656E+2	1.275858E+3
4.326258E+2	1.285317E+3
4.328859E+2	1.294098E+3
4.331461E+2	1.303661E+3
4.334063E+2	1.313251E+3
4.336665E+2	1.322437E+3
4.339266E+2	1.331382E+3
4.341868E+2	1.340169E+3
4.344469E+2	1.348831E+3
4.347070E+2	1.357623E+3
4.349671E+2	1.366852E+3
4.352273E+2	1.375967E+3
4.354874E+2	1.384639E+3
4.357475E+2	1.393923E+3
4.360076E+2	1.402372E+3
4.362677E+2	1.411606E+3
4.365277E+2	1.420694E+3
4.367878E+2	1.430339E+3
4.370479E+2	1.439137E+3
4.373079E+2	1.448197E+3
4.375680E+2	1.457634E+3
4.378280E+2	1.467749E+3
4.380880E+2	1.477224E+3
4.383480E+2	1.486929E+3
4.386081E+2	1.496716E+3
4.388681E+2	1.506508E+3
4.391281E+2	1.515645E+3
4.393881E+2	1.524137E+3
4.396480E+2	1.533492E+3
4.399080E+2	1.542306E+3
4.401680E+2	1.551596E+3
4.404279E+2	1.560688E+3
4.406879E+2	1.570202E+3
4.409478E+2	1.579033E+3
4.412078E+2	1.588016E+3
4.414677E+2	1.596218E+3
4.417276E+2	1.603754E+3
4.419875E+2	1.612973E+3
4.422474E+2	1.621027E+3
4.425073E+2	1.630475E+3
4.427672E+2	1.640065E+3
4.430271E+2	1.648951E+3
4.432870E+2	1.658115E+3
4.435469E+2	1.667306E+3
4.438067E+2	1.676776E+3
4.440666E+2	1.686164E+3
4.443264E+2	1.694934E+3
4.445862E+2	1.702563E+3
4.448461E+2	1.711005E+3
4.451059E+2	1.720115E+3
4.453657E+2	1.729186E+3
4.456255E+2	1.737574E+3
4.458853E+2	1.746639E+3
4.461451E+2	1.754661E+3
4.464049E+2	1.763295E+3
4.466646E+2	1.771601E+3
4.469244E+2	1.781071E+3
4.471842E+2	1.789246E+3
4.474439E+2	1.799519E+3
4.477036E+2	1.808918E+3
4.479634E+2	1.817770E+3
4.482231E+2	1.827202E+3
4.484828E+2	1.836453E+3
4.487425E+2	1.847197E+3
4.490022E+2	1.856825E+3
4.492619E+2	1.865841E+3
4.495216E+2	1.874596E+3
4.497813E+2	1.884186E+3
4.500410E+2	1.894279E+3
4.503006E+2	1.904836E+3
4.505603E+2	1.915574E+3
4.508199E+2	1.925453E+3
4.510796E+2	1.935273E+3
4.513392E+2	1.945929E+3
4.515988E+2	1.956213E+3
4.518584E+2	1.967437E+3
4.521180E+2	1.977852E+3
4.523776E+2	1.988535E+3
4.526372E+2	1.998229E+3
4.528968E+2	2.009891E+3
4.531564E+2	2.021284E+3
4.534160E+2	2.032279E+3
4.536755E+2	2.043186E+3
4.539351E+2	2.055284E+3
4.541946E+2	2.065891E+3
4.544541E+2	2.076803E+3
4.547137E+2	2.087765E+3
4.549732E+2	2.099869E+3
4.552327E+2	2.112098E+3
4.554922E+2	2.124027E+3
4.557517E+2	2.136273E+3
4.560112E+2	2.149279E+3
4.562707E+2	2.161923E+3
4.565302E+2	2.174104E+3
4.567896E+2	2.187705E+3
4.570491E+2	2.201098E+3
4.573085E+2	2.214098E+3
4.575680E+2	2.228601E+3
4.578274E+2	2.241994E+3
4.580868E+2	2.255661E+3
4.583463E+2	2.269246E+3
4.586057E+2	2.281590E+3
4.588651E+2	2.295787E+3
4.591245E+2	2.309601E+3
4.593838E+2	2.324339E+3
4.596432E+2	2.338344E+3
4.599026E+2	2.352923E+3
4.601620E+2	2.368131E+3
4.604213E+2	2.384464E+3
4.606807E+2	2.399350E+3
4.609400E+2	2.414912E+3
4.611993E+2	2.430585E+3
4.614587E+2	2.447000E+3
4.617180E+2	2.464464E+3
4.619773E+2	2.481825E+3
4.622366E+2	2.498546E+3
4.624959E+2	2.517115E+3
4.627552E+2	2.533869E+3
4.630144E+2	2.551743E+3
4.632737E+2	2.569852E+3
4.635330E+2	2.587071E+3
4.637922E+2	2.605546E+3
4.640515E+2	2.624973E+3
4.643107E+2	2.643475E+3
4.645699E+2	2.661273E+3
4.648292E+2	2.680361E+3
4.650884E+2	2.700798E+3
4.653476E+2	2.721443E+3
4.656068E+2	2.741989E+3
4.658660E+2	2.763404E+3
4.661251E+2	2.784197E+3
4.663843E+2	2.803902E+3
4.666435E+2	2.825978E+3
4.669026E+2	2.848770E+3
4.671618E+2	2.870978E+3
4.674209E+2	2.893940E+3
4.676801E+2	2.917503E+3
4.679392E+2	2.940475E+3
4.681983E+2	2.964333E+3
4.684574E+2	2.989300E+3
4.687165E+2	3.013902E+3
4.689756E+2	3.037814E+3
4.692347E+2	3.063016E+3
4.694938E+2	3.087907E+3
4.697529E+2	3.112235E+3
4.700119E+2	3.139672E+3
4.702710E+2	3.167574E+3
4.705300E+2	3.195825E+3
4.707891E+2	3.222984E+3
4.710481E+2	3.251065E+3
4.713071E+2	3.279923E+3
4.715661E+2	3.308929E+3
4.718252E+2	3.337781E+3
4.720842E+2	3.367896E+3
4.723431E+2	3.398257E+3
4.726021E+2	3.429071E+3
4.728611E+2	3.460005E+3
4.731201E+2	3.493623E+3
4.733790E+2	3.527186E+3
4.736380E+2	3.559251E+3
4.738969E+2	3.593699E+3
4.741559E+2	3.627005E+3
4.744148E+2	3.660497E+3
4.746737E+2	3.695115E+3
4.749326E+2	3.730164E+3
4.751915E+2	3.765290E+3
4.754504E+2	3.801306E+3
4.757093E+2	3.838022E+3
4.759682E+2	3.874164E+3
4.762271E+2	3.910426E+3
4.764859E+2	3.947825E+3
4.767448E+2	3.985093E+3
4.770037E+2	4.022382E+3
4.772625E+2	4.059137E+3
4.775213E+2	4.094727E+3
4.777802E+2	4.132065E+3
4.780390E+2	4.169683E+3
4.782978E+2	4.206934E+3
4.785566E+2	4.245328E+3
4.788154E+2	4.285328E+3
4.790742E+2	4.324377E+3
4.793329E+2	4.362743E+3
4.795917E+2	4.403240E+3
4.798505E+2	4.441519E+3
4.801092E+2	4.481475E+3
4.803680E+2	4.521749E+3
4.806267E+2	4.561147E+3
4.808854E+2	4.601831E+3
4.811442E+2	4.641945E+3
4.814029E+2	4.682377E+3
4.816616E+2	4.722546E+3
4.819203E+2	4.763071E+3
4.821790E+2	4.805497E+3
4.824377E+2	4.846300E+3
4.826963E+2	4.886229E+3
4.829550E+2	4.925568E+3
4.832137E+2	4.966617E+3
4.834723E+2	5.006721E+3
4.837310E+2	5.047180E+3
4.839896E+2	5.086224E+3
4.842482E+2	5.126246E+3
4.845068E+2	5.165820E+3
4.847655E+2	5.206333E+3
4.850241E+2	5.245743E+3
4.852827E+2	5.284787E+3
4.855412E+2	5.325038E+3
4.857998E+2	5.363535E+3
4.860584E+2	5.401464E+3
4.863170E+2	5.438492E+3
4.865755E+2	5.478158E+3
4.868341E+2	5.515945E+3
4.870926E+2	5.552869E+3
4.873511E+2	5.590093E+3
4.876097E+2	5.627667E+3
4.878682E+2	5.664590E+3
4.881267E+2	5.702257E+3
4.883852E+2	5.738142E+3
4.886437E+2	5.774503E+3
4.889022E+2	5.808481E+3
4.891606E+2	5.842257E+3
4.894191E+2	5.876891E+3
4.896776E+2	5.909945E+3
4.899360E+2	5.945147E+3
4.901945E+2	5.980147E+3
4.904529E+2	6.013262E+3
4.907113E+2	6.045896E+3
4.909697E+2	6.079224E+3
4.912282E+2	6.111721E+3
4.914866E+2	6.142497E+3
4.917450E+2	6.174612E+3
4.920034E+2	6.206268E+3
4.922617E+2	6.237098E+3
4.925201E+2	6.267475E+3
4.927785E+2	6.297907E+3
4.930368E+2	6.329109E+3
4.932952E+2	6.359863E+3
4.935535E+2	6.390355E+3
4.938118E+2	6.419678E+3
4.940702E+2	6.448186E+3
4.943285E+2	6.477814E+3
4.945868E+2	6.505164E+3
4.948451E+2	6.532585E+3
4.951034E+2	6.561727E+3
4.953617E+2	6.586470E+3
4.956200E+2	6.613126E+3
4.958782E+2	6.640005E+3
4.961365E+2	6.667350E+3
4.963947E+2	6.693672E+3
4.966530E+2	6.717863E+3
4.969112E+2	6.743852E+3
4.971694E+2	6.768661E+3
4.974277E+2	6.792579E+3
4.976859E+2	6.817268E+3
4.979441E+2	6.840847E+3
4.982023E+2	6.863825E+3
4.984605E+2	6.887596E+3
4.987187E+2	6.911421E+3
4.989768E+2	6.933382E+3
4.992350E+2	6.955628E+3
4.994931E+2	6.978065E+3
4.997513E+2	7.000361E+3
5.000094E+2	7.022355E+3
5.002676E+2	7.044093E+3
5.005257E+2	7.064814E+3
5.007838E+2	7.085994E+3
5.010419E+2	7.107585E+3
5.013000E+2	7.127918E+3
5.015581E+2	7.148880E+3
5.018162E+2	7.168841E+3
5.020743E+2	7.188951E+3
5.023323E+2	7.208820E+3
5.025904E+2	7.227841E+3
5.028485E+2	7.247590E+3
5.031065E+2	7.266809E+3
5.033645E+2	7.286049E+3
5.036226E+2	7.303902E+3
5.038806E+2	7.321568E+3
5.041386E+2	7.339836E+3
5.043966E+2	7.357623E+3
5.046546E+2	7.375464E+3
5.049126E+2	7.393579E+3
5.051706E+2	7.413541E+3
5.054285E+2	7.431541E+3
5.056865E+2	7.446956E+3
5.059445E+2	7.464798E+3
5.062024E+2	7.481940E+3
5.064604E+2	7.499355E+3
5.067183E+2	7.514596E+3
5.069762E+2	7.531852E+3
5.072341E+2	7.549213E+3
5.074920E+2	7.566071E+3
5.077499E+2	7.582421E+3
5.080078E+2	7.599186E+3
5.082657E+2	7.614087E+3
5.085236E+2	7.630590E+3
5.087815E+2	7.646344E+3
5.090393E+2	7.662005E+3
5.092972E+2	7.678126E+3
5.095550E+2	7.694770E+3
5.098129E+2	7.711994E+3
5.100707E+2	7.727022E+3
5.103285E+2	7.742596E+3
5.105863E+2	7.756519E+3
5.108441E+2	7.770787E+3
5.111019E+2	7.788158E+3
5.113597E+2	7.802989E+3
5.116175E+2	7.818885E+3
5.118753E+2	7.832699E+3
5.121330E+2	7.848131E+3
5.123908E+2	7.863197E+3
5.126485E+2	7.877863E+3
5.129063E+2	7.892912E+3
5.131640E+2	7.908732E+3
5.134217E+2	7.923268E+3
5.136794E+2	7.937809E+3
5.139371E+2	7.952153E+3
5.141948E+2	7.968339E+3
5.144525E+2	7.982902E+3
5.147102E+2	7.997224E+3
5.149679E+2	8.012098E+3
5.152256E+2	8.027169E+3
5.154832E+2	8.042874E+3
5.157409E+2	8.058475E+3
5.159985E+2	8.073481E+3
5.162562E+2	8.089158E+3
5.165138E+2	8.103699E+3
5.167714E+2	8.118218E+3
5.170290E+2	8.132994E+3
5.172866E+2	8.146776E+3
5.175442E+2	8.162065E+3
5.178018E+2	8.177841E+3
5.180594E+2	8.191147E+3
5.183170E+2	8.206295E+3
5.185745E+2	8.220235E+3
5.188321E+2	8.233415E+3
5.190896E+2	8.246776E+3
5.193472E+2	8.261005E+3
5.196047E+2	8.274978E+3
5.198622E+2	8.289218E+3
5.201197E+2	8.303497E+3
5.203772E+2	8.316973E+3
5.206347E+2	8.331273E+3
5.208922E+2	8.341361E+3
5.211497E+2	8.353962E+3
5.214072E+2	8.367579E+3
5.216646E+2	8.380268E+3
5.219221E+2	8.394016E+3
5.221795E+2	8.407852E+3
5.224370E+2	8.420754E+3
5.226944E+2	8.431470E+3
5.229519E+2	8.444279E+3
5.232093E+2	8.455563E+3
5.234667E+2	8.467415E+3
5.237241E+2	8.479044E+3
5.239815E+2	8.491967E+3
5.242389E+2	8.502448E+3
5.244962E+2	8.512180E+3
5.247536E+2	8.524579E+3
5.250110E+2	8.535300E+3
5.252683E+2	8.545792E+3
5.255257E+2	8.555257E+3
5.257830E+2	8.566945E+3
5.260403E+2	8.578065E+3
5.262977E+2	8.590519E+3
5.265550E+2	8.601694E+3
5.268123E+2	8.610137E+3
5.270696E+2	8.621279E+3
5.273269E+2	8.631437E+3
5.275841E+2	8.641541E+3
5.278414E+2	8.651896E+3
5.280987E+2	8.661186E+3
5.283559E+2	8.669727E+3
5.286132E+2	8.679388E+3
5.288704E+2	8.688142E+3
5.291276E+2	8.697694E+3
5.293849E+2	8.707257E+3
5.296421E+2	8.715787E+3
5.298993E+2	8.722945E+3
5.301565E+2	8.731393E+3
5.304137E+2	8.738699E+3
5.306709E+2	8.747120E+3
5.309280E+2	8.755459E+3
5.311852E+2	8.762372E+3
5.314424E+2	8.767098E+3
5.316995E+2	8.774235E+3
5.319567E+2	8.778820E+3
5.322138E+2	8.785049E+3
5.324709E+2	8.791984E+3
5.327280E+2	8.798951E+3
5.329852E+2	8.805902E+3
5.332423E+2	8.812262E+3
5.334994E+2	8.818891E+3
5.337564E+2	8.824863E+3
5.340135E+2	8.830606E+3
5.342706E+2	8.838366E+3
5.345276E+2	8.845382E+3
5.347847E+2	8.851967E+3
5.350417E+2	8.856967E+3
5.352988E+2	8.862721E+3
5.355558E+2	8.868650E+3
5.358128E+2	8.873940E+3
5.360698E+2	8.880372E+3
5.363269E+2	8.886557E+3
5.365839E+2	8.894568E+3
5.368408E+2	8.899590E+3
5.370978E+2	8.905923E+3
5.373548E+2	8.912475E+3
5.376118E+2	8.918076E+3
5.378687E+2	8.923475E+3
5.381257E+2	8.931453E+3
5.383826E+2	8.938197E+3
5.386395E+2	8.943535E+3
5.388965E+2	8.950071E+3
5.391534E+2	8.955437E+3
5.394103E+2	8.961847E+3
5.396672E+2	8.968776E+3
5.399241E+2	8.975453E+3
5.401810E+2	8.982688E+3
5.404378E+2	8.987770E+3
5.406947E+2	8.991191E+3
5.409516E+2	8.997218E+3
5.412084E+2	9.002967E+3
5.414653E+2	9.007923E+3
5.417221E+2	9.012798E+3
5.419789E+2	9.017426E+3
5.422357E+2	9.021721E+3
5.424925E+2	9.028475E+3
5.427493E+2	9.034470E+3
5.430061E+2	9.038967E+3
5.432629E+2	9.044699E+3
5.435197E+2	9.049639E+3
5.437765E+2	9.056339E+3
5.440332E+2	9.062639E+3
5.442900E+2	9.066514E+3
5.445467E+2	9.070475E+3
5.448035E+2	9.075967E+3
5.450602E+2	9.080005E+3
5.453169E+2	9.084115E+3
5.455736E+2	9.087945E+3
5.458303E+2	9.092841E+3
5.460870E+2	9.098060E+3
5.463437E+2	9.101104E+3
5.466004E+2	9.103847E+3
5.468571E+2	9.108415E+3
5.471137E+2	9.113907E+3
5.473704E+2	9.117290E+3
5.476270E+2	9.124049E+3
5.478837E+2	9.129907E+3
5.481403E+2	9.134235E+3
5.483969E+2	9.138989E+3
5.486535E+2	9.142311E+3
5.489101E+2	9.146934E+3
5.491667E+2	9.149235E+3
5.494233E+2	9.152453E+3
5.496799E+2	9.156317E+3
5.499365E+2	9.158601E+3
5.501931E+2	9.161940E+3
5.504496E+2	9.164519E+3
5.507062E+2	9.169005E+3
5.509627E+2	9.170863E+3
5.512192E+2	9.173546E+3
5.514758E+2	9.176836E+3
5.517323E+2	9.179525E+3
5.519888E+2	9.179940E+3
5.522453E+2	9.181612E+3
5.525018E+2	9.184967E+3
5.527583E+2	9.185945E+3
5.530147E+2	9.186776E+3
5.532712E+2	9.186366E+3
5.535277E+2	9.188410E+3
5.537841E+2	9.187836E+3
5.540406E+2	9.188251E+3
5.542970E+2	9.189033E+3
5.545534E+2	9.190093E+3
5.548098E+2	9.191087E+3
5.550663E+2	9.191284E+3
5.553227E+2	9.191606E+3
5.555791E+2	9.191514E+3
5.558354E+2	9.191978E+3
5.560918E+2	9.191869E+3
5.563482E+2	9.194962E+3
5.566046E+2	9.195606E+3
5.568609E+2	9.195601E+3
5.571173E+2	9.195044E+3
5.573736E+2	9.195415E+3
5.576299E+2	9.195065E+3
5.578862E+2	9.196093E+3
5.581426E+2	9.195262E+3
5.583989E+2	9.193503E+3
5.586552E+2	9.193208E+3
5.589114E+2	9.191650E+3
5.591677E+2	9.191186E+3
5.594240E+2	9.189568E+3
5.596803E+2	9.188497E+3
5.599365E+2	9.188158E+3
5.601928E+2	9.189087E+3
5.604490E+2	9.186508E+3
5.607052E+2	9.184585E+3
5.609614E+2	9.184262E+3
5.612177E+2	9.183279E+3
5.614739E+2	9.181372E+3
5.617301E+2	9.180907E+3
5.619863E+2	9.180994E+3
5.622424E+2	9.181120E+3
5.624986E+2	9.178273E+3
5.627548E+2	9.176317E+3
5.630109E+2	9.175355E+3
5.632671E+2	9.172508E+3
5.635232E+2	9.169153E+3
5.637794E+2	9.167759E+3
5.640355E+2	9.165087E+3
5.642916E+2	9.163049E+3
5.645477E+2	9.159497E+3
5.648038E+2	9.156705E+3
5.650599E+2	9.154508E+3
5.653160E+2	9.151333E+3
5.655721E+2	9.148847E+3
5.658281E+2	9.146727E+3
5.660842E+2	9.144759E+3
5.663402E+2	9.141525E+3
5.665963E+2	9.138514E+3
5.668523E+2	9.135623E+3
5.671083E+2	9.132366E+3
5.673644E+2	9.130492E+3
5.676204E+2	9.128164E+3
5.678764E+2	9.124645E+3
5.681324E+2	9.122716E+3
5.683883E+2	9.120333E+3
5.686443E+2	9.117421E+3
5.689003E+2	9.117147E+3
5.691562E+2	9.113530E+3
5.694122E+2	9.110984E+3
5.696681E+2	9.107563E+3
5.699241E+2	9.104934E+3
5.701800E+2	9.101645E+3
5.704359E+2	9.098372E+3
5.706918E+2	9.094989E+3
5.709477E+2	9.090798E+3
5.712036E+2	9.086552E+3
5.714595E+2	9.083246E+3
5.717154E+2	9.079973E+3
5.719713E+2	9.075033E+3
5.722271E+2	9.070131E+3
5.724830E+2	9.067437E+3
5.727388E+2	9.064027E+3
5.729947E+2	9.060858E+3
5.732505E+2	9.057803E+3
5.735063E+2	9.052590E+3
5.737621E+2	9.049672E+3
5.740179E+2	9.046705E+3
5.742737E+2	9.042738E+3
5.745295E+2	9.038601E+3
5.747853E+2	9.033098E+3
5.750411E+2	9.029377E+3
5.752968E+2	9.026459E+3
5.755526E+2	9.023016E+3
5.758083E+2	9.017667E+3
5.760641E+2	9.014530E+3
5.763198E+2	9.011492E+3
5.765755E+2	9.007896E+3
5.768312E+2	9.004519E+3
5.770869E+2	9.001104E+3
5.773426E+2	8.996486E+3
5.775983E+2	8.990847E+3
5.778540E+2	8.985951E+3
5.781097E+2	8.983759E+3
5.783653E+2	8.979503E+3
5.786210E+2	8.974492E+3
5.788766E+2	8.969765E+3
5.791323E+2	8.965388E+3
5.793879E+2	8.961131E+3
5.796435E+2	8.956443E+3
5.798991E+2	8.952388E+3
5.801547E+2	8.948235E+3
5.804103E+2	8.944656E+3
5.806659E+2	8.939574E+3
5.809215E+2	8.936268E+3
5.811771E+2	8.932087E+3
5.814327E+2	8.927393E+3
5.816882E+2	8.922262E+3
5.819438E+2	8.918104E+3
5.821993E+2	8.915033E+3
5.824548E+2	8.909530E+3
5.827104E+2	8.905098E+3
5.829659E+2	8.899448E+3
5.832214E+2	8.893049E+3
5.834769E+2	8.888306E+3
5.837324E+2	8.882055E+3
5.839878E+2	8.876792E+3
5.842433E+2	8.870814E+3
5.844988E+2	8.863213E+3
5.847542E+2	8.857137E+3
5.850097E+2	8.850601E+3
5.852651E+2	8.844781E+3
5.855206E+2	8.837557E+3
5.857760E+2	8.830967E+3
5.860314E+2	8.825126E+3
5.862868E+2	8.818994E+3
5.865422E+2	8.812907E+3
5.867976E+2	8.809344E+3
5.870530E+2	8.803213E+3
5.873084E+2	8.797432E+3
5.875637E+2	8.790847E+3
5.878191E+2	8.785426E+3
5.880744E+2	8.778880E+3
5.883298E+2	8.773022E+3
5.885851E+2	8.766175E+3
5.888404E+2	8.760131E+3
5.890958E+2	8.754732E+3
5.893511E+2	8.746399E+3
5.896064E+2	8.739229E+3
5.898617E+2	8.732093E+3
5.901169E+2	8.726541E+3
5.903722E+2	8.720464E+3
5.906275E+2	8.713448E+3
5.908827E+2	8.706027E+3
5.911380E+2	8.698743E+3
5.913932E+2	8.692497E+3
5.916485E+2	8.684940E+3
5.919037E+2	8.679820E+3
5.921589E+2	8.672896E+3
5.924141E+2	8.666131E+3
5.926693E+2	8.658891E+3
5.929245E+2	8.653300E+3
5.931797E+2	8.647497E+3
5.934349E+2	8.640284E+3
5.936900E+2	8.633290E+3
5.939452E+2	8.628000E+3
5.942004E+2	8.621246E+3
5.944555E+2	8.615448E+3
5.947106E+2	8.610279E+3
5.949658E+2	8.602809E+3
5.952209E+2	8.597350E+3
5.954760E+2	8.591180E+3
5.957311E+2	8.584590E+3
5.959862E+2	8.578710E+3
5.962413E+2	8.574809E+3
5.964963E+2	8.568180E+3
5.967514E+2	8.562962E+3
5.970065E+2	8.557918E+3
5.972615E+2	8.553699E+3
5.975166E+2	8.548306E+3
5.977716E+2	8.542710E+3
5.980266E+2	8.538535E+3
5.982816E+2	8.532585E+3
5.985367E+2	8.527131E+3
5.987917E+2	8.523902E+3
5.990467E+2	8.519098E+3
5.993016E+2	8.514388E+3
5.995566E+2	8.510273E+3
5.998116E+2	8.506672E+3
6.000665E+2	8.503962E+3
6.003215E+2	8.498934E+3
6.005764E+2	8.496688E+3
6.008314E+2	8.493956E+3
6.010863E+2	8.491065E+3
6.013412E+2	8.487306E+3
6.015961E+2	8.484759E+3
6.018510E+2	8.482667E+3
6.021059E+2	8.478787E+3
6.023608E+2	8.474104E+3
6.026157E+2	8.470825E+3
6.028706E+2	8.466836E+3
6.031254E+2	8.464153E+3
6.033803E+2	8.459951E+3
6.036351E+2	8.455519E+3
6.038900E+2	8.451749E+3
6.041448E+2	8.447792E+3
6.043996E+2	8.443934E+3
6.046544E+2	8.440186E+3
6.049092E+2	8.438590E+3
6.051640E+2	8.436328E+3
6.054188E+2	8.433716E+3
6.056736E+2	8.431535E+3
6.059283E+2	8.429109E+3
6.061831E+2	8.426328E+3
6.064378E+2	8.422115E+3
6.066926E+2	8.419705E+3
6.069473E+2	8.416809E+3
6.072021E+2	8.414191E+3
6.074568E+2	8.407770E+3
6.077115E+2	8.403568E+3
6.079662E+2	8.399388E+3
6.082209E+2	8.396803E+3
6.084756E+2	8.391809E+3
6.087302E+2	8.389142E+3
6.089849E+2	8.385841E+3
6.092396E+2	8.381634E+3
6.094942E+2	8.377678E+3
6.097489E+2	8.374623E+3
6.100035E+2	8.371175E+3
6.102581E+2	8.367147E+3
6.105127E+2	8.363104E+3
6.107674E+2	8.357891E+3
6.110220E+2	8.353667E+3
6.112766E+2	8.350781E+3
6.115311E+2	8.346579E+3
6.117857E+2	8.341497E+3
6.120403E+2	8.337120E+3
6.122948E+2	8.332147E+3
6.125494E+2	8.327295E+3
6.128039E+2	8.321546E+3
6.130585E+2	8.316907E+3
6.133130E+2	8.311918E+3
6.135675E+2	8.306705E+3
6.138220E+2	8.301683E+3
6.140765E+2	8.296831E+3
6.143310E+2	8.291694E+3
6.145855E+2	8.286372E+3
6.148400E+2	8.280770E+3
6.150945E+2	8.275535E+3
6.153489E+2	8.270508E+3
6.156034E+2	8.263732E+3
6.158578E+2	8.260076E+3
6.161123E+2	8.253754E+3
6.163667E+2	8.247787E+3
6.166211E+2	8.242503E+3
6.168755E+2	8.236896E+3
6.171299E+2	8.230672E+3
6.173843E+2	8.224836E+3
6.176387E+2	8.220382E+3
6.178931E+2	8.214497E+3
6.181474E+2	8.208973E+3
6.184018E+2	8.203858E+3
6.186561E+2	8.198809E+3
6.189105E+2	8.192880E+3
6.191648E+2	8.188492E+3
6.194191E+2	8.183016E+3
6.196735E+2	8.178699E+3
6.199278E+2	8.173770E+3
6.201821E+2	8.170022E+3
6.204364E+2	8.164076E+3
6.206907E+2	8.157601E+3
6.209449E+2	8.151880E+3
6.211992E+2	8.147453E+3
6.214535E+2	8.140809E+3
6.217077E+2	8.136923E+3
6.219619E+2	8.133448E+3
6.222162E+2	8.127546E+3
6.224704E+2	8.121814E+3
6.227246E+2	8.116787E+3
6.229788E+2	8.113563E+3
6.232330E+2	8.110415E+3
6.234872E+2	8.107437E+3
6.237414E+2	8.103071E+3
6.239956E+2	8.098918E+3
6.242498E+2	8.094688E+3
6.245039E+2	8.091694E+3
6.247581E+2	8.089962E+3
6.250122E+2	8.085060E+3
6.252663E+2	8.082585E+3
6.255205E+2	8.079109E+3
6.257746E+2	8.074781E+3
6.260287E+2	8.071962E+3
6.262828E+2	8.068393E+3
6.265369E+2	8.065776E+3
6.267910E+2	8.061497E+3
6.270450E+2	8.058246E+3
6.272991E+2	8.055667E+3
6.275532E+2	8.053377E+3
6.278072E+2	8.049869E+3
6.280613E+2	8.046568E+3
6.283153E+2	8.042639E+3
6.285693E+2	8.039956E+3
6.288233E+2	8.036284E+3
6.290773E+2	8.032601E+3
6.293313E+2	8.028224E+3
6.295853E+2	8.025721E+3
6.298393E+2	8.021596E+3
6.300933E+2	8.018147E+3
6.303472E+2	8.015650E+3
6.306012E+2	8.011994E+3
6.308551E+2	8.008306E+3
6.311091E+2	8.005399E+3
6.313630E+2	8.001601E+3
6.316169E+2	7.998874E+3
6.318709E+2	7.996175E+3
6.321248E+2	7.991612E+3
6.323787E+2	7.988579E+3
6.326326E+2	7.983716E+3
6.328864E+2	7.979076E+3
6.331403E+2	7.974759E+3
6.333942E+2	7.971322E+3
6.336480E+2	7.967317E+3
6.339019E+2	7.962831E+3
6.341557E+2	7.958699E+3
6.344095E+2	7.955902E+3
6.346634E+2	7.952623E+3
6.349172E+2	7.948514E+3
6.351710E+2	7.943382E+3
6.354248E+2	7.938333E+3
6.356786E+2	7.933896E+3
6.359324E+2	7.929590E+3
6.361861E+2	7.925087E+3
6.364399E+2	7.919656E+3
6.366936E+2	7.912623E+3
6.369474E+2	7.909869E+3
6.372011E+2	7.903606E+3
6.374549E+2	7.898825E+3
6.377086E+2	7.894475E+3
6.379623E+2	7.889497E+3
6.382160E+2	7.884208E+3
6.384697E+2	7.878344E+3
6.387234E+2	7.872683E+3
6.389771E+2	7.866579E+3
6.392307E+2	7.861552E+3
6.394844E+2	7.856951E+3
6.397380E+2	7.850923E+3
6.399917E+2	7.844546E+3
6.402453E+2	7.837645E+3
6.404990E+2	7.832940E+3
6.407526E+2	7.826475E+3
6.410062E+2	7.820519E+3
6.412598E+2	7.815612E+3
6.415134E+2	7.808738E+3
6.417670E+2	7.803891E+3
6.420206E+2	7.797541E+3
6.422741E+2	7.793044E+3
6.425277E+2	7.787694E+3
6.427812E+2	7.782076E+3
6.430348E+2	7.774831E+3
6.432883E+2	7.769404E+3
6.435418E+2	7.762585E+3
6.437954E+2	7.756929E+3
6.440489E+2	7.751235E+3
6.443024E+2	7.745169E+3
6.445559E+2	7.739896E+3
6.448094E+2	7.735803E+3
6.450628E+2	7.728213E+3
6.453163E+2	7.723984E+3
6.455698E+2	7.718738E+3
6.458232E+2	7.713404E+3
6.460767E+2	7.707836E+3
6.463301E+2	7.703279E+3
6.465835E+2	7.697869E+3
6.468369E+2	7.692770E+3
6.470903E+2	7.686197E+3
6.473437E+2	7.680060E+3
6.475971E+2	7.675011E+3
6.478505E+2	7.669667E+3
6.481039E+2	7.665743E+3
6.483573E+2	7.661071E+3
6.486106E+2	7.656218E+3
6.488640E+2	7.650814E+3
6.491173E+2	7.645945E+3
6.493706E+2	7.640770E+3
6.496240E+2	7.635601E+3
6.498773E+2	7.631535E+3
6.501306E+2	7.625448E+3
6.503839E+2	7.621891E+3
6.506372E+2	7.618448E+3
6.508905E+2	7.613678E+3
6.511437E+2	7.607869E+3
6.513970E+2	7.603891E+3
6.516503E+2	7.600530E+3
6.519035E+2	7.598164E+3
6.521567E+2	7.594639E+3
6.524100E+2	7.589590E+3
6.526632E+2	7.585361E+3
6.529164E+2	7.580339E+3
6.531696E+2	7.575940E+3
6.534228E+2	7.572486E+3
6.536760E+2	7.569126E+3
6.539292E+2	7.565251E+3
6.541824E+2	7.561896E+3
6.544355E+2	7.558372E+3
6.546887E+2	7.555175E+3
6.549418E+2	7.552503E+3
6.551950E+2	7.550284E+3
6.554481E+2	7.546393E+3
6.557012E+2	7.542492E+3
6.559543E+2	7.538661E+3
6.562074E+2	7.534880E+3
6.564605E+2	7.531765E+3
6.567136E+2	7.528716E+3
6.569667E+2	7.526279E+3
6.572198E+2	7.523322E+3
6.574728E+2	7.520251E+3
6.577259E+2	7.516098E+3
6.579789E+2	7.513688E+3
6.582319E+2	7.510197E+3
6.584850E+2	7.508639E+3
6.587380E+2	7.505891E+3
6.589910E+2	7.503333E+3
6.592440E+2	7.501082E+3
6.594970E+2	7.497557E+3
6.597500E+2	7.496585E+3
6.600030E+2	7.493885E+3
6.602559E+2	7.491093E+3
6.605089E+2	7.490688E+3
6.607618E+2	7.486623E+3
6.610148E+2	7.484847E+3
6.612677E+2	7.481202E+3
6.615206E+2	7.479710E+3
6.617736E+2	7.476415E+3
6.620265E+2	7.474060E+3
6.622794E+2	7.470814E+3
6.625323E+2	7.468923E+3
6.627851E+2	7.466147E+3
6.630380E+2	7.465169E+3
6.632909E+2	7.463306E+3
6.635437E+2	7.461776E+3
6.637966E+2	7.458612E+3
6.640494E+2	7.456678E+3
6.643023E+2	7.456486E+3
6.645551E+2	7.455328E+3
6.648079E+2	7.454355E+3
6.650607E+2	7.452038E+3
6.653135E+2	7.449765E+3
6.655663E+2	7.448453E+3
6.658191E+2	7.444650E+3
6.660718E+2	7.442470E+3
6.663246E+2	7.441749E+3
6.665774E+2	7.441710E+3
6.668301E+2	7.438661E+3
6.670828E+2	7.437694E+3
6.673356E+2	7.434945E+3
6.675883E+2	7.433240E+3
6.678410E+2	7.431678E+3
6.680937E+2	7.429514E+3
6.683464E+2	7.428705E+3
6.685991E+2	7.427279E+3
6.688518E+2	7.425464E+3
6.691044E+2	7.422678E+3
6.693571E+2	7.422683E+3
6.696098E+2	7.421628E+3
6.698624E+2	7.419514E+3
6.701150E+2	7.416923E+3
6.703677E+2	7.415339E+3
6.706203E+2	7.412606E+3
6.708729E+2	7.410546E+3
6.711255E+2	7.408634E+3
6.713781E+2	7.407896E+3
6.716307E+2	7.407623E+3
6.718832E+2	7.406568E+3
6.721358E+2	7.404459E+3
6.723884E+2	7.403377E+3
6.726409E+2	7.401563E+3
6.728935E+2	7.399475E+3
6.731460E+2	7.398617E+3
6.733985E+2	7.397333E+3
6.736510E+2	7.396432E+3
6.739035E+2	7.393869E+3
6.741560E+2	7.392131E+3
6.744085E+2	7.391044E+3
6.746610E+2	7.389606E+3
6.749135E+2	7.387262E+3
6.751660E+2	7.384716E+3
6.754184E+2	7.382716E+3
6.756709E+2	7.382016E+3
6.759233E+2	7.379218E+3
6.761757E+2	7.379306E+3
6.764282E+2	7.378180E+3
6.766806E+2	7.377869E+3
6.769330E+2	7.376229E+3
6.771854E+2	7.375459E+3
6.774378E+2	7.373574E+3
6.776901E+2	7.371885E+3
6.779425E+2	7.369754E+3
6.781949E+2	7.367918E+3
6.784472E+2	7.365891E+3
6.786996E+2	7.363475E+3
6.789519E+2	7.362055E+3
6.792042E+2	7.361082E+3
6.794566E+2	7.359262E+3
6.797089E+2	7.356672E+3
6.799612E+2	7.354623E+3
6.802135E+2	7.352519E+3
6.804657E+2	7.351710E+3
6.807180E+2	7.350514E+3
6.809703E+2	7.349781E+3
6.812226E+2	7.349541E+3
6.814748E+2	7.348208E+3
6.817270E+2	7.346645E+3
6.819793E+2	7.343306E+3
6.822315E+2	7.342448E+3
6.824837E+2	7.339951E+3
6.827359E+2	7.338120E+3
6.829881E+2	7.336415E+3
6.832403E+2	7.334792E+3
6.834925E+2	7.334716E+3
6.837447E+2	7.332218E+3
6.839968E+2	7.330710E+3
6.842490E+2	7.328787E+3
6.845011E+2	7.327262E+3
6.847533E+2	7.323601E+3
6.850054E+2	7.321290E+3
6.852575E+2	7.319912E+3
6.855097E+2	7.318667E+3
6.857618E+2	7.316022E+3
6.860139E+2	7.314497E+3
6.862659E+2	7.313770E+3
6.865180E+2	7.312601E+3
6.867701E+2	7.309246E+3
6.870222E+2	7.306164E+3
6.872742E+2	7.303579E+3
6.875263E+2	7.301530E+3
6.877783E+2	7.298929E+3
6.880303E+2	7.296153E+3
6.882823E+2	7.295503E+3
6.885343E+2	7.293339E+3
6.887864E+2	7.290295E+3
6.890383E+2	7.287218E+3
6.892903E+2	7.285683E+3
6.895423E+2	7.283650E+3
6.897943E+2	7.281803E+3
6.900462E+2	7.279453E+3
6.902982E+2	7.278967E+3
6.905501E+2	7.276628E+3
6.908021E+2	7.275688E+3
6.910540E+2	7.272628E+3
6.913059E+2	7.270481E+3
6.915578E+2	7.266497E+3
6.918097E+2	7.263372E+3
6.920616E+2	7.261410E+3
6.923135E+2	7.258300E+3
6.925654E+2	7.255688E+3
6.928172E+2	7.254333E+3
6.930691E+2	7.252022E+3
6.933209E+2	7.249984E+3
6.935728E+2	7.249235E+3
6.938246E+2	7.247022E+3
6.940764E+2	7.245038E+3
6.943282E+2	7.241268E+3
6.945800E+2	7.238508E+3
6.948318E+2	7.236503E+3
6.950836E+2	7.232716E+3
6.953354E+2	7.229743E+3
6.955872E+2	7.227535E+3
6.958389E+2	7.224869E+3
6.960907E+2	7.221311E+3
6.963424E+2	7.216404E+3
6.965942E+2	7.211984E+3
6.968459E+2	7.207535E+3
6.970976E+2	7.204623E+3
6.973493E+2	7.202503E+3
6.976010E+2	7.200000E+3
6.978527E+2	7.197087E+3
6.981044E+2	7.194049E+3
6.983561E+2	7.190497E+3
6.986077E+2	7.187503E+3
6.988594E+2	7.183240E+3
6.991110E+2	7.180836E+3
6.993627E+2	7.177885E+3
6.996143E+2	7.174973E+3
6.998659E+2	7.171437E+3
7.001175E+2	7.169076E+3
7.003692E+2	7.166339E+3
7.006207E+2	7.163093E+3
7.008723E+2	7.159180E+3
7.011239E+2	7.156382E+3
7.013755E+2	7.154836E+3
7.016271E+2	7.152585E+3
7.018786E+2	7.150956E+3
7.021302E+2	7.148809E+3
7.023817E+2	7.145798E+3
7.026332E+2	7.143126E+3
7.028847E+2	7.140350E+3
7.031362E+2	7.137639E+3
7.033878E+2	7.135541E+3
7.036392E+2	7.132366E+3
7.038907E+2	7.128563E+3
7.041422E+2	7.125065E+3
7.043937E+2	7.121896E+3
7.046451E+2	7.118601E+3
7.048966E+2	7.114628E+3
7.051480E+2	7.110481E+3
7.053995E+2	7.106781E+3
7.056509E+2	7.102552E+3
7.059023E+2	7.099612E+3
7.061537E+2	7.095535E+3
7.064051E+2	7.092153E+3
7.066565E+2	7.089770E+3
7.069079E+2	7.088213E+3
7.071593E+2	7.084902E+3
7.074106E+2	7.080262E+3
7.076620E+2	7.076754E+3
7.079133E+2	7.072011E+3
7.081647E+2	7.068235E+3
7.084160E+2	7.065137E+3
7.086673E+2	7.061699E+3
7.089186E+2	7.056716E+3
7.091699E+2	7.052907E+3
7.094212E+2	7.048650E+3
7.096725E+2	7.044076E+3
7.099238E+2	7.039902E+3
7.101751E+2	7.035142E+3
7.104263E+2	7.031880E+3
7.106776E+2	7.026437E+3
7.109288E+2	7.020492E+3
7.111800E+2	7.013738E+3
7.114313E+2	7.008109E+3
7.116825E+2	7.002869E+3
7.119337E+2	6.999158E+3
7.121849E+2	6.994688E+3
7.124361E+2	6.988661E+3
7.126873E+2	6.983153E+3
7.129384E+2	6.977049E+3
7.131896E+2	6.972311E+3
7.134408E+2	6.966366E+3
7.136919E+2	6.959656E+3
7.139430E+2	6.953169E+3
7.141942E+2	6.947792E+3
7.144453E+2	6.940978E+3
7.146964E+2	6.933486E+3
7.149475E+2	6.926836E+3
7.151986E+2	6.921333E+3
7.154497E+2	6.915022E+3
7.157008E+2	6.906098E+3
7.159518E+2	6.897929E+3
7.162029E+2	6.889792E+3
7.164540E+2	6.882393E+3
7.167050E+2	6.872213E+3
7.169560E+2	6.864710E+3
7.172071E+2	6.855503E+3
7.174581E+2	6.847382E+3
7.177091E+2	6.839596E+3
7.179601E+2	6.831525E+3
7.182111E+2	6.823240E+3
7.184621E+2	6.814530E+3
7.187130E+2	6.806503E+3
7.189640E+2	6.797716E+3
7.192150E+2	6.788852E+3
7.194659E+2	6.781044E+3
7.197169E+2	6.772284E+3
7.199678E+2	6.764814E+3
7.202187E+2	6.756907E+3
7.204696E+2	6.748732E+3
7.207205E+2	6.740366E+3
7.209714E+2	6.733038E+3
7.212223E+2	6.726426E+3
7.214732E+2	6.718781E+3
7.217241E+2	6.712535E+3
7.219749E+2	6.703836E+3
7.222258E+2	6.695115E+3
7.224766E+2	6.688082E+3
7.227274E+2	6.680552E+3
7.229783E+2	6.672738E+3
7.232291E+2	6.665191E+3
7.234799E+2	6.656984E+3
7.237307E+2	6.648743E+3
7.239815E+2	6.640082E+3
7.242323E+2	6.632546E+3
7.244830E+2	6.624552E+3
7.247338E+2	6.618049E+3
7.249846E+2	6.611951E+3
7.252353E+2	6.606410E+3
7.254861E+2	6.600546E+3
7.257368E+2	6.594098E+3
7.259875E+2	6.589989E+3
7.262382E+2	6.585852E+3
7.264889E+2	6.580508E+3
7.267396E+2	6.575432E+3
7.269903E+2	6.570202E+3
7.272410E+2	6.563628E+3
7.274917E+2	6.557497E+3
7.277423E+2	6.551246E+3
7.279930E+2	6.544563E+3
7.282436E+2	6.539393E+3
7.284942E+2	6.532410E+3
7.287449E+2	6.528514E+3
7.289955E+2	6.525814E+3
7.292461E+2	6.521098E+3
7.294967E+2	6.516377E+3
7.297473E+2	6.512809E+3
7.299979E+2	6.508596E+3
7.302484E+2	6.504437E+3
7.304990E+2	6.499508E+3
7.307496E+2	6.494126E+3
7.310001E+2	6.491328E+3
7.312507E+2	6.488426E+3
7.315012E+2	6.484749E+3
7.317517E+2	6.479579E+3
7.320022E+2	6.475989E+3
7.322527E+2	6.469912E+3
7.325032E+2	6.465585E+3
7.327537E+2	6.461798E+3
7.330042E+2	6.457071E+3
7.332547E+2	6.453257E+3
7.335051E+2	6.450519E+3
7.337556E+2	6.447962E+3
7.340060E+2	6.443852E+3
7.342564E+2	6.441153E+3
7.345069E+2	6.439333E+3
7.347573E+2	6.437481E+3
7.350077E+2	6.438060E+3
7.352581E+2	6.437153E+3
7.355085E+2	6.437836E+3
7.357589E+2	6.439585E+3
7.360092E+2	6.440519E+3
7.362596E+2	6.441749E+3
7.365100E+2	6.442989E+3
7.367603E+2	6.443060E+3
7.370106E+2	6.441186E+3
7.372610E+2	6.440366E+3
7.375113E+2	6.440087E+3
7.377616E+2	6.438453E+3
7.380119E+2	6.438503E+3
7.382622E+2	6.437645E+3
7.385125E+2	6.437557E+3
7.387628E+2	6.436639E+3
7.390130E+2	6.435809E+3
7.392633E+2	6.436393E+3
7.395135E+2	6.435421E+3
7.397638E+2	6.434667E+3
7.400140E+2	6.434317E+3
7.402642E+2	6.433934E+3
7.405144E+2	6.433279E+3
7.407647E+2	6.433229E+3
7.410149E+2	6.432989E+3
7.412650E+2	6.432197E+3
7.415152E+2	6.432503E+3
7.417654E+2	6.437240E+3
7.420156E+2	6.443749E+3
7.422657E+2	6.454235E+3
7.425159E+2	6.469350E+3
7.427660E+2	6.490065E+3
7.430161E+2	6.518197E+3
7.432662E+2	6.560464E+3
7.435164E+2	6.626492E+3
7.437665E+2	6.724410E+3
7.440165E+2	6.820273E+3
7.442666E+2	6.894934E+3
7.445167E+2	6.951098E+3
7.447668E+2	6.993393E+3
7.450168E+2	7.028885E+3
7.452669E+2	7.055339E+3
7.455169E+2	7.069934E+3
7.457669E+2	7.078541E+3
7.460170E+2	7.085623E+3
7.462670E+2	7.092754E+3
7.465170E+2	7.099683E+3
7.467670E+2	7.108841E+3
7.470170E+2	7.120410E+3
7.472670E+2	7.137229E+3
7.475169E+2	7.162601E+3
7.477669E+2	7.184306E+3
7.480168E+2	7.198246E+3
7.482668E+2	7.208798E+3
7.485167E+2	7.219284E+3
7.487666E+2	7.232541E+3
7.490166E+2	7.248645E+3
7.492665E+2	7.262448E+3
7.495164E+2	7.273650E+3
7.497663E+2	7.283732E+3
7.500161E+2	7.294235E+3
7.502660E+2	7.303852E+3
7.505159E+2	7.313322E+3
7.507657E+2	7.319841E+3
7.510156E+2	7.323820E+3
7.512654E+2	7.325814E+3
7.515152E+2	7.325858E+3
7.517651E+2	7.324257E+3
7.520149E+2	7.324372E+3
7.522647E+2	7.326437E+3
7.525145E+2	7.331279E+3
7.527643E+2	7.337907E+3
7.530140E+2	7.347142E+3
7.532638E+2	7.355770E+3
7.535136E+2	7.363803E+3
7.537633E+2	7.370038E+3
7.540131E+2	7.377044E+3
7.542628E+2	7.387240E+3
7.545125E+2	7.395535E+3
7.547622E+2	7.404448E+3
7.550119E+2	7.410093E+3
7.552616E+2	7.411459E+3
7.555113E+2	7.411978E+3
7.557610E+2	7.411300E+3
7.560107E+2	7.408934E+3
7.562603E+2	7.407645E+3
7.565100E+2	7.404978E+3
7.567596E+2	7.401601E+3
7.570093E+2	7.395563E+3
7.572589E+2	7.386044E+3
7.575085E+2	7.371962E+3
7.577581E+2	7.354344E+3
7.580077E+2	7.331076E+3
7.582573E+2	7.302776E+3
7.585069E+2	7.259579E+3
7.587565E+2	7.191071E+3
7.590060E+2	7.089962E+3
7.592556E+2	6.991055E+3
7.595051E+2	6.912470E+3
7.597547E+2	6.853672E+3
7.600042E+2	6.807907E+3
7.602537E+2	6.766443E+3
7.605032E+2	6.733628E+3
7.607527E+2	6.711344E+3
7.610022E+2	6.695350E+3
7.612517E+2	6.683251E+3
7.615012E+2	6.671650E+3
7.617507E+2	6.661727E+3
7.620001E+2	6.651678E+3
7.622496E+2	6.638350E+3
7.624990E+2	6.619497E+3
7.627485E+2	6.591044E+3
7.629979E+2	6.564585E+3
7.632473E+2	6.546574E+3
7.634967E+2	6.533994E+3
7.637461E+2	6.520104E+3
7.639955E+2	6.501869E+3
7.642449E+2	6.479530E+3
7.644942E+2	6.458257E+3
7.647436E+2	6.437831E+3
7.649930E+2	6.416574E+3
7.652423E+2	6.395437E+3
7.654916E+2	6.372535E+3
7.657410E+2	6.350902E+3
7.659903E+2	6.332612E+3
7.662396E+2	6.316087E+3
7.664889E+2	6.302535E+3
7.667382E+2	6.289415E+3
7.669875E+2	6.276732E+3
7.672367E+2	6.264617E+3
7.674860E+2	6.250869E+3
7.677353E+2	6.233765E+3
7.679845E+2	6.213929E+3
7.682337E+2	6.192721E+3
7.684830E+2	6.170934E+3
7.687322E+2	6.152656E+3
7.689814E+2	6.137519E+3
7.692306E+2	6.122120E+3
7.694798E+2	6.104344E+3
7.697290E+2	6.087350E+3
7.699782E+2	6.072978E+3
7.702273E+2	6.060339E+3
7.704765E+2	6.050809E+3
7.707256E+2	6.042186E+3
7.709748E+2	6.033792E+3
7.712239E+2	6.027421E+3
7.714730E+2	6.020153E+3
7.717222E+2	6.015273E+3
7.719713E+2	6.011137E+3
7.722204E+2	6.006749E+3
7.724694E+2	6.002934E+3
7.727185E+2	6.000377E+3
7.729676E+2	5.996049E+3
7.732167E+2	5.991869E+3
7.734657E+2	5.985229E+3
7.737147E+2	5.977519E+3
7.739638E+2	5.969973E+3
7.742128E+2	5.962410E+3
7.744618E+2	5.952060E+3
7.747108E+2	5.942049E+3
7.749598E+2	5.930579E+3
7.752088E+2	5.919060E+3
7.754578E+2	5.909404E+3
7.757068E+2	5.901765E+3
7.759557E+2	5.895841E+3
7.762047E+2	5.890120E+3
7.764536E+2	5.882672E+3
7.767026E+2	5.874109E+3
7.769515E+2	5.864158E+3
7.772004E+2	5.853093E+3
7.774493E+2	5.843180E+3
7.776982E+2	5.831912E+3
7.779471E+2	5.822639E+3
7.781960E+2	5.813847E+3
7.784449E+2	5.803426E+3
7.786938E+2	5.792738E+3
7.789426E+2	5.782596E+3
7.791915E+2	5.773158E+3
7.794403E+2	5.766579E+3
7.796891E+2	5.763191E+3
7.799380E+2	5.761443E+3
7.801868E+2	5.762098E+3
7.804356E+2	5.760475E+3
7.806844E+2	5.758623E+3
7.809332E+2	5.754792E+3
7.811819E+2	5.750541E+3
7.814307E+2	5.747300E+3
7.816795E+2	5.745005E+3
7.819282E+2	5.742683E+3
7.821770E+2	5.741240E+3
7.824257E+2	5.738317E+3
7.826744E+2	5.735328E+3
7.829231E+2	5.731940E+3
7.831718E+2	5.728098E+3
7.834205E+2	5.723197E+3
7.836692E+2	5.717443E+3
7.839179E+2	5.710628E+3
7.841666E+2	5.702585E+3
7.844152E+2	5.692809E+3
7.846639E+2	5.683678E+3
7.849125E+2	5.675186E+3
7.851612E+2	5.664071E+3
7.854098E+2	5.653093E+3
7.856584E+2	5.640880E+3
7.859070E+2	5.629366E+3
7.861556E+2	5.617300E+3
7.864042E+2	5.605322E+3
7.866528E+2	5.591557E+3
7.869014E+2	5.576393E+3
7.871499E+2	5.559202E+3
7.873985E+2	5.542902E+3
7.876470E+2	5.527197E+3
7.878956E+2	5.511087E+3
7.881441E+2	5.496470E+3
7.883926E+2	5.481978E+3
7.886411E+2	5.468393E+3
7.888896E+2	5.456530E+3
7.891381E+2	5.445705E+3
7.893866E+2	5.436672E+3
7.896351E+2	5.427749E+3
7.898835E+2	5.419525E+3
7.901320E+2	5.411814E+3
7.903804E+2	5.405137E+3
7.906289E+2	5.397787E+3
7.908773E+2	5.390847E+3
7.911257E+2	5.382820E+3
7.913742E+2	5.374869E+3
7.916226E+2	5.366634E+3
7.918709E+2	5.357076E+3
7.921193E+2	5.347257E+3
7.923677E+2	5.336213E+3
7.926161E+2	5.324798E+3
7.928644E+2	5.315546E+3
7.931128E+2	5.305000E+3
7.933611E+2	5.294606E+3
7.936095E+2	5.285087E+3
7.938578E+2	5.273825E+3
7.941061E+2	5.261508E+3
7.943544E+2	5.248377E+3
7.946027E+2	5.232738E+3
7.948510E+2	5.215514E+3
7.950993E+2	5.197699E+3
7.953475E+2	5.179328E+3
7.955958E+2	5.162481E+3
7.958440E+2	5.146109E+3
7.960923E+2	5.130831E+3
7.963405E+2	5.115016E+3
7.965887E+2	5.097355E+3
7.968370E+2	5.078956E+3
7.970852E+2	5.061814E+3
7.973334E+2	5.044705E+3
7.975816E+2	5.029705E+3
7.978297E+2	5.015951E+3
7.980779E+2	5.003634E+3
7.983261E+2	4.991535E+3
7.985742E+2	4.980246E+3
7.988224E+2	4.970115E+3
7.990705E+2	4.958809E+3
7.993186E+2	4.947470E+3
7.995668E+2	4.937672E+3
7.998149E+2	4.925989E+3
8.000630E+2	4.915361E+3
8.003111E+2	4.905525E+3
8.005591E+2	4.895120E+3
8.008072E+2	4.885727E+3
8.010553E+2	4.874699E+3
8.013033E+2	4.863743E+3
8.015514E+2	4.850847E+3
8.017994E+2	4.839421E+3
8.020474E+2	4.828109E+3
8.022955E+2	4.818147E+3
8.025435E+2	4.808164E+3
8.027915E+2	4.797617E+3
8.030395E+2	4.787945E+3
8.032874E+2	4.776262E+3
8.035354E+2	4.764268E+3
8.037834E+2	4.751240E+3
8.040313E+2	4.738147E+3
8.042793E+2	4.724694E+3
8.045272E+2	4.710579E+3
8.047752E+2	4.697055E+3
8.050231E+2	4.683858E+3
8.052710E+2	4.673098E+3
8.055189E+2	4.662645E+3
8.057668E+2	4.654131E+3
8.060147E+2	4.647497E+3
8.062625E+2	4.641902E+3
8.065104E+2	4.636410E+3
8.067583E+2	4.631027E+3
8.070061E+2	4.626710E+3
8.072540E+2	4.622126E+3
8.075018E+2	4.618831E+3
8.077496E+2	4.615863E+3
8.079974E+2	4.612005E+3
8.082452E+2	4.610590E+3
8.084930E+2	4.609142E+3
8.087408E+2	4.609153E+3
8.089886E+2	4.608180E+3
8.092364E+2	4.606934E+3
8.094841E+2	4.606186E+3
8.097319E+2	4.606098E+3
8.099796E+2	4.605678E+3
8.102273E+2	4.606038E+3
8.104751E+2	4.607994E+3
8.107228E+2	4.609967E+3
8.109705E+2	4.612820E+3
8.112182E+2	4.615180E+3
8.114659E+2	4.616672E+3
8.117135E+2	4.617612E+3
8.119612E+2	4.616841E+3
8.122089E+2	4.613393E+3
8.124565E+2	4.608716E+3
8.127042E+2	4.601623E+3
8.129518E+2	4.593743E+3
8.131994E+2	4.584432E+3
8.134470E+2	4.574131E+3
8.136946E+2	4.563852E+3
8.139422E+2	4.552759E+3
8.141898E+2	4.541382E+3
8.144374E+2	4.529820E+3
8.146850E+2	4.517716E+3
8.149325E+2	4.505787E+3
8.151801E+2	4.491967E+3
8.154276E+2	4.477962E+3
8.156752E+2	4.465306E+3
8.159227E+2	4.453814E+3
8.161702E+2	4.443951E+3
8.164177E+2	4.435481E+3
8.166652E+2	4.428104E+3
8.169127E+2	4.421896E+3
8.171602E+2	4.414197E+3
8.174077E+2	4.405464E+3
8.176551E+2	4.395814E+3
8.179026E+2	4.386552E+3
8.181500E+2	4.375497E+3
8.183975E+2	4.366060E+3
8.186449E+2	4.356246E+3
8.188923E+2	4.348033E+3
8.191397E+2	4.340191E+3
8.193871E+2	4.331978E+3
8.196345E+2	4.323000E+3
8.198819E+2	4.313820E+3
8.201293E+2	4.304137E+3
8.203766E+2	4.290650E+3
8.206240E+2	4.276727E+3
8.208713E+2	4.261180E+3
8.211187E+2	4.242147E+3
8.213660E+2	4.222290E+3
8.216133E+2	4.200962E+3
8.218606E+2	4.179617E+3
8.221079E+2	4.157678E+3
8.223552E+2	4.134973E+3
8.226025E+2	4.111311E+3
8.228498E+2	4.087749E+3
8.230970E+2	4.063328E+3
8.233443E+2	4.037262E+3
8.235915E+2	4.010623E+3
8.238388E+2	3.982918E+3
8.240860E+2	3.956481E+3
8.243332E+2	3.931044E+3
8.245804E+2	3.905317E+3
8.248276E+2	3.880082E+3
8.250748E+2	3.854984E+3
8.253220E+2	3.829082E+3
8.255692E+2	3.802382E+3
8.258163E+2	3.775295E+3
8.260635E+2	3.747836E+3
8.263106E+2	3.720208E+3
8.265578E+2	3.693355E+3
8.268049E+2	3.668606E+3
8.270520E+2	3.644716E+3
8.272991E+2	3.622104E+3
8.275462E+2	3.599836E+3
8.277933E+2	3.578049E+3
8.280404E+2	3.556459E+3
8.282875E+2	3.535940E+3
8.285345E+2	3.517443E+3
8.287816E+2	3.498388E+3
8.290287E+2	3.480087E+3
8.292757E+2	3.462284E+3
8.295227E+2	3.444005E+3
8.297697E+2	3.425699E+3
8.300168E+2	3.407705E+3
8.302638E+2	3.390180E+3
8.305107E+2	3.372563E+3
8.307577E+2	3.354514E+3
8.310047E+2	3.335399E+3
8.312517E+2	3.315623E+3
8.314986E+2	3.295377E+3
8.317456E+2	3.274142E+3
8.319925E+2	3.252754E+3
8.322394E+2	3.232208E+3
8.324864E+2	3.213251E+3
8.327333E+2	3.194907E+3
8.329802E+2	3.175246E+3
8.332271E+2	3.157787E+3
8.334740E+2	3.138738E+3
8.337208E+2	3.121120E+3
8.339677E+2	3.102142E+3
8.342146E+2	3.082743E+3
8.344614E+2	3.063678E+3
8.347082E+2	3.045874E+3
8.349551E+2	3.028798E+3
8.352019E+2	3.011388E+3
8.354487E+2	2.995639E+3
8.356955E+2	2.979585E+3
8.359423E+2	2.963432E+3
8.361891E+2	2.948918E+3
8.364359E+2	2.933858E+3
8.366826E+2	2.920218E+3
8.369294E+2	2.906519E+3
8.371761E+2	2.892874E+3
8.374229E+2	2.879836E+3
8.376696E+2	2.868470E+3
8.379163E+2	2.855951E+3
8.381630E+2	2.843628E+3
8.384097E+2	2.832279E+3
8.386564E+2	2.821656E+3
8.389031E+2	2.811022E+3
8.391498E+2	2.800437E+3
8.393965E+2	2.790322E+3
8.396431E+2	2.780273E+3
8.398898E+2	2.770596E+3
8.401364E+2	2.760508E+3
8.403830E+2	2.750273E+3
8.406297E+2	2.739590E+3
8.408763E+2	2.728814E+3
8.411229E+2	2.717814E+3
8.413695E+2	2.706672E+3
8.416161E+2	2.695847E+3
8.418626E+2	2.685005E+3
8.421092E+2	2.673869E+3
8.423558E+2	2.662705E+3
8.426023E+2	2.651885E+3
8.428489E+2	2.641727E+3
8.430954E+2	2.631661E+3
8.433419E+2	2.621470E+3
8.435884E+2	2.611224E+3
8.438349E+2	2.600448E+3
8.440814E+2	2.590208E+3
8.443279E+2	2.580142E+3
8.445744E+2	2.570470E+3
8.448208E+2	2.561060E+3
8.450673E+2	2.552377E+3
8.453138E+2	2.543902E+3
8.455602E+2	2.534880E+3
8.458066E+2	2.526393E+3
8.460530E+2	2.517350E+3
8.462995E+2	2.508967E+3
8.465459E+2	2.500317E+3
8.467923E+2	2.492667E+3
8.470386E+2	2.484732E+3
8.472850E+2	2.476984E+3
8.475314E+2	2.468393E+3
8.477777E+2	2.460060E+3
8.480241E+2	2.452284E+3
8.482704E+2	2.443650E+3
8.485168E+2	2.436011E+3
8.487631E+2	2.427667E+3
8.490094E+2	2.419814E+3
8.492557E+2	2.412218E+3
8.495020E+2	2.404667E+3
8.497483E+2	2.396934E+3
8.499946E+2	2.388841E+3
8.502408E+2	2.380863E+3
8.504871E+2	2.373044E+3
8.507333E+2	2.365251E+3
8.509796E+2	2.357224E+3
8.512258E+2	2.348820E+3
8.514720E+2	2.340262E+3
8.517182E+2	2.332027E+3
8.519644E+2	2.323541E+3
8.522106E+2	2.315180E+3
8.524568E+2	2.307929E+3
8.527030E+2	2.299339E+3
8.529492E+2	2.291847E+3
8.531953E+2	2.284907E+3
8.534415E+2	2.277492E+3
8.536876E+2	2.269989E+3
8.539337E+2	2.261841E+3
8.541799E+2	2.253678E+3
8.544260E+2	2.245514E+3
8.546721E+2	2.238317E+3
8.549182E+2	2.230087E+3
8.551643E+2	2.222240E+3
8.554103E+2	2.214912E+3
8.556564E+2	2.207912E+3
8.559024E+2	2.200492E+3
8.561485E+2	2.192787E+3
8.563945E+2	2.185940E+3
8.566406E+2	2.178639E+3
8.568866E+2	2.170841E+3
8.571326E+2	2.163738E+3
8.573786E+2	2.156218E+3
8.576246E+2	2.149251E+3
8.578706E+2	2.142688E+3
8.581166E+2	2.135836E+3
8.583625E+2	2.129290E+3
8.586085E+2	2.122699E+3
8.588544E+2	2.115912E+3
8.591004E+2	2.108841E+3
8.593463E+2	2.102372E+3
8.595922E+2	2.095574E+3
8.598381E+2	2.088514E+3
8.600840E+2	2.081235E+3
8.603299E+2	2.074688E+3
8.605758E+2	2.068497E+3
8.608217E+2	2.061142E+3
8.610675E+2	2.054902E+3
8.613134E+2	2.048372E+3
8.615592E+2	2.042038E+3
8.618051E+2	2.034688E+3
8.620509E+2	2.027317E+3
8.622967E+2	2.020284E+3
8.625425E+2	2.013541E+3
8.627883E+2	2.006295E+3
8.630341E+2	1.999246E+3
8.632799E+2	1.992279E+3
8.635257E+2	1.985131E+3
8.637715E+2	1.977574E+3
8.640172E+2	1.969973E+3
8.642630E+2	1.962240E+3
8.645087E+2	1.954361E+3
8.647544E+2	1.946191E+3
8.650001E+2	1.938541E+3
8.652459E+2	1.930634E+3
8.654916E+2	1.923268E+3
8.657372E+2	1.915721E+3
8.659829E+2	1.908727E+3
8.662286E+2	1.901694E+3
8.664743E+2	1.895175E+3
8.667199E+2	1.888426E+3
8.669656E+2	1.881727E+3
8.672112E+2	1.875574E+3
8.674568E+2	1.869011E+3
8.677024E+2	1.862350E+3
8.679481E+2	1.855344E+3
8.681937E+2	1.848721E+3
8.684392E+2	1.841590E+3
8.686848E+2	1.834525E+3
8.689304E+2	1.827863E+3
8.691760E+2	1.821262E+3
8.694215E+2	1.814557E+3
8.696671E+2	1.807087E+3
8.699126E+2	1.800475E+3
8.701581E+2	1.794246E+3
8.704036E+2	1.787678E+3
8.706491E+2	1.780754E+3
8.708946E+2	1.773606E+3
8.711401E+2	1.767218E+3
8.713856E+2	1.760792E+3
8.716311E+2	1.754634E+3
8.718766E+2	1.748519E+3
8.721220E+2	1.742486E+3
8.723674E+2	1.736552E+3
8.726129E+2	1.730366E+3
8.728583E+2	1.724131E+3
8.731037E+2	1.717749E+3
8.733491E+2	1.711459E+3
8.735945E+2	1.704481E+3
8.738399E+2	1.698661E+3
8.740853E+2	1.692858E+3
8.743307E+2	1.686787E+3
8.745760E+2	1.680606E+3
8.748214E+2	1.674863E+3
8.750667E+2	1.668749E+3
8.753121E+2	1.661519E+3
8.755574E+2	1.654519E+3
8.758027E+2	1.648590E+3
8.760480E+2	1.642945E+3
8.762933E+2	1.636508E+3
8.765386E+2	1.629989E+3
8.767839E+2	1.623880E+3
8.770291E+2	1.617825E+3
8.772744E+2	1.612497E+3
8.775196E+2	1.607038E+3
8.777649E+2	1.601186E+3
8.780101E+2	1.595284E+3
8.782553E+2	1.589841E+3
8.785006E+2	1.584514E+3
8.787458E+2	1.579197E+3
8.789910E+2	1.573880E+3
8.792361E+2	1.568973E+3
8.794813E+2	1.564055E+3
8.797265E+2	1.559464E+3
8.799717E+2	1.554399E+3
8.802168E+2	1.549710E+3
8.804619E+2	1.544404E+3
8.807071E+2	1.539284E+3
8.809522E+2	1.534153E+3
8.811973E+2	1.528372E+3
8.814424E+2	1.522787E+3
8.816875E+2	1.517880E+3
8.819326E+2	1.512738E+3
8.821777E+2	1.507568E+3
8.824227E+2	1.501896E+3
8.826678E+2	1.496809E+3
8.829128E+2	1.491770E+3
8.831579E+2	1.486322E+3
8.834029E+2	1.481508E+3
8.836479E+2	1.477049E+3
8.838929E+2	1.472426E+3
8.841379E+2	1.467765E+3
8.843829E+2	1.462847E+3
8.846279E+2	1.458934E+3
8.848729E+2	1.454486E+3
8.851179E+2	1.450372E+3
8.853628E+2	1.445432E+3
8.856078E+2	1.440814E+3
8.858527E+2	1.436317E+3
8.860976E+2	1.431798E+3
8.863425E+2	1.427033E+3
8.865875E+2	1.422044E+3
8.868324E+2	1.417011E+3
8.870772E+2	1.411710E+3
8.873221E+2	1.406776E+3
8.875670E+2	1.401967E+3
8.878119E+2	1.397257E+3
8.880567E+2	1.393164E+3
8.883016E+2	1.388459E+3
8.885464E+2	1.384279E+3
8.887912E+2	1.380000E+3
8.890360E+2	1.375617E+3
8.892809E+2	1.370912E+3
8.895257E+2	1.366459E+3
8.897704E+2	1.362060E+3
8.900152E+2	1.357224E+3
8.902600E+2	1.353257E+3
8.905048E+2	1.349481E+3
8.907495E+2	1.345011E+3
8.909943E+2	1.339984E+3
8.912390E+2	1.335120E+3
8.914837E+2	1.330137E+3
8.917284E+2	1.325759E+3
8.919731E+2	1.321612E+3
8.922178E+2	1.316617E+3
8.924625E+2	1.312131E+3
8.927072E+2	1.307918E+3
8.929519E+2	1.303852E+3
8.931965E+2	1.299126E+3
8.934412E+2	1.294858E+3
8.936858E+2	1.290699E+3
8.939305E+2	1.286284E+3
8.941751E+2	1.281841E+3
8.944197E+2	1.277218E+3
8.946643E+2	1.272525E+3
8.949089E+2	1.268290E+3
8.951535E+2	1.263617E+3
8.953981E+2	1.258912E+3
8.956426E+2	1.254814E+3
8.958872E+2	1.250235E+3
8.961317E+2	1.246169E+3
8.963763E+2	1.241951E+3
8.966208E+2	1.237175E+3
8.968653E+2	1.232798E+3
8.971098E+2	1.227984E+3
8.973543E+2	1.223667E+3
8.975988E+2	1.219393E+3
8.978433E+2	1.215093E+3
8.980878E+2	1.210667E+3
8.983323E+2	1.206115E+3
8.985767E+2	1.201251E+3
8.988212E+2	1.196667E+3
8.990656E+2	1.192311E+3
8.993100E+2	1.188273E+3
8.995545E+2	1.183874E+3
8.997989E+2	1.179169E+3
9.000433E+2	1.173902E+3
9.002877E+2	1.169005E+3
9.005320E+2	1.164273E+3
9.007764E+2	1.160049E+3
9.010208E+2	1.155650E+3
9.012651E+2	1.151038E+3
9.015095E+2	1.147038E+3
9.017538E+2	1.142754E+3
9.019981E+2	1.138464E+3
9.022425E+2	1.134596E+3
9.024868E+2	1.130683E+3
9.027311E+2	1.126164E+3
9.029754E+2	1.121585E+3
9.032196E+2	1.117339E+3
9.034639E+2	1.112923E+3
9.037082E+2	1.108186E+3
9.039524E+2	1.103617E+3
9.041967E+2	1.098628E+3
9.044409E+2	1.093902E+3
9.046851E+2	1.089459E+3
9.049293E+2	1.085770E+3
9.051736E+2	1.081229E+3
9.054177E+2	1.076688E+3
9.056619E+2	1.072093E+3
9.059061E+2	1.067770E+3
9.061503E+2	1.063596E+3
9.063944E+2	1.059754E+3
9.066386E+2	1.055027E+3
9.068827E+2	1.050650E+3
9.071269E+2	1.046688E+3
9.073710E+2	1.042038E+3
9.076151E+2	1.037716E+3
9.078592E+2	1.033306E+3
9.081033E+2	1.029049E+3
9.083474E+2	1.024743E+3
9.085915E+2	1.020202E+3
9.088355E+2	1.015923E+3
9.090796E+2	1.011268E+3
9.093236E+2	1.006858E+3
9.095677E+2	1.002361E+3
9.098117E+2	9.973879E+2
9.100557E+2	9.934261E+2
9.102997E+2	9.896393E+2
9.105437E+2	9.849890E+2
9.107877E+2	9.807540E+2
9.110317E+2	9.766775E+2
9.112757E+2	9.722677E+2
9.115197E+2	9.682404E+2
9.117636E+2	9.637977E+2
9.120076E+2	9.597376E+2
9.122515E+2	9.551037E+2
9.124954E+2	9.506283E+2
9.127393E+2	9.465682E+2
9.129832E+2	9.427158E+2
9.132271E+2	9.383387E+2
9.134710E+2	9.345409E+2
9.137149E+2	9.300655E+2
9.139588E+2	9.258742E+2
9.142026E+2	9.213551E+2
9.144465E+2	9.162349E+2
9.146903E+2	9.118360E+2
9.149342E+2	9.073169E+2
9.151780E+2	9.033169E+2
9.154218E+2	8.990819E+2
9.156656E+2	8.943387E+2
9.159094E+2	8.897704E+2
9.161532E+2	8.857813E+2
9.163970E+2	8.811693E+2
9.166408E+2	8.768141E+2
9.168845E+2	8.730600E+2
9.171283E+2	8.685081E+2
9.173720E+2	8.641311E+2
9.176157E+2	8.601092E+2
9.178595E+2	8.557322E+2
9.181032E+2	8.513114E+2
9.183469E+2	8.468852E+2
9.185906E+2	8.425901E+2
9.188343E+2	8.381966E+2
9.190779E+2	8.342567E+2
9.193216E+2	8.301966E+2
9.195653E+2	8.256283E+2
9.198089E+2	8.211037E+2
9.200525E+2	8.168688E+2
9.202962E+2	8.124808E+2
9.205398E+2	8.083059E+2
9.207834E+2	8.038578E+2
9.210270E+2	7.997813E+2
9.212706E+2	7.954535E+2
9.215142E+2	7.915518E+2
9.217577E+2	7.870873E+2
9.220013E+2	7.824043E+2
9.222449E+2	7.775409E+2
9.224884E+2	7.732240E+2
9.227319E+2	7.688524E+2
9.229755E+2	7.644480E+2
9.232190E+2	7.599617E+2
9.234625E+2	7.556994E+2
9.237060E+2	7.514152E+2
9.239495E+2	7.472786E+2
9.241930E+2	7.427376E+2
9.244364E+2	7.381147E+2
9.246799E+2	7.339835E+2
9.249233E+2	7.287813E+2
9.251668E+2	7.241475E+2
9.254102E+2	7.191584E+2
9.256536E+2	7.143223E+2
9.258971E+2	7.095628E+2
9.261405E+2	7.052130E+2
9.263839E+2	7.001966E+2
9.266272E+2	6.954261E+2
9.268706E+2	6.904207E+2
9.271140E+2	6.857868E+2
9.273573E+2	6.808524E+2
9.276007E+2	6.759835E+2
9.278440E+2	6.706666E+2
9.280874E+2	6.658087E+2
9.283307E+2	6.604480E+2
9.285740E+2	6.557923E+2
9.288173E+2	6.505955E+2
9.290606E+2	6.455354E+2
9.293039E+2	6.406720E+2
9.295471E+2	6.355846E+2
9.297904E+2	6.309890E+2
9.300337E+2	6.253278E+2
9.302769E+2	6.197322E+2
9.305201E+2	6.146720E+2
9.307634E+2	6.093169E+2
9.310066E+2	6.035190E+2
9.312498E+2	5.979835E+2
9.314930E+2	5.923551E+2
9.317362E+2	5.861584E+2
9.319794E+2	5.799398E+2
9.322225E+2	5.739999E+2
9.324657E+2	5.677649E+2
9.327088E+2	5.613551E+2
9.329520E+2	5.552130E+2
9.331951E+2	5.492404E+2
9.334382E+2	5.432076E+2
9.336814E+2	5.372677E+2
9.339245E+2	5.308797E+2
9.341676E+2	5.247322E+2
9.344106E+2	5.189617E+2
9.346537E+2	5.129125E+2
9.348968E+2	5.068742E+2
9.351398E+2	5.009890E+2
9.353829E+2	4.948742E+2
9.356259E+2	4.889999E+2
9.358690E+2	4.833824E+2
9.361120E+2	4.773934E+2
9.363550E+2	4.714152E+2
9.365980E+2	4.657267E+2
9.368410E+2	4.602185E+2
9.370840E+2	4.550436E+2
9.373269E+2	4.491912E+2
9.375699E+2	4.435245E+2
9.378129E+2	4.382513E+2
9.380558E+2	4.328469E+2
9.382987E+2	4.271748E+2
9.385417E+2	4.219835E+2
9.387846E+2	4.164917E+2
9.390275E+2	4.114972E+2
9.392704E+2	4.068524E+2
9.395133E+2	4.022404E+2
9.397562E+2	3.979070E+2
9.399990E+2	3.931475E+2
9.402419E+2	3.889562E+2
9.404847E+2	3.848360E+2
9.407276E+2	3.807103E+2
9.409704E+2	3.761147E+2
9.412132E+2	3.717322E+2
9.414560E+2	3.683606E+2
9.416988E+2	3.645737E+2
9.419416E+2	3.608578E+2
9.421844E+2	3.573005E+2
9.424272E+2	3.533606E+2
9.426700E+2	3.502076E+2
9.429127E+2	3.471857E+2
9.431555E+2	3.439835E+2
9.433982E+2	3.407103E+2
9.436409E+2	3.375628E+2
9.438837E+2	3.345081E+2
9.441264E+2	3.316611E+2
9.443691E+2	3.291311E+2
9.446118E+2	3.265518E+2
9.448544E+2	3.249234E+2
9.450971E+2	3.229070E+2
9.453398E+2	3.206994E+2
9.455824E+2	3.185573E+2
9.458251E+2	3.171256E+2
9.460677E+2	3.159016E+2
9.463103E+2	3.147267E+2
9.465530E+2	3.133879E+2
9.467956E+2	3.122130E+2
9.470382E+2	3.111201E+2
9.472807E+2	3.102130E+2
9.475233E+2	3.096119E+2
9.477659E+2	3.090819E+2
9.480084E+2	3.084589E+2
9.482510E+2	3.079289E+2
9.484935E+2	3.081584E+2
9.487361E+2	3.082950E+2
9.489786E+2	3.084863E+2
9.492211E+2	3.084425E+2
9.494636E+2	3.080546E+2
9.497061E+2	3.075792E+2
9.499486E+2	3.070764E+2
9.501911E+2	3.073059E+2
9.504335E+2	3.070054E+2
9.506760E+2	3.062076E+2
9.509184E+2	3.061857E+2
9.511609E+2	3.064972E+2
9.514033E+2	3.066229E+2
9.516457E+2	3.064152E+2
9.518881E+2	3.065190E+2
9.521305E+2	3.066994E+2
9.523729E+2	3.073879E+2
9.526153E+2	3.073988E+2
9.528576E+2	3.074152E+2
9.531000E+2	3.078141E+2
9.533424E+2	3.076447E+2
9.535847E+2	3.076666E+2
9.538270E+2	3.078742E+2
9.540694E+2	3.078961E+2
9.543117E+2	3.077868E+2
9.545540E+2	3.078524E+2
9.547963E+2	3.078196E+2
9.550386E+2	3.078032E+2
9.552808E+2	3.078196E+2
9.555231E+2	3.076174E+2
9.557654E+2	3.076939E+2
9.560076E+2	3.077158E+2
9.562498E+2	3.069125E+2
9.564921E+2	3.067048E+2
9.567343E+2	3.063442E+2
9.569765E+2	3.061748E+2
9.572187E+2	3.059398E+2
9.574609E+2	3.052622E+2
9.577031E+2	3.044425E+2
9.579452E+2	3.041092E+2
9.581874E+2	3.038196E+2
9.584296E+2	3.036557E+2
9.586717E+2	3.035026E+2
9.589138E+2	3.030163E+2
9.591560E+2	3.024535E+2
9.593981E+2	3.017649E+2
9.596402E+2	3.010491E+2
9.598823E+2	3.004972E+2
9.601244E+2	2.996666E+2
9.603664E+2	2.993114E+2
9.606085E+2	2.984808E+2
9.608506E+2	2.975573E+2
9.610926E+2	2.963824E+2
9.613347E+2	2.960983E+2
9.615767E+2	2.955518E+2
9.618187E+2	2.947485E+2
9.620607E+2	2.939562E+2
9.623027E+2	2.931201E+2
9.625447E+2	2.922567E+2
9.627867E+2	2.911912E+2
9.630287E+2	2.902130E+2
9.632706E+2	2.887048E+2
9.635126E+2	2.876119E+2
9.637545E+2	2.862130E+2
9.639965E+2	2.852130E+2
9.642384E+2	2.844808E+2
9.644803E+2	2.835026E+2
9.647222E+2	2.827103E+2
9.649641E+2	2.816065E+2
9.652060E+2	2.810054E+2
9.654479E+2	2.806174E+2
9.656897E+2	2.795682E+2
9.659316E+2	2.785081E+2
9.661734E+2	2.771475E+2
9.664153E+2	2.761147E+2
9.666571E+2	2.750327E+2
9.668989E+2	2.748087E+2
9.671408E+2	2.738305E+2
9.673826E+2	2.728742E+2
9.676243E+2	2.719507E+2
9.678661E+2	2.707431E+2
9.681079E+2	2.699234E+2
9.683497E+2	2.687595E+2
9.685914E+2	2.676393E+2
9.688332E+2	2.662950E+2
9.690749E+2	2.651857E+2
9.693166E+2	2.639398E+2
9.695583E+2	2.626720E+2
9.698001E+2	2.612786E+2
9.700417E+2	2.598414E+2
9.702834E+2	2.585409E+2
9.705251E+2	2.573169E+2
9.707668E+2	2.561529E+2
9.710084E+2	2.548414E+2
9.712501E+2	2.538251E+2
9.714917E+2	2.524972E+2
9.717334E+2	2.515464E+2
9.719750E+2	2.505409E+2
9.722166E+2	2.497540E+2
9.724582E+2	2.489398E+2
9.726998E+2	2.477759E+2
9.729414E+2	2.466283E+2
9.731830E+2	2.450928E+2
9.734245E+2	2.436338E+2
9.736661E+2	2.424043E+2
9.739076E+2	2.413551E+2
9.741492E+2	2.398797E+2
9.743907E+2	2.386393E+2
9.746322E+2	2.374207E+2
9.748737E+2	2.363934E+2
9.751152E+2	2.353114E+2
9.753567E+2	2.340928E+2
9.755982E+2	2.326775E+2
9.758396E+2	2.312841E+2
9.760811E+2	2.295901E+2
9.763226E+2	2.286611E+2
9.765640E+2	2.274098E+2
9.768054E+2	2.259179E+2
9.770468E+2	2.244207E+2
9.772883E+2	2.233988E+2
9.775297E+2	2.224972E+2
9.777711E+2	2.214917E+2
9.780124E+2	2.202076E+2
9.782538E+2	2.187923E+2
9.784952E+2	2.175245E+2
9.787365E+2	2.158633E+2
9.789779E+2	2.144316E+2
9.792192E+2	2.135300E+2
9.794605E+2	2.122513E+2
9.797019E+2	2.113879E+2
9.799432E+2	2.098524E+2
9.801845E+2	2.082895E+2
9.804257E+2	2.073442E+2
9.806670E+2	2.061475E+2
9.809083E+2	2.051092E+2
9.811496E+2	2.044152E+2
9.813908E+2	2.030108E+2
9.816320E+2	2.009453E+2
9.818733E+2	1.991201E+2
9.821145E+2	1.976338E+2
9.823557E+2	1.962130E+2
9.825969E+2	1.947977E+2
9.828381E+2	1.933879E+2
9.830793E+2	1.925792E+2
9.833205E+2	1.911639E+2
9.835616E+2	1.901092E+2
9.838028E+2	1.883934E+2
9.840439E+2	1.871966E+2
9.842851E+2	1.860436E+2
9.845262E+2	1.847212E+2
9.847673E+2	1.835792E+2
9.850084E+2	1.826010E+2
9.852495E+2	1.818141E+2
9.854906E+2	1.809453E+2
9.857317E+2	1.802130E+2
9.859727E+2	1.789343E+2
9.862138E+2	1.780600E+2
9.864549E+2	1.770272E+2
9.866959E+2	1.758633E+2
9.869369E+2	1.745737E+2
9.871779E+2	1.733824E+2
9.874190E+2	1.723278E+2
9.876600E+2	1.712349E+2
9.879010E+2	1.707376E+2
9.881419E+2	1.699179E+2
9.883829E+2	1.693005E+2
9.886239E+2	1.679562E+2
9.888648E+2	1.672240E+2
9.891058E+2	1.665737E+2
9.893467E+2	1.660710E+2
9.895876E+2	1.652567E+2
9.898285E+2	1.643114E+2
9.900695E+2	1.634098E+2
9.903104E+2	1.626229E+2
9.905512E+2	1.622513E+2
9.907921E+2	1.619671E+2
9.910330E+2	1.613770E+2
9.912738E+2	1.607103E+2
9.915147E+2	1.603606E+2
9.917555E+2	1.601912E+2
9.919964E+2	1.594699E+2
9.922372E+2	1.584480E+2
9.924780E+2	1.578087E+2
9.927188E+2	1.569562E+2
9.929596E+2	1.566557E+2
9.932004E+2	1.557813E+2
9.934411E+2	1.548633E+2
9.936819E+2	1.540163E+2
9.939227E+2	1.530436E+2
9.941634E+2	1.529398E+2
9.944041E+2	1.521201E+2
9.946449E+2	1.517267E+2
9.948856E+2	1.511748E+2
9.951263E+2	1.501693E+2
9.953670E+2	1.494261E+2
9.956077E+2	1.488797E+2
9.958483E+2	1.480655E+2
9.960890E+2	1.475136E+2
9.963297E+2	1.467649E+2
9.965703E+2	1.459398E+2
9.968109E+2	1.456010E+2
9.970516E+2	1.447595E+2
9.972922E+2	1.439453E+2
9.975328E+2	1.432076E+2
9.977734E+2	1.421420E+2
9.980140E+2	1.411475E+2
9.982546E+2	1.401256E+2
9.984951E+2	1.396229E+2
9.987357E+2	1.385354E+2
9.989763E+2	1.379070E+2
9.992168E+2	1.373824E+2
9.994573E+2	1.368961E+2
9.996978E+2	1.357759E+2
9.999384E+2	1.343332E+2
1.000179E+3	1.330108E+2
1.000419E+3	1.319835E+2
1.000660E+3	1.314316E+2
1.000900E+3	1.308524E+2
1.001141E+3	1.298961E+2
1.001381E+3	1.290546E+2
1.001622E+3	1.280983E+2
1.001862E+3	1.273442E+2
1.002103E+3	1.264644E+2
1.002343E+3	1.256447E+2
1.002583E+3	1.247322E+2
1.002824E+3	1.235573E+2
1.003064E+3	1.226720E+2
1.003305E+3	1.219890E+2
1.003545E+3	1.211092E+2
1.003785E+3	1.198961E+2
1.004026E+3	1.187322E+2
1.004266E+3	1.180600E+2
1.004506E+3	1.172240E+2
1.004747E+3	1.167322E+2
1.004987E+3	1.157759E+2
1.005227E+3	1.147376E+2
1.005468E+3	1.133223E+2
1.005708E+3	1.118852E+2
1.005948E+3	1.108196E+2
1.006188E+3	1.096775E+2
1.006429E+3	1.087540E+2
1.006669E+3	1.077759E+2
1.006909E+3	1.071365E+2
1.007149E+3	1.061037E+2
1.007390E+3	1.057322E+2
1.007630E+3	1.044644E+2
1.007870E+3	1.035628E+2
1.008110E+3	1.030272E+2
1.008350E+3	1.027376E+2
1.008590E+3	1.023442E+2
1.008831E+3	1.011201E+2
1.009071E+3	1.002076E+2
1.009311E+3	9.916931E+1
1.009551E+3	9.820210E+1
1.009791E+3	9.715839E+1
1.010031E+3	9.636057E+1
1.010271E+3	9.550265E+1
1.010511E+3	9.442615E+1
1.010752E+3	9.401631E+1
1.010992E+3	9.352451E+1
1.011232E+3	9.319117E+1
1.011472E+3	9.210374E+1
1.011712E+3	9.133871E+1
1.011952E+3	9.071576E+1
1.012192E+3	8.989609E+1
1.012432E+3	8.918571E+1
1.012672E+3	8.858462E+1
1.012912E+3	8.845893E+1
1.013152E+3	8.790702E+1
1.013392E+3	8.720757E+1
1.013632E+3	8.634418E+1
1.013872E+3	8.595074E+1
1.014112E+3	8.503817E+1
1.014352E+3	8.478134E+1
1.014591E+3	8.473762E+1
1.014831E+3	8.446440E+1
1.015071E+3	8.385784E+1
1.015311E+3	8.278680E+1
1.015551E+3	8.197259E+1
1.015791E+3	8.144800E+1
1.016031E+3	8.128953E+1
1.016271E+3	8.110921E+1
1.016511E+3	8.058462E+1
1.016750E+3	8.033325E+1
1.016990E+3	7.949172E+1
1.017230E+3	7.878680E+1
1.017470E+3	7.846986E+1
1.017710E+3	7.798899E+1
1.017949E+3	7.756276E+1
1.018189E+3	7.725675E+1
1.018429E+3	7.668844E+1
1.018669E+3	7.644800E+1
1.018908E+3	7.546440E+1
1.019148E+3	7.470483E+1
1.019388E+3	7.375948E+1
1.019628E+3	7.375948E+1
1.019867E+3	7.330593E+1
1.020107E+3	7.305456E+1
1.020347E+3	7.245893E+1
1.020586E+3	7.180866E+1
1.020826E+3	7.138789E+1
1.021066E+3	7.059554E+1
1.021305E+3	7.008735E+1
1.021545E+3	6.983598E+1
1.021785E+3	6.914746E+1
1.022024E+3	6.855183E+1
1.022264E+3	6.851358E+1
1.022504E+3	6.833325E+1
1.022743E+3	6.790702E+1
1.022983E+3	6.739336E+1
1.023222E+3	6.661740E+1
1.023462E+3	6.602177E+1
1.023702E+3	6.531139E+1
1.023941E+3	6.487423E+1
1.024181E+3	6.475948E+1
1.024420E+3	6.462287E+1
1.024660E+3	6.421303E+1
1.024899E+3	6.357369E+1
1.025139E+3	6.310921E+1
1.025378E+3	6.214199E+1
1.025618E+3	6.153544E+1
1.025857E+3	6.072123E+1
1.026097E+3	6.007095E+1
1.026336E+3	5.978680E+1
1.026575E+3	5.962287E+1
1.026815E+3	5.905456E+1
1.027054E+3	5.871030E+1
1.027294E+3	5.842068E+1
1.027533E+3	5.781959E+1
1.027773E+3	5.765019E+1
1.028012E+3	5.787423E+1
1.028251E+3	5.766658E+1
1.028491E+3	5.710921E+1
1.028730E+3	5.681959E+1
1.028969E+3	5.639882E+1
1.029209E+3	5.578134E+1
1.029448E+3	5.545347E+1
1.029687E+3	5.551904E+1
1.029927E+3	5.527314E+1
1.030166E+3	5.489063E+1
1.030405E+3	5.430046E+1
1.030645E+3	5.319664E+1
1.030884E+3	5.250811E+1
1.031123E+3	5.193981E+1
1.031362E+3	5.128407E+1
1.031602E+3	5.128407E+1
1.031841E+3	5.081959E+1
1.032080E+3	5.061740E+1
1.032319E+3	4.988516E+1
1.032558E+3	4.939882E+1
1.032798E+3	4.885237E+1
1.033037E+3	4.889063E+1
1.033276E+3	4.809828E+1
1.033515E+3	4.797259E+1
1.033754E+3	4.769391E+1
1.033993E+3	4.761194E+1
1.034233E+3	4.697806E+1
1.034472E+3	4.646440E+1
1.034711E+3	4.598352E+1
1.034950E+3	4.584691E+1
1.035189E+3	4.543161E+1
1.035428E+3	4.481412E+1
1.035667E+3	4.431139E+1
1.035906E+3	4.392888E+1
1.036145E+3	4.357915E+1
1.036384E+3	4.362287E+1
1.036623E+3	4.313653E+1
1.036862E+3	4.247533E+1
1.037101E+3	4.190702E+1
1.037340E+3	4.141522E+1
1.037579E+3	4.064472E+1
1.037818E+3	4.024035E+1
1.038057E+3	3.974855E+1
1.038296E+3	3.955729E+1
1.038535E+3	3.932778E+1
1.038774E+3	3.889063E+1
1.039013E+3	3.836604E+1
1.039252E+3	3.775948E+1
1.039491E+3	3.773762E+1
1.039730E+3	3.758462E+1
1.039969E+3	3.774309E+1
1.040208E+3	3.709281E+1
1.040447E+3	3.679773E+1
1.040685E+3	3.681959E+1
1.040924E+3	3.653544E+1
1.041163E+3	3.587970E+1
1.041402E+3	3.551358E+1
1.041641E+3	3.526768E+1
1.041880E+3	3.491248E+1
1.042118E+3	3.465019E+1
1.042357E+3	3.410921E+1
1.042596E+3	3.350811E+1
1.042835E+3	3.290156E+1
1.043074E+3	3.225128E+1
1.043312E+3	3.168844E+1
1.043551E+3	3.154636E+1
1.043790E+3	3.175948E+1
1.044029E+3	3.151904E+1
1.044267E+3	3.066658E+1
1.044506E+3	3.059554E+1
1.044745E+3	3.023489E+1
1.044983E+3	3.030593E+1
1.045222E+3	3.023489E+1
1.045461E+3	3.008735E+1
1.045699E+3	2.981959E+1
1.045938E+3	2.932778E+1
1.046177E+3	2.833325E+1
1.046415E+3	2.778680E+1
1.046654E+3	2.702177E+1
1.046893E+3	2.697806E+1
1.047131E+3	2.710374E+1
1.047370E+3	2.714199E+1
1.047608E+3	2.674309E+1
1.047847E+3	2.673762E+1
1.048086E+3	2.639336E+1
1.048324E+3	2.644800E+1
1.048563E+3	2.619664E+1
1.048801E+3	2.605456E+1
1.049040E+3	2.589609E+1
1.049278E+3	2.573216E+1
1.049517E+3	2.551904E+1
1.049755E+3	2.545347E+1
1.049994E+3	2.543161E+1
1.050232E+3	2.548625E+1
1.050471E+3	2.497259E+1
1.050709E+3	2.430046E+1
1.050948E+3	2.403270E+1
1.051186E+3	2.414199E+1
1.051424E+3	2.384691E+1
1.051663E+3	2.356822E+1
1.051901E+3	2.319117E+1
1.052140E+3	2.298899E+1
1.052378E+3	2.306549E+1
1.052616E+3	2.298352E+1
1.052855E+3	2.286330E+1
1.053093E+3	2.254636E+1
1.053332E+3	2.220757E+1
1.053570E+3	2.234964E+1
1.053808E+3	2.246986E+1
1.054047E+3	2.230593E+1
1.054285E+3	2.218571E+1
1.054523E+3	2.156276E+1
1.054761E+3	2.142068E+1
1.055000E+3	2.138243E+1
1.055238E+3	2.127314E+1
1.055476E+3	2.091795E+1
1.055715E+3	2.100538E+1
1.055953E+3	2.083052E+1
1.056191E+3	2.044800E+1
1.056429E+3	2.037150E+1
1.056667E+3	2.020757E+1
1.056906E+3	2.034964E+1
1.057144E+3	2.014746E+1
1.057382E+3	1.998899E+1
1.057620E+3	2.031686E+1
1.057858E+3	2.033325E+1
1.058097E+3	1.973762E+1
1.058335E+3	1.896166E+1
1.058573E+3	1.880866E+1
1.058811E+3	1.906549E+1
1.059049E+3	1.913106E+1
1.059287E+3	1.892341E+1
1.059525E+3	1.831139E+1
1.059763E+3	1.802177E+1
1.060001E+3	1.786330E+1
1.060239E+3	1.781959E+1
1.060478E+3	1.803270E+1
1.060716E+3	1.833325E+1
1.060954E+3	1.870483E+1
1.061192E+3	1.911467E+1
1.061430E+3	1.881412E+1
1.061668E+3	1.819117E+1
1.061906E+3	1.783052E+1
1.062144E+3	1.759008E+1
1.062382E+3	1.730046E+1
1.062620E+3	1.724035E+1
1.062858E+3	1.648079E+1
1.063096E+3	1.604363E+1
1.063333E+3	1.587423E+1
1.063571E+3	1.558462E+1
1.063809E+3	1.530046E+1
1.064047E+3	1.494527E+1
1.064285E+3	1.507642E+1
1.064523E+3	1.482505E+1
1.064761E+3	1.474855E+1
1.064999E+3	1.489063E+1
1.065237E+3	1.492341E+1
1.065474E+3	1.473216E+1
1.065712E+3	1.420210E+1
1.065950E+3	1.406549E+1
1.066188E+3	1.424582E+1
1.066426E+3	1.433871E+1
1.066664E+3	1.426221E+1
1.066901E+3	1.386877E+1
1.067139E+3	1.372123E+1
1.067377E+3	1.384145E+1
1.067615E+3	1.375948E+1
1.067852E+3	1.361194E+1
1.068090E+3	1.298899E+1
1.068328E+3	1.262833E+1
1.068566E+3	1.218571E+1
1.068803E+3	1.190702E+1
1.069041E+3	1.195620E+1
1.069279E+3	1.239882E+1
1.069516E+3	1.220210E+1
1.069754E+3	1.184691E+1
1.069992E+3	1.185784E+1
1.070229E+3	1.172123E+1
1.070467E+3	1.189063E+1
1.070705E+3	1.209281E+1
1.070942E+3	1.199992E+1
1.071180E+3	1.167205E+1
1.071418E+3	1.121303E+1
1.071655E+3	1.133325E+1
1.071893E+3	1.139336E+1
1.072130E+3	1.106549E+1
1.072368E+3	1.119664E+1
1.072605E+3	1.129500E+1
1.072843E+3	1.138789E+1
1.073081E+3	1.124582E+1
1.073318E+3	1.125675E+1
1.073556E+3	1.115292E+1
1.073793E+3	1.119117E+1
1.074031E+3	1.130593E+1
1.074268E+3	1.120210E+1
1.074506E+3	1.132778E+1
1.074743E+3	1.150811E+1
1.074981E+3	1.120210E+1
1.075218E+3	1.162287E+1
1.075455E+3	1.132232E+1
1.075693E+3	1.087970E+1
1.075930E+3	1.093434E+1
1.076168E+3	1.071030E+1
1.076405E+3	1.081412E+1
1.076642E+3	1.071576E+1
1.076880E+3	1.065019E+1
1.077117E+3	1.033325E+1
1.077355E+3	1.066112E+1
1.077592E+3	1.089063E+1
1.077829E+3	1.061194E+1
1.078067E+3	1.101631E+1
1.078304E+3	1.121850E+1
1.078541E+3	1.168298E+1
1.078779E+3	1.168844E+1
1.079016E+3	1.190156E+1
1.079253E+3	1.197259E+1
1.079490E+3	1.175401E+1
1.079728E+3	1.187970E+1
1.079965E+3	1.147533E+1
1.080202E+3	1.133325E+1
1.080439E+3	1.113653E+1
1.080677E+3	1.104910E+1
1.080914E+3	1.128953E+1
1.081151E+3	1.143161E+1
1.081388E+3	1.181412E+1
1.081625E+3	1.207095E+1
1.081863E+3	1.154636E+1
1.082100E+3	1.148625E+1
1.082337E+3	1.110921E+1
1.082574E+3	1.137150E+1
1.082811E+3	1.142615E+1
1.083048E+3	1.132778E+1
1.083285E+3	1.083052E+1
1.083522E+3	1.076494E+1
1.083760E+3	1.054090E+1
1.083997E+3	1.055183E+1
1.084234E+3	1.087970E+1
1.084471E+3	1.086330E+1
1.084708E+3	1.109281E+1
1.084945E+3	1.112013E+1
1.085182E+3	1.096166E+1
1.085419E+3	1.118571E+1
1.085656E+3	1.154090E+1
1.085893E+3	1.192888E+1
1.086130E+3	1.200538E+1
1.086367E+3	1.227314E+1
1.086604E+3	1.220210E+1
1.086841E+3	1.215292E+1
1.087078E+3	1.183598E+1
1.087315E+3	1.178134E+1
1.087552E+3	1.142615E+1
1.087789E+3	1.108735E+1
1.088026E+3	1.054636E+1
1.088262E+3	1.035511E+1
1.088499E+3	1.043161E+1
1.088736E+3	1.052997E+1
1.088973E+3	1.022942E+1
1.089210E+3	1.023489E+1
1.089447E+3	1.014199E+1
1.089684E+3	9.693905E+0
1.089921E+3	9.628331E+0
1.090157E+3	1.002724E+1
1.090394E+3	9.693905E+0
1.090631E+3	1.001631E+1
1.090868E+3	9.923413E+0
1.091105E+3	9.792266E+0
1.091341E+3	9.901555E+0
1.091578E+3	1.027314E+1
1.091815E+3	1.003817E+1
1.092052E+3	9.819588E+0
1.092288E+3	9.879697E+0
1.092525E+3	9.715763E+0
1.092762E+3	9.355107E+0
1.092999E+3	9.240353E+0
1.093235E+3	9.098277E+0
1.093472E+3	8.666583E+0
1.093709E+3	8.191173E+0
1.093945E+3	8.141992E+0
1.094182E+3	7.682976E+0
1.094419E+3	7.928878E+0
1.094655E+3	7.934342E+0
1.094892E+3	8.284069E+0
1.095128E+3	8.278604E+0
1.095365E+3	8.098277E+0
1.095602E+3	8.005380E+0
1.095838E+3	7.579151E+0
1.096075E+3	7.355107E+0
1.096311E+3	7.682976E+0
1.096548E+3	7.611938E+0
1.096784E+3	7.781337E+0
1.097021E+3	8.038167E+0
1.097258E+3	8.027238E+0
1.097494E+3	8.131063E+0
1.097731E+3	8.590080E+0
1.097967E+3	8.442539E+0
1.098204E+3	8.174779E+0
1.098440E+3	8.038167E+0
1.098677E+3	7.999916E+0
1.098913E+3	7.814124E+0
1.099149E+3	7.704834E+0
1.099386E+3	7.442539E+0
1.099622E+3	7.617402E+0
1.099859E+3	7.147457E+0
1.100095E+3	6.803195E+0
1.100332E+3	6.852375E+0
1.100568E+3	6.754014E+0
1.100804E+3	6.453468E+0
1.101041E+3	6.486255E+0
1.101277E+3	6.398823E+0
1.101513E+3	6.513577E+0
1.101750E+3	6.814124E+0
1.101986E+3	7.502648E+0
1.102222E+3	7.666583E+0
1.102459E+3	8.087348E+0
1.102695E+3	8.475326E+0
1.102931E+3	8.213031E+0
1.103168E+3	8.437074E+0
1.103404E+3	8.639260E+0
1.103640E+3	8.284069E+0
1.103876E+3	8.448003E+0
1.104113E+3	8.852375E+0
1.104349E+3	8.726692E+0
1.104585E+3	8.672047E+0
1.104821E+3	8.611938E+0
1.105057E+3	8.519042E+0
1.105294E+3	8.442539E+0
1.105530E+3	8.486255E+0
1.105766E+3	8.546364E+0
1.106002E+3	8.223960E+0
1.106238E+3	8.376965E+0
1.106474E+3	8.797730E+0
1.106711E+3	8.988987E+0
1.106947E+3	8.655654E+0
1.107183E+3	8.480790E+0
1.107419E+3	8.021774E+0
1.107655E+3	7.786801E+0
1.107891E+3	8.092812E+0
1.108127E+3	7.251282E+0
1.108363E+3	1.125128E+1
1.108599E+3	-7.487179E-1
1.108835E+3	2.891795E+1
1.109071E+3	3.291795E+1
1.109307E+3	1.391795E+1
1.109543E+3	1.925128E+1
1.109779E+3	2.258462E+1
1.110015E+3	2.512821E-1
1.110251E+3	1.225128E+1
1.110487E+3	1.491795E+1
1.110723E+3	2.584615E+0
1.110959E+3	9.584615E+0
1.111195E+3	3.325128E+1
1.111431E+3	-1.082051E+0
1.111667E+3	1.558462E+1
1.111903E+3	-1.208205E+1
1.112139E+3	-1.748718E+0
1.112375E+3	3.251282E+0
1.112611E+3	1.584615E+0
1.112847E+3	1.758462E+1
1.113082E+3	-4.082051E+0
1.113318E+3	9.251282E+0
1.113554E+3	2.558462E+1
1.113790E+3	1.525128E+1
1.114026E+3	-6.415385E+0
1.114262E+3	-1.374872E+1
1.114497E+3	-6.082051E+0
1.114733E+3	1.584615E+0
1.114969E+3	7.251282E+0
