1.951292E+2	0.000000E+0
1.953960E+2	0.000000E+0
1.956629E+2	0.000000E+0
1.959298E+2	0.000000E+0
1.961966E+2	0.000000E+0
1.964635E+2	0.000000E+0
1.967303E+2	0.000000E+0
1.969972E+2	0.000000E+0
1.972640E+2	0.000000E+0
1.975308E+2	0.000000E+0
1.977977E+2	0.000000E+0
1.980645E+2	0.000000E+0
1.983313E+2	0.000000E+0
1.985981E+2	0.000000E+0
1.988649E+2	0.000000E+0
1.991316E+2	0.000000E+0
1.993984E+2	0.000000E+0
1.996652E+2	0.000000E+0
1.999320E+2	0.000000E+0
2.001987E+2	0.000000E+0
2.004655E+2	0.000000E+0
2.007322E+2	0.000000E+0
2.009989E+2	0.000000E+0
2.012657E+2	0.000000E+0
2.015324E+2	0.000000E+0
2.017991E+2	0.000000E+0
2.020658E+2	0.000000E+0
2.023325E+2	0.000000E+0
2.025992E+2	0.000000E+0
2.028659E+2	0.000000E+0
2.031326E+2	0.000000E+0
2.033992E+2	0.000000E+0
2.036659E+2	0.000000E+0
2.039325E+2	0.000000E+0
2.041992E+2	0.000000E+0
2.044658E+2	0.000000E+0
2.047325E+2	0.000000E+0
2.049991E+2	0.000000E+0
2.052657E+2	0.000000E+0
2.055323E+2	0.000000E+0
2.057989E+2	0.000000E+0
2.060655E+2	0.000000E+0
2.063321E+2	0.000000E+0
2.065987E+2	0.000000E+0
2.068653E+2	0.000000E+0
2.071319E+2	0.000000E+0
2.073984E+2	0.000000E+0
2.076650E+2	0.000000E+0
2.079315E+2	0.000000E+0
2.081981E+2	0.000000E+0
2.084646E+2	0.000000E+0
2.087311E+2	0.000000E+0
2.089977E+2	0.000000E+0
2.092642E+2	0.000000E+0
2.095307E+2	0.000000E+0
2.097972E+2	0.000000E+0
2.100637E+2	0.000000E+0
2.103302E+2	0.000000E+0
2.105966E+2	0.000000E+0
2.108631E+2	0.000000E+0
2.111296E+2	0.000000E+0
2.113960E+2	0.000000E+0
2.116625E+2	0.000000E+0
2.119289E+2	0.000000E+0
2.121954E+2	0.000000E+0
2.124618E+2	0.000000E+0
2.127282E+2	0.000000E+0
2.129946E+2	0.000000E+0
2.132610E+2	0.000000E+0
2.135274E+2	0.000000E+0
2.137938E+2	0.000000E+0
2.140602E+2	0.000000E+0
2.143266E+2	0.000000E+0
2.145930E+2	0.000000E+0
2.148593E+2	0.000000E+0
2.151257E+2	0.000000E+0
2.153920E+2	0.000000E+0
2.156584E+2	0.000000E+0
2.159247E+2	0.000000E+0
2.161910E+2	0.000000E+0
2.164574E+2	0.000000E+0
2.167237E+2	0.000000E+0
2.169900E+2	0.000000E+0
2.172563E+2	0.000000E+0
2.175226E+2	0.000000E+0
2.177889E+2	0.000000E+0
2.180551E+2	0.000000E+0
2.183214E+2	0.000000E+0
2.185877E+2	0.000000E+0
2.188539E+2	0.000000E+0
2.191202E+2	0.000000E+0
2.193864E+2	0.000000E+0
2.196527E+2	0.000000E+0
2.199189E+2	0.000000E+0
2.201851E+2	0.000000E+0
2.204513E+2	0.000000E+0
2.207175E+2	0.000000E+0
2.209837E+2	0.000000E+0
2.212499E+2	0.000000E+0
2.215161E+2	0.000000E+0
2.217823E+2	0.000000E+0
2.220485E+2	0.000000E+0
2.223146E+2	0.000000E+0
2.225808E+2	0.000000E+0
2.228469E+2	0.000000E+0
2.231131E+2	0.000000E+0
2.233792E+2	0.000000E+0
2.236453E+2	0.000000E+0
2.239115E+2	0.000000E+0
2.241776E+2	0.000000E+0
2.244437E+2	0.000000E+0
2.247098E+2	0.000000E+0
2.249759E+2	0.000000E+0
2.252420E+2	0.000000E+0
2.255080E+2	0.000000E+0
2.257741E+2	0.000000E+0
2.260402E+2	0.000000E+0
2.263062E+2	0.000000E+0
2.265723E+2	0.000000E+0
2.268383E+2	0.000000E+0
2.271044E+2	0.000000E+0
2.273704E+2	0.000000E+0
2.276364E+2	0.000000E+0
2.279024E+2	0.000000E+0
2.281684E+2	0.000000E+0
2.284344E+2	0.000000E+0
2.287004E+2	0.000000E+0
2.289664E+2	0.000000E+0
2.292324E+2	0.000000E+0
2.294984E+2	0.000000E+0
2.297643E+2	0.000000E+0
2.300303E+2	0.000000E+0
2.302962E+2	0.000000E+0
2.305622E+2	0.000000E+0
2.308281E+2	0.000000E+0
2.310940E+2	0.000000E+0
2.313599E+2	0.000000E+0
2.316259E+2	0.000000E+0
2.318918E+2	0.000000E+0
2.321577E+2	0.000000E+0
2.324236E+2	0.000000E+0
2.326894E+2	0.000000E+0
2.329553E+2	0.000000E+0
2.332212E+2	0.000000E+0
2.334871E+2	0.000000E+0
2.337529E+2	0.000000E+0
2.340188E+2	0.000000E+0
2.342846E+2	0.000000E+0
2.345504E+2	0.000000E+0
2.348163E+2	0.000000E+0
2.350821E+2	0.000000E+0
2.353479E+2	0.000000E+0
2.356137E+2	0.000000E+0
2.358795E+2	0.000000E+0
2.361453E+2	0.000000E+0
2.364111E+2	0.000000E+0
2.366769E+2	0.000000E+0
2.369426E+2	0.000000E+0
2.372084E+2	0.000000E+0
2.374741E+2	0.000000E+0
2.377399E+2	0.000000E+0
2.380056E+2	0.000000E+0
2.382714E+2	0.000000E+0
2.385371E+2	0.000000E+0
2.388028E+2	0.000000E+0
2.390685E+2	0.000000E+0
2.393342E+2	0.000000E+0
2.395999E+2	0.000000E+0
2.398656E+2	0.000000E+0
2.401313E+2	0.000000E+0
2.403970E+2	0.000000E+0
2.406626E+2	0.000000E+0
2.409283E+2	0.000000E+0
2.411940E+2	0.000000E+0
2.414596E+2	0.000000E+0
2.417252E+2	0.000000E+0
2.419909E+2	0.000000E+0
2.422565E+2	0.000000E+0
2.425221E+2	0.000000E+0
2.427877E+2	0.000000E+0
2.430533E+2	0.000000E+0
2.433189E+2	0.000000E+0
2.435845E+2	0.000000E+0
2.438501E+2	0.000000E+0
2.441157E+2	0.000000E+0
2.443812E+2	0.000000E+0
2.446468E+2	0.000000E+0
2.449124E+2	0.000000E+0
2.451779E+2	0.000000E+0
2.454434E+2	0.000000E+0
2.457090E+2	0.000000E+0
2.459745E+2	0.000000E+0
2.462400E+2	0.000000E+0
2.465055E+2	0.000000E+0
2.467710E+2	0.000000E+0
2.470365E+2	0.000000E+0
2.473020E+2	0.000000E+0
2.475675E+2	0.000000E+0
2.478330E+2	0.000000E+0
2.480984E+2	0.000000E+0
2.483639E+2	0.000000E+0
2.486294E+2	0.000000E+0
2.488948E+2	0.000000E+0
2.491602E+2	0.000000E+0
2.494257E+2	0.000000E+0
2.496911E+2	0.000000E+0
2.499565E+2	0.000000E+0
2.502219E+2	6.289113E+0
2.504873E+2	6.474905E+0
2.507527E+2	6.655233E+0
2.510181E+2	6.846490E+0
2.512835E+2	6.873813E+0
2.515489E+2	7.026818E+0
2.518142E+2	6.895670E+0
2.520796E+2	7.212610E+0
2.523449E+2	7.524086E+0
2.526103E+2	7.573266E+0
2.528756E+2	7.688020E+0
2.531409E+2	7.540479E+0
2.534063E+2	7.671627E+0
2.536716E+2	8.212610E+0
2.539369E+2	8.513157E+0
2.542022E+2	8.966709E+0
2.544675E+2	8.813703E+0
2.547328E+2	9.294578E+0
2.549980E+2	9.589660E+0
2.552633E+2	9.901135E+0
2.555286E+2	9.912064E+0
2.557938E+2	1.017982E+1
2.560591E+2	1.092846E+1
2.563243E+2	1.101042E+1
2.565896E+2	1.125086E+1
2.568548E+2	1.150223E+1
2.571200E+2	1.170441E+1
2.573852E+2	1.195032E+1
2.576504E+2	1.208146E+1
2.579156E+2	1.238201E+1
2.581808E+2	1.260059E+1
2.584460E+2	1.251862E+1
2.587112E+2	1.254594E+1
2.589763E+2	1.250223E+1
2.592415E+2	1.245851E+1
2.595067E+2	1.270988E+1
2.597718E+2	1.286835E+1
2.600369E+2	1.294485E+1
2.603021E+2	1.269895E+1
2.605672E+2	1.277545E+1
2.608323E+2	1.272627E+1
2.610974E+2	1.266616E+1
2.613625E+2	1.251862E+1
2.616276E+2	1.263884E+1
2.618927E+2	1.255141E+1
2.621578E+2	1.241480E+1
2.624229E+2	1.239294E+1
2.626880E+2	1.279185E+1
2.629530E+2	1.306507E+1
2.632181E+2	1.292299E+1
2.634831E+2	1.278638E+1
2.637482E+2	1.279731E+1
2.640132E+2	1.299950E+1
2.642782E+2	1.303775E+1
2.645432E+2	1.285742E+1
2.648082E+2	1.287928E+1
2.650732E+2	1.265523E+1
2.653382E+2	1.265523E+1
2.656032E+2	1.260059E+1
2.658682E+2	1.245305E+1
2.661332E+2	1.252409E+1
2.663981E+2	1.223447E+1
2.666631E+2	1.201042E+1
2.669281E+2	1.174813E+1
2.671930E+2	1.148583E+1
2.674579E+2	1.121807E+1
2.677229E+2	1.120168E+1
2.679878E+2	1.138201E+1
2.682527E+2	1.111425E+1
2.685176E+2	1.044758E+1
2.687825E+2	1.020168E+1
2.690474E+2	1.004868E+1
2.693123E+2	9.961244E+0
2.695772E+2	9.830097E+0
2.698420E+2	9.349222E+0
2.701069E+2	9.032282E+0
2.703718E+2	8.972173E+0
2.706366E+2	9.021354E+0
2.709014E+2	8.688020E+0
2.711663E+2	8.305507E+0
2.714311E+2	7.961244E+0
2.716959E+2	7.753594E+0
2.719607E+2	7.447583E+0
2.722255E+2	6.830097E+0
2.724903E+2	6.638840E+0
2.727551E+2	6.343758E+0
2.730199E+2	6.179823E+0
2.732847E+2	6.196217E+0
2.735495E+2	5.901135E+0
2.738142E+2	5.688020E+0
2.740790E+2	5.633375E+0
2.743437E+2	5.474905E+0
2.746085E+2	5.595124E+0
2.748732E+2	5.627911E+0
2.751379E+2	5.365616E+0
2.754026E+2	5.409332E+0
2.756674E+2	5.185288E+0
2.759321E+2	5.157966E+0
2.761968E+2	4.961244E+0
2.764614E+2	5.070534E+0
2.767261E+2	5.114250E+0
2.769908E+2	5.086927E+0
2.772555E+2	5.021354E+0
2.775201E+2	5.119714E+0
2.777848E+2	5.059605E+0
2.780494E+2	5.103321E+0
2.783141E+2	5.376545E+0
2.785787E+2	5.469441E+0
2.788433E+2	5.234468E+0
2.791079E+2	4.961244E+0
2.793725E+2	4.933922E+0
2.796371E+2	4.955780E+0
2.799017E+2	4.742665E+0
2.801663E+2	4.278184E+0
2.804309E+2	4.168894E+0
2.806955E+2	4.130643E+0
2.809600E+2	3.994031E+0
2.812246E+2	4.349222E+0
2.814891E+2	4.431190E+0
2.817537E+2	4.453047E+0
2.820182E+2	4.682556E+0
2.822827E+2	4.769987E+0
2.825473E+2	5.026818E+0
2.828118E+2	5.004960E+0
2.830763E+2	4.890206E+0
2.833408E+2	4.769987E+0
2.836053E+2	4.906599E+0
2.838697E+2	4.731736E+0
2.841342E+2	4.545944E+0
2.843987E+2	4.409332E+0
2.846632E+2	4.742665E+0
2.849276E+2	4.884741E+0
2.851921E+2	4.819168E+0
2.854565E+2	4.797310E+0
2.857209E+2	4.775452E+0
2.859853E+2	4.819168E+0
2.862498E+2	4.715343E+0
2.865142E+2	4.584195E+0
2.867786E+2	4.392938E+0
2.870430E+2	4.168894E+0
2.873074E+2	3.917528E+0
2.875717E+2	3.786381E+0
2.878361E+2	3.786381E+0
2.881005E+2	3.830097E+0
2.883648E+2	4.032282E+0
2.886292E+2	4.010425E+0
2.888935E+2	4.371080E+0
2.891579E+2	4.518621E+0
2.894222E+2	4.453047E+0
2.896865E+2	4.627911E+0
2.899508E+2	4.748129E+0
2.902151E+2	4.682556E+0
2.904794E+2	4.671627E+0
2.907437E+2	4.693485E+0
2.910080E+2	4.595124E+0
2.912723E+2	5.136108E+0
2.915366E+2	5.458512E+0
2.918008E+2	5.655233E+0
2.920651E+2	5.595124E+0
2.923293E+2	5.556873E+0
2.925936E+2	5.349222E+0
2.928578E+2	5.207146E+0
2.931220E+2	5.130643E+0
2.933863E+2	5.108785E+0
2.936505E+2	5.097856E+0
2.939147E+2	5.212610E+0
2.941789E+2	5.185288E+0
2.944431E+2	4.939386E+0
2.947072E+2	4.912064E+0
2.949714E+2	4.933922E+0
2.952356E+2	4.928457E+0
2.954997E+2	5.234468E+0
2.957639E+2	5.147037E+0
2.960280E+2	5.300042E+0
2.962922E+2	5.562337E+0
2.965563E+2	5.474905E+0
2.968204E+2	5.229004E+0
2.970845E+2	5.185288E+0
2.973486E+2	4.966709E+0
2.976127E+2	4.950315E+0
2.978768E+2	4.944851E+0
2.981409E+2	4.868348E+0
2.984050E+2	4.737201E+0
2.986691E+2	4.748129E+0
2.989331E+2	4.742665E+0
2.991972E+2	5.065069E+0
2.994612E+2	5.300042E+0
2.997253E+2	5.360151E+0
2.999893E+2	5.644304E+0
3.002534E+2	5.780916E+0
3.005174E+2	5.698949E+0
3.007814E+2	5.616982E+0
3.010454E+2	5.753594E+0
3.013094E+2	5.775452E+0
3.015734E+2	5.873813E+0
3.018374E+2	5.988567E+0
3.021013E+2	6.086927E+0
3.023653E+2	6.136108E+0
3.026293E+2	6.043211E+0
3.028932E+2	6.294578E+0
3.031572E+2	6.371080E+0
3.034211E+2	6.638840E+0
3.036850E+2	6.830097E+0
3.039489E+2	6.966709E+0
3.042129E+2	7.037747E+0
3.044768E+2	7.004960E+0
3.047407E+2	7.010425E+0
3.050046E+2	6.873813E+0
3.052685E+2	6.917528E+0
3.055323E+2	6.912064E+0
3.057962E+2	6.633375E+0
3.060601E+2	6.616982E+0
3.063239E+2	6.589660E+0
3.065878E+2	6.748129E+0
3.068516E+2	6.862884E+0
3.071155E+2	6.912064E+0
3.073793E+2	6.671627E+0
3.076431E+2	6.294578E+0
3.079069E+2	6.239933E+0
3.081707E+2	6.343758E+0
3.084345E+2	6.649769E+0
3.086983E+2	6.972173E+0
3.089621E+2	6.912064E+0
3.092259E+2	6.873813E+0
3.094896E+2	7.152501E+0
3.097534E+2	7.207146E+0
3.100171E+2	7.250862E+0
3.102809E+2	7.081463E+0
3.105446E+2	7.212610E+0
3.108084E+2	7.343758E+0
3.110721E+2	7.491299E+0
3.113358E+2	7.890206E+0
3.115995E+2	7.922993E+0
3.118632E+2	7.972173E+0
3.121269E+2	8.086927E+0
3.123906E+2	7.966709E+0
3.126543E+2	8.152501E+0
3.129179E+2	8.130643E+0
3.131816E+2	8.130643E+0
3.134453E+2	7.999496E+0
3.137089E+2	7.950315E+0
3.139725E+2	7.802774E+0
3.142362E+2	7.660698E+0
3.144998E+2	7.627911E+0
3.147634E+2	7.409332E+0
3.150270E+2	7.611517E+0
3.152906E+2	7.715343E+0
3.155542E+2	7.780916E+0
3.158178E+2	7.660698E+0
3.160814E+2	7.321900E+0
3.163450E+2	7.207146E+0
3.166086E+2	7.447583E+0
3.168721E+2	7.556873E+0
3.171357E+2	7.431190E+0
3.173992E+2	7.551408E+0
3.176627E+2	7.436654E+0
3.179263E+2	7.283649E+0
3.181898E+2	7.147037E+0
3.184533E+2	7.048676E+0
3.187168E+2	7.207146E+0
3.189803E+2	7.119714E+0
3.192438E+2	7.097856E+0
3.195073E+2	7.054140E+0
3.197708E+2	7.278184E+0
3.200342E+2	7.130643E+0
3.202977E+2	7.250862E+0
3.205612E+2	7.157966E+0
3.208246E+2	7.261791E+0
3.210881E+2	7.305507E+0
3.213515E+2	7.245397E+0
3.216149E+2	7.250862E+0
3.218783E+2	7.294578E+0
3.221417E+2	7.261791E+0
3.224051E+2	7.316435E+0
3.226685E+2	7.086927E+0
3.229319E+2	6.802774E+0
3.231953E+2	6.688020E+0
3.234587E+2	6.442119E+0
3.237221E+2	6.321900E+0
3.239854E+2	6.327364E+0
3.242488E+2	6.218075E+0
3.245121E+2	5.994031E+0
3.247754E+2	5.742665E+0
3.250388E+2	5.813703E+0
3.253021E+2	6.015889E+0
3.255654E+2	5.846490E+0
3.258287E+2	5.857419E+0
3.260920E+2	5.835561E+0
3.263553E+2	5.972173E+0
3.266186E+2	5.890206E+0
3.268819E+2	6.004960E+0
3.271451E+2	5.961244E+0
3.274084E+2	5.720807E+0
3.276717E+2	5.638840E+0
3.279349E+2	5.922993E+0
3.281981E+2	5.802774E+0
3.284614E+2	5.813703E+0
3.287246E+2	5.682556E+0
3.289878E+2	5.999496E+0
3.292510E+2	6.152501E+0
3.295142E+2	6.360151E+0
3.297774E+2	6.463976E+0
3.300406E+2	6.611517E+0
3.303038E+2	6.759058E+0
3.305670E+2	6.797310E+0
3.308301E+2	6.917528E+0
3.310933E+2	6.808239E+0
3.313564E+2	6.502228E+0
3.316196E+2	6.403867E+0
3.318827E+2	6.382009E+0
3.321458E+2	6.349222E+0
3.324089E+2	6.638840E+0
3.326721E+2	6.649769E+0
3.329352E+2	6.644304E+0
3.331983E+2	6.535015E+0
3.334614E+2	6.584195E+0
3.337244E+2	6.693485E+0
3.339875E+2	6.709878E+0
3.342506E+2	6.851955E+0
3.345136E+2	7.300042E+0
3.347767E+2	7.250862E+0
3.350397E+2	6.879277E+0
3.353028E+2	6.906599E+0
3.355658E+2	6.802774E+0
3.358288E+2	6.627911E+0
3.360918E+2	6.737201E+0
3.363548E+2	6.616982E+0
3.366178E+2	6.463976E+0
3.368808E+2	6.584195E+0
3.371438E+2	6.551408E+0
3.374068E+2	6.278184E+0
3.376698E+2	6.278184E+0
3.379327E+2	6.360151E+0
3.381957E+2	6.360151E+0
3.384586E+2	6.332829E+0
3.387216E+2	6.376545E+0
3.389845E+2	6.382009E+0
3.392474E+2	6.360151E+0
3.395103E+2	6.442119E+0
3.397733E+2	6.633375E+0
3.400362E+2	6.513157E+0
3.402990E+2	6.491299E+0
3.405619E+2	6.715343E+0
3.408248E+2	6.644304E+0
3.410877E+2	6.677091E+0
3.413506E+2	6.649769E+0
3.416134E+2	6.567802E+0
3.418763E+2	6.310971E+0
3.421391E+2	6.316435E+0
3.424019E+2	6.245397E+0
3.426648E+2	6.485834E+0
3.429276E+2	6.431190E+0
3.431904E+2	6.622446E+0
3.434532E+2	6.791845E+0
3.437160E+2	6.715343E+0
3.439788E+2	6.431190E+0
3.442416E+2	6.649769E+0
3.445043E+2	6.884741E+0
3.447671E+2	7.048676E+0
3.450299E+2	6.884741E+0
3.452926E+2	6.753594E+0
3.455554E+2	6.600588E+0
3.458181E+2	6.535015E+0
3.460808E+2	6.496763E+0
3.463436E+2	6.846490E+0
3.466063E+2	6.851955E+0
3.468690E+2	6.753594E+0
3.471317E+2	6.709878E+0
3.473944E+2	6.764523E+0
3.476570E+2	6.851955E+0
3.479197E+2	6.912064E+0
3.481824E+2	7.054140E+0
3.484451E+2	7.026818E+0
3.487077E+2	7.097856E+0
3.489704E+2	7.048676E+0
3.492330E+2	7.168894E+0
3.494956E+2	7.343758E+0
3.497582E+2	7.371080E+0
3.500209E+2	7.360151E+0
3.502835E+2	7.185288E+0
3.505461E+2	6.884741E+0
3.508087E+2	6.890206E+0
3.510713E+2	6.895670E+0
3.513338E+2	6.851955E+0
3.515964E+2	6.895670E+0
3.518590E+2	6.841026E+0
3.521215E+2	6.769987E+0
3.523841E+2	6.545944E+0
3.526466E+2	6.666162E+0
3.529091E+2	6.507692E+0
3.531717E+2	6.327364E+0
3.534342E+2	6.851955E+0
3.536967E+2	6.994031E+0
3.539592E+2	7.081463E+0
3.542217E+2	7.179823E+0
3.544842E+2	7.190752E+0
3.547467E+2	7.218075E+0
3.550091E+2	7.403867E+0
3.552716E+2	7.584195E+0
3.555341E+2	7.901135E+0
3.557965E+2	7.802774E+0
3.560590E+2	8.147037E+0
3.563214E+2	8.425725E+0
3.565838E+2	8.207146E+0
3.568462E+2	8.201681E+0
3.571086E+2	8.147037E+0
3.573711E+2	8.119714E+0
3.576335E+2	8.239933E+0
3.578958E+2	8.551408E+0
3.581582E+2	8.600588E+0
3.584206E+2	8.387474E+0
3.586830E+2	8.136108E+0
3.589453E+2	7.917528E+0
3.592077E+2	7.365616E+0
3.594700E+2	7.234468E+0
3.597324E+2	7.376545E+0
3.599947E+2	7.321900E+0
3.602570E+2	7.168894E+0
3.605193E+2	6.835561E+0
3.607816E+2	6.677091E+0
3.610439E+2	7.103321E+0
3.613062E+2	7.114250E+0
3.615685E+2	7.075998E+0
3.618308E+2	7.130643E+0
3.620930E+2	7.065069E+0
3.623553E+2	6.611517E+0
3.626176E+2	6.513157E+0
3.628798E+2	6.589660E+0
3.631420E+2	6.726272E+0
3.634043E+2	6.802774E+0
3.636665E+2	6.972173E+0
3.639287E+2	7.026818E+0
3.641909E+2	6.983102E+0
3.644531E+2	6.977638E+0
3.647153E+2	6.759058E+0
3.649775E+2	6.589660E+0
3.652397E+2	6.638840E+0
3.655018E+2	6.190752E+0
3.657640E+2	6.267255E+0
3.660262E+2	6.442119E+0
3.662883E+2	6.463976E+0
3.665505E+2	6.513157E+0
3.668126E+2	6.245397E+0
3.670747E+2	6.229004E+0
3.673368E+2	6.114250E+0
3.675989E+2	6.103321E+0
3.678610E+2	6.316435E+0
3.681231E+2	6.398403E+0
3.683852E+2	6.584195E+0
3.686473E+2	6.616982E+0
3.689094E+2	6.682556E+0
3.691714E+2	6.649769E+0
3.694335E+2	6.360151E+0
3.696955E+2	6.310971E+0
3.699576E+2	6.409332E+0
3.702196E+2	6.300042E+0
3.704816E+2	6.300042E+0
3.707437E+2	6.321900E+0
3.710057E+2	6.349222E+0
3.712677E+2	6.354687E+0
3.715297E+2	6.004960E+0
3.717917E+2	6.125179E+0
3.720536E+2	5.775452E+0
3.723156E+2	5.638840E+0
3.725776E+2	5.704414E+0
3.728395E+2	6.037747E+0
3.731015E+2	6.168894E+0
3.733634E+2	6.267255E+0
3.736254E+2	6.185288E+0
3.738873E+2	5.841026E+0
3.741492E+2	5.830097E+0
3.744111E+2	6.032282E+0
3.746730E+2	6.114250E+0
3.749349E+2	6.310971E+0
3.751968E+2	6.491299E+0
3.754587E+2	6.409332E+0
3.757206E+2	6.310971E+0
3.759824E+2	6.354687E+0
3.762443E+2	6.321900E+0
3.765061E+2	6.371080E+0
3.767680E+2	6.409332E+0
3.770298E+2	6.021354E+0
3.772916E+2	5.912064E+0
3.775535E+2	5.922993E+0
3.778153E+2	5.759058E+0
3.780771E+2	5.649769E+0
3.783389E+2	5.786381E+0
3.786007E+2	5.813703E+0
3.788624E+2	5.873813E+0
3.791242E+2	5.808239E+0
3.793860E+2	5.922993E+0
3.796477E+2	5.556873E+0
3.799095E+2	5.677091E+0
3.801712E+2	5.682556E+0
3.804330E+2	5.704414E+0
3.806947E+2	5.895670E+0
3.809564E+2	6.130643E+0
3.812181E+2	6.163430E+0
3.814798E+2	6.387474E+0
3.817415E+2	6.480370E+0
3.820032E+2	6.409332E+0
3.822649E+2	6.469441E+0
3.825266E+2	6.272720E+0
3.827883E+2	6.300042E+0
3.830499E+2	6.349222E+0
3.833116E+2	6.398403E+0
3.835732E+2	6.507692E+0
3.838348E+2	6.474905E+0
3.840965E+2	6.535015E+0
3.843581E+2	6.573266E+0
3.846197E+2	6.726272E+0
3.848813E+2	6.846490E+0
3.851429E+2	6.950315E+0
3.854045E+2	6.830097E+0
3.856661E+2	6.802774E+0
3.859277E+2	6.600588E+0
3.861892E+2	6.551408E+0
3.864508E+2	6.442119E+0
3.867124E+2	6.278184E+0
3.869739E+2	6.125179E+0
3.872354E+2	6.218075E+0
3.874970E+2	6.545944E+0
3.877585E+2	6.507692E+0
3.880200E+2	6.660698E+0
3.882815E+2	6.808239E+0
3.885430E+2	6.780916E+0
3.888045E+2	6.507692E+0
3.890660E+2	6.474905E+0
3.893275E+2	6.218075E+0
3.895889E+2	6.403867E+0
3.898504E+2	6.644304E+0
3.901118E+2	6.671627E+0
3.903733E+2	6.704414E+0
3.906347E+2	6.545944E+0
3.908962E+2	6.387474E+0
3.911576E+2	6.518621E+0
3.914190E+2	6.562337E+0
3.916804E+2	6.573266E+0
3.919418E+2	6.502228E+0
3.922032E+2	6.502228E+0
3.924646E+2	6.573266E+0
3.927260E+2	6.600588E+0
3.929873E+2	6.627911E+0
3.932487E+2	6.715343E+0
3.935100E+2	6.573266E+0
3.937714E+2	6.540479E+0
3.940327E+2	6.824632E+0
3.942941E+2	6.737201E+0
3.945554E+2	6.709878E+0
3.948167E+2	6.775452E+0
3.950780E+2	6.862884E+0
3.953393E+2	6.939386E+0
3.956006E+2	7.010425E+0
3.958619E+2	6.688020E+0
3.961232E+2	6.420261E+0
3.963844E+2	6.360151E+0
3.966457E+2	6.278184E+0
3.969069E+2	6.365616E+0
3.971682E+2	6.196217E+0
3.974294E+2	6.108785E+0
3.976907E+2	6.070534E+0
3.979519E+2	6.075998E+0
3.982131E+2	6.218075E+0
3.984743E+2	6.442119E+0
3.987355E+2	6.431190E+0
3.989967E+2	6.633375E+0
3.992579E+2	6.791845E+0
3.995191E+2	6.819168E+0
3.997802E+2	6.403867E+0
4.000414E+2	6.174359E+0
4.003025E+2	6.103321E+0
4.005637E+2	5.901135E+0
4.008248E+2	5.862884E+0
4.010860E+2	6.185288E+0
4.013471E+2	6.119714E+0
4.016082E+2	5.824632E+0
4.018693E+2	5.879277E+0
4.021304E+2	6.190752E+0
4.023915E+2	6.491299E+0
4.026526E+2	6.660698E+0
4.029137E+2	6.671627E+0
4.031747E+2	6.474905E+0
4.034358E+2	6.212610E+0
4.036968E+2	6.349222E+0
4.039579E+2	6.332829E+0
4.042189E+2	6.300042E+0
4.044800E+2	6.310971E+0
4.047410E+2	6.371080E+0
4.050020E+2	6.535015E+0
4.052630E+2	6.518621E+0
4.055240E+2	6.474905E+0
4.057850E+2	6.753594E+0
4.060460E+2	6.709878E+0
4.063070E+2	6.677091E+0
4.065679E+2	6.780916E+0
4.068289E+2	6.808239E+0
4.070898E+2	6.830097E+0
4.073508E+2	6.671627E+0
4.076117E+2	6.688020E+0
4.078727E+2	6.879277E+0
4.081336E+2	7.103321E+0
4.083945E+2	7.152501E+0
4.086554E+2	7.119714E+0
4.089163E+2	7.289113E+0
4.091772E+2	7.392938E+0
4.094381E+2	7.463976E+0
4.096990E+2	7.562337E+0
4.099598E+2	7.600588E+0
4.102207E+2	7.611517E+0
4.104815E+2	7.709878E+0
4.107424E+2	7.611517E+0
4.110032E+2	7.239933E+0
4.112640E+2	6.906599E+0
4.115249E+2	7.010425E+0
4.117857E+2	7.376545E+0
4.120465E+2	7.688020E+0
4.123073E+2	7.513157E+0
4.125681E+2	7.644304E+0
4.128289E+2	7.622446E+0
4.130896E+2	7.797310E+0
4.133504E+2	7.879277E+0
4.136112E+2	7.808239E+0
4.138719E+2	7.950315E+0
4.141327E+2	7.802774E+0
4.143934E+2	7.819168E+0
4.146541E+2	8.125179E+0
4.149149E+2	8.010425E+0
4.151756E+2	8.043211E+0
4.154363E+2	7.851955E+0
4.156970E+2	8.261791E+0
4.159577E+2	8.551408E+0
4.162184E+2	8.611517E+0
4.164790E+2	8.633375E+0
4.167397E+2	8.600588E+0
4.170004E+2	8.327364E+0
4.172610E+2	8.420261E+0
4.175217E+2	8.791845E+0
4.177823E+2	8.819168E+0
4.180429E+2	8.742665E+0
4.183035E+2	8.720807E+0
4.185642E+2	8.720807E+0
4.188248E+2	8.769987E+0
4.190854E+2	8.950315E+0
4.193459E+2	9.147037E+0
4.196065E+2	9.207146E+0
4.198671E+2	9.179823E+0
4.201277E+2	8.895670E+0
4.203882E+2	8.917528E+0
4.206488E+2	8.917528E+0
4.209093E+2	8.693485E+0
4.211699E+2	8.616982E+0
4.214304E+2	8.480370E+0
4.216909E+2	8.371080E+0
4.219514E+2	8.431190E+0
4.222119E+2	8.387474E+0
4.224724E+2	8.496763E+0
4.227329E+2	8.551408E+0
4.229934E+2	8.622446E+0
4.232539E+2	8.720807E+0
4.235143E+2	8.841026E+0
4.237748E+2	8.769987E+0
4.240352E+2	8.704414E+0
4.242957E+2	8.786381E+0
4.245561E+2	9.059605E+0
4.248166E+2	9.130643E+0
4.250770E+2	8.922993E+0
4.253374E+2	9.081463E+0
4.255978E+2	9.168894E+0
4.258582E+2	9.201681E+0
4.261186E+2	9.398403E+0
4.263790E+2	9.420261E+0
4.266393E+2	9.442119E+0
4.268997E+2	9.726272E+0
4.271600E+2	9.901135E+0
4.274204E+2	9.868348E+0
4.276807E+2	9.769987E+0
4.279411E+2	9.769987E+0
4.282014E+2	9.977638E+0
4.284617E+2	9.922993E+0
4.287220E+2	9.824632E+0
4.289823E+2	9.769987E+0
4.292426E+2	9.726272E+0
4.295029E+2	9.436654E+0
4.297632E+2	9.398403E+0
4.300235E+2	9.491299E+0
4.302837E+2	9.469441E+0
4.305440E+2	9.507692E+0
4.308042E+2	9.638840E+0
4.310645E+2	9.677091E+0
4.313247E+2	9.835561E+0
4.315849E+2	9.682556E+0
4.318451E+2	9.677091E+0
4.321054E+2	9.890206E+0
4.323656E+2	9.819168E+0
4.326258E+2	9.513157E+0
4.328859E+2	9.409332E+0
4.331461E+2	9.535015E+0
4.334063E+2	9.453047E+0
4.336665E+2	9.606053E+0
4.339266E+2	9.584195E+0
4.341868E+2	9.321900E+0
4.344469E+2	9.305507E+0
4.347070E+2	9.289113E+0
4.349671E+2	9.021354E+0
4.352273E+2	8.994031E+0
4.354874E+2	8.890206E+0
4.357475E+2	9.212610E+0
4.360076E+2	9.278184E+0
4.362677E+2	9.365616E+0
4.365277E+2	9.387474E+0
4.367878E+2	9.420261E+0
4.370479E+2	9.627911E+0
4.373079E+2	9.939386E+0
4.375680E+2	1.003228E+1
4.378280E+2	9.890206E+0
4.380880E+2	1.010879E+1
4.383480E+2	1.009239E+1
4.386081E+2	1.000496E+1
4.388681E+2	1.005960E+1
4.391281E+2	1.024540E+1
4.393881E+2	1.017436E+1
4.396480E+2	1.030551E+1
4.399080E+2	1.042573E+1
4.401680E+2	1.026179E+1
4.404279E+2	1.009239E+1
4.406879E+2	9.977638E+0
4.409478E+2	1.007600E+1
4.412078E+2	1.011425E+1
4.414677E+2	1.008146E+1
4.417276E+2	1.002135E+1
4.419875E+2	1.016889E+1
4.422474E+2	1.024540E+1
4.425073E+2	1.046398E+1
4.427672E+2	1.056234E+1
4.430271E+2	1.067709E+1
4.432870E+2	1.087928E+1
4.435469E+2	1.075359E+1
4.438067E+2	1.082463E+1
4.440666E+2	1.095032E+1
4.443264E+2	1.093939E+1
4.445862E+2	1.096124E+1
4.448461E+2	1.107600E+1
4.451059E+2	1.105960E+1
4.453657E+2	1.149676E+1
4.456255E+2	1.171534E+1
4.458853E+2	1.170988E+1
4.461451E+2	1.189567E+1
4.464049E+2	1.204868E+1
4.466646E+2	1.204868E+1
4.469244E+2	1.210879E+1
4.471842E+2	1.234922E+1
4.474439E+2	1.251862E+1
4.477036E+2	1.248037E+1
4.479634E+2	1.233283E+1
4.482231E+2	1.270988E+1
4.484828E+2	1.290660E+1
4.487425E+2	1.303775E+1
4.490022E+2	1.307600E+1
4.492619E+2	1.307600E+1
4.495216E+2	1.304868E+1
4.497813E+2	1.290660E+1
4.500410E+2	1.286835E+1
4.503006E+2	1.281917E+1
4.505603E+2	1.294485E+1
4.508199E+2	1.335469E+1
4.510796E+2	1.348037E+1
4.513392E+2	1.344758E+1
4.515988E+2	1.337108E+1
4.518584E+2	1.359512E+1
4.521180E+2	1.380824E+1
4.523776E+2	1.386835E+1
4.526372E+2	1.388474E+1
4.528968E+2	1.391753E+1
4.531564E+2	1.366616E+1
4.534160E+2	1.356234E+1
4.536755E+2	1.369348E+1
4.539351E+2	1.373720E+1
4.541946E+2	1.379185E+1
4.544541E+2	1.393939E+1
4.547137E+2	1.387381E+1
4.549732E+2	1.392299E+1
4.552327E+2	1.393392E+1
4.554922E+2	1.397217E+1
4.557517E+2	1.375359E+1
4.560112E+2	1.390660E+1
4.562707E+2	1.395032E+1
4.565302E+2	1.416889E+1
4.567896E+2	1.460605E+1
4.570491E+2	1.486835E+1
4.573085E+2	1.500496E+1
4.575680E+2	1.489567E+1
4.578274E+2	1.463338E+1
4.580868E+2	1.458420E+1
4.583463E+2	1.459512E+1
4.586057E+2	1.473174E+1
4.588651E+2	1.505960E+1
4.591245E+2	1.504321E+1
4.593838E+2	1.537654E+1
4.596432E+2	1.557327E+1
4.599026E+2	1.568256E+1
4.601620E+2	1.582463E+1
4.604213E+2	1.604868E+1
4.606807E+2	1.609786E+1
4.609400E+2	1.640933E+1
4.611993E+2	1.640933E+1
4.614587E+2	1.603228E+1
4.617180E+2	1.621807E+1
4.619773E+2	1.644212E+1
4.622366E+2	1.650769E+1
4.624959E+2	1.693939E+1
4.627552E+2	1.705960E+1
4.630144E+2	1.710879E+1
4.632737E+2	1.731097E+1
4.635330E+2	1.749676E+1
4.637922E+2	1.779185E+1
4.640515E+2	1.770988E+1
4.643107E+2	1.806507E+1
4.645699E+2	1.835469E+1
4.648292E+2	1.845305E+1
4.650884E+2	1.858966E+1
4.653476E+2	1.903228E+1
4.656068E+2	1.948583E+1
4.658660E+2	1.993939E+1
4.661251E+2	2.041480E+1
4.663843E+2	2.070441E+1
4.666435E+2	2.086288E+1
4.669026E+2	2.100496E+1
4.671618E+2	2.112518E+1
4.674209E+2	2.103228E+1
4.676801E+2	2.116343E+1
4.679392E+2	2.109786E+1
4.681983E+2	2.131097E+1
4.684574E+2	2.155141E+1
4.687165E+2	2.190113E+1
4.689756E+2	2.237654E+1
4.692347E+2	2.269895E+1
4.694938E+2	2.317982E+1
4.697529E+2	2.349676E+1
4.700119E+2	2.379185E+1
4.702710E+2	2.398857E+1
4.705300E+2	2.442573E+1
4.707891E+2	2.461152E+1
4.710481E+2	2.512518E+1
4.713071E+2	2.542026E+1
4.715661E+2	2.588474E+1
4.718252E+2	2.621261E+1
4.720842E+2	2.642026E+1
4.723431E+2	2.658420E+1
4.726021E+2	2.658966E+1
4.728611E+2	2.639294E+1
4.731201E+2	2.686835E+1
4.733790E+2	2.745851E+1
4.736380E+2	2.817982E+1
4.738969E+2	2.875359E+1
4.741559E+2	2.877545E+1
4.744148E+2	2.933283E+1
4.746737E+2	2.973174E+1
4.749326E+2	3.021261E+1
4.751915E+2	3.063884E+1
4.754504E+2	3.099403E+1
4.757093E+2	3.132190E+1
4.759682E+2	3.173174E+1
4.762271E+2	3.219075E+1
4.764859E+2	3.247491E+1
4.767448E+2	3.307600E+1
4.770037E+2	3.330551E+1
4.772625E+2	3.410879E+1
4.775213E+2	3.451316E+1
4.777802E+2	3.474813E+1
4.780390E+2	3.509786E+1
4.782978E+2	3.519075E+1
4.785566E+2	3.584649E+1
4.788154E+2	3.633283E+1
4.790742E+2	3.657873E+1
4.793329E+2	3.732190E+1
4.795917E+2	3.791753E+1
4.798505E+2	3.850223E+1
4.801092E+2	3.904321E+1
4.803680E+2	3.913064E+1
4.806267E+2	3.970441E+1
4.808854E+2	4.016889E+1
4.811442E+2	4.025086E+1
4.814029E+2	4.061698E+1
4.816616E+2	4.131644E+1
4.819203E+2	4.167163E+1
4.821790E+2	4.227272E+1
4.824377E+2	4.292299E+1
4.826963E+2	4.368802E+1
4.829550E+2	4.440387E+1
4.832137E+2	4.532190E+1
4.834723E+2	4.604868E+1
4.837310E+2	4.716889E+1
4.839896E+2	4.817436E+1
4.842482E+2	4.917436E+1
4.845068E+2	4.966616E+1
4.847655E+2	5.054594E+1
4.850241E+2	5.110879E+1
4.852827E+2	5.138747E+1
4.855412E+2	5.202682E+1
4.857998E+2	5.275359E+1
4.860584E+2	5.376452E+1
4.863170E+2	5.436015E+1
4.865755E+2	5.527818E+1
4.868341E+2	5.606507E+1
4.870926E+2	5.699403E+1
4.873511E+2	5.794485E+1
4.876097E+2	5.907053E+1
4.878682E+2	6.024540E+1
4.881267E+2	6.119075E+1
4.883852E+2	6.212518E+1
4.886437E+2	6.351316E+1
4.889022E+2	6.444212E+1
4.891606E+2	6.534376E+1
4.894191E+2	6.603775E+1
4.896776E+2	6.711425E+1
4.899360E+2	6.865523E+1
4.901945E+2	6.962245E+1
4.904529E+2	7.040933E+1
4.907113E+2	7.120715E+1
4.909697E+2	7.225086E+1
4.912282E+2	7.356780E+1
4.914866E+2	7.491206E+1
4.917450E+2	7.604321E+1
4.920034E+2	7.740387E+1
4.922617E+2	7.874813E+1
4.925201E+2	7.988474E+1
4.927785E+2	8.132190E+1
4.930368E+2	8.246944E+1
4.932952E+2	8.389021E+1
4.935535E+2	8.533283E+1
4.938118E+2	8.685742E+1
4.940702E+2	8.831097E+1
4.943285E+2	8.954594E+1
4.945868E+2	9.093939E+1
4.948451E+2	9.258420E+1
4.951034E+2	9.379185E+1
4.953617E+2	9.509239E+1
4.956200E+2	9.653501E+1
4.958782E+2	9.791753E+1
4.961365E+2	9.999403E+1
4.963947E+2	1.015077E+2
4.966530E+2	1.029503E+2
4.969112E+2	1.044640E+2
4.971694E+2	1.062563E+2
4.974277E+2	1.075733E+2
4.976859E+2	1.092618E+2
4.979441E+2	1.109121E+2
4.982023E+2	1.123547E+2
4.984605E+2	1.137973E+2
4.987187E+2	1.153929E+2
4.989768E+2	1.169011E+2
4.992350E+2	1.186334E+2
4.994931E+2	1.200214E+2
4.997513E+2	1.214312E+2
5.000094E+2	1.229667E+2
5.002676E+2	1.248246E+2
5.005257E+2	1.263438E+2
5.007838E+2	1.282836E+2
5.010419E+2	1.304640E+2
5.013000E+2	1.323656E+2
5.015581E+2	1.343110E+2
5.018162E+2	1.362071E+2
5.020743E+2	1.381744E+2
5.023323E+2	1.400705E+2
5.025904E+2	1.417918E+2
5.028485E+2	1.437153E+2
5.031065E+2	1.456006E+2
5.033645E+2	1.472673E+2
5.036226E+2	1.492618E+2
5.038806E+2	1.513219E+2
5.041386E+2	1.535514E+2
5.043966E+2	1.556662E+2
5.046546E+2	1.575514E+2
5.049126E+2	1.598738E+2
5.051706E+2	1.624585E+2
5.054285E+2	1.647044E+2
5.056865E+2	1.671416E+2
5.059445E+2	1.693820E+2
5.062024E+2	1.718028E+2
5.064604E+2	1.745405E+2
5.067183E+2	1.766334E+2
5.069762E+2	1.791908E+2
5.072341E+2	1.813984E+2
5.074920E+2	1.839175E+2
5.077499E+2	1.862017E+2
5.080078E+2	1.890323E+2
5.082657E+2	1.915569E+2
5.085236E+2	1.941744E+2
5.087815E+2	1.969449E+2
5.090393E+2	1.993164E+2
5.092972E+2	2.019831E+2
5.095550E+2	2.047099E+2
5.098129E+2	2.077317E+2
5.100707E+2	2.106880E+2
5.103285E+2	2.136826E+2
5.105863E+2	2.166443E+2
5.108441E+2	2.196662E+2
5.111019E+2	2.228465E+2
5.113597E+2	2.259066E+2
5.116175E+2	2.290596E+2
5.118753E+2	2.320159E+2
5.121330E+2	2.352071E+2
5.123908E+2	2.388082E+2
5.126485E+2	2.422181E+2
5.129063E+2	2.456279E+2
5.131640E+2	2.493875E+2
5.134217E+2	2.530214E+2
5.136794E+2	2.565405E+2
5.139371E+2	2.600541E+2
5.141948E+2	2.639503E+2
5.144525E+2	2.678902E+2
5.147102E+2	2.715569E+2
5.149679E+2	2.753328E+2
5.152256E+2	2.790487E+2
5.154832E+2	2.832181E+2
5.157409E+2	2.869940E+2
5.159985E+2	2.915022E+2
5.162562E+2	2.957427E+2
5.165138E+2	2.998847E+2
5.167714E+2	3.039831E+2
5.170290E+2	3.084039E+2
5.172866E+2	3.126826E+2
5.175442E+2	3.169121E+2
5.178018E+2	3.211744E+2
5.180594E+2	3.254421E+2
5.183170E+2	3.298028E+2
5.185745E+2	3.339776E+2
5.188321E+2	3.382836E+2
5.190896E+2	3.428246E+2
5.193472E+2	3.474694E+2
5.196047E+2	3.520541E+2
5.198622E+2	3.568028E+2
5.201197E+2	3.616443E+2
5.203772E+2	3.666989E+2
5.206347E+2	3.715514E+2
5.208922E+2	3.760377E+2
5.211497E+2	3.808028E+2
5.214072E+2	3.855678E+2
5.216646E+2	3.907099E+2
5.219221E+2	3.957864E+2
5.221795E+2	4.009503E+2
5.224370E+2	4.066006E+2
5.226944E+2	4.113929E+2
5.229519E+2	4.164476E+2
5.232093E+2	4.219339E+2
5.234667E+2	4.272727E+2
5.237241E+2	4.327099E+2
5.239815E+2	4.382673E+2
5.242389E+2	4.440705E+2
5.244962E+2	4.493656E+2
5.247536E+2	4.554968E+2
5.250110E+2	4.612727E+2
5.252683E+2	4.669503E+2
5.255257E+2	4.729612E+2
5.257830E+2	4.788902E+2
5.260403E+2	4.848028E+2
5.262977E+2	4.906935E+2
5.265550E+2	4.967153E+2
5.268123E+2	5.026279E+2
5.270696E+2	5.089011E+2
5.273269E+2	5.153274E+2
5.275841E+2	5.213820E+2
5.278414E+2	5.279667E+2
5.280987E+2	5.340705E+2
5.283559E+2	5.403929E+2
5.286132E+2	5.469722E+2
5.288704E+2	5.535186E+2
5.291276E+2	5.600323E+2
5.293849E+2	5.664858E+2
5.296421E+2	5.732454E+2
5.298993E+2	5.800651E+2
5.301565E+2	5.870268E+2
5.304137E+2	5.945514E+2
5.306709E+2	6.018902E+2
5.309280E+2	6.090869E+2
5.311852E+2	6.160979E+2
5.314424E+2	6.233929E+2
5.316995E+2	6.306662E+2
5.319567E+2	6.378957E+2
5.322138E+2	6.453984E+2
5.324709E+2	6.528793E+2
5.327280E+2	6.604257E+2
5.329852E+2	6.682673E+2
5.332423E+2	6.758574E+2
5.334994E+2	6.835022E+2
5.337564E+2	6.917263E+2
5.340135E+2	6.998957E+2
5.342706E+2	7.082509E+2
5.345276E+2	7.165787E+2
5.347847E+2	7.252891E+2
5.350417E+2	7.336716E+2
5.352988E+2	7.422071E+2
5.355558E+2	7.509449E+2
5.358128E+2	7.593055E+2
5.360698E+2	7.683656E+2
5.363269E+2	7.774367E+2
5.365839E+2	7.863383E+2
5.368408E+2	7.953328E+2
5.370978E+2	8.046443E+2
5.373548E+2	8.138683E+2
5.376118E+2	8.235951E+2
5.378687E+2	8.331088E+2
5.381257E+2	8.430323E+2
5.383826E+2	8.529831E+2
5.386395E+2	8.630487E+2
5.388965E+2	8.733438E+2
5.391534E+2	8.833000E+2
5.394103E+2	8.933875E+2
5.396672E+2	9.039503E+2
5.399241E+2	9.144968E+2
5.401810E+2	9.253820E+2
5.404378E+2	9.358520E+2
5.406947E+2	9.463000E+2
5.409516E+2	9.571361E+2
5.412084E+2	9.678246E+2
5.414653E+2	9.787645E+2
5.417221E+2	9.898082E+2
5.419789E+2	1.001256E+3
5.422357E+2	1.012601E+3
5.424925E+2	1.024158E+3
5.427493E+2	1.035551E+3
5.430061E+2	1.046874E+3
5.432629E+2	1.058890E+3
5.435197E+2	1.070748E+3
5.437765E+2	1.082912E+3
5.440332E+2	1.095344E+3
5.442900E+2	1.107431E+3
5.445467E+2	1.120032E+3
5.448035E+2	1.132371E+3
5.450602E+2	1.145333E+3
5.453169E+2	1.158333E+3
5.455736E+2	1.171098E+3
5.458303E+2	1.184163E+3
5.460870E+2	1.197289E+3
5.463437E+2	1.210245E+3
5.466004E+2	1.223562E+3
5.468571E+2	1.236808E+3
5.471137E+2	1.250371E+3
5.473704E+2	1.263781E+3
5.476270E+2	1.277573E+3
5.478837E+2	1.291327E+3
5.481403E+2	1.305229E+3
5.483969E+2	1.319163E+3
5.486535E+2	1.333191E+3
5.489101E+2	1.347568E+3
5.491667E+2	1.362453E+3
5.494233E+2	1.376846E+3
5.496799E+2	1.392081E+3
5.499365E+2	1.407251E+3
5.501931E+2	1.422622E+3
5.504496E+2	1.438016E+3
5.507062E+2	1.454010E+3
5.509627E+2	1.469562E+3
5.512192E+2	1.485672E+3
5.514758E+2	1.501879E+3
5.517323E+2	1.517639E+3
5.519888E+2	1.533251E+3
5.522453E+2	1.549568E+3
5.525018E+2	1.565786E+3
5.527583E+2	1.581661E+3
5.530147E+2	1.598469E+3
5.532712E+2	1.614464E+3
5.535277E+2	1.630983E+3
5.537841E+2	1.647453E+3
5.540406E+2	1.664153E+3
5.542970E+2	1.681409E+3
5.545534E+2	1.698879E+3
5.548098E+2	1.717005E+3
5.550663E+2	1.734508E+3
5.553227E+2	1.752109E+3
5.555791E+2	1.769710E+3
5.558354E+2	1.788032E+3
5.560918E+2	1.806240E+3
5.563482E+2	1.825502E+3
5.566046E+2	1.844442E+3
5.568609E+2	1.863508E+3
5.571173E+2	1.882437E+3
5.573736E+2	1.901688E+3
5.576299E+2	1.920857E+3
5.578862E+2	1.940256E+3
5.581426E+2	1.959836E+3
5.583989E+2	1.980437E+3
5.586552E+2	2.000830E+3
5.589114E+2	2.021109E+3
5.591677E+2	2.041224E+3
5.594240E+2	2.062087E+3
5.596803E+2	2.083065E+3
5.599365E+2	2.103934E+3
5.601928E+2	2.125010E+3
5.604490E+2	2.146999E+3
5.607052E+2	2.168415E+3
5.609614E+2	2.190092E+3
5.612177E+2	2.212071E+3
5.614739E+2	2.233901E+3
5.617301E+2	2.256273E+3
5.619863E+2	2.278622E+3
5.622424E+2	2.301994E+3
5.624986E+2	2.324633E+3
5.627548E+2	2.347918E+3
5.630109E+2	2.371557E+3
5.632671E+2	2.395229E+3
5.635232E+2	2.419655E+3
5.637794E+2	2.444393E+3
5.640355E+2	2.469234E+3
5.642916E+2	2.494469E+3
5.645477E+2	2.519322E+3
5.648038E+2	2.544404E+3
5.650599E+2	2.569754E+3
5.653160E+2	2.594836E+3
5.655721E+2	2.620743E+3
5.658281E+2	2.646387E+3
5.660842E+2	2.672715E+3
5.663402E+2	2.698497E+3
5.665963E+2	2.724999E+3
5.668523E+2	2.751377E+3
5.671083E+2	2.778595E+3
5.673644E+2	2.806065E+3
5.676204E+2	2.833677E+3
5.678764E+2	2.861956E+3
5.681324E+2	2.890726E+3
5.683883E+2	2.919748E+3
5.686443E+2	2.948371E+3
5.689003E+2	2.977655E+3
5.691562E+2	3.007415E+3
5.694122E+2	3.037054E+3
5.696681E+2	3.066715E+3
5.699241E+2	3.096765E+3
5.701800E+2	3.126967E+3
5.704359E+2	3.157163E+3
5.706918E+2	3.188967E+3
5.709477E+2	3.220486E+3
5.712036E+2	3.252081E+3
5.714595E+2	3.283469E+3
5.717154E+2	3.315453E+3
5.719713E+2	3.346846E+3
5.722271E+2	3.378715E+3
5.724830E+2	3.411491E+3
5.727388E+2	3.444978E+3
5.729947E+2	3.478661E+3
5.732505E+2	3.512841E+3
5.735063E+2	3.546945E+3
5.737621E+2	3.581836E+3
5.740179E+2	3.615333E+3
5.742737E+2	3.650601E+3
5.745295E+2	3.685939E+3
5.747853E+2	3.721431E+3
5.750411E+2	3.757005E+3
5.752968E+2	3.793125E+3
5.755526E+2	3.829617E+3
5.758083E+2	3.865038E+3
5.760641E+2	3.901967E+3
5.763198E+2	3.939234E+3
5.765755E+2	3.976661E+3
5.768312E+2	4.014153E+3
5.770869E+2	4.052245E+3
5.773426E+2	4.089590E+3
5.775983E+2	4.127732E+3
5.778540E+2	4.165666E+3
5.781097E+2	4.206114E+3
5.783653E+2	4.245306E+3
5.786210E+2	4.284459E+3
5.788766E+2	4.324420E+3
5.791323E+2	4.364207E+3
5.793879E+2	4.404846E+3
5.796435E+2	4.444683E+3
5.798991E+2	4.484950E+3
5.801547E+2	4.525792E+3
5.804103E+2	4.566737E+3
5.806659E+2	4.607972E+3
5.809215E+2	4.650169E+3
5.811771E+2	4.692234E+3
5.814327E+2	4.734748E+3
5.816882E+2	4.776961E+3
5.819438E+2	4.819726E+3
5.821993E+2	4.863038E+3
5.824548E+2	4.904978E+3
5.827104E+2	4.947486E+3
5.829659E+2	4.990775E+3
5.832214E+2	5.033398E+3
5.834769E+2	5.076759E+3
5.837324E+2	5.119967E+3
5.839878E+2	5.164387E+3
5.842433E+2	5.207584E+3
5.844988E+2	5.251923E+3
5.847542E+2	5.296612E+3
5.850097E+2	5.341120E+3
5.852651E+2	5.387163E+3
5.855206E+2	5.432163E+3
5.857760E+2	5.477054E+3
5.860314E+2	5.522327E+3
5.862868E+2	5.567131E+3
5.865422E+2	5.613366E+3
5.867976E+2	5.660672E+3
5.870530E+2	5.707180E+3
5.873084E+2	5.753377E+3
5.875637E+2	5.799431E+3
5.878191E+2	5.845311E+3
5.880744E+2	5.890983E+3
5.883298E+2	5.937688E+3
5.885851E+2	5.984284E+3
5.888404E+2	6.030387E+3
5.890958E+2	6.077530E+3
5.893511E+2	6.123497E+3
5.896064E+2	6.171486E+3
5.898617E+2	6.217857E+3
5.901169E+2	6.265306E+3
5.903722E+2	6.313519E+3
5.906275E+2	6.361256E+3
5.908827E+2	6.409371E+3
5.911380E+2	6.456344E+3
5.913932E+2	6.504699E+3
5.916485E+2	6.552120E+3
5.919037E+2	6.601409E+3
5.921589E+2	6.649147E+3
5.924141E+2	6.697765E+3
5.926693E+2	6.745568E+3
5.929245E+2	6.793715E+3
5.931797E+2	6.842683E+3
5.934349E+2	6.890775E+3
5.936900E+2	6.937825E+3
5.939452E+2	6.986420E+3
5.942004E+2	7.035480E+3
5.944555E+2	7.084224E+3
5.947106E+2	7.134081E+3
5.949658E+2	7.182251E+3
5.952209E+2	7.232836E+3
5.954760E+2	7.282437E+3
5.957311E+2	7.332191E+3
5.959862E+2	7.381928E+3
5.962413E+2	7.431677E+3
5.964963E+2	7.480114E+3
5.967514E+2	7.529693E+3
5.970065E+2	7.580961E+3
5.972615E+2	7.631743E+3
5.975166E+2	7.680956E+3
5.977716E+2	7.731010E+3
5.980266E+2	7.783546E+3
5.982816E+2	7.834131E+3
5.985367E+2	7.884819E+3
5.987917E+2	7.936808E+3
5.990467E+2	7.987573E+3
5.993016E+2	8.037994E+3
5.995566E+2	8.088967E+3
5.998116E+2	8.141950E+3
6.000665E+2	8.195065E+3
6.003215E+2	8.245218E+3
6.005764E+2	8.297836E+3
6.008314E+2	8.349825E+3
6.010863E+2	8.403076E+3
6.013412E+2	8.454639E+3
6.015961E+2	8.506333E+3
6.018510E+2	8.559562E+3
6.021059E+2	8.611486E+3
6.023608E+2	8.661852E+3
6.026157E+2	8.713857E+3
6.028706E+2	8.766316E+3
6.031254E+2	8.818622E+3
6.033803E+2	8.870934E+3
6.036351E+2	8.923016E+3
6.038900E+2	8.975240E+3
6.041448E+2	9.027273E+3
6.043996E+2	9.080918E+3
6.046544E+2	9.132393E+3
6.049092E+2	9.185021E+3
6.051640E+2	9.237180E+3
6.054188E+2	9.291109E+3
6.056736E+2	9.344819E+3
6.059283E+2	9.396245E+3
6.061831E+2	9.448797E+3
6.064378E+2	9.501185E+3
6.066926E+2	9.554983E+3
6.069473E+2	9.608349E+3
6.072021E+2	9.660715E+3
6.074568E+2	9.711404E+3
6.077115E+2	9.763628E+3
6.079662E+2	9.815721E+3
6.082209E+2	9.868683E+3
6.084756E+2	9.920431E+3
6.087302E+2	9.973994E+3
6.089849E+2	1.002803E+4
6.092396E+2	1.008087E+4
6.094942E+2	1.013492E+4
6.097489E+2	1.018831E+4
6.100035E+2	1.024128E+4
6.102581E+2	1.029372E+4
6.105127E+2	1.034798E+4
6.107674E+2	1.040113E+4
6.110220E+2	1.045417E+4
6.112766E+2	1.050670E+4
6.115311E+2	1.055902E+4
6.117857E+2	1.061130E+4
6.120403E+2	1.066496E+4
6.122948E+2	1.071772E+4
6.125494E+2	1.076897E+4
6.128039E+2	1.081986E+4
6.130585E+2	1.087204E+4
6.133130E+2	1.092246E+4
6.135675E+2	1.097294E+4
6.138220E+2	1.102449E+4
6.140765E+2	1.107544E+4
6.143310E+2	1.112690E+4
6.145855E+2	1.117875E+4
6.148400E+2	1.123056E+4
6.150945E+2	1.128169E+4
6.153489E+2	1.133203E+4
6.156034E+2	1.138155E+4
6.158578E+2	1.143379E+4
6.161123E+2	1.148375E+4
6.163667E+2	1.153233E+4
6.166211E+2	1.158107E+4
6.168755E+2	1.163126E+4
6.171299E+2	1.168151E+4
6.173843E+2	1.173117E+4
6.176387E+2	1.178023E+4
6.178931E+2	1.183008E+4
6.181474E+2	1.187911E+4
6.184018E+2	1.192805E+4
6.186561E+2	1.197658E+4
6.189105E+2	1.202650E+4
6.191648E+2	1.207669E+4
6.194191E+2	1.212568E+4
6.196735E+2	1.217513E+4
6.199278E+2	1.222332E+4
6.201821E+2	1.227329E+4
6.204364E+2	1.232201E+4
6.206907E+2	1.236883E+4
6.209449E+2	1.241593E+4
6.211992E+2	1.246397E+4
6.214535E+2	1.250979E+4
6.217077E+2	1.255859E+4
6.219619E+2	1.260503E+4
6.222162E+2	1.264998E+4
6.224704E+2	1.269553E+4
6.227246E+2	1.274145E+4
6.229788E+2	1.278755E+4
6.232330E+2	1.283417E+4
6.234872E+2	1.288047E+4
6.237414E+2	1.292505E+4
6.239956E+2	1.297027E+4
6.242498E+2	1.301469E+4
6.245039E+2	1.305794E+4
6.247581E+2	1.310309E+4
6.250122E+2	1.314410E+4
6.252663E+2	1.318639E+4
6.255205E+2	1.322741E+4
6.257746E+2	1.326802E+4
6.260287E+2	1.330681E+4
6.262828E+2	1.334396E+4
6.265369E+2	1.338480E+4
6.267910E+2	1.342441E+4
6.270450E+2	1.346244E+4
6.272991E+2	1.350088E+4
6.275532E+2	1.353705E+4
6.278072E+2	1.357072E+4
6.280613E+2	1.360546E+4
6.283153E+2	1.363802E+4
6.285693E+2	1.367251E+4
6.288233E+2	1.370520E+4
6.290773E+2	1.373757E+4
6.293313E+2	1.376801E+4
6.295853E+2	1.379902E+4
6.298393E+2	1.382688E+4
6.300933E+2	1.385334E+4
6.303472E+2	1.388032E+4
6.306012E+2	1.390536E+4
6.308551E+2	1.392965E+4
6.311091E+2	1.395283E+4
6.313630E+2	1.397464E+4
6.316169E+2	1.399574E+4
6.318709E+2	1.401554E+4
6.321248E+2	1.403374E+4
6.323787E+2	1.405199E+4
6.326326E+2	1.406772E+4
6.328864E+2	1.408227E+4
6.331403E+2	1.409786E+4
6.333942E+2	1.411141E+4
6.336480E+2	1.412511E+4
6.339019E+2	1.413654E+4
6.341557E+2	1.414726E+4
6.344095E+2	1.415573E+4
6.346634E+2	1.416338E+4
6.349172E+2	1.416782E+4
6.351710E+2	1.417175E+4
6.354248E+2	1.417491E+4
6.356786E+2	1.417676E+4
6.359324E+2	1.417874E+4
6.361861E+2	1.418050E+4
6.364399E+2	1.417909E+4
6.366936E+2	1.417299E+4
6.369474E+2	1.417298E+4
6.372011E+2	1.416533E+4
6.374549E+2	1.415962E+4
6.377086E+2	1.415270E+4
6.379623E+2	1.414441E+4
6.382160E+2	1.413474E+4
6.384697E+2	1.412223E+4
6.387234E+2	1.410907E+4
6.389771E+2	1.409599E+4
6.392307E+2	1.408403E+4
6.394844E+2	1.406959E+4
6.397380E+2	1.405222E+4
6.399917E+2	1.403400E+4
6.402453E+2	1.401379E+4
6.404990E+2	1.399362E+4
6.407526E+2	1.397171E+4
6.410062E+2	1.394852E+4
6.412598E+2	1.392454E+4
6.415134E+2	1.389894E+4
6.417670E+2	1.387440E+4
6.420206E+2	1.384604E+4
6.422741E+2	1.381837E+4
6.425277E+2	1.379063E+4
6.427812E+2	1.376168E+4
6.430348E+2	1.373105E+4
6.432883E+2	1.370225E+4
6.435418E+2	1.367051E+4
6.437954E+2	1.364068E+4
6.440489E+2	1.360786E+4
6.443024E+2	1.357477E+4
6.445559E+2	1.354063E+4
6.448094E+2	1.350744E+4
6.450628E+2	1.346937E+4
6.453163E+2	1.343598E+4
6.455698E+2	1.340096E+4
6.458232E+2	1.336546E+4
6.460767E+2	1.332852E+4
6.463301E+2	1.329278E+4
6.465835E+2	1.325496E+4
6.468369E+2	1.321689E+4
6.470903E+2	1.317730E+4
6.473437E+2	1.313849E+4
6.475971E+2	1.309982E+4
6.478505E+2	1.305928E+4
6.481039E+2	1.302010E+4
6.483573E+2	1.297969E+4
6.486106E+2	1.293760E+4
6.488640E+2	1.289443E+4
6.491173E+2	1.285158E+4
6.493706E+2	1.280857E+4
6.496240E+2	1.276510E+4
6.498773E+2	1.272376E+4
6.501306E+2	1.267941E+4
6.503839E+2	1.263791E+4
6.506372E+2	1.259683E+4
6.508905E+2	1.255391E+4
6.511437E+2	1.251122E+4
6.513970E+2	1.246862E+4
6.516503E+2	1.242610E+4
6.519035E+2	1.238468E+4
6.521567E+2	1.234358E+4
6.524100E+2	1.229931E+4
6.526632E+2	1.225788E+4
6.529164E+2	1.221503E+4
6.531696E+2	1.217393E+4
6.534228E+2	1.213260E+4
6.536760E+2	1.209008E+4
6.539292E+2	1.204929E+4
6.541824E+2	1.200878E+4
6.544355E+2	1.196600E+4
6.546887E+2	1.192219E+4
6.549418E+2	1.188081E+4
6.551950E+2	1.183944E+4
6.554481E+2	1.179851E+4
6.557012E+2	1.175840E+4
6.559543E+2	1.171930E+4
6.562074E+2	1.167715E+4
6.564605E+2	1.163761E+4
6.567136E+2	1.159890E+4
6.569667E+2	1.156034E+4
6.572198E+2	1.152144E+4
6.574728E+2	1.148263E+4
6.577259E+2	1.144368E+4
6.579789E+2	1.140563E+4
6.582319E+2	1.136716E+4
6.584850E+2	1.133099E+4
6.587380E+2	1.129380E+4
6.589910E+2	1.125731E+4
6.592440E+2	1.121979E+4
6.594970E+2	1.118273E+4
6.597500E+2	1.114811E+4
6.600030E+2	1.111059E+4
6.602559E+2	1.107476E+4
6.605089E+2	1.104200E+4
6.607618E+2	1.100557E+4
6.610148E+2	1.097228E+4
6.612677E+2	1.093641E+4
6.615206E+2	1.090496E+4
6.617736E+2	1.087117E+4
6.620265E+2	1.083832E+4
6.622794E+2	1.080526E+4
6.625323E+2	1.077382E+4
6.627851E+2	1.074139E+4
6.630380E+2	1.071047E+4
6.632909E+2	1.067944E+4
6.635437E+2	1.064860E+4
6.637966E+2	1.061586E+4
6.640494E+2	1.058559E+4
6.643023E+2	1.055791E+4
6.645551E+2	1.052752E+4
6.648079E+2	1.049980E+4
6.650607E+2	1.047209E+4
6.653135E+2	1.044325E+4
6.655663E+2	1.041600E+4
6.658191E+2	1.038809E+4
6.660718E+2	1.036050E+4
6.663246E+2	1.033552E+4
6.665774E+2	1.030974E+4
6.668301E+2	1.028154E+4
6.670828E+2	1.025726E+4
6.673356E+2	1.023113E+4
6.675883E+2	1.020734E+4
6.678410E+2	1.018327E+4
6.680937E+2	1.015789E+4
6.683464E+2	1.013372E+4
6.685991E+2	1.010968E+4
6.688518E+2	1.008542E+4
6.691044E+2	1.006117E+4
6.693571E+2	1.003874E+4
6.696098E+2	1.001539E+4
6.698624E+2	9.991327E+3
6.701150E+2	9.967781E+3
6.703677E+2	9.944759E+3
6.706203E+2	9.921453E+3
6.708729E+2	9.898327E+3
6.711255E+2	9.874928E+3
6.713781E+2	9.852644E+3
6.716307E+2	9.833131E+3
6.718832E+2	9.812688E+3
6.721358E+2	9.789928E+3
6.723884E+2	9.769071E+3
6.726409E+2	9.747672E+3
6.728935E+2	9.726065E+3
6.731460E+2	9.706519E+3
6.733985E+2	9.687169E+3
6.736510E+2	9.668158E+3
6.739035E+2	9.648437E+3
6.741560E+2	9.630229E+3
6.744085E+2	9.612005E+3
6.746610E+2	9.595409E+3
6.749135E+2	9.578016E+3
6.751660E+2	9.561109E+3
6.754184E+2	9.544710E+3
6.756709E+2	9.527530E+3
6.759233E+2	9.509846E+3
6.761757E+2	9.493207E+3
6.764282E+2	9.475857E+3
6.766806E+2	9.459497E+3
6.769330E+2	9.440316E+3
6.771854E+2	9.421650E+3
6.774378E+2	9.403655E+3
6.776901E+2	9.385480E+3
6.779425E+2	9.366743E+3
6.781949E+2	9.349120E+3
6.784472E+2	9.330584E+3
6.786996E+2	9.312431E+3
6.789519E+2	9.294972E+3
6.792042E+2	9.278316E+3
6.794566E+2	9.261475E+3
6.797089E+2	9.244808E+3
6.799612E+2	9.229442E+3
6.802135E+2	9.213540E+3
6.804657E+2	9.198038E+3
6.807180E+2	9.182989E+3
6.809703E+2	9.169338E+3
6.812226E+2	9.156409E+3
6.814748E+2	9.142781E+3
6.817270E+2	9.128469E+3
6.819793E+2	9.114251E+3
6.822315E+2	9.101081E+3
6.824837E+2	9.085650E+3
6.827359E+2	9.071846E+3
6.829881E+2	9.056961E+3
6.832403E+2	9.042939E+3
6.834925E+2	9.031180E+3
6.837447E+2	9.017628E+3
6.839968E+2	9.004377E+3
6.842490E+2	8.990590E+3
6.845011E+2	8.978169E+3
6.847533E+2	8.962573E+3
6.850054E+2	8.947896E+3
6.852575E+2	8.934289E+3
6.855097E+2	8.920715E+3
6.857618E+2	8.905338E+3
6.860139E+2	8.890868E+3
6.862659E+2	8.876693E+3
6.865180E+2	8.862928E+3
6.867701E+2	8.846601E+3
6.870222E+2	8.831688E+3
6.872742E+2	8.817377E+3
6.875263E+2	8.805546E+3
6.877783E+2	8.793071E+3
6.880303E+2	8.780546E+3
6.882823E+2	8.769338E+3
6.885343E+2	8.757677E+3
6.887864E+2	8.745956E+3
6.890383E+2	8.735377E+3
6.892903E+2	8.723808E+3
6.895423E+2	8.711901E+3
6.897943E+2	8.701147E+3
6.900462E+2	8.689808E+3
6.902982E+2	8.679890E+3
6.905501E+2	8.668726E+3
6.908021E+2	8.659142E+3
6.910540E+2	8.649284E+3
6.913059E+2	8.639775E+3
6.915578E+2	8.628016E+3
6.918097E+2	8.616027E+3
6.920616E+2	8.605049E+3
6.923135E+2	8.592836E+3
6.925654E+2	8.581437E+3
6.928172E+2	8.570961E+3
6.930691E+2	8.558852E+3
6.933209E+2	8.546661E+3
6.935728E+2	8.536076E+3
6.938246E+2	8.523999E+3
6.940764E+2	8.511644E+3
6.943282E+2	8.499486E+3
6.945800E+2	8.487874E+3
6.948318E+2	8.474333E+3
6.950836E+2	8.460174E+3
6.953354E+2	8.447530E+3
6.955872E+2	8.433366E+3
6.958389E+2	8.421049E+3
6.960907E+2	8.408672E+3
6.963424E+2	8.395540E+3
6.965942E+2	8.382448E+3
6.968459E+2	8.369027E+3
6.970976E+2	8.357060E+3
6.973493E+2	8.346704E+3
6.976010E+2	8.337530E+3
6.978527E+2	8.326972E+3
6.981044E+2	8.316278E+3
6.983561E+2	8.306519E+3
6.986077E+2	8.296453E+3
6.988594E+2	8.284098E+3
6.991110E+2	8.273398E+3
6.993627E+2	8.262311E+3
6.996143E+2	8.251721E+3
6.998659E+2	8.239382E+3
7.001175E+2	8.228612E+3
7.003692E+2	8.217409E+3
7.006207E+2	8.205087E+3
7.008723E+2	8.191961E+3
7.011239E+2	8.179027E+3
7.013755E+2	8.165743E+3
7.016271E+2	8.151633E+3
7.018786E+2	8.137704E+3
7.021302E+2	8.123999E+3
7.023817E+2	8.108606E+3
7.026332E+2	8.093174E+3
7.028847E+2	8.077169E+3
7.031362E+2	8.060770E+3
7.033878E+2	8.045519E+3
7.036392E+2	8.028814E+3
7.038907E+2	8.012524E+3
7.041422E+2	7.995540E+3
7.043937E+2	7.978114E+3
7.046451E+2	7.962748E+3
7.048966E+2	7.948010E+3
7.051480E+2	7.933087E+3
7.053995E+2	7.919049E+3
7.056509E+2	7.904256E+3
7.059023E+2	7.889469E+3
7.061537E+2	7.877043E+3
7.064051E+2	7.863535E+3
7.066565E+2	7.850590E+3
7.069079E+2	7.839038E+3
7.071593E+2	7.826409E+3
7.074106E+2	7.814442E+3
7.076620E+2	7.803759E+3
7.079133E+2	7.791650E+3
7.081647E+2	7.779934E+3
7.084160E+2	7.768956E+3
7.086673E+2	7.758256E+3
7.089186E+2	7.745404E+3
7.091699E+2	7.733535E+3
7.094212E+2	7.721049E+3
7.096725E+2	7.707163E+3
7.099238E+2	7.692699E+3
7.101751E+2	7.679180E+3
7.104263E+2	7.666032E+3
7.106776E+2	7.650076E+3
7.109288E+2	7.635497E+3
7.111800E+2	7.619349E+3
7.114313E+2	7.602508E+3
7.116825E+2	7.585524E+3
7.119337E+2	7.569136E+3
7.121849E+2	7.551021E+3
7.124361E+2	7.531983E+3
7.126873E+2	7.513874E+3
7.129384E+2	7.495065E+3
7.131896E+2	7.477584E+3
7.134408E+2	7.460306E+3
7.136919E+2	7.442672E+3
7.139430E+2	7.426721E+3
7.141942E+2	7.413043E+3
7.144453E+2	7.399896E+3
7.146964E+2	7.385699E+3
7.149475E+2	7.373754E+3
7.151986E+2	7.364502E+3
7.154497E+2	7.355300E+3
7.157008E+2	7.345366E+3
7.159518E+2	7.337142E+3
7.162029E+2	7.329650E+3
7.164540E+2	7.324743E+3
7.167050E+2	7.317874E+3
7.169560E+2	7.312311E+3
7.172071E+2	7.304251E+3
7.174581E+2	7.298136E+3
7.177091E+2	7.291579E+3
7.179601E+2	7.283568E+3
7.182111E+2	7.274295E+3
7.184621E+2	7.264863E+3
7.187130E+2	7.254879E+3
7.189640E+2	7.243546E+3
7.192150E+2	7.229049E+3
7.194659E+2	7.215333E+3
7.197169E+2	7.200551E+3
7.199678E+2	7.186628E+3
7.202187E+2	7.170349E+3
7.204696E+2	7.154300E+3
7.207205E+2	7.137371E+3
7.209714E+2	7.122409E+3
7.212223E+2	7.107639E+3
7.214732E+2	7.090792E+3
7.217241E+2	7.077622E+3
7.219749E+2	7.065355E+3
7.222258E+2	7.055098E+3
7.224766E+2	7.048109E+3
7.227274E+2	7.042158E+3
7.229783E+2	7.038967E+3
7.232291E+2	7.039311E+3
7.234799E+2	7.039934E+3
7.237307E+2	7.043939E+3
7.239815E+2	7.048846E+3
7.242323E+2	7.055836E+3
7.244830E+2	7.063480E+3
7.247338E+2	7.071721E+3
7.249846E+2	7.080792E+3
7.252353E+2	7.091202E+3
7.254861E+2	7.100677E+3
7.257368E+2	7.110016E+3
7.259875E+2	7.119617E+3
7.262382E+2	7.128612E+3
7.264889E+2	7.136191E+3
7.267396E+2	7.143841E+3
7.269903E+2	7.149748E+3
7.272410E+2	7.154617E+3
7.274917E+2	7.159939E+3
7.277423E+2	7.163999E+3
7.279930E+2	7.166267E+3
7.282436E+2	7.168939E+3
7.284942E+2	7.170278E+3
7.287449E+2	7.172393E+3
7.289955E+2	7.176530E+3
7.292461E+2	7.179890E+3
7.294967E+2	7.183136E+3
7.297473E+2	7.186721E+3
7.299979E+2	7.190967E+3
7.302484E+2	7.194666E+3
7.304990E+2	7.197961E+3
7.307496E+2	7.203240E+3
7.310001E+2	7.210256E+3
7.312507E+2	7.220786E+3
7.315012E+2	7.232765E+3
7.317517E+2	7.247770E+3
7.320022E+2	7.269956E+3
7.322527E+2	7.297945E+3
7.325032E+2	7.333360E+3
7.327537E+2	7.372355E+3
7.330042E+2	7.413710E+3
7.332547E+2	7.457530E+3
7.335051E+2	7.505759E+3
7.337556E+2	7.558180E+3
7.340060E+2	7.618999E+3
7.342564E+2	7.692907E+3
7.345069E+2	7.771344E+3
7.347573E+2	7.846431E+3
7.350077E+2	7.911814E+3
7.352581E+2	7.962524E+3
7.355085E+2	8.012972E+3
7.357589E+2	8.078590E+3
7.360092E+2	8.167879E+3
7.362596E+2	8.280857E+3
7.365100E+2	8.405956E+3
7.367603E+2	8.527103E+3
7.370106E+2	8.635016E+3
7.372610E+2	8.728879E+3
7.375113E+2	8.814562E+3
7.377616E+2	8.896857E+3
7.380119E+2	8.986579E+3
7.382622E+2	9.084213E+3
7.385125E+2	9.189491E+3
7.387628E+2	9.301491E+3
7.390130E+2	9.415786E+3
7.392633E+2	9.536442E+3
7.395135E+2	9.663852E+3
7.397638E+2	9.794316E+3
7.400140E+2	9.926928E+3
7.402642E+2	1.005939E+4
7.405144E+2	1.019209E+4
7.407647E+2	1.032527E+4
7.410149E+2	1.045860E+4
7.412650E+2	1.059329E+4
7.415152E+2	1.072764E+4
7.417654E+2	1.086429E+4
7.420156E+2	1.100120E+4
7.422657E+2	1.114041E+4
7.425159E+2	1.127955E+4
7.427660E+2	1.141996E+4
7.430161E+2	1.154878E+4
7.432662E+2	1.166498E+4
7.435164E+2	1.180499E+4
7.437665E+2	1.194712E+4
7.440165E+2	1.208851E+4
7.442666E+2	1.222821E+4
7.445167E+2	1.236719E+4
7.447668E+2	1.250558E+4
7.450168E+2	1.264268E+4
7.452669E+2	1.278025E+4
7.455169E+2	1.291610E+4
7.457669E+2	1.304214E+4
7.460170E+2	1.316199E+4
7.462670E+2	1.328645E+4
7.465170E+2	1.341516E+4
7.467670E+2	1.354390E+4
7.470170E+2	1.366814E+4
7.472670E+2	1.378729E+4
7.475169E+2	1.390067E+4
7.477669E+2	1.400839E+4
7.480168E+2	1.411244E+4
7.482668E+2	1.421502E+4
7.485167E+2	1.431662E+4
7.487666E+2	1.441440E+4
7.490166E+2	1.450910E+4
7.492665E+2	1.459509E+4
7.495164E+2	1.466609E+4
7.497663E+2	1.472511E+4
7.500161E+2	1.477754E+4
7.502660E+2	1.482575E+4
7.505159E+2	1.487569E+4
7.507657E+2	1.492308E+4
7.510156E+2	1.495951E+4
7.512654E+2	1.497698E+4
7.515152E+2	1.496973E+4
7.517651E+2	1.495131E+4
7.520149E+2	1.493952E+4
7.522647E+2	1.494721E+4
7.525145E+2	1.497866E+4
7.527643E+2	1.502372E+4
7.530140E+2	1.506948E+4
7.532638E+2	1.509678E+4
7.535136E+2	1.510355E+4
7.537633E+2	1.509527E+4
7.540131E+2	1.508880E+4
7.542628E+2	1.510063E+4
7.545125E+2	1.511296E+4
7.547622E+2	1.511780E+4
7.550119E+2	1.511885E+4
7.552616E+2	1.511885E+4
7.555113E+2	1.511885E+4
7.557610E+2	1.511885E+4
7.560107E+2	1.511885E+4
7.562603E+2	1.511405E+4
7.565100E+2	1.509299E+4
7.567596E+2	1.506039E+4
7.570093E+2	1.501743E+4
7.572589E+2	1.495800E+4
7.575085E+2	1.487990E+4
7.577581E+2	1.478454E+4
7.580077E+2	1.467550E+4
7.582573E+2	1.456734E+4
7.585069E+2	1.445666E+4
7.587565E+2	1.431017E+4
7.590060E+2	1.415192E+4
7.592556E+2	1.399204E+4
7.595051E+2	1.383203E+4
7.597547E+2	1.367653E+4
7.600042E+2	1.352447E+4
7.602537E+2	1.337463E+4
7.605032E+2	1.322825E+4
7.607527E+2	1.308601E+4
7.610022E+2	1.295603E+4
7.612517E+2	1.283265E+4
7.615012E+2	1.270525E+4
7.617507E+2	1.257163E+4
7.620001E+2	1.243672E+4
7.622496E+2	1.229768E+4
7.624990E+2	1.215598E+4
7.627485E+2	1.201128E+4
7.629979E+2	1.186499E+4
7.632473E+2	1.171939E+4
7.634967E+2	1.157723E+4
7.637461E+2	1.143822E+4
7.639955E+2	1.130315E+4
7.642449E+2	1.117118E+4
7.644942E+2	1.104073E+4
7.647436E+2	1.091492E+4
7.649930E+2	1.079571E+4
7.652423E+2	1.068688E+4
7.654916E+2	1.059121E+4
7.657410E+2	1.050715E+4
7.659903E+2	1.042674E+4
7.662396E+2	1.034192E+4
7.664889E+2	1.025394E+4
7.667382E+2	1.016516E+4
7.669875E+2	1.007629E+4
7.672367E+2	9.986322E+3
7.674860E+2	9.888114E+3
7.677353E+2	9.778803E+3
7.679845E+2	9.663338E+3
7.682337E+2	9.548311E+3
7.684830E+2	9.442819E+3
7.687322E+2	9.347896E+3
7.689814E+2	9.257836E+3
7.692306E+2	9.159005E+3
7.694798E+2	9.039464E+3
7.697290E+2	8.913989E+3
7.699782E+2	8.787628E+3
7.702273E+2	8.657245E+3
7.704765E+2	8.523114E+3
7.707256E+2	8.388289E+3
7.709748E+2	8.256896E+3
7.712239E+2	8.133180E+3
7.714730E+2	8.021409E+3
7.717222E+2	7.930595E+3
7.719713E+2	7.852868E+3
7.722204E+2	7.783469E+3
7.724694E+2	7.730322E+3
7.727185E+2	7.697426E+3
7.729676E+2	7.684704E+3
7.732167E+2	7.687278E+3
7.734657E+2	7.702513E+3
7.737147E+2	7.726142E+3
7.739638E+2	7.756655E+3
7.742128E+2	7.788939E+3
7.744618E+2	7.813732E+3
7.747108E+2	7.829628E+3
7.749598E+2	7.833661E+3
7.752088E+2	7.828245E+3
7.754578E+2	7.816163E+3
7.757068E+2	7.796765E+3
7.759557E+2	7.770775E+3
7.762047E+2	7.739404E+3
7.764536E+2	7.701109E+3
7.767026E+2	7.657311E+3
7.769515E+2	7.609256E+3
7.772004E+2	7.557497E+3
7.774493E+2	7.508475E+3
7.776982E+2	7.459934E+3
7.779471E+2	7.416590E+3
7.781960E+2	7.377437E+3
7.784449E+2	7.340950E+3
7.786938E+2	7.304803E+3
7.789426E+2	7.268453E+3
7.791915E+2	7.231715E+3
7.794403E+2	7.193661E+3
7.796891E+2	7.154819E+3
7.799380E+2	7.113852E+3
7.801868E+2	7.073508E+3
7.804356E+2	7.030934E+3
7.806844E+2	6.987830E+3
7.809332E+2	6.943338E+3
7.811819E+2	6.899683E+3
7.814307E+2	6.856010E+3
7.816795E+2	6.813497E+3
7.819282E+2	6.773732E+3
7.821770E+2	6.736092E+3
7.824257E+2	6.699715E+3
7.826744E+2	6.665928E+3
7.829231E+2	6.633819E+3
7.831718E+2	6.602049E+3
7.834205E+2	6.570404E+3
7.836692E+2	6.538109E+3
7.839179E+2	6.505038E+3
7.841666E+2	6.468923E+3
7.844152E+2	6.428295E+3
7.846639E+2	6.382551E+3
7.849125E+2	6.331060E+3
7.851612E+2	6.276229E+3
7.854098E+2	6.220267E+3
7.856584E+2	6.164038E+3
7.859070E+2	6.105109E+3
7.861556E+2	6.039300E+3
7.864042E+2	5.963661E+3
7.866528E+2	5.879032E+3
7.869014E+2	5.788704E+3
7.871499E+2	5.697180E+3
7.873985E+2	5.607404E+3
7.876470E+2	5.517316E+3
7.878956E+2	5.425125E+3
7.881441E+2	5.329928E+3
7.883926E+2	5.232918E+3
7.886411E+2	5.134907E+3
7.888896E+2	5.043573E+3
7.891381E+2	4.957377E+3
7.893866E+2	4.878710E+3
7.896351E+2	4.807775E+3
7.898835E+2	4.745765E+3
7.901320E+2	4.690327E+3
7.903804E+2	4.641469E+3
7.906289E+2	4.598060E+3
7.908773E+2	4.559535E+3
7.911257E+2	4.524431E+3
7.913742E+2	4.492879E+3
7.916226E+2	4.465797E+3
7.918709E+2	4.443240E+3
7.921193E+2	4.424180E+3
7.923677E+2	4.408289E+3
7.926161E+2	4.393136E+3
7.928644E+2	4.380060E+3
7.931128E+2	4.363120E+3
7.933611E+2	4.342808E+3
7.936095E+2	4.316442E+3
7.938578E+2	4.285480E+3
7.941061E+2	4.250016E+3
7.943544E+2	4.209797E+3
7.946027E+2	4.166814E+3
7.948510E+2	4.122420E+3
7.950993E+2	4.079644E+3
7.953475E+2	4.040234E+3
7.955958E+2	4.003595E+3
7.958440E+2	3.969573E+3
7.960923E+2	3.939923E+3
7.963405E+2	3.911994E+3
7.965887E+2	3.885628E+3
7.968370E+2	3.859153E+3
7.970852E+2	3.832196E+3
7.973334E+2	3.803278E+3
7.975816E+2	3.773393E+3
7.978297E+2	3.741901E+3
7.980779E+2	3.710284E+3
7.983261E+2	3.678836E+3
7.985742E+2	3.647584E+3
7.988224E+2	3.618273E+3
7.990705E+2	3.588480E+3
7.993186E+2	3.562655E+3
7.995668E+2	3.539994E+3
7.998149E+2	3.521016E+3
8.000630E+2	3.507770E+3
8.003111E+2	3.497633E+3
8.005591E+2	3.493169E+3
8.008072E+2	3.492699E+3
8.010553E+2	3.495158E+3
8.013033E+2	3.500710E+3
8.015514E+2	3.507967E+3
8.017994E+2	3.516409E+3
8.020474E+2	3.525595E+3
8.022955E+2	3.534748E+3
8.025435E+2	3.542797E+3
8.027915E+2	3.550284E+3
8.030395E+2	3.558262E+3
8.032874E+2	3.565797E+3
8.035354E+2	3.574519E+3
8.037834E+2	3.583060E+3
8.040313E+2	3.592147E+3
8.042793E+2	3.602202E+3
8.045272E+2	3.614153E+3
8.047752E+2	3.628819E+3
8.050231E+2	3.645344E+3
8.052710E+2	3.665295E+3
8.055189E+2	3.686999E+3
8.057668E+2	3.711087E+3
8.060147E+2	3.738885E+3
8.062625E+2	3.770295E+3
8.065104E+2	3.806639E+3
8.067583E+2	3.846661E+3
8.070061E+2	3.891191E+3
8.072540E+2	3.940994E+3
8.075018E+2	3.995721E+3
8.077496E+2	4.055508E+3
8.079974E+2	4.118502E+3
8.082452E+2	4.185191E+3
8.084930E+2	4.253628E+3
8.087408E+2	4.326830E+3
8.089886E+2	4.400945E+3
8.092364E+2	4.477300E+3
8.094841E+2	4.557770E+3
8.097319E+2	4.643278E+3
8.099796E+2	4.732622E+3
8.102273E+2	4.827234E+3
8.104751E+2	4.925715E+3
8.107228E+2	5.028163E+3
8.109705E+2	5.136459E+3
8.112182E+2	5.249617E+3
8.114659E+2	5.369306E+3
8.117135E+2	5.494557E+3
8.119612E+2	5.624781E+3
8.122089E+2	5.760081E+3
8.124565E+2	5.899076E+3
8.127042E+2	6.037409E+3
8.129518E+2	6.173874E+3
8.131994E+2	6.303338E+3
8.134470E+2	6.424797E+3
8.136946E+2	6.533912E+3
8.139422E+2	6.624289E+3
8.141898E+2	6.696010E+3
8.144374E+2	6.749316E+3
8.146850E+2	6.785114E+3
8.149325E+2	6.805868E+3
8.151801E+2	6.813983E+3
8.154276E+2	6.815284E+3
8.156752E+2	6.811174E+3
8.159227E+2	6.804092E+3
8.161702E+2	6.796448E+3
8.164177E+2	6.787693E+3
8.166652E+2	6.778989E+3
8.169127E+2	6.771038E+3
8.171602E+2	6.763267E+3
8.174077E+2	6.756240E+3
8.176551E+2	6.751770E+3
8.179026E+2	6.749699E+3
8.181500E+2	6.750273E+3
8.183975E+2	6.755874E+3
8.186449E+2	6.765415E+3
8.188923E+2	6.781612E+3
8.191397E+2	6.804825E+3
8.193871E+2	6.834240E+3
8.196345E+2	6.870743E+3
8.198819E+2	6.913437E+3
8.201293E+2	6.962923E+3
8.203766E+2	7.014978E+3
8.206240E+2	7.069508E+3
8.208713E+2	7.123732E+3
8.211187E+2	7.172540E+3
8.213660E+2	7.215464E+3
8.216133E+2	7.248016E+3
8.218606E+2	7.270901E+3
8.221079E+2	7.280535E+3
8.223552E+2	7.274999E+3
8.226025E+2	7.255825E+3
8.228498E+2	7.223786E+3
8.230970E+2	7.180420E+3
8.233443E+2	7.126322E+3
8.235915E+2	7.064562E+3
8.238388E+2	6.994153E+3
8.240860E+2	6.917967E+3
8.243332E+2	6.836142E+3
8.245804E+2	6.746857E+3
8.248276E+2	6.650103E+3
8.250748E+2	6.547010E+3
8.253220E+2	6.435803E+3
8.255692E+2	6.317819E+3
8.258163E+2	6.193289E+3
8.260635E+2	6.060196E+3
8.263106E+2	5.918371E+3
8.265578E+2	5.766765E+3
8.268049E+2	5.606846E+3
8.270520E+2	5.438743E+3
8.272991E+2	5.263114E+3
8.275462E+2	5.082196E+3
8.277933E+2	4.899437E+3
8.280404E+2	4.716803E+3
8.282875E+2	4.539092E+3
8.285345E+2	4.368377E+3
8.287816E+2	4.208885E+3
8.290287E+2	4.066295E+3
8.292757E+2	3.943191E+3
8.295227E+2	3.837251E+3
8.297697E+2	3.749464E+3
8.300168E+2	3.676480E+3
8.302638E+2	3.615092E+3
8.305107E+2	3.561928E+3
8.307577E+2	3.513748E+3
8.310047E+2	3.468704E+3
8.312517E+2	3.425081E+3
8.314986E+2	3.383213E+3
8.317456E+2	3.342087E+3
8.319925E+2	3.301169E+3
8.322394E+2	3.260404E+3
8.324864E+2	3.219327E+3
8.327333E+2	3.176622E+3
8.329802E+2	3.131590E+3
8.332271E+2	3.084125E+3
8.334740E+2	3.031513E+3
8.337208E+2	2.974300E+3
8.339677E+2	2.910213E+3
8.342146E+2	2.838579E+3
8.344614E+2	2.759765E+3
8.347082E+2	2.672513E+3
8.349551E+2	2.577524E+3
8.352019E+2	2.473579E+3
8.354487E+2	2.364153E+3
8.356955E+2	2.249781E+3
8.359423E+2	2.132071E+3
8.361891E+2	2.014683E+3
8.364359E+2	1.898863E+3
8.366826E+2	1.787704E+3
8.369294E+2	1.682409E+3
8.371761E+2	1.584338E+3
8.374229E+2	1.494726E+3
8.376696E+2	1.414349E+3
8.379163E+2	1.341863E+3
8.381630E+2	1.277092E+3
8.384097E+2	1.221120E+3
8.386564E+2	1.171464E+3
8.389031E+2	1.127825E+3
8.391498E+2	1.089109E+3
8.393965E+2	1.055120E+3
8.396431E+2	1.025098E+3
8.398898E+2	9.983656E+2
8.401364E+2	9.746826E+2
8.403830E+2	9.533656E+2
8.406297E+2	9.330760E+2
8.408763E+2	9.141470E+2
8.411229E+2	8.968410E+2
8.413695E+2	8.802235E+2
8.416161E+2	8.643492E+2
8.418626E+2	8.491853E+2
8.421092E+2	8.342399E+2
8.423558E+2	8.195459E+2
8.426023E+2	8.050487E+2
8.428489E+2	7.906826E+2
8.430954E+2	7.761470E+2
8.433419E+2	7.629394E+2
8.435884E+2	7.493711E+2
8.438349E+2	7.364530E+2
8.440814E+2	7.240487E+2
8.443279E+2	7.115296E+2
8.445744E+2	6.998082E+2
8.448208E+2	6.879667E+2
8.450673E+2	6.762509E+2
8.453138E+2	6.643929E+2
8.455602E+2	6.520705E+2
8.458066E+2	6.395514E+2
8.460530E+2	6.269394E+2
8.462995E+2	6.140432E+2
8.465459E+2	6.006279E+2
8.467923E+2	5.867809E+2
8.470386E+2	5.726716E+2
8.472850E+2	5.584640E+2
8.475314E+2	5.440924E+2
8.477777E+2	5.301853E+2
8.480241E+2	5.167700E+2
8.482704E+2	5.028902E+2
8.485168E+2	4.896115E+2
8.487631E+2	4.760596E+2
8.490094E+2	4.623656E+2
8.492557E+2	4.485842E+2
8.495020E+2	4.352673E+2
8.497483E+2	4.221962E+2
8.499946E+2	4.092071E+2
8.502408E+2	3.967591E+2
8.504871E+2	3.845459E+2
8.507333E+2	3.723711E+2
8.509796E+2	3.600760E+2
8.512258E+2	3.483219E+2
8.514720E+2	3.370159E+2
8.517182E+2	3.255405E+2
8.519644E+2	3.143438E+2
8.522106E+2	3.037481E+2
8.524568E+2	2.938683E+2
8.527030E+2	2.840268E+2
8.529492E+2	2.747372E+2
8.531953E+2	2.657591E+2
8.534415E+2	2.567755E+2
8.536876E+2	2.480979E+2
8.539337E+2	2.397591E+2
8.541799E+2	2.321416E+2
8.544260E+2	2.248520E+2
8.546721E+2	2.181908E+2
8.549182E+2	2.113055E+2
8.551643E+2	2.050596E+2
8.554103E+2	1.985569E+2
8.556564E+2	1.924858E+2
8.559024E+2	1.868465E+2
8.561485E+2	1.812454E+2
8.563945E+2	1.759558E+2
8.566406E+2	1.711088E+2
8.568866E+2	1.663929E+2
8.571326E+2	1.622017E+2
8.573786E+2	1.579011E+2
8.576246E+2	1.541962E+2
8.578706E+2	1.508574E+2
8.581166E+2	1.477536E+2
8.583625E+2	1.444968E+2
8.586085E+2	1.414367E+2
8.588544E+2	1.383656E+2
8.591004E+2	1.355514E+2
8.593463E+2	1.326388E+2
8.595922E+2	1.298738E+2
8.598381E+2	1.269776E+2
8.600840E+2	1.242399E+2
8.603299E+2	1.218957E+2
8.605758E+2	1.192891E+2
8.608217E+2	1.167645E+2
8.610675E+2	1.142454E+2
8.613134E+2	1.116989E+2
8.615592E+2	1.094585E+2
8.618051E+2	1.071908E+2
8.620509E+2	1.048137E+2
8.622967E+2	1.023492E+2
8.625425E+2	1.002235E+2
8.627883E+2	9.772081E+1
8.630341E+2	9.518529E+1
8.632799E+2	9.304321E+1
8.635257E+2	9.102135E+1
8.637715E+2	8.885742E+1
8.640172E+2	8.681917E+1
8.642630E+2	8.520168E+1
8.645087E+2	8.343665E+1
8.647544E+2	8.179185E+1
8.650001E+2	8.022354E+1
8.652459E+2	7.836015E+1
8.654916E+2	7.684649E+1
8.657372E+2	7.531644E+1
8.659829E+2	7.399950E+1
8.662286E+2	7.268256E+1
8.664743E+2	7.113064E+1
8.667199E+2	7.004868E+1
8.669656E+2	6.864977E+1
8.672112E+2	6.733829E+1
8.674568E+2	6.626179E+1
8.677024E+2	6.507053E+1
8.679481E+2	6.384649E+1
8.681937E+2	6.303775E+1
8.684392E+2	6.192846E+1
8.686848E+2	6.101589E+1
8.689304E+2	6.020715E+1
8.691760E+2	5.929458E+1
8.694215E+2	5.835469E+1
8.696671E+2	5.733283E+1
8.699126E+2	5.678092E+1
8.701581E+2	5.591206E+1
8.704036E+2	5.558966E+1
8.706491E+2	5.490660E+1
8.708946E+2	5.391206E+1
8.711401E+2	5.318529E+1
8.713856E+2	5.259512E+1
8.716311E+2	5.185742E+1
8.718766E+2	5.119622E+1
8.721220E+2	5.063338E+1
8.723674E+2	5.009786E+1
8.726129E+2	4.961152E+1
8.728583E+2	4.914704E+1
8.731037E+2	4.861152E+1
8.733491E+2	4.781917E+1
8.735945E+2	4.723447E+1
8.738399E+2	4.677545E+1
8.740853E+2	4.627272E+1
8.743307E+2	4.597217E+1
8.745760E+2	4.523993E+1
8.748214E+2	4.489021E+1
8.750667E+2	4.449130E+1
8.753121E+2	4.351316E+1
8.755574E+2	4.296124E+1
8.758027E+2	4.238747E+1
8.760480E+2	4.201589E+1
8.762933E+2	4.144758E+1
8.765386E+2	4.058420E+1
8.767839E+2	3.993392E+1
8.770291E+2	3.937654E+1
8.772744E+2	3.898857E+1
8.775196E+2	3.850223E+1
8.777649E+2	3.812518E+1
8.780101E+2	3.786288E+1
8.782553E+2	3.741480E+1
8.785006E+2	3.689021E+1
8.787458E+2	3.628365E+1
8.789910E+2	3.598857E+1
8.792361E+2	3.570988E+1
8.794813E+2	3.537108E+1
8.797265E+2	3.501042E+1
8.799717E+2	3.460605E+1
8.802168E+2	3.436015E+1
8.804619E+2	3.378638E+1
8.807071E+2	3.309786E+1
8.809522E+2	3.282463E+1
8.811973E+2	3.211971E+1
8.814424E+2	3.167709E+1
8.816875E+2	3.130551E+1
8.819326E+2	3.117982E+1
8.821777E+2	3.079731E+1
8.824227E+2	3.027272E+1
8.826678E+2	2.995032E+1
8.829128E+2	2.968802E+1
8.831579E+2	2.924540E+1
8.834029E+2	2.910879E+1
8.836479E+2	2.867163E+1
8.838929E+2	2.856780E+1
8.841379E+2	2.846398E+1
8.843829E+2	2.826179E+1
8.846279E+2	2.820715E+1
8.848729E+2	2.778638E+1
8.851179E+2	2.752409E+1
8.853628E+2	2.689567E+1
8.856078E+2	2.660605E+1
8.858527E+2	2.634922E+1
8.860976E+2	2.629458E+1
8.863425E+2	2.603228E+1
8.865875E+2	2.592299E+1
8.868324E+2	2.562791E+1
8.870772E+2	2.529458E+1
8.873221E+2	2.532190E+1
8.875670E+2	2.495578E+1
8.878119E+2	2.462245E+1
8.880567E+2	2.453501E+1
8.883016E+2	2.457327E+1
8.885464E+2	2.415250E+1
8.887912E+2	2.399403E+1
8.890360E+2	2.373174E+1
8.892809E+2	2.349676E+1
8.895257E+2	2.338747E+1
8.897704E+2	2.319075E+1
8.900152E+2	2.277545E+1
8.902600E+2	2.274266E+1
8.905048E+2	2.269895E+1
8.907495E+2	2.255141E+1
8.909943E+2	2.220715E+1
8.912390E+2	2.201589E+1
8.914837E+2	2.220168E+1
8.917284E+2	2.208693E+1
8.919731E+2	2.195578E+1
8.922178E+2	2.167163E+1
8.924625E+2	2.151316E+1
8.927072E+2	2.142026E+1
8.929519E+2	2.098310E+1
8.931965E+2	2.078092E+1
8.934412E+2	2.075906E+1
8.936858E+2	2.082463E+1
8.939305E+2	2.071534E+1
8.941751E+2	2.061152E+1
8.944197E+2	2.036562E+1
8.946643E+2	2.013064E+1
8.949089E+2	2.005960E+1
8.951535E+2	2.001042E+1
8.953981E+2	1.985195E+1
8.956426E+2	2.011425E+1
8.958872E+2	1.979185E+1
8.961317E+2	1.968256E+1
8.963763E+2	1.942573E+1
8.966208E+2	1.916343E+1
8.968653E+2	1.896671E+1
8.971098E+2	1.898857E+1
8.973543E+2	1.913064E+1
8.975988E+2	1.908693E+1
8.978433E+2	1.907600E+1
8.980878E+2	1.893939E+1
8.983323E+2	1.893392E+1
8.985767E+2	1.897217E+1
8.988212E+2	1.879731E+1
8.990656E+2	1.869895E+1
8.993100E+2	1.856780E+1
8.995545E+2	1.837654E+1
8.997989E+2	1.831644E+1
9.000433E+2	1.813064E+1
9.002877E+2	1.805960E+1
9.005320E+2	1.799950E+1
9.007764E+2	1.815250E+1
9.010208E+2	1.789021E+1
9.012651E+2	1.766070E+1
9.015095E+2	1.751316E+1
9.017538E+2	1.740933E+1
9.019981E+2	1.717982E+1
9.022425E+2	1.690660E+1
9.024868E+2	1.698310E+1
9.027311E+2	1.680824E+1
9.029754E+2	1.677545E+1
9.032196E+2	1.644758E+1
9.034639E+2	1.654048E+1
9.037082E+2	1.631644E+1
9.039524E+2	1.626726E+1
9.041967E+2	1.591206E+1
9.044409E+2	1.570441E+1
9.046851E+2	1.568802E+1
9.049293E+2	1.611425E+1
9.051736E+2	1.599950E+1
9.054177E+2	1.581370E+1
9.056619E+2	1.584649E+1
9.059061E+2	1.576999E+1
9.061503E+2	1.561698E+1
9.063944E+2	1.546944E+1
9.066386E+2	1.531644E+1
9.068827E+2	1.532736E+1
9.071269E+2	1.534376E+1
9.073710E+2	1.526726E+1
9.076151E+2	1.525086E+1
9.078592E+2	1.536015E+1
9.081033E+2	1.546944E+1
9.083474E+2	1.543665E+1
9.085915E+2	1.536015E+1
9.088355E+2	1.543119E+1
9.090796E+2	1.521261E+1
9.093236E+2	1.524540E+1
9.095677E+2	1.514704E+1
9.098117E+2	1.487381E+1
9.100557E+2	1.474813E+1
9.102997E+2	1.473720E+1
9.105437E+2	1.459512E+1
9.107877E+2	1.470441E+1
9.110317E+2	1.503775E+1
9.112757E+2	1.508146E+1
9.115197E+2	1.509786E+1
9.117636E+2	1.519622E+1
9.120076E+2	1.500496E+1
9.122515E+2	1.480277E+1
9.124954E+2	1.491206E+1
9.127393E+2	1.480824E+1
9.129832E+2	1.487928E+1
9.132271E+2	1.458420E+1
9.134710E+2	1.447491E+1
9.137149E+2	1.443119E+1
9.139588E+2	1.445851E+1
9.142026E+2	1.444212E+1
9.144465E+2	1.432736E+1
9.146903E+2	1.426726E+1
9.149342E+2	1.438747E+1
9.151780E+2	1.432190E+1
9.154218E+2	1.463884E+1
9.156656E+2	1.458966E+1
9.159094E+2	1.470441E+1
9.161532E+2	1.498857E+1
9.163970E+2	1.489567E+1
9.166408E+2	1.478092E+1
9.168845E+2	1.491206E+1
9.171283E+2	1.495032E+1
9.173720E+2	1.495578E+1
9.176157E+2	1.528911E+1
9.178595E+2	1.527272E+1
9.181032E+2	1.534376E+1
9.183469E+2	1.519622E+1
9.185906E+2	1.516343E+1
9.188343E+2	1.491206E+1
9.190779E+2	1.518529E+1
9.193216E+2	1.521261E+1
9.195653E+2	1.514704E+1
9.198089E+2	1.488474E+1
9.200525E+2	1.478638E+1
9.202962E+2	1.486835E+1
9.205398E+2	1.481917E+1
9.207834E+2	1.481917E+1
9.210270E+2	1.496124E+1
9.212706E+2	1.509239E+1
9.215142E+2	1.522900E+1
9.217577E+2	1.514157E+1
9.220013E+2	1.513611E+1
9.222449E+2	1.506507E+1
9.224884E+2	1.517982E+1
9.227319E+2	1.527272E+1
9.229755E+2	1.500496E+1
9.232190E+2	1.468256E+1
9.234625E+2	1.461152E+1
9.237060E+2	1.451316E+1
9.239495E+2	1.470441E+1
9.241930E+2	1.448037E+1
9.244364E+2	1.449130E+1
9.246799E+2	1.461152E+1
9.249233E+2	1.456234E+1
9.251668E+2	1.449130E+1
9.254102E+2	1.421807E+1
9.256536E+2	1.425086E+1
9.258971E+2	1.421807E+1
9.261405E+2	1.425086E+1
9.263839E+2	1.433829E+1
9.266272E+2	1.409786E+1
9.268706E+2	1.433829E+1
9.271140E+2	1.422900E+1
9.273573E+2	1.393392E+1
9.276007E+2	1.407053E+1
9.278440E+2	1.402682E+1
9.280874E+2	1.401042E+1
9.283307E+2	1.388474E+1
9.285740E+2	1.388474E+1
9.288173E+2	1.367163E+1
9.290606E+2	1.363884E+1
9.293039E+2	1.372627E+1
9.295471E+2	1.380277E+1
9.297904E+2	1.401042E+1
9.300337E+2	1.393939E+1
9.302769E+2	1.366616E+1
9.305201E+2	1.352409E+1
9.307634E+2	1.361152E+1
9.310066E+2	1.357327E+1
9.312498E+2	1.374813E+1
9.314930E+2	1.382463E+1
9.317362E+2	1.375359E+1
9.319794E+2	1.370441E+1
9.322225E+2	1.371534E+1
9.324657E+2	1.358420E+1
9.327088E+2	1.344758E+1
9.329520E+2	1.346398E+1
9.331951E+2	1.368256E+1
9.334382E+2	1.385195E+1
9.336814E+2	1.393939E+1
9.339245E+2	1.376999E+1
9.341676E+2	1.373174E+1
9.344106E+2	1.393392E+1
9.346537E+2	1.393939E+1
9.348968E+2	1.403775E+1
9.351398E+2	1.414704E+1
9.353829E+2	1.417436E+1
9.356259E+2	1.428911E+1
9.358690E+2	1.444758E+1
9.361120E+2	1.415250E+1
9.363550E+2	1.411971E+1
9.365980E+2	1.423993E+1
9.368410E+2	1.423447E+1
9.370840E+2	1.443119E+1
9.373269E+2	1.411971E+1
9.375699E+2	1.397217E+1
9.378129E+2	1.399403E+1
9.380558E+2	1.405960E+1
9.382987E+2	1.393939E+1
9.385417E+2	1.387381E+1
9.387846E+2	1.352409E+1
9.390275E+2	1.372081E+1
9.392704E+2	1.378092E+1
9.395133E+2	1.387928E+1
9.397562E+2	1.401042E+1
9.399990E+2	1.416343E+1
9.402419E+2	1.439840E+1
9.404847E+2	1.433283E+1
9.407276E+2	1.409786E+1
9.409704E+2	1.426179E+1
9.412132E+2	1.409239E+1
9.414560E+2	1.438201E+1
9.416988E+2	1.414157E+1
9.419416E+2	1.415250E+1
9.421844E+2	1.424540E+1
9.424272E+2	1.431097E+1
9.426700E+2	1.420168E+1
9.429127E+2	1.434376E+1
9.431555E+2	1.448037E+1
9.433982E+2	1.439840E+1
9.436409E+2	1.443119E+1
9.438837E+2	1.431097E+1
9.441264E+2	1.423447E+1
9.443691E+2	1.432736E+1
9.446118E+2	1.404321E+1
9.448544E+2	1.423447E+1
9.450971E+2	1.433829E+1
9.453398E+2	1.442573E+1
9.455824E+2	1.424540E+1
9.458251E+2	1.424540E+1
9.460677E+2	1.438747E+1
9.463103E+2	1.443119E+1
9.465530E+2	1.449676E+1
9.467956E+2	1.434376E+1
9.470382E+2	1.426726E+1
9.472807E+2	1.417436E+1
9.475233E+2	1.404321E+1
9.477659E+2	1.398310E+1
9.480084E+2	1.379185E+1
9.482510E+2	1.366616E+1
9.484935E+2	1.386288E+1
9.487361E+2	1.399403E+1
9.489786E+2	1.426726E+1
9.492211E+2	1.400496E+1
9.494636E+2	1.404868E+1
9.497061E+2	1.402135E+1
9.499486E+2	1.378638E+1
9.501911E+2	1.391206E+1
9.504335E+2	1.384103E+1
9.506760E+2	1.380277E+1
9.509184E+2	1.389567E+1
9.511609E+2	1.386288E+1
9.514033E+2	1.381370E+1
9.516457E+2	1.385742E+1
9.518881E+2	1.384649E+1
9.521305E+2	1.393392E+1
9.523729E+2	1.388474E+1
9.526153E+2	1.403775E+1
9.528576E+2	1.404868E+1
9.531000E+2	1.426179E+1
9.533424E+2	1.445851E+1
9.535847E+2	1.438747E+1
9.538270E+2	1.430551E+1
9.540694E+2	1.407600E+1
9.543117E+2	1.393939E+1
9.545540E+2	1.401042E+1
9.547963E+2	1.401042E+1
9.550386E+2	1.413064E+1
9.552808E+2	1.417982E+1
9.555231E+2	1.427818E+1
9.557654E+2	1.395578E+1
9.560076E+2	1.391753E+1
9.562498E+2	1.375906E+1
9.564921E+2	1.405960E+1
9.567343E+2	1.416343E+1
9.569765E+2	1.416889E+1
9.572187E+2	1.389567E+1
9.574609E+2	1.383556E+1
9.577031E+2	1.369348E+1
9.579452E+2	1.369348E+1
9.581874E+2	1.379185E+1
9.584296E+2	1.402682E+1
9.586717E+2	1.404868E+1
9.589138E+2	1.401589E+1
9.591560E+2	1.375359E+1
9.593981E+2	1.366616E+1
9.596402E+2	1.360605E+1
9.598823E+2	1.363338E+1
9.601244E+2	1.356234E+1
9.603664E+2	1.366070E+1
9.606085E+2	1.349676E+1
9.608506E+2	1.320715E+1
9.610926E+2	1.300496E+1
9.613347E+2	1.314704E+1
9.615767E+2	1.326179E+1
9.618187E+2	1.328365E+1
9.620607E+2	1.331097E+1
9.623027E+2	1.352955E+1
9.625447E+2	1.355141E+1
9.627867E+2	1.344758E+1
9.630287E+2	1.334922E+1
9.632706E+2	1.303228E+1
9.635126E+2	1.302135E+1
9.637545E+2	1.284649E+1
9.639965E+2	1.340387E+1
9.642384E+2	1.345305E+1
9.644803E+2	1.343665E+1
9.647222E+2	1.346944E+1
9.649641E+2	1.322900E+1
9.652060E+2	1.320715E+1
9.654479E+2	1.301589E+1
9.656897E+2	1.305414E+1
9.659316E+2	1.307053E+1
9.661734E+2	1.293392E+1
9.664153E+2	1.296671E+1
9.666571E+2	1.275906E+1
9.668989E+2	1.290113E+1
9.671408E+2	1.319075E+1
9.673826E+2	1.331097E+1
9.676243E+2	1.364430E+1
9.678661E+2	1.354594E+1
9.681079E+2	1.366616E+1
9.683497E+2	1.396124E+1
9.685914E+2	1.413064E+1
9.688332E+2	1.442026E+1
9.690749E+2	1.451862E+1
9.693166E+2	1.423993E+1
9.695583E+2	1.404868E+1
9.698001E+2	1.378092E+1
9.700417E+2	1.369348E+1
9.702834E+2	1.368802E+1
9.705251E+2	1.383010E+1
9.707668E+2	1.393939E+1
9.710084E+2	1.401589E+1
9.712501E+2	1.389021E+1
9.714917E+2	1.407053E+1
9.717334E+2	1.409786E+1
9.719750E+2	1.421807E+1
9.722166E+2	1.426179E+1
9.724582E+2	1.442573E+1
9.726998E+2	1.434922E+1
9.729414E+2	1.428911E+1
9.731830E+2	1.393939E+1
9.734245E+2	1.410879E+1
9.736661E+2	1.422900E+1
9.739076E+2	1.442026E+1
9.741492E+2	1.449130E+1
9.743907E+2	1.436562E+1
9.746322E+2	1.426179E+1
9.748737E+2	1.413611E+1
9.751152E+2	1.427818E+1
9.753567E+2	1.440933E+1
9.755982E+2	1.468256E+1
9.758396E+2	1.487381E+1
9.760811E+2	1.480277E+1
9.763226E+2	1.519622E+1
9.765640E+2	1.511971E+1
9.768054E+2	1.500496E+1
9.770468E+2	1.478092E+1
9.772883E+2	1.486288E+1
9.775297E+2	1.498310E+1
9.777711E+2	1.505960E+1
9.780124E+2	1.488474E+1
9.782538E+2	1.475359E+1
9.784952E+2	1.469895E+1
9.787365E+2	1.419075E+1
9.789779E+2	1.407053E+1
9.792192E+2	1.415797E+1
9.794605E+2	1.419622E+1
9.797019E+2	1.450769E+1
9.799432E+2	1.451316E+1
9.801845E+2	1.455141E+1
9.804257E+2	1.444212E+1
9.806670E+2	1.454594E+1
9.809083E+2	1.455141E+1
9.811496E+2	1.485742E+1
9.813908E+2	1.492846E+1
9.816320E+2	1.485742E+1
9.818733E+2	1.446398E+1
9.821145E+2	1.413064E+1
9.823557E+2	1.391206E+1
9.825969E+2	1.394485E+1
9.828381E+2	1.366070E+1
9.830793E+2	1.378092E+1
9.833205E+2	1.361698E+1
9.835616E+2	1.360605E+1
9.838028E+2	1.348583E+1
9.840439E+2	1.357327E+1
9.842851E+2	1.351862E+1
9.845262E+2	1.358966E+1
9.847673E+2	1.368256E+1
9.850084E+2	1.362791E+1
9.852495E+2	1.373720E+1
9.854906E+2	1.356780E+1
9.857317E+2	1.354048E+1
9.859727E+2	1.351862E+1
9.862138E+2	1.343665E+1
9.864549E+2	1.363884E+1
9.866959E+2	1.363338E+1
9.869369E+2	1.373720E+1
9.871779E+2	1.371534E+1
9.874190E+2	1.391753E+1
9.876600E+2	1.389567E+1
9.879010E+2	1.417982E+1
9.881419E+2	1.417436E+1
9.883829E+2	1.424540E+1
9.886239E+2	1.420168E+1
9.888648E+2	1.410332E+1
9.891058E+2	1.433283E+1
9.893467E+2	1.450769E+1
9.895876E+2	1.462245E+1
9.898285E+2	1.449130E+1
9.900695E+2	1.441480E+1
9.903104E+2	1.417436E+1
9.905512E+2	1.427818E+1
9.907921E+2	1.419622E+1
9.910330E+2	1.401589E+1
9.912738E+2	1.406507E+1
9.915147E+2	1.436562E+1
9.917555E+2	1.457327E+1
9.919964E+2	1.483010E+1
9.922372E+2	1.466616E+1
9.924780E+2	1.468802E+1
9.927188E+2	1.503775E+1
9.929596E+2	1.523447E+1
9.932004E+2	1.525633E+1
9.934411E+2	1.499403E+1
9.936819E+2	1.477545E+1
9.939227E+2	1.471534E+1
9.941634E+2	1.493939E+1
9.944041E+2	1.467163E+1
9.946449E+2	1.469348E+1
9.948856E+2	1.480277E+1
9.951263E+2	1.490113E+1
9.953670E+2	1.478638E+1
9.956077E+2	1.486835E+1
9.958483E+2	1.466616E+1
9.960890E+2	1.451862E+1
9.963297E+2	1.437108E+1
9.965703E+2	1.450769E+1
9.968109E+2	1.472627E+1
9.970516E+2	1.461152E+1
9.972922E+2	1.438747E+1
9.975328E+2	1.440933E+1
9.977734E+2	1.415250E+1
9.980140E+2	1.410332E+1
9.982546E+2	1.395032E+1
9.984951E+2	1.422900E+1
9.987357E+2	1.430551E+1
9.989763E+2	1.444758E+1
9.992168E+2	1.436562E+1
9.994573E+2	1.427818E+1
9.996978E+2	1.430551E+1
9.999384E+2	1.425086E+1
1.000179E+3	1.417982E+1
1.000419E+3	1.405960E+1
1.000660E+3	1.407600E+1
1.000900E+3	1.409239E+1
1.001141E+3	1.386288E+1
1.001381E+3	1.383010E+1
1.001622E+3	1.379185E+1
1.001862E+3	1.363338E+1
1.002103E+3	1.370441E+1
1.002343E+3	1.363884E+1
1.002583E+3	1.367163E+1
1.002824E+3	1.365523E+1
1.003064E+3	1.371534E+1
1.003305E+3	1.391753E+1
1.003545E+3	1.390113E+1
1.003785E+3	1.373174E+1
1.004026E+3	1.352409E+1
1.004266E+3	1.380277E+1
1.004506E+3	1.394485E+1
1.004747E+3	1.409786E+1
1.004987E+3	1.403228E+1
1.005227E+3	1.386835E+1
1.005468E+3	1.393392E+1
1.005708E+3	1.367709E+1
1.005948E+3	1.366616E+1
1.006188E+3	1.345851E+1
1.006429E+3	1.350223E+1
1.006669E+3	1.329458E+1
1.006909E+3	1.346944E+1
1.007149E+3	1.351862E+1
1.007390E+3	1.344758E+1
1.007630E+3	1.326726E+1
1.007870E+3	1.329458E+1
1.008110E+3	1.354594E+1
1.008350E+3	1.371534E+1
1.008590E+3	1.379731E+1
1.008831E+3	1.383010E+1
1.009071E+3	1.402682E+1
1.009311E+3	1.395578E+1
1.009551E+3	1.387381E+1
1.009791E+3	1.373720E+1
1.010031E+3	1.381917E+1
1.010271E+3	1.388474E+1
1.010511E+3	1.373720E+1
1.010752E+3	1.397217E+1
1.010992E+3	1.421261E+1
1.011232E+3	1.420168E+1
1.011472E+3	1.405414E+1
1.011712E+3	1.401042E+1
1.011952E+3	1.430551E+1
1.012192E+3	1.426726E+1
1.012432E+3	1.428365E+1
1.012672E+3	1.408693E+1
1.012912E+3	1.436015E+1
1.013152E+3	1.422354E+1
1.013392E+3	1.410879E+1
1.013632E+3	1.392299E+1
1.013872E+3	1.403228E+1
1.014112E+3	1.408146E+1
1.014352E+3	1.417982E+1
1.014591E+3	1.440387E+1
1.014831E+3	1.480824E+1
1.015071E+3	1.498857E+1
1.015311E+3	1.490660E+1
1.015551E+3	1.478092E+1
1.015791E+3	1.467709E+1
1.016031E+3	1.474813E+1
1.016271E+3	1.489567E+1
1.016511E+3	1.483556E+1
1.016750E+3	1.468802E+1
1.016990E+3	1.470441E+1
1.017230E+3	1.453501E+1
1.017470E+3	1.446398E+1
1.017710E+3	1.424540E+1
1.017949E+3	1.399403E+1
1.018189E+3	1.408693E+1
1.018429E+3	1.383010E+1
1.018669E+3	1.390113E+1
1.018908E+3	1.355687E+1
1.019148E+3	1.340387E+1
1.019388E+3	1.314157E+1
1.019628E+3	1.321261E+1
1.019867E+3	1.336015E+1
1.020107E+3	1.319622E+1
1.020347E+3	1.317436E+1
1.020586E+3	1.320715E+1
1.020826E+3	1.328365E+1
1.021066E+3	1.308146E+1
1.021305E+3	1.301042E+1
1.021545E+3	1.288474E+1
1.021785E+3	1.260605E+1
1.022024E+3	1.278638E+1
1.022264E+3	1.288474E+1
1.022504E+3	1.291206E+1
1.022743E+3	1.295032E+1
1.022983E+3	1.321807E+1
1.023222E+3	1.311971E+1
1.023462E+3	1.296124E+1
1.023702E+3	1.267709E+1
1.023941E+3	1.290113E+1
1.024181E+3	1.286835E+1
1.024420E+3	1.267709E+1
1.024660E+3	1.259512E+1
1.024899E+3	1.266616E+1
1.025139E+3	1.262245E+1
1.025378E+3	1.238747E+1
1.025618E+3	1.225086E+1
1.025857E+3	1.236015E+1
1.026097E+3	1.220715E+1
1.026336E+3	1.228911E+1
1.026575E+3	1.221807E+1
1.026815E+3	1.234376E+1
1.027054E+3	1.231097E+1
1.027294E+3	1.269348E+1
1.027533E+3	1.234922E+1
1.027773E+3	1.227818E+1
1.028012E+3	1.243119E+1
1.028251E+3	1.270988E+1
1.028491E+3	1.285742E+1
1.028730E+3	1.281370E+1
1.028969E+3	1.268802E+1
1.029209E+3	1.244758E+1
1.029448E+3	1.230551E+1
1.029687E+3	1.225086E+1
1.029927E+3	1.221261E+1
1.030166E+3	1.220168E+1
1.030405E+3	1.232736E+1
1.030645E+3	1.207600E+1
1.030884E+3	1.189021E+1
1.031123E+3	1.197217E+1
1.031362E+3	1.180277E+1
1.031602E+3	1.210332E+1
1.031841E+3	1.211425E+1
1.032080E+3	1.216889E+1
1.032319E+3	1.214157E+1
1.032558E+3	1.224540E+1
1.032798E+3	1.217436E+1
1.033037E+3	1.253501E+1
1.033276E+3	1.247491E+1
1.033515E+3	1.259512E+1
1.033754E+3	1.249676E+1
1.033993E+3	1.263338E+1
1.034233E+3	1.263884E+1
1.034472E+3	1.231644E+1
1.034711E+3	1.228365E+1
1.034950E+3	1.224540E+1
1.035189E+3	1.187381E+1
1.035428E+3	1.160059E+1
1.035667E+3	1.158420E+1
1.035906E+3	1.149676E+1
1.036145E+3	1.178638E+1
1.036384E+3	1.184103E+1
1.036623E+3	1.175359E+1
1.036862E+3	1.169895E+1
1.037101E+3	1.151862E+1
1.037340E+3	1.142573E+1
1.037579E+3	1.120168E+1
1.037818E+3	1.104868E+1
1.038057E+3	1.079185E+1
1.038296E+3	1.086835E+1
1.038535E+3	1.072081E+1
1.038774E+3	1.067163E+1
1.039013E+3	1.090113E+1
1.039252E+3	1.083556E+1
1.039491E+3	1.069348E+1
1.039730E+3	1.080824E+1
1.039969E+3	1.097217E+1
1.040208E+3	1.092846E+1
1.040447E+3	1.072627E+1
1.040685E+3	1.103775E+1
1.040924E+3	1.097217E+1
1.041163E+3	1.081917E+1
1.041402E+3	1.061698E+1
1.041641E+3	1.069895E+1
1.041880E+3	1.060605E+1
1.042118E+3	1.074266E+1
1.042357E+3	1.060605E+1
1.042596E+3	1.052409E+1
1.042835E+3	1.024540E+1
1.043074E+3	9.944851E+0
1.043312E+3	9.797310E+0
1.043551E+3	9.682556E+0
1.043790E+3	9.851955E+0
1.044029E+3	9.808239E+0
1.044267E+3	9.638840E+0
1.044506E+3	9.846490E+0
1.044745E+3	9.994031E+0
1.044983E+3	9.939386E+0
1.045222E+3	1.018529E+1
1.045461E+3	1.030004E+1
1.045699E+3	1.028365E+1
1.045938E+3	1.030004E+1
1.046177E+3	9.731736E+0
1.046415E+3	9.567802E+0
1.046654E+3	9.458512E+0
1.046893E+3	9.556873E+0
1.047131E+3	9.420261E+0
1.047370E+3	9.677091E+0
1.047608E+3	9.507692E+0
1.047847E+3	9.540479E+0
1.048086E+3	9.382009E+0
1.048324E+3	9.535015E+0
1.048563E+3	9.638840E+0
1.048801E+3	9.556873E+0
1.049040E+3	9.693485E+0
1.049278E+3	9.644304E+0
1.049517E+3	9.780916E+0
1.049755E+3	1.016343E+1
1.049994E+3	1.015797E+1
1.050232E+3	1.008693E+1
1.050471E+3	9.994031E+0
1.050709E+3	9.644304E+0
1.050948E+3	9.764523E+0
1.051186E+3	9.655233E+0
1.051424E+3	9.655233E+0
1.051663E+3	9.688020E+0
1.051901E+3	9.666162E+0
1.052140E+3	9.382009E+0
1.052378E+3	9.491299E+0
1.052616E+3	9.633375E+0
1.052855E+3	9.802774E+0
1.053093E+3	9.802774E+0
1.053332E+3	9.764523E+0
1.053570E+3	9.841026E+0
1.053808E+3	9.917528E+0
1.054047E+3	1.001589E+1
1.054285E+3	1.000496E+1
1.054523E+3	9.830097E+0
1.054761E+3	9.649769E+0
1.055000E+3	9.720807E+0
1.055238E+3	9.742665E+0
1.055476E+3	9.677091E+0
1.055715E+3	9.485834E+0
1.055953E+3	9.398403E+0
1.056191E+3	9.250862E+0
1.056429E+3	9.185288E+0
1.056667E+3	9.174359E+0
1.056906E+3	9.289113E+0
1.057144E+3	9.310971E+0
1.057382E+3	9.447583E+0
1.057620E+3	9.540479E+0
1.057858E+3	9.655233E+0
1.058097E+3	9.737201E+0
1.058335E+3	9.414796E+0
1.058573E+3	9.316435E+0
1.058811E+3	9.442119E+0
1.059049E+3	9.420261E+0
1.059287E+3	9.332829E+0
1.059525E+3	9.163430E+0
1.059763E+3	8.857419E+0
1.060001E+3	8.704414E+0
1.060239E+3	8.600588E+0
1.060478E+3	8.545944E+0
1.060716E+3	8.688020E+0
1.060954E+3	8.851955E+0
1.061192E+3	9.075998E+0
1.061430E+3	8.961244E+0
1.061668E+3	8.901135E+0
1.061906E+3	8.813703E+0
1.062144E+3	8.786381E+0
1.062382E+3	8.759058E+0
1.062620E+3	8.890206E+0
1.062858E+3	8.518621E+0
1.063096E+3	8.256326E+0
1.063333E+3	8.294578E+0
1.063571E+3	8.152501E+0
1.063809E+3	7.994031E+0
1.064047E+3	7.884741E+0
1.064285E+3	7.677091E+0
1.064523E+3	7.868348E+0
1.064761E+3	8.004960E+0
1.064999E+3	8.070534E+0
1.065237E+3	8.185288E+0
1.065474E+3	8.403867E+0
1.065712E+3	8.321900E+0
1.065950E+3	8.218075E+0
1.066188E+3	8.092392E+0
1.066426E+3	7.961244E+0
1.066664E+3	7.955780E+0
1.066901E+3	7.786381E+0
1.067139E+3	7.912064E+0
1.067377E+3	7.813703E+0
1.067615E+3	7.633375E+0
1.067852E+3	7.562337E+0
1.068090E+3	7.278184E+0
1.068328E+3	7.108785E+0
1.068566E+3	6.879277E+0
1.068803E+3	6.715343E+0
1.069041E+3	6.688020E+0
1.069279E+3	6.819168E+0
1.069516E+3	6.813703E+0
1.069754E+3	6.622446E+0
1.069992E+3	6.677091E+0
1.070229E+3	6.857419E+0
1.070467E+3	7.043211E+0
1.070705E+3	7.130643E+0
1.070942E+3	7.026818E+0
1.071180E+3	6.890206E+0
1.071418E+3	6.769987E+0
1.071655E+3	6.655233E+0
1.071893E+3	6.480370E+0
1.072130E+3	6.382009E+0
1.072368E+3	6.567802E+0
1.072605E+3	6.535015E+0
1.072843E+3	6.638840E+0
1.073081E+3	6.720807E+0
1.073318E+3	6.742665E+0
1.073556E+3	6.513157E+0
1.073793E+3	6.261791E+0
1.074031E+3	6.469441E+0
1.074268E+3	6.551408E+0
1.074506E+3	6.715343E+0
1.074743E+3	6.922993E+0
1.074981E+3	6.906599E+0
1.075218E+3	7.092392E+0
1.075455E+3	7.147037E+0
1.075693E+3	7.103321E+0
1.075930E+3	6.983102E+0
1.076168E+3	6.961244E+0
1.076405E+3	7.103321E+0
1.076642E+3	7.234468E+0
1.076880E+3	7.480370E+0
1.077117E+3	7.507692E+0
1.077355E+3	7.688020E+0
1.077592E+3	7.961244E+0
1.077829E+3	7.851955E+0
1.078067E+3	7.950315E+0
1.078304E+3	8.190752E+0
1.078541E+3	8.414796E+0
1.078779E+3	8.562337E+0
1.079016E+3	8.595124E+0
1.079253E+3	8.535015E+0
1.079490E+3	8.327364E+0
1.079728E+3	8.371080E+0
1.079965E+3	8.152501E+0
1.080202E+3	8.305507E+0
1.080439E+3	8.239933E+0
1.080677E+3	8.305507E+0
1.080914E+3	8.387474E+0
1.081151E+3	8.753594E+0
1.081388E+3	9.103321E+0
1.081625E+3	8.939386E+0
1.081863E+3	8.769987E+0
1.082100E+3	8.868348E+0
1.082337E+3	8.737201E+0
1.082574E+3	8.955780E+0
1.082811E+3	9.190752E+0
1.083048E+3	9.125179E+0
1.083285E+3	8.879277E+0
1.083522E+3	9.059605E+0
1.083760E+3	9.108785E+0
1.083997E+3	9.070534E+0
1.084234E+3	9.097856E+0
1.084471E+3	9.130643E+0
1.084708E+3	9.157966E+0
1.084945E+3	9.136108E+0
1.085182E+3	9.065069E+0
1.085419E+3	9.272720E+0
1.085656E+3	9.398403E+0
1.085893E+3	9.589660E+0
1.086130E+3	9.578731E+0
1.086367E+3	9.797310E+0
1.086604E+3	1.001042E+1
1.086841E+3	9.764523E+0
1.087078E+3	9.600588E+0
1.087315E+3	9.775452E+0
1.087552E+3	9.677091E+0
1.087789E+3	9.491299E+0
1.088026E+3	9.365616E+0
1.088262E+3	9.567802E+0
1.088499E+3	9.698949E+0
1.088736E+3	9.698949E+0
1.088973E+3	9.529550E+0
1.089210E+3	9.485834E+0
1.089447E+3	9.431190E+0
1.089684E+3	9.272720E+0
1.089921E+3	9.147037E+0
1.090157E+3	9.223539E+0
1.090394E+3	9.261791E+0
1.090631E+3	9.387474E+0
1.090868E+3	9.081463E+0
1.091105E+3	8.912064E+0
1.091341E+3	8.808239E+0
1.091578E+3	8.535015E+0
1.091815E+3	8.316435E+0
1.092052E+3	8.043211E+0
1.092288E+3	8.125179E+0
1.092525E+3	8.174359E+0
1.092762E+3	8.037747E+0
1.092999E+3	7.824632E+0
1.093235E+3	7.819168E+0
1.093472E+3	7.589660E+0
1.093709E+3	7.387474E+0
1.093945E+3	7.562337E+0
1.094182E+3	7.567802E+0
1.094419E+3	7.513157E+0
1.094655E+3	7.316435E+0
1.094892E+3	7.354687E+0
1.095128E+3	7.496763E+0
1.095365E+3	7.496763E+0
1.095602E+3	7.289113E+0
1.095838E+3	6.983102E+0
1.096075E+3	6.961244E+0
1.096311E+3	7.059605E+0
1.096548E+3	6.939386E+0
1.096784E+3	6.999496E+0
1.097021E+3	6.939386E+0
1.097258E+3	6.698949E+0
1.097494E+3	6.638840E+0
1.097731E+3	6.999496E+0
1.097967E+3	6.797310E+0
1.098204E+3	6.671627E+0
1.098440E+3	6.540479E+0
1.098677E+3	6.414796E+0
1.098913E+3	6.256326E+0
1.099149E+3	6.272720E+0
1.099386E+3	6.130643E+0
1.099622E+3	6.108785E+0
1.099859E+3	5.660698E+0
1.100095E+3	5.463976E+0
1.100332E+3	5.289113E+0
1.100568E+3	5.190752E+0
1.100804E+3	4.944851E+0
1.101041E+3	4.698949E+0
1.101277E+3	4.644304E+0
1.101513E+3	4.655233E+0
1.101750E+3	4.403867E+0
1.101986E+3	4.496763E+0
1.102222E+3	4.797310E+0
1.102459E+3	4.906599E+0
1.102695E+3	4.884741E+0
1.102931E+3	4.595124E+0
1.103168E+3	4.649769E+0
1.103404E+3	4.709878E+0
1.103640E+3	4.600588E+0
1.103876E+3	4.715343E+0
1.104113E+3	4.737201E+0
1.104349E+3	4.698949E+0
1.104585E+3	4.502228E+0
1.104821E+3	4.496763E+0
1.105057E+3	4.463976E+0
1.105294E+3	4.513157E+0
1.105530E+3	4.420261E+0
1.105766E+3	4.168894E+0
1.106002E+3	4.267255E+0
1.106238E+3	4.518621E+0
1.106474E+3	4.704414E+0
1.106711E+3	4.753594E+0
1.106947E+3	4.808239E+0
1.107183E+3	4.759058E+0
1.107419E+3	4.595124E+0
1.107655E+3	4.365616E+0
1.107891E+3	4.616982E+0
1.108127E+3	2.507692E+0
1.108363E+3	8.410256E-1
1.108599E+3	-1.492308E+0
1.108835E+3	2.841026E+0
1.109071E+3	1.084103E+1
1.109307E+3	2.050769E+1
1.109543E+3	5.507692E+0
1.109779E+3	9.174359E+0
1.110015E+3	2.174359E+0
1.110251E+3	7.174359E+0
1.110487E+3	1.084103E+1
1.110723E+3	5.174359E+0
1.110959E+3	7.841026E+0
1.111195E+3	5.841026E+0
1.111431E+3	2.841026E+0
1.111667E+3	8.841026E+0
1.111903E+3	1.841026E+0
1.112139E+3	4.841026E+0
1.112375E+3	9.841026E+0
1.112611E+3	-3.825641E+0
1.112847E+3	2.507692E+0
1.113082E+3	2.174359E+0
1.113318E+3	8.507692E+0
1.113554E+3	1.084103E+1
1.113790E+3	8.507692E+0
1.114026E+3	1.417436E+1
1.114262E+3	-1.492308E+0
1.114497E+3	-2.825641E+0
1.114733E+3	-3.825641E+0
1.114969E+3	1.450769E+1
