1.951292E+2	0.000000E+0
1.953960E+2	0.000000E+0
1.956629E+2	0.000000E+0
1.959298E+2	0.000000E+0
1.961966E+2	0.000000E+0
1.964635E+2	0.000000E+0
1.967303E+2	0.000000E+0
1.969972E+2	0.000000E+0
1.972640E+2	0.000000E+0
1.975308E+2	0.000000E+0
1.977977E+2	0.000000E+0
1.980645E+2	0.000000E+0
1.983313E+2	0.000000E+0
1.985981E+2	0.000000E+0
1.988649E+2	0.000000E+0
1.991316E+2	0.000000E+0
1.993984E+2	0.000000E+0
1.996652E+2	0.000000E+0
1.999320E+2	0.000000E+0
2.001987E+2	0.000000E+0
2.004655E+2	0.000000E+0
2.007322E+2	0.000000E+0
2.009989E+2	0.000000E+0
2.012657E+2	0.000000E+0
2.015324E+2	0.000000E+0
2.017991E+2	0.000000E+0
2.020658E+2	0.000000E+0
2.023325E+2	0.000000E+0
2.025992E+2	0.000000E+0
2.028659E+2	0.000000E+0
2.031326E+2	0.000000E+0
2.033992E+2	0.000000E+0
2.036659E+2	0.000000E+0
2.039325E+2	0.000000E+0
2.041992E+2	0.000000E+0
2.044658E+2	0.000000E+0
2.047325E+2	0.000000E+0
2.049991E+2	0.000000E+0
2.052657E+2	0.000000E+0
2.055323E+2	0.000000E+0
2.057989E+2	0.000000E+0
2.060655E+2	0.000000E+0
2.063321E+2	0.000000E+0
2.065987E+2	0.000000E+0
2.068653E+2	0.000000E+0
2.071319E+2	0.000000E+0
2.073984E+2	0.000000E+0
2.076650E+2	0.000000E+0
2.079315E+2	0.000000E+0
2.081981E+2	0.000000E+0
2.084646E+2	0.000000E+0
2.087311E+2	0.000000E+0
2.089977E+2	0.000000E+0
2.092642E+2	0.000000E+0
2.095307E+2	0.000000E+0
2.097972E+2	0.000000E+0
2.100637E+2	0.000000E+0
2.103302E+2	0.000000E+0
2.105966E+2	0.000000E+0
2.108631E+2	0.000000E+0
2.111296E+2	0.000000E+0
2.113960E+2	0.000000E+0
2.116625E+2	0.000000E+0
2.119289E+2	0.000000E+0
2.121954E+2	0.000000E+0
2.124618E+2	0.000000E+0
2.127282E+2	0.000000E+0
2.129946E+2	0.000000E+0
2.132610E+2	0.000000E+0
2.135274E+2	0.000000E+0
2.137938E+2	0.000000E+0
2.140602E+2	0.000000E+0
2.143266E+2	0.000000E+0
2.145930E+2	0.000000E+0
2.148593E+2	0.000000E+0
2.151257E+2	0.000000E+0
2.153920E+2	0.000000E+0
2.156584E+2	0.000000E+0
2.159247E+2	0.000000E+0
2.161910E+2	0.000000E+0
2.164574E+2	0.000000E+0
2.167237E+2	0.000000E+0
2.169900E+2	0.000000E+0
2.172563E+2	0.000000E+0
2.175226E+2	0.000000E+0
2.177889E+2	0.000000E+0
2.180551E+2	0.000000E+0
2.183214E+2	0.000000E+0
2.185877E+2	0.000000E+0
2.188539E+2	0.000000E+0
2.191202E+2	0.000000E+0
2.193864E+2	0.000000E+0
2.196527E+2	0.000000E+0
2.199189E+2	0.000000E+0
2.201851E+2	0.000000E+0
2.204513E+2	0.000000E+0
2.207175E+2	0.000000E+0
2.209837E+2	0.000000E+0
2.212499E+2	0.000000E+0
2.215161E+2	0.000000E+0
2.217823E+2	0.000000E+0
2.220485E+2	0.000000E+0
2.223146E+2	0.000000E+0
2.225808E+2	0.000000E+0
2.228469E+2	0.000000E+0
2.231131E+2	0.000000E+0
2.233792E+2	0.000000E+0
2.236453E+2	0.000000E+0
2.239115E+2	0.000000E+0
2.241776E+2	0.000000E+0
2.244437E+2	0.000000E+0
2.247098E+2	0.000000E+0
2.249759E+2	0.000000E+0
2.252420E+2	0.000000E+0
2.255080E+2	0.000000E+0
2.257741E+2	0.000000E+0
2.260402E+2	0.000000E+0
2.263062E+2	0.000000E+0
2.265723E+2	0.000000E+0
2.268383E+2	0.000000E+0
2.271044E+2	0.000000E+0
2.273704E+2	0.000000E+0
2.276364E+2	0.000000E+0
2.279024E+2	0.000000E+0
2.281684E+2	0.000000E+0
2.284344E+2	0.000000E+0
2.287004E+2	0.000000E+0
2.289664E+2	0.000000E+0
2.292324E+2	0.000000E+0
2.294984E+2	0.000000E+0
2.297643E+2	0.000000E+0
2.300303E+2	0.000000E+0
2.302962E+2	0.000000E+0
2.305622E+2	0.000000E+0
2.308281E+2	0.000000E+0
2.310940E+2	0.000000E+0
2.313599E+2	0.000000E+0
2.316259E+2	0.000000E+0
2.318918E+2	0.000000E+0
2.321577E+2	0.000000E+0
2.324236E+2	0.000000E+0
2.326894E+2	0.000000E+0
2.329553E+2	0.000000E+0
2.332212E+2	0.000000E+0
2.334871E+2	0.000000E+0
2.337529E+2	0.000000E+0
2.340188E+2	0.000000E+0
2.342846E+2	0.000000E+0
2.345504E+2	0.000000E+0
2.348163E+2	0.000000E+0
2.350821E+2	0.000000E+0
2.353479E+2	0.000000E+0
2.356137E+2	0.000000E+0
2.358795E+2	0.000000E+0
2.361453E+2	0.000000E+0
2.364111E+2	0.000000E+0
2.366769E+2	0.000000E+0
2.369426E+2	0.000000E+0
2.372084E+2	0.000000E+0
2.374741E+2	0.000000E+0
2.377399E+2	0.000000E+0
2.380056E+2	0.000000E+0
2.382714E+2	0.000000E+0
2.385371E+2	0.000000E+0
2.388028E+2	0.000000E+0
2.390685E+2	0.000000E+0
2.393342E+2	0.000000E+0
2.395999E+2	0.000000E+0
2.398656E+2	0.000000E+0
2.401313E+2	0.000000E+0
2.403970E+2	0.000000E+0
2.406626E+2	0.000000E+0
2.409283E+2	0.000000E+0
2.411940E+2	0.000000E+0
2.414596E+2	0.000000E+0
2.417252E+2	0.000000E+0
2.419909E+2	0.000000E+0
2.422565E+2	0.000000E+0
2.425221E+2	0.000000E+0
2.427877E+2	0.000000E+0
2.430533E+2	0.000000E+0
2.433189E+2	0.000000E+0
2.435845E+2	0.000000E+0
2.438501E+2	0.000000E+0
2.441157E+2	0.000000E+0
2.443812E+2	0.000000E+0
2.446468E+2	0.000000E+0
2.449124E+2	0.000000E+0
2.451779E+2	0.000000E+0
2.454434E+2	0.000000E+0
2.457090E+2	0.000000E+0
2.459745E+2	0.000000E+0
2.462400E+2	0.000000E+0
2.465055E+2	0.000000E+0
2.467710E+2	0.000000E+0
2.470365E+2	0.000000E+0
2.473020E+2	0.000000E+0
2.475675E+2	0.000000E+0
2.478330E+2	0.000000E+0
2.480984E+2	0.000000E+0
2.483639E+2	0.000000E+0
2.486294E+2	0.000000E+0
2.488948E+2	0.000000E+0
2.491602E+2	0.000000E+0
2.494257E+2	0.000000E+0
2.496911E+2	0.000000E+0
2.499565E+2	0.000000E+0
2.502219E+2	7.315567E+0
2.504873E+2	7.184419E+0
2.507527E+2	7.042343E+0
2.510181E+2	7.102452E+0
2.512835E+2	7.211742E+0
2.515489E+2	7.102452E+0
2.518142E+2	7.096988E+0
2.520796E+2	7.610649E+0
2.523449E+2	8.140703E+0
2.526103E+2	8.233600E+0
2.528756E+2	8.140703E+0
2.531409E+2	8.069665E+0
2.534063E+2	8.277315E+0
2.536716E+2	8.763654E+0
2.539369E+2	8.818299E+0
2.542022E+2	9.178955E+0
2.544675E+2	9.239064E+0
2.547328E+2	9.654365E+0
2.549980E+2	1.004781E+1
2.552633E+2	1.002595E+1
2.555286E+2	9.927589E+0
2.557938E+2	9.867479E+0
2.560591E+2	1.044125E+1
2.563243E+2	1.072540E+1
2.565896E+2	1.086748E+1
2.568548E+2	1.133196E+1
2.571200E+2	1.148497E+1
2.573852E+2	1.161611E+1
2.576504E+2	1.174726E+1
2.579156E+2	1.174180E+1
2.581808E+2	1.174180E+1
2.584460E+2	1.198223E+1
2.587112E+2	1.168169E+1
2.589763E+2	1.188934E+1
2.592415E+2	1.191666E+1
2.595067E+2	1.187841E+1
2.597718E+2	1.170901E+1
2.600369E+2	1.174726E+1
2.603021E+2	1.188387E+1
2.605672E+2	1.183469E+1
2.608323E+2	1.192759E+1
2.610974E+2	1.178551E+1
2.613625E+2	1.168715E+1
2.616276E+2	1.175273E+1
2.618927E+2	1.170354E+1
2.621578E+2	1.165983E+1
2.624229E+2	1.171447E+1
2.626880E+2	1.192212E+1
2.629530E+2	1.221721E+1
2.632181E+2	1.199863E+1
2.634831E+2	1.202048E+1
2.637482E+2	1.188387E+1
2.640132E+2	1.177458E+1
2.642782E+2	1.179644E+1
2.645432E+2	1.172540E+1
2.648082E+2	1.151229E+1
2.650732E+2	1.133196E+1
2.653382E+2	1.134835E+1
2.656032E+2	1.127732E+1
2.658682E+2	1.130464E+1
2.661332E+2	1.121721E+1
2.663981E+2	1.111338E+1
2.666631E+2	1.104781E+1
2.669281E+2	1.123360E+1
2.671930E+2	1.107513E+1
2.674579E+2	1.094945E+1
2.677229E+2	1.114617E+1
2.679878E+2	1.113524E+1
2.682527E+2	1.079098E+1
2.685176E+2	1.025546E+1
2.687825E+2	9.993162E+0
2.690474E+2	1.006420E+1
2.693123E+2	9.883873E+0
2.695772E+2	9.572397E+0
2.698420E+2	9.277315E+0
2.701069E+2	9.151632E+0
2.703718E+2	8.960376E+0
2.706366E+2	8.867479E+0
2.709014E+2	8.490430E+0
2.711663E+2	8.157097E+0
2.714311E+2	8.239064E+0
2.716959E+2	7.976769E+0
2.719607E+2	7.971304E+0
2.722255E+2	7.457643E+0
2.724903E+2	7.217206E+0
2.727551E+2	7.228135E+0
2.730199E+2	6.790977E+0
2.732847E+2	6.714474E+0
2.735495E+2	6.714474E+0
2.738142E+2	6.730867E+0
2.740790E+2	6.829228E+0
2.743437E+2	6.632507E+0
2.746085E+2	6.359283E+0
2.748732E+2	6.698080E+0
2.751379E+2	6.517753E+0
2.754026E+2	6.616113E+0
2.756674E+2	6.495895E+0
2.759321E+2	6.512288E+0
2.761968E+2	6.255457E+0
2.764614E+2	6.178955E+0
2.767261E+2	6.277315E+0
2.769908E+2	6.053272E+0
2.772555E+2	5.998627E+0
2.775201E+2	5.949447E+0
2.777848E+2	6.004091E+0
2.780494E+2	6.118845E+0
2.783141E+2	6.184419E+0
2.785787E+2	6.392069E+0
2.788433E+2	6.315567E+0
2.791079E+2	6.244529E+0
2.793725E+2	6.239064E+0
2.796371E+2	6.277315E+0
2.799017E+2	6.080594E+0
2.801663E+2	6.053272E+0
2.804309E+2	5.916660E+0
2.806955E+2	5.785512E+0
2.809600E+2	5.692616E+0
2.812246E+2	5.758190E+0
2.814891E+2	5.648900E+0
2.817537E+2	5.545075E+0
2.820182E+2	5.621578E+0
2.822827E+2	5.512288E+0
2.825473E+2	5.359283E+0
2.828118E+2	5.173490E+0
2.830763E+2	5.080594E+0
2.833408E+2	4.927589E+0
2.836053E+2	4.965840E+0
2.838697E+2	4.872944E+0
2.841342E+2	4.807370E+0
2.843987E+2	4.758190E+0
2.846632E+2	5.053272E+0
2.849276E+2	5.184419E+0
2.851921E+2	5.124310E+0
2.854565E+2	4.960376E+0
2.857209E+2	4.780048E+0
2.859853E+2	4.730867E+0
2.862498E+2	4.572397E+0
2.865142E+2	4.605184E+0
2.867786E+2	4.774583E+0
2.870430E+2	4.763654E+0
2.873074E+2	4.665294E+0
2.875717E+2	4.632507E+0
2.878361E+2	4.736332E+0
2.881005E+2	4.561468E+0
2.883648E+2	4.545075E+0
2.886292E+2	4.326496E+0
2.888935E+2	4.304638E+0
2.891579E+2	4.222671E+0
2.894222E+2	4.304638E+0
2.896865E+2	4.479501E+0
2.899508E+2	4.643436E+0
2.902151E+2	4.304638E+0
2.904794E+2	4.392069E+0
2.907437E+2	4.703545E+0
2.910080E+2	4.616113E+0
2.912723E+2	4.572397E+0
2.915366E+2	4.534146E+0
2.918008E+2	4.670758E+0
2.920651E+2	4.643436E+0
2.923293E+2	4.790977E+0
2.925936E+2	4.747261E+0
2.928578E+2	4.643436E+0
2.931220E+2	4.479501E+0
2.933863E+2	4.353818E+0
2.936505E+2	4.321031E+0
2.939147E+2	4.228135E+0
2.941789E+2	4.058736E+0
2.944431E+2	4.086059E+0
2.947072E+2	3.987698E+0
2.949714E+2	3.872944E+0
2.952356E+2	3.834692E+0
2.954997E+2	4.009556E+0
2.957639E+2	4.004091E+0
2.960280E+2	4.375676E+0
2.962922E+2	4.632507E+0
2.965563E+2	4.588791E+0
2.968204E+2	4.375676E+0
2.970845E+2	4.375676E+0
2.973486E+2	4.222671E+0
2.976127E+2	4.168026E+0
2.978768E+2	4.233600E+0
2.981409E+2	4.080594E+0
2.984050E+2	3.845621E+0
2.986691E+2	4.211742E+0
2.989331E+2	4.495895E+0
2.991972E+2	4.616113E+0
2.994612E+2	4.769119E+0
2.997253E+2	4.960376E+0
2.999893E+2	5.080594E+0
3.002534E+2	5.206277E+0
3.005174E+2	5.222671E+0
3.007814E+2	4.998627E+0
3.010454E+2	4.840157E+0
3.013094E+2	4.703545E+0
3.015734E+2	4.943982E+0
3.018374E+2	5.222671E+0
3.021013E+2	5.501359E+0
3.023653E+2	5.627042E+0
3.026293E+2	5.249993E+0
3.028932E+2	5.135239E+0
3.031572E+2	5.200813E+0
3.034211E+2	5.310102E+0
3.036850E+2	5.452179E+0
3.039489E+2	5.758190E+0
3.042129E+2	5.878408E+0
3.044768E+2	6.058736E+0
3.047407E+2	6.233600E+0
3.050046E+2	6.211742E+0
3.052685E+2	6.206277E+0
3.055323E+2	6.282780E+0
3.057962E+2	5.965840E+0
3.060601E+2	5.763654E+0
3.063239E+2	5.971304E+0
3.065878E+2	6.135239E+0
3.068516E+2	6.162561E+0
3.071155E+2	6.151632E+0
3.073793E+2	6.260922E+0
3.076431E+2	6.189884E+0
3.079069E+2	5.976769E+0
3.081707E+2	6.058736E+0
3.084345E+2	6.173490E+0
3.086983E+2	6.326496E+0
3.089621E+2	6.654365E+0
3.092259E+2	6.862015E+0
3.094896E+2	7.025949E+0
3.097534E+2	6.922124E+0
3.100171E+2	6.840157E+0
3.102809E+2	6.747261E+0
3.105446E+2	6.698080E+0
3.108084E+2	6.998627E+0
3.110721E+2	7.168026E+0
3.113358E+2	7.129774E+0
3.115995E+2	6.856550E+0
3.118632E+2	6.583326E+0
3.121269E+2	6.419392E+0
3.123906E+2	6.140703E+0
3.126543E+2	6.189884E+0
3.129179E+2	6.556004E+0
3.131816E+2	6.637971E+0
3.134453E+2	6.763654E+0
3.137089E+2	6.741796E+0
3.139725E+2	6.960376E+0
3.142362E+2	7.091523E+0
3.144998E+2	7.146168E+0
3.147634E+2	6.960376E+0
3.150270E+2	7.080594E+0
3.152906E+2	6.938518E+0
3.155542E+2	7.129774E+0
3.158178E+2	7.075130E+0
3.160814E+2	7.124310E+0
3.163450E+2	7.020485E+0
3.166086E+2	7.321031E+0
3.168721E+2	7.517753E+0
3.171357E+2	7.643436E+0
3.173992E+2	7.780048E+0
3.176627E+2	7.851086E+0
3.179263E+2	7.943982E+0
3.181898E+2	7.769119E+0
3.184533E+2	7.894802E+0
3.187168E+2	8.304638E+0
3.189803E+2	8.058736E+0
3.192438E+2	7.785512E+0
3.195073E+2	7.883873E+0
3.197708E+2	7.725403E+0
3.200342E+2	7.512288E+0
3.202977E+2	7.730867E+0
3.205612E+2	7.545075E+0
3.208246E+2	7.725403E+0
3.210881E+2	7.829228E+0
3.213515E+2	7.943982E+0
3.216149E+2	7.796441E+0
3.218783E+2	7.796441E+0
3.221417E+2	7.840157E+0
3.224051E+2	7.534146E+0
3.226685E+2	7.277315E+0
3.229319E+2	7.222671E+0
3.231953E+2	7.107916E+0
3.234587E+2	6.971304E+0
3.237221E+2	6.840157E+0
3.239854E+2	7.096988E+0
3.242488E+2	7.086059E+0
3.245121E+2	6.916660E+0
3.247754E+2	6.736332E+0
3.250388E+2	6.512288E+0
3.253021E+2	6.545075E+0
3.255654E+2	6.654365E+0
3.258287E+2	6.823763E+0
3.260920E+2	6.900266E+0
3.263553E+2	6.845621E+0
3.266186E+2	6.627042E+0
3.268819E+2	6.386605E+0
3.271451E+2	6.610649E+0
3.274084E+2	6.894802E+0
3.276717E+2	7.107916E+0
3.279349E+2	7.424856E+0
3.281981E+2	7.282780E+0
3.284614E+2	7.550539E+0
3.287246E+2	7.736332E+0
3.289878E+2	7.616113E+0
3.292510E+2	7.577862E+0
3.295142E+2	7.730867E+0
3.297774E+2	7.840157E+0
3.300406E+2	7.894802E+0
3.303038E+2	7.719938E+0
3.305670E+2	7.796441E+0
3.308301E+2	7.971304E+0
3.310933E+2	7.922124E+0
3.313564E+2	7.878408E+0
3.316196E+2	7.627042E+0
3.318827E+2	7.566933E+0
3.321458E+2	7.659829E+0
3.324089E+2	7.916660E+0
3.326721E+2	7.752725E+0
3.329352E+2	7.566933E+0
3.331983E+2	7.413927E+0
3.334614E+2	7.501359E+0
3.337244E+2	7.654365E+0
3.339875E+2	7.566933E+0
3.342506E+2	7.605184E+0
3.345136E+2	7.539610E+0
3.347767E+2	7.342889E+0
3.350397E+2	7.331960E+0
3.353028E+2	7.435785E+0
3.355658E+2	7.310102E+0
3.358288E+2	7.184419E+0
3.360918E+2	7.107916E+0
3.363548E+2	6.954911E+0
3.366178E+2	6.993162E+0
3.368808E+2	7.053272E+0
3.371438E+2	6.943982E+0
3.374068E+2	6.790977E+0
3.376698E+2	6.845621E+0
3.379327E+2	6.911195E+0
3.381957E+2	6.818299E+0
3.384586E+2	6.998627E+0
3.387216E+2	7.331960E+0
3.389845E+2	7.064201E+0
3.392474E+2	6.872944E+0
3.395103E+2	6.987698E+0
3.397733E+2	7.118845E+0
3.400362E+2	6.949447E+0
3.402990E+2	6.763654E+0
3.405619E+2	6.943982E+0
3.408248E+2	6.960376E+0
3.410877E+2	6.840157E+0
3.413506E+2	6.949447E+0
3.416134E+2	6.736332E+0
3.418763E+2	6.900266E+0
3.421391E+2	6.769119E+0
3.424019E+2	6.905731E+0
3.426648E+2	7.151632E+0
3.429276E+2	7.408463E+0
3.431904E+2	7.479501E+0
3.434532E+2	7.452179E+0
3.437160E+2	7.381141E+0
3.439788E+2	7.271851E+0
3.442416E+2	7.080594E+0
3.445043E+2	6.922124E+0
3.447671E+2	6.703545E+0
3.450299E+2	6.801906E+0
3.452926E+2	6.758190E+0
3.455554E+2	6.523217E+0
3.458181E+2	6.228135E+0
3.460808E+2	5.872944E+0
3.463436E+2	6.200813E+0
3.466063E+2	6.151632E+0
3.468690E+2	5.774583E+0
3.471317E+2	5.659829E+0
3.473944E+2	5.648900E+0
3.476570E+2	5.785512E+0
3.479197E+2	5.730867E+0
3.481824E+2	5.577862E+0
3.484451E+2	5.288244E+0
3.487077E+2	5.348354E+0
3.489704E+2	5.452179E+0
3.492330E+2	5.670758E+0
3.494956E+2	5.605184E+0
3.497582E+2	5.375676E+0
3.500209E+2	5.310102E+0
3.502835E+2	5.053272E+0
3.505461E+2	5.184419E+0
3.508087E+2	5.217206E+0
3.510713E+2	5.244529E+0
3.513338E+2	5.113381E+0
3.515964E+2	5.146168E+0
3.518590E+2	5.244529E+0
3.521215E+2	5.222671E+0
3.523841E+2	4.976769E+0
3.526466E+2	4.905731E+0
3.529091E+2	5.015020E+0
3.531717E+2	4.922124E+0
3.534342E+2	5.304638E+0
3.536967E+2	5.304638E+0
3.539592E+2	5.118845E+0
3.542217E+2	5.102452E+0
3.544842E+2	5.135239E+0
3.547467E+2	4.971304E+0
3.550091E+2	5.173490E+0
3.552716E+2	5.545075E+0
3.555341E+2	5.490430E+0
3.557965E+2	5.441250E+0
3.560590E+2	5.610649E+0
3.563214E+2	6.058736E+0
3.565838E+2	5.998627E+0
3.568462E+2	6.096988E+0
3.571086E+2	6.293709E+0
3.573711E+2	6.211742E+0
3.576335E+2	6.315567E+0
3.578958E+2	5.965840E+0
3.581582E+2	5.949447E+0
3.584206E+2	5.709009E+0
3.586830E+2	5.501359E+0
3.589453E+2	5.135239E+0
3.592077E+2	4.774583E+0
3.594700E+2	4.665294E+0
3.597324E+2	4.862015E+0
3.599947E+2	4.905731E+0
3.602570E+2	5.217206E+0
3.605193E+2	4.911195E+0
3.607816E+2	4.933053E+0
3.610439E+2	5.282780E+0
3.613062E+2	5.506824E+0
3.615685E+2	5.676223E+0
3.618308E+2	5.971304E+0
3.620930E+2	6.244529E+0
3.623553E+2	6.271851E+0
3.626176E+2	6.342889E+0
3.628798E+2	6.654365E+0
3.631420E+2	6.648900E+0
3.634043E+2	6.812835E+0
3.636665E+2	6.790977E+0
3.639287E+2	6.894802E+0
3.641909E+2	6.703545E+0
3.644531E+2	6.785512E+0
3.647153E+2	6.676223E+0
3.649775E+2	6.659829E+0
3.652397E+2	6.719938E+0
3.655018E+2	6.719938E+0
3.657640E+2	6.862015E+0
3.660262E+2	6.954911E+0
3.662883E+2	7.233600E+0
3.665505E+2	7.058736E+0
3.668126E+2	7.086059E+0
3.670747E+2	7.228135E+0
3.673368E+2	7.217206E+0
3.675989E+2	7.080594E+0
3.678610E+2	7.266386E+0
3.681231E+2	7.419392E+0
3.683852E+2	7.894802E+0
3.686473E+2	8.020485E+0
3.689094E+2	7.648900E+0
3.691714E+2	7.714474E+0
3.694335E+2	7.386605E+0
3.696955E+2	7.495895E+0
3.699576E+2	7.621578E+0
3.702196E+2	7.665294E+0
3.704816E+2	7.709009E+0
3.707437E+2	7.545075E+0
3.710057E+2	7.430321E+0
3.712677E+2	7.326496E+0
3.715297E+2	7.233600E+0
3.717917E+2	7.359283E+0
3.720536E+2	7.124310E+0
3.723156E+2	7.015020E+0
3.725776E+2	7.075130E+0
3.728395E+2	7.271851E+0
3.731015E+2	7.178955E+0
3.733634E+2	7.331960E+0
3.736254E+2	7.386605E+0
3.738873E+2	7.583326E+0
3.741492E+2	7.807370E+0
3.744111E+2	8.042343E+0
3.746730E+2	8.348354E+0
3.749349E+2	8.709009E+0
3.751968E+2	8.796441E+0
3.754587E+2	8.796441E+0
3.757206E+2	8.588791E+0
3.759824E+2	8.484966E+0
3.762443E+2	8.195348E+0
3.765061E+2	8.408463E+0
3.767680E+2	8.665294E+0
3.770298E+2	8.140703E+0
3.772916E+2	8.064201E+0
3.775535E+2	8.031414E+0
3.778153E+2	7.960376E+0
3.780771E+2	7.758190E+0
3.783389E+2	7.424856E+0
3.786007E+2	7.408463E+0
3.788624E+2	7.304638E+0
3.791242E+2	7.304638E+0
3.793860E+2	7.211742E+0
3.796477E+2	7.244529E+0
3.799095E+2	7.118845E+0
3.801712E+2	7.195348E+0
3.804330E+2	7.239064E+0
3.806947E+2	7.364747E+0
3.809564E+2	7.484966E+0
3.812181E+2	7.386605E+0
3.814798E+2	7.266386E+0
3.817415E+2	7.337425E+0
3.820032E+2	7.348354E+0
3.822649E+2	7.107916E+0
3.825266E+2	6.965840E+0
3.827883E+2	6.818299E+0
3.830499E+2	6.725403E+0
3.833116E+2	6.905731E+0
3.835732E+2	7.113381E+0
3.838348E+2	7.113381E+0
3.840965E+2	7.151632E+0
3.843581E+2	7.135239E+0
3.846197E+2	7.244529E+0
3.848813E+2	7.413927E+0
3.851429E+2	7.260922E+0
3.854045E+2	7.337425E+0
3.856661E+2	7.277315E+0
3.859277E+2	7.288244E+0
3.861892E+2	7.189884E+0
3.864508E+2	6.976769E+0
3.867124E+2	6.922124E+0
3.869739E+2	7.015020E+0
3.872354E+2	7.107916E+0
3.874970E+2	7.435785E+0
3.877585E+2	7.577862E+0
3.880200E+2	7.670758E+0
3.882815E+2	7.801906E+0
3.885430E+2	7.938518E+0
3.888045E+2	7.943982E+0
3.890660E+2	8.009556E+0
3.893275E+2	7.812835E+0
3.895889E+2	7.905731E+0
3.898504E+2	7.785512E+0
3.901118E+2	7.730867E+0
3.903733E+2	7.763654E+0
3.906347E+2	7.419392E+0
3.908962E+2	7.239064E+0
3.911576E+2	7.135239E+0
3.914190E+2	7.206277E+0
3.916804E+2	7.200813E+0
3.919418E+2	7.599720E+0
3.922032E+2	7.736332E+0
3.924646E+2	7.736332E+0
3.927260E+2	7.659829E+0
3.929873E+2	7.785512E+0
3.932487E+2	7.588791E+0
3.935100E+2	7.304638E+0
3.937714E+2	7.293709E+0
3.940327E+2	7.315567E+0
3.942941E+2	7.572397E+0
3.945554E+2	7.676223E+0
3.948167E+2	7.763654E+0
3.950780E+2	7.949447E+0
3.953393E+2	8.135239E+0
3.956006E+2	8.195348E+0
3.958619E+2	8.282780E+0
3.961232E+2	8.151632E+0
3.963844E+2	8.222671E+0
3.966457E+2	8.222671E+0
3.969069E+2	8.178955E+0
3.971682E+2	8.135239E+0
3.974294E+2	8.239064E+0
3.976907E+2	8.157097E+0
3.979519E+2	8.091523E+0
3.982131E+2	8.189884E+0
3.984743E+2	8.419392E+0
3.987355E+2	8.643436E+0
3.989967E+2	8.719938E+0
3.992579E+2	8.621578E+0
3.995191E+2	8.402998E+0
3.997802E+2	8.091523E+0
4.000414E+2	8.009556E+0
4.003025E+2	7.676223E+0
4.005637E+2	7.506824E+0
4.008248E+2	7.506824E+0
4.010860E+2	7.987698E+0
4.013471E+2	8.069665E+0
4.016082E+2	7.862015E+0
4.018693E+2	7.796441E+0
4.021304E+2	7.856550E+0
4.023915E+2	8.189884E+0
4.026526E+2	8.550539E+0
4.029137E+2	8.637971E+0
4.031747E+2	8.659829E+0
4.034358E+2	8.331960E+0
4.036968E+2	8.069665E+0
4.039579E+2	8.249993E+0
4.042189E+2	8.042343E+0
4.044800E+2	7.801906E+0
4.047410E+2	7.621578E+0
4.050020E+2	7.605184E+0
4.052630E+2	7.698080E+0
4.055240E+2	7.714474E+0
4.057850E+2	8.020485E+0
4.060460E+2	8.096988E+0
4.063070E+2	8.168026E+0
4.065679E+2	7.998627E+0
4.068289E+2	7.883873E+0
4.070898E+2	7.987698E+0
4.073508E+2	7.900266E+0
4.076117E+2	7.878408E+0
4.078727E+2	7.709009E+0
4.081336E+2	8.102452E+0
4.083945E+2	8.200813E+0
4.086554E+2	8.118845E+0
4.089163E+2	8.304638E+0
4.091772E+2	8.605184E+0
4.094381E+2	8.998627E+0
4.096990E+2	8.971304E+0
4.099598E+2	9.271851E+0
4.102207E+2	9.080594E+0
4.104815E+2	8.949447E+0
4.107424E+2	8.818299E+0
4.110032E+2	8.419392E+0
4.112640E+2	7.998627E+0
4.115249E+2	8.042343E+0
4.117857E+2	8.189884E+0
4.120465E+2	8.337425E+0
4.123073E+2	8.337425E+0
4.125681E+2	8.457643E+0
4.128289E+2	8.424856E+0
4.130896E+2	8.528682E+0
4.133504E+2	8.484966E+0
4.136112E+2	8.446714E+0
4.138719E+2	8.435785E+0
4.141327E+2	8.474037E+0
4.143934E+2	8.446714E+0
4.146541E+2	8.490430E+0
4.149149E+2	8.397534E+0
4.151756E+2	8.719938E+0
4.154363E+2	9.151632E+0
4.156970E+2	9.304638E+0
4.159577E+2	9.348354E+0
4.162184E+2	9.402998E+0
4.164790E+2	9.392069E+0
4.167397E+2	9.211742E+0
4.170004E+2	8.878408E+0
4.172610E+2	8.851086E+0
4.175217E+2	9.331960E+0
4.177823E+2	9.484966E+0
4.180429E+2	9.698080E+0
4.183035E+2	9.577862E+0
4.185642E+2	9.517753E+0
4.188248E+2	9.561468E+0
4.190854E+2	9.408463E+0
4.193459E+2	9.561468E+0
4.196065E+2	9.796441E+0
4.198671E+2	9.610649E+0
4.201277E+2	9.588791E+0
4.203882E+2	9.572397E+0
4.206488E+2	9.556004E+0
4.209093E+2	9.463108E+0
4.211699E+2	9.288244E+0
4.214304E+2	9.080594E+0
4.216909E+2	9.042343E+0
4.219514E+2	8.943982E+0
4.222119E+2	8.769119E+0
4.224724E+2	9.135239E+0
4.227329E+2	9.053272E+0
4.229934E+2	8.681687E+0
4.232539E+2	8.665294E+0
4.235143E+2	9.020485E+0
4.237748E+2	8.785512E+0
4.240352E+2	8.616113E+0
4.242957E+2	8.528682E+0
4.245561E+2	8.752725E+0
4.248166E+2	8.725403E+0
4.250770E+2	8.583326E+0
4.253374E+2	8.408463E+0
4.255978E+2	8.643436E+0
4.258582E+2	8.703545E+0
4.261186E+2	8.954911E+0
4.263790E+2	9.331960E+0
4.266393E+2	9.501359E+0
4.268997E+2	9.681687E+0
4.271600E+2	1.004781E+1
4.274204E+2	9.845621E+0
4.276807E+2	9.709009E+0
4.279411E+2	9.681687E+0
4.282014E+2	9.807370E+0
4.284617E+2	9.741796E+0
4.287220E+2	9.960376E+0
4.289823E+2	9.971304E+0
4.292426E+2	1.014617E+1
4.295029E+2	1.018442E+1
4.297632E+2	1.028824E+1
4.300235E+2	1.060518E+1
4.302837E+2	1.077458E+1
4.305440E+2	1.077458E+1
4.308042E+2	1.094398E+1
4.310645E+2	1.056693E+1
4.313247E+2	1.034289E+1
4.315849E+2	1.047404E+1
4.318451E+2	1.056693E+1
4.321054E+2	1.091666E+1
4.323656E+2	1.102048E+1
4.326258E+2	1.115163E+1
4.328859E+2	1.105327E+1
4.331461E+2	1.095491E+1
4.334063E+2	1.074726E+1
4.336665E+2	1.084562E+1
4.339266E+2	1.081830E+1
4.341868E+2	1.067076E+1
4.344469E+2	1.049589E+1
4.347070E+2	1.024999E+1
4.349671E+2	1.011338E+1
4.352273E+2	1.005327E+1
4.354874E+2	9.851086E+0
4.357475E+2	9.818299E+0
4.360076E+2	9.752725E+0
4.362677E+2	9.758190E+0
4.365277E+2	9.637971E+0
4.367878E+2	9.823763E+0
4.370479E+2	1.008059E+1
4.373079E+2	1.028278E+1
4.375680E+2	1.050136E+1
4.378280E+2	1.084016E+1
4.380880E+2	1.105327E+1
4.383480E+2	1.109152E+1
4.386081E+2	1.137021E+1
4.388681E+2	1.191120E+1
4.391281E+2	1.208606E+1
4.393881E+2	1.188934E+1
4.396480E+2	1.205327E+1
4.399080E+2	1.226639E+1
4.401680E+2	1.238661E+1
4.404279E+2	1.240846E+1
4.406879E+2	1.252322E+1
4.409478E+2	1.266529E+1
4.412078E+2	1.290573E+1
4.414677E+2	1.285109E+1
4.417276E+2	1.249589E+1
4.419875E+2	1.262158E+1
4.422474E+2	1.259426E+1
4.425073E+2	1.270901E+1
4.427672E+2	1.296038E+1
4.430271E+2	1.290027E+1
4.432870E+2	1.291120E+1
4.435469E+2	1.301502E+1
4.438067E+2	1.321174E+1
4.440666E+2	1.344125E+1
4.443264E+2	1.337021E+1
4.445862E+2	1.336475E+1
4.448461E+2	1.332650E+1
4.451059E+2	1.324453E+1
4.453657E+2	1.330464E+1
4.456255E+2	1.328824E+1
4.458853E+2	1.311338E+1
4.461451E+2	1.321174E+1
4.464049E+2	1.312431E+1
4.466646E+2	1.314070E+1
4.469244E+2	1.346311E+1
4.471842E+2	1.367076E+1
4.474439E+2	1.390573E+1
4.477036E+2	1.390027E+1
4.479634E+2	1.371447E+1
4.482231E+2	1.384016E+1
4.484828E+2	1.405874E+1
4.487425E+2	1.442486E+1
4.490022E+2	1.482923E+1
4.492619E+2	1.495491E+1
4.495216E+2	1.511338E+1
4.497813E+2	1.511338E+1
4.500410E+2	1.538661E+1
4.503006E+2	1.551229E+1
4.505603E+2	1.585109E+1
4.508199E+2	1.638114E+1
4.510796E+2	1.648497E+1
4.513392E+2	1.667076E+1
4.515988E+2	1.706420E+1
4.518584E+2	1.747950E+1
4.521180E+2	1.790027E+1
4.523776E+2	1.812431E+1
4.526372E+2	1.816256E+1
4.528968E+2	1.797130E+1
4.531564E+2	1.800409E+1
4.534160E+2	1.804781E+1
4.536755E+2	1.802048E+1
4.539351E+2	1.810792E+1
4.541946E+2	1.812431E+1
4.544541E+2	1.821174E+1
4.547137E+2	1.827185E+1
4.549732E+2	1.823360E+1
4.552327E+2	1.825546E+1
4.554922E+2	1.821721E+1
4.557517E+2	1.802048E+1
4.560112E+2	1.819535E+1
4.562707E+2	1.825546E+1
4.565302E+2	1.815710E+1
4.567896E+2	1.832650E+1
4.570491E+2	1.849043E+1
4.573085E+2	1.857786E+1
4.575680E+2	1.884562E+1
4.578274E+2	1.873633E+1
4.580868E+2	1.863797E+1
4.583463E+2	1.874726E+1
4.586057E+2	1.887841E+1
4.588651E+2	1.913524E+1
4.591245E+2	1.946311E+1
4.593838E+2	1.958333E+1
4.596432E+2	2.008059E+1
4.599026E+2	2.008059E+1
4.601620E+2	2.030464E+1
4.604213E+2	2.044671E+1
4.606807E+2	2.070354E+1
4.609400E+2	2.106967E+1
4.611993E+2	2.127185E+1
4.614587E+2	2.149589E+1
4.617180E+2	2.192759E+1
4.619773E+2	2.198770E+1
4.622366E+2	2.245218E+1
4.624959E+2	2.293305E+1
4.627552E+2	2.306420E+1
4.630144E+2	2.299863E+1
4.632737E+2	2.301502E+1
4.635330E+2	2.351775E+1
4.637922E+2	2.412977E+1
4.640515E+2	2.454507E+1
4.643107E+2	2.469262E+1
4.645699E+2	2.496584E+1
4.648292E+2	2.494398E+1
4.650884E+2	2.514617E+1
4.653476E+2	2.518442E+1
4.656068E+2	2.556693E+1
4.658660E+2	2.589480E+1
4.661251E+2	2.628278E+1
4.663843E+2	2.637021E+1
4.666435E+2	2.640846E+1
4.669026E+2	2.693305E+1
4.671618E+2	2.734835E+1
4.674209E+2	2.742486E+1
4.676801E+2	2.748497E+1
4.679392E+2	2.760518E+1
4.681983E+2	2.803688E+1
4.684574E+2	2.810245E+1
4.687165E+2	2.875819E+1
4.689756E+2	2.907513E+1
4.692347E+2	2.921174E+1
4.694938E+2	2.929917E+1
4.697529E+2	2.947950E+1
4.700119E+2	2.982923E+1
4.702710E+2	2.993852E+1
4.705300E+2	3.039207E+1
4.707891E+2	3.063251E+1
4.710481E+2	3.105327E+1
4.713071E+2	3.168169E+1
4.715661E+2	3.234289E+1
4.718252E+2	3.275273E+1
4.720842E+2	3.317895E+1
4.723431E+2	3.371994E+1
4.726021E+2	3.415163E+1
4.728611E+2	3.444671E+1
4.731201E+2	3.510245E+1
4.733790E+2	3.596038E+1
4.736380E+2	3.663797E+1
4.738969E+2	3.743032E+1
4.741559E+2	3.800409E+1
4.744148E+2	3.861611E+1
4.746737E+2	3.951775E+1
4.749326E+2	4.017349E+1
4.751915E+2	4.078005E+1
4.754504E+2	4.117349E+1
4.757093E+2	4.198223E+1
4.759682E+2	4.275819E+1
4.762271E+2	4.343032E+1
4.764859E+2	4.398223E+1
4.767448E+2	4.462704E+1
4.770037E+2	4.529371E+1
4.772625E+2	4.613524E+1
4.775213E+2	4.656147E+1
4.777802E+2	4.733196E+1
4.780390E+2	4.780191E+1
4.782978E+2	4.831010E+1
4.785566E+2	4.937568E+1
4.788154E+2	5.057240E+1
4.790742E+2	5.149589E+1
4.793329E+2	5.209699E+1
4.795917E+2	5.277458E+1
4.798505E+2	5.352868E+1
4.801092E+2	5.453961E+1
4.803680E+2	5.524999E+1
4.806267E+2	5.624999E+1
4.808854E+2	5.708059E+1
4.811442E+2	5.791666E+1
4.814029E+2	5.885109E+1
4.816616E+2	5.980191E+1
4.819203E+2	6.094945E+1
4.821790E+2	6.216803E+1
4.824377E+2	6.333196E+1
4.826963E+2	6.437568E+1
4.829550E+2	6.542486E+1
4.832137E+2	6.658879E+1
4.834723E+2	6.779644E+1
4.837310E+2	6.914070E+1
4.839896E+2	7.050682E+1
4.842482E+2	7.206967E+1
4.845068E+2	7.314070E+1
4.847655E+2	7.459972E+1
4.850241E+2	7.583469E+1
4.852827E+2	7.720081E+1
4.855412E+2	7.884016E+1
4.857998E+2	8.037568E+1
4.860584E+2	8.197130E+1
4.863170E+2	8.330464E+1
4.865755E+2	8.525546E+1
4.868341E+2	8.691666E+1
4.870926E+2	8.849589E+1
4.873511E+2	8.979644E+1
4.876097E+2	9.150682E+1
4.878682E+2	9.322267E+1
4.881267E+2	9.493852E+1
4.883852E+2	9.674180E+1
4.886437E+2	9.865436E+1
4.889022E+2	1.001953E+2
4.891606E+2	1.017254E+2
4.894191E+2	1.034412E+2
4.896776E+2	1.053866E+2
4.899360E+2	1.074139E+2
4.901945E+2	1.090915E+2
4.904529E+2	1.106161E+2
4.907113E+2	1.124576E+2
4.909697E+2	1.146052E+2
4.912282E+2	1.166270E+2
4.914866E+2	1.186270E+2
4.917450E+2	1.208402E+2
4.920034E+2	1.230806E+2
4.922617E+2	1.252391E+2
4.925201E+2	1.273484E+2
4.927785E+2	1.296270E+2
4.930368E+2	1.316708E+2
4.932952E+2	1.340041E+2
4.935535E+2	1.363265E+2
4.938118E+2	1.389604E+2
4.940702E+2	1.413484E+2
4.943285E+2	1.436544E+2
4.945868E+2	1.460478E+2
4.948451E+2	1.484904E+2
4.951034E+2	1.510150E+2
4.953617E+2	1.536762E+2
4.956200E+2	1.560041E+2
4.958782E+2	1.585178E+2
4.961365E+2	1.614795E+2
4.963947E+2	1.641079E+2
4.966530E+2	1.667582E+2
4.969112E+2	1.697254E+2
4.971694E+2	1.725396E+2
4.974277E+2	1.754194E+2
4.976859E+2	1.783046E+2
4.979441E+2	1.810096E+2
4.982023E+2	1.838292E+2
4.984605E+2	1.869494E+2
4.987187E+2	1.900587E+2
4.989768E+2	1.931079E+2
4.992350E+2	1.962063E+2
4.994931E+2	1.989658E+2
4.997513E+2	2.019713E+2
5.000094E+2	2.048292E+2
5.002676E+2	2.079713E+2
5.005257E+2	2.108511E+2
5.007838E+2	2.141844E+2
5.010419E+2	2.174358E+2
5.013000E+2	2.206762E+2
5.015581E+2	2.239986E+2
5.018162E+2	2.272882E+2
5.020743E+2	2.307691E+2
5.023323E+2	2.340205E+2
5.025904E+2	2.373811E+2
5.028485E+2	2.408511E+2
5.031065E+2	2.445779E+2
5.033645E+2	2.481680E+2
5.036226E+2	2.517637E+2
5.038806E+2	2.553921E+2
5.041386E+2	2.589385E+2
5.043966E+2	2.627473E+2
5.046546E+2	2.665833E+2
5.049126E+2	2.704522E+2
5.051706E+2	2.745396E+2
5.054285E+2	2.785178E+2
5.056865E+2	2.822391E+2
5.059445E+2	2.861844E+2
5.062024E+2	2.901243E+2
5.064604E+2	2.943101E+2
5.067183E+2	2.981134E+2
5.069762E+2	3.023866E+2
5.072341E+2	3.064904E+2
5.074920E+2	3.105396E+2
5.077499E+2	3.145943E+2
5.080078E+2	3.192445E+2
5.082657E+2	3.235505E+2
5.085236E+2	3.279003E+2
5.087815E+2	3.325888E+2
5.090393E+2	3.372555E+2
5.092972E+2	3.418347E+2
5.095550E+2	3.463320E+2
5.098129E+2	3.509932E+2
5.100707E+2	3.559331E+2
5.103285E+2	3.604139E+2
5.105863E+2	3.653374E+2
5.108441E+2	3.701025E+2
5.111019E+2	3.747800E+2
5.113597E+2	3.797309E+2
5.116175E+2	3.847199E+2
5.118753E+2	3.892500E+2
5.121330E+2	3.943429E+2
5.123908E+2	3.998347E+2
5.126485E+2	4.051134E+2
5.129063E+2	4.102882E+2
5.131640E+2	4.160970E+2
5.134217E+2	4.214085E+2
5.136794E+2	4.270587E+2
5.139371E+2	4.328347E+2
5.141948E+2	4.384467E+2
5.144525E+2	4.438839E+2
5.147102E+2	4.498074E+2
5.149679E+2	4.559440E+2
5.152256E+2	4.619932E+2
5.154832E+2	4.679713E+2
5.157409E+2	4.742992E+2
5.159985E+2	4.808456E+2
5.162562E+2	4.873866E+2
5.165138E+2	4.934576E+2
5.167714E+2	4.999658E+2
5.170290E+2	5.065232E+2
5.172866E+2	5.130259E+2
5.175442E+2	5.197035E+2
5.178018E+2	5.262391E+2
5.180594E+2	5.326434E+2
5.183170E+2	5.392773E+2
5.185745E+2	5.458620E+2
5.188321E+2	5.526106E+2
5.190896E+2	5.596380E+2
5.193472E+2	5.668347E+2
5.196047E+2	5.736380E+2
5.198622E+2	5.807691E+2
5.201197E+2	5.876544E+2
5.203772E+2	5.948292E+2
5.206347E+2	6.025123E+2
5.208922E+2	6.095560E+2
5.211497E+2	6.169822E+2
5.214072E+2	6.243265E+2
5.216646E+2	6.320587E+2
5.219221E+2	6.402773E+2
5.221795E+2	6.480205E+2
5.224370E+2	6.559932E+2
5.226944E+2	6.634303E+2
5.229519E+2	6.711462E+2
5.232093E+2	6.789932E+2
5.234667E+2	6.870205E+2
5.237241E+2	6.950369E+2
5.239815E+2	7.037800E+2
5.242389E+2	7.120369E+2
5.244962E+2	7.199112E+2
5.247536E+2	7.282063E+2
5.250110E+2	7.363975E+2
5.252683E+2	7.446434E+2
5.255257E+2	7.533921E+2
5.257830E+2	7.618019E+2
5.260403E+2	7.709003E+2
5.262977E+2	7.794194E+2
5.265550E+2	7.883210E+2
5.268123E+2	7.972391E+2
5.270696E+2	8.060806E+2
5.273269E+2	8.149276E+2
5.275841E+2	8.244904E+2
5.278414E+2	8.339932E+2
5.280987E+2	8.424850E+2
5.283559E+2	8.514576E+2
5.286132E+2	8.612500E+2
5.288704E+2	8.699003E+2
5.291276E+2	8.794194E+2
5.293849E+2	8.893538E+2
5.296421E+2	8.986489E+2
5.298993E+2	9.082391E+2
5.301565E+2	9.182882E+2
5.304137E+2	9.280751E+2
5.306709E+2	9.377418E+2
5.309280E+2	9.482117E+2
5.311852E+2	9.585833E+2
5.314424E+2	9.683702E+2
5.316995E+2	9.785833E+2
5.319567E+2	9.886653E+2
5.322138E+2	9.994358E+2
5.324709E+2	1.010223E+3
5.327280E+2	1.020846E+3
5.329852E+2	1.031900E+3
5.332423E+2	1.042878E+3
5.334994E+2	1.053780E+3
5.337564E+2	1.065316E+3
5.340135E+2	1.076561E+3
5.342706E+2	1.088037E+3
5.345276E+2	1.099551E+3
5.347847E+2	1.110988E+3
5.350417E+2	1.122348E+3
5.352988E+2	1.133960E+3
5.355558E+2	1.145720E+3
5.358128E+2	1.157294E+3
5.360698E+2	1.168955E+3
5.363269E+2	1.180867E+3
5.365839E+2	1.192966E+3
5.368408E+2	1.205223E+3
5.370978E+2	1.217786E+3
5.373548E+2	1.230316E+3
5.376118E+2	1.242572E+3
5.378687E+2	1.255108E+3
5.381257E+2	1.268234E+3
5.383826E+2	1.281299E+3
5.386395E+2	1.294474E+3
5.388965E+2	1.307791E+3
5.391534E+2	1.320988E+3
5.394103E+2	1.334578E+3
5.396672E+2	1.348206E+3
5.399241E+2	1.362075E+3
5.401810E+2	1.376015E+3
5.404378E+2	1.389917E+3
5.406947E+2	1.403529E+3
5.409516E+2	1.417878E+3
5.412084E+2	1.432266E+3
5.414653E+2	1.446971E+3
5.417221E+2	1.461190E+3
5.419789E+2	1.475725E+3
5.422357E+2	1.490277E+3
5.424925E+2	1.505414E+3
5.427493E+2	1.521081E+3
5.430061E+2	1.536840E+3
5.432629E+2	1.552184E+3
5.435197E+2	1.567545E+3
5.437765E+2	1.583294E+3
5.440332E+2	1.599480E+3
5.442900E+2	1.614982E+3
5.445467E+2	1.631059E+3
5.448035E+2	1.647015E+3
5.450602E+2	1.662463E+3
5.453169E+2	1.678791E+3
5.455736E+2	1.695419E+3
5.458303E+2	1.711840E+3
5.460870E+2	1.728398E+3
5.463437E+2	1.745206E+3
5.466004E+2	1.761496E+3
5.468571E+2	1.778266E+3
5.471137E+2	1.795414E+3
5.473704E+2	1.811917E+3
5.476270E+2	1.829359E+3
5.478837E+2	1.846277E+3
5.481403E+2	1.863463E+3
5.483969E+2	1.880736E+3
5.486535E+2	1.897955E+3
5.489101E+2	1.915611E+3
5.491667E+2	1.932993E+3
5.494233E+2	1.950523E+3
5.496799E+2	1.968665E+3
5.499365E+2	1.986501E+3
5.501931E+2	2.004895E+3
5.504496E+2	2.022791E+3
5.507062E+2	2.041266E+3
5.509627E+2	2.060042E+3
5.512192E+2	2.079458E+3
5.514758E+2	2.098999E+3
5.517323E+2	2.118190E+3
5.519888E+2	2.137195E+3
5.522453E+2	2.157075E+3
5.525018E+2	2.175633E+3
5.527583E+2	2.194403E+3
5.530147E+2	2.213605E+3
5.532712E+2	2.233064E+3
5.535277E+2	2.252512E+3
5.537841E+2	2.271993E+3
5.540406E+2	2.291228E+3
5.542970E+2	2.310971E+3
5.545534E+2	2.331059E+3
5.548098E+2	2.351387E+3
5.550663E+2	2.371075E+3
5.553227E+2	2.391102E+3
5.555791E+2	2.411354E+3
5.558354E+2	2.432255E+3
5.560918E+2	2.453190E+3
5.563482E+2	2.475261E+3
5.566046E+2	2.497173E+3
5.568609E+2	2.518015E+3
5.571173E+2	2.538873E+3
5.573736E+2	2.560561E+3
5.576299E+2	2.582316E+3
5.578862E+2	2.604682E+3
5.581426E+2	2.625922E+3
5.583989E+2	2.647288E+3
5.586552E+2	2.669501E+3
5.589114E+2	2.691255E+3
5.591677E+2	2.713392E+3
5.594240E+2	2.736348E+3
5.596803E+2	2.758900E+3
5.599365E+2	2.781840E+3
5.601928E+2	2.805419E+3
5.604490E+2	2.828234E+3
5.607052E+2	2.851474E+3
5.609614E+2	2.875250E+3
5.612177E+2	2.898507E+3
5.614739E+2	2.922288E+3
5.617301E+2	2.946245E+3
5.619863E+2	2.970485E+3
5.622424E+2	2.995398E+3
5.624986E+2	3.019283E+3
5.627548E+2	3.043988E+3
5.630109E+2	3.068988E+3
5.632671E+2	3.093857E+3
5.635232E+2	3.119518E+3
5.637794E+2	3.145102E+3
5.640355E+2	3.171430E+3
5.642916E+2	3.197228E+3
5.645477E+2	3.223152E+3
5.648038E+2	3.249277E+3
5.650599E+2	3.275747E+3
5.653160E+2	3.302365E+3
5.655721E+2	3.329507E+3
5.658281E+2	3.356512E+3
5.660842E+2	3.384387E+3
5.663402E+2	3.411605E+3
5.665963E+2	3.438928E+3
5.668523E+2	3.466507E+3
5.671083E+2	3.494102E+3
5.673644E+2	3.522769E+3
5.676204E+2	3.550851E+3
5.678764E+2	3.578709E+3
5.681324E+2	3.608474E+3
5.683883E+2	3.637551E+3
5.686443E+2	3.666829E+3
5.689003E+2	3.696414E+3
5.691562E+2	3.726414E+3
5.694122E+2	3.756365E+3
5.696681E+2	3.786665E+3
5.699241E+2	3.816387E+3
5.701800E+2	3.846529E+3
5.704359E+2	3.876682E+3
5.706918E+2	3.908130E+3
5.709477E+2	3.938725E+3
5.712036E+2	3.969288E+3
5.714595E+2	4.000906E+3
5.717154E+2	4.032480E+3
5.719713E+2	4.062873E+3
5.722271E+2	4.093485E+3
5.724830E+2	4.125600E+3
5.727388E+2	4.158206E+3
5.729947E+2	4.189671E+3
5.732505E+2	4.221900E+3
5.735063E+2	4.253884E+3
5.737621E+2	4.287343E+3
5.740179E+2	4.320676E+3
5.742737E+2	4.354004E+3
5.745295E+2	4.387529E+3
5.747853E+2	4.420676E+3
5.750411E+2	4.454496E+3
5.752968E+2	4.488534E+3
5.755526E+2	4.521693E+3
5.758083E+2	4.554742E+3
5.760641E+2	4.589561E+3
5.763198E+2	4.624365E+3
5.765755E+2	4.658190E+3
5.768312E+2	4.693676E+3
5.770869E+2	4.727818E+3
5.773426E+2	4.761605E+3
5.775983E+2	4.795922E+3
5.778540E+2	4.830228E+3
5.781097E+2	4.867108E+3
5.783653E+2	4.902906E+3
5.786210E+2	4.938682E+3
5.788766E+2	4.974102E+3
5.791323E+2	5.009228E+3
5.793879E+2	5.045769E+3
5.796435E+2	5.081206E+3
5.798991E+2	5.117245E+3
5.801547E+2	5.152873E+3
5.804103E+2	5.188933E+3
5.806659E+2	5.225053E+3
5.809215E+2	5.259949E+3
5.811771E+2	5.296436E+3
5.814327E+2	5.332633E+3
5.816882E+2	5.368048E+3
5.819438E+2	5.403534E+3
5.821993E+2	5.439381E+3
5.824548E+2	5.473348E+3
5.827104E+2	5.509266E+3
5.829659E+2	5.544993E+3
5.832214E+2	5.579769E+3
5.834769E+2	5.615430E+3
5.837324E+2	5.650332E+3
5.839878E+2	5.686348E+3
5.842433E+2	5.721179E+3
5.844988E+2	5.756742E+3
5.847542E+2	5.791949E+3
5.850097E+2	5.826310E+3
5.852651E+2	5.861731E+3
5.855206E+2	5.897179E+3
5.857760E+2	5.932392E+3
5.860314E+2	5.967922E+3
5.862868E+2	6.002179E+3
5.865422E+2	6.037037E+3
5.867976E+2	6.072436E+3
5.870530E+2	6.107075E+3
5.873084E+2	6.142370E+3
5.875637E+2	6.177665E+3
5.878191E+2	6.213146E+3
5.880744E+2	6.247824E+3
5.883298E+2	6.282173E+3
5.885851E+2	6.316261E+3
5.888404E+2	6.350889E+3
5.890958E+2	6.385272E+3
5.893511E+2	6.419605E+3
5.896064E+2	6.454693E+3
5.898617E+2	6.488638E+3
5.901169E+2	6.523070E+3
5.903722E+2	6.557092E+3
5.906275E+2	6.591037E+3
5.908827E+2	6.624430E+3
5.911380E+2	6.657425E+3
5.913932E+2	6.691441E+3
5.916485E+2	6.725157E+3
5.919037E+2	6.759796E+3
5.921589E+2	6.793769E+3
5.924141E+2	6.826709E+3
5.926693E+2	6.860540E+3
5.929245E+2	6.894977E+3
5.931797E+2	6.929075E+3
5.934349E+2	6.962589E+3
5.936900E+2	6.995753E+3
5.939452E+2	7.028862E+3
5.942004E+2	7.062037E+3
5.944555E+2	7.094939E+3
5.947106E+2	7.129020E+3
5.949658E+2	7.160960E+3
5.952209E+2	7.194512E+3
5.954760E+2	7.228173E+3
5.957311E+2	7.261458E+3
5.959862E+2	7.295556E+3
5.962413E+2	7.329523E+3
5.964963E+2	7.364223E+3
5.967514E+2	7.397501E+3
5.970065E+2	7.431709E+3
5.972615E+2	7.467037E+3
5.975166E+2	7.501130E+3
5.977716E+2	7.535999E+3
5.980266E+2	7.571807E+3
5.982816E+2	7.606223E+3
5.985367E+2	7.640802E+3
5.987917E+2	7.676272E+3
5.990467E+2	7.710305E+3
5.993016E+2	7.744829E+3
5.995566E+2	7.780709E+3
5.998116E+2	7.816982E+3
6.000665E+2	7.853031E+3
6.003215E+2	7.888173E+3
6.005764E+2	7.925545E+3
6.008314E+2	7.961414E+3
6.010863E+2	7.998223E+3
6.013412E+2	8.033780E+3
6.015961E+2	8.070485E+3
6.018510E+2	8.107605E+3
6.021059E+2	8.144616E+3
6.023608E+2	8.181332E+3
6.026157E+2	8.217720E+3
6.028706E+2	8.253720E+3
6.031254E+2	8.290206E+3
6.033803E+2	8.325212E+3
6.036351E+2	8.361392E+3
6.038900E+2	8.398376E+3
6.041448E+2	8.436485E+3
6.043996E+2	8.473922E+3
6.046544E+2	8.510266E+3
6.049092E+2	8.547212E+3
6.051640E+2	8.583769E+3
6.054188E+2	8.621704E+3
6.056736E+2	8.660496E+3
6.059283E+2	8.699321E+3
6.061831E+2	8.736053E+3
6.064378E+2	8.773807E+3
6.066926E+2	8.812545E+3
6.069473E+2	8.851501E+3
6.072021E+2	8.889627E+3
6.074568E+2	8.926157E+3
6.077115E+2	8.964277E+3
6.079662E+2	9.002687E+3
6.082209E+2	9.042102E+3
6.084756E+2	9.080671E+3
6.087302E+2	9.120212E+3
6.089849E+2	9.159381E+3
6.092396E+2	9.196906E+3
6.094942E+2	9.236747E+3
6.097489E+2	9.275764E+3
6.100035E+2	9.314835E+3
6.102581E+2	9.352660E+3
6.105127E+2	9.391736E+3
6.107674E+2	9.430616E+3
6.110220E+2	9.469556E+3
6.112766E+2	9.508589E+3
6.115311E+2	9.546725E+3
6.117857E+2	9.585747E+3
6.120403E+2	9.623906E+3
6.122948E+2	9.662731E+3
6.125494E+2	9.700430E+3
6.128039E+2	9.737682E+3
6.130585E+2	9.775704E+3
6.133130E+2	9.813458E+3
6.135675E+2	9.851775E+3
6.138220E+2	9.889490E+3
6.140765E+2	9.926534E+3
6.143310E+2	9.963660E+3
6.145855E+2	1.000191E+4
6.148400E+2	1.004009E+4
6.150945E+2	1.007677E+4
6.153489E+2	1.011420E+4
6.156034E+2	1.014869E+4
6.158578E+2	1.018605E+4
6.161123E+2	1.022278E+4
6.163667E+2	1.026082E+4
6.166211E+2	1.029713E+4
6.168755E+2	1.033429E+4
6.171299E+2	1.037021E+4
6.173843E+2	1.040664E+4
6.176387E+2	1.044239E+4
6.178931E+2	1.047808E+4
6.181474E+2	1.051481E+4
6.184018E+2	1.055109E+4
6.186561E+2	1.058690E+4
6.189105E+2	1.062250E+4
6.191648E+2	1.065823E+4
6.194191E+2	1.069307E+4
6.196735E+2	1.072755E+4
6.199278E+2	1.076134E+4
6.201821E+2	1.079675E+4
6.204364E+2	1.082939E+4
6.206907E+2	1.086121E+4
6.209449E+2	1.089327E+4
6.211992E+2	1.092542E+4
6.214535E+2	1.095484E+4
6.217077E+2	1.098895E+4
6.219619E+2	1.102164E+4
6.222162E+2	1.105285E+4
6.224704E+2	1.108347E+4
6.227246E+2	1.111370E+4
6.229788E+2	1.114495E+4
6.232330E+2	1.117607E+4
6.234872E+2	1.120656E+4
6.237414E+2	1.123524E+4
6.239956E+2	1.126342E+4
6.242498E+2	1.129169E+4
6.245039E+2	1.131998E+4
6.247581E+2	1.134894E+4
6.250122E+2	1.137441E+4
6.252663E+2	1.140038E+4
6.255205E+2	1.142671E+4
6.257746E+2	1.145197E+4
6.260287E+2	1.147698E+4
6.262828E+2	1.150103E+4
6.265369E+2	1.152624E+4
6.267910E+2	1.154907E+4
6.270450E+2	1.157150E+4
6.272991E+2	1.159233E+4
6.275532E+2	1.161347E+4
6.278072E+2	1.163213E+4
6.280613E+2	1.165053E+4
6.283153E+2	1.166731E+4
6.285693E+2	1.168610E+4
6.288233E+2	1.170176E+4
6.290773E+2	1.171829E+4
6.293313E+2	1.173181E+4
6.295853E+2	1.174720E+4
6.298393E+2	1.176083E+4
6.300933E+2	1.177330E+4
6.303472E+2	1.178547E+4
6.306012E+2	1.179662E+4
6.308551E+2	1.180617E+4
6.311091E+2	1.181722E+4
6.313630E+2	1.182580E+4
6.316169E+2	1.183157E+4
6.318709E+2	1.183706E+4
6.321248E+2	1.184246E+4
6.323787E+2	1.184726E+4
6.326326E+2	1.185000E+4
6.328864E+2	1.185244E+4
6.331403E+2	1.185523E+4
6.333942E+2	1.185604E+4
6.336480E+2	1.185551E+4
6.339019E+2	1.185375E+4
6.341557E+2	1.185171E+4
6.344095E+2	1.184973E+4
6.346634E+2	1.184636E+4
6.349172E+2	1.184038E+4
6.351710E+2	1.183503E+4
6.354248E+2	1.183014E+4
6.356786E+2	1.182321E+4
6.359324E+2	1.181697E+4
6.361861E+2	1.180849E+4
6.364399E+2	1.179853E+4
6.366936E+2	1.178597E+4
6.369474E+2	1.177854E+4
6.372011E+2	1.176409E+4
6.374549E+2	1.175186E+4
6.377086E+2	1.173841E+4
6.379623E+2	1.172336E+4
6.382160E+2	1.170727E+4
6.384697E+2	1.168914E+4
6.387234E+2	1.167085E+4
6.389771E+2	1.165143E+4
6.392307E+2	1.163175E+4
6.394844E+2	1.161191E+4
6.397380E+2	1.159013E+4
6.399917E+2	1.156706E+4
6.402453E+2	1.154406E+4
6.404990E+2	1.152126E+4
6.407526E+2	1.149781E+4
6.410062E+2	1.147269E+4
6.412598E+2	1.144902E+4
6.415134E+2	1.142100E+4
6.417670E+2	1.139382E+4
6.420206E+2	1.136390E+4
6.422741E+2	1.133600E+4
6.425277E+2	1.130739E+4
6.427812E+2	1.127902E+4
6.430348E+2	1.124928E+4
6.432883E+2	1.122062E+4
6.435418E+2	1.119025E+4
6.437954E+2	1.115998E+4
6.440489E+2	1.112846E+4
6.443024E+2	1.109671E+4
6.445559E+2	1.106410E+4
6.448094E+2	1.103389E+4
6.450628E+2	1.099900E+4
6.453163E+2	1.096717E+4
6.455698E+2	1.093451E+4
6.458232E+2	1.090098E+4
6.460767E+2	1.086674E+4
6.463301E+2	1.083410E+4
6.465835E+2	1.080027E+4
6.468369E+2	1.076703E+4
6.470903E+2	1.073314E+4
6.473437E+2	1.069789E+4
6.475971E+2	1.066338E+4
6.478505E+2	1.062752E+4
6.481039E+2	1.059280E+4
6.483573E+2	1.055705E+4
6.486106E+2	1.051999E+4
6.488640E+2	1.048326E+4
6.491173E+2	1.044667E+4
6.493706E+2	1.040977E+4
6.496240E+2	1.037244E+4
6.498773E+2	1.033604E+4
6.501306E+2	1.029897E+4
6.503839E+2	1.026333E+4
6.506372E+2	1.022763E+4
6.508905E+2	1.019013E+4
6.511437E+2	1.015370E+4
6.513970E+2	1.011764E+4
6.516503E+2	1.008292E+4
6.519035E+2	1.004720E+4
6.521567E+2	1.001209E+4
6.524100E+2	9.974654E+3
6.526632E+2	9.939906E+3
6.529164E+2	9.902742E+3
6.531696E+2	9.867507E+3
6.534228E+2	9.832807E+3
6.536760E+2	9.798119E+3
6.539292E+2	9.763272E+3
6.541824E+2	9.728982E+3
6.544355E+2	9.694884E+3
6.546887E+2	9.659993E+3
6.549418E+2	9.626709E+3
6.551950E+2	9.593654E+3
6.554481E+2	9.560419E+3
6.557012E+2	9.526135E+3
6.559543E+2	9.492523E+3
6.562074E+2	9.458015E+3
6.564605E+2	9.425048E+3
6.567136E+2	9.391556E+3
6.569667E+2	9.360556E+3
6.572198E+2	9.327654E+3
6.574728E+2	9.295775E+3
6.577259E+2	9.264283E+3
6.579789E+2	9.234643E+3
6.582319E+2	9.203059E+3
6.584850E+2	9.173201E+3
6.587380E+2	9.142911E+3
6.589910E+2	9.113867E+3
6.592440E+2	9.085092E+3
6.594970E+2	9.055130E+3
6.597500E+2	9.027922E+3
6.600030E+2	8.998633E+3
6.602559E+2	8.971545E+3
6.605089E+2	8.945764E+3
6.607618E+2	8.917370E+3
6.610148E+2	8.890900E+3
6.612677E+2	8.862589E+3
6.615206E+2	8.837813E+3
6.617736E+2	8.811135E+3
6.620265E+2	8.784638E+3
6.622794E+2	8.756163E+3
6.625323E+2	8.730354E+3
6.627851E+2	8.703966E+3
6.630380E+2	8.679053E+3
6.632909E+2	8.655594E+3
6.635437E+2	8.632616E+3
6.637966E+2	8.608255E+3
6.640494E+2	8.585786E+3
6.643023E+2	8.565113E+3
6.645551E+2	8.542889E+3
6.648079E+2	8.522234E+3
6.650607E+2	8.502108E+3
6.653135E+2	8.482195E+3
6.655663E+2	8.462316E+3
6.658191E+2	8.442321E+3
6.660718E+2	8.422255E+3
6.663246E+2	8.403408E+3
6.665774E+2	8.385463E+3
6.668301E+2	8.365414E+3
6.670828E+2	8.348026E+3
6.673356E+2	8.330152E+3
6.675883E+2	8.313704E+3
6.678410E+2	8.297277E+3
6.680937E+2	8.279168E+3
6.683464E+2	8.262348E+3
6.685991E+2	8.245463E+3
6.688518E+2	8.228682E+3
6.691044E+2	8.212020E+3
6.693571E+2	8.197643E+3
6.696098E+2	8.180971E+3
6.698624E+2	8.164102E+3
6.701150E+2	8.148884E+3
6.703677E+2	8.132299E+3
6.706203E+2	8.116168E+3
6.708729E+2	8.100480E+3
6.711255E+2	8.084649E+3
6.713781E+2	8.070791E+3
6.716307E+2	8.057917E+3
6.718832E+2	8.044616E+3
6.721358E+2	8.029622E+3
6.723884E+2	8.016245E+3
6.726409E+2	8.003392E+3
6.728935E+2	7.990326E+3
6.731460E+2	7.978173E+3
6.733985E+2	7.965829E+3
6.736510E+2	7.954818E+3
6.739035E+2	7.944031E+3
6.741560E+2	7.934359E+3
6.744085E+2	7.924605E+3
6.746610E+2	7.915441E+3
6.749135E+2	7.905999E+3
6.751660E+2	7.897480E+3
6.754184E+2	7.889190E+3
6.756709E+2	7.878534E+3
6.759233E+2	7.869889E+3
6.761757E+2	7.861780E+3
6.764282E+2	7.851884E+3
6.766806E+2	7.843966E+3
6.769330E+2	7.833796E+3
6.771854E+2	7.823392E+3
6.774378E+2	7.813305E+3
6.776901E+2	7.804283E+3
6.779425E+2	7.794294E+3
6.781949E+2	7.785234E+3
6.784472E+2	7.774682E+3
6.786996E+2	7.763824E+3
6.789519E+2	7.753146E+3
6.792042E+2	7.743638E+3
6.794566E+2	7.733900E+3
6.797089E+2	7.723512E+3
6.799612E+2	7.714698E+3
6.802135E+2	7.704676E+3
6.804657E+2	7.696070E+3
6.807180E+2	7.688184E+3
6.809703E+2	7.680829E+3
6.812226E+2	7.674414E+3
6.814748E+2	7.667064E+3
6.817270E+2	7.660523E+3
6.819793E+2	7.652294E+3
6.822315E+2	7.645900E+3
6.824837E+2	7.638518E+3
6.827359E+2	7.631736E+3
6.829881E+2	7.624687E+3
6.832403E+2	7.616365E+3
6.834925E+2	7.611081E+3
6.837447E+2	7.603337E+3
6.839968E+2	7.596561E+3
6.842490E+2	7.588272E+3
6.845011E+2	7.580583E+3
6.847533E+2	7.570824E+3
6.850054E+2	7.562195E+3
6.852575E+2	7.554523E+3
6.855097E+2	7.545545E+3
6.857618E+2	7.537059E+3
6.860139E+2	7.526704E+3
6.862659E+2	7.518370E+3
6.865180E+2	7.510092E+3
6.867701E+2	7.499802E+3
6.870222E+2	7.490873E+3
6.872742E+2	7.482102E+3
6.875263E+2	7.474917E+3
6.877783E+2	7.466949E+3
6.880303E+2	7.460217E+3
6.882823E+2	7.454829E+3
6.885343E+2	7.447988E+3
6.887864E+2	7.441529E+3
6.890383E+2	7.436501E+3
6.892903E+2	7.429168E+3
6.895423E+2	7.421999E+3
6.897943E+2	7.416348E+3
6.900462E+2	7.409911E+3
6.902982E+2	7.405518E+3
6.905501E+2	7.397556E+3
6.908021E+2	7.390398E+3
6.910540E+2	7.382709E+3
6.913059E+2	7.374179E+3
6.915578E+2	7.364638E+3
6.918097E+2	7.355643E+3
6.920616E+2	7.346922E+3
6.923135E+2	7.336316E+3
6.925654E+2	7.326398E+3
6.928172E+2	7.317714E+3
6.930691E+2	7.307419E+3
6.933209E+2	7.297020E+3
6.935728E+2	7.286829E+3
6.938246E+2	7.276332E+3
6.940764E+2	7.265818E+3
6.943282E+2	7.256092E+3
6.945800E+2	7.245720E+3
6.948318E+2	7.235846E+3
6.950836E+2	7.224403E+3
6.953354E+2	7.213392E+3
6.955872E+2	7.203687E+3
6.958389E+2	7.194119E+3
6.960907E+2	7.183037E+3
6.963424E+2	7.171611E+3
6.965942E+2	7.159960E+3
6.968459E+2	7.149173E+3
6.970976E+2	7.138906E+3
6.973493E+2	7.129228E+3
6.976010E+2	7.119518E+3
6.978527E+2	7.109234E+3
6.981044E+2	7.099168E+3
6.983561E+2	7.088048E+3
6.986077E+2	7.078376E+3
6.988594E+2	7.065960E+3
6.991110E+2	7.054622E+3
6.993627E+2	7.042616E+3
6.996143E+2	7.031813E+3
6.998659E+2	7.019600E+3
7.001175E+2	7.008239E+3
7.003692E+2	6.996687E+3
7.006207E+2	6.982840E+3
7.008723E+2	6.969359E+3
7.011239E+2	6.954960E+3
7.013755E+2	6.942359E+3
7.016271E+2	6.927496E+3
7.018786E+2	6.913518E+3
7.021302E+2	6.899337E+3
7.023817E+2	6.883622E+3
7.026332E+2	6.868179E+3
7.028847E+2	6.853507E+3
7.031362E+2	6.839512E+3
7.033878E+2	6.824173E+3
7.036392E+2	6.808463E+3
7.038907E+2	6.793020E+3
7.041422E+2	6.776261E+3
7.043937E+2	6.758611E+3
7.046451E+2	6.743370E+3
7.048966E+2	6.727671E+3
7.051480E+2	6.711184E+3
7.053995E+2	6.694545E+3
7.056509E+2	6.678469E+3
7.059023E+2	6.663589E+3
7.061537E+2	6.649414E+3
7.064051E+2	6.635392E+3
7.066565E+2	6.621316E+3
7.069079E+2	6.609179E+3
7.071593E+2	6.595939E+3
7.074106E+2	6.582878E+3
7.076620E+2	6.570654E+3
7.079133E+2	6.557578E+3
7.081647E+2	6.544949E+3
7.084160E+2	6.532764E+3
7.086673E+2	6.520758E+3
7.089186E+2	6.507594E+3
7.091699E+2	6.494933E+3
7.094212E+2	6.481977E+3
7.096725E+2	6.466725E+3
7.099238E+2	6.452359E+3
7.101751E+2	6.436851E+3
7.104263E+2	6.422911E+3
7.106776E+2	6.406911E+3
7.109288E+2	6.390583E+3
7.111800E+2	6.372960E+3
7.114313E+2	6.355900E+3
7.116825E+2	6.338163E+3
7.119337E+2	6.321223E+3
7.121849E+2	6.303365E+3
7.124361E+2	6.284015E+3
7.126873E+2	6.266146E+3
7.129384E+2	6.248665E+3
7.131896E+2	6.231753E+3
7.134408E+2	6.215704E+3
7.136919E+2	6.200097E+3
7.139430E+2	6.184583E+3
7.141942E+2	6.171922E+3
7.144453E+2	6.160906E+3
7.146964E+2	6.149654E+3
7.149475E+2	6.139649E+3
7.151986E+2	6.131949E+3
7.154497E+2	6.124266E+3
7.157008E+2	6.115977E+3
7.159518E+2	6.109392E+3
7.162029E+2	6.104081E+3
7.164540E+2	6.100403E+3
7.167050E+2	6.094026E+3
7.169560E+2	6.089075E+3
7.172071E+2	6.082786E+3
7.174581E+2	6.077119E+3
7.177091E+2	6.070982E+3
7.179601E+2	6.063900E+3
7.182111E+2	6.054206E+3
7.184621E+2	6.043480E+3
7.187130E+2	6.032971E+3
7.189640E+2	6.021217E+3
7.192150E+2	6.008447E+3
7.194659E+2	5.995124E+3
7.197169E+2	5.980999E+3
7.199678E+2	5.968157E+3
7.202187E+2	5.954086E+3
7.204696E+2	5.940086E+3
7.207205E+2	5.927753E+3
7.209714E+2	5.915195E+3
7.212223E+2	5.903775E+3
7.214732E+2	5.892326E+3
7.217241E+2	5.883277E+3
7.219749E+2	5.875944E+3
7.222258E+2	5.870425E+3
7.224766E+2	5.868092E+3
7.227274E+2	5.866971E+3
7.229783E+2	5.869687E+3
7.232291E+2	5.875561E+3
7.234799E+2	5.881053E+3
7.237307E+2	5.889753E+3
7.239815E+2	5.898829E+3
7.242323E+2	5.909660E+3
7.244830E+2	5.920299E+3
7.247338E+2	5.930835E+3
7.249846E+2	5.943813E+3
7.252353E+2	5.956906E+3
7.254861E+2	5.968862E+3
7.257368E+2	5.979731E+3
7.259875E+2	5.991086E+3
7.262382E+2	6.001545E+3
7.264889E+2	6.010693E+3
7.267396E+2	6.018168E+3
7.269903E+2	6.025480E+3
7.272410E+2	6.031676E+3
7.274917E+2	6.038376E+3
7.277423E+2	6.044031E+3
7.279930E+2	6.049255E+3
7.282436E+2	6.054895E+3
7.284942E+2	6.059239E+3
7.287449E+2	6.063917E+3
7.289955E+2	6.069840E+3
7.292461E+2	6.075835E+3
7.294967E+2	6.082048E+3
7.297473E+2	6.087807E+3
7.299979E+2	6.094534E+3
7.302484E+2	6.100775E+3
7.304990E+2	6.107031E+3
7.307496E+2	6.115572E+3
7.310001E+2	6.126496E+3
7.312507E+2	6.141015E+3
7.315012E+2	6.157332E+3
7.317517E+2	6.176064E+3
7.320022E+2	6.201184E+3
7.322527E+2	6.231212E+3
7.325032E+2	6.267392E+3
7.327537E+2	6.306354E+3
7.330042E+2	6.347873E+3
7.332547E+2	6.391228E+3
7.335051E+2	6.439097E+3
7.337556E+2	6.491037E+3
7.340060E+2	6.551928E+3
7.342564E+2	6.621786E+3
7.345069E+2	6.694949E+3
7.347573E+2	6.764299E+3
7.350077E+2	6.824392E+3
7.352581E+2	6.873545E+3
7.355085E+2	6.923228E+3
7.357589E+2	6.988589E+3
7.360092E+2	7.075332E+3
7.362596E+2	7.182310E+3
7.365100E+2	7.296430E+3
7.367603E+2	7.406780E+3
7.370106E+2	7.504867E+3
7.372610E+2	7.589332E+3
7.375113E+2	7.665818E+3
7.377616E+2	7.740534E+3
7.380119E+2	7.822206E+3
7.382622E+2	7.912124E+3
7.385125E+2	8.009255E+3
7.387628E+2	8.110857E+3
7.390130E+2	8.214649E+3
7.392633E+2	8.323982E+3
7.395135E+2	8.439911E+3
7.397638E+2	8.564398E+3
7.400140E+2	8.697704E+3
7.402642E+2	8.840020E+3
7.405144E+2	8.987982E+3
7.407647E+2	9.137682E+3
7.410149E+2	9.281977E+3
7.412650E+2	9.415425E+3
7.415152E+2	9.540747E+3
7.417654E+2	9.669829E+3
7.420156E+2	9.808173E+3
7.422657E+2	9.954682E+3
7.425159E+2	1.009846E+4
7.427660E+2	1.022756E+4
7.430161E+2	1.033775E+4
7.432662E+2	1.043824E+4
7.435164E+2	1.057016E+4
7.437665E+2	1.072867E+4
7.440165E+2	1.088646E+4
7.442666E+2	1.104314E+4
7.445167E+2	1.119941E+4
7.447668E+2	1.135456E+4
7.450168E+2	1.150909E+4
7.452669E+2	1.164914E+4
7.455169E+2	1.176977E+4
7.457669E+2	1.187809E+4
7.460170E+2	1.198150E+4
7.462670E+2	1.209178E+4
7.465170E+2	1.220766E+4
7.467670E+2	1.234090E+4
7.470170E+2	1.248153E+4
7.472670E+2	1.261788E+4
7.475169E+2	1.274931E+4
7.477669E+2	1.287527E+4
7.480168E+2	1.299882E+4
7.482668E+2	1.312083E+4
7.485167E+2	1.324166E+4
7.487666E+2	1.335964E+4
7.490166E+2	1.347249E+4
7.492665E+2	1.355682E+4
7.495164E+2	1.362300E+4
7.497663E+2	1.367761E+4
7.500161E+2	1.372612E+4
7.502660E+2	1.377013E+4
7.505159E+2	1.381144E+4
7.507657E+2	1.384971E+4
7.510156E+2	1.387815E+4
7.512654E+2	1.388982E+4
7.515152E+2	1.388043E+4
7.517651E+2	1.386416E+4
7.520149E+2	1.385475E+4
7.522647E+2	1.386458E+4
7.525145E+2	1.389671E+4
7.527643E+2	1.393909E+4
7.530140E+2	1.398026E+4
7.532638E+2	1.400371E+4
7.535136E+2	1.400597E+4
7.537633E+2	1.399472E+4
7.540131E+2	1.398922E+4
7.542628E+2	1.400229E+4
7.545125E+2	1.403309E+4
7.547622E+2	1.406671E+4
7.550119E+2	1.409205E+4
7.552616E+2	1.410838E+4
7.555113E+2	1.411263E+4
7.557610E+2	1.410841E+4
7.560107E+2	1.409251E+4
7.562603E+2	1.406745E+4
7.565100E+2	1.403675E+4
7.567596E+2	1.400514E+4
7.570093E+2	1.395940E+4
7.572589E+2	1.389118E+4
7.575085E+2	1.379962E+4
7.577581E+2	1.369569E+4
7.580077E+2	1.359418E+4
7.582573E+2	1.350334E+4
7.585069E+2	1.340839E+4
7.587565E+2	1.327008E+4
7.590060E+2	1.309704E+4
7.592556E+2	1.292243E+4
7.595051E+2	1.274800E+4
7.597547E+2	1.257757E+4
7.600042E+2	1.241127E+4
7.602537E+2	1.224677E+4
7.605032E+2	1.209891E+4
7.607527E+2	1.197379E+4
7.610022E+2	1.186244E+4
7.612517E+2	1.175547E+4
7.615012E+2	1.164211E+4
7.617507E+2	1.152099E+4
7.620001E+2	1.137848E+4
7.622496E+2	1.122340E+4
7.624990E+2	1.106529E+4
7.627485E+2	1.090380E+4
7.629979E+2	1.074102E+4
7.632473E+2	1.057902E+4
7.634967E+2	1.041965E+4
7.637461E+2	1.026195E+4
7.639955E+2	1.010656E+4
7.642449E+2	9.955747E+3
7.644942E+2	9.826239E+3
7.647436E+2	9.707255E+3
7.649930E+2	9.595512E+3
7.652423E+2	9.495086E+3
7.654916E+2	9.408955E+3
7.657410E+2	9.335097E+3
7.659903E+2	9.264911E+3
7.662396E+2	9.190031E+3
7.664889E+2	9.110223E+3
7.667382E+2	9.031480E+3
7.669875E+2	8.953070E+3
7.672367E+2	8.871561E+3
7.674860E+2	8.782201E+3
7.677353E+2	8.680889E+3
7.679845E+2	8.573966E+3
7.682337E+2	8.468255E+3
7.684830E+2	8.370889E+3
7.687322E+2	8.284277E+3
7.689814E+2	8.202534E+3
7.692306E+2	8.110474E+3
7.694798E+2	7.997419E+3
7.697290E+2	7.861955E+3
7.699782E+2	7.717277E+3
7.702273E+2	7.567857E+3
7.704765E+2	7.417075E+3
7.707256E+2	7.268337E+3
7.709748E+2	7.126398E+3
7.712239E+2	7.001966E+3
7.714730E+2	6.898939E+3
7.717222E+2	6.818775E+3
7.719713E+2	6.748583E+3
7.722204E+2	6.688758E+3
7.724694E+2	6.644124E+3
7.727185E+2	6.618097E+3
7.729676E+2	6.608594E+3
7.732167E+2	6.612791E+3
7.734657E+2	6.626381E+3
7.737147E+2	6.648097E+3
7.739638E+2	6.676906E+3
7.742128E+2	6.707398E+3
7.744618E+2	6.732064E+3
7.747108E+2	6.749075E+3
7.749598E+2	6.755867E+3
7.752088E+2	6.753993E+3
7.754578E+2	6.747020E+3
7.757068E+2	6.734474E+3
7.759557E+2	6.714917E+3
7.762047E+2	6.690217E+3
7.764536E+2	6.660042E+3
7.767026E+2	6.623370E+3
7.769515E+2	6.581245E+3
7.772004E+2	6.538234E+3
7.774493E+2	6.495463E+3
7.776982E+2	6.454277E+3
7.779471E+2	6.417572E+3
7.781960E+2	6.385064E+3
7.784449E+2	6.355152E+3
7.786938E+2	6.325786E+3
7.789426E+2	6.298031E+3
7.791915E+2	6.270102E+3
7.794403E+2	6.241594E+3
7.796891E+2	6.211889E+3
7.799380E+2	6.181152E+3
7.801868E+2	6.151889E+3
7.804356E+2	6.120922E+3
7.806844E+2	6.087540E+3
7.809332E+2	6.052622E+3
7.811819E+2	6.016616E+3
7.814307E+2	5.980337E+3
7.816795E+2	5.945201E+3
7.819282E+2	5.910283E+3
7.821770E+2	5.877299E+3
7.824257E+2	5.845933E+3
7.826744E+2	5.817026E+3
7.829231E+2	5.791376E+3
7.831718E+2	5.767949E+3
7.834205E+2	5.746447E+3
7.836692E+2	5.725135E+3
7.839179E+2	5.702266E+3
7.841666E+2	5.677567E+3
7.844152E+2	5.648480E+3
7.846639E+2	5.615731E+3
7.849125E+2	5.577551E+3
7.851612E+2	5.534540E+3
7.854098E+2	5.490960E+3
7.856584E+2	5.444878E+3
7.859070E+2	5.395507E+3
7.861556E+2	5.338709E+3
7.864042E+2	5.273693E+3
7.866528E+2	5.201152E+3
7.869014E+2	5.122518E+3
7.871499E+2	5.043261E+3
7.873985E+2	4.965387E+3
7.876470E+2	4.886665E+3
7.878956E+2	4.805594E+3
7.881441E+2	4.723807E+3
7.883926E+2	4.640955E+3
7.886411E+2	4.557977E+3
7.888896E+2	4.480163E+3
7.891381E+2	4.406769E+3
7.893866E+2	4.340081E+3
7.896351E+2	4.279075E+3
7.898835E+2	4.225529E+3
7.901320E+2	4.177408E+3
7.903804E+2	4.134245E+3
7.906289E+2	4.095217E+3
7.908773E+2	4.059725E+3
7.911257E+2	4.027933E+3
7.913742E+2	3.999867E+3
7.916226E+2	3.976037E+3
7.918709E+2	3.956594E+3
7.921193E+2	3.941649E+3
7.923677E+2	3.928988E+3
7.926161E+2	3.917682E+3
7.928644E+2	3.907190E+3
7.931128E+2	3.894403E+3
7.933611E+2	3.878092E+3
7.936095E+2	3.857059E+3
7.938578E+2	3.832173E+3
7.941061E+2	3.802682E+3
7.943544E+2	3.769824E+3
7.946027E+2	3.733611E+3
7.948510E+2	3.696627E+3
7.950993E+2	3.659496E+3
7.953475E+2	3.624780E+3
7.955958E+2	3.591796E+3
7.958440E+2	3.561660E+3
7.960923E+2	3.535348E+3
7.963405E+2	3.511649E+3
7.965887E+2	3.488496E+3
7.968370E+2	3.466004E+3
7.970852E+2	3.443769E+3
7.973334E+2	3.419485E+3
7.975816E+2	3.395179E+3
7.978297E+2	3.369529E+3
7.980779E+2	3.343392E+3
7.983261E+2	3.317266E+3
7.985742E+2	3.290310E+3
7.988224E+2	3.263731E+3
7.990705E+2	3.237780E+3
7.993186E+2	3.213917E+3
7.995668E+2	3.193736E+3
7.998149E+2	3.175720E+3
8.000630E+2	3.162611E+3
8.003111E+2	3.153064E+3
8.005591E+2	3.148512E+3
8.008072E+2	3.148337E+3
8.010553E+2	3.151408E+3
8.013033E+2	3.157922E+3
8.015514E+2	3.165742E+3
8.017994E+2	3.175081E+3
8.020474E+2	3.184583E+3
8.022955E+2	3.194326E+3
8.025435E+2	3.203753E+3
8.027915E+2	3.212714E+3
8.030395E+2	3.221042E+3
8.032874E+2	3.229616E+3
8.035354E+2	3.237857E+3
8.037834E+2	3.246086E+3
8.040313E+2	3.254113E+3
8.042793E+2	3.262168E+3
8.045272E+2	3.271966E+3
8.047752E+2	3.284480E+3
8.050231E+2	3.298277E+3
8.052710E+2	3.315605E+3
8.055189E+2	3.335359E+3
8.057668E+2	3.357294E+3
8.060147E+2	3.382758E+3
8.062625E+2	3.410616E+3
8.065104E+2	3.441540E+3
8.067583E+2	3.476463E+3
8.070061E+2	3.516294E+3
8.072540E+2	3.561370E+3
8.075018E+2	3.610589E+3
8.077496E+2	3.665130E+3
8.079974E+2	3.724119E+3
8.082452E+2	3.786048E+3
8.084930E+2	3.849578E+3
8.087408E+2	3.915643E+3
8.089886E+2	3.982873E+3
8.092364E+2	4.052250E+3
8.094841E+2	4.125272E+3
8.097319E+2	4.203173E+3
8.099796E+2	4.284742E+3
8.102273E+2	4.370857E+3
8.104751E+2	4.460414E+3
8.107228E+2	4.554982E+3
8.109705E+2	4.654769E+3
8.112182E+2	4.758960E+3
8.114659E+2	4.867988E+3
8.117135E+2	4.982343E+3
8.119612E+2	5.101600E+3
8.122089E+2	5.224999E+3
8.124565E+2	5.350955E+3
8.127042E+2	5.476649E+3
8.129518E+2	5.600561E+3
8.131994E+2	5.718501E+3
8.134470E+2	5.828092E+3
8.136946E+2	5.924102E+3
8.139422E+2	6.004589E+3
8.141898E+2	6.069425E+3
8.144374E+2	6.116518E+3
8.146850E+2	6.146796E+3
8.149325E+2	6.164786E+3
8.151801E+2	6.171725E+3
8.154276E+2	6.173108E+3
8.156752E+2	6.170217E+3
8.159227E+2	6.165714E+3
8.161702E+2	6.159392E+3
8.164177E+2	6.152430E+3
8.166652E+2	6.145408E+3
8.169127E+2	6.138731E+3
8.171602E+2	6.132124E+3
8.174077E+2	6.125988E+3
8.176551E+2	6.122201E+3
8.179026E+2	6.121873E+3
8.181500E+2	6.124660E+3
8.183975E+2	6.131288E+3
8.186449E+2	6.141857E+3
8.188923E+2	6.158365E+3
8.191397E+2	6.180835E+3
8.193871E+2	6.210108E+3
8.196345E+2	6.245572E+3
8.198819E+2	6.285605E+3
8.201293E+2	6.332102E+3
8.203766E+2	6.380775E+3
8.206240E+2	6.430250E+3
8.208713E+2	6.479529E+3
8.211187E+2	6.524255E+3
8.213660E+2	6.564611E+3
8.216133E+2	6.596048E+3
8.218606E+2	6.617971E+3
8.221079E+2	6.627436E+3
8.223552E+2	6.624059E+3
8.226025E+2	6.608031E+3
8.228498E+2	6.579922E+3
8.230970E+2	6.539939E+3
8.233443E+2	6.490654E+3
8.235915E+2	6.434048E+3
8.238388E+2	6.370223E+3
8.240860E+2	6.301277E+3
8.243332E+2	6.226381E+3
8.245804E+2	6.145020E+3
8.248276E+2	6.056829E+3
8.250748E+2	5.962534E+3
8.253220E+2	5.862146E+3
8.255692E+2	5.754786E+3
8.258163E+2	5.639687E+3
8.260635E+2	5.518228E+3
8.263106E+2	5.388365E+3
8.265578E+2	5.250862E+3
8.268049E+2	5.105561E+3
8.270520E+2	4.952676E+3
8.272991E+2	4.792791E+3
8.275462E+2	4.628862E+3
8.277933E+2	4.462928E+3
8.280404E+2	4.296589E+3
8.282875E+2	4.134638E+3
8.285345E+2	3.979567E+3
8.287816E+2	3.836605E+3
8.290287E+2	3.708982E+3
8.292757E+2	3.597173E+3
8.295227E+2	3.502321E+3
8.297697E+2	3.424119E+3
8.300168E+2	3.358600E+3
8.302638E+2	3.303889E+3
8.305107E+2	3.255698E+3
8.307577E+2	3.211600E+3
8.310047E+2	3.169829E+3
8.312517E+2	3.129867E+3
8.314986E+2	3.090753E+3
8.317456E+2	3.052425E+3
8.319925E+2	3.014365E+3
8.322394E+2	2.976846E+3
8.324864E+2	2.939469E+3
8.327333E+2	2.899982E+3
8.329802E+2	2.856971E+3
8.332271E+2	2.812255E+3
8.334740E+2	2.762387E+3
8.337208E+2	2.708928E+3
8.339677E+2	2.649163E+3
8.342146E+2	2.583201E+3
8.344614E+2	2.510042E+3
8.347082E+2	2.429124E+3
8.349551E+2	2.342348E+3
8.352019E+2	2.247600E+3
8.354487E+2	2.147567E+3
8.356955E+2	2.044097E+3
8.359423E+2	1.937272E+3
8.361891E+2	1.830611E+3
8.364359E+2	1.724928E+3
8.366826E+2	1.624545E+3
8.369294E+2	1.528753E+3
8.371761E+2	1.440141E+3
8.374229E+2	1.358769E+3
8.376696E+2	1.286212E+3
8.379163E+2	1.220206E+3
8.381630E+2	1.161704E+3
8.384097E+2	1.110534E+3
8.386564E+2	1.065212E+3
8.389031E+2	1.025862E+3
8.391498E+2	9.904412E+2
8.393965E+2	9.599658E+2
8.396431E+2	9.329057E+2
8.398898E+2	9.087035E+2
8.401364E+2	8.868019E+2
8.403830E+2	8.668456E+2
8.406297E+2	8.484686E+2
8.408763E+2	8.318402E+2
8.411229E+2	8.155451E+2
8.413695E+2	8.002992E+2
8.416161E+2	7.858128E+2
8.418626E+2	7.719658E+2
8.421092E+2	7.584139E+2
8.423558E+2	7.454686E+2
8.426023E+2	7.326708E+2
8.428489E+2	7.196325E+2
8.430954E+2	7.071680E+2
8.433419E+2	6.951953E+2
8.435884E+2	6.836052E+2
8.438349E+2	6.720861E+2
8.440814E+2	6.607637E+2
8.443279E+2	6.497199E+2
8.445744E+2	6.391188E+2
8.448208E+2	6.286380E+2
8.450673E+2	6.181571E+2
8.453138E+2	6.075943E+2
8.455602E+2	5.963265E+2
8.458066E+2	5.851790E+2
8.460530E+2	5.736434E+2
8.462995E+2	5.620314E+2
8.465459E+2	5.502500E+2
8.467923E+2	5.382719E+2
8.470386E+2	5.263265E+2
8.472850E+2	5.138183E+2
8.475314E+2	5.010205E+2
8.477777E+2	4.885833E+2
8.480241E+2	4.766926E+2
8.482704E+2	4.639713E+2
8.485168E+2	4.517746E+2
8.487631E+2	4.394576E+2
8.490094E+2	4.272336E+2
8.492557E+2	4.150096E+2
8.495020E+2	4.029986E+2
8.497483E+2	3.912281E+2
8.499946E+2	3.798019E+2
8.502408E+2	3.683811E+2
8.504871E+2	3.574795E+2
8.507333E+2	3.463320E+2
8.509796E+2	3.353811E+2
8.512258E+2	3.248128E+2
8.514720E+2	3.146106E+2
8.517182E+2	3.040915E+2
8.519644E+2	2.942609E+2
8.522106E+2	2.846216E+2
8.524568E+2	2.751735E+2
8.527030E+2	2.657473E+2
8.529492E+2	2.569057E+2
8.531953E+2	2.487910E+2
8.534415E+2	2.409003E+2
8.536876E+2	2.332773E+2
8.539337E+2	2.255014E+2
8.541799E+2	2.183647E+2
8.544260E+2	2.116106E+2
8.546721E+2	2.056489E+2
8.549182E+2	1.993866E+2
8.551643E+2	1.936106E+2
8.554103E+2	1.879003E+2
8.556564E+2	1.826052E+2
8.559024E+2	1.774740E+2
8.561485E+2	1.723702E+2
8.563945E+2	1.676161E+2
8.566406E+2	1.631899E+2
8.568866E+2	1.591079E+2
8.571326E+2	1.549877E+2
8.573786E+2	1.510587E+2
8.576246E+2	1.478839E+2
8.578706E+2	1.446762E+2
8.581166E+2	1.417254E+2
8.583625E+2	1.389658E+2
8.586085E+2	1.362609E+2
8.588544E+2	1.335615E+2
8.591004E+2	1.311079E+2
8.593463E+2	1.285178E+2
8.595922E+2	1.257145E+2
8.598381E+2	1.231953E+2
8.600840E+2	1.204631E+2
8.603299E+2	1.182008E+2
8.605758E+2	1.157855E+2
8.608217E+2	1.134412E+2
8.610675E+2	1.113702E+2
8.613134E+2	1.090970E+2
8.615592E+2	1.069658E+2
8.618051E+2	1.050259E+2
8.620509E+2	1.025287E+2
8.622967E+2	1.004303E+2
8.625425E+2	9.834289E+1
8.627883E+2	9.610245E+1
8.630341E+2	9.385109E+1
8.632799E+2	9.196584E+1
8.635257E+2	9.014617E+1
8.637715E+2	8.786201E+1
8.640172E+2	8.600956E+1
8.642630E+2	8.427185E+1
8.645087E+2	8.260518E+1
8.647544E+2	8.093305E+1
8.650001E+2	7.926092E+1
8.652459E+2	7.759972E+1
8.654916E+2	7.626639E+1
8.657372E+2	7.480737E+1
8.659829E+2	7.351229E+1
8.662286E+2	7.212977E+1
8.664743E+2	7.076912E+1
8.667199E+2	6.950682E+1
8.669656E+2	6.811338E+1
8.672112E+2	6.712977E+1
8.674568E+2	6.596038E+1
8.677024E+2	6.499316E+1
8.679481E+2	6.417895E+1
8.681937E+2	6.288387E+1
8.684392E+2	6.176912E+1
8.686848E+2	6.096038E+1
8.689304E+2	6.033742E+1
8.691760E+2	5.965983E+1
8.694215E+2	5.875819E+1
8.696671E+2	5.784016E+1
8.699126E+2	5.722267E+1
8.701581E+2	5.651775E+1
8.704036E+2	5.592212E+1
8.706491E+2	5.499316E+1
8.708946E+2	5.397130E+1
8.711401E+2	5.326092E+1
8.713856E+2	5.255600E+1
8.716311E+2	5.184016E+1
8.718766E+2	5.109152E+1
8.721220E+2	5.052322E+1
8.723674E+2	5.006967E+1
8.726129E+2	4.938114E+1
8.728583E+2	4.911885E+1
8.731037E+2	4.858879E+1
8.733491E+2	4.774726E+1
8.735945E+2	4.704781E+1
8.738399E+2	4.637021E+1
8.740853E+2	4.588387E+1
8.743307E+2	4.549589E+1
8.745760E+2	4.504234E+1
8.748214E+2	4.422814E+1
8.750667E+2	4.394945E+1
8.753121E+2	4.292759E+1
8.755574E+2	4.243579E+1
8.758027E+2	4.178005E+1
8.760480E+2	4.094398E+1
8.762933E+2	4.024453E+1
8.765386E+2	3.951229E+1
8.767839E+2	3.862704E+1
8.770291E+2	3.794945E+1
8.772744E+2	3.727185E+1
8.775196E+2	3.664890E+1
8.777649E+2	3.617895E+1
8.780101E+2	3.574726E+1
8.782553E+2	3.514070E+1
8.785006E+2	3.447950E+1
8.787458E+2	3.395491E+1
8.789910E+2	3.361065E+1
8.792361E+2	3.342486E+1
8.794813E+2	3.312431E+1
8.797265E+2	3.276912E+1
8.799717E+2	3.233742E+1
8.802168E+2	3.217895E+1
8.804619E+2	3.152322E+1
8.807071E+2	3.103688E+1
8.809522E+2	3.060518E+1
8.811973E+2	3.009152E+1
8.814424E+2	2.960518E+1
8.816875E+2	2.924999E+1
8.819326E+2	2.905327E+1
8.821777E+2	2.843579E+1
8.824227E+2	2.797677E+1
8.826678E+2	2.750682E+1
8.829128E+2	2.707513E+1
8.831579E+2	2.697677E+1
8.834029E+2	2.671447E+1
8.836479E+2	2.637568E+1
8.838929E+2	2.624999E+1
8.841379E+2	2.608059E+1
8.843829E+2	2.585655E+1
8.846279E+2	2.542486E+1
8.848729E+2	2.527185E+1
8.851179E+2	2.521721E+1
8.853628E+2	2.475273E+1
8.856078E+2	2.452868E+1
8.858527E+2	2.443579E+1
8.860976E+2	2.422814E+1
8.863425E+2	2.394398E+1
8.865875E+2	2.361065E+1
8.868324E+2	2.327732E+1
8.870772E+2	2.287841E+1
8.873221E+2	2.257240E+1
8.875670E+2	2.218442E+1
8.878119E+2	2.176912E+1
8.880567E+2	2.173087E+1
8.883016E+2	2.146311E+1
8.885464E+2	2.122814E+1
8.887912E+2	2.135928E+1
8.890360E+2	2.088934E+1
8.892809E+2	2.050136E+1
8.895257E+2	2.012977E+1
8.897704E+2	2.002048E+1
8.900152E+2	1.956147E+1
8.902600E+2	1.935382E+1
8.905048E+2	1.916256E+1
8.907495E+2	1.893305E+1
8.909943E+2	1.862158E+1
8.912390E+2	1.840846E+1
8.914837E+2	1.827732E+1
8.917284E+2	1.850136E+1
8.919731E+2	1.865983E+1
8.922178E+2	1.847950E+1
8.924625E+2	1.843032E+1
8.927072E+2	1.807513E+1
8.929519E+2	1.776365E+1
8.931965E+2	1.766529E+1
8.934412E+2	1.763797E+1
8.936858E+2	1.788387E+1
8.939305E+2	1.774180E+1
8.941751E+2	1.752868E+1
8.944197E+2	1.755054E+1
8.946643E+2	1.728278E+1
8.949089E+2	1.724453E+1
8.951535E+2	1.688934E+1
8.953981E+2	1.674180E+1
8.956426E+2	1.656693E+1
8.958872E+2	1.627732E+1
8.961317E+2	1.618442E+1
8.963763E+2	1.609152E+1
8.966208E+2	1.595491E+1
8.968653E+2	1.596038E+1
8.971098E+2	1.585655E+1
8.973543E+2	1.589480E+1
8.975988E+2	1.616256E+1
8.978433E+2	1.637021E+1
8.980878E+2	1.626639E+1
8.983323E+2	1.639207E+1
8.985767E+2	1.626639E+1
8.988212E+2	1.597130E+1
8.990656E+2	1.597130E+1
8.993100E+2	1.598223E+1
8.995545E+2	1.608059E+1
8.997989E+2	1.580737E+1
9.000433E+2	1.544125E+1
9.002877E+2	1.520081E+1
9.005320E+2	1.525546E+1
9.007764E+2	1.529917E+1
9.010208E+2	1.518442E+1
9.012651E+2	1.531557E+1
9.015095E+2	1.523906E+1
9.017538E+2	1.514070E+1
9.019981E+2	1.533742E+1
9.022425E+2	1.539207E+1
9.024868E+2	1.552868E+1
9.027311E+2	1.537021E+1
9.029754E+2	1.504781E+1
9.032196E+2	1.509152E+1
9.034639E+2	1.492212E+1
9.037082E+2	1.474726E+1
9.039524E+2	1.492759E+1
9.041967E+2	1.476365E+1
9.044409E+2	1.473633E+1
9.046851E+2	1.493852E+1
9.049293E+2	1.532650E+1
9.051736E+2	1.530464E+1
9.054177E+2	1.522814E+1
9.056619E+2	1.520081E+1
9.059061E+2	1.553961E+1
9.061503E+2	1.564344E+1
9.063944E+2	1.567076E+1
9.066386E+2	1.528278E+1
9.068827E+2	1.522814E+1
9.071269E+2	1.539207E+1
9.073710E+2	1.517895E+1
9.076151E+2	1.522814E+1
9.078592E+2	1.534835E+1
9.081033E+2	1.541939E+1
9.083474E+2	1.569262E+1
9.085915E+2	1.548497E+1
9.088355E+2	1.551775E+1
9.090796E+2	1.542486E+1
9.093236E+2	1.537021E+1
9.095677E+2	1.547950E+1
9.098117E+2	1.526639E+1
9.100557E+2	1.540846E+1
9.102997E+2	1.532103E+1
9.105437E+2	1.527732E+1
9.107877E+2	1.555054E+1
9.110317E+2	1.563797E+1
9.112757E+2	1.532650E+1
9.115197E+2	1.536475E+1
9.117636E+2	1.514070E+1
9.120076E+2	1.525546E+1
9.122515E+2	1.498770E+1
9.124954E+2	1.452322E+1
9.127393E+2	1.427732E+1
9.129832E+2	1.427185E+1
9.132271E+2	1.409699E+1
9.134710E+2	1.418442E+1
9.137149E+2	1.420081E+1
9.139588E+2	1.410245E+1
9.142026E+2	1.410792E+1
9.144465E+2	1.387294E+1
9.146903E+2	1.388387E+1
9.149342E+2	1.382923E+1
9.151780E+2	1.393852E+1
9.154218E+2	1.387294E+1
9.156656E+2	1.369262E+1
9.159094E+2	1.382923E+1
9.161532E+2	1.373633E+1
9.163970E+2	1.374180E+1
9.166408E+2	1.367622E+1
9.168845E+2	1.361611E+1
9.171283E+2	1.360518E+1
9.173720E+2	1.346311E+1
9.176157E+2	1.368169E+1
9.178595E+2	1.382376E+1
9.181032E+2	1.371447E+1
9.183469E+2	1.358879E+1
9.185906E+2	1.343032E+1
9.188343E+2	1.339207E+1
9.190779E+2	1.374180E+1
9.193216E+2	1.379098E+1
9.195653E+2	1.366529E+1
9.198089E+2	1.317349E+1
9.200525E+2	1.306420E+1
9.202962E+2	1.316256E+1
9.205398E+2	1.327732E+1
9.207834E+2	1.315163E+1
9.210270E+2	1.309152E+1
9.212706E+2	1.318442E+1
9.215142E+2	1.328824E+1
9.217577E+2	1.325546E+1
9.220013E+2	1.327185E+1
9.222449E+2	1.312431E+1
9.224884E+2	1.344125E+1
9.227319E+2	1.336475E+1
9.229755E+2	1.331010E+1
9.232190E+2	1.297130E+1
9.234625E+2	1.286748E+1
9.237060E+2	1.268169E+1
9.239495E+2	1.281283E+1
9.241930E+2	1.234289E+1
9.244364E+2	1.197130E+1
9.246799E+2	1.176365E+1
9.249233E+2	1.166529E+1
9.251668E+2	1.179098E+1
9.254102E+2	1.167622E+1
9.256536E+2	1.144125E+1
9.258971E+2	1.147404E+1
9.261405E+2	1.171994E+1
9.263839E+2	1.173633E+1
9.266272E+2	1.170354E+1
9.268706E+2	1.180737E+1
9.271140E+2	1.181283E+1
9.273573E+2	1.181830E+1
9.276007E+2	1.185109E+1
9.278440E+2	1.192212E+1
9.280874E+2	1.175819E+1
9.283307E+2	1.161065E+1
9.285740E+2	1.161065E+1
9.288173E+2	1.145764E+1
9.290606E+2	1.133742E+1
9.293039E+2	1.157786E+1
9.295471E+2	1.164890E+1
9.297904E+2	1.204781E+1
9.300337E+2	1.188387E+1
9.302769E+2	1.188387E+1
9.305201E+2	1.193305E+1
9.307634E+2	1.198770E+1
9.310066E+2	1.201502E+1
9.312498E+2	1.208059E+1
9.314930E+2	1.212977E+1
9.317362E+2	1.196584E+1
9.319794E+2	1.171447E+1
9.322225E+2	1.179098E+1
9.324657E+2	1.170901E+1
9.327088E+2	1.154507E+1
9.329520E+2	1.168715E+1
9.331951E+2	1.214070E+1
9.334382E+2	1.242486E+1
9.336814E+2	1.251229E+1
9.339245E+2	1.228824E+1
9.341676E+2	1.209699E+1
9.344106E+2	1.220081E+1
9.346537E+2	1.225546E+1
9.348968E+2	1.232103E+1
9.351398E+2	1.222267E+1
9.353829E+2	1.192759E+1
9.356259E+2	1.171447E+1
9.358690E+2	1.184016E+1
9.361120E+2	1.167076E+1
9.363550E+2	1.146857E+1
9.365980E+2	1.149043E+1
9.368410E+2	1.141939E+1
9.370840E+2	1.184016E+1
9.373269E+2	1.148497E+1
9.375699E+2	1.139753E+1
9.378129E+2	1.120081E+1
9.380558E+2	1.117895E+1
9.382987E+2	1.111885E+1
9.385417E+2	1.129917E+1
9.387846E+2	1.109152E+1
9.390275E+2	1.155600E+1
9.392704E+2	1.200956E+1
9.395133E+2	1.240846E+1
9.397562E+2	1.264344E+1
9.399990E+2	1.257240E+1
9.402419E+2	1.254507E+1
9.404847E+2	1.261611E+1
9.407276E+2	1.259972E+1
9.409704E+2	1.278551E+1
9.412132E+2	1.258333E+1
9.414560E+2	1.293305E+1
9.416988E+2	1.282923E+1
9.419416E+2	1.311338E+1
9.421844E+2	1.302048E+1
9.424272E+2	1.296584E+1
9.426700E+2	1.282376E+1
9.429127E+2	1.294398E+1
9.431555E+2	1.305327E+1
9.433982E+2	1.317349E+1
9.436409E+2	1.326092E+1
9.438837E+2	1.318988E+1
9.441264E+2	1.306967E+1
9.443691E+2	1.300409E+1
9.446118E+2	1.273087E+1
9.448544E+2	1.303688E+1
9.450971E+2	1.303141E+1
9.453398E+2	1.307513E+1
9.455824E+2	1.299863E+1
9.458251E+2	1.311338E+1
9.460677E+2	1.313524E+1
9.463103E+2	1.327732E+1
9.465530E+2	1.307513E+1
9.467956E+2	1.299863E+1
9.470382E+2	1.300409E+1
9.472807E+2	1.306420E+1
9.475233E+2	1.323906E+1
9.477659E+2	1.315710E+1
9.480084E+2	1.276912E+1
9.482510E+2	1.273087E+1
9.484935E+2	1.278551E+1
9.487361E+2	1.279644E+1
9.489786E+2	1.320628E+1
9.492211E+2	1.297677E+1
9.494636E+2	1.297130E+1
9.497061E+2	1.303141E+1
9.499486E+2	1.298770E+1
9.501911E+2	1.315710E+1
9.504335E+2	1.327185E+1
9.506760E+2	1.306967E+1
9.509184E+2	1.312977E+1
9.511609E+2	1.318988E+1
9.514033E+2	1.316803E+1
9.516457E+2	1.332103E+1
9.518881E+2	1.316256E+1
9.521305E+2	1.321721E+1
9.523729E+2	1.353961E+1
9.526153E+2	1.381830E+1
9.528576E+2	1.390573E+1
9.531000E+2	1.394398E+1
9.533424E+2	1.388934E+1
9.535847E+2	1.388934E+1
9.538270E+2	1.390027E+1
9.540694E+2	1.385109E+1
9.543117E+2	1.378005E+1
9.545540E+2	1.345764E+1
9.547963E+2	1.338114E+1
9.550386E+2	1.353415E+1
9.552808E+2	1.363797E+1
9.555231E+2	1.370901E+1
9.557654E+2	1.340300E+1
9.560076E+2	1.358333E+1
9.562498E+2	1.318988E+1
9.564921E+2	1.318988E+1
9.567343E+2	1.304781E+1
9.569765E+2	1.326092E+1
9.572187E+2	1.323906E+1
9.574609E+2	1.345764E+1
9.577031E+2	1.352868E+1
9.579452E+2	1.357786E+1
9.581874E+2	1.347950E+1
9.584296E+2	1.354507E+1
9.586717E+2	1.363251E+1
9.589138E+2	1.363797E+1
9.591560E+2	1.352322E+1
9.593981E+2	1.351775E+1
9.596402E+2	1.349589E+1
9.598823E+2	1.353415E+1
9.601244E+2	1.335928E+1
9.603664E+2	1.335928E+1
9.606085E+2	1.324453E+1
9.608506E+2	1.335382E+1
9.610926E+2	1.330464E+1
9.613347E+2	1.371994E+1
9.615767E+2	1.393852E+1
9.618187E+2	1.401502E+1
9.620607E+2	1.371994E+1
9.623027E+2	1.345764E+1
9.625447E+2	1.333196E+1
9.627867E+2	1.336475E+1
9.630287E+2	1.332103E+1
9.632706E+2	1.323906E+1
9.635126E+2	1.327732E+1
9.637545E+2	1.285655E+1
9.639965E+2	1.310245E+1
9.642384E+2	1.323906E+1
9.644803E+2	1.315163E+1
9.647222E+2	1.319535E+1
9.649641E+2	1.337568E+1
9.652060E+2	1.340300E+1
9.654479E+2	1.355600E+1
9.656897E+2	1.342486E+1
9.659316E+2	1.328824E+1
9.661734E+2	1.314070E+1
9.664153E+2	1.292212E+1
9.666571E+2	1.281830E+1
9.668989E+2	1.317895E+1
9.671408E+2	1.319535E+1
9.673826E+2	1.304234E+1
9.676243E+2	1.309152E+1
9.678661E+2	1.322814E+1
9.681079E+2	1.332650E+1
9.683497E+2	1.334289E+1
9.685914E+2	1.325546E+1
9.688332E+2	1.315710E+1
9.690749E+2	1.316803E+1
9.693166E+2	1.333196E+1
9.695583E+2	1.350682E+1
9.698001E+2	1.355600E+1
9.700417E+2	1.345764E+1
9.702834E+2	1.334289E+1
9.705251E+2	1.337021E+1
9.707668E+2	1.339207E+1
9.710084E+2	1.345764E+1
9.712501E+2	1.347950E+1
9.714917E+2	1.355054E+1
9.717334E+2	1.359972E+1
9.719750E+2	1.355600E+1
9.722166E+2	1.364344E+1
9.724582E+2	1.358333E+1
9.726998E+2	1.343032E+1
9.729414E+2	1.346857E+1
9.731830E+2	1.336475E+1
9.734245E+2	1.355054E+1
9.736661E+2	1.346311E+1
9.739076E+2	1.357786E+1
9.741492E+2	1.344125E+1
9.743907E+2	1.321721E+1
9.746322E+2	1.319535E+1
9.748737E+2	1.333196E+1
9.751152E+2	1.349589E+1
9.753567E+2	1.350682E+1
9.755982E+2	1.343032E+1
9.758396E+2	1.332650E+1
9.760811E+2	1.332103E+1
9.763226E+2	1.343032E+1
9.765640E+2	1.336475E+1
9.768054E+2	1.356693E+1
9.770468E+2	1.352868E+1
9.772883E+2	1.381283E+1
9.775297E+2	1.380191E+1
9.777711E+2	1.391666E+1
9.780124E+2	1.387294E+1
9.782538E+2	1.381830E+1
9.784952E+2	1.380737E+1
9.787365E+2	1.361611E+1
9.789779E+2	1.353415E+1
9.792192E+2	1.378551E+1
9.794605E+2	1.381283E+1
9.797019E+2	1.382376E+1
9.799432E+2	1.378005E+1
9.801845E+2	1.369262E+1
9.804257E+2	1.387841E+1
9.806670E+2	1.438661E+1
9.809083E+2	1.449589E+1
9.811496E+2	1.470901E+1
9.813908E+2	1.477458E+1
9.816320E+2	1.434289E+1
9.818733E+2	1.407513E+1
9.821145E+2	1.412977E+1
9.823557E+2	1.420081E+1
9.825969E+2	1.422814E+1
9.828381E+2	1.412431E+1
9.830793E+2	1.424453E+1
9.833205E+2	1.409152E+1
9.835616E+2	1.412431E+1
9.838028E+2	1.403141E+1
9.840439E+2	1.415710E+1
9.842851E+2	1.402048E+1
9.845262E+2	1.393852E+1
9.847673E+2	1.398770E+1
9.850084E+2	1.411338E+1
9.852495E+2	1.417349E+1
9.854906E+2	1.426639E+1
9.857317E+2	1.440300E+1
9.859727E+2	1.423360E+1
9.862138E+2	1.424453E+1
9.864549E+2	1.429917E+1
9.866959E+2	1.418988E+1
9.869369E+2	1.392212E+1
9.871779E+2	1.383469E+1
9.874190E+2	1.381830E+1
9.876600E+2	1.383469E+1
9.879010E+2	1.415163E+1
9.881419E+2	1.408059E+1
9.883829E+2	1.425546E+1
9.886239E+2	1.420628E+1
9.888648E+2	1.440300E+1
9.891058E+2	1.462704E+1
9.893467E+2	1.464344E+1
9.895876E+2	1.469808E+1
9.898285E+2	1.443032E+1
9.900695E+2	1.423906E+1
9.903104E+2	1.418442E+1
9.905512E+2	1.443032E+1
9.907921E+2	1.431557E+1
9.910330E+2	1.431010E+1
9.912738E+2	1.432103E+1
9.915147E+2	1.438661E+1
9.917555E+2	1.458879E+1
9.919964E+2	1.446311E+1
9.922372E+2	1.450682E+1
9.924780E+2	1.436475E+1
9.927188E+2	1.438661E+1
9.929596E+2	1.459426E+1
9.932004E+2	1.474726E+1
9.934411E+2	1.470901E+1
9.936819E+2	1.458333E+1
9.939227E+2	1.437568E+1
9.941634E+2	1.442486E+1
9.944041E+2	1.447404E+1
9.946449E+2	1.459972E+1
9.948856E+2	1.467622E+1
9.951263E+2	1.450682E+1
9.953670E+2	1.426639E+1
9.956077E+2	1.417895E+1
9.958483E+2	1.421174E+1
9.960890E+2	1.424453E+1
9.963297E+2	1.417895E+1
9.965703E+2	1.405874E+1
9.968109E+2	1.420081E+1
9.970516E+2	1.411338E+1
9.972922E+2	1.387841E+1
9.975328E+2	1.391120E+1
9.977734E+2	1.382376E+1
9.980140E+2	1.394945E+1
9.982546E+2	1.402595E+1
9.984951E+2	1.418988E+1
9.987357E+2	1.397130E+1
9.989763E+2	1.404234E+1
9.992168E+2	1.400956E+1
9.994573E+2	1.402048E+1
9.996978E+2	1.389480E+1
9.999384E+2	1.378551E+1
1.000179E+3	1.368169E+1
1.000419E+3	1.357786E+1
1.000660E+3	1.383469E+1
1.000900E+3	1.399316E+1
1.001141E+3	1.413524E+1
1.001381E+3	1.449589E+1
1.001622E+3	1.444671E+1
1.001862E+3	1.456693E+1
1.002103E+3	1.463251E+1
1.002343E+3	1.470354E+1
1.002583E+3	1.458879E+1
1.002824E+3	1.441939E+1
1.003064E+3	1.425546E+1
1.003305E+3	1.426092E+1
1.003545E+3	1.400409E+1
1.003785E+3	1.376365E+1
1.004026E+3	1.390027E+1
1.004266E+3	1.400956E+1
1.004506E+3	1.430464E+1
1.004747E+3	1.456693E+1
1.004987E+3	1.463251E+1
1.005227E+3	1.426092E+1
1.005468E+3	1.429917E+1
1.005708E+3	1.414617E+1
1.005948E+3	1.414070E+1
1.006188E+3	1.402048E+1
1.006429E+3	1.399863E+1
1.006669E+3	1.405874E+1
1.006909E+3	1.420081E+1
1.007149E+3	1.424453E+1
1.007390E+3	1.423360E+1
1.007630E+3	1.406420E+1
1.007870E+3	1.388387E+1
1.008110E+3	1.381283E+1
1.008350E+3	1.418988E+1
1.008590E+3	1.435928E+1
1.008831E+3	1.437021E+1
1.009071E+3	1.429371E+1
1.009311E+3	1.424453E+1
1.009551E+3	1.415710E+1
1.009791E+3	1.424453E+1
1.010031E+3	1.411338E+1
1.010271E+3	1.445218E+1
1.010511E+3	1.444671E+1
1.010752E+3	1.460518E+1
1.010992E+3	1.490027E+1
1.011232E+3	1.525546E+1
1.011472E+3	1.514070E+1
1.011712E+3	1.496038E+1
1.011952E+3	1.526092E+1
1.012192E+3	1.526639E+1
1.012432E+3	1.520081E+1
1.012672E+3	1.494398E+1
1.012912E+3	1.492212E+1
1.013152E+3	1.474180E+1
1.013392E+3	1.468169E+1
1.013632E+3	1.458879E+1
1.013872E+3	1.480737E+1
1.014112E+3	1.488387E+1
1.014352E+3	1.527732E+1
1.014591E+3	1.559426E+1
1.014831E+3	1.578005E+1
1.015071E+3	1.588934E+1
1.015311E+3	1.584562E+1
1.015551E+3	1.567076E+1
1.015791E+3	1.561611E+1
1.016031E+3	1.550136E+1
1.016271E+3	1.581283E+1
1.016511E+3	1.571994E+1
1.016750E+3	1.579098E+1
1.016990E+3	1.563797E+1
1.017230E+3	1.556147E+1
1.017470E+3	1.566529E+1
1.017710E+3	1.594398E+1
1.017949E+3	1.598223E+1
1.018189E+3	1.617895E+1
1.018429E+3	1.621721E+1
1.018669E+3	1.618442E+1
1.018908E+3	1.614617E+1
1.019148E+3	1.576365E+1
1.019388E+3	1.558879E+1
1.019628E+3	1.566529E+1
1.019867E+3	1.594398E+1
1.020107E+3	1.572540E+1
1.020347E+3	1.570901E+1
1.020586E+3	1.550682E+1
1.020826E+3	1.556147E+1
1.021066E+3	1.555054E+1
1.021305E+3	1.550682E+1
1.021545E+3	1.550682E+1
1.021785E+3	1.524999E+1
1.022024E+3	1.527185E+1
1.022264E+3	1.532103E+1
1.022504E+3	1.559426E+1
1.022743E+3	1.586748E+1
1.022983E+3	1.569808E+1
1.023222E+3	1.561065E+1
1.023462E+3	1.552322E+1
1.023702E+3	1.522814E+1
1.023941E+3	1.531010E+1
1.024181E+3	1.544125E+1
1.024420E+3	1.550136E+1
1.024660E+3	1.554507E+1
1.024899E+3	1.526092E+1
1.025139E+3	1.506967E+1
1.025378E+3	1.470901E+1
1.025618E+3	1.465983E+1
1.025857E+3	1.450136E+1
1.026097E+3	1.420628E+1
1.026336E+3	1.433742E+1
1.026575E+3	1.406420E+1
1.026815E+3	1.397130E+1
1.027054E+3	1.398770E+1
1.027294E+3	1.422267E+1
1.027533E+3	1.417895E+1
1.027773E+3	1.428824E+1
1.028012E+3	1.447404E+1
1.028251E+3	1.446857E+1
1.028491E+3	1.429371E+1
1.028730E+3	1.413524E+1
1.028969E+3	1.380737E+1
1.029209E+3	1.352322E+1
1.029448E+3	1.352868E+1
1.029687E+3	1.382376E+1
1.029927E+3	1.364344E+1
1.030166E+3	1.366529E+1
1.030405E+3	1.366529E+1
1.030645E+3	1.348497E+1
1.030884E+3	1.327185E+1
1.031123E+3	1.326639E+1
1.031362E+3	1.323360E+1
1.031602E+3	1.339753E+1
1.031841E+3	1.320628E+1
1.032080E+3	1.324999E+1
1.032319E+3	1.293852E+1
1.032558E+3	1.296038E+1
1.032798E+3	1.291120E+1
1.033037E+3	1.316256E+1
1.033276E+3	1.297130E+1
1.033515E+3	1.288934E+1
1.033754E+3	1.299863E+1
1.033993E+3	1.321174E+1
1.034233E+3	1.303688E+1
1.034472E+3	1.282376E+1
1.034711E+3	1.312977E+1
1.034950E+3	1.314617E+1
1.035189E+3	1.315163E+1
1.035428E+3	1.287841E+1
1.035667E+3	1.285109E+1
1.035906E+3	1.278551E+1
1.036145E+3	1.279098E+1
1.036384E+3	1.296038E+1
1.036623E+3	1.296038E+1
1.036862E+3	1.285109E+1
1.037101E+3	1.266529E+1
1.037340E+3	1.248497E+1
1.037579E+3	1.244671E+1
1.037818E+3	1.228278E+1
1.038057E+3	1.223360E+1
1.038296E+3	1.248497E+1
1.038535E+3	1.239753E+1
1.038774E+3	1.253961E+1
1.039013E+3	1.250136E+1
1.039252E+3	1.253961E+1
1.039491E+3	1.259426E+1
1.039730E+3	1.263797E+1
1.039969E+3	1.296584E+1
1.040208E+3	1.281830E+1
1.040447E+3	1.271994E+1
1.040685E+3	1.299863E+1
1.040924E+3	1.321174E+1
1.041163E+3	1.336475E+1
1.041402E+3	1.346311E+1
1.041641E+3	1.346857E+1
1.041880E+3	1.353415E+1
1.042118E+3	1.340300E+1
1.042357E+3	1.339207E+1
1.042596E+3	1.333196E+1
1.042835E+3	1.343579E+1
1.043074E+3	1.344125E+1
1.043312E+3	1.336475E+1
1.043551E+3	1.357786E+1
1.043790E+3	1.383469E+1
1.044029E+3	1.371447E+1
1.044267E+3	1.328824E+1
1.044506E+3	1.342486E+1
1.044745E+3	1.345218E+1
1.044983E+3	1.353961E+1
1.045222E+3	1.373633E+1
1.045461E+3	1.381830E+1
1.045699E+3	1.386201E+1
1.045938E+3	1.396038E+1
1.046177E+3	1.352868E+1
1.046415E+3	1.367622E+1
1.046654E+3	1.342486E+1
1.046893E+3	1.359972E+1
1.047131E+3	1.362704E+1
1.047370E+3	1.387294E+1
1.047608E+3	1.352868E+1
1.047847E+3	1.365436E+1
1.048086E+3	1.346311E+1
1.048324E+3	1.351229E+1
1.048563E+3	1.347404E+1
1.048801E+3	1.348497E+1
1.049040E+3	1.344125E+1
1.049278E+3	1.314070E+1
1.049517E+3	1.312977E+1
1.049755E+3	1.320081E+1
1.049994E+3	1.332650E+1
1.050232E+3	1.339753E+1
1.050471E+3	1.333742E+1
1.050709E+3	1.310245E+1
1.050948E+3	1.318988E+1
1.051186E+3	1.337021E+1
1.051424E+3	1.355600E+1
1.051663E+3	1.344671E+1
1.051901E+3	1.351775E+1
1.052140E+3	1.357786E+1
1.052378E+3	1.384016E+1
1.052616E+3	1.374726E+1
1.052855E+3	1.381283E+1
1.053093E+3	1.396038E+1
1.053332E+3	1.382376E+1
1.053570E+3	1.378551E+1
1.053808E+3	1.388387E+1
1.054047E+3	1.375819E+1
1.054285E+3	1.380737E+1
1.054523E+3	1.363251E+1
1.054761E+3	1.380191E+1
1.055000E+3	1.386201E+1
1.055238E+3	1.370901E+1
1.055476E+3	1.338114E+1
1.055715E+3	1.329371E+1
1.055953E+3	1.314070E+1
1.056191E+3	1.308606E+1
1.056429E+3	1.312977E+1
1.056667E+3	1.325546E+1
1.056906E+3	1.336475E+1
1.057144E+3	1.324453E+1
1.057382E+3	1.316256E+1
1.057620E+3	1.323360E+1
1.057858E+3	1.340846E+1
1.058097E+3	1.321174E+1
1.058335E+3	1.308059E+1
1.058573E+3	1.305327E+1
1.058811E+3	1.329917E+1
1.059049E+3	1.329371E+1
1.059287E+3	1.326639E+1
1.059525E+3	1.305327E+1
1.059763E+3	1.269262E+1
1.060001E+3	1.250136E+1
1.060239E+3	1.255600E+1
1.060478E+3	1.235382E+1
1.060716E+3	1.257240E+1
1.060954E+3	1.254507E+1
1.061192E+3	1.275819E+1
1.061430E+3	1.266529E+1
1.061668E+3	1.242486E+1
1.061906E+3	1.211885E+1
1.062144E+3	1.230464E+1
1.062382E+3	1.203688E+1
1.062620E+3	1.217895E+1
1.062858E+3	1.220081E+1
1.063096E+3	1.196584E+1
1.063333E+3	1.200956E+1
1.063571E+3	1.200956E+1
1.063809E+3	1.194945E+1
1.064047E+3	1.182376E+1
1.064285E+3	1.193852E+1
1.064523E+3	1.199863E+1
1.064761E+3	1.193305E+1
1.064999E+3	1.197130E+1
1.065237E+3	1.204781E+1
1.065474E+3	1.202595E+1
1.065712E+3	1.174726E+1
1.065950E+3	1.147404E+1
1.066188E+3	1.160518E+1
1.066426E+3	1.144125E+1
1.066664E+3	1.123906E+1
1.066901E+3	1.097130E+1
1.067139E+3	1.115163E+1
1.067377E+3	1.104234E+1
1.067615E+3	1.093852E+1
1.067852E+3	1.090573E+1
1.068090E+3	1.077458E+1
1.068328E+3	1.040846E+1
1.068566E+3	1.039753E+1
1.068803E+3	1.009152E+1
1.069041E+3	1.026639E+1
1.069279E+3	1.025546E+1
1.069516E+3	1.012977E+1
1.069754E+3	9.971304E+0
1.069992E+3	9.900266E+0
1.070229E+3	9.943982E+0
1.070467E+3	9.965840E+0
1.070705E+3	9.998627E+0
1.070942E+3	9.862015E+0
1.071180E+3	9.763654E+0
1.071418E+3	9.556004E+0
1.071655E+3	9.856550E+0
1.071893E+3	9.780048E+0
1.072130E+3	9.523217E+0
1.072368E+3	9.594255E+0
1.072605E+3	9.463108E+0
1.072843E+3	9.326496E+0
1.073081E+3	9.359283E+0
1.073318E+3	9.304638E+0
1.073556E+3	9.419392E+0
1.073793E+3	9.255457E+0
1.074031E+3	9.086059E+0
1.074268E+3	9.173490E+0
1.074506E+3	9.381141E+0
1.074743E+3	9.331960E+0
1.074981E+3	9.512288E+0
1.075218E+3	9.812835E+0
1.075455E+3	9.818299E+0
1.075693E+3	9.643436E+0
1.075930E+3	9.681687E+0
1.076168E+3	9.796441E+0
1.076405E+3	9.900266E+0
1.076642E+3	9.878408E+0
1.076880E+3	9.993162E+0
1.077117E+3	9.812835E+0
1.077355E+3	9.889337E+0
1.077592E+3	1.009699E+1
1.077829E+3	1.004781E+1
1.078067E+3	1.030464E+1
1.078304E+3	1.051229E+1
1.078541E+3	1.086201E+1
1.078779E+3	1.069262E+1
1.079016E+3	1.066529E+1
1.079253E+3	1.080191E+1
1.079490E+3	1.051229E+1
1.079728E+3	1.051229E+1
1.079965E+3	1.029917E+1
1.080202E+3	1.018442E+1
1.080439E+3	1.014070E+1
1.080677E+3	1.022814E+1
1.080914E+3	1.013524E+1
1.081151E+3	1.012431E+1
1.081388E+3	1.019535E+1
1.081625E+3	1.032103E+1
1.081863E+3	9.971304E+0
1.082100E+3	9.790977E+0
1.082337E+3	9.506824E+0
1.082574E+3	9.550539E+0
1.082811E+3	9.894802E+0
1.083048E+3	9.883873E+0
1.083285E+3	9.807370E+0
1.083522E+3	9.479501E+0
1.083760E+3	9.446714E+0
1.083997E+3	9.534146E+0
1.084234E+3	9.703545E+0
1.084471E+3	9.812835E+0
1.084708E+3	9.659829E+0
1.084945E+3	9.905731E+0
1.085182E+3	9.818299E+0
1.085419E+3	9.769119E+0
1.085656E+3	9.823763E+0
1.085893E+3	9.889337E+0
1.086130E+3	9.807370E+0
1.086367E+3	9.856550E+0
1.086604E+3	1.016256E+1
1.086841E+3	1.021174E+1
1.087078E+3	1.017895E+1
1.087315E+3	1.022267E+1
1.087552E+3	1.009699E+1
1.087789E+3	9.922124E+0
1.088026E+3	9.545075E+0
1.088262E+3	9.637971E+0
1.088499E+3	9.741796E+0
1.088736E+3	9.976769E+0
1.088973E+3	9.856550E+0
1.089210E+3	9.774583E+0
1.089447E+3	9.588791E+0
1.089684E+3	9.233600E+0
1.089921E+3	9.228135E+0
1.090157E+3	9.424856E+0
1.090394E+3	9.228135E+0
1.090631E+3	9.271851E+0
1.090868E+3	9.310102E+0
1.091105E+3	9.189884E+0
1.091341E+3	9.501359E+0
1.091578E+3	9.506824E+0
1.091815E+3	9.260922E+0
1.092052E+3	8.987698E+0
1.092288E+3	8.878408E+0
1.092525E+3	8.468572E+0
1.092762E+3	8.348354E+0
1.092999E+3	8.135239E+0
1.093235E+3	8.113381E+0
1.093472E+3	8.113381E+0
1.093709E+3	7.927589E+0
1.093945E+3	8.353818E+0
1.094182E+3	8.249993E+0
1.094419E+3	8.424856E+0
1.094655E+3	8.408463E+0
1.094892E+3	8.506824E+0
1.095128E+3	8.545075E+0
1.095365E+3	8.769119E+0
1.095602E+3	8.823763E+0
1.095838E+3	8.725403E+0
1.096075E+3	8.495895E+0
1.096311E+3	8.719938E+0
1.096548E+3	8.709009E+0
1.096784E+3	8.605184E+0
1.097021E+3	8.610649E+0
1.097258E+3	8.501359E+0
1.097494E+3	8.561468E+0
1.097731E+3	8.812835E+0
1.097967E+3	8.916660E+0
1.098204E+3	8.725403E+0
1.098440E+3	8.714474E+0
1.098677E+3	8.801906E+0
1.098913E+3	8.840157E+0
1.099149E+3	9.009556E+0
1.099386E+3	8.698080E+0
1.099622E+3	8.998627E+0
1.099859E+3	8.982233E+0
1.100095E+3	8.905731E+0
1.100332E+3	8.933053E+0
1.100568E+3	8.807370E+0
1.100804E+3	8.665294E+0
1.101041E+3	8.386605E+0
1.101277E+3	8.113381E+0
1.101513E+3	8.178955E+0
1.101750E+3	8.200813E+0
1.101986E+3	8.408463E+0
1.102222E+3	8.506824E+0
1.102459E+3	8.621578E+0
1.102695E+3	8.539610E+0
1.102931E+3	8.610649E+0
1.103168E+3	8.506824E+0
1.103404E+3	8.528682E+0
1.103640E+3	8.534146E+0
1.103876E+3	8.725403E+0
1.104113E+3	8.785512E+0
1.104349E+3	8.730867E+0
1.104585E+3	8.703545E+0
1.104821E+3	8.960376E+0
1.105057E+3	8.730867E+0
1.105294E+3	8.599720E+0
1.105530E+3	8.818299E+0
1.105766E+3	8.703545E+0
1.106002E+3	8.484966E+0
1.106238E+3	8.561468E+0
1.106474E+3	8.785512E+0
1.106711E+3	8.867479E+0
1.106947E+3	8.982233E+0
1.107183E+3	8.796441E+0
1.107419E+3	8.528682E+0
1.107655E+3	8.435785E+0
1.107891E+3	8.484966E+0
1.108127E+3	2.326496E+0
1.108363E+3	2.993162E+0
1.108599E+3	8.993162E+0
1.108835E+3	1.232650E+1
1.109071E+3	2.232650E+1
1.109307E+3	1.399316E+1
1.109543E+3	4.326496E+0
1.109779E+3	4.993162E+0
1.110015E+3	1.132650E+1
1.110251E+3	9.326496E+0
1.110487E+3	1.232650E+1
1.110723E+3	8.326496E+0
1.110959E+3	1.865983E+1
1.111195E+3	1.099316E+1
1.111431E+3	8.993162E+0
1.111667E+3	1.365983E+1
1.111903E+3	1.565983E+1
1.112139E+3	-4.340171E+0
1.112375E+3	4.993162E+0
1.112611E+3	1.532650E+1
1.112847E+3	1.899316E+1
1.113082E+3	-1.100684E+1
1.113318E+3	8.659829E+0
1.113554E+3	1.099316E+1
1.113790E+3	8.659829E+0
1.114026E+3	1.993162E+0
1.114262E+3	-6.006838E+0
1.114497E+3	-2.006838E+0
1.114733E+3	3.264957E-1
1.114969E+3	1.265983E+1
