1.951292E+2	0.000000E+0
1.953960E+2	0.000000E+0
1.956629E+2	0.000000E+0
1.959298E+2	0.000000E+0
1.961966E+2	0.000000E+0
1.964635E+2	0.000000E+0
1.967303E+2	0.000000E+0
1.969972E+2	0.000000E+0
1.972640E+2	0.000000E+0
1.975308E+2	0.000000E+0
1.977977E+2	0.000000E+0
1.980645E+2	0.000000E+0
1.983313E+2	0.000000E+0
1.985981E+2	0.000000E+0
1.988649E+2	0.000000E+0
1.991316E+2	0.000000E+0
1.993984E+2	0.000000E+0
1.996652E+2	0.000000E+0
1.999320E+2	0.000000E+0
2.001987E+2	0.000000E+0
2.004655E+2	0.000000E+0
2.007322E+2	0.000000E+0
2.009989E+2	0.000000E+0
2.012657E+2	0.000000E+0
2.015324E+2	0.000000E+0
2.017991E+2	0.000000E+0
2.020658E+2	0.000000E+0
2.023325E+2	0.000000E+0
2.025992E+2	0.000000E+0
2.028659E+2	0.000000E+0
2.031326E+2	0.000000E+0
2.033992E+2	0.000000E+0
2.036659E+2	0.000000E+0
2.039325E+2	0.000000E+0
2.041992E+2	0.000000E+0
2.044658E+2	0.000000E+0
2.047325E+2	0.000000E+0
2.049991E+2	0.000000E+0
2.052657E+2	0.000000E+0
2.055323E+2	0.000000E+0
2.057989E+2	0.000000E+0
2.060655E+2	0.000000E+0
2.063321E+2	0.000000E+0
2.065987E+2	0.000000E+0
2.068653E+2	0.000000E+0
2.071319E+2	0.000000E+0
2.073984E+2	0.000000E+0
2.076650E+2	0.000000E+0
2.079315E+2	0.000000E+0
2.081981E+2	0.000000E+0
2.084646E+2	0.000000E+0
2.087311E+2	0.000000E+0
2.089977E+2	0.000000E+0
2.092642E+2	0.000000E+0
2.095307E+2	0.000000E+0
2.097972E+2	0.000000E+0
2.100637E+2	0.000000E+0
2.103302E+2	0.000000E+0
2.105966E+2	0.000000E+0
2.108631E+2	0.000000E+0
2.111296E+2	0.000000E+0
2.113960E+2	0.000000E+0
2.116625E+2	0.000000E+0
2.119289E+2	0.000000E+0
2.121954E+2	0.000000E+0
2.124618E+2	0.000000E+0
2.127282E+2	0.000000E+0
2.129946E+2	0.000000E+0
2.132610E+2	0.000000E+0
2.135274E+2	0.000000E+0
2.137938E+2	0.000000E+0
2.140602E+2	0.000000E+0
2.143266E+2	0.000000E+0
2.145930E+2	0.000000E+0
2.148593E+2	0.000000E+0
2.151257E+2	0.000000E+0
2.153920E+2	0.000000E+0
2.156584E+2	0.000000E+0
2.159247E+2	0.000000E+0
2.161910E+2	0.000000E+0
2.164574E+2	0.000000E+0
2.167237E+2	0.000000E+0
2.169900E+2	0.000000E+0
2.172563E+2	0.000000E+0
2.175226E+2	0.000000E+0
2.177889E+2	0.000000E+0
2.180551E+2	0.000000E+0
2.183214E+2	0.000000E+0
2.185877E+2	0.000000E+0
2.188539E+2	0.000000E+0
2.191202E+2	0.000000E+0
2.193864E+2	0.000000E+0
2.196527E+2	0.000000E+0
2.199189E+2	0.000000E+0
2.201851E+2	0.000000E+0
2.204513E+2	0.000000E+0
2.207175E+2	0.000000E+0
2.209837E+2	0.000000E+0
2.212499E+2	0.000000E+0
2.215161E+2	0.000000E+0
2.217823E+2	0.000000E+0
2.220485E+2	0.000000E+0
2.223146E+2	0.000000E+0
2.225808E+2	0.000000E+0
2.228469E+2	0.000000E+0
2.231131E+2	0.000000E+0
2.233792E+2	0.000000E+0
2.236453E+2	0.000000E+0
2.239115E+2	0.000000E+0
2.241776E+2	0.000000E+0
2.244437E+2	0.000000E+0
2.247098E+2	0.000000E+0
2.249759E+2	0.000000E+0
2.252420E+2	0.000000E+0
2.255080E+2	0.000000E+0
2.257741E+2	0.000000E+0
2.260402E+2	0.000000E+0
2.263062E+2	0.000000E+0
2.265723E+2	0.000000E+0
2.268383E+2	0.000000E+0
2.271044E+2	0.000000E+0
2.273704E+2	0.000000E+0
2.276364E+2	0.000000E+0
2.279024E+2	0.000000E+0
2.281684E+2	0.000000E+0
2.284344E+2	0.000000E+0
2.287004E+2	0.000000E+0
2.289664E+2	0.000000E+0
2.292324E+2	0.000000E+0
2.294984E+2	0.000000E+0
2.297643E+2	0.000000E+0
2.300303E+2	0.000000E+0
2.302962E+2	0.000000E+0
2.305622E+2	0.000000E+0
2.308281E+2	0.000000E+0
2.310940E+2	0.000000E+0
2.313599E+2	0.000000E+0
2.316259E+2	0.000000E+0
2.318918E+2	0.000000E+0
2.321577E+2	0.000000E+0
2.324236E+2	0.000000E+0
2.326894E+2	0.000000E+0
2.329553E+2	0.000000E+0
2.332212E+2	0.000000E+0
2.334871E+2	0.000000E+0
2.337529E+2	0.000000E+0
2.340188E+2	0.000000E+0
2.342846E+2	0.000000E+0
2.345504E+2	0.000000E+0
2.348163E+2	0.000000E+0
2.350821E+2	0.000000E+0
2.353479E+2	0.000000E+0
2.356137E+2	0.000000E+0
2.358795E+2	0.000000E+0
2.361453E+2	0.000000E+0
2.364111E+2	0.000000E+0
2.366769E+2	0.000000E+0
2.369426E+2	0.000000E+0
2.372084E+2	0.000000E+0
2.374741E+2	0.000000E+0
2.377399E+2	0.000000E+0
2.380056E+2	0.000000E+0
2.382714E+2	0.000000E+0
2.385371E+2	0.000000E+0
2.388028E+2	0.000000E+0
2.390685E+2	0.000000E+0
2.393342E+2	0.000000E+0
2.395999E+2	0.000000E+0
2.398656E+2	0.000000E+0
2.401313E+2	0.000000E+0
2.403970E+2	0.000000E+0
2.406626E+2	0.000000E+0
2.409283E+2	0.000000E+0
2.411940E+2	0.000000E+0
2.414596E+2	0.000000E+0
2.417252E+2	0.000000E+0
2.419909E+2	0.000000E+0
2.422565E+2	0.000000E+0
2.425221E+2	0.000000E+0
2.427877E+2	0.000000E+0
2.430533E+2	0.000000E+0
2.433189E+2	0.000000E+0
2.435845E+2	0.000000E+0
2.438501E+2	0.000000E+0
2.441157E+2	0.000000E+0
2.443812E+2	0.000000E+0
2.446468E+2	0.000000E+0
2.449124E+2	0.000000E+0
2.451779E+2	0.000000E+0
2.454434E+2	0.000000E+0
2.457090E+2	0.000000E+0
2.459745E+2	0.000000E+0
2.462400E+2	0.000000E+0
2.465055E+2	0.000000E+0
2.467710E+2	0.000000E+0
2.470365E+2	0.000000E+0
2.473020E+2	0.000000E+0
2.475675E+2	0.000000E+0
2.478330E+2	0.000000E+0
2.480984E+2	0.000000E+0
2.483639E+2	0.000000E+0
2.486294E+2	0.000000E+0
2.488948E+2	0.000000E+0
2.491602E+2	0.000000E+0
2.494257E+2	0.000000E+0
2.496911E+2	0.000000E+0
2.499565E+2	0.000000E+0
2.502219E+2	6.836010E+0
2.504873E+2	6.677540E+0
2.507527E+2	6.601037E+0
2.510181E+2	6.672075E+0
2.512835E+2	6.852403E+0
2.515489E+2	6.819616E+0
2.518142E+2	6.879725E+0
2.520796E+2	7.098305E+0
2.523449E+2	7.327813E+0
2.526103E+2	7.125627E+0
2.528756E+2	6.770436E+0
2.531409E+2	6.360600E+0
2.534063E+2	6.021802E+0
2.536716E+2	6.721255E+0
2.539369E+2	6.797758E+0
2.542022E+2	7.196665E+0
2.544675E+2	7.016337E+0
2.547328E+2	7.163878E+0
2.549980E+2	7.174807E+0
2.552633E+2	6.896119E+0
2.555286E+2	6.590108E+0
2.557938E+2	6.557321E+0
2.560591E+2	7.152949E+0
2.563243E+2	7.273168E+0
2.565896E+2	7.174807E+0
2.568548E+2	7.278632E+0
2.571200E+2	7.278632E+0
2.573852E+2	7.437102E+0
2.576504E+2	7.562785E+0
2.579156E+2	7.497212E+0
2.581808E+2	7.655682E+0
2.584460E+2	7.901583E+0
2.587112E+2	7.983551E+0
2.589763E+2	7.907048E+0
2.592415E+2	7.650217E+0
2.595067E+2	7.715791E+0
2.597718E+2	7.950764E+0
2.600369E+2	8.284097E+0
2.603021E+2	8.300490E+0
2.605672E+2	8.513605E+0
2.608323E+2	8.311419E+0
2.610974E+2	8.043660E+0
2.613625E+2	7.907048E+0
2.616276E+2	7.846938E+0
2.618927E+2	7.704862E+0
2.621578E+2	7.639288E+0
2.624229E+2	7.633824E+0
2.626880E+2	8.098305E+0
2.629530E+2	8.519070E+0
2.632181E+2	8.431638E+0
2.634831E+2	8.251310E+0
2.637482E+2	8.360600E+0
2.640132E+2	8.666611E+0
2.642782E+2	8.431638E+0
2.645432E+2	8.125627E+0
2.648082E+2	8.431638E+0
2.650732E+2	8.453496E+0
2.653382E+2	8.333277E+0
2.656032E+2	8.054589E+0
2.658682E+2	8.251310E+0
2.661332E+2	8.464425E+0
2.663981E+2	8.519070E+0
2.666631E+2	8.590108E+0
2.669281E+2	8.721255E+0
2.671930E+2	8.387922E+0
2.674579E+2	7.846938E+0
2.677229E+2	8.021802E+0
2.679878E+2	8.060053E+0
2.682527E+2	7.950764E+0
2.685176E+2	7.311419E+0
2.687825E+2	7.273168E+0
2.690474E+2	7.535463E+0
2.693123E+2	7.540928E+0
2.695772E+2	7.508141E+0
2.698420E+2	7.305955E+0
2.701069E+2	7.054589E+0
2.703718E+2	6.710326E+0
2.706366E+2	6.568250E+0
2.709014E+2	6.387922E+0
2.711663E+2	6.382458E+0
2.714311E+2	6.338742E+0
2.716959E+2	6.426173E+0
2.719607E+2	6.169343E+0
2.722255E+2	5.814152E+0
2.724903E+2	5.650217E+0
2.727551E+2	5.950764E+0
2.730199E+2	5.841474E+0
2.732847E+2	5.836010E+0
2.735495E+2	5.683004E+0
2.738142E+2	5.677540E+0
2.740790E+2	5.896119E+0
2.743437E+2	5.480818E+0
2.746085E+2	5.142020E+0
2.748732E+2	4.983551E+0
2.751379E+2	4.956228E+0
2.754026E+2	5.038195E+0
2.756674E+2	4.540928E+0
2.759321E+2	4.497212E+0
2.761968E+2	3.912512E+0
2.764614E+2	3.989015E+0
2.767261E+2	4.081911E+0
2.769908E+2	4.054589E+0
2.772555E+2	4.070982E+0
2.775201E+2	4.191201E+0
2.777848E+2	4.240381E+0
2.780494E+2	4.404316E+0
2.783141E+2	4.546392E+0
2.785787E+2	4.590108E+0
2.788433E+2	4.322348E+0
2.791079E+2	3.852403E+0
2.793725E+2	3.519070E+0
2.796371E+2	3.754042E+0
2.799017E+2	3.349671E+0
2.801663E+2	2.819616E+0
2.804309E+2	2.792294E+0
2.806955E+2	3.076447E+0
2.809600E+2	2.885190E+0
2.812246E+2	3.136556E+0
2.814891E+2	3.120163E+0
2.817537E+2	3.185736E+0
2.820182E+2	3.109234E+0
2.822827E+2	2.863332E+0
2.825473E+2	2.508141E+0
2.828118E+2	2.125627E+0
2.830763E+2	2.005408E+0
2.833408E+2	1.786829E+0
2.836053E+2	1.901583E+0
2.838697E+2	1.819616E+0
2.841342E+2	1.273168E+0
2.843987E+2	1.240381E+0
2.846632E+2	1.644753E+0
2.849276E+2	2.010873E+0
2.851921E+2	2.027266E+0
2.854565E+2	1.863332E+0
2.857209E+2	1.764971E+0
2.859853E+2	1.398851E+0
2.862498E+2	1.240381E+0
2.865142E+2	1.289561E+0
2.867786E+2	1.611966E+0
2.870430E+2	1.387922E+0
2.873074E+2	1.169343E+0
2.875717E+2	9.343702E-1
2.878361E+2	9.890150E-1
2.881005E+2	1.158414E+0
2.883648E+2	1.142020E+0
2.886292E+2	9.616926E-1
2.888935E+2	1.169343E+0
2.891579E+2	1.387922E+0
2.894222E+2	1.311419E+0
2.896865E+2	1.595572E+0
2.899508E+2	1.617430E+0
2.902151E+2	1.573714E+0
2.904794E+2	1.590108E+0
2.907437E+2	2.103769E+0
2.910080E+2	2.016337E+0
2.912723E+2	2.223988E+0
2.915366E+2	2.251310E+0
2.918008E+2	2.726720E+0
2.920651E+2	2.819616E+0
2.923293E+2	3.120163E+0
2.925936E+2	2.978086E+0
2.928578E+2	2.633824E+0
2.931220E+2	2.513605E+0
2.933863E+2	2.398851E+0
2.936505E+2	2.289561E+0
2.939147E+2	2.453496E+0
2.941789E+2	2.316884E+0
2.944431E+2	2.087376E+0
2.947072E+2	2.338742E+0
2.949714E+2	2.136556E+0
2.952356E+2	2.202130E+0
2.954997E+2	2.557321E+0
2.957639E+2	2.311419E+0
2.960280E+2	2.923441E+0
2.962922E+2	3.251310E+0
2.965563E+2	3.251310E+0
2.968204E+2	2.830545E+0
2.970845E+2	2.551857E+0
2.973486E+2	2.114698E+0
2.976127E+2	2.027266E+0
2.978768E+2	2.065518E+0
2.981409E+2	2.087376E+0
2.984050E+2	1.699398E+0
2.986691E+2	2.136556E+0
2.989331E+2	2.398851E+0
2.991972E+2	2.535463E+0
2.994612E+2	2.857867E+0
2.997253E+2	2.852403E+0
2.999893E+2	2.896119E+0
3.002534E+2	3.273168E+0
3.005174E+2	3.218523E+0
3.007814E+2	2.923441E+0
3.010454E+2	2.628359E+0
3.013094E+2	2.387922E+0
3.015734E+2	2.732184E+0
3.018374E+2	2.989015E+0
3.021013E+2	3.234917E+0
3.023653E+2	3.748578E+0
3.026293E+2	3.568250E+0
3.028932E+2	3.557321E+0
3.031572E+2	3.885190E+0
3.034211E+2	3.912512E+0
3.036850E+2	4.240381E+0
3.039489E+2	4.267704E+0
3.042129E+2	4.513605E+0
3.044768E+2	4.529999E+0
3.047407E+2	4.562785E+0
3.050046E+2	4.338742E+0
3.052685E+2	4.202130E+0
3.055323E+2	4.611966E+0
3.057962E+2	4.234917E+0
3.060601E+2	4.491747E+0
3.063239E+2	4.327813E+0
3.065878E+2	4.874261E+0
3.068516E+2	4.628359E+0
3.071155E+2	4.704862E+0
3.073793E+2	4.672075E+0
3.076431E+2	4.453496E+0
3.079069E+2	4.043660E+0
3.081707E+2	4.213059E+0
3.084345E+2	4.469889E+0
3.086983E+2	4.316884E+0
3.089621E+2	4.546392E+0
3.092259E+2	4.546392E+0
3.094896E+2	4.693933E+0
3.097534E+2	4.601037E+0
3.100171E+2	4.453496E+0
3.102809E+2	4.152949E+0
3.105446E+2	4.469889E+0
3.108084E+2	4.360600E+0
3.110721E+2	4.590108E+0
3.113358E+2	4.628359E+0
3.115995E+2	4.595572E+0
3.118632E+2	4.202130E+0
3.121269E+2	3.928906E+0
3.123906E+2	3.726720E+0
3.126543E+2	3.699398E+0
3.129179E+2	3.764971E+0
3.131816E+2	3.939835E+0
3.134453E+2	3.934370E+0
3.137089E+2	3.950764E+0
3.139725E+2	3.994479E+0
3.142362E+2	3.836010E+0
3.144998E+2	4.010873E+0
3.147634E+2	3.830545E+0
3.150270E+2	3.928906E+0
3.152906E+2	3.901583E+0
3.155542E+2	4.196665E+0
3.158178E+2	4.327813E+0
3.160814E+2	4.262239E+0
3.163450E+2	4.207594E+0
3.166086E+2	4.420709E+0
3.168721E+2	4.857867E+0
3.171357E+2	4.775900E+0
3.173992E+2	4.999944E+0
3.176627E+2	4.792294E+0
3.179263E+2	4.830545E+0
3.181898E+2	4.907048E+0
3.184533E+2	4.573714E+0
3.187168E+2	5.109234E+0
3.189803E+2	4.857867E+0
3.192438E+2	4.529999E+0
3.195073E+2	4.852403E+0
3.197708E+2	5.322348E+0
3.200342E+2	5.295026E+0
3.202977E+2	5.535463E+0
3.205612E+2	5.863332E+0
3.208246E+2	6.267704E+0
3.210881E+2	6.415245E+0
3.213515E+2	6.710326E+0
3.216149E+2	6.529999E+0
3.218783E+2	6.710326E+0
3.221417E+2	6.715791E+0
3.224051E+2	6.688469E+0
3.226685E+2	6.174807E+0
3.229319E+2	5.972622E+0
3.231953E+2	5.934370E+0
3.234587E+2	5.595572E+0
3.237221E+2	5.338742E+0
3.239854E+2	5.644753E+0
3.242488E+2	5.409780E+0
3.245121E+2	4.737649E+0
3.247754E+2	4.655682E+0
3.250388E+2	4.650217E+0
3.253021E+2	4.601037E+0
3.255654E+2	4.486283E+0
3.258287E+2	4.775900E+0
3.260920E+2	4.661146E+0
3.263553E+2	5.010873E+0
3.266186E+2	4.797758E+0
3.268819E+2	4.721255E+0
3.271451E+2	4.803223E+0
3.274084E+2	4.672075E+0
3.276717E+2	4.950764E+0
3.279349E+2	5.448031E+0
3.281981E+2	5.305955E+0
3.284614E+2	5.519070E+0
3.287246E+2	5.529999E+0
3.289878E+2	5.786829E+0
3.292510E+2	5.825081E+0
3.295142E+2	6.349671E+0
3.297774E+2	6.529999E+0
3.300406E+2	6.726720E+0
3.303038E+2	6.901583E+0
3.305670E+2	7.109234E+0
3.308301E+2	7.251310E+0
3.310933E+2	7.251310E+0
3.313564E+2	7.207594E+0
3.316196E+2	7.087376E+0
3.318827E+2	6.994479E+0
3.321458E+2	7.010873E+0
3.324089E+2	7.262239E+0
3.326721E+2	7.311419E+0
3.329352E+2	7.191201E+0
3.331983E+2	7.114698E+0
3.334614E+2	7.387922E+0
3.337244E+2	7.546392E+0
3.339875E+2	7.344206E+0
3.342506E+2	7.289561E+0
3.345136E+2	7.579179E+0
3.347767E+2	6.983551E+0
3.350397E+2	6.655682E+0
3.353028E+2	6.863332E+0
3.355658E+2	6.781365E+0
3.358288E+2	6.639288E+0
3.360918E+2	6.633824E+0
3.363548E+2	6.387922E+0
3.366178E+2	5.989015E+0
3.368808E+2	5.764971E+0
3.371438E+2	5.371529E+0
3.374068E+2	5.016337E+0
3.376698E+2	5.070982E+0
3.379327E+2	5.158414E+0
3.381957E+2	4.939835E+0
3.384586E+2	4.868796E+0
3.387216E+2	5.098305E+0
3.389845E+2	5.196665E+0
3.392474E+2	5.529999E+0
3.395103E+2	5.803223E+0
3.397733E+2	6.180272E+0
3.400362E+2	6.207594E+0
3.402990E+2	6.273168E+0
3.405619E+2	6.896119E+0
3.408248E+2	7.136556E+0
3.410877E+2	7.131091E+0
3.413506E+2	7.519070E+0
3.416134E+2	7.535463E+0
3.418763E+2	7.376993E+0
3.421391E+2	7.836010E+0
3.424019E+2	7.852403E+0
3.426648E+2	7.841474E+0
3.429276E+2	8.502676E+0
3.431904E+2	8.792294E+0
3.434532E+2	8.989015E+0
3.437160E+2	8.655682E+0
3.439788E+2	8.661146E+0
3.442416E+2	8.923441E+0
3.445043E+2	8.923441E+0
3.447671E+2	9.065518E+0
3.450299E+2	9.322348E+0
3.452926E+2	9.360600E+0
3.455554E+2	9.049124E+0
3.458181E+2	9.065518E+0
3.460808E+2	8.759507E+0
3.463436E+2	9.245846E+0
3.466063E+2	9.180272E+0
3.468690E+2	8.989015E+0
3.471317E+2	9.027266E+0
3.473944E+2	9.333277E+0
3.476570E+2	9.497212E+0
3.479197E+2	9.896119E+0
3.481824E+2	1.020759E+1
3.484451E+2	1.025677E+1
3.487077E+2	1.055186E+1
3.489704E+2	1.069393E+1
3.492330E+2	1.116388E+1
3.494956E+2	1.118574E+1
3.497582E+2	1.157918E+1
3.500209E+2	1.177590E+1
3.502835E+2	1.202180E+1
3.505461E+2	1.216934E+1
3.508087E+2	1.281962E+1
3.510713E+2	1.354639E+1
3.513338E+2	1.384694E+1
3.515964E+2	1.396169E+1
3.518590E+2	1.392891E+1
3.521215E+2	1.426770E+1
3.523841E+2	1.416388E+1
3.526466E+2	1.463382E+1
3.529091E+2	1.514202E+1
3.531717E+2	1.565022E+1
3.534342E+2	1.670486E+1
3.536967E+2	1.709830E+1
3.539592E+2	1.718027E+1
3.542217E+2	1.739339E+1
3.544842E+2	1.801634E+1
3.547467E+2	1.811470E+1
3.550091E+2	1.890705E+1
3.552716E+2	1.936606E+1
3.555341E+2	2.004366E+1
3.557965E+2	2.054639E+1
3.560590E+2	2.140978E+1
3.563214E+2	2.245896E+1
3.565838E+2	2.289612E+1
3.568462E+2	2.352453E+1
3.571086E+2	2.412016E+1
3.573711E+2	2.471033E+1
3.576335E+2	2.538246E+1
3.578958E+2	2.594530E+1
3.581582E+2	2.611470E+1
3.584206E+2	2.634421E+1
3.586830E+2	2.711470E+1
3.589453E+2	2.718027E+1
3.592077E+2	2.744803E+1
3.594700E+2	2.826770E+1
3.597324E+2	2.896716E+1
3.599947E+2	2.978683E+1
3.602570E+2	3.056825E+1
3.605193E+2	3.115841E+1
3.607816E+2	3.201634E+1
3.610439E+2	3.317481E+1
3.613062E+2	3.393437E+1
3.615685E+2	3.484147E+1
3.618308E+2	3.580322E+1
3.620930E+2	3.719667E+1
3.623553E+2	3.773765E+1
3.626176E+2	3.894530E+1
3.628798E+2	4.018574E+1
3.631420E+2	4.115841E+1
3.634043E+2	4.198355E+1
3.636665E+2	4.302727E+1
3.639287E+2	4.395076E+1
3.641909E+2	4.501087E+1
3.644531E+2	4.625677E+1
3.647153E+2	4.678683E+1
3.649775E+2	4.757371E+1
3.652397E+2	4.884147E+1
3.655018E+2	4.975404E+1
3.657640E+2	5.094530E+1
3.660262E+2	5.250814E+1
3.662883E+2	5.364475E+1
3.665505E+2	5.504912E+1
3.668126E+2	5.596169E+1
3.670747E+2	5.672672E+1
3.673368E+2	5.787426E+1
3.675989E+2	5.926224E+1
3.678610E+2	6.093983E+1
3.681231E+2	6.232235E+1
3.683852E+2	6.429503E+1
3.686473E+2	6.607098E+1
3.689094E+2	6.749721E+1
3.691714E+2	6.886880E+1
3.694335E+2	6.973218E+1
3.696955E+2	7.106005E+1
3.699576E+2	7.302727E+1
3.702196E+2	7.465568E+1
3.704816E+2	7.657918E+1
3.707437E+2	7.855186E+1
3.710057E+2	8.037153E+1
3.712677E+2	8.194530E+1
3.715297E+2	8.348628E+1
3.717917E+2	8.515295E+1
3.720536E+2	8.681415E+1
3.723156E+2	8.804366E+1
3.725776E+2	8.990705E+1
3.728395E+2	9.207645E+1
3.731015E+2	9.399448E+1
3.733634E+2	9.615841E+1
3.736254E+2	9.797262E+1
3.738873E+2	9.990158E+1
3.741492E+2	1.023661E+2
3.744111E+2	1.049999E+2
3.746730E+2	1.076393E+2
3.749349E+2	1.104426E+2
3.751968E+2	1.127431E+2
3.754587E+2	1.149125E+2
3.757206E+2	1.174699E+2
3.759824E+2	1.194863E+2
3.762443E+2	1.218360E+2
3.765061E+2	1.243770E+2
3.767680E+2	1.269890E+2
3.770298E+2	1.287759E+2
3.772916E+2	1.313661E+2
3.775535E+2	1.337103E+2
3.778153E+2	1.362295E+2
3.780771E+2	1.383278E+2
3.783389E+2	1.412404E+2
3.786007E+2	1.435245E+2
3.788624E+2	1.459781E+2
3.791242E+2	1.484262E+2
3.793860E+2	1.516229E+2
3.796477E+2	1.545409E+2
3.799095E+2	1.575300E+2
3.801712E+2	1.603497E+2
3.804330E+2	1.635737E+2
3.806947E+2	1.670874E+2
3.809564E+2	1.706502E+2
3.812181E+2	1.736010E+2
3.814798E+2	1.766611E+2
3.817415E+2	1.800382E+2
3.820032E+2	1.832786E+2
3.822649E+2	1.861748E+2
3.825266E+2	1.893715E+2
3.827883E+2	1.930273E+2
3.830499E+2	1.967814E+2
3.833116E+2	2.002677E+2
3.835732E+2	2.040491E+2
3.838348E+2	2.073114E+2
3.840965E+2	2.110928E+2
3.843581E+2	2.147103E+2
3.846197E+2	2.180382E+2
3.848813E+2	2.216557E+2
3.851429E+2	2.252677E+2
3.854045E+2	2.290218E+2
3.856661E+2	2.331366E+2
3.859277E+2	2.369999E+2
3.861892E+2	2.408251E+2
3.864508E+2	2.442404E+2
3.867124E+2	2.479016E+2
3.869739E+2	2.511366E+2
3.872354E+2	2.553114E+2
3.874970E+2	2.596338E+2
3.877585E+2	2.640327E+2
3.880200E+2	2.676721E+2
3.882815E+2	2.721748E+2
3.885430E+2	2.761748E+2
3.888045E+2	2.797814E+2
3.890660E+2	2.839726E+2
3.893275E+2	2.877650E+2
3.895889E+2	2.921420E+2
3.898504E+2	2.961366E+2
3.901118E+2	3.000273E+2
3.903733E+2	3.040710E+2
3.906347E+2	3.074426E+2
3.908962E+2	3.111693E+2
3.911576E+2	3.155245E+2
3.914190E+2	3.196666E+2
3.916804E+2	3.238524E+2
3.919418E+2	3.281038E+2
3.922032E+2	3.319508E+2
3.924646E+2	3.359672E+2
3.927260E+2	3.399726E+2
3.929873E+2	3.440710E+2
3.932487E+2	3.482349E+2
3.935100E+2	3.527158E+2
3.937714E+2	3.571693E+2
3.940327E+2	3.618360E+2
3.942941E+2	3.658087E+2
3.945554E+2	3.706010E+2
3.948167E+2	3.752513E+2
3.950780E+2	3.801912E+2
3.953393E+2	3.843989E+2
3.956006E+2	3.889289E+2
3.958619E+2	3.933169E+2
3.961232E+2	3.976611E+2
3.963844E+2	4.017814E+2
3.966457E+2	4.060163E+2
3.969069E+2	4.104043E+2
3.971682E+2	4.151475E+2
3.974294E+2	4.201584E+2
3.976907E+2	4.242786E+2
3.979519E+2	4.285464E+2
3.982131E+2	4.337814E+2
3.984743E+2	4.384480E+2
3.987355E+2	4.431202E+2
3.989967E+2	4.478961E+2
3.992579E+2	4.520054E+2
3.995191E+2	4.559508E+2
3.997802E+2	4.604863E+2
4.000414E+2	4.647978E+2
4.003025E+2	4.697103E+2
4.005637E+2	4.744917E+2
4.008248E+2	4.794098E+2
4.010860E+2	4.847049E+2
4.013471E+2	4.900054E+2
4.016082E+2	4.945191E+2
4.018693E+2	4.992295E+2
4.021304E+2	5.045792E+2
4.023915E+2	5.096284E+2
4.026526E+2	5.148688E+2
4.029137E+2	5.200163E+2
4.031747E+2	5.250819E+2
4.034358E+2	5.301147E+2
4.036968E+2	5.352950E+2
4.039579E+2	5.407049E+2
4.042189E+2	5.456557E+2
4.044800E+2	5.511147E+2
4.047410E+2	5.563606E+2
4.050020E+2	5.618633E+2
4.052630E+2	5.670273E+2
4.055240E+2	5.728196E+2
4.057850E+2	5.788633E+2
4.060460E+2	5.848305E+2
4.063070E+2	5.901693E+2
4.065679E+2	5.957431E+2
4.068289E+2	6.013879E+2
4.070898E+2	6.068032E+2
4.073508E+2	6.122841E+2
4.076117E+2	6.179999E+2
4.078727E+2	6.233825E+2
4.081336E+2	6.292950E+2
4.083945E+2	6.350109E+2
4.086554E+2	6.412295E+2
4.089163E+2	6.473278E+2
4.091772E+2	6.534863E+2
4.094381E+2	6.594043E+2
4.096990E+2	6.658087E+2
4.099598E+2	6.718032E+2
4.102207E+2	6.777704E+2
4.104815E+2	6.837049E+2
4.107424E+2	6.894535E+2
4.110032E+2	6.950546E+2
4.112640E+2	7.009890E+2
4.115249E+2	7.065682E+2
4.117857E+2	7.132513E+2
4.120465E+2	7.194207E+2
4.123073E+2	7.254480E+2
4.125681E+2	7.315792E+2
4.128289E+2	7.376775E+2
4.130896E+2	7.440546E+2
4.133504E+2	7.500273E+2
4.136112E+2	7.559453E+2
4.138719E+2	7.621857E+2
4.141327E+2	7.683606E+2
4.143934E+2	7.747267E+2
4.146541E+2	7.811366E+2
4.149149E+2	7.871967E+2
4.151756E+2	7.938469E+2
4.154363E+2	8.004043E+2
4.156970E+2	8.069781E+2
4.159577E+2	8.136830E+2
4.162184E+2	8.198251E+2
4.164790E+2	8.260054E+2
4.167397E+2	8.321147E+2
4.170004E+2	8.379617E+2
4.172610E+2	8.443169E+2
4.175217E+2	8.508633E+2
4.177823E+2	8.574043E+2
4.180429E+2	8.641857E+2
4.183035E+2	8.710764E+2
4.185642E+2	8.776721E+2
4.188248E+2	8.844043E+2
4.190854E+2	8.910601E+2
4.193459E+2	8.974808E+2
4.196065E+2	9.044699E+2
4.198671E+2	9.106448E+2
4.201277E+2	9.170163E+2
4.203882E+2	9.238688E+2
4.206488E+2	9.310218E+2
4.209093E+2	9.376666E+2
4.211699E+2	9.446666E+2
4.214304E+2	9.511202E+2
4.216909E+2	9.575191E+2
4.219514E+2	9.639562E+2
4.222119E+2	9.707814E+2
4.224724E+2	9.784371E+2
4.227329E+2	9.847868E+2
4.229934E+2	9.918633E+2
4.232539E+2	9.993606E+2
4.235143E+2	1.007350E+3
4.237748E+2	1.014951E+3
4.240352E+2	1.022552E+3
4.242957E+2	1.030153E+3
4.245561E+2	1.037656E+3
4.248166E+2	1.045208E+3
4.250770E+2	1.052617E+3
4.253374E+2	1.060896E+3
4.255978E+2	1.068601E+3
4.258582E+2	1.076667E+3
4.261186E+2	1.084787E+3
4.263790E+2	1.093175E+3
4.266393E+2	1.101453E+3
4.268997E+2	1.109710E+3
4.271600E+2	1.118393E+3
4.274204E+2	1.126754E+3
4.276807E+2	1.134251E+3
4.279411E+2	1.142727E+3
4.282014E+2	1.151158E+3
4.284617E+2	1.159743E+3
4.287220E+2	1.169120E+3
4.289823E+2	1.178011E+3
4.292426E+2	1.187049E+3
4.295029E+2	1.196443E+3
4.297632E+2	1.205716E+3
4.300235E+2	1.214514E+3
4.302837E+2	1.223459E+3
4.305440E+2	1.232388E+3
4.308042E+2	1.241672E+3
4.310645E+2	1.251115E+3
4.313247E+2	1.260470E+3
4.315849E+2	1.269049E+3
4.318451E+2	1.278268E+3
4.321054E+2	1.287546E+3
4.323656E+2	1.296940E+3
4.326258E+2	1.306765E+3
4.328859E+2	1.315350E+3
4.331461E+2	1.324508E+3
4.334063E+2	1.333732E+3
4.336665E+2	1.342514E+3
4.339266E+2	1.351508E+3
4.341868E+2	1.359874E+3
4.344469E+2	1.368607E+3
4.347070E+2	1.377989E+3
4.349671E+2	1.386929E+3
4.352273E+2	1.396317E+3
4.354874E+2	1.405120E+3
4.357475E+2	1.414623E+3
4.360076E+2	1.424011E+3
4.362677E+2	1.433650E+3
4.365277E+2	1.442863E+3
4.367878E+2	1.452716E+3
4.370479E+2	1.461601E+3
4.373079E+2	1.471333E+3
4.375680E+2	1.481109E+3
4.378280E+2	1.491197E+3
4.380880E+2	1.501355E+3
4.383480E+2	1.510552E+3
4.386081E+2	1.520197E+3
4.388681E+2	1.530279E+3
4.391281E+2	1.539033E+3
4.393881E+2	1.547339E+3
4.396480E+2	1.556929E+3
4.399080E+2	1.566481E+3
4.401680E+2	1.575885E+3
4.404279E+2	1.585344E+3
4.406879E+2	1.595202E+3
4.409478E+2	1.604656E+3
4.412078E+2	1.613372E+3
4.414677E+2	1.621836E+3
4.417276E+2	1.629891E+3
4.419875E+2	1.639066E+3
4.422474E+2	1.647858E+3
4.425073E+2	1.657508E+3
4.427672E+2	1.667082E+3
4.430271E+2	1.675962E+3
4.432870E+2	1.685082E+3
4.435469E+2	1.693688E+3
4.438067E+2	1.702951E+3
4.440666E+2	1.712109E+3
4.443264E+2	1.720951E+3
4.445862E+2	1.728311E+3
4.448461E+2	1.736973E+3
4.451059E+2	1.746038E+3
4.453657E+2	1.755224E+3
4.456255E+2	1.763448E+3
4.458853E+2	1.772607E+3
4.461451E+2	1.780962E+3
4.464049E+2	1.790519E+3
4.466646E+2	1.799268E+3
4.469244E+2	1.808913E+3
4.471842E+2	1.817552E+3
4.474439E+2	1.827322E+3
4.477036E+2	1.837437E+3
4.479634E+2	1.847022E+3
4.482231E+2	1.856552E+3
4.484828E+2	1.865989E+3
4.487425E+2	1.877087E+3
4.490022E+2	1.886820E+3
4.492619E+2	1.896601E+3
4.495216E+2	1.905902E+3
4.497813E+2	1.915426E+3
4.500410E+2	1.925721E+3
4.503006E+2	1.936628E+3
4.505603E+2	1.947820E+3
4.508199E+2	1.959137E+3
4.510796E+2	1.969497E+3
4.513392E+2	1.979891E+3
4.515988E+2	1.990749E+3
4.518584E+2	2.002005E+3
4.521180E+2	2.012410E+3
4.523776E+2	2.023557E+3
4.526372E+2	2.033290E+3
4.528968E+2	2.044470E+3
4.531564E+2	2.055645E+3
4.534160E+2	2.066716E+3
4.536755E+2	2.077973E+3
4.539351E+2	2.090104E+3
4.541946E+2	2.100918E+3
4.544541E+2	2.112858E+3
4.547137E+2	2.124115E+3
4.549732E+2	2.136519E+3
4.552327E+2	2.148486E+3
4.554922E+2	2.160158E+3
4.557517E+2	2.172251E+3
4.560112E+2	2.185497E+3
4.562707E+2	2.198000E+3
4.565302E+2	2.210246E+3
4.567896E+2	2.223672E+3
4.570491E+2	2.237044E+3
4.573085E+2	2.250453E+3
4.575680E+2	2.265142E+3
4.578274E+2	2.279552E+3
4.580868E+2	2.293322E+3
4.583463E+2	2.307350E+3
4.586057E+2	2.320749E+3
4.588651E+2	2.335011E+3
4.591245E+2	2.348710E+3
4.593838E+2	2.364344E+3
4.596432E+2	2.378754E+3
4.599026E+2	2.393787E+3
4.601620E+2	2.408989E+3
4.604213E+2	2.425486E+3
4.606807E+2	2.440617E+3
4.609400E+2	2.456836E+3
4.611993E+2	2.473016E+3
4.614587E+2	2.490153E+3
4.617180E+2	2.507694E+3
4.619773E+2	2.525300E+3
4.622366E+2	2.541760E+3
4.624959E+2	2.560891E+3
4.627552E+2	2.578137E+3
4.630144E+2	2.596486E+3
4.632737E+2	2.615678E+3
4.635330E+2	2.632973E+3
4.637922E+2	2.651546E+3
4.640515E+2	2.671164E+3
4.643107E+2	2.689519E+3
4.645699E+2	2.708109E+3
4.648292E+2	2.728098E+3
4.650884E+2	2.748399E+3
4.653476E+2	2.770235E+3
4.656068E+2	2.791481E+3
4.658660E+2	2.813404E+3
4.661251E+2	2.835115E+3
4.663843E+2	2.855377E+3
4.666435E+2	2.876535E+3
4.669026E+2	2.899907E+3
4.671618E+2	2.922530E+3
4.674209E+2	2.945984E+3
4.676801E+2	2.969929E+3
4.679392E+2	2.993486E+3
4.681983E+2	3.017896E+3
4.684574E+2	3.043563E+3
4.687165E+2	3.069535E+3
4.689756E+2	3.094273E+3
4.692347E+2	3.120093E+3
4.694938E+2	3.145951E+3
4.697529E+2	3.170831E+3
4.700119E+2	3.199514E+3
4.702710E+2	3.227497E+3
4.705300E+2	3.255262E+3
4.707891E+2	3.282574E+3
4.710481E+2	3.312011E+3
4.713071E+2	3.342317E+3
4.715661E+2	3.372639E+3
4.718252E+2	3.402372E+3
4.720842E+2	3.434158E+3
4.723431E+2	3.465098E+3
4.726021E+2	3.496328E+3
4.728611E+2	3.527820E+3
4.731201E+2	3.561913E+3
4.733790E+2	3.596229E+3
4.736380E+2	3.628464E+3
4.738969E+2	3.662667E+3
4.741559E+2	3.696361E+3
4.744148E+2	3.730224E+3
4.746737E+2	3.765071E+3
4.749326E+2	3.800885E+3
4.751915E+2	3.835869E+3
4.754504E+2	3.871738E+3
4.757093E+2	3.909197E+3
4.759682E+2	3.945743E+3
4.762271E+2	3.982497E+3
4.764859E+2	4.020284E+3
4.767448E+2	4.057710E+3
4.770037E+2	4.095880E+3
4.772625E+2	4.133448E+3
4.775213E+2	4.169934E+3
4.777802E+2	4.208311E+3
4.780390E+2	4.246137E+3
4.782978E+2	4.283421E+3
4.785566E+2	4.322399E+3
4.788154E+2	4.362727E+3
4.790742E+2	4.401984E+3
4.793329E+2	4.440765E+3
4.795917E+2	4.481530E+3
4.798505E+2	4.520984E+3
4.801092E+2	4.561273E+3
4.803680E+2	4.601989E+3
4.806267E+2	4.641841E+3
4.808854E+2	4.683131E+3
4.811442E+2	4.723563E+3
4.814029E+2	4.764033E+3
4.816616E+2	4.805317E+3
4.819203E+2	4.845705E+3
4.821790E+2	4.887994E+3
4.824377E+2	4.929366E+3
4.826963E+2	4.970044E+3
4.829550E+2	5.010169E+3
4.832137E+2	5.051005E+3
4.834723E+2	5.090978E+3
4.837310E+2	5.132049E+3
4.839896E+2	5.171852E+3
4.842482E+2	5.212852E+3
4.845068E+2	5.253197E+3
4.847655E+2	5.293421E+3
4.850241E+2	5.333699E+3
4.852827E+2	5.371568E+3
4.855412E+2	5.412115E+3
4.857998E+2	5.450699E+3
4.860584E+2	5.489880E+3
4.863170E+2	5.528694E+3
4.865755E+2	5.569410E+3
4.868341E+2	5.606994E+3
4.870926E+2	5.644142E+3
4.873511E+2	5.681076E+3
4.876097E+2	5.718601E+3
4.878682E+2	5.753962E+3
4.881267E+2	5.791557E+3
4.883852E+2	5.828038E+3
4.886437E+2	5.864973E+3
4.889022E+2	5.898530E+3
4.891606E+2	5.933262E+3
4.894191E+2	5.968306E+3
4.896776E+2	6.002306E+3
4.899360E+2	6.037339E+3
4.901945E+2	6.070738E+3
4.904529E+2	6.103874E+3
4.907113E+2	6.136546E+3
4.909697E+2	6.170486E+3
4.912282E+2	6.203694E+3
4.914866E+2	6.235617E+3
4.917450E+2	6.268071E+3
4.920034E+2	6.300372E+3
4.922617E+2	6.331459E+3
4.925201E+2	6.361694E+3
4.927785E+2	6.391300E+3
4.930368E+2	6.422153E+3
4.932952E+2	6.452492E+3
4.935535E+2	6.482847E+3
4.938118E+2	6.512874E+3
4.940702E+2	6.541639E+3
4.943285E+2	6.570300E+3
4.945868E+2	6.597372E+3
4.948451E+2	6.624579E+3
4.951034E+2	6.653732E+3
4.953617E+2	6.678885E+3
4.956200E+2	6.705781E+3
4.958782E+2	6.733251E+3
4.961365E+2	6.759519E+3
4.963947E+2	6.785290E+3
4.966530E+2	6.811011E+3
4.969112E+2	6.836279E+3
4.971694E+2	6.861601E+3
4.974277E+2	6.886022E+3
4.976859E+2	6.910208E+3
4.979441E+2	6.933989E+3
4.982023E+2	6.957038E+3
4.984605E+2	6.979470E+3
4.987187E+2	7.003300E+3
4.989768E+2	7.025792E+3
4.992350E+2	7.048874E+3
4.994931E+2	7.071557E+3
4.997513E+2	7.093913E+3
5.000094E+2	7.114530E+3
5.002676E+2	7.135727E+3
5.005257E+2	7.156929E+3
5.007838E+2	7.177421E+3
5.010419E+2	7.200229E+3
5.013000E+2	7.220415E+3
5.015581E+2	7.241541E+3
5.018162E+2	7.261208E+3
5.020743E+2	7.281393E+3
5.023323E+2	7.301514E+3
5.025904E+2	7.320918E+3
5.028485E+2	7.340650E+3
5.031065E+2	7.360038E+3
5.033645E+2	7.379579E+3
5.036226E+2	7.398787E+3
5.038806E+2	7.417530E+3
5.041386E+2	7.435388E+3
5.043966E+2	7.453869E+3
5.046546E+2	7.472973E+3
5.049126E+2	7.489934E+3
5.051706E+2	7.510158E+3
5.054285E+2	7.528880E+3
5.056865E+2	7.545109E+3
5.059445E+2	7.563858E+3
5.062024E+2	7.581923E+3
5.064604E+2	7.600874E+3
5.067183E+2	7.616738E+3
5.069762E+2	7.634732E+3
5.072341E+2	7.651612E+3
5.074920E+2	7.669339E+3
5.077499E+2	7.685814E+3
5.080078E+2	7.703399E+3
5.082657E+2	7.719120E+3
5.085236E+2	7.737290E+3
5.087815E+2	7.754033E+3
5.090393E+2	7.771016E+3
5.092972E+2	7.787410E+3
5.095550E+2	7.803525E+3
5.098129E+2	7.820158E+3
5.100707E+2	7.836268E+3
5.103285E+2	7.853328E+3
5.105863E+2	7.869082E+3
5.108441E+2	7.884519E+3
5.111019E+2	7.902984E+3
5.113597E+2	7.917339E+3
5.116175E+2	7.933169E+3
5.118753E+2	7.948563E+3
5.121330E+2	7.965027E+3
5.123908E+2	7.979317E+3
5.126485E+2	7.994869E+3
5.129063E+2	8.010257E+3
5.131640E+2	8.025896E+3
5.134217E+2	8.041563E+3
5.136794E+2	8.056393E+3
5.139371E+2	8.071071E+3
5.141948E+2	8.088404E+3
5.144525E+2	8.103535E+3
5.147102E+2	8.118448E+3
5.149679E+2	8.133372E+3
5.152256E+2	8.148350E+3
5.154832E+2	8.163885E+3
5.157409E+2	8.180284E+3
5.159985E+2	8.196224E+3
5.162562E+2	8.212825E+3
5.165138E+2	8.227760E+3
5.167714E+2	8.243219E+3
5.170290E+2	8.258781E+3
5.172866E+2	8.273120E+3
5.175442E+2	8.288486E+3
5.178018E+2	8.304235E+3
5.180594E+2	8.317984E+3
5.183170E+2	8.332738E+3
5.185745E+2	8.346590E+3
5.188321E+2	8.360164E+3
5.190896E+2	8.373415E+3
5.193472E+2	8.387568E+3
5.196047E+2	8.400415E+3
5.198622E+2	8.415967E+3
5.201197E+2	8.429727E+3
5.203772E+2	8.441978E+3
5.206347E+2	8.457098E+3
5.208922E+2	8.467579E+3
5.211497E+2	8.479984E+3
5.214072E+2	8.493306E+3
5.216646E+2	8.506355E+3
5.219221E+2	8.519158E+3
5.221795E+2	8.531863E+3
5.224370E+2	8.544967E+3
5.226944E+2	8.556453E+3
5.229519E+2	8.569016E+3
5.232093E+2	8.580382E+3
5.234667E+2	8.592907E+3
5.237241E+2	8.604727E+3
5.239815E+2	8.618137E+3
5.242389E+2	8.628481E+3
5.244962E+2	8.637639E+3
5.247536E+2	8.648994E+3
5.250110E+2	8.660027E+3
5.252683E+2	8.671311E+3
5.255257E+2	8.681579E+3
5.257830E+2	8.692945E+3
5.260403E+2	8.702667E+3
5.262977E+2	8.713415E+3
5.265550E+2	8.724415E+3
5.268123E+2	8.732896E+3
5.270696E+2	8.745399E+3
5.273269E+2	8.755760E+3
5.275841E+2	8.765557E+3
5.278414E+2	8.775760E+3
5.280987E+2	8.783994E+3
5.283559E+2	8.791792E+3
5.286132E+2	8.800519E+3
5.288704E+2	8.808333E+3
5.291276E+2	8.816923E+3
5.293849E+2	8.826410E+3
5.296421E+2	8.835639E+3
5.298993E+2	8.842852E+3
5.301565E+2	8.850847E+3
5.304137E+2	8.858880E+3
5.306709E+2	8.867016E+3
5.309280E+2	8.874306E+3
5.311852E+2	8.881257E+3
5.314424E+2	8.886279E+3
5.316995E+2	8.893235E+3
5.319567E+2	8.897907E+3
5.322138E+2	8.904967E+3
5.324709E+2	8.912377E+3
5.327280E+2	8.918962E+3
5.329852E+2	8.925350E+3
5.332423E+2	8.931273E+3
5.334994E+2	8.936574E+3
5.337564E+2	8.942224E+3
5.340135E+2	8.948650E+3
5.342706E+2	8.955672E+3
5.345276E+2	8.962781E+3
5.347847E+2	8.970076E+3
5.350417E+2	8.975579E+3
5.352988E+2	8.981317E+3
5.355558E+2	8.986470E+3
5.358128E+2	8.991011E+3
5.360698E+2	8.998273E+3
5.363269E+2	9.003661E+3
5.365839E+2	9.011361E+3
5.368408E+2	9.017016E+3
5.370978E+2	9.023940E+3
5.373548E+2	9.030989E+3
5.376118E+2	9.038158E+3
5.378687E+2	9.044290E+3
5.381257E+2	9.051978E+3
5.383826E+2	9.057432E+3
5.386395E+2	9.063443E+3
5.388965E+2	9.070290E+3
5.391534E+2	9.075262E+3
5.394103E+2	9.081339E+3
5.396672E+2	9.088071E+3
5.399241E+2	9.095060E+3
5.401810E+2	9.102333E+3
5.404378E+2	9.108492E+3
5.406947E+2	9.112131E+3
5.409516E+2	9.118011E+3
5.412084E+2	9.124945E+3
5.414653E+2	9.131530E+3
5.417221E+2	9.138311E+3
5.419789E+2	9.144076E+3
5.422357E+2	9.148382E+3
5.424925E+2	9.154776E+3
5.427493E+2	9.159404E+3
5.430061E+2	9.164661E+3
5.432629E+2	9.170809E+3
5.435197E+2	9.176765E+3
5.437765E+2	9.183443E+3
5.440332E+2	9.189841E+3
5.442900E+2	9.194044E+3
5.445467E+2	9.198749E+3
5.448035E+2	9.204311E+3
5.450602E+2	9.208546E+3
5.453169E+2	9.212366E+3
5.455736E+2	9.216607E+3
5.458303E+2	9.222699E+3
5.460870E+2	9.226869E+3
5.463437E+2	9.231158E+3
5.466004E+2	9.234934E+3
5.468571E+2	9.239038E+3
5.471137E+2	9.244213E+3
5.473704E+2	9.247262E+3
5.476270E+2	9.253814E+3
5.478837E+2	9.258169E+3
5.481403E+2	9.260743E+3
5.483969E+2	9.264530E+3
5.486535E+2	9.267311E+3
5.489101E+2	9.271688E+3
5.491667E+2	9.274541E+3
5.494233E+2	9.278525E+3
5.496799E+2	9.281907E+3
5.499365E+2	9.285169E+3
5.501931E+2	9.288508E+3
5.504496E+2	9.291393E+3
5.507062E+2	9.295907E+3
5.509627E+2	9.298601E+3
5.512192E+2	9.302852E+3
5.514758E+2	9.307104E+3
5.517323E+2	9.310153E+3
5.519888E+2	9.311852E+3
5.522453E+2	9.314066E+3
5.525018E+2	9.317251E+3
5.527583E+2	9.318022E+3
5.530147E+2	9.320557E+3
5.532712E+2	9.320257E+3
5.535277E+2	9.322164E+3
5.537841E+2	9.322240E+3
5.540406E+2	9.323645E+3
5.542970E+2	9.323672E+3
5.545534E+2	9.325541E+3
5.548098E+2	9.326984E+3
5.550663E+2	9.327923E+3
5.553227E+2	9.328475E+3
5.555791E+2	9.327688E+3
5.558354E+2	9.328142E+3
5.560918E+2	9.327984E+3
5.563482E+2	9.330563E+3
5.566046E+2	9.331213E+3
5.568609E+2	9.331169E+3
5.571173E+2	9.328967E+3
5.573736E+2	9.328093E+3
5.576299E+2	9.327683E+3
5.578862E+2	9.328421E+3
5.581426E+2	9.326377E+3
5.583989E+2	9.324825E+3
5.586552E+2	9.324098E+3
5.589114E+2	9.322607E+3
5.591677E+2	9.320339E+3
5.594240E+2	9.319443E+3
5.596803E+2	9.318699E+3
5.599365E+2	9.318798E+3
5.601928E+2	9.319311E+3
5.604490E+2	9.317426E+3
5.607052E+2	9.316382E+3
5.609614E+2	9.316486E+3
5.612177E+2	9.315530E+3
5.614739E+2	9.313082E+3
5.617301E+2	9.312410E+3
5.619863E+2	9.310306E+3
5.622424E+2	9.309399E+3
5.624986E+2	9.308344E+3
5.627548E+2	9.306295E+3
5.630109E+2	9.305699E+3
5.632671E+2	9.303574E+3
5.635232E+2	9.301863E+3
5.637794E+2	9.300415E+3
5.640355E+2	9.299366E+3
5.642916E+2	9.297940E+3
5.645477E+2	9.295164E+3
5.648038E+2	9.293055E+3
5.650599E+2	9.289579E+3
5.653160E+2	9.286590E+3
5.655721E+2	9.283678E+3
5.658281E+2	9.281607E+3
5.660842E+2	9.278820E+3
5.663402E+2	9.274776E+3
5.665963E+2	9.272607E+3
5.668523E+2	9.268497E+3
5.671083E+2	9.264453E+3
5.673644E+2	9.261902E+3
5.676204E+2	9.258557E+3
5.678764E+2	9.254984E+3
5.681324E+2	9.252585E+3
5.683883E+2	9.250688E+3
5.686443E+2	9.246721E+3
5.689003E+2	9.245492E+3
5.691562E+2	9.242350E+3
5.694122E+2	9.239585E+3
5.696681E+2	9.236590E+3
5.699241E+2	9.233699E+3
5.701800E+2	9.228311E+3
5.704359E+2	9.224557E+3
5.706918E+2	9.220858E+3
5.709477E+2	9.216852E+3
5.712036E+2	9.212546E+3
5.714595E+2	9.209994E+3
5.717154E+2	9.206650E+3
5.719713E+2	9.201831E+3
5.722271E+2	9.197710E+3
5.724830E+2	9.194590E+3
5.727388E+2	9.191738E+3
5.729947E+2	9.188011E+3
5.732505E+2	9.184126E+3
5.735063E+2	9.179399E+3
5.737621E+2	9.178076E+3
5.740179E+2	9.175115E+3
5.742737E+2	9.172126E+3
5.745295E+2	9.168612E+3
5.747853E+2	9.164251E+3
5.750411E+2	9.160721E+3
5.752968E+2	9.157257E+3
5.755526E+2	9.153257E+3
5.758083E+2	9.147727E+3
5.760641E+2	9.145005E+3
5.763198E+2	9.141486E+3
5.765755E+2	9.137164E+3
5.768312E+2	9.132590E+3
5.770869E+2	9.128229E+3
5.773426E+2	9.124109E+3
5.775983E+2	9.120279E+3
5.778540E+2	9.116027E+3
5.781097E+2	9.112519E+3
5.783653E+2	9.109688E+3
5.786210E+2	9.105071E+3
5.788766E+2	9.100147E+3
5.791323E+2	9.095295E+3
5.793879E+2	9.091295E+3
5.796435E+2	9.086333E+3
5.798991E+2	9.083087E+3
5.801547E+2	9.079180E+3
5.804103E+2	9.075246E+3
5.806659E+2	9.071377E+3
5.809215E+2	9.068268E+3
5.811771E+2	9.064891E+3
5.814327E+2	9.059885E+3
5.816882E+2	9.055415E+3
5.819438E+2	9.050934E+3
5.821993E+2	9.046568E+3
5.824548E+2	9.041831E+3
5.827104E+2	9.038497E+3
5.829659E+2	9.033137E+3
5.832214E+2	9.027164E+3
5.834769E+2	9.023082E+3
5.837324E+2	9.016738E+3
5.839878E+2	9.011492E+3
5.842433E+2	9.004492E+3
5.844988E+2	8.997044E+3
5.847542E+2	8.990688E+3
5.850097E+2	8.983787E+3
5.852651E+2	8.977885E+3
5.855206E+2	8.971333E+3
5.857760E+2	8.965896E+3
5.860314E+2	8.959339E+3
5.862868E+2	8.952066E+3
5.865422E+2	8.945552E+3
5.867976E+2	8.942519E+3
5.870530E+2	8.936656E+3
5.873084E+2	8.931016E+3
5.875637E+2	8.925568E+3
5.878191E+2	8.919596E+3
5.880744E+2	8.912923E+3
5.883298E+2	8.907754E+3
5.885851E+2	8.901885E+3
5.888404E+2	8.896262E+3
5.890958E+2	8.890475E+3
5.893511E+2	8.881918E+3
5.896064E+2	8.875765E+3
5.898617E+2	8.867803E+3
5.901169E+2	8.861322E+3
5.903722E+2	8.855415E+3
5.906275E+2	8.849295E+3
5.908827E+2	8.842749E+3
5.911380E+2	8.835923E+3
5.913932E+2	8.829601E+3
5.916485E+2	8.822011E+3
5.919037E+2	8.816475E+3
5.921589E+2	8.809115E+3
5.924141E+2	8.803377E+3
5.926693E+2	8.797246E+3
5.929245E+2	8.791055E+3
5.931797E+2	8.784967E+3
5.934349E+2	8.778497E+3
5.936900E+2	8.772175E+3
5.939452E+2	8.766213E+3
5.942004E+2	8.759317E+3
5.944555E+2	8.752164E+3
5.947106E+2	8.745973E+3
5.949658E+2	8.738727E+3
5.952209E+2	8.732738E+3
5.954760E+2	8.725923E+3
5.957311E+2	8.719290E+3
5.959862E+2	8.713902E+3
5.962413E+2	8.709005E+3
5.964963E+2	8.702175E+3
5.967514E+2	8.695607E+3
5.970065E+2	8.690683E+3
5.972615E+2	8.685749E+3
5.975166E+2	8.680180E+3
5.977716E+2	8.675213E+3
5.980266E+2	8.670344E+3
5.982816E+2	8.664366E+3
5.985367E+2	8.659694E+3
5.987917E+2	8.656841E+3
5.990467E+2	8.651322E+3
5.993016E+2	8.646601E+3
5.995566E+2	8.641847E+3
5.998116E+2	8.639372E+3
6.000665E+2	8.636754E+3
6.003215E+2	8.632366E+3
6.005764E+2	8.629213E+3
6.008314E+2	8.626093E+3
6.010863E+2	8.624164E+3
6.013412E+2	8.620322E+3
6.015961E+2	8.616574E+3
6.018510E+2	8.614382E+3
6.021059E+2	8.610841E+3
6.023608E+2	8.605650E+3
6.026157E+2	8.601896E+3
6.028706E+2	8.598683E+3
6.031254E+2	8.594814E+3
6.033803E+2	8.590355E+3
6.036351E+2	8.586104E+3
6.038900E+2	8.581415E+3
6.041448E+2	8.577967E+3
6.043996E+2	8.575284E+3
6.046544E+2	8.571142E+3
6.049092E+2	8.568120E+3
6.051640E+2	8.564880E+3
6.054188E+2	8.562295E+3
6.056736E+2	8.559694E+3
6.059283E+2	8.557038E+3
6.061831E+2	8.553169E+3
6.064378E+2	8.550464E+3
6.066926E+2	8.548164E+3
6.069473E+2	8.546066E+3
6.072021E+2	8.543678E+3
6.074568E+2	8.538443E+3
6.077115E+2	8.536213E+3
6.079662E+2	8.532530E+3
6.082209E+2	8.529841E+3
6.084756E+2	8.526295E+3
6.087302E+2	8.523956E+3
6.089849E+2	8.520678E+3
6.092396E+2	8.516142E+3
6.094942E+2	8.512415E+3
6.097489E+2	8.509311E+3
6.100035E+2	8.506650E+3
6.102581E+2	8.503661E+3
6.105127E+2	8.500443E+3
6.107674E+2	8.495858E+3
6.110220E+2	8.492503E+3
6.112766E+2	8.487776E+3
6.115311E+2	8.483617E+3
6.117857E+2	8.479688E+3
6.120403E+2	8.476628E+3
6.122948E+2	8.473311E+3
6.125494E+2	8.467967E+3
6.128039E+2	8.462530E+3
6.130585E+2	8.458749E+3
6.133130E+2	8.454557E+3
6.135675E+2	8.448607E+3
6.138220E+2	8.443224E+3
6.140765E+2	8.437934E+3
6.143310E+2	8.432393E+3
6.145855E+2	8.426809E+3
6.148400E+2	8.421743E+3
6.150945E+2	8.416880E+3
6.153489E+2	8.411366E+3
6.156034E+2	8.404628E+3
6.158578E+2	8.399492E+3
6.161123E+2	8.394104E+3
6.163667E+2	8.388098E+3
6.166211E+2	8.382066E+3
6.168755E+2	8.376852E+3
6.171299E+2	8.372896E+3
6.173843E+2	8.367333E+3
6.176387E+2	8.362208E+3
6.178931E+2	8.355661E+3
6.181474E+2	8.349989E+3
6.184018E+2	8.344896E+3
6.186561E+2	8.339295E+3
6.189105E+2	8.335000E+3
6.191648E+2	8.329863E+3
6.194191E+2	8.325322E+3
6.196735E+2	8.319923E+3
6.199278E+2	8.314191E+3
6.201821E+2	8.310147E+3
6.204364E+2	8.304415E+3
6.206907E+2	8.298109E+3
6.209449E+2	8.292705E+3
6.211992E+2	8.288863E+3
6.214535E+2	8.283279E+3
6.217077E+2	8.279656E+3
6.219619E+2	8.273776E+3
6.222162E+2	8.267841E+3
6.224704E+2	8.262541E+3
6.227246E+2	8.257464E+3
6.229788E+2	8.253470E+3
6.232330E+2	8.249508E+3
6.234872E+2	8.245820E+3
6.237414E+2	8.241350E+3
6.239956E+2	8.235749E+3
6.242498E+2	8.230262E+3
6.245039E+2	8.225929E+3
6.247581E+2	8.221754E+3
6.250122E+2	8.216279E+3
6.252663E+2	8.212514E+3
6.255205E+2	8.208361E+3
6.257746E+2	8.204262E+3
6.260287E+2	8.199934E+3
6.262828E+2	8.195809E+3
6.265369E+2	8.191760E+3
6.267910E+2	8.188934E+3
6.270450E+2	8.185126E+3
6.272991E+2	8.181290E+3
6.275532E+2	8.177913E+3
6.278072E+2	8.173688E+3
6.280613E+2	8.170705E+3
6.283153E+2	8.167339E+3
6.285693E+2	8.164787E+3
6.288233E+2	8.160322E+3
6.290773E+2	8.157235E+3
6.293313E+2	8.154197E+3
6.295853E+2	8.152202E+3
6.298393E+2	8.148836E+3
6.300933E+2	8.144732E+3
6.303472E+2	8.141814E+3
6.306012E+2	8.138137E+3
6.308551E+2	8.133792E+3
6.311091E+2	8.130803E+3
6.313630E+2	8.128300E+3
6.316169E+2	8.125027E+3
6.318709E+2	8.121443E+3
6.321248E+2	8.116792E+3
6.323787E+2	8.113366E+3
6.326326E+2	8.109169E+3
6.328864E+2	8.104645E+3
6.331403E+2	8.101590E+3
6.333942E+2	8.098945E+3
6.336480E+2	8.095667E+3
6.339019E+2	8.090814E+3
6.341557E+2	8.087377E+3
6.344095E+2	8.083585E+3
6.346634E+2	8.080415E+3
6.349172E+2	8.075410E+3
6.351710E+2	8.070388E+3
6.354248E+2	8.065656E+3
6.356786E+2	8.061825E+3
6.359324E+2	8.059541E+3
6.361861E+2	8.055798E+3
6.364399E+2	8.051306E+3
6.366936E+2	8.044470E+3
6.369474E+2	8.040574E+3
6.372011E+2	8.033590E+3
6.374549E+2	8.029202E+3
6.377086E+2	8.023940E+3
6.379623E+2	8.018557E+3
6.382160E+2	8.013147E+3
6.384697E+2	8.006596E+3
6.387234E+2	8.000650E+3
6.389771E+2	7.994956E+3
6.392307E+2	7.989541E+3
6.394844E+2	7.985175E+3
6.397380E+2	7.980066E+3
6.399917E+2	7.975574E+3
6.402453E+2	7.971339E+3
6.404990E+2	7.967530E+3
6.407526E+2	7.962055E+3
6.410062E+2	7.956421E+3
6.412598E+2	7.951186E+3
6.415134E+2	7.944683E+3
6.417670E+2	7.939645E+3
6.420206E+2	7.933858E+3
6.422741E+2	7.928126E+3
6.425277E+2	7.922115E+3
6.427812E+2	7.916459E+3
6.430348E+2	7.909557E+3
6.432883E+2	7.903907E+3
6.435418E+2	7.896792E+3
6.437954E+2	7.890628E+3
6.440489E+2	7.884426E+3
6.443024E+2	7.877803E+3
6.445559E+2	7.872005E+3
6.448094E+2	7.866322E+3
6.450628E+2	7.858486E+3
6.453163E+2	7.852918E+3
6.455698E+2	7.848213E+3
6.458232E+2	7.842803E+3
6.460767E+2	7.836978E+3
6.463301E+2	7.832344E+3
6.465835E+2	7.826645E+3
6.468369E+2	7.819738E+3
6.470903E+2	7.814071E+3
6.473437E+2	7.807841E+3
6.475971E+2	7.803229E+3
6.478505E+2	7.797082E+3
6.481039E+2	7.792005E+3
6.483573E+2	7.786907E+3
6.486106E+2	7.780628E+3
6.488640E+2	7.774672E+3
6.491173E+2	7.768290E+3
6.493706E+2	7.762754E+3
6.496240E+2	7.757262E+3
6.498773E+2	7.753257E+3
6.501306E+2	7.747098E+3
6.503839E+2	7.742688E+3
6.506372E+2	7.739251E+3
6.508905E+2	7.734738E+3
6.511437E+2	7.729038E+3
6.513970E+2	7.723858E+3
6.516503E+2	7.718601E+3
6.519035E+2	7.714186E+3
6.521567E+2	7.710000E+3
6.524100E+2	7.704765E+3
6.526632E+2	7.701590E+3
6.529164E+2	7.696913E+3
6.531696E+2	7.693257E+3
6.534228E+2	7.689552E+3
6.536760E+2	7.685060E+3
6.539292E+2	7.681164E+3
6.541824E+2	7.677798E+3
6.544355E+2	7.673481E+3
6.546887E+2	7.669568E+3
6.549418E+2	7.666240E+3
6.551950E+2	7.662705E+3
6.554481E+2	7.657836E+3
6.557012E+2	7.653366E+3
6.559543E+2	7.647503E+3
6.562074E+2	7.641306E+3
6.564605E+2	7.636563E+3
6.567136E+2	7.632514E+3
6.569667E+2	7.629552E+3
6.572198E+2	7.626186E+3
6.574728E+2	7.622240E+3
6.577259E+2	7.618557E+3
6.579789E+2	7.616076E+3
6.582319E+2	7.612268E+3
6.584850E+2	7.608891E+3
6.587380E+2	7.605678E+3
6.589910E+2	7.602956E+3
6.592440E+2	7.600650E+3
6.594970E+2	7.596661E+3
6.597500E+2	7.594809E+3
6.600030E+2	7.591820E+3
6.602559E+2	7.589339E+3
6.605089E+2	7.587847E+3
6.607618E+2	7.584650E+3
6.610148E+2	7.582038E+3
6.612677E+2	7.577831E+3
6.615206E+2	7.576421E+3
6.617736E+2	7.574333E+3
6.620265E+2	7.571142E+3
6.622794E+2	7.568229E+3
6.625323E+2	7.566415E+3
6.627851E+2	7.564798E+3
6.630380E+2	7.563115E+3
6.632909E+2	7.561098E+3
6.635437E+2	7.559049E+3
6.637966E+2	7.556082E+3
6.640494E+2	7.553546E+3
6.643023E+2	7.552628E+3
6.645551E+2	7.551404E+3
6.648079E+2	7.550229E+3
6.650607E+2	7.549186E+3
6.653135E+2	7.546568E+3
6.655663E+2	7.545678E+3
6.658191E+2	7.543366E+3
6.660718E+2	7.540934E+3
6.663246E+2	7.538421E+3
6.665774E+2	7.536945E+3
6.668301E+2	7.533169E+3
6.670828E+2	7.532175E+3
6.673356E+2	7.529934E+3
6.675883E+2	7.528317E+3
6.678410E+2	7.526841E+3
6.680937E+2	7.524262E+3
6.683464E+2	7.521672E+3
6.685991E+2	7.519535E+3
6.688518E+2	7.516721E+3
6.691044E+2	7.513306E+3
6.693571E+2	7.511290E+3
6.696098E+2	7.508350E+3
6.698624E+2	7.505432E+3
6.701150E+2	7.504109E+3
6.703677E+2	7.502765E+3
6.706203E+2	7.501126E+3
6.708729E+2	7.498825E+3
6.711255E+2	7.496426E+3
6.713781E+2	7.496366E+3
6.716307E+2	7.497137E+3
6.718832E+2	7.497290E+3
6.721358E+2	7.494650E+3
6.723884E+2	7.493404E+3
6.726409E+2	7.490164E+3
6.728935E+2	7.487989E+3
6.731460E+2	7.485880E+3
6.733985E+2	7.484421E+3
6.736510E+2	7.482814E+3
6.739035E+2	7.481098E+3
6.741560E+2	7.478841E+3
6.744085E+2	7.477164E+3
6.746610E+2	7.474208E+3
6.749135E+2	7.472224E+3
6.751660E+2	7.471339E+3
6.754184E+2	7.469831E+3
6.756709E+2	7.467623E+3
6.759233E+2	7.463869E+3
6.761757E+2	7.462109E+3
6.764282E+2	7.460443E+3
6.766806E+2	7.459366E+3
6.769330E+2	7.457246E+3
6.771854E+2	7.455197E+3
6.774378E+2	7.454169E+3
6.776901E+2	7.452852E+3
6.779425E+2	7.449847E+3
6.781949E+2	7.448328E+3
6.784472E+2	7.445596E+3
6.786996E+2	7.443022E+3
6.789519E+2	7.441191E+3
6.792042E+2	7.439175E+3
6.794566E+2	7.437552E+3
6.797089E+2	7.434798E+3
6.799612E+2	7.432535E+3
6.802135E+2	7.429749E+3
6.804657E+2	7.426579E+3
6.807180E+2	7.424224E+3
6.809703E+2	7.422246E+3
6.812226E+2	7.421049E+3
6.814748E+2	7.417994E+3
6.817270E+2	7.416541E+3
6.819793E+2	7.413918E+3
6.822315E+2	7.412306E+3
6.824837E+2	7.409754E+3
6.827359E+2	7.407404E+3
6.829881E+2	7.404956E+3
6.832403E+2	7.401940E+3
6.834925E+2	7.400453E+3
6.837447E+2	7.398410E+3
6.839968E+2	7.396279E+3
6.842490E+2	7.394158E+3
6.845011E+2	7.393410E+3
6.847533E+2	7.390956E+3
6.850054E+2	7.389262E+3
6.852575E+2	7.386951E+3
6.855097E+2	7.383481E+3
6.857618E+2	7.380295E+3
6.860139E+2	7.376486E+3
6.862659E+2	7.375535E+3
6.865180E+2	7.374355E+3
6.867701E+2	7.370464E+3
6.870222E+2	7.368115E+3
6.872742E+2	7.365153E+3
6.875263E+2	7.364273E+3
6.877783E+2	7.361934E+3
6.880303E+2	7.361060E+3
6.882823E+2	7.360355E+3
6.885343E+2	7.358984E+3
6.887864E+2	7.355033E+3
6.890383E+2	7.353399E+3
6.892903E+2	7.351197E+3
6.895423E+2	7.348781E+3
6.897943E+2	7.348033E+3
6.900462E+2	7.346350E+3
6.902982E+2	7.346033E+3
6.905501E+2	7.343372E+3
6.908021E+2	7.341486E+3
6.910540E+2	7.340497E+3
6.913059E+2	7.339175E+3
6.915578E+2	7.335858E+3
6.918097E+2	7.333191E+3
6.920616E+2	7.332011E+3
6.923135E+2	7.329142E+3
6.925654E+2	7.325907E+3
6.928172E+2	7.323235E+3
6.930691E+2	7.320672E+3
6.933209E+2	7.318055E+3
6.935728E+2	7.315820E+3
6.938246E+2	7.313153E+3
6.940764E+2	7.311525E+3
6.943282E+2	7.308727E+3
6.945800E+2	7.307197E+3
6.948318E+2	7.304186E+3
6.950836E+2	7.300557E+3
6.953354E+2	7.297470E+3
6.955872E+2	7.294426E+3
6.958389E+2	7.292623E+3
6.960907E+2	7.289809E+3
6.963424E+2	7.286229E+3
6.965942E+2	7.281470E+3
6.968459E+2	7.279016E+3
6.970976E+2	7.275486E+3
6.973493E+2	7.272727E+3
6.976010E+2	7.270667E+3
6.978527E+2	7.269033E+3
6.981044E+2	7.266186E+3
6.983561E+2	7.263475E+3
6.986077E+2	7.262011E+3
6.988594E+2	7.258590E+3
6.991110E+2	7.256475E+3
6.993627E+2	7.254147E+3
6.996143E+2	7.251765E+3
6.998659E+2	7.247798E+3
7.001175E+2	7.246229E+3
7.003692E+2	7.243552E+3
7.006207E+2	7.241273E+3
7.008723E+2	7.238688E+3
7.011239E+2	7.235902E+3
7.013755E+2	7.234180E+3
7.016271E+2	7.230126E+3
7.018786E+2	7.226874E+3
7.021302E+2	7.225464E+3
7.023817E+2	7.221590E+3
7.026332E+2	7.218453E+3
7.028847E+2	7.215760E+3
7.031362E+2	7.213481E+3
7.033878E+2	7.210437E+3
7.036392E+2	7.206841E+3
7.038907E+2	7.202579E+3
7.041422E+2	7.200268E+3
7.043937E+2	7.196235E+3
7.046451E+2	7.193650E+3
7.048966E+2	7.189994E+3
7.051480E+2	7.185033E+3
7.053995E+2	7.181568E+3
7.056509E+2	7.177426E+3
7.059023E+2	7.174399E+3
7.061537E+2	7.170557E+3
7.064051E+2	7.166448E+3
7.066565E+2	7.162869E+3
7.069079E+2	7.161213E+3
7.071593E+2	7.157459E+3
7.074106E+2	7.152437E+3
7.076620E+2	7.147628E+3
7.079133E+2	7.143858E+3
7.081647E+2	7.140863E+3
7.084160E+2	7.137443E+3
7.086673E+2	7.134147E+3
7.089186E+2	7.129142E+3
7.091699E+2	7.124984E+3
7.094212E+2	7.120820E+3
7.096725E+2	7.115437E+3
7.099238E+2	7.110973E+3
7.101751E+2	7.107311E+3
7.104263E+2	7.104688E+3
7.106776E+2	7.100202E+3
7.109288E+2	7.095541E+3
7.111800E+2	7.090027E+3
7.114313E+2	7.085831E+3
7.116825E+2	7.081082E+3
7.119337E+2	7.077688E+3
7.121849E+2	7.072109E+3
7.124361E+2	7.066295E+3
7.126873E+2	7.061290E+3
7.129384E+2	7.055705E+3
7.131896E+2	7.050667E+3
7.134408E+2	7.045470E+3
7.136919E+2	7.039202E+3
7.139430E+2	7.031787E+3
7.141942E+2	7.026765E+3
7.144453E+2	7.021552E+3
7.146964E+2	7.015213E+3
7.149475E+2	7.009727E+3
7.151986E+2	7.005437E+3
7.154497E+2	6.998694E+3
7.157008E+2	6.991273E+3
7.159518E+2	6.984147E+3
7.162029E+2	6.975863E+3
7.164540E+2	6.969508E+3
7.167050E+2	6.961421E+3
7.169560E+2	6.955076E+3
7.172071E+2	6.946399E+3
7.174581E+2	6.938683E+3
7.177091E+2	6.929934E+3
7.179601E+2	6.921366E+3
7.182111E+2	6.912322E+3
7.184621E+2	6.903710E+3
7.187130E+2	6.896388E+3
7.189640E+2	6.888721E+3
7.192150E+2	6.880519E+3
7.194659E+2	6.872022E+3
7.197169E+2	6.863055E+3
7.199678E+2	6.855191E+3
7.202187E+2	6.846792E+3
7.204696E+2	6.838290E+3
7.207205E+2	6.830022E+3
7.209714E+2	6.822022E+3
7.212223E+2	6.813366E+3
7.214732E+2	6.805038E+3
7.217241E+2	6.797153E+3
7.219749E+2	6.789579E+3
7.222258E+2	6.779891E+3
7.224766E+2	6.771951E+3
7.227274E+2	6.764486E+3
7.229783E+2	6.756809E+3
7.232291E+2	6.748847E+3
7.234799E+2	6.739191E+3
7.237307E+2	6.730699E+3
7.239815E+2	6.721705E+3
7.242323E+2	6.713552E+3
7.244830E+2	6.706344E+3
7.247338E+2	6.699273E+3
7.249846E+2	6.692956E+3
7.252353E+2	6.686989E+3
7.254861E+2	6.680628E+3
7.257368E+2	6.673044E+3
7.259875E+2	6.666699E+3
7.262382E+2	6.660738E+3
7.264889E+2	6.654229E+3
7.267396E+2	6.646322E+3
7.269903E+2	6.639464E+3
7.272410E+2	6.632126E+3
7.274917E+2	6.626415E+3
7.277423E+2	6.620645E+3
7.279930E+2	6.613792E+3
7.282436E+2	6.608557E+3
7.284942E+2	6.601164E+3
7.287449E+2	6.595590E+3
7.289955E+2	6.591322E+3
7.292461E+2	6.586279E+3
7.294967E+2	6.580486E+3
7.297473E+2	6.574470E+3
7.299979E+2	6.568705E+3
7.302484E+2	6.563492E+3
7.304990E+2	6.557361E+3
7.307496E+2	6.551661E+3
7.310001E+2	6.546016E+3
7.312507E+2	6.540574E+3
7.315012E+2	6.536016E+3
7.317517E+2	6.528874E+3
7.320022E+2	6.523705E+3
7.322527E+2	6.517760E+3
7.325032E+2	6.512863E+3
7.327537E+2	6.507508E+3
7.330042E+2	6.503951E+3
7.332547E+2	6.500066E+3
7.335051E+2	6.496317E+3
7.337556E+2	6.492235E+3
7.340060E+2	6.486956E+3
7.342564E+2	6.482093E+3
7.345069E+2	6.478667E+3
7.347573E+2	6.475732E+3
7.350077E+2	6.475820E+3
7.352581E+2	6.473820E+3
7.355085E+2	6.474191E+3
7.357589E+2	6.474634E+3
7.360092E+2	6.473678E+3
7.362596E+2	6.474109E+3
7.365100E+2	6.475514E+3
7.367603E+2	6.476022E+3
7.370106E+2	6.475667E+3
7.372610E+2	6.475142E+3
7.375113E+2	6.475836E+3
7.377616E+2	6.476153E+3
7.380119E+2	6.475328E+3
7.382622E+2	6.474306E+3
7.385125E+2	6.473235E+3
7.387628E+2	6.472732E+3
7.390130E+2	6.470951E+3
7.392633E+2	6.470760E+3
7.395135E+2	6.470978E+3
7.397638E+2	6.469448E+3
7.400140E+2	6.468022E+3
7.402642E+2	6.467339E+3
7.405144E+2	6.466115E+3
7.407647E+2	6.465175E+3
7.410149E+2	6.464317E+3
7.412650E+2	6.464869E+3
7.415152E+2	6.465705E+3
7.417654E+2	6.468978E+3
7.420156E+2	6.475661E+3
7.422657E+2	6.486076E+3
7.425159E+2	6.501153E+3
7.427660E+2	6.521016E+3
7.430161E+2	6.546082E+3
7.432662E+2	6.583104E+3
7.435164E+2	6.638978E+3
7.437665E+2	6.722836E+3
7.440165E+2	6.806623E+3
7.442666E+2	6.872481E+3
7.445167E+2	6.920945E+3
7.447668E+2	6.957191E+3
7.450168E+2	6.987803E+3
7.452669E+2	7.011044E+3
7.455169E+2	7.022913E+3
7.457669E+2	7.029814E+3
7.460170E+2	7.034552E+3
7.462670E+2	7.042049E+3
7.465170E+2	7.049082E+3
7.467670E+2	7.057273E+3
7.470170E+2	7.068153E+3
7.472670E+2	7.082639E+3
7.475169E+2	7.103880E+3
7.477669E+2	7.123410E+3
7.480168E+2	7.135809E+3
7.482668E+2	7.145000E+3
7.485167E+2	7.154951E+3
7.487666E+2	7.167760E+3
7.490166E+2	7.183656E+3
7.492665E+2	7.197273E+3
7.495164E+2	7.208885E+3
7.497663E+2	7.220251E+3
7.500161E+2	7.230863E+3
7.502660E+2	7.238896E+3
7.505159E+2	7.247208E+3
7.507657E+2	7.252082E+3
7.510156E+2	7.255295E+3
7.512654E+2	7.256514E+3
7.515152E+2	7.255060E+3
7.517651E+2	7.252847E+3
7.520149E+2	7.251683E+3
7.522647E+2	7.250612E+3
7.525145E+2	7.251934E+3
7.527643E+2	7.255563E+3
7.530140E+2	7.261535E+3
7.532638E+2	7.269000E+3
7.535136E+2	7.276066E+3
7.537633E+2	7.281322E+3
7.540131E+2	7.288415E+3
7.542628E+2	7.298355E+3
7.545125E+2	7.307355E+3
7.547622E+2	7.314432E+3
7.550119E+2	7.319951E+3
7.552616E+2	7.321213E+3
7.555113E+2	7.321836E+3
7.557610E+2	7.321175E+3
7.560107E+2	7.319858E+3
7.562603E+2	7.319115E+3
7.565100E+2	7.315781E+3
7.567596E+2	7.312563E+3
7.570093E+2	7.307131E+3
7.572589E+2	7.298770E+3
7.575085E+2	7.285973E+3
7.577581E+2	7.268344E+3
7.580077E+2	7.245033E+3
7.582573E+2	7.218617E+3
7.585069E+2	7.178645E+3
7.587565E+2	7.118820E+3
7.590060E+2	7.030033E+3
7.592556E+2	6.942486E+3
7.595051E+2	6.871208E+3
7.597547E+2	6.818579E+3
7.600042E+2	6.777158E+3
7.602537E+2	6.739530E+3
7.605032E+2	6.709000E+3
7.607527E+2	6.687978E+3
7.610022E+2	6.672639E+3
7.612517E+2	6.660049E+3
7.615012E+2	6.647082E+3
7.617507E+2	6.636803E+3
7.620001E+2	6.626951E+3
7.622496E+2	6.614213E+3
7.624990E+2	6.596967E+3
7.627485E+2	6.570885E+3
7.629979E+2	6.546268E+3
7.632473E+2	6.529180E+3
7.634967E+2	6.516530E+3
7.637461E+2	6.501530E+3
7.639955E+2	6.483142E+3
7.642449E+2	6.460432E+3
7.644942E+2	6.438989E+3
7.647436E+2	6.419120E+3
7.649930E+2	6.397749E+3
7.652423E+2	6.376688E+3
7.654916E+2	6.355656E+3
7.657410E+2	6.334749E+3
7.659903E+2	6.317410E+3
7.662396E+2	6.302044E+3
7.664889E+2	6.289027E+3
7.667382E+2	6.275781E+3
7.669875E+2	6.263437E+3
7.672367E+2	6.251667E+3
7.674860E+2	6.239459E+3
7.677353E+2	6.223617E+3
7.679845E+2	6.204634E+3
7.682337E+2	6.183246E+3
7.684830E+2	6.161885E+3
7.687322E+2	6.143453E+3
7.689814E+2	6.128951E+3
7.692306E+2	6.112781E+3
7.694798E+2	6.094481E+3
7.697290E+2	6.076273E+3
7.699782E+2	6.060546E+3
7.702273E+2	6.046607E+3
7.704765E+2	6.037131E+3
7.707256E+2	6.027557E+3
7.709748E+2	6.018820E+3
7.712239E+2	6.010732E+3
7.714730E+2	6.002831E+3
7.717222E+2	5.996710E+3
7.719713E+2	5.991497E+3
7.722204E+2	5.985607E+3
7.724694E+2	5.979372E+3
7.727185E+2	5.974311E+3
7.729676E+2	5.968579E+3
7.732167E+2	5.962437E+3
7.734657E+2	5.954437E+3
7.737147E+2	5.947229E+3
7.739638E+2	5.939098E+3
7.742128E+2	5.931333E+3
7.744618E+2	5.921104E+3
7.747108E+2	5.912656E+3
7.749598E+2	5.902180E+3
7.752088E+2	5.891235E+3
7.754578E+2	5.882229E+3
7.757068E+2	5.874590E+3
7.759557E+2	5.868104E+3
7.762047E+2	5.862787E+3
7.764536E+2	5.856530E+3
7.767026E+2	5.848956E+3
7.769515E+2	5.839661E+3
7.772004E+2	5.829240E+3
7.774493E+2	5.820415E+3
7.776982E+2	5.809825E+3
7.779471E+2	5.801514E+3
7.781960E+2	5.793180E+3
7.784449E+2	5.783951E+3
7.786938E+2	5.773590E+3
7.789426E+2	5.764694E+3
7.791915E+2	5.755432E+3
7.794403E+2	5.749355E+3
7.796891E+2	5.744754E+3
7.799380E+2	5.742016E+3
7.801868E+2	5.741098E+3
7.804356E+2	5.738535E+3
7.806844E+2	5.734874E+3
7.809332E+2	5.731552E+3
7.811819E+2	5.727377E+3
7.814307E+2	5.723175E+3
7.816795E+2	5.720229E+3
7.819282E+2	5.717984E+3
7.821770E+2	5.715530E+3
7.824257E+2	5.712300E+3
7.826744E+2	5.708115E+3
7.829231E+2	5.704874E+3
7.831718E+2	5.701716E+3
7.834205E+2	5.698066E+3
7.836692E+2	5.693344E+3
7.839179E+2	5.687016E+3
7.841666E+2	5.679535E+3
7.844152E+2	5.672060E+3
7.846639E+2	5.664841E+3
7.849125E+2	5.657448E+3
7.851612E+2	5.648721E+3
7.854098E+2	5.639847E+3
7.856584E+2	5.629126E+3
7.859070E+2	5.618798E+3
7.861556E+2	5.607967E+3
7.864042E+2	5.596749E+3
7.866528E+2	5.583656E+3
7.869014E+2	5.569552E+3
7.871499E+2	5.553546E+3
7.873985E+2	5.538743E+3
7.876470E+2	5.523792E+3
7.878956E+2	5.507158E+3
7.881441E+2	5.492639E+3
7.883926E+2	5.479372E+3
7.886411E+2	5.466585E+3
7.888896E+2	5.455710E+3
7.891381E+2	5.445847E+3
7.893866E+2	5.437760E+3
7.896351E+2	5.429525E+3
7.898835E+2	5.420885E+3
7.901320E+2	5.412639E+3
7.903804E+2	5.405672E+3
7.906289E+2	5.398186E+3
7.908773E+2	5.391066E+3
7.911257E+2	5.382656E+3
7.913742E+2	5.373683E+3
7.916226E+2	5.365574E+3
7.918709E+2	5.356235E+3
7.921193E+2	5.346393E+3
7.923677E+2	5.335049E+3
7.926161E+2	5.322339E+3
7.928644E+2	5.312213E+3
7.931128E+2	5.300863E+3
7.933611E+2	5.290475E+3
7.936095E+2	5.279404E+3
7.938578E+2	5.267328E+3
7.941061E+2	5.255000E+3
7.943544E+2	5.242191E+3
7.946027E+2	5.227137E+3
7.948510E+2	5.209994E+3
7.950993E+2	5.190923E+3
7.953475E+2	5.173333E+3
7.955958E+2	5.155672E+3
7.958440E+2	5.138415E+3
7.960923E+2	5.122825E+3
7.963405E+2	5.106809E+3
7.965887E+2	5.089705E+3
7.968370E+2	5.072066E+3
7.970852E+2	5.054803E+3
7.973334E+2	5.038175E+3
7.975816E+2	5.022749E+3
7.978297E+2	5.009814E+3
7.980779E+2	4.997656E+3
7.983261E+2	4.985607E+3
7.985742E+2	4.974393E+3
7.988224E+2	4.962945E+3
7.990705E+2	4.951453E+3
7.993186E+2	4.938814E+3
7.995668E+2	4.926262E+3
7.998149E+2	4.913180E+3
8.000630E+2	4.901645E+3
8.003111E+2	4.889989E+3
8.005591E+2	4.878809E+3
8.008072E+2	4.868082E+3
8.010553E+2	4.856087E+3
8.013033E+2	4.843776E+3
8.015514E+2	4.830186E+3
8.017994E+2	4.817863E+3
8.020474E+2	4.805863E+3
8.022955E+2	4.794388E+3
8.025435E+2	4.783115E+3
8.027915E+2	4.771967E+3
8.030395E+2	4.761617E+3
8.032874E+2	4.750399E+3
8.035354E+2	4.738617E+3
8.037834E+2	4.725732E+3
8.040313E+2	4.712219E+3
8.042793E+2	4.698142E+3
8.045272E+2	4.683470E+3
8.047752E+2	4.669628E+3
8.050231E+2	4.656388E+3
8.052710E+2	4.645175E+3
8.055189E+2	4.635437E+3
8.057668E+2	4.627022E+3
8.060147E+2	4.619699E+3
8.062625E+2	4.614475E+3
8.065104E+2	4.608535E+3
8.067583E+2	4.602825E+3
8.070061E+2	4.597984E+3
8.072540E+2	4.593426E+3
8.075018E+2	4.588574E+3
8.077496E+2	4.584453E+3
8.079974E+2	4.579443E+3
8.082452E+2	4.576311E+3
8.084930E+2	4.572284E+3
8.087408E+2	4.570038E+3
8.089886E+2	4.568229E+3
8.092364E+2	4.565514E+3
8.094841E+2	4.563147E+3
8.097319E+2	4.561082E+3
8.099796E+2	4.560847E+3
8.102273E+2	4.561290E+3
8.104751E+2	4.562044E+3
8.107228E+2	4.565082E+3
8.109705E+2	4.568546E+3
8.112182E+2	4.569962E+3
8.114659E+2	4.570809E+3
8.117135E+2	4.570831E+3
8.119612E+2	4.569743E+3
8.122089E+2	4.566628E+3
8.124565E+2	4.561453E+3
8.127042E+2	4.554738E+3
8.129518E+2	4.545716E+3
8.131994E+2	4.536317E+3
8.134470E+2	4.525929E+3
8.136946E+2	4.515306E+3
8.139422E+2	4.504311E+3
8.141898E+2	4.492235E+3
8.144374E+2	4.480847E+3
8.146850E+2	4.468459E+3
8.149325E+2	4.457060E+3
8.151801E+2	4.443290E+3
8.154276E+2	4.429831E+3
8.156752E+2	4.416055E+3
8.159227E+2	4.403639E+3
8.161702E+2	4.393202E+3
8.164177E+2	4.384175E+3
8.166652E+2	4.376382E+3
8.169127E+2	4.369798E+3
8.171602E+2	4.362104E+3
8.174077E+2	4.353164E+3
8.176551E+2	4.343863E+3
8.179026E+2	4.334410E+3
8.181500E+2	4.324147E+3
8.183975E+2	4.314229E+3
8.186449E+2	4.304475E+3
8.188923E+2	4.296290E+3
8.191397E+2	4.287426E+3
8.193871E+2	4.278328E+3
8.196345E+2	4.269453E+3
8.198819E+2	4.259459E+3
8.201293E+2	4.248639E+3
8.203766E+2	4.235776E+3
8.206240E+2	4.220792E+3
8.208713E+2	4.204464E+3
8.211187E+2	4.185519E+3
8.213660E+2	4.164863E+3
8.216133E+2	4.143880E+3
8.218606E+2	4.122322E+3
8.221079E+2	4.099541E+3
8.223552E+2	4.076333E+3
8.226025E+2	4.054011E+3
8.228498E+2	4.031645E+3
8.230970E+2	4.008978E+3
8.233443E+2	3.984415E+3
8.235915E+2	3.959907E+3
8.238388E+2	3.934568E+3
8.240860E+2	3.909355E+3
8.243332E+2	3.885164E+3
8.245804E+2	3.861404E+3
8.248276E+2	3.837557E+3
8.250748E+2	3.813519E+3
8.253220E+2	3.789628E+3
8.255692E+2	3.764601E+3
8.258163E+2	3.737836E+3
8.260635E+2	3.711453E+3
8.263106E+2	3.685066E+3
8.265578E+2	3.658803E+3
8.268049E+2	3.633765E+3
8.270520E+2	3.609852E+3
8.272991E+2	3.587098E+3
8.275462E+2	3.565016E+3
8.277933E+2	3.543525E+3
8.280404E+2	3.523055E+3
8.282875E+2	3.502082E+3
8.285345E+2	3.482923E+3
8.287816E+2	3.463552E+3
8.290287E+2	3.444617E+3
8.292757E+2	3.427251E+3
8.295227E+2	3.408962E+3
8.297697E+2	3.391508E+3
8.300168E+2	3.372208E+3
8.302638E+2	3.354361E+3
8.305107E+2	3.336486E+3
8.307577E+2	3.318623E+3
8.310047E+2	3.299913E+3
8.312517E+2	3.280082E+3
8.314986E+2	3.259475E+3
8.317456E+2	3.239022E+3
8.319925E+2	3.217973E+3
8.322394E+2	3.197497E+3
8.324864E+2	3.179208E+3
8.327333E+2	3.160661E+3
8.329802E+2	3.141694E+3
8.332271E+2	3.124290E+3
8.334740E+2	3.105475E+3
8.337208E+2	3.087563E+3
8.339677E+2	3.068355E+3
8.342146E+2	3.049202E+3
8.344614E+2	3.030060E+3
8.347082E+2	3.011453E+3
8.349551E+2	2.993710E+3
8.352019E+2	2.976568E+3
8.354487E+2	2.960273E+3
8.356955E+2	2.945333E+3
8.359423E+2	2.929852E+3
8.361891E+2	2.916038E+3
8.364359E+2	2.901858E+3
8.366826E+2	2.888710E+3
8.369294E+2	2.875453E+3
8.371761E+2	2.863749E+3
8.374229E+2	2.851268E+3
8.376696E+2	2.839224E+3
8.379163E+2	2.826836E+3
8.381630E+2	2.815284E+3
8.384097E+2	2.804781E+3
8.386564E+2	2.794355E+3
8.389031E+2	2.783224E+3
8.391498E+2	2.772803E+3
8.393965E+2	2.762399E+3
8.396431E+2	2.752038E+3
8.398898E+2	2.741852E+3
8.401364E+2	2.731634E+3
8.403830E+2	2.721120E+3
8.406297E+2	2.710219E+3
8.408763E+2	2.699366E+3
8.411229E+2	2.688661E+3
8.413695E+2	2.677656E+3
8.416161E+2	2.667169E+3
8.418626E+2	2.657377E+3
8.421092E+2	2.646743E+3
8.423558E+2	2.636612E+3
8.426023E+2	2.626612E+3
8.428489E+2	2.616410E+3
8.430954E+2	2.606530E+3
8.433419E+2	2.597087E+3
8.435884E+2	2.587721E+3
8.438349E+2	2.578202E+3
8.440814E+2	2.568858E+3
8.443279E+2	2.559273E+3
8.445744E+2	2.549372E+3
8.448208E+2	2.540497E+3
8.450673E+2	2.532257E+3
8.453138E+2	2.523770E+3
8.455602E+2	2.515082E+3
8.458066E+2	2.506945E+3
8.460530E+2	2.498033E+3
8.462995E+2	2.489760E+3
8.465459E+2	2.480918E+3
8.467923E+2	2.472787E+3
8.470386E+2	2.464809E+3
8.472850E+2	2.456781E+3
8.475314E+2	2.448186E+3
8.477777E+2	2.440109E+3
8.480241E+2	2.432579E+3
8.482704E+2	2.424475E+3
8.485168E+2	2.416967E+3
8.487631E+2	2.408885E+3
8.490094E+2	2.400836E+3
8.492557E+2	2.393098E+3
8.495020E+2	2.386240E+3
8.497483E+2	2.378645E+3
8.499946E+2	2.371093E+3
8.502408E+2	2.363546E+3
8.504871E+2	2.356219E+3
8.507333E+2	2.348022E+3
8.509796E+2	2.340388E+3
8.512258E+2	2.332612E+3
8.514720E+2	2.325038E+3
8.517182E+2	2.317016E+3
8.519644E+2	2.309011E+3
8.522106E+2	2.300399E+3
8.524568E+2	2.292541E+3
8.527030E+2	2.284765E+3
8.529492E+2	2.276869E+3
8.531953E+2	2.269005E+3
8.534415E+2	2.261191E+3
8.536876E+2	2.253459E+3
8.539337E+2	2.245923E+3
8.541799E+2	2.237628E+3
8.544260E+2	2.229683E+3
8.546721E+2	2.222235E+3
8.549182E+2	2.214650E+3
8.551643E+2	2.206951E+3
8.554103E+2	2.199557E+3
8.556564E+2	2.192175E+3
8.559024E+2	2.184940E+3
8.561485E+2	2.176803E+3
8.563945E+2	2.169841E+3
8.566406E+2	2.162973E+3
8.568866E+2	2.155667E+3
8.571326E+2	2.148328E+3
8.573786E+2	2.140852E+3
8.576246E+2	2.133645E+3
8.578706E+2	2.126721E+3
8.581166E+2	2.119945E+3
8.583625E+2	2.113497E+3
8.586085E+2	2.106978E+3
8.588544E+2	2.099863E+3
8.591004E+2	2.092869E+3
8.593463E+2	2.085852E+3
8.595922E+2	2.079688E+3
8.598381E+2	2.072699E+3
8.600840E+2	2.065836E+3
8.603299E+2	2.059437E+3
8.605758E+2	2.052770E+3
8.608217E+2	2.045760E+3
8.610675E+2	2.039557E+3
8.613134E+2	2.033175E+3
8.615592E+2	2.027525E+3
8.618051E+2	2.020863E+3
8.620509E+2	2.013749E+3
8.622967E+2	2.006994E+3
8.625425E+2	1.999902E+3
8.627883E+2	1.992158E+3
8.630341E+2	1.984612E+3
8.632799E+2	1.977667E+3
8.635257E+2	1.971000E+3
8.637715E+2	1.963650E+3
8.640172E+2	1.956180E+3
8.642630E+2	1.949033E+3
8.645087E+2	1.941372E+3
8.647544E+2	1.933967E+3
8.650001E+2	1.926809E+3
8.652459E+2	1.919120E+3
8.654916E+2	1.912076E+3
8.657372E+2	1.905186E+3
8.659829E+2	1.898027E+3
8.662286E+2	1.890929E+3
8.664743E+2	1.884300E+3
8.667199E+2	1.876907E+3
8.669656E+2	1.870011E+3
8.672112E+2	1.863552E+3
8.674568E+2	1.857044E+3
8.677024E+2	1.850235E+3
8.679481E+2	1.843710E+3
8.681937E+2	1.836514E+3
8.684392E+2	1.828781E+3
8.686848E+2	1.821781E+3
8.689304E+2	1.814973E+3
8.691760E+2	1.808710E+3
8.694215E+2	1.802437E+3
8.696671E+2	1.794978E+3
8.699126E+2	1.788219E+3
8.701581E+2	1.781721E+3
8.704036E+2	1.774858E+3
8.706491E+2	1.768087E+3
8.708946E+2	1.760902E+3
8.711401E+2	1.754432E+3
8.713856E+2	1.747803E+3
8.716311E+2	1.741284E+3
8.718766E+2	1.735082E+3
8.721220E+2	1.729033E+3
8.723674E+2	1.722470E+3
8.726129E+2	1.716475E+3
8.728583E+2	1.710104E+3
8.731037E+2	1.703175E+3
8.733491E+2	1.696667E+3
8.735945E+2	1.689645E+3
8.738399E+2	1.683585E+3
8.740853E+2	1.677694E+3
8.743307E+2	1.671607E+3
8.745760E+2	1.665044E+3
8.748214E+2	1.658350E+3
8.750667E+2	1.652180E+3
8.753121E+2	1.645273E+3
8.755574E+2	1.638907E+3
8.758027E+2	1.632399E+3
8.760480E+2	1.626098E+3
8.762933E+2	1.619743E+3
8.765386E+2	1.613175E+3
8.767839E+2	1.606699E+3
8.770291E+2	1.601049E+3
8.772744E+2	1.595470E+3
8.775196E+2	1.590016E+3
8.777649E+2	1.584885E+3
8.780101E+2	1.579475E+3
8.782553E+2	1.573836E+3
8.785006E+2	1.567836E+3
8.787458E+2	1.562311E+3
8.789910E+2	1.557852E+3
8.792361E+2	1.553213E+3
8.794813E+2	1.548295E+3
8.797265E+2	1.542978E+3
8.799717E+2	1.538076E+3
8.802168E+2	1.533147E+3
8.804619E+2	1.527322E+3
8.807071E+2	1.521770E+3
8.809522E+2	1.516180E+3
8.811973E+2	1.510229E+3
8.814424E+2	1.504295E+3
8.816875E+2	1.500016E+3
8.819326E+2	1.495415E+3
8.821777E+2	1.489978E+3
8.824227E+2	1.484404E+3
8.826678E+2	1.479382E+3
8.829128E+2	1.474656E+3
8.831579E+2	1.470000E+3
8.834029E+2	1.466158E+3
8.836479E+2	1.461732E+3
8.838929E+2	1.457328E+3
8.841379E+2	1.453082E+3
8.843829E+2	1.448180E+3
8.846279E+2	1.443568E+3
8.848729E+2	1.438841E+3
8.851179E+2	1.434372E+3
8.853628E+2	1.429475E+3
8.856078E+2	1.424541E+3
8.858527E+2	1.420126E+3
8.860976E+2	1.415841E+3
8.863425E+2	1.411049E+3
8.865875E+2	1.406147E+3
8.868324E+2	1.400891E+3
8.870772E+2	1.395989E+3
8.873221E+2	1.391574E+3
8.875670E+2	1.386656E+3
8.878119E+2	1.382754E+3
8.880567E+2	1.378951E+3
8.883016E+2	1.374514E+3
8.885464E+2	1.370251E+3
8.887912E+2	1.365994E+3
8.890360E+2	1.361453E+3
8.892809E+2	1.357076E+3
8.895257E+2	1.352656E+3
8.897704E+2	1.348514E+3
8.900152E+2	1.343880E+3
8.902600E+2	1.339481E+3
8.905048E+2	1.335202E+3
8.907495E+2	1.330623E+3
8.909943E+2	1.326322E+3
8.912390E+2	1.321519E+3
8.914837E+2	1.317404E+3
8.917284E+2	1.313377E+3
8.919731E+2	1.308831E+3
8.922178E+2	1.304022E+3
8.924625E+2	1.299093E+3
8.927072E+2	1.294459E+3
8.929519E+2	1.289754E+3
8.931965E+2	1.285180E+3
8.934412E+2	1.281038E+3
8.936858E+2	1.276688E+3
8.939305E+2	1.272273E+3
8.941751E+2	1.267393E+3
8.944197E+2	1.262563E+3
8.946643E+2	1.258328E+3
8.949089E+2	1.253699E+3
8.951535E+2	1.248798E+3
8.953981E+2	1.244126E+3
8.956426E+2	1.239809E+3
8.958872E+2	1.235344E+3
8.961317E+2	1.231049E+3
8.963763E+2	1.226929E+3
8.966208E+2	1.221918E+3
8.968653E+2	1.216727E+3
8.971098E+2	1.212464E+3
8.973543E+2	1.208464E+3
8.975988E+2	1.203994E+3
8.978433E+2	1.199279E+3
8.980878E+2	1.194279E+3
8.983323E+2	1.189978E+3
8.985767E+2	1.185623E+3
8.988212E+2	1.181229E+3
8.990656E+2	1.176464E+3
8.993100E+2	1.172421E+3
8.995545E+2	1.168426E+3
8.997989E+2	1.163721E+3
9.000433E+2	1.158694E+3
9.002877E+2	1.154229E+3
9.005320E+2	1.149552E+3
9.007764E+2	1.145508E+3
9.010208E+2	1.140989E+3
9.012651E+2	1.136803E+3
9.015095E+2	1.132475E+3
9.017538E+2	1.128765E+3
9.019981E+2	1.124497E+3
9.022425E+2	1.120923E+3
9.024868E+2	1.117115E+3
9.027311E+2	1.112355E+3
9.029754E+2	1.107372E+3
9.032196E+2	1.102978E+3
9.034639E+2	1.098710E+3
9.037082E+2	1.094115E+3
9.039524E+2	1.090142E+3
9.041967E+2	1.085650E+3
9.044409E+2	1.081464E+3
9.046851E+2	1.077563E+3
9.049293E+2	1.073656E+3
9.051736E+2	1.068891E+3
9.054177E+2	1.064421E+3
9.056619E+2	1.060421E+3
9.059061E+2	1.056262E+3
9.061503E+2	1.052246E+3
9.063944E+2	1.047514E+3
9.066386E+2	1.043109E+3
9.068827E+2	1.038481E+3
9.071269E+2	1.034514E+3
9.073710E+2	1.030322E+3
9.076151E+2	1.025923E+3
9.078592E+2	1.021814E+3
9.081033E+2	1.017678E+3
9.083474E+2	1.013749E+3
9.085915E+2	1.009596E+3
9.088355E+2	1.005027E+3
9.090796E+2	1.000557E+3
9.093236E+2	9.965519E+2
9.095677E+2	9.919726E+2
9.098117E+2	9.875355E+2
9.100557E+2	9.833005E+2
9.102997E+2	9.794316E+2
9.105437E+2	9.750437E+2
9.107877E+2	9.712021E+2
9.110317E+2	9.668688E+2
9.112757E+2	9.622240E+2
9.115197E+2	9.580218E+2
9.117636E+2	9.538142E+2
9.120076E+2	9.497213E+2
9.122515E+2	9.452021E+2
9.124954E+2	9.408251E+2
9.127393E+2	9.365081E+2
9.129832E+2	9.329672E+2
9.132271E+2	9.284371E+2
9.134710E+2	9.243934E+2
9.137149E+2	9.201584E+2
9.139588E+2	9.158469E+2
9.142026E+2	9.109562E+2
9.144465E+2	9.063333E+2
9.146903E+2	9.019125E+2
9.149342E+2	8.976010E+2
9.151780E+2	8.930874E+2
9.154218E+2	8.892076E+2
9.156656E+2	8.842513E+2
9.159094E+2	8.800437E+2
9.161532E+2	8.755409E+2
9.163970E+2	8.713005E+2
9.166408E+2	8.667595E+2
9.168845E+2	8.624426E+2
9.171283E+2	8.577540E+2
9.173720E+2	8.531857E+2
9.176157E+2	8.489726E+2
9.178595E+2	8.449562E+2
9.181032E+2	8.403551E+2
9.183469E+2	8.357978E+2
9.185906E+2	8.313770E+2
9.188343E+2	8.264426E+2
9.190779E+2	8.220273E+2
9.193216E+2	8.175191E+2
9.195653E+2	8.129234E+2
9.198089E+2	8.083005E+2
9.200525E+2	8.044808E+2
9.202962E+2	8.003442E+2
9.205398E+2	7.956939E+2
9.207834E+2	7.911748E+2
9.210270E+2	7.865846E+2
9.212706E+2	7.823934E+2
9.215142E+2	7.781967E+2
9.217577E+2	7.741803E+2
9.220013E+2	7.698196E+2
9.222449E+2	7.655081E+2
9.224884E+2	7.615846E+2
9.227319E+2	7.574535E+2
9.229755E+2	7.529289E+2
9.232190E+2	7.479289E+2
9.234625E+2	7.435792E+2
9.237060E+2	7.390273E+2
9.239495E+2	7.351147E+2
9.241930E+2	7.302950E+2
9.244364E+2	7.259234E+2
9.246799E+2	7.211639E+2
9.249233E+2	7.168961E+2
9.251668E+2	7.124972E+2
9.254102E+2	7.073715E+2
9.256536E+2	7.024808E+2
9.258971E+2	6.981693E+2
9.261405E+2	6.940437E+2
9.263839E+2	6.892622E+2
9.266272E+2	6.847158E+2
9.268706E+2	6.793879E+2
9.271140E+2	6.749070E+2
9.273573E+2	6.700601E+2
9.276007E+2	6.654644E+2
9.278440E+2	6.606010E+2
9.280874E+2	6.553223E+2
9.283307E+2	6.501092E+2
9.285740E+2	6.447650E+2
9.288173E+2	6.397376E+2
9.290606E+2	6.346174E+2
9.293039E+2	6.295355E+2
9.295471E+2	6.245300E+2
9.297904E+2	6.200928E+2
9.300337E+2	6.146721E+2
9.302769E+2	6.090546E+2
9.305201E+2	6.036775E+2
9.307634E+2	5.980327E+2
9.310066E+2	5.923770E+2
9.312498E+2	5.867978E+2
9.314930E+2	5.810928E+2
9.317362E+2	5.753278E+2
9.319794E+2	5.689398E+2
9.322225E+2	5.630109E+2
9.324657E+2	5.567267E+2
9.327088E+2	5.506502E+2
9.329520E+2	5.447540E+2
9.331951E+2	5.386721E+2
9.334382E+2	5.328032E+2
9.336814E+2	5.267923E+2
9.339245E+2	5.207213E+2
9.341676E+2	5.147103E+2
9.344106E+2	5.088305E+2
9.346537E+2	5.027049E+2
9.348968E+2	4.965409E+2
9.351398E+2	4.903715E+2
9.353829E+2	4.843278E+2
9.356259E+2	4.780218E+2
9.358690E+2	4.725519E+2
9.361120E+2	4.665409E+2
9.363550E+2	4.606229E+2
9.365980E+2	4.544808E+2
9.368410E+2	4.487431E+2
9.370840E+2	4.433442E+2
9.373269E+2	4.372786E+2
9.375699E+2	4.313934E+2
9.378129E+2	4.258032E+2
9.380558E+2	4.202622E+2
9.382987E+2	4.142404E+2
9.385417E+2	4.087704E+2
9.387846E+2	4.029781E+2
9.390275E+2	3.980327E+2
9.392704E+2	3.930327E+2
9.395133E+2	3.883442E+2
9.397562E+2	3.831529E+2
9.399990E+2	3.780327E+2
9.402419E+2	3.737868E+2
9.404847E+2	3.692021E+2
9.407276E+2	3.648524E+2
9.409704E+2	3.601912E+2
9.412132E+2	3.559016E+2
9.414560E+2	3.522021E+2
9.416988E+2	3.483825E+2
9.419416E+2	3.443497E+2
9.421844E+2	3.404917E+2
9.424272E+2	3.364917E+2
9.426700E+2	3.326502E+2
9.429127E+2	3.293661E+2
9.431555E+2	3.259562E+2
9.433982E+2	3.226284E+2
9.436409E+2	3.193879E+2
9.438837E+2	3.164754E+2
9.441264E+2	3.137595E+2
9.443691E+2	3.111803E+2
9.446118E+2	3.080327E+2
9.448544E+2	3.060437E+2
9.450971E+2	3.040109E+2
9.453398E+2	3.023278E+2
9.455824E+2	3.002131E+2
9.458251E+2	2.984535E+2
9.460677E+2	2.970163E+2
9.463103E+2	2.955956E+2
9.465530E+2	2.942896E+2
9.467956E+2	2.930546E+2
9.470382E+2	2.918469E+2
9.472807E+2	2.912950E+2
9.475233E+2	2.904316E+2
9.477659E+2	2.896994E+2
9.480084E+2	2.889999E+2
9.482510E+2	2.883770E+2
9.484935E+2	2.886502E+2
9.487361E+2	2.882076E+2
9.489786E+2	2.883551E+2
9.492211E+2	2.878251E+2
9.494636E+2	2.875409E+2
9.497061E+2	2.871038E+2
9.499486E+2	2.866284E+2
9.501911E+2	2.867814E+2
9.504335E+2	2.867540E+2
9.506760E+2	2.863114E+2
9.509184E+2	2.861038E+2
9.511609E+2	2.861912E+2
9.514033E+2	2.868469E+2
9.516457E+2	2.867322E+2
9.518881E+2	2.867376E+2
9.521305E+2	2.865901E+2
9.523729E+2	2.869398E+2
9.526153E+2	2.872349E+2
9.528576E+2	2.873169E+2
9.531000E+2	2.876830E+2
9.533424E+2	2.880764E+2
9.535847E+2	2.882131E+2
9.538270E+2	2.882295E+2
9.540694E+2	2.882513E+2
9.543117E+2	2.882185E+2
9.545540E+2	2.884863E+2
9.547963E+2	2.884535E+2
9.550386E+2	2.883442E+2
9.552808E+2	2.883770E+2
9.555231E+2	2.879672E+2
9.557654E+2	2.877049E+2
9.560076E+2	2.875409E+2
9.562498E+2	2.869398E+2
9.564921E+2	2.869180E+2
9.567343E+2	2.867376E+2
9.569765E+2	2.866994E+2
9.572187E+2	2.866065E+2
9.574609E+2	2.861857E+2
9.577031E+2	2.856721E+2
9.579452E+2	2.851967E+2
9.581874E+2	2.851639E+2
9.584296E+2	2.846502E+2
9.586717E+2	2.843060E+2
9.589138E+2	2.836830E+2
9.591560E+2	2.833278E+2
9.593981E+2	2.828743E+2
9.596402E+2	2.823497E+2
9.598823E+2	2.818032E+2
9.601244E+2	2.809344E+2
9.603664E+2	2.805027E+2
9.606085E+2	2.799180E+2
9.608506E+2	2.789562E+2
9.610926E+2	2.778251E+2
9.613347E+2	2.769945E+2
9.615767E+2	2.761693E+2
9.618187E+2	2.754098E+2
9.620607E+2	2.741748E+2
9.623027E+2	2.736611E+2
9.625447E+2	2.725737E+2
9.627867E+2	2.714098E+2
9.630287E+2	2.702185E+2
9.632706E+2	2.684371E+2
9.635126E+2	2.675191E+2
9.637545E+2	2.662841E+2
9.639965E+2	2.658579E+2
9.642384E+2	2.650163E+2
9.644803E+2	2.640601E+2
9.647222E+2	2.628251E+2
9.649641E+2	2.613333E+2
9.652060E+2	2.604316E+2
9.654479E+2	2.594754E+2
9.656897E+2	2.581857E+2
9.659316E+2	2.567650E+2
9.661734E+2	2.547213E+2
9.664153E+2	2.535737E+2
9.666571E+2	2.521912E+2
9.668989E+2	2.517158E+2
9.671408E+2	2.506775E+2
9.673826E+2	2.494644E+2
9.676243E+2	2.485245E+2
9.678661E+2	2.476010E+2
9.681079E+2	2.465027E+2
9.683497E+2	2.451475E+2
9.685914E+2	2.437704E+2
9.688332E+2	2.426065E+2
9.690749E+2	2.414262E+2
9.693166E+2	2.400327E+2
9.695583E+2	2.386939E+2
9.698001E+2	2.373825E+2
9.700417E+2	2.358305E+2
9.702834E+2	2.344262E+2
9.705251E+2	2.327595E+2
9.707668E+2	2.313333E+2
9.710084E+2	2.297650E+2
9.712501E+2	2.283114E+2
9.714917E+2	2.268524E+2
9.717334E+2	2.256721E+2
9.719750E+2	2.241256E+2
9.722166E+2	2.231420E+2
9.724582E+2	2.218524E+2
9.726998E+2	2.202786E+2
9.729414E+2	2.183333E+2
9.731830E+2	2.166010E+2
9.734245E+2	2.152185E+2
9.736661E+2	2.139617E+2
9.739076E+2	2.126393E+2
9.741492E+2	2.108524E+2
9.743907E+2	2.090764E+2
9.746322E+2	2.074152E+2
9.748737E+2	2.060218E+2
9.751152E+2	2.048633E+2
9.753567E+2	2.033989E+2
9.755982E+2	2.018579E+2
9.758396E+2	2.002622E+2
9.760811E+2	1.988907E+2
9.763226E+2	1.975464E+2
9.765640E+2	1.958797E+2
9.768054E+2	1.941639E+2
9.770468E+2	1.920491E+2
9.772883E+2	1.910273E+2
9.775297E+2	1.898196E+2
9.777711E+2	1.884972E+2
9.780124E+2	1.869726E+2
9.782538E+2	1.852732E+2
9.784952E+2	1.835901E+2
9.787365E+2	1.813223E+2
9.789779E+2	1.796994E+2
9.792192E+2	1.784152E+2
9.794605E+2	1.773169E+2
9.797019E+2	1.763715E+2
9.799432E+2	1.746721E+2
9.801845E+2	1.730109E+2
9.804257E+2	1.721420E+2
9.806670E+2	1.708797E+2
9.809083E+2	1.697103E+2
9.811496E+2	1.685682E+2
9.813908E+2	1.670874E+2
9.816320E+2	1.651639E+2
9.818733E+2	1.632950E+2
9.821145E+2	1.618469E+2
9.823557E+2	1.605956E+2
9.825969E+2	1.589180E+2
9.828381E+2	1.574207E+2
9.830793E+2	1.564699E+2
9.833205E+2	1.550218E+2
9.835616E+2	1.532732E+2
9.838028E+2	1.516502E+2
9.840439E+2	1.503989E+2
9.842851E+2	1.488688E+2
9.845262E+2	1.471639E+2
9.847673E+2	1.461584E+2
9.850084E+2	1.448907E+2
9.852495E+2	1.442513E+2
9.854906E+2	1.429890E+2
9.857317E+2	1.418087E+2
9.859727E+2	1.403114E+2
9.862138E+2	1.392622E+2
9.864549E+2	1.379890E+2
9.866959E+2	1.367595E+2
9.869369E+2	1.353005E+2
9.871779E+2	1.341420E+2
9.874190E+2	1.328907E+2
9.876600E+2	1.321857E+2
9.879010E+2	1.316229E+2
9.881419E+2	1.306065E+2
9.883829E+2	1.296666E+2
9.886239E+2	1.283825E+2
9.888648E+2	1.273606E+2
9.891058E+2	1.268196E+2
9.893467E+2	1.257814E+2
9.895876E+2	1.248743E+2
9.898285E+2	1.236721E+2
9.900695E+2	1.226229E+2
9.903104E+2	1.219836E+2
9.905512E+2	1.213333E+2
9.907921E+2	1.205464E+2
9.910330E+2	1.200546E+2
9.912738E+2	1.194480E+2
9.915147E+2	1.194207E+2
9.917555E+2	1.189945E+2
9.919964E+2	1.182568E+2
9.922372E+2	1.172076E+2
9.924780E+2	1.164262E+2
9.927188E+2	1.154098E+2
9.929596E+2	1.151857E+2
9.932004E+2	1.139890E+2
9.934411E+2	1.129180E+2
9.936819E+2	1.118469E+2
9.939227E+2	1.110109E+2
9.941634E+2	1.105409E+2
9.944041E+2	1.099125E+2
9.946449E+2	1.093715E+2
9.948856E+2	1.086448E+2
9.951263E+2	1.074863E+2
9.953670E+2	1.068032E+2
9.956077E+2	1.063169E+2
9.958483E+2	1.054043E+2
9.960890E+2	1.046448E+2
9.963297E+2	1.038196E+2
9.965703E+2	1.029672E+2
9.968109E+2	1.023989E+2
9.970516E+2	1.013934E+2
9.972922E+2	1.007978E+2
9.975328E+2	9.978683E+1
9.977734E+2	9.851907E+1
9.980140E+2	9.750814E+1
9.982546E+2	9.675951E+1
9.984951E+2	9.616934E+1
9.987357E+2	9.495623E+1
9.989763E+2	9.465022E+1
9.992168E+2	9.426770E+1
9.994573E+2	9.314202E+1
9.996978E+2	9.227863E+1
9.999384E+2	9.101087E+1
1.000179E+3	8.996716E+1
1.000419E+3	8.914748E+1
1.000660E+3	8.873765E+1
1.000900E+3	8.804366E+1
1.001141E+3	8.712016E+1
1.001381E+3	8.649175E+1
1.001622E+3	8.557918E+1
1.001862E+3	8.476497E+1
1.002103E+3	8.433328E+1
1.002343E+3	8.339885E+1
1.002583E+3	8.270486E+1
1.002824E+3	8.168847E+1
1.003064E+3	8.095076E+1
1.003305E+3	8.007645E+1
1.003545E+3	7.941524E+1
1.003785E+3	7.811470E+1
1.004026E+3	7.721852E+1
1.004266E+3	7.639885E+1
1.004506E+3	7.566661E+1
1.004747E+3	7.504366E+1
1.004987E+3	7.374311E+1
1.005227E+3	7.268300E+1
1.005468E+3	7.140978E+1
1.005708E+3	7.033328E+1
1.005948E+3	6.950814E+1
1.006188E+3	6.831688E+1
1.006429E+3	6.757371E+1
1.006669E+3	6.640978E+1
1.006909E+3	6.602180E+1
1.007149E+3	6.515295E+1
1.007390E+3	6.533874E+1
1.007630E+3	6.419667E+1
1.007870E+3	6.381415E+1
1.008110E+3	6.344803E+1
1.008350E+3	6.340432E+1
1.008590E+3	6.271033E+1
1.008831E+3	6.165022E+1
1.009071E+3	6.067754E+1
1.009311E+3	5.985787E+1
1.009551E+3	5.914202E+1
1.009791E+3	5.853000E+1
1.010031E+3	5.757918E+1
1.010271E+3	5.665568E+1
1.010511E+3	5.601087E+1
1.010752E+3	5.571033E+1
1.010992E+3	5.522945E+1
1.011232E+3	5.498901E+1
1.011472E+3	5.386333E+1
1.011712E+3	5.300541E+1
1.011952E+3	5.241524E+1
1.012192E+3	5.193437E+1
1.012432E+3	5.143164E+1
1.012672E+3	5.082508E+1
1.012912E+3	5.084694E+1
1.013152E+3	5.051361E+1
1.013392E+3	4.999448E+1
1.013632E+3	4.915841E+1
1.013872E+3	4.862289E+1
1.014112E+3	4.837153E+1
1.014352E+3	4.793983E+1
1.014591E+3	4.777044E+1
1.014831E+3	4.734967E+1
1.015071E+3	4.702727E+1
1.015311E+3	4.610923E+1
1.015551E+3	4.521306E+1
1.015791E+3	4.456825E+1
1.016031E+3	4.455186E+1
1.016271E+3	4.434967E+1
1.016511E+3	4.385240E+1
1.016750E+3	4.329503E+1
1.016990E+3	4.281415E+1
1.017230E+3	4.222945E+1
1.017470E+3	4.181415E+1
1.017710E+3	4.141524E+1
1.017949E+3	4.119120E+1
1.018189E+3	4.106005E+1
1.018429E+3	4.098355E+1
1.018669E+3	4.086333E+1
1.018908E+3	4.055186E+1
1.019148E+3	3.995076E+1
1.019388E+3	3.938792E+1
1.019628E+3	3.935514E+1
1.019867E+3	3.916388E+1
1.020107E+3	3.896716E+1
1.020347E+3	3.825677E+1
1.020586E+3	3.757371E+1
1.020826E+3	3.737699E+1
1.021066E+3	3.664475E+1
1.021305E+3	3.638246E+1
1.021545E+3	3.601087E+1
1.021785E+3	3.563382E+1
1.022024E+3	3.498901E+1
1.022264E+3	3.484147E+1
1.022504E+3	3.443710E+1
1.022743E+3	3.430595E+1
1.022983E+3	3.386880E+1
1.023222E+3	3.342617E+1
1.023462E+3	3.303820E+1
1.023702E+3	3.242071E+1
1.023941E+3	3.191798E+1
1.024181E+3	3.197809E+1
1.024420E+3	3.171033E+1
1.024660E+3	3.161197E+1
1.024899E+3	3.121306E+1
1.025139E+3	3.064475E+1
1.025378E+3	2.983601E+1
1.025618E+3	2.959011E+1
1.025857E+3	2.898355E+1
1.026097E+3	2.856825E+1
1.026336E+3	2.848628E+1
1.026575E+3	2.821852E+1
1.026815E+3	2.806005E+1
1.027054E+3	2.796716E+1
1.027294E+3	2.807098E+1
1.027533E+3	2.752453E+1
1.027773E+3	2.703820E+1
1.028012E+3	2.704912E+1
1.028251E+3	2.691251E+1
1.028491E+3	2.680322E+1
1.028730E+3	2.665022E+1
1.028969E+3	2.643710E+1
1.029209E+3	2.611470E+1
1.029448E+3	2.620213E+1
1.029687E+3	2.633328E+1
1.029927E+3	2.644257E+1
1.030166E+3	2.633328E+1
1.030405E+3	2.613109E+1
1.030645E+3	2.501087E+1
1.030884E+3	2.462289E+1
1.031123E+3	2.450814E+1
1.031362E+3	2.443710E+1
1.031602E+3	2.461197E+1
1.031841E+3	2.422399E+1
1.032080E+3	2.415841E+1
1.032319E+3	2.344803E+1
1.032558E+3	2.294530E+1
1.032798E+3	2.255732E+1
1.033037E+3	2.238246E+1
1.033276E+3	2.211470E+1
1.033515E+3	2.189612E+1
1.033754E+3	2.160650E+1
1.033993E+3	2.143710E+1
1.034233E+3	2.114202E+1
1.034472E+3	2.096716E+1
1.034711E+3	2.093437E+1
1.034950E+3	2.113109E+1
1.035189E+3	2.106005E+1
1.035428E+3	2.028956E+1
1.035667E+3	1.998901E+1
1.035906E+3	1.986333E+1
1.036145E+3	2.012563E+1
1.036384E+3	2.001087E+1
1.036623E+3	1.972672E+1
1.036862E+3	1.963929E+1
1.037101E+3	1.951907E+1
1.037340E+3	1.918027E+1
1.037579E+3	1.891251E+1
1.037818E+3	1.869940E+1
1.038057E+3	1.850814E+1
1.038296E+3	1.871579E+1
1.038535E+3	1.915295E+1
1.038774E+3	1.895623E+1
1.039013E+3	1.860104E+1
1.039252E+3	1.818027E+1
1.039491E+3	1.830049E+1
1.039730E+3	1.838792E+1
1.039969E+3	1.876497E+1
1.040208E+3	1.814748E+1
1.040447E+3	1.810923E+1
1.040685E+3	1.840432E+1
1.040924E+3	1.856279E+1
1.041163E+3	1.830049E+1
1.041402E+3	1.762289E+1
1.041641E+3	1.760650E+1
1.041880E+3	1.742071E+1
1.042118E+3	1.719667E+1
1.042357E+3	1.694530E+1
1.042596E+3	1.679776E+1
1.042835E+3	1.660650E+1
1.043074E+3	1.630049E+1
1.043312E+3	1.594530E+1
1.043551E+3	1.591251E+1
1.043790E+3	1.630595E+1
1.044029E+3	1.644803E+1
1.044267E+3	1.587973E+1
1.044506E+3	1.578136E+1
1.044745E+3	1.587426E+1
1.044983E+3	1.620759E+1
1.045222E+3	1.678683E+1
1.045461E+3	1.696169E+1
1.045699E+3	1.674311E+1
1.045938E+3	1.654093E+1
1.046177E+3	1.578683E+1
1.046415E+3	1.565568E+1
1.046654E+3	1.537153E+1
1.046893E+3	1.562289E+1
1.047131E+3	1.580322E+1
1.047370E+3	1.609830E+1
1.047608E+3	1.589612E+1
1.047847E+3	1.586880E+1
1.048086E+3	1.563929E+1
1.048324E+3	1.609284E+1
1.048563E+3	1.613656E+1
1.048801E+3	1.608191E+1
1.049040E+3	1.583601E+1
1.049278E+3	1.574311E+1
1.049517E+3	1.554093E+1
1.049755E+3	1.593437E+1
1.049994E+3	1.628410E+1
1.050232E+3	1.651907E+1
1.050471E+3	1.626770E+1
1.050709E+3	1.557371E+1
1.050948E+3	1.553546E+1
1.051186E+3	1.575404E+1
1.051424E+3	1.548628E+1
1.051663E+3	1.511470E+1
1.051901E+3	1.489612E+1
1.052140E+3	1.475404E+1
1.052378E+3	1.506005E+1
1.052616E+3	1.494530E+1
1.052855E+3	1.509284E+1
1.053093E+3	1.488519E+1
1.053332E+3	1.469393E+1
1.053570E+3	1.504912E+1
1.053808E+3	1.533328E+1
1.054047E+3	1.526770E+1
1.054285E+3	1.544257E+1
1.054523E+3	1.525131E+1
1.054761E+3	1.559557E+1
1.055000E+3	1.559011E+1
1.055238E+3	1.528956E+1
1.055476E+3	1.475404E+1
1.055715E+3	1.468300E+1
1.055953E+3	1.473765E+1
1.056191E+3	1.430595E+1
1.056429E+3	1.465022E+1
1.056667E+3	1.462836E+1
1.056906E+3	1.483601E+1
1.057144E+3	1.473218E+1
1.057382E+3	1.444257E+1
1.057620E+3	1.462289E+1
1.057858E+3	1.469940E+1
1.058097E+3	1.470486E+1
1.058335E+3	1.421306E+1
1.058573E+3	1.388519E+1
1.058811E+3	1.434421E+1
1.059049E+3	1.474858E+1
1.059287E+3	1.455732E+1
1.059525E+3	1.421852E+1
1.059763E+3	1.359011E+1
1.060001E+3	1.325131E+1
1.060239E+3	1.329503E+1
1.060478E+3	1.301087E+1
1.060716E+3	1.326770E+1
1.060954E+3	1.340978E+1
1.061192E+3	1.360104E+1
1.061430E+3	1.339339E+1
1.061668E+3	1.315295E+1
1.061906E+3	1.281415E+1
1.062144E+3	1.248082E+1
1.062382E+3	1.239885E+1
1.062620E+3	1.260104E+1
1.062858E+3	1.206005E+1
1.063096E+3	1.179229E+1
1.063333E+3	1.169393E+1
1.063571E+3	1.149175E+1
1.063809E+3	1.132781E+1
1.064047E+3	1.119120E+1
1.064285E+3	1.098901E+1
1.064523E+3	1.089065E+1
1.064761E+3	1.080322E+1
1.064999E+3	1.110923E+1
1.065237E+3	1.107098E+1
1.065474E+3	1.138246E+1
1.065712E+3	1.093437E+1
1.065950E+3	1.091798E+1
1.066188E+3	1.129503E+1
1.066426E+3	1.159557E+1
1.066664E+3	1.157918E+1
1.066901E+3	1.133328E+1
1.067139E+3	1.153000E+1
1.067377E+3	1.134967E+1
1.067615E+3	1.127317E+1
1.067852E+3	1.101634E+1
1.068090E+3	1.060650E+1
1.068328E+3	1.036060E+1
1.068566E+3	1.014748E+1
1.068803E+3	9.841474E+0
1.069041E+3	9.710326E+0
1.069279E+3	9.617430E+0
1.069516E+3	9.502676E+0
1.069754E+3	9.458960E+0
1.069992E+3	9.349671E+0
1.070229E+3	9.322348E+0
1.070467E+3	9.606501E+0
1.070705E+3	9.792294E+0
1.070942E+3	9.442567E+0
1.071180E+3	9.218523E+0
1.071418E+3	8.797758E+0
1.071655E+3	8.923441E+0
1.071893E+3	8.994479E+0
1.072130E+3	8.683004E+0
1.072368E+3	8.699398E+0
1.072605E+3	8.469889E+0
1.072843E+3	8.393387E+0
1.073081E+3	8.376993E+0
1.073318E+3	8.223988E+0
1.073556E+3	7.754042E+0
1.073793E+3	7.606501E+0
1.074031E+3	7.721255E+0
1.074268E+3	7.770436E+0
1.074506E+3	8.202130E+0
1.074743E+3	8.262239E+0
1.074981E+3	8.240381E+0
1.075218E+3	8.666611E+0
1.075455E+3	8.754042E+0
1.075693E+3	8.486283E+0
1.075930E+3	8.420709E+0
1.076168E+3	8.437102E+0
1.076405E+3	8.688469E+0
1.076642E+3	8.934370E+0
1.076880E+3	9.349671E+0
1.077117E+3	9.180272E+0
1.077355E+3	9.371529E+0
1.077592E+3	9.759507E+0
1.077829E+3	9.803223E+0
1.078067E+3	1.034421E+1
1.078304E+3	1.046442E+1
1.078541E+3	1.095623E+1
1.078779E+3	1.086880E+1
1.079016E+3	1.113656E+1
1.079253E+3	1.117481E+1
1.079490E+3	1.065568E+1
1.079728E+3	1.084147E+1
1.079965E+3	1.028956E+1
1.080202E+3	1.027863E+1
1.080439E+3	9.939835E+0
1.080677E+3	9.934370E+0
1.080914E+3	9.819616E+0
1.081151E+3	9.923441E+0
1.081388E+3	1.022399E+1
1.081625E+3	1.054639E+1
1.081863E+3	1.018574E+1
1.082100E+3	1.010923E+1
1.082337E+3	9.792294E+0
1.082574E+3	1.002727E+1
1.082811E+3	1.038246E+1
1.083048E+3	1.043164E+1
1.083285E+3	9.967157E+0
1.083522E+3	9.808687E+0
1.083760E+3	1.012016E+1
1.083997E+3	1.030049E+1
1.084234E+3	1.048628E+1
1.084471E+3	1.077044E+1
1.084708E+3	1.078136E+1
1.084945E+3	1.063929E+1
1.085182E+3	1.051361E+1
1.085419E+3	1.060650E+1
1.085656E+3	1.088519E+1
1.085893E+3	1.104912E+1
1.086130E+3	1.099994E+1
1.086367E+3	1.110923E+1
1.086604E+3	1.122399E+1
1.086841E+3	1.131688E+1
1.087078E+3	1.119120E+1
1.087315E+3	1.131142E+1
1.087552E+3	1.119667E+1
1.087789E+3	1.127863E+1
1.088026E+3	1.099448E+1
1.088262E+3	1.086333E+1
1.088499E+3	1.095076E+1
1.088736E+3	1.106552E+1
1.088973E+3	1.057918E+1
1.089210E+3	1.057371E+1
1.089447E+3	1.075951E+1
1.089684E+3	1.023492E+1
1.089921E+3	9.999944E+0
1.090157E+3	1.017481E+1
1.090394E+3	1.009284E+1
1.090631E+3	1.028956E+1
1.090868E+3	9.852403E+0
1.091105E+3	9.737649E+0
1.091341E+3	9.453496E+0
1.091578E+3	9.437102E+0
1.091815E+3	9.196665E+0
1.092052E+3	9.196665E+0
1.092288E+3	9.109234E+0
1.092525E+3	8.797758E+0
1.092762E+3	8.502676E+0
1.092999E+3	8.142020E+0
1.093235E+3	8.305955E+0
1.093472E+3	7.863332E+0
1.093709E+3	7.639288E+0
1.093945E+3	7.939835E+0
1.094182E+3	7.803223E+0
1.094419E+3	7.863332E+0
1.094655E+3	7.732184E+0
1.094892E+3	8.131091E+0
1.095128E+3	8.043660E+0
1.095365E+3	8.010873E+0
1.095602E+3	7.896119E+0
1.095838E+3	7.688469E+0
1.096075E+3	7.333277E+0
1.096311E+3	7.715791E+0
1.096548E+3	7.393387E+0
1.096784E+3	7.672075E+0
1.097021E+3	7.557321E+0
1.097258E+3	7.191201E+0
1.097494E+3	7.070982E+0
1.097731E+3	7.650217E+0
1.097967E+3	7.672075E+0
1.098204E+3	7.240381E+0
1.098440E+3	6.956228E+0
1.098677E+3	7.005408E+0
1.098913E+3	7.114698E+0
1.099149E+3	7.169343E+0
1.099386E+3	7.087376E+0
1.099622E+3	7.431638E+0
1.099859E+3	7.152949E+0
1.100095E+3	6.764971E+0
1.100332E+3	6.923441E+0
1.100568E+3	6.852403E+0
1.100804E+3	6.836010E+0
1.101041E+3	6.606501E+0
1.101277E+3	6.355135E+0
1.101513E+3	6.590108E+0
1.101750E+3	6.885190E+0
1.101986E+3	7.338742E+0
1.102222E+3	7.371529E+0
1.102459E+3	7.814152E+0
1.102695E+3	8.180272E+0
1.102931E+3	7.907048E+0
1.103168E+3	7.852403E+0
1.103404E+3	8.185736E+0
1.103640E+3	8.169343E+0
1.103876E+3	8.393387E+0
1.104113E+3	8.775900E+0
1.104349E+3	8.890654E+0
1.104585E+3	8.934370E+0
1.104821E+3	8.814152E+0
1.105057E+3	8.661146E+0
1.105294E+3	8.655682E+0
1.105530E+3	8.759507E+0
1.105766E+3	8.885190E+0
1.106002E+3	9.016337E+0
1.106238E+3	9.174807E+0
1.106474E+3	9.202130E+0
1.106711E+3	9.349671E+0
1.106947E+3	9.289561E+0
1.107183E+3	9.169343E+0
1.107419E+3	9.103769E+0
1.107655E+3	8.710326E+0
1.107891E+3	8.830545E+0
1.108127E+3	9.452991E-1
1.108363E+3	-2.388034E+0
1.108599E+3	1.394530E+1
1.108835E+3	3.294530E+1
1.109071E+3	3.127863E+1
1.109307E+3	2.694530E+1
1.109543E+3	2.027863E+1
1.109779E+3	2.161197E+1
1.110015E+3	5.945299E+0
1.110251E+3	-1.388034E+0
1.110487E+3	2.061197E+1
1.110723E+3	1.027863E+1
1.110959E+3	2.294530E+1
1.111195E+3	2.594530E+1
1.111431E+3	9.945299E+0
1.111667E+3	1.027863E+1
1.111903E+3	-1.172137E+1
1.112139E+3	1.278632E+0
1.112375E+3	-1.388034E+0
1.112611E+3	6.278632E+0
1.112847E+3	2.461197E+1
1.113082E+3	1.294530E+1
1.113318E+3	7.278632E+0
1.113554E+3	1.861197E+1
1.113790E+3	8.611966E+0
1.114026E+3	9.452991E-1
1.114262E+3	-8.388034E+0
1.114497E+3	5.611966E+0
1.114733E+3	-5.470085E-2
1.114969E+3	2.945299E+0
