1.951292E+2	0.000000E+0
1.953960E+2	0.000000E+0
1.956629E+2	0.000000E+0
1.959298E+2	0.000000E+0
1.961966E+2	0.000000E+0
1.964635E+2	0.000000E+0
1.967303E+2	0.000000E+0
1.969972E+2	0.000000E+0
1.972640E+2	0.000000E+0
1.975308E+2	0.000000E+0
1.977977E+2	0.000000E+0
1.980645E+2	0.000000E+0
1.983313E+2	0.000000E+0
1.985981E+2	0.000000E+0
1.988649E+2	0.000000E+0
1.991316E+2	0.000000E+0
1.993984E+2	0.000000E+0
1.996652E+2	0.000000E+0
1.999320E+2	0.000000E+0
2.001987E+2	0.000000E+0
2.004655E+2	0.000000E+0
2.007322E+2	0.000000E+0
2.009989E+2	0.000000E+0
2.012657E+2	0.000000E+0
2.015324E+2	0.000000E+0
2.017991E+2	0.000000E+0
2.020658E+2	0.000000E+0
2.023325E+2	0.000000E+0
2.025992E+2	0.000000E+0
2.028659E+2	0.000000E+0
2.031326E+2	0.000000E+0
2.033992E+2	0.000000E+0
2.036659E+2	0.000000E+0
2.039325E+2	0.000000E+0
2.041992E+2	0.000000E+0
2.044658E+2	0.000000E+0
2.047325E+2	0.000000E+0
2.049991E+2	0.000000E+0
2.052657E+2	0.000000E+0
2.055323E+2	0.000000E+0
2.057989E+2	0.000000E+0
2.060655E+2	0.000000E+0
2.063321E+2	0.000000E+0
2.065987E+2	0.000000E+0
2.068653E+2	0.000000E+0
2.071319E+2	0.000000E+0
2.073984E+2	0.000000E+0
2.076650E+2	0.000000E+0
2.079315E+2	0.000000E+0
2.081981E+2	0.000000E+0
2.084646E+2	0.000000E+0
2.087311E+2	0.000000E+0
2.089977E+2	0.000000E+0
2.092642E+2	0.000000E+0
2.095307E+2	0.000000E+0
2.097972E+2	0.000000E+0
2.100637E+2	0.000000E+0
2.103302E+2	0.000000E+0
2.105966E+2	0.000000E+0
2.108631E+2	0.000000E+0
2.111296E+2	0.000000E+0
2.113960E+2	0.000000E+0
2.116625E+2	0.000000E+0
2.119289E+2	0.000000E+0
2.121954E+2	0.000000E+0
2.124618E+2	0.000000E+0
2.127282E+2	0.000000E+0
2.129946E+2	0.000000E+0
2.132610E+2	0.000000E+0
2.135274E+2	0.000000E+0
2.137938E+2	0.000000E+0
2.140602E+2	0.000000E+0
2.143266E+2	0.000000E+0
2.145930E+2	0.000000E+0
2.148593E+2	0.000000E+0
2.151257E+2	0.000000E+0
2.153920E+2	0.000000E+0
2.156584E+2	0.000000E+0
2.159247E+2	0.000000E+0
2.161910E+2	0.000000E+0
2.164574E+2	0.000000E+0
2.167237E+2	0.000000E+0
2.169900E+2	0.000000E+0
2.172563E+2	0.000000E+0
2.175226E+2	0.000000E+0
2.177889E+2	0.000000E+0
2.180551E+2	0.000000E+0
2.183214E+2	0.000000E+0
2.185877E+2	0.000000E+0
2.188539E+2	0.000000E+0
2.191202E+2	0.000000E+0
2.193864E+2	0.000000E+0
2.196527E+2	0.000000E+0
2.199189E+2	0.000000E+0
2.201851E+2	0.000000E+0
2.204513E+2	0.000000E+0
2.207175E+2	0.000000E+0
2.209837E+2	0.000000E+0
2.212499E+2	0.000000E+0
2.215161E+2	0.000000E+0
2.217823E+2	0.000000E+0
2.220485E+2	0.000000E+0
2.223146E+2	0.000000E+0
2.225808E+2	0.000000E+0
2.228469E+2	0.000000E+0
2.231131E+2	0.000000E+0
2.233792E+2	0.000000E+0
2.236453E+2	0.000000E+0
2.239115E+2	0.000000E+0
2.241776E+2	0.000000E+0
2.244437E+2	0.000000E+0
2.247098E+2	0.000000E+0
2.249759E+2	0.000000E+0
2.252420E+2	0.000000E+0
2.255080E+2	0.000000E+0
2.257741E+2	0.000000E+0
2.260402E+2	0.000000E+0
2.263062E+2	0.000000E+0
2.265723E+2	0.000000E+0
2.268383E+2	0.000000E+0
2.271044E+2	0.000000E+0
2.273704E+2	0.000000E+0
2.276364E+2	0.000000E+0
2.279024E+2	0.000000E+0
2.281684E+2	0.000000E+0
2.284344E+2	0.000000E+0
2.287004E+2	0.000000E+0
2.289664E+2	0.000000E+0
2.292324E+2	0.000000E+0
2.294984E+2	0.000000E+0
2.297643E+2	0.000000E+0
2.300303E+2	0.000000E+0
2.302962E+2	0.000000E+0
2.305622E+2	0.000000E+0
2.308281E+2	0.000000E+0
2.310940E+2	0.000000E+0
2.313599E+2	0.000000E+0
2.316259E+2	0.000000E+0
2.318918E+2	0.000000E+0
2.321577E+2	0.000000E+0
2.324236E+2	0.000000E+0
2.326894E+2	0.000000E+0
2.329553E+2	0.000000E+0
2.332212E+2	0.000000E+0
2.334871E+2	0.000000E+0
2.337529E+2	0.000000E+0
2.340188E+2	0.000000E+0
2.342846E+2	0.000000E+0
2.345504E+2	0.000000E+0
2.348163E+2	0.000000E+0
2.350821E+2	0.000000E+0
2.353479E+2	0.000000E+0
2.356137E+2	0.000000E+0
2.358795E+2	0.000000E+0
2.361453E+2	0.000000E+0
2.364111E+2	0.000000E+0
2.366769E+2	0.000000E+0
2.369426E+2	0.000000E+0
2.372084E+2	0.000000E+0
2.374741E+2	0.000000E+0
2.377399E+2	0.000000E+0
2.380056E+2	0.000000E+0
2.382714E+2	0.000000E+0
2.385371E+2	0.000000E+0
2.388028E+2	0.000000E+0
2.390685E+2	0.000000E+0
2.393342E+2	0.000000E+0
2.395999E+2	0.000000E+0
2.398656E+2	0.000000E+0
2.401313E+2	0.000000E+0
2.403970E+2	0.000000E+0
2.406626E+2	0.000000E+0
2.409283E+2	0.000000E+0
2.411940E+2	0.000000E+0
2.414596E+2	0.000000E+0
2.417252E+2	0.000000E+0
2.419909E+2	0.000000E+0
2.422565E+2	0.000000E+0
2.425221E+2	0.000000E+0
2.427877E+2	0.000000E+0
2.430533E+2	0.000000E+0
2.433189E+2	0.000000E+0
2.435845E+2	0.000000E+0
2.438501E+2	0.000000E+0
2.441157E+2	0.000000E+0
2.443812E+2	0.000000E+0
2.446468E+2	0.000000E+0
2.449124E+2	0.000000E+0
2.451779E+2	0.000000E+0
2.454434E+2	0.000000E+0
2.457090E+2	0.000000E+0
2.459745E+2	0.000000E+0
2.462400E+2	0.000000E+0
2.465055E+2	0.000000E+0
2.467710E+2	0.000000E+0
2.470365E+2	0.000000E+0
2.473020E+2	0.000000E+0
2.475675E+2	0.000000E+0
2.478330E+2	0.000000E+0
2.480984E+2	0.000000E+0
2.483639E+2	0.000000E+0
2.486294E+2	0.000000E+0
2.488948E+2	0.000000E+0
2.491602E+2	0.000000E+0
2.494257E+2	0.000000E+0
2.496911E+2	0.000000E+0
2.499565E+2	0.000000E+0
2.502219E+2	7.207678E+0
2.504873E+2	7.049208E+0
2.507527E+2	6.956312E+0
2.510181E+2	7.038279E+0
2.512835E+2	7.316968E+0
2.515489E+2	7.256859E+0
2.518142E+2	7.218607E+0
2.520796E+2	7.207678E+0
2.523449E+2	7.590192E+0
2.526103E+2	7.584727E+0
2.528756E+2	7.333361E+0
2.531409E+2	7.267788E+0
2.534063E+2	7.289646E+0
2.536716E+2	7.759591E+0
2.539369E+2	7.786913E+0
2.542022E+2	8.169427E+0
2.544675E+2	8.076531E+0
2.547328E+2	8.508225E+0
2.549980E+2	8.513689E+0
2.552633E+2	8.218607E+0
2.555286E+2	8.185820E+0
2.557938E+2	8.338826E+0
2.560591E+2	8.661230E+0
2.563243E+2	9.000028E+0
2.565896E+2	9.196749E+0
2.568548E+2	9.185820E+0
2.571200E+2	9.377077E+0
2.573852E+2	9.672159E+0
2.576504E+2	9.721339E+0
2.579156E+2	9.737733E+0
2.581808E+2	9.852487E+0
2.584460E+2	9.847023E+0
2.587112E+2	9.934454E+0
2.589763E+2	9.901667E+0
2.592415E+2	9.699482E+0
2.595067E+2	9.633908E+0
2.597718E+2	9.551941E+0
2.600369E+2	9.683088E+0
2.603021E+2	9.765055E+0
2.605672E+2	1.004921E+1
2.608323E+2	1.011478E+1
2.610974E+2	9.901667E+0
2.613625E+2	9.737733E+0
2.616276E+2	9.622979E+0
2.618927E+2	9.584727E+0
2.621578E+2	9.360684E+0
2.624229E+2	9.431722E+0
2.626880E+2	9.819700E+0
2.629530E+2	9.896203E+0
2.632181E+2	1.014757E+1
2.634831E+2	9.994564E+0
2.637482E+2	1.009839E+1
2.640132E+2	1.008746E+1
2.642782E+2	1.017489E+1
2.645432E+2	1.010932E+1
2.648082E+2	1.005467E+1
2.650732E+2	1.003281E+1
2.653382E+2	9.754126E+0
2.656032E+2	9.732268E+0
2.658682E+2	9.797842E+0
2.661332E+2	9.579263E+0
2.663981E+2	9.737733E+0
2.666631E+2	9.595656E+0
2.669281E+2	9.726804E+0
2.671930E+2	9.754126E+0
2.674579E+2	9.333361E+0
2.677229E+2	9.546476E+0
2.679878E+2	9.546476E+0
2.682527E+2	9.327897E+0
2.685176E+2	8.967241E+0
2.687825E+2	8.879809E+0
2.690474E+2	9.032815E+0
2.693123E+2	8.765055E+0
2.695772E+2	8.759591E+0
2.698420E+2	8.480902E+0
2.701069E+2	8.469973E+0
2.703718E+2	8.469973E+0
2.706366E+2	8.606585E+0
2.709014E+2	8.300574E+0
2.711663E+2	8.486367E+0
2.714311E+2	8.584727E+0
2.716959E+2	8.333361E+0
2.719607E+2	8.180356E+0
2.722255E+2	8.032815E+0
2.724903E+2	7.868880E+0
2.727551E+2	7.715875E+0
2.730199E+2	7.530083E+0
2.732847E+2	7.715875E+0
2.735495E+2	7.497296E+0
2.738142E+2	7.524618E+0
2.740790E+2	7.814236E+0
2.743437E+2	7.726804E+0
2.746085E+2	7.737733E+0
2.748732E+2	7.721339E+0
2.751379E+2	7.885274E+0
2.754026E+2	8.147569E+0
2.756674E+2	8.131176E+0
2.759321E+2	7.967241E+0
2.761968E+2	7.579263E+0
2.764614E+2	7.546476E+0
2.767261E+2	7.459044E+0
2.769908E+2	7.469973E+0
2.772555E+2	7.666695E+0
2.775201E+2	7.590192E+0
2.777848E+2	7.530083E+0
2.780494E+2	7.595656E+0
2.783141E+2	7.748662E+0
2.785787E+2	7.786913E+0
2.788433E+2	7.388006E+0
2.791079E+2	7.076531E+0
2.793725E+2	6.595656E+0
2.796371E+2	6.535547E+0
2.799017E+2	6.322432E+0
2.801663E+2	6.360684E+0
2.804309E+2	6.196749E+0
2.806955E+2	6.027350E+0
2.809600E+2	5.879809E+0
2.812246E+2	6.038279E+0
2.814891E+2	6.218607E+0
2.817537E+2	6.289646E+0
2.820182E+2	6.125711E+0
2.822827E+2	6.202214E+0
2.825473E+2	6.103853E+0
2.828118E+2	6.021886E+0
2.830763E+2	5.825165E+0
2.833408E+2	5.584727E+0
2.836053E+2	5.699482E+0
2.838697E+2	5.579263E+0
2.841342E+2	5.278717E+0
2.843987E+2	5.202214E+0
2.846632E+2	5.415329E+0
2.849276E+2	5.601121E+0
2.851921E+2	5.459044E+0
2.854565E+2	5.584727E+0
2.857209E+2	5.469973E+0
2.859853E+2	5.464509E+0
2.862498E+2	5.229536E+0
2.865142E+2	4.934454E+0
2.867786E+2	5.071066E+0
2.870430E+2	5.005493E+0
2.873074E+2	4.830629E+0
2.875717E+2	4.743197E+0
2.878361E+2	4.579263E+0
2.881005E+2	4.426258E+0
2.883648E+2	4.316968E+0
2.886292E+2	4.322432E+0
2.888935E+2	4.486367E+0
2.891579E+2	4.628443E+0
2.894222E+2	4.633908E+0
2.896865E+2	4.710411E+0
2.899508E+2	4.775984E+0
2.902151E+2	4.453580E+0
2.904794E+2	4.169427E+0
2.907437E+2	4.103853E+0
2.910080E+2	3.967241E+0
2.912723E+2	3.939919E+0
2.915366E+2	3.803307E+0
2.918008E+2	3.863416E+0
2.920651E+2	4.054673E+0
2.923293E+2	4.327897E+0
2.925936E+2	4.267788E+0
2.928578E+2	4.081995E+0
2.931220E+2	3.918061E+0
2.933863E+2	3.622979E+0
2.936505E+2	3.857952E+0
2.939147E+2	4.076531E+0
2.941789E+2	3.983635E+0
2.944431E+2	3.819700E+0
2.947072E+2	4.000028E+0
2.949714E+2	4.125711E+0
2.952356E+2	4.087460E+0
2.954997E+2	4.426258E+0
2.957639E+2	4.508225E+0
2.960280E+2	4.726804E+0
2.962922E+2	4.655766E+0
2.965563E+2	4.715875E+0
2.968204E+2	4.683088E+0
2.970845E+2	4.612050E+0
2.973486E+2	4.388006E+0
2.976127E+2	4.311503E+0
2.978768E+2	4.251394E+0
2.981409E+2	4.431722E+0
2.984050E+2	4.218607E+0
2.986691E+2	4.327897E+0
2.989331E+2	4.442651E+0
2.991972E+2	4.491831E+0
2.994612E+2	4.480902E+0
2.997253E+2	4.480902E+0
2.999893E+2	4.464509E+0
3.002534E+2	4.579263E+0
3.005174E+2	4.617514E+0
3.007814E+2	4.464509E+0
3.010454E+2	4.491831E+0
3.013094E+2	4.677624E+0
3.015734E+2	4.765055E+0
3.018374E+2	4.972706E+0
3.021013E+2	4.863416E+0
3.023653E+2	4.956312E+0
3.026293E+2	5.087460E+0
3.028932E+2	5.131176E+0
3.031572E+2	5.409864E+0
3.034211E+2	5.491831E+0
3.036850E+2	5.672159E+0
3.039489E+2	5.830629E+0
3.042129E+2	5.688553E+0
3.044768E+2	5.590192E+0
3.047407E+2	5.213143E+0
3.050046E+2	5.202214E+0
3.052685E+2	5.267788E+0
3.055323E+2	5.076531E+0
3.057962E+2	5.098389E+0
3.060601E+2	5.300574E+0
3.063239E+2	5.256859E+0
3.065878E+2	5.448115E+0
3.068516E+2	5.535547E+0
3.071155E+2	5.568334E+0
3.073793E+2	5.541012E+0
3.076431E+2	5.546476E+0
3.079069E+2	5.530083E+0
3.081707E+2	5.737733E+0
3.084345E+2	5.595656E+0
3.086983E+2	5.622979E+0
3.089621E+2	5.852487E+0
3.092259E+2	6.043744E+0
3.094896E+2	6.256859E+0
3.097534E+2	6.103853E+0
3.100171E+2	5.907132E+0
3.102809E+2	5.759591E+0
3.105446E+2	5.775984E+0
3.108084E+2	5.748662E+0
3.110721E+2	5.694017E+0
3.113358E+2	5.863416E+0
3.115995E+2	5.765055E+0
3.118632E+2	5.508225E+0
3.121269E+2	5.240465E+0
3.123906E+2	5.333361E+0
3.126543E+2	5.415329E+0
3.129179E+2	5.398935E+0
3.131816E+2	5.497296E+0
3.134453E+2	5.535547E+0
3.137089E+2	5.360684E+0
3.139725E+2	5.475438E+0
3.142362E+2	5.355219E+0
3.144998E+2	5.404400E+0
3.147634E+2	5.349755E+0
3.150270E+2	5.535547E+0
3.152906E+2	5.622979E+0
3.155542E+2	5.972706E+0
3.158178E+2	5.983635E+0
3.160814E+2	5.874345E+0
3.163450E+2	5.961777E+0
3.166086E+2	6.147569E+0
3.168721E+2	6.169427E+0
3.171357E+2	5.967241E+0
3.173992E+2	5.918061E+0
3.176627E+2	5.781449E+0
3.179263E+2	5.775984E+0
3.181898E+2	5.579263E+0
3.184533E+2	5.715875E+0
3.187168E+2	5.814236E+0
3.189803E+2	5.453580E+0
3.192438E+2	5.267788E+0
3.195073E+2	5.185820E+0
3.197708E+2	5.344290E+0
3.200342E+2	5.442651E+0
3.202977E+2	5.852487E+0
3.205612E+2	6.081995E+0
3.208246E+2	6.524618E+0
3.210881E+2	6.546476E+0
3.213515E+2	6.704946E+0
3.216149E+2	6.683088E+0
3.218783E+2	6.579263E+0
3.221417E+2	6.546476E+0
3.224051E+2	6.661230E+0
3.226685E+2	6.612050E+0
3.229319E+2	6.551941E+0
3.231953E+2	6.491831E+0
3.234587E+2	6.448115E+0
3.237221E+2	6.240465E+0
3.239854E+2	6.404400E+0
3.242488E+2	6.338826E+0
3.245121E+2	6.327897E+0
3.247754E+2	6.136640E+0
3.250388E+2	6.016421E+0
3.253021E+2	5.923525E+0
3.255654E+2	6.098389E+0
3.258287E+2	6.333361E+0
3.260920E+2	6.579263E+0
3.263553E+2	6.710411E+0
3.266186E+2	6.573799E+0
3.268819E+2	6.612050E+0
3.271451E+2	6.759591E+0
3.274084E+2	6.715875E+0
3.276717E+2	6.956312E+0
3.279349E+2	7.158498E+0
3.281981E+2	7.229536E+0
3.284614E+2	7.344290E+0
3.287246E+2	7.426258E+0
3.289878E+2	7.562870E+0
3.292510E+2	7.535547E+0
3.295142E+2	7.841558E+0
3.297774E+2	8.109318E+0
3.300406E+2	8.010957E+0
3.303038E+2	8.125711E+0
3.305670E+2	8.322432E+0
3.308301E+2	8.322432E+0
3.310933E+2	8.174891E+0
3.313564E+2	8.000028E+0
3.316196E+2	7.650301E+0
3.318827E+2	7.639372E+0
3.321458E+2	7.606585E+0
3.324089E+2	7.672159E+0
3.326721E+2	7.874345E+0
3.329352E+2	8.060137E+0
3.331983E+2	8.043744E+0
3.334614E+2	8.316968E+0
3.337244E+2	8.344290E+0
3.339875E+2	8.366148E+0
3.342506E+2	8.595656E+0
3.345136E+2	8.721339E+0
3.347767E+2	8.748662E+0
3.350397E+2	8.852487E+0
3.353028E+2	8.923525E+0
3.355658E+2	9.005493E+0
3.358288E+2	8.836094E+0
3.360918E+2	8.819700E+0
3.363548E+2	8.721339E+0
3.366178E+2	8.551941E+0
3.368808E+2	8.327897E+0
3.371438E+2	8.049208E+0
3.374068E+2	7.912596E+0
3.376698E+2	8.010957E+0
3.379327E+2	8.103853E+0
3.381957E+2	7.912596E+0
3.384586E+2	7.819700E+0
3.387216E+2	7.852487E+0
3.389845E+2	7.688553E+0
3.392474E+2	7.622979E+0
3.395103E+2	7.551941E+0
3.397733E+2	7.775984E+0
3.400362E+2	7.546476E+0
3.402990E+2	7.404400E+0
3.405619E+2	7.469973E+0
3.408248E+2	7.431722E+0
3.410877E+2	7.371613E+0
3.413506E+2	7.448115E+0
3.416134E+2	7.295110E+0
3.418763E+2	7.147569E+0
3.421391E+2	7.005493E+0
3.424019E+2	6.912596E+0
3.426648E+2	6.950848E+0
3.429276E+2	6.928990E+0
3.431904E+2	7.000028E+0
3.434532E+2	6.896203E+0
3.437160E+2	6.677624E+0
3.439788E+2	6.803307E+0
3.442416E+2	6.748662E+0
3.445043E+2	6.633908E+0
3.447671E+2	6.366148E+0
3.450299E+2	6.338826E+0
3.452926E+2	6.355219E+0
3.455554E+2	6.021886E+0
3.458181E+2	5.901667E+0
3.460808E+2	5.945383E+0
3.463436E+2	6.295110E+0
3.466063E+2	6.240465E+0
3.468690E+2	5.803307E+0
3.471317E+2	5.770520E+0
3.473944E+2	5.754126E+0
3.476570E+2	5.836094E+0
3.479197E+2	5.945383E+0
3.481824E+2	5.808771E+0
3.484451E+2	5.781449E+0
3.487077E+2	5.710411E+0
3.489704E+2	5.273252E+0
3.492330E+2	5.420793E+0
3.494956E+2	5.180356E+0
3.497582E+2	5.333361E+0
3.500209E+2	5.174891E+0
3.502835E+2	5.180356E+0
3.505461E+2	4.934454E+0
3.508087E+2	4.874345E+0
3.510713E+2	5.010957E+0
3.513338E+2	5.021886E+0
3.515964E+2	4.918061E+0
3.518590E+2	4.972706E+0
3.521215E+2	5.081995E+0
3.523841E+2	4.841558E+0
3.526466E+2	4.819700E+0
3.529091E+2	4.983635E+0
3.531717E+2	5.224072E+0
3.534342E+2	5.469973E+0
3.536967E+2	5.546476E+0
3.539592E+2	5.371613E+0
3.542217E+2	5.300574E+0
3.544842E+2	5.551941E+0
3.547467E+2	5.491831E+0
3.550091E+2	5.874345E+0
3.552716E+2	5.934454E+0
3.555341E+2	6.191285E+0
3.557965E+2	6.120247E+0
3.560590E+2	6.311503E+0
3.563214E+2	6.486367E+0
3.565838E+2	6.431722E+0
3.568462E+2	6.672159E+0
3.571086E+2	6.765055E+0
3.573711E+2	7.076531E+0
3.576335E+2	7.278717E+0
3.578958E+2	7.185820E+0
3.581582E+2	7.076531E+0
3.584206E+2	7.049208E+0
3.586830E+2	7.333361E+0
3.589453E+2	7.300574E+0
3.592077E+2	7.016421E+0
3.594700E+2	7.169427E+0
3.597324E+2	7.240465E+0
3.599947E+2	7.120247E+0
3.602570E+2	7.382542E+0
3.605193E+2	7.240465E+0
3.607816E+2	7.535547E+0
3.610439E+2	7.792378E+0
3.613062E+2	7.825165E+0
3.615685E+2	7.912596E+0
3.618308E+2	7.967241E+0
3.620930E+2	7.857952E+0
3.623553E+2	7.480902E+0
3.626176E+2	7.579263E+0
3.628798E+2	8.092924E+0
3.631420E+2	7.939919E+0
3.634043E+2	7.956312E+0
3.636665E+2	8.218607E+0
3.639287E+2	8.229536E+0
3.641909E+2	8.224072E+0
3.644531E+2	8.300574E+0
3.647153E+2	8.136640E+0
3.649775E+2	8.163962E+0
3.652397E+2	8.213143E+0
3.655018E+2	8.278717E+0
3.657640E+2	8.098389E+0
3.660262E+2	8.196749E+0
3.662883E+2	8.229536E+0
3.665505E+2	8.426258E+0
3.668126E+2	8.245930E+0
3.670747E+2	8.169427E+0
3.673368E+2	7.836094E+0
3.675989E+2	7.792378E+0
3.678610E+2	7.677624E+0
3.681231E+2	7.650301E+0
3.683852E+2	8.021886E+0
3.686473E+2	8.153033E+0
3.689094E+2	8.092924E+0
3.691714E+2	7.961777E+0
3.694335E+2	7.699482E+0
3.696955E+2	7.453580E+0
3.699576E+2	7.349755E+0
3.702196E+2	7.322432E+0
3.704816E+2	7.426258E+0
3.707437E+2	7.486367E+0
3.710057E+2	7.295110E+0
3.712677E+2	7.338826E+0
3.715297E+2	7.010957E+0
3.717917E+2	6.928990E+0
3.720536E+2	6.836094E+0
3.723156E+2	6.901667E+0
3.725776E+2	7.163962E+0
3.728395E+2	7.295110E+0
3.731015E+2	7.273252E+0
3.733634E+2	7.071066E+0
3.736254E+2	6.786913E+0
3.738873E+2	6.814236E+0
3.741492E+2	6.879809E+0
3.744111E+2	6.885274E+0
3.746730E+2	6.781449E+0
3.749349E+2	6.759591E+0
3.751968E+2	6.715875E+0
3.754587E+2	6.737733E+0
3.757206E+2	6.622979E+0
3.759824E+2	6.486367E+0
3.762443E+2	6.306039E+0
3.765061E+2	6.349755E+0
3.767680E+2	6.218607E+0
3.770298E+2	5.885274E+0
3.772916E+2	5.879809E+0
3.775535E+2	5.863416E+0
3.778153E+2	5.655766E+0
3.780771E+2	5.628443E+0
3.783389E+2	5.551941E+0
3.786007E+2	5.513689E+0
3.788624E+2	5.306039E+0
3.791242E+2	5.393471E+0
3.793860E+2	5.519154E+0
3.796477E+2	5.278717E+0
3.799095E+2	5.338826E+0
3.801712E+2	5.666695E+0
3.804330E+2	5.765055E+0
3.806947E+2	5.928990E+0
3.809564E+2	6.295110E+0
3.812181E+2	6.202214E+0
3.814798E+2	5.956312E+0
3.817415E+2	6.273252E+0
3.820032E+2	6.284181E+0
3.822649E+2	6.142105E+0
3.825266E+2	6.038279E+0
3.827883E+2	6.109318E+0
3.830499E+2	6.174891E+0
3.833116E+2	6.311503E+0
3.835732E+2	6.338826E+0
3.838348E+2	6.546476E+0
3.840965E+2	6.349755E+0
3.843581E+2	6.251394E+0
3.846197E+2	6.169427E+0
3.848813E+2	6.142105E+0
3.851429E+2	6.344290E+0
3.854045E+2	6.191285E+0
3.856661E+2	6.393471E+0
3.859277E+2	6.622979E+0
3.861892E+2	6.551941E+0
3.864508E+2	6.235001E+0
3.867124E+2	6.054673E+0
3.869739E+2	6.147569E+0
3.872354E+2	6.366148E+0
3.874970E+2	6.721339E+0
3.877585E+2	6.885274E+0
3.880200E+2	6.928990E+0
3.882815E+2	6.781449E+0
3.885430E+2	6.617514E+0
3.888045E+2	6.295110E+0
3.890660E+2	6.327897E+0
3.893275E+2	6.081995E+0
3.895889E+2	6.289646E+0
3.898504E+2	6.185820E+0
3.901118E+2	6.322432E+0
3.903733E+2	6.568334E+0
3.906347E+2	6.366148E+0
3.908962E+2	6.382542E+0
3.911576E+2	6.551941E+0
3.914190E+2	6.584727E+0
3.916804E+2	6.573799E+0
3.919418E+2	6.628443E+0
3.922032E+2	6.502760E+0
3.924646E+2	6.551941E+0
3.927260E+2	6.459044E+0
3.929873E+2	6.371613E+0
3.932487E+2	6.224072E+0
3.935100E+2	6.180356E+0
3.937714E+2	6.311503E+0
3.940327E+2	6.431722E+0
3.942941E+2	6.453580E+0
3.945554E+2	6.415329E+0
3.948167E+2	6.491831E+0
3.950780E+2	6.655766E+0
3.953393E+2	6.420793E+0
3.956006E+2	6.590192E+0
3.958619E+2	6.519154E+0
3.961232E+2	6.196749E+0
3.963844E+2	6.235001E+0
3.966457E+2	6.038279E+0
3.969069E+2	5.896203E+0
3.971682E+2	5.743197E+0
3.974294E+2	5.890738E+0
3.976907E+2	5.617514E+0
3.979519E+2	5.491831E+0
3.982131E+2	5.666695E+0
3.984743E+2	5.699482E+0
3.987355E+2	5.568334E+0
3.989967E+2	5.316968E+0
3.992579E+2	5.218607E+0
3.995191E+2	5.300574E+0
3.997802E+2	4.863416E+0
4.000414E+2	5.005493E+0
4.003025E+2	5.153033E+0
4.005637E+2	5.295110E+0
4.008248E+2	5.338826E+0
4.010860E+2	5.355219E+0
4.013471E+2	5.459044E+0
4.016082E+2	5.404400E+0
4.018693E+2	5.404400E+0
4.021304E+2	5.579263E+0
4.023915E+2	5.748662E+0
4.026526E+2	5.857952E+0
4.029137E+2	5.732268E+0
4.031747E+2	5.934454E+0
4.034358E+2	5.863416E+0
4.036968E+2	5.907132E+0
4.039579E+2	6.010957E+0
4.042189E+2	6.065602E+0
4.044800E+2	5.978170E+0
4.047410E+2	6.185820E+0
4.050020E+2	6.262323E+0
4.052630E+2	6.497296E+0
4.055240E+2	6.732268E+0
4.057850E+2	6.939919E+0
4.060460E+2	7.005493E+0
4.063070E+2	6.890738E+0
4.065679E+2	6.874345E+0
4.068289E+2	6.928990E+0
4.070898E+2	6.792378E+0
4.073508E+2	6.486367E+0
4.076117E+2	6.628443E+0
4.078727E+2	6.852487E+0
4.081336E+2	7.158498E+0
4.083945E+2	7.213143E+0
4.086554E+2	7.327897E+0
4.089163E+2	7.513689E+0
4.091772E+2	7.633908E+0
4.094381E+2	7.732268E+0
4.096990E+2	7.836094E+0
4.099598E+2	7.857952E+0
4.102207E+2	7.786913E+0
4.104815E+2	7.901667E+0
4.107424E+2	7.863416E+0
4.110032E+2	7.579263E+0
4.112640E+2	7.562870E+0
4.115249E+2	7.573799E+0
4.117857E+2	7.562870E+0
4.120465E+2	7.814236E+0
4.123073E+2	7.699482E+0
4.125681E+2	7.939919E+0
4.128289E+2	8.098389E+0
4.130896E+2	8.382542E+0
4.133504E+2	8.469973E+0
4.136112E+2	8.754126E+0
4.138719E+2	8.912596E+0
4.141327E+2	9.076531E+0
4.143934E+2	9.251394E+0
4.146541E+2	9.710411E+0
4.149149E+2	9.836094E+0
4.151756E+2	9.890738E+0
4.154363E+2	9.786913E+0
4.156970E+2	1.018036E+1
4.159577E+2	1.039347E+1
4.162184E+2	1.017489E+1
4.164790E+2	1.014757E+1
4.167397E+2	1.005467E+1
4.170004E+2	9.934454E+0
4.172610E+2	1.016396E+1
4.175217E+2	1.033883E+1
4.177823E+2	1.030057E+1
4.180429E+2	1.044812E+1
4.183035E+2	1.034429E+1
4.185642E+2	1.053008E+1
4.188248E+2	1.055194E+1
4.190854E+2	1.007107E+1
4.193459E+2	1.016943E+1
4.196065E+2	1.030057E+1
4.198671E+2	1.029511E+1
4.201277E+2	1.008746E+1
4.203882E+2	1.014757E+1
4.206488E+2	1.014210E+1
4.209093E+2	1.011478E+1
4.211699E+2	9.901667E+0
4.214304E+2	9.464509E+0
4.216909E+2	9.480902E+0
4.219514E+2	9.366148E+0
4.222119E+2	9.316968E+0
4.224724E+2	9.464509E+0
4.227329E+2	9.502760E+0
4.229934E+2	9.666695E+0
4.232539E+2	9.896203E+0
4.235143E+2	9.945383E+0
4.237748E+2	9.939919E+0
4.240352E+2	9.726804E+0
4.242957E+2	9.530083E+0
4.245561E+2	9.655766E+0
4.248166E+2	9.688553E+0
4.250770E+2	9.710411E+0
4.253374E+2	9.666695E+0
4.255978E+2	9.639372E+0
4.258582E+2	9.836094E+0
4.261186E+2	1.003281E+1
4.263790E+2	1.003281E+1
4.266393E+2	1.010385E+1
4.268997E+2	1.028418E+1
4.271600E+2	1.063391E+1
4.274204E+2	1.057380E+1
4.276807E+2	1.057380E+1
4.279411E+2	1.056833E+1
4.282014E+2	1.032243E+1
4.284617E+2	1.017489E+1
4.287220E+2	1.019128E+1
4.289823E+2	1.012025E+1
4.292426E+2	1.006560E+1
4.295029E+2	9.786913E+0
4.297632E+2	9.901667E+0
4.300235E+2	9.939919E+0
4.302837E+2	9.704946E+0
4.305440E+2	9.437186E+0
4.308042E+2	9.661230E+0
4.310645E+2	9.863416E+0
4.313247E+2	9.989099E+0
4.315849E+2	9.715875E+0
4.318451E+2	9.584727E+0
4.321054E+2	9.852487E+0
4.323656E+2	9.797842E+0
4.326258E+2	9.814236E+0
4.328859E+2	9.601121E+0
4.331461E+2	9.344290E+0
4.334063E+2	9.109318E+0
4.336665E+2	9.224072E+0
4.339266E+2	8.994564E+0
4.341868E+2	8.857952E+0
4.344469E+2	8.830629E+0
4.347070E+2	8.819700E+0
4.349671E+2	9.016421E+0
4.352273E+2	8.868880E+0
4.354874E+2	8.590192E+0
4.357475E+2	8.360684E+0
4.360076E+2	8.633908E+0
4.362677E+2	8.622979E+0
4.365277E+2	8.486367E+0
4.367878E+2	8.453580E+0
4.370479E+2	8.551941E+0
4.373079E+2	8.765055E+0
4.375680E+2	9.174891E+0
4.378280E+2	9.398935E+0
4.380880E+2	9.797842E+0
4.383480E+2	9.874345E+0
4.386081E+2	9.863416E+0
4.388681E+2	1.023500E+1
4.391281E+2	1.034429E+1
4.393881E+2	1.029511E+1
4.396480E+2	1.026232E+1
4.399080E+2	1.057380E+1
4.401680E+2	1.063937E+1
4.404279E+2	1.074320E+1
4.406879E+2	1.073773E+1
4.409478E+2	1.075959E+1
4.412078E+2	1.074320E+1
4.414677E+2	1.081424E+1
4.417276E+2	1.061205E+1
4.419875E+2	1.073227E+1
4.422474E+2	1.075959E+1
4.425073E+2	1.081424E+1
4.427672E+2	1.100003E+1
4.430271E+2	1.105467E+1
4.432870E+2	1.100003E+1
4.435469E+2	1.085795E+1
4.438067E+2	1.091260E+1
4.440666E+2	1.119128E+1
4.443264E+2	1.107653E+1
4.445862E+2	1.109839E+1
4.448461E+2	1.112571E+1
4.451059E+2	1.118582E+1
4.453657E+2	1.148637E+1
4.456255E+2	1.128965E+1
4.458853E+2	1.118582E+1
4.461451E+2	1.142079E+1
4.464049E+2	1.144812E+1
4.466646E+2	1.130604E+1
4.469244E+2	1.130057E+1
4.471842E+2	1.126779E+1
4.474439E+2	1.154648E+1
4.477036E+2	1.159566E+1
4.479634E+2	1.150822E+1
4.482231E+2	1.145358E+1
4.484828E+2	1.149183E+1
4.487425E+2	1.175413E+1
4.490022E+2	1.212571E+1
4.492619E+2	1.250276E+1
4.495216E+2	1.251369E+1
4.497813E+2	1.249183E+1
4.500410E+2	1.258473E+1
4.503006E+2	1.260659E+1
4.505603E+2	1.255194E+1
4.508199E+2	1.250276E+1
4.510796E+2	1.243719E+1
4.513392E+2	1.263937E+1
4.515988E+2	1.290167E+1
4.518584E+2	1.297271E+1
4.521180E+2	1.321861E+1
4.523776E+2	1.346451E+1
4.526372E+2	1.344812E+1
4.528968E+2	1.348090E+1
4.531564E+2	1.333336E+1
4.534160E+2	1.296724E+1
4.536755E+2	1.291260E+1
4.539351E+2	1.273227E+1
4.541946E+2	1.287434E+1
4.544541E+2	1.312571E+1
4.547137E+2	1.279784E+1
4.549732E+2	1.290713E+1
4.552327E+2	1.283609E+1
4.554922E+2	1.274866E+1
4.557517E+2	1.270495E+1
4.560112E+2	1.304921E+1
4.562707E+2	1.299456E+1
4.565302E+2	1.308200E+1
4.567896E+2	1.355741E+1
4.570491E+2	1.391260E+1
4.573085E+2	1.402189E+1
4.575680E+2	1.407653E+1
4.578274E+2	1.386888E+1
4.580868E+2	1.376506E+1
4.583463E+2	1.399456E+1
4.586057E+2	1.404921E+1
4.588651E+2	1.418582E+1
4.591245E+2	1.436615E+1
4.593838E+2	1.480331E+1
4.596432E+2	1.521314E+1
4.599026E+2	1.545358E+1
4.601620E+2	1.566669E+1
4.604213E+2	1.558473E+1
4.606807E+2	1.561205E+1
4.609400E+2	1.567216E+1
4.611993E+2	1.546451E+1
4.614587E+2	1.567216E+1
4.617180E+2	1.587981E+1
4.619773E+2	1.592899E+1
4.622366E+2	1.626232E+1
4.624959E+2	1.668309E+1
4.627552E+2	1.684156E+1
4.630144E+2	1.686888E+1
4.632737E+2	1.704374E+1
4.635330E+2	1.706560E+1
4.637922E+2	1.730604E+1
4.640515E+2	1.766123E+1
4.643107E+2	1.807653E+1
4.645699E+2	1.839894E+1
4.648292E+2	1.826779E+1
4.650884E+2	1.821314E+1
4.653476E+2	1.843719E+1
4.656068E+2	1.891806E+1
4.658660E+2	1.920768E+1
4.661251E+2	1.952462E+1
4.663843E+2	2.002735E+1
4.666435E+2	2.044812E+1
4.669026E+2	2.087981E+1
4.671618E+2	2.096178E+1
4.674209E+2	2.103828E+1
4.676801E+2	2.132790E+1
4.679392E+2	2.127325E+1
4.681983E+2	2.152462E+1
4.684574E+2	2.196724E+1
4.687165E+2	2.235522E+1
4.689756E+2	2.274320E+1
4.692347E+2	2.305467E+1
4.694938E+2	2.324593E+1
4.697529E+2	2.322407E+1
4.700119E+2	2.332243E+1
4.702710E+2	2.326779E+1
4.705300E+2	2.354101E+1
4.707891E+2	2.379238E+1
4.710481E+2	2.410932E+1
4.713071E+2	2.448090E+1
4.715661E+2	2.468309E+1
4.718252E+2	2.483609E+1
4.720842E+2	2.502189E+1
4.723431E+2	2.532790E+1
4.726021E+2	2.530604E+1
4.728611E+2	2.527325E+1
4.731201E+2	2.563391E+1
4.733790E+2	2.580331E+1
4.736380E+2	2.602189E+1
4.738969E+2	2.644265E+1
4.741559E+2	2.655194E+1
4.744148E+2	2.673773E+1
4.746737E+2	2.718582E+1
4.749326E+2	2.769948E+1
4.751915E+2	2.791806E+1
4.754504E+2	2.791806E+1
4.757093E+2	2.830057E+1
4.759682E+2	2.883063E+1
4.762271E+2	2.924593E+1
4.764859E+2	2.969948E+1
4.767448E+2	3.008746E+1
4.770037E+2	3.042079E+1
4.772625E+2	3.077052E+1
4.775213E+2	3.069402E+1
4.777802E+2	3.074320E+1
4.780390E+2	3.077598E+1
4.782978E+2	3.072134E+1
4.785566E+2	3.112571E+1
4.788154E+2	3.163391E+1
4.790742E+2	3.186342E+1
4.793329E+2	3.224047E+1
4.795917E+2	3.251915E+1
4.798505E+2	3.276506E+1
4.801092E+2	3.303828E+1
4.803680E+2	3.321861E+1
4.806267E+2	3.344265E+1
4.808854E+2	3.345358E+1
4.811442E+2	3.343719E+1
4.814029E+2	3.337708E+1
4.816616E+2	3.370495E+1
4.819203E+2	3.361205E+1
4.821790E+2	3.384702E+1
4.824377E+2	3.417489E+1
4.826963E+2	3.432243E+1
4.829550E+2	3.431697E+1
4.832137E+2	3.473227E+1
4.834723E+2	3.484702E+1
4.837310E+2	3.536068E+1
4.839896E+2	3.565030E+1
4.842482E+2	3.574320E+1
4.845068E+2	3.574866E+1
4.847655E+2	3.598910E+1
4.850241E+2	3.601642E+1
4.852827E+2	3.595631E+1
4.855412E+2	3.631150E+1
4.857998E+2	3.636615E+1
4.860584E+2	3.649183E+1
4.863170E+2	3.655194E+1
4.865755E+2	3.653555E+1
4.868341E+2	3.666669E+1
4.870926E+2	3.671041E+1
4.873511E+2	3.689074E+1
4.876097E+2	3.703828E+1
4.878682E+2	3.725139E+1
4.881267E+2	3.732243E+1
4.883852E+2	3.760659E+1
4.886437E+2	3.785249E+1
4.889022E+2	3.783063E+1
4.891606E+2	3.793992E+1
4.894191E+2	3.807107E+1
4.896776E+2	3.843172E+1
4.899360E+2	3.865577E+1
4.901945E+2	3.869948E+1
4.904529E+2	3.827872E+1
4.907113E+2	3.824593E+1
4.909697E+2	3.842626E+1
4.912282E+2	3.840986E+1
4.914866E+2	3.828418E+1
4.917450E+2	3.813118E+1
4.920034E+2	3.842079E+1
4.922617E+2	3.840440E+1
4.925201E+2	3.838801E+1
4.927785E+2	3.849183E+1
4.930368E+2	3.849183E+1
4.932952E+2	3.882516E+1
4.935535E+2	3.901642E+1
4.938118E+2	3.919675E+1
4.940702E+2	3.950276E+1
4.943285E+2	3.943172E+1
4.945868E+2	3.943172E+1
4.948451E+2	3.934429E+1
4.951034E+2	3.937161E+1
4.953617E+2	3.943172E+1
4.956200E+2	3.936615E+1
4.958782E+2	3.927325E+1
4.961365E+2	3.941533E+1
4.963947E+2	3.956833E+1
4.966530E+2	3.976506E+1
4.969112E+2	3.985795E+1
4.971694E+2	4.024047E+1
4.974277E+2	4.036068E+1
4.976859E+2	4.071588E+1
4.979441E+2	4.069948E+1
4.982023E+2	4.060112E+1
4.984605E+2	4.069402E+1
4.987187E+2	4.093445E+1
4.989768E+2	4.056833E+1
4.992350E+2	4.044265E+1
4.994931E+2	4.006014E+1
4.997513E+2	3.981970E+1
5.000094E+2	3.969402E+1
5.002676E+2	3.963937E+1
5.005257E+2	3.953555E+1
5.007838E+2	3.977052E+1
5.010419E+2	4.001642E+1
5.013000E+2	3.996724E+1
5.015581E+2	4.007107E+1
5.018162E+2	4.037161E+1
5.020743E+2	4.059019E+1
5.023323E+2	4.084156E+1
5.025904E+2	4.086888E+1
5.028485E+2	4.103281E+1
5.031065E+2	4.106014E+1
5.033645E+2	4.089620E+1
5.036226E+2	4.084702E+1
5.038806E+2	4.080877E+1
5.041386E+2	4.036615E+1
5.043966E+2	4.046997E+1
5.046546E+2	4.034429E+1
5.049126E+2	4.052462E+1
5.051706E+2	4.082516E+1
5.054285E+2	4.064484E+1
5.056865E+2	4.070495E+1
5.059445E+2	4.112025E+1
5.062024E+2	4.157926E+1
5.064604E+2	4.166123E+1
5.067183E+2	4.146451E+1
5.069762E+2	4.167762E+1
5.072341E+2	4.155741E+1
5.074920E+2	4.175959E+1
5.077499E+2	4.145904E+1
5.080078E+2	4.152462E+1
5.082657E+2	4.143719E+1
5.085236E+2	4.149183E+1
5.087815E+2	4.177598E+1
5.090393E+2	4.187981E+1
5.092972E+2	4.186888E+1
5.095550E+2	4.190167E+1
5.098129E+2	4.176506E+1
5.100707E+2	4.184156E+1
5.103285E+2	4.196724E+1
5.105863E+2	4.207653E+1
5.108441E+2	4.213118E+1
5.111019E+2	4.205467E+1
5.113597E+2	4.209839E+1
5.116175E+2	4.198363E+1
5.118753E+2	4.177052E+1
5.121330E+2	4.179238E+1
5.123908E+2	4.162298E+1
5.126485E+2	4.179238E+1
5.129063E+2	4.174320E+1
5.131640E+2	4.204374E+1
5.134217E+2	4.192353E+1
5.136794E+2	4.193445E+1
5.139371E+2	4.202189E+1
5.141948E+2	4.221861E+1
5.144525E+2	4.229511E+1
5.147102E+2	4.262844E+1
5.149679E+2	4.280877E+1
5.152256E+2	4.287434E+1
5.154832E+2	4.301642E+1
5.157409E+2	4.330057E+1
5.159985E+2	4.354648E+1
5.162562E+2	4.371588E+1
5.165138E+2	4.372680E+1
5.167714E+2	4.384702E+1
5.170290E+2	4.403281E+1
5.172866E+2	4.441533E+1
5.175442E+2	4.415850E+1
5.178018E+2	4.410932E+1
5.180594E+2	4.407653E+1
5.183170E+2	4.403281E+1
5.185745E+2	4.401096E+1
5.188321E+2	4.395085E+1
5.190896E+2	4.402189E+1
5.193472E+2	4.403828E+1
5.196047E+2	4.413118E+1
5.198622E+2	4.424047E+1
5.201197E+2	4.410385E+1
5.203772E+2	4.426779E+1
5.206347E+2	4.451369E+1
5.208922E+2	4.446451E+1
5.211497E+2	4.426232E+1
5.214072E+2	4.419128E+1
5.216646E+2	4.377598E+1
5.219221E+2	4.350822E+1
5.221795E+2	4.325139E+1
5.224370E+2	4.353555E+1
5.226944E+2	4.328965E+1
5.229519E+2	4.357380E+1
5.232093E+2	4.351369E+1
5.234667E+2	4.362844E+1
5.237241E+2	4.385249E+1
5.239815E+2	4.410385E+1
5.242389E+2	4.409292E+1
5.244962E+2	4.399456E+1
5.247536E+2	4.374320E+1
5.250110E+2	4.400549E+1
5.252683E+2	4.390167E+1
5.255257E+2	4.398363E+1
5.257830E+2	4.412571E+1
5.260403E+2	4.414210E+1
5.262977E+2	4.411478E+1
5.265550E+2	4.406560E+1
5.268123E+2	4.401096E+1
5.270696E+2	4.391260E+1
5.273269E+2	4.421314E+1
5.275841E+2	4.438254E+1
5.278414E+2	4.439894E+1
5.280987E+2	4.454101E+1
5.283559E+2	4.424047E+1
5.286132E+2	4.424593E+1
5.288704E+2	4.383063E+1
5.291276E+2	4.411478E+1
5.293849E+2	4.410932E+1
5.296421E+2	4.394538E+1
5.298993E+2	4.363391E+1
5.301565E+2	4.366123E+1
5.304137E+2	4.366669E+1
5.306709E+2	4.370495E+1
5.309280E+2	4.392899E+1
5.311852E+2	4.409292E+1
5.314424E+2	4.382516E+1
5.316995E+2	4.403828E+1
5.319567E+2	4.408746E+1
5.322138E+2	4.412571E+1
5.324709E+2	4.400549E+1
5.327280E+2	4.404921E+1
5.329852E+2	4.384156E+1
5.332423E+2	4.388527E+1
5.334994E+2	4.377598E+1
5.337564E+2	4.378145E+1
5.340135E+2	4.395085E+1
5.342706E+2	4.415303E+1
5.345276E+2	4.426779E+1
5.347847E+2	4.467216E+1
5.350417E+2	4.459566E+1
5.352988E+2	4.467216E+1
5.355558E+2	4.501642E+1
5.358128E+2	4.521314E+1
5.360698E+2	4.516396E+1
5.363269E+2	4.500549E+1
5.365839E+2	4.498910E+1
5.368408E+2	4.528418E+1
5.370978E+2	4.520768E+1
5.373548E+2	4.521861E+1
5.376118E+2	4.544265E+1
5.378687E+2	4.571041E+1
5.381257E+2	4.570495E+1
5.383826E+2	4.589074E+1
5.386395E+2	4.576506E+1
5.388965E+2	4.589620E+1
5.391534E+2	4.595085E+1
5.394103E+2	4.599456E+1
5.396672E+2	4.612571E+1
5.399241E+2	4.631150E+1
5.401810E+2	4.631150E+1
5.404378E+2	4.671041E+1
5.406947E+2	4.667216E+1
5.409516E+2	4.676506E+1
5.412084E+2	4.679238E+1
5.414653E+2	4.670495E+1
5.417221E+2	4.678691E+1
5.419789E+2	4.702189E+1
5.422357E+2	4.704374E+1
5.424925E+2	4.708746E+1
5.427493E+2	4.737708E+1
5.430061E+2	4.718036E+1
5.432629E+2	4.719128E+1
5.435197E+2	4.756287E+1
5.437765E+2	4.764484E+1
5.440332E+2	4.806560E+1
5.442900E+2	4.813664E+1
5.445467E+2	4.857926E+1
5.448035E+2	4.836615E+1
5.450602E+2	4.852462E+1
5.453169E+2	4.850822E+1
5.455736E+2	4.871041E+1
5.458303E+2	4.878145E+1
5.460870E+2	4.884156E+1
5.463437E+2	4.866123E+1
5.466004E+2	4.892899E+1
5.468571E+2	4.868855E+1
5.471137E+2	4.880877E+1
5.473704E+2	4.871588E+1
5.476270E+2	4.897817E+1
5.478837E+2	4.890713E+1
5.481403E+2	4.906560E+1
5.483969E+2	4.893992E+1
5.486535E+2	4.899456E+1
5.489101E+2	4.893992E+1
5.491667E+2	4.901642E+1
5.494233E+2	4.889620E+1
5.496799E+2	4.904374E+1
5.499365E+2	4.896724E+1
5.501931E+2	4.904921E+1
5.504496E+2	4.905467E+1
5.507062E+2	4.950822E+1
5.509627E+2	4.948637E+1
5.512192E+2	4.956833E+1
5.514758E+2	4.954101E+1
5.517323E+2	4.971041E+1
5.519888E+2	4.956833E+1
5.522453E+2	4.985249E+1
5.525018E+2	4.975413E+1
5.527583E+2	4.966669E+1
5.530147E+2	4.981970E+1
5.532712E+2	4.977598E+1
5.535277E+2	4.959019E+1
5.537841E+2	4.942626E+1
5.540406E+2	4.933883E+1
5.542970E+2	4.953008E+1
5.545534E+2	4.948637E+1
5.548098E+2	4.955194E+1
5.550663E+2	4.927325E+1
5.553227E+2	4.923500E+1
5.555791E+2	4.921861E+1
5.558354E+2	4.907653E+1
5.560918E+2	4.893445E+1
5.563482E+2	4.881424E+1
5.566046E+2	4.889074E+1
5.568609E+2	4.914757E+1
5.571173E+2	4.896178E+1
5.573736E+2	4.897817E+1
5.576299E+2	4.875959E+1
5.578862E+2	4.867762E+1
5.581426E+2	4.863937E+1
5.583989E+2	4.851915E+1
5.586552E+2	4.884702E+1
5.589114E+2	4.889620E+1
5.591677E+2	4.857380E+1
5.594240E+2	4.848090E+1
5.596803E+2	4.852462E+1
5.599365E+2	4.844812E+1
5.601928E+2	4.825139E+1
5.604490E+2	4.832243E+1
5.607052E+2	4.820768E+1
5.609614E+2	4.849183E+1
5.612177E+2	4.852462E+1
5.614739E+2	4.854648E+1
5.617301E+2	4.846997E+1
5.619863E+2	4.877052E+1
5.622424E+2	4.855194E+1
5.624986E+2	4.880877E+1
5.627548E+2	4.889620E+1
5.630109E+2	4.887981E+1
5.632671E+2	4.863391E+1
5.635232E+2	4.857926E+1
5.637794E+2	4.821314E+1
5.640355E+2	4.826779E+1
5.642916E+2	4.822407E+1
5.645477E+2	4.860112E+1
5.648038E+2	4.874320E+1
5.650599E+2	4.908200E+1
5.653160E+2	4.900003E+1
5.655721E+2	4.895085E+1
5.658281E+2	4.867762E+1
5.660842E+2	4.845358E+1
5.663402E+2	4.810385E+1
5.665963E+2	4.807653E+1
5.668523E+2	4.810385E+1
5.671083E+2	4.804374E+1
5.673644E+2	4.804374E+1
5.676204E+2	4.797817E+1
5.678764E+2	4.779238E+1
5.681324E+2	4.796724E+1
5.683883E+2	4.821861E+1
5.686443E+2	4.844265E+1
5.689003E+2	4.854101E+1
5.691562E+2	4.875413E+1
5.694122E+2	4.879238E+1
5.696681E+2	4.896724E+1
5.699241E+2	4.890167E+1
5.701800E+2	4.894538E+1
5.704359E+2	4.880331E+1
5.706918E+2	4.897817E+1
5.709477E+2	4.862844E+1
5.712036E+2	4.857926E+1
5.714595E+2	4.867216E+1
5.717154E+2	4.863391E+1
5.719713E+2	4.867762E+1
5.722271E+2	4.879238E+1
5.724830E+2	4.862844E+1
5.727388E+2	4.886342E+1
5.729947E+2	4.866123E+1
5.732505E+2	4.886342E+1
5.735063E+2	4.906560E+1
5.737621E+2	4.963937E+1
5.740179E+2	4.960659E+1
5.742737E+2	4.945904E+1
5.745295E+2	4.932790E+1
5.747853E+2	4.946997E+1
5.750411E+2	4.974320E+1
5.752968E+2	4.964484E+1
5.755526E+2	4.965030E+1
5.758083E+2	4.946451E+1
5.760641E+2	4.938254E+1
5.763198E+2	4.947544E+1
5.765755E+2	4.938254E+1
5.768312E+2	4.931697E+1
5.770869E+2	4.940986E+1
5.773426E+2	4.968309E+1
5.775983E+2	4.953008E+1
5.778540E+2	4.953008E+1
5.781097E+2	4.946451E+1
5.783653E+2	4.952462E+1
5.786210E+2	4.984702E+1
5.788766E+2	5.008200E+1
5.791323E+2	5.018582E+1
5.793879E+2	5.071588E+1
5.796435E+2	5.063937E+1
5.798991E+2	5.101642E+1
5.801547E+2	5.081424E+1
5.804103E+2	5.080877E+1
5.806659E+2	5.048090E+1
5.809215E+2	5.043172E+1
5.811771E+2	5.024047E+1
5.814327E+2	5.046451E+1
5.816882E+2	5.043719E+1
5.819438E+2	5.055194E+1
5.821993E+2	5.055741E+1
5.824548E+2	5.043719E+1
5.827104E+2	5.048637E+1
5.829659E+2	5.051915E+1
5.832214E+2	5.056833E+1
5.834769E+2	5.072680E+1
5.837324E+2	5.068855E+1
5.839878E+2	5.073227E+1
5.842433E+2	5.068309E+1
5.844988E+2	5.082516E+1
5.847542E+2	5.084702E+1
5.850097E+2	5.096178E+1
5.852651E+2	5.091260E+1
5.855206E+2	5.102189E+1
5.857760E+2	5.086342E+1
5.860314E+2	5.091260E+1
5.862868E+2	5.073773E+1
5.865422E+2	5.100003E+1
5.867976E+2	5.116943E+1
5.870530E+2	5.122407E+1
5.873084E+2	5.109839E+1
5.875637E+2	5.104374E+1
5.878191E+2	5.095085E+1
5.880744E+2	5.093445E+1
5.883298E+2	5.095631E+1
5.885851E+2	5.102735E+1
5.888404E+2	5.085795E+1
5.890958E+2	5.093992E+1
5.893511E+2	5.028418E+1
5.896064E+2	5.019128E+1
5.898617E+2	5.013118E+1
5.901169E+2	5.024047E+1
5.903722E+2	5.011478E+1
5.906275E+2	4.992353E+1
5.908827E+2	5.015303E+1
5.911380E+2	5.014757E+1
5.913932E+2	5.013118E+1
5.916485E+2	5.028418E+1
5.919037E+2	5.022954E+1
5.921589E+2	5.040440E+1
5.924141E+2	5.032790E+1
5.926693E+2	5.028965E+1
5.929245E+2	5.016396E+1
5.931797E+2	5.016396E+1
5.934349E+2	5.016396E+1
5.936900E+2	5.012025E+1
5.939452E+2	4.998363E+1
5.942004E+2	4.976506E+1
5.944555E+2	4.939347E+1
5.947106E+2	4.927872E+1
5.949658E+2	4.887981E+1
5.952209E+2	4.893445E+1
5.954760E+2	4.871588E+1
5.957311E+2	4.871588E+1
5.959862E+2	4.872134E+1
5.962413E+2	4.896178E+1
5.964963E+2	4.899456E+1
5.967514E+2	4.928965E+1
5.970065E+2	4.930057E+1
5.972615E+2	4.939894E+1
5.975166E+2	4.944265E+1
5.977716E+2	4.957926E+1
5.980266E+2	4.955194E+1
5.982816E+2	4.946451E+1
5.985367E+2	4.919675E+1
5.987917E+2	4.970495E+1
5.990467E+2	4.966669E+1
5.993016E+2	4.966123E+1
5.995566E+2	4.941533E+1
5.998116E+2	4.950276E+1
6.000665E+2	4.928418E+1
6.003215E+2	4.906560E+1
6.005764E+2	4.933336E+1
6.008314E+2	4.960659E+1
6.010863E+2	4.951915E+1
6.013412E+2	4.954648E+1
6.015961E+2	4.951915E+1
6.018510E+2	5.000549E+1
6.021059E+2	5.005467E+1
6.023608E+2	5.004374E+1
6.026157E+2	4.999456E+1
6.028706E+2	5.054648E+1
6.031254E+2	5.046451E+1
6.033803E+2	5.057926E+1
6.036351E+2	5.055741E+1
6.038900E+2	5.049183E+1
6.041448E+2	5.049730E+1
6.043996E+2	5.083609E+1
6.046544E+2	5.077052E+1
6.049092E+2	5.097271E+1
6.051640E+2	5.114757E+1
6.054188E+2	5.127872E+1
6.056736E+2	5.125686E+1
6.059283E+2	5.134429E+1
6.061831E+2	5.174320E+1
6.064378E+2	5.165030E+1
6.066926E+2	5.165577E+1
6.069473E+2	5.183609E+1
6.072021E+2	5.187434E+1
6.074568E+2	5.199456E+1
6.077115E+2	5.174320E+1
6.079662E+2	5.184156E+1
6.082209E+2	5.188527E+1
6.084756E+2	5.203828E+1
6.087302E+2	5.232243E+1
6.089849E+2	5.228418E+1
6.092396E+2	5.239347E+1
6.094942E+2	5.238801E+1
6.097489E+2	5.219675E+1
6.100035E+2	5.242626E+1
6.102581E+2	5.256833E+1
6.105127E+2	5.285249E+1
6.107674E+2	5.297817E+1
6.110220E+2	5.283063E+1
6.112766E+2	5.291806E+1
6.115311E+2	5.289620E+1
6.117857E+2	5.277598E+1
6.120403E+2	5.275959E+1
6.122948E+2	5.279238E+1
6.125494E+2	5.275413E+1
6.128039E+2	5.277598E+1
6.130585E+2	5.259019E+1
6.133130E+2	5.275959E+1
6.135675E+2	5.293445E+1
6.138220E+2	5.312571E+1
6.140765E+2	5.360659E+1
6.143310E+2	5.337708E+1
6.145855E+2	5.338801E+1
6.148400E+2	5.340986E+1
6.150945E+2	5.359019E+1
6.153489E+2	5.335522E+1
6.156034E+2	5.324593E+1
6.158578E+2	5.329511E+1
6.161123E+2	5.315850E+1
6.163667E+2	5.271041E+1
6.166211E+2	5.261751E+1
6.168755E+2	5.272134E+1
6.171299E+2	5.263391E+1
6.173843E+2	5.213118E+1
6.176387E+2	5.196178E+1
6.178931E+2	5.173773E+1
6.181474E+2	5.183063E+1
6.184018E+2	5.139347E+1
6.186561E+2	5.175959E+1
6.189105E+2	5.157926E+1
6.191648E+2	5.160659E+1
6.194191E+2	5.149183E+1
6.196735E+2	5.168855E+1
6.199278E+2	5.144812E+1
6.201821E+2	5.152462E+1
6.204364E+2	5.133883E+1
6.206907E+2	5.128965E+1
6.209449E+2	5.117489E+1
6.211992E+2	5.128418E+1
6.214535E+2	5.137161E+1
6.217077E+2	5.137161E+1
6.219619E+2	5.106014E+1
6.222162E+2	5.103828E+1
6.224704E+2	5.104374E+1
6.227246E+2	5.119675E+1
6.229788E+2	5.119675E+1
6.232330E+2	5.153008E+1
6.234872E+2	5.155741E+1
6.237414E+2	5.145904E+1
6.239956E+2	5.122407E+1
6.242498E+2	5.100549E+1
6.245039E+2	5.088527E+1
6.247581E+2	5.073227E+1
6.250122E+2	5.084156E+1
6.252663E+2	5.126779E+1
6.255205E+2	5.143719E+1
6.257746E+2	5.150822E+1
6.260287E+2	5.128418E+1
6.262828E+2	5.141533E+1
6.265369E+2	5.126232E+1
6.267910E+2	5.132790E+1
6.270450E+2	5.121314E+1
6.272991E+2	5.119675E+1
6.275532E+2	5.152462E+1
6.278072E+2	5.148637E+1
6.280613E+2	5.162298E+1
6.283153E+2	5.163937E+1
6.285693E+2	5.198363E+1
6.288233E+2	5.186888E+1
6.290773E+2	5.160112E+1
6.293313E+2	5.164484E+1
6.295853E+2	5.167216E+1
6.298393E+2	5.164484E+1
6.300933E+2	5.153555E+1
6.303472E+2	5.152462E+1
6.306012E+2	5.146451E+1
6.308551E+2	5.152462E+1
6.311091E+2	5.170495E+1
6.313630E+2	5.193445E+1
6.316169E+2	5.189620E+1
6.318709E+2	5.205467E+1
6.321248E+2	5.219128E+1
6.323787E+2	5.199456E+1
6.326326E+2	5.199456E+1
6.328864E+2	5.239347E+1
6.331403E+2	5.265030E+1
6.333942E+2	5.298363E+1
6.336480E+2	5.296724E+1
6.339019E+2	5.320221E+1
6.341557E+2	5.293445E+1
6.344095E+2	5.307653E+1
6.346634E+2	5.291260E+1
6.349172E+2	5.308746E+1
6.351710E+2	5.296724E+1
6.354248E+2	5.307653E+1
6.356786E+2	5.309292E+1
6.359324E+2	5.324593E+1
6.361861E+2	5.341533E+1
6.364399E+2	5.356833E+1
6.366936E+2	5.354101E+1
6.369474E+2	5.360659E+1
6.372011E+2	5.321861E+1
6.374549E+2	5.348637E+1
6.377086E+2	5.338254E+1
6.379623E+2	5.326232E+1
6.382160E+2	5.302735E+1
6.384697E+2	5.284156E+1
6.387234E+2	5.232790E+1
6.389771E+2	5.236068E+1
6.392307E+2	5.232243E+1
6.394844E+2	5.222407E+1
6.397380E+2	5.214210E+1
6.399917E+2	5.243719E+1
6.402453E+2	5.244265E+1
6.404990E+2	5.266669E+1
6.407526E+2	5.244265E+1
6.410062E+2	5.228418E+1
6.412598E+2	5.225139E+1
6.415134E+2	5.238254E+1
6.417670E+2	5.234429E+1
6.420206E+2	5.275413E+1
6.422741E+2	5.274320E+1
6.425277E+2	5.301096E+1
6.427812E+2	5.319675E+1
6.430348E+2	5.291806E+1
6.432883E+2	5.310932E+1
6.435418E+2	5.299456E+1
6.437954E+2	5.298363E+1
6.440489E+2	5.287434E+1
6.443024E+2	5.270495E+1
6.445559E+2	5.286888E+1
6.448094E+2	5.298910E+1
6.450628E+2	5.270495E+1
6.453163E+2	5.268309E+1
6.455698E+2	5.267216E+1
6.458232E+2	5.257380E+1
6.460767E+2	5.266669E+1
6.463301E+2	5.273227E+1
6.465835E+2	5.287981E+1
6.468369E+2	5.290713E+1
6.470903E+2	5.314210E+1
6.473437E+2	5.329511E+1
6.475971E+2	5.310385E+1
6.478505E+2	5.302735E+1
6.481039E+2	5.327872E+1
6.483573E+2	5.316943E+1
6.486106E+2	5.308200E+1
6.488640E+2	5.295631E+1
6.491173E+2	5.300549E+1
6.493706E+2	5.292353E+1
6.496240E+2	5.314757E+1
6.498773E+2	5.316943E+1
6.501306E+2	5.337161E+1
6.503839E+2	5.345358E+1
6.506372E+2	5.348637E+1
6.508905E+2	5.348637E+1
6.511437E+2	5.343719E+1
6.513970E+2	5.351915E+1
6.516503E+2	5.319675E+1
6.519035E+2	5.301096E+1
6.521567E+2	5.309292E+1
6.524100E+2	5.295631E+1
6.526632E+2	5.332243E+1
6.529164E+2	5.353555E+1
6.531696E+2	5.354101E+1
6.534228E+2	5.356287E+1
6.536760E+2	5.356287E+1
6.539292E+2	5.353008E+1
6.541824E+2	5.407107E+1
6.544355E+2	5.407653E+1
6.546887E+2	5.427872E+1
6.549418E+2	5.428418E+1
6.551950E+2	5.444812E+1
6.554481E+2	5.408746E+1
6.557012E+2	5.424593E+1
6.559543E+2	5.385249E+1
6.562074E+2	5.371041E+1
6.564605E+2	5.363391E+1
6.567136E+2	5.389620E+1
6.569667E+2	5.395085E+1
6.572198E+2	5.406014E+1
6.574728E+2	5.377052E+1
6.577259E+2	5.377598E+1
6.579789E+2	5.363391E+1
6.582319E+2	5.373773E+1
6.584850E+2	5.372680E+1
6.587380E+2	5.374866E+1
6.589910E+2	5.367216E+1
6.592440E+2	5.392353E+1
6.594970E+2	5.380331E+1
6.597500E+2	5.380331E+1
6.600030E+2	5.394538E+1
6.602559E+2	5.381970E+1
6.605089E+2	5.362298E+1
6.607618E+2	5.360659E+1
6.610148E+2	5.338801E+1
6.612677E+2	5.366669E+1
6.615206E+2	5.374320E+1
6.617736E+2	5.385795E+1
6.620265E+2	5.355194E+1
6.622794E+2	5.350822E+1
6.625323E+2	5.300549E+1
6.627851E+2	5.303828E+1
6.630380E+2	5.316396E+1
6.632909E+2	5.359566E+1
6.635437E+2	5.355741E+1
6.637966E+2	5.369948E+1
6.640494E+2	5.368855E+1
6.643023E+2	5.369948E+1
6.645551E+2	5.374320E+1
6.648079E+2	5.398910E+1
6.650607E+2	5.405467E+1
6.653135E+2	5.408200E+1
6.655663E+2	5.408746E+1
6.658191E+2	5.404921E+1
6.660718E+2	5.407107E+1
6.663246E+2	5.404374E+1
6.665774E+2	5.417489E+1
6.668301E+2	5.416396E+1
6.670828E+2	5.453555E+1
6.673356E+2	5.469948E+1
6.675883E+2	5.455741E+1
6.678410E+2	5.467762E+1
6.680937E+2	5.446997E+1
6.683464E+2	5.430604E+1
6.685991E+2	5.455194E+1
6.688518E+2	5.459566E+1
6.691044E+2	5.450276E+1
6.693571E+2	5.461205E+1
6.696098E+2	5.426232E+1
6.698624E+2	5.434975E+1
6.701150E+2	5.426232E+1
6.703677E+2	5.461751E+1
6.706203E+2	5.442079E+1
6.708729E+2	5.490713E+1
6.711255E+2	5.472680E+1
6.713781E+2	5.485795E+1
6.716307E+2	5.475959E+1
6.718832E+2	5.504374E+1
6.721358E+2	5.495631E+1
6.723884E+2	5.502735E+1
6.726409E+2	5.493992E+1
6.728935E+2	5.528965E+1
6.731460E+2	5.531150E+1
6.733985E+2	5.552462E+1
6.736510E+2	5.552462E+1
6.739035E+2	5.559566E+1
6.741560E+2	5.523500E+1
6.744085E+2	5.543719E+1
6.746610E+2	5.494538E+1
6.749135E+2	5.526232E+1
6.751660E+2	5.553008E+1
6.754184E+2	5.547544E+1
6.756709E+2	5.538801E+1
6.759233E+2	5.552462E+1
6.761757E+2	5.555194E+1
6.764282E+2	5.597817E+1
6.766806E+2	5.564484E+1
6.769330E+2	5.563937E+1
6.771854E+2	5.555741E+1
6.774378E+2	5.567216E+1
6.776901E+2	5.561751E+1
6.779425E+2	5.582516E+1
6.781949E+2	5.569402E+1
6.784472E+2	5.569402E+1
6.786996E+2	5.554648E+1
6.789519E+2	5.555741E+1
6.792042E+2	5.531150E+1
6.794566E+2	5.534429E+1
6.797089E+2	5.516396E+1
6.799612E+2	5.519128E+1
6.802135E+2	5.486888E+1
6.804657E+2	5.468855E+1
6.807180E+2	5.449183E+1
6.809703E+2	5.458473E+1
6.812226E+2	5.465577E+1
6.814748E+2	5.483063E+1
6.817270E+2	5.502189E+1
6.819793E+2	5.493445E+1
6.822315E+2	5.518036E+1
6.824837E+2	5.513118E+1
6.827359E+2	5.498910E+1
6.829881E+2	5.517489E+1
6.832403E+2	5.532243E+1
6.834925E+2	5.548637E+1
6.837447E+2	5.548637E+1
6.839968E+2	5.557926E+1
6.842490E+2	5.563937E+1
6.845011E+2	5.572134E+1
6.847533E+2	5.568855E+1
6.850054E+2	5.591806E+1
6.852575E+2	5.586888E+1
6.855097E+2	5.596178E+1
6.857618E+2	5.576506E+1
6.860139E+2	5.631697E+1
6.862659E+2	5.632243E+1
6.865180E+2	5.632790E+1
6.867701E+2	5.626232E+1
6.870222E+2	5.660659E+1
6.872742E+2	5.658473E+1
6.875263E+2	5.672680E+1
6.877783E+2	5.673773E+1
6.880303E+2	5.679784E+1
6.882823E+2	5.670495E+1
6.885343E+2	5.678691E+1
6.887864E+2	5.672134E+1
6.890383E+2	5.654101E+1
6.892903E+2	5.657380E+1
6.895423E+2	5.680877E+1
6.897943E+2	5.702189E+1
6.900462E+2	5.728418E+1
6.902982E+2	5.706014E+1
6.905501E+2	5.700549E+1
6.908021E+2	5.703281E+1
6.910540E+2	5.720221E+1
6.913059E+2	5.745904E+1
6.915578E+2	5.754101E+1
6.918097E+2	5.762298E+1
6.920616E+2	5.796724E+1
6.923135E+2	5.826779E+1
6.925654E+2	5.840986E+1
6.928172E+2	5.860112E+1
6.930691E+2	5.866123E+1
6.933209E+2	5.871041E+1
6.935728E+2	5.887434E+1
6.938246E+2	5.883063E+1
6.940764E+2	5.882516E+1
6.943282E+2	5.874320E+1
6.945800E+2	5.892899E+1
6.948318E+2	5.906560E+1
6.950836E+2	5.930604E+1
6.953354E+2	5.937708E+1
6.955872E+2	5.963391E+1
6.958389E+2	5.981424E+1
6.960907E+2	6.030057E+1
6.963424E+2	6.036068E+1
6.965942E+2	6.050822E+1
6.968459E+2	6.038801E+1
6.970976E+2	6.007653E+1
6.973493E+2	6.014757E+1
6.976010E+2	6.018036E+1
6.978527E+2	6.033883E+1
6.981044E+2	6.073227E+1
6.983561E+2	6.080877E+1
6.986077E+2	6.071041E+1
6.988594E+2	6.093992E+1
6.991110E+2	6.103828E+1
6.993627E+2	6.098910E+1
6.996143E+2	6.116396E+1
6.998659E+2	6.128418E+1
7.001175E+2	6.151369E+1
7.003692E+2	6.141533E+1
7.006207E+2	6.161205E+1
7.008723E+2	6.148637E+1
7.011239E+2	6.152462E+1
7.013755E+2	6.136615E+1
7.016271E+2	6.131150E+1
7.018786E+2	6.169402E+1
7.021302E+2	6.210932E+1
7.023817E+2	6.213118E+1
7.026332E+2	6.200549E+1
7.028847E+2	6.155741E+1
7.031362E+2	6.160659E+1
7.033878E+2	6.162298E+1
7.036392E+2	6.161751E+1
7.038907E+2	6.154101E+1
7.041422E+2	6.159566E+1
7.043937E+2	6.177598E+1
7.046451E+2	6.198910E+1
7.048966E+2	6.192353E+1
7.051480E+2	6.186342E+1
7.053995E+2	6.200003E+1
7.056509E+2	6.228418E+1
7.059023E+2	6.235522E+1
7.061537E+2	6.251369E+1
7.064051E+2	6.243719E+1
7.066565E+2	6.273773E+1
7.069079E+2	6.281970E+1
7.071593E+2	6.293445E+1
7.074106E+2	6.280331E+1
7.076620E+2	6.263391E+1
7.079133E+2	6.248090E+1
7.081647E+2	6.249183E+1
7.084160E+2	6.255194E+1
7.086673E+2	6.257926E+1
7.089186E+2	6.246451E+1
7.091699E+2	6.271588E+1
7.094212E+2	6.280877E+1
7.096725E+2	6.317489E+1
7.099238E+2	6.302189E+1
7.101751E+2	6.331150E+1
7.104263E+2	6.367216E+1
7.106776E+2	6.379784E+1
7.109288E+2	6.352462E+1
7.111800E+2	6.351915E+1
7.114313E+2	6.324593E+1
7.116825E+2	6.339894E+1
7.119337E+2	6.346997E+1
7.121849E+2	6.354648E+1
7.124361E+2	6.397817E+1
7.126873E+2	6.434975E+1
7.129384E+2	6.439347E+1
7.131896E+2	6.454648E+1
7.134408E+2	6.445904E+1
7.136919E+2	6.448637E+1
7.139430E+2	6.453008E+1
7.141942E+2	6.442626E+1
7.144453E+2	6.441533E+1
7.146964E+2	6.454648E+1
7.149475E+2	6.442626E+1
7.151986E+2	6.453555E+1
7.154497E+2	6.439347E+1
7.157008E+2	6.438801E+1
7.159518E+2	6.437708E+1
7.162029E+2	6.463937E+1
7.164540E+2	6.483609E+1
7.167050E+2	6.489620E+1
7.169560E+2	6.496724E+1
7.172071E+2	6.484156E+1
7.174581E+2	6.495085E+1
7.177091E+2	6.492899E+1
7.179601E+2	6.495631E+1
7.182111E+2	6.525139E+1
7.184621E+2	6.510385E+1
7.187130E+2	6.527325E+1
7.189640E+2	6.556833E+1
7.192150E+2	6.552462E+1
7.194659E+2	6.556833E+1
7.197169E+2	6.561751E+1
7.199678E+2	6.536615E+1
7.202187E+2	6.548637E+1
7.204696E+2	6.541533E+1
7.207205E+2	6.543172E+1
7.209714E+2	6.545358E+1
7.212223E+2	6.562844E+1
7.214732E+2	6.549183E+1
7.217241E+2	6.573227E+1
7.219749E+2	6.575959E+1
7.222258E+2	6.592353E+1
7.224766E+2	6.575413E+1
7.227274E+2	6.615850E+1
7.229783E+2	6.638801E+1
7.232291E+2	6.666123E+1
7.234799E+2	6.665030E+1
7.237307E+2	6.659566E+1
7.239815E+2	6.653008E+1
7.242323E+2	6.672680E+1
7.244830E+2	6.675413E+1
7.247338E+2	6.678691E+1
7.249846E+2	6.672134E+1
7.252353E+2	6.709839E+1
7.254861E+2	6.680877E+1
7.257368E+2	6.649183E+1
7.259875E+2	6.631697E+1
7.262382E+2	6.665577E+1
7.264889E+2	6.662844E+1
7.267396E+2	6.692899E+1
7.269903E+2	6.672680E+1
7.272410E+2	6.661205E+1
7.274917E+2	6.660659E+1
7.277423E+2	6.665030E+1
7.279930E+2	6.621314E+1
7.282436E+2	6.603281E+1
7.284942E+2	6.578145E+1
7.287449E+2	6.596178E+1
7.289955E+2	6.614757E+1
7.292461E+2	6.626232E+1
7.294967E+2	6.626779E+1
7.297473E+2	6.651915E+1
7.299979E+2	6.659019E+1
7.302484E+2	6.683609E+1
7.304990E+2	6.715303E+1
7.307496E+2	6.704921E+1
7.310001E+2	6.728965E+1
7.312507E+2	6.733336E+1
7.315012E+2	6.732790E+1
7.317517E+2	6.750276E+1
7.320022E+2	6.771041E+1
7.322527E+2	6.804374E+1
7.325032E+2	6.806560E+1
7.327537E+2	6.804921E+1
7.330042E+2	6.811478E+1
7.332547E+2	6.837708E+1
7.335051E+2	6.837708E+1
7.337556E+2	6.860112E+1
7.340060E+2	6.853008E+1
7.342564E+2	6.870495E+1
7.345069E+2	6.920768E+1
7.347573E+2	6.969402E+1
7.350077E+2	6.987981E+1
7.352581E+2	7.027872E+1
7.355085E+2	7.048090E+1
7.357589E+2	7.060112E+1
7.360092E+2	7.068309E+1
7.362596E+2	7.121861E+1
7.365100E+2	7.154648E+1
7.367603E+2	7.209292E+1
7.370106E+2	7.246451E+1
7.372610E+2	7.300003E+1
7.375113E+2	7.341533E+1
7.377616E+2	7.438801E+1
7.380119E+2	7.503828E+1
7.382622E+2	7.615303E+1
7.385125E+2	7.762844E+1
7.387628E+2	7.944812E+1
7.390130E+2	8.130057E+1
7.392633E+2	8.338254E+1
7.395135E+2	8.515850E+1
7.397638E+2	8.731697E+1
7.400140E+2	8.951915E+1
7.402642E+2	9.205467E+1
7.405144E+2	9.441533E+1
7.407647E+2	9.697817E+1
7.410149E+2	9.945358E+1
7.412650E+2	1.017651E+2
7.415152E+2	1.034645E+2
7.417654E+2	1.054754E+2
7.420156E+2	1.077377E+2
7.422657E+2	1.108252E+2
7.425159E+2	1.146120E+2
7.427660E+2	1.184481E+2
7.430161E+2	1.213170E+2
7.432662E+2	1.240765E+2
7.435164E+2	1.262569E+2
7.437665E+2	1.297268E+2
7.440165E+2	1.336831E+2
7.442666E+2	1.385902E+2
7.445167E+2	1.440929E+2
7.447668E+2	1.498470E+2
7.450168E+2	1.564263E+2
7.452669E+2	1.632295E+2
7.455169E+2	1.695028E+2
7.457669E+2	1.747377E+2
7.460170E+2	1.800110E+2
7.462670E+2	1.852022E+2
7.465170E+2	1.910383E+2
7.467670E+2	1.977159E+2
7.470170E+2	2.057213E+2
7.472670E+2	2.155957E+2
7.475169E+2	2.267541E+2
7.477669E+2	2.387377E+2
7.480168E+2	2.500820E+2
7.482668E+2	2.608361E+2
7.485167E+2	2.712459E+2
7.487666E+2	2.812842E+2
7.490166E+2	2.909399E+2
7.492665E+2	3.002514E+2
7.495164E+2	3.096995E+2
7.497663E+2	3.190055E+2
7.500161E+2	3.271421E+2
7.502660E+2	3.347651E+2
7.505159E+2	3.413552E+2
7.507657E+2	3.474099E+2
7.510156E+2	3.540875E+2
7.512654E+2	3.614754E+2
7.515152E+2	3.688416E+2
7.517651E+2	3.769508E+2
7.520149E+2	3.856831E+2
7.522647E+2	3.955847E+2
7.525145E+2	4.061257E+2
7.527643E+2	4.183880E+2
7.530140E+2	4.313115E+2
7.532638E+2	4.445301E+2
7.535136E+2	4.566831E+2
7.537633E+2	4.677432E+2
7.540131E+2	4.777323E+2
7.542628E+2	4.889181E+2
7.545125E+2	5.010164E+2
7.547622E+2	5.139727E+2
7.550119E+2	5.268142E+2
7.552616E+2	5.392951E+2
7.555113E+2	5.510601E+2
7.557610E+2	5.624317E+2
7.560107E+2	5.726667E+2
7.562603E+2	5.822896E+2
7.565100E+2	5.910601E+2
7.567596E+2	5.995847E+2
7.570093E+2	6.067377E+2
7.572589E+2	6.131694E+2
7.575085E+2	6.178689E+2
7.577581E+2	6.210765E+2
7.580077E+2	6.240875E+2
7.582573E+2	6.278580E+2
7.585069E+2	6.318306E+2
7.587565E+2	6.353388E+2
7.590060E+2	6.365683E+2
7.592556E+2	6.370000E+2
7.595051E+2	6.363935E+2
7.597547E+2	6.353060E+2
7.600042E+2	6.339235E+2
7.602537E+2	6.313935E+2
7.605032E+2	6.284809E+2
7.607527E+2	6.265519E+2
7.610022E+2	6.259508E+2
7.612517E+2	6.262077E+2
7.615012E+2	6.268416E+2
7.617507E+2	6.278361E+2
7.620001E+2	6.287104E+2
7.622496E+2	6.286394E+2
7.624990E+2	6.270383E+2
7.627485E+2	6.239345E+2
7.629979E+2	6.206230E+2
7.632473E+2	6.178033E+2
7.634967E+2	6.161202E+2
7.637461E+2	6.143443E+2
7.639955E+2	6.129672E+2
7.642449E+2	6.122350E+2
7.644942E+2	6.108580E+2
7.647436E+2	6.088798E+2
7.649930E+2	6.063388E+2
7.652423E+2	6.042022E+2
7.654916E+2	6.024099E+2
7.657410E+2	6.013388E+2
7.659903E+2	6.004481E+2
7.662396E+2	5.987104E+2
7.664889E+2	5.958743E+2
7.667382E+2	5.918306E+2
7.669875E+2	5.870711E+2
7.672367E+2	5.813716E+2
7.674860E+2	5.739454E+2
7.677353E+2	5.654317E+2
7.679845E+2	5.554700E+2
7.682337E+2	5.451640E+2
7.684830E+2	5.350000E+2
7.687322E+2	5.267432E+2
7.689814E+2	5.207487E+2
7.692306E+2	5.163825E+2
7.694798E+2	5.117705E+2
7.697290E+2	5.069672E+2
7.699782E+2	5.027541E+2
7.702273E+2	4.992405E+2
7.704765E+2	4.973443E+2
7.707256E+2	4.966120E+2
7.709748E+2	4.968743E+2
7.712239E+2	4.994153E+2
7.714730E+2	5.044099E+2
7.717222E+2	5.113989E+2
7.719713E+2	5.206667E+2
7.722204E+2	5.311093E+2
7.724694E+2	5.418634E+2
7.727185E+2	5.542077E+2
7.729676E+2	5.666667E+2
7.732167E+2	5.788634E+2
7.734657E+2	5.902459E+2
7.737147E+2	6.002186E+2
7.739638E+2	6.096011E+2
7.742128E+2	6.187049E+2
7.744618E+2	6.266066E+2
7.747108E+2	6.335192E+2
7.749598E+2	6.391312E+2
7.752088E+2	6.443170E+2
7.754578E+2	6.494809E+2
7.757068E+2	6.540492E+2
7.759557E+2	6.578907E+2
7.762047E+2	6.609727E+2
7.764536E+2	6.632842E+2
7.767026E+2	6.643443E+2
7.769515E+2	6.635519E+2
7.772004E+2	6.620547E+2
7.774493E+2	6.600765E+2
7.776982E+2	6.575246E+2
7.779471E+2	6.558798E+2
7.781960E+2	6.541039E+2
7.784449E+2	6.529836E+2
7.786938E+2	6.518142E+2
7.789426E+2	6.516940E+2
7.791915E+2	6.523825E+2
7.794403E+2	6.544427E+2
7.796891E+2	6.588306E+2
7.799380E+2	6.646558E+2
7.801868E+2	6.720984E+2
7.804356E+2	6.815793E+2
7.806844E+2	6.919017E+2
7.809332E+2	7.029071E+2
7.811819E+2	7.149836E+2
7.814307E+2	7.274427E+2
7.816795E+2	7.402186E+2
7.819282E+2	7.536995E+2
7.821770E+2	7.674809E+2
7.824257E+2	7.815355E+2
7.826744E+2	7.956175E+2
7.829231E+2	8.093334E+2
7.831718E+2	8.225410E+2
7.834205E+2	8.339946E+2
7.836692E+2	8.438142E+2
7.839179E+2	8.512077E+2
7.841666E+2	8.565301E+2
7.844152E+2	8.600383E+2
7.846639E+2	8.619290E+2
7.849125E+2	8.621804E+2
7.851612E+2	8.607213E+2
7.854098E+2	8.574372E+2
7.856584E+2	8.522787E+2
7.859070E+2	8.459891E+2
7.861556E+2	8.396776E+2
7.864042E+2	8.327213E+2
7.866528E+2	8.242951E+2
7.869014E+2	8.151967E+2
7.871499E+2	8.051530E+2
7.873985E+2	7.960000E+2
7.876470E+2	7.871640E+2
7.878956E+2	7.784918E+2
7.881441E+2	7.714590E+2
7.883926E+2	7.655629E+2
7.886411E+2	7.613880E+2
7.888896E+2	7.596667E+2
7.891381E+2	7.601257E+2
7.893866E+2	7.625410E+2
7.896351E+2	7.666339E+2
7.898835E+2	7.723060E+2
7.901320E+2	7.793115E+2
7.903804E+2	7.871858E+2
7.906289E+2	7.951640E+2
7.908773E+2	8.045683E+2
7.911257E+2	8.140765E+2
7.913742E+2	8.238525E+2
7.916226E+2	8.339563E+2
7.918709E+2	8.440547E+2
7.921193E+2	8.547651E+2
7.923677E+2	8.646284E+2
7.926161E+2	8.740110E+2
7.928644E+2	8.827705E+2
7.931128E+2	8.894809E+2
7.933611E+2	8.955028E+2
7.936095E+2	9.002350E+2
7.938578E+2	9.038470E+2
7.941061E+2	9.056230E+2
7.943544E+2	9.062569E+2
7.946027E+2	9.043825E+2
7.948510E+2	8.999290E+2
7.950993E+2	8.940110E+2
7.953475E+2	8.869891E+2
7.955958E+2	8.782241E+2
7.958440E+2	8.691421E+2
7.960923E+2	8.599782E+2
7.963405E+2	8.503224E+2
7.965887E+2	8.411202E+2
7.968370E+2	8.325410E+2
7.970852E+2	8.250328E+2
7.973334E+2	8.183388E+2
7.975816E+2	8.124645E+2
7.978297E+2	8.083989E+2
7.980779E+2	8.056995E+2
7.983261E+2	8.049946E+2
7.985742E+2	8.068033E+2
7.988224E+2	8.104536E+2
7.990705E+2	8.165028E+2
7.993186E+2	8.241585E+2
7.995668E+2	8.332733E+2
7.998149E+2	8.425847E+2
8.000630E+2	8.528142E+2
8.003111E+2	8.623825E+2
8.005591E+2	8.724973E+2
8.008072E+2	8.827651E+2
8.010553E+2	8.920929E+2
8.013033E+2	8.995738E+2
8.015514E+2	9.051749E+2
8.017994E+2	9.091530E+2
8.020474E+2	9.117814E+2
8.022955E+2	9.124700E+2
8.025435E+2	9.112678E+2
8.027915E+2	9.085738E+2
8.030395E+2	9.045410E+2
8.032874E+2	8.988962E+2
8.035354E+2	8.924481E+2
8.037834E+2	8.849235E+2
8.040313E+2	8.769181E+2
8.042793E+2	8.685847E+2
8.045272E+2	8.604044E+2
8.047752E+2	8.521476E+2
8.050231E+2	8.441967E+2
8.052710E+2	8.368306E+2
8.055189E+2	8.299891E+2
8.057668E+2	8.238142E+2
8.060147E+2	8.176230E+2
8.062625E+2	8.123661E+2
8.065104E+2	8.077104E+2
8.067583E+2	8.037924E+2
8.070061E+2	8.017104E+2
8.072540E+2	8.007487E+2
8.075018E+2	8.019126E+2
8.077496E+2	8.050164E+2
8.079974E+2	8.100601E+2
8.082452E+2	8.181858E+2
8.084930E+2	8.276066E+2
8.087408E+2	8.394208E+2
8.089886E+2	8.532733E+2
8.092364E+2	8.690547E+2
8.094841E+2	8.864864E+2
8.097319E+2	9.055355E+2
8.099796E+2	9.261366E+2
8.102273E+2	9.475847E+2
8.104751E+2	9.692623E+2
8.107228E+2	9.910274E+2
8.109705E+2	1.012186E+3
8.112182E+2	1.032366E+3
8.114659E+2	1.051164E+3
8.117135E+2	1.068492E+3
8.119612E+2	1.083978E+3
8.122089E+2	1.096962E+3
8.124565E+2	1.107350E+3
8.127042E+2	1.115481E+3
8.129518E+2	1.120760E+3
8.131994E+2	1.123120E+3
8.134470E+2	1.122410E+3
8.136946E+2	1.118508E+3
8.139422E+2	1.112421E+3
8.141898E+2	1.103749E+3
8.144374E+2	1.092814E+3
8.146850E+2	1.080426E+3
8.149325E+2	1.068415E+3
8.151801E+2	1.055574E+3
8.154276E+2	1.044213E+3
8.156752E+2	1.033721E+3
8.159227E+2	1.024563E+3
8.161702E+2	1.017137E+3
8.164177E+2	1.012208E+3
8.166652E+2	1.009525E+3
8.169127E+2	1.009175E+3
8.171602E+2	1.010415E+3
8.174077E+2	1.013776E+3
8.176551E+2	1.018607E+3
8.179026E+2	1.025219E+3
8.181500E+2	1.032842E+3
8.183975E+2	1.041186E+3
8.186449E+2	1.049421E+3
8.188923E+2	1.057705E+3
8.191397E+2	1.064847E+3
8.193871E+2	1.071191E+3
8.196345E+2	1.076098E+3
8.198819E+2	1.079924E+3
8.201293E+2	1.081699E+3
8.203766E+2	1.081628E+3
8.206240E+2	1.079831E+3
8.208713E+2	1.075962E+3
8.211187E+2	1.070399E+3
8.213660E+2	1.062995E+3
8.216133E+2	1.053880E+3
8.218606E+2	1.043317E+3
8.221079E+2	1.030727E+3
8.223552E+2	1.016809E+3
8.226025E+2	1.001219E+3
8.228498E+2	9.840110E+2
8.230970E+2	9.655192E+2
8.233443E+2	9.446831E+2
8.235915E+2	9.233170E+2
8.238388E+2	9.001093E+2
8.240860E+2	8.754754E+2
8.243332E+2	8.498416E+2
8.245804E+2	8.228416E+2
8.248276E+2	7.954590E+2
8.250748E+2	7.675957E+2
8.253220E+2	7.391148E+2
8.255692E+2	7.102733E+2
8.258163E+2	6.819454E+2
8.260635E+2	6.542896E+2
8.263106E+2	6.271858E+2
8.265578E+2	6.013552E+2
8.268049E+2	5.765793E+2
8.270520E+2	5.530765E+2
8.272991E+2	5.312186E+2
8.275462E+2	5.108088E+2
8.277933E+2	4.915957E+2
8.280404E+2	4.740383E+2
8.282875E+2	4.583224E+2
8.285345E+2	4.443661E+2
8.287816E+2	4.322186E+2
8.290287E+2	4.211749E+2
8.292757E+2	4.118306E+2
8.295227E+2	4.036230E+2
8.297697E+2	3.965355E+2
8.300168E+2	3.893498E+2
8.302638E+2	3.830219E+2
8.305107E+2	3.759672E+2
8.307577E+2	3.684754E+2
8.310047E+2	3.601913E+2
8.312517E+2	3.511804E+2
8.314986E+2	3.407705E+2
8.317456E+2	3.295793E+2
8.319925E+2	3.174263E+2
8.322394E+2	3.046612E+2
8.324864E+2	2.910984E+2
8.327333E+2	2.774208E+2
8.329802E+2	2.626448E+2
8.332271E+2	2.477104E+2
8.334740E+2	2.325957E+2
8.337208E+2	2.178088E+2
8.339677E+2	2.031366E+2
8.342146E+2	1.892569E+2
8.344614E+2	1.757104E+2
8.347082E+2	1.627814E+2
8.349551E+2	1.506175E+2
8.352019E+2	1.396120E+2
8.354487E+2	1.300492E+2
8.356955E+2	1.214099E+2
8.359423E+2	1.140110E+2
8.361891E+2	1.078197E+2
8.364359E+2	1.024645E+2
8.366826E+2	9.842626E+1
8.369294E+2	9.497817E+1
8.371761E+2	9.232243E+1
8.374229E+2	9.030604E+1
8.376696E+2	8.891260E+1
8.379163E+2	8.743719E+1
8.381630E+2	8.619128E+1
8.384097E+2	8.537161E+1
8.386564E+2	8.439894E+1
8.389031E+2	8.345904E+1
8.391498E+2	8.267762E+1
8.393965E+2	8.178691E+1
8.396431E+2	8.121861E+1
8.398898E+2	8.051915E+1
8.401364E+2	7.975959E+1
8.403830E+2	7.904921E+1
8.406297E+2	7.869402E+1
8.408763E+2	7.799456E+1
8.411229E+2	7.702735E+1
8.413695E+2	7.581424E+1
8.416161E+2	7.481424E+1
8.418626E+2	7.376506E+1
8.421092E+2	7.289620E+1
8.423558E+2	7.170495E+1
8.426023E+2	7.091260E+1
8.428489E+2	7.008746E+1
8.430954E+2	6.909292E+1
8.433419E+2	6.847544E+1
8.435884E+2	6.759019E+1
8.438349E+2	6.646997E+1
8.440814E+2	6.589620E+1
8.443279E+2	6.495085E+1
8.445744E+2	6.422954E+1
8.448208E+2	6.327325E+1
8.450673E+2	6.268855E+1
8.453138E+2	6.189620E+1
8.455602E+2	6.121314E+1
8.458066E+2	6.051369E+1
8.460530E+2	5.960112E+1
8.462995E+2	5.896178E+1
8.465459E+2	5.883063E+1
8.467923E+2	5.844265E+1
8.470386E+2	5.808746E+1
8.472850E+2	5.772134E+1
8.475314E+2	5.733883E+1
8.477777E+2	5.677052E+1
8.480241E+2	5.668855E+1
8.482704E+2	5.650276E+1
8.485168E+2	5.621861E+1
8.487631E+2	5.577598E+1
8.490094E+2	5.547544E+1
8.492557E+2	5.482516E+1
8.495020E+2	5.453555E+1
8.497483E+2	5.440986E+1
8.499946E+2	5.414210E+1
8.502408E+2	5.387981E+1
8.504871E+2	5.344812E+1
8.507333E+2	5.295085E+1
8.509796E+2	5.239894E+1
8.512258E+2	5.189074E+1
8.514720E+2	5.191806E+1
8.517182E+2	5.156833E+1
8.519644E+2	5.147544E+1
8.522106E+2	5.123500E+1
8.524568E+2	5.103281E+1
8.527030E+2	5.044265E+1
8.529492E+2	4.990167E+1
8.531953E+2	4.946451E+1
8.534415E+2	4.918582E+1
8.536876E+2	4.865030E+1
8.539337E+2	4.807653E+1
8.541799E+2	4.736615E+1
8.544260E+2	4.711478E+1
8.546721E+2	4.673773E+1
8.549182E+2	4.595085E+1
8.551643E+2	4.555741E+1
8.554103E+2	4.494538E+1
8.556564E+2	4.439347E+1
8.559024E+2	4.408200E+1
8.561485E+2	4.375959E+1
8.563945E+2	4.365577E+1
8.566406E+2	4.367216E+1
8.568866E+2	4.349730E+1
8.571326E+2	4.320221E+1
8.573786E+2	4.256287E+1
8.576246E+2	4.173773E+1
8.578706E+2	4.131150E+1
8.581166E+2	4.092353E+1
8.583625E+2	4.051369E+1
8.586085E+2	4.012025E+1
8.588544E+2	3.995085E+1
8.591004E+2	3.956287E+1
8.593463E+2	3.926779E+1
8.595922E+2	3.891260E+1
8.598381E+2	3.863937E+1
8.600840E+2	3.837161E+1
8.603299E+2	3.834429E+1
8.605758E+2	3.832243E+1
8.608217E+2	3.815303E+1
8.610675E+2	3.804921E+1
8.613134E+2	3.792353E+1
8.615592E+2	3.762298E+1
8.618051E+2	3.732790E+1
8.620509E+2	3.689620E+1
8.622967E+2	3.690167E+1
8.625425E+2	3.686342E+1
8.627883E+2	3.643719E+1
8.630341E+2	3.581970E+1
8.632799E+2	3.530604E+1
8.635257E+2	3.528418E+1
8.637715E+2	3.499456E+1
8.640172E+2	3.454101E+1
8.642630E+2	3.454101E+1
8.645087E+2	3.418036E+1
8.647544E+2	3.384156E+1
8.650001E+2	3.333336E+1
8.652459E+2	3.290713E+1
8.654916E+2	3.263391E+1
8.657372E+2	3.229511E+1
8.659829E+2	3.220221E+1
8.662286E+2	3.208746E+1
8.664743E+2	3.167216E+1
8.667199E+2	3.131150E+1
8.669656E+2	3.086342E+1
8.672112E+2	3.069402E+1
8.674568E+2	3.026232E+1
8.677024E+2	3.008200E+1
8.679481E+2	2.995085E+1
8.681937E+2	2.955194E+1
8.684392E+2	2.919675E+1
8.686848E+2	2.906560E+1
8.689304E+2	2.891260E+1
8.691760E+2	2.877052E+1
8.694215E+2	2.854101E+1
8.696671E+2	2.828418E+1
8.699126E+2	2.822407E+1
8.701581E+2	2.809292E+1
8.704036E+2	2.815303E+1
8.706491E+2	2.803828E+1
8.708946E+2	2.750822E+1
8.711401E+2	2.724593E+1
8.713856E+2	2.708200E+1
8.716311E+2	2.668309E+1
8.718766E+2	2.644265E+1
8.721220E+2	2.611478E+1
8.723674E+2	2.609839E+1
8.726129E+2	2.615850E+1
8.728583E+2	2.613118E+1
8.731037E+2	2.609839E+1
8.733491E+2	2.578145E+1
8.735945E+2	2.567762E+1
8.738399E+2	2.552462E+1
8.740853E+2	2.542079E+1
8.743307E+2	2.532790E+1
8.745760E+2	2.525686E+1
8.748214E+2	2.507653E+1
8.750667E+2	2.520768E+1
8.753121E+2	2.472680E+1
8.755574E+2	2.430057E+1
8.758027E+2	2.396178E+1
8.760480E+2	2.400549E+1
8.762933E+2	2.403828E+1
8.765386E+2	2.381970E+1
8.767839E+2	2.356287E+1
8.770291E+2	2.345358E+1
8.772744E+2	2.300549E+1
8.775196E+2	2.265030E+1
8.777649E+2	2.247544E+1
8.780101E+2	2.260112E+1
8.782553E+2	2.238254E+1
8.785006E+2	2.181970E+1
8.787458E+2	2.154101E+1
8.789910E+2	2.150276E+1
8.792361E+2	2.126779E+1
8.794813E+2	2.128418E+1
8.797265E+2	2.116943E+1
8.799717E+2	2.130057E+1
8.802168E+2	2.129511E+1
8.804619E+2	2.096724E+1
8.807071E+2	2.068855E+1
8.809522E+2	2.056287E+1
8.811973E+2	2.019675E+1
8.814424E+2	1.989620E+1
8.816875E+2	1.974320E+1
8.819326E+2	1.987981E+1
8.821777E+2	1.973773E+1
8.824227E+2	1.978145E+1
8.826678E+2	1.969948E+1
8.829128E+2	1.967762E+1
8.831579E+2	1.968309E+1
8.834029E+2	1.957926E+1
8.836479E+2	1.946451E+1
8.838929E+2	1.971588E+1
8.841379E+2	1.973227E+1
8.843829E+2	1.962298E+1
8.846279E+2	1.944265E+1
8.848729E+2	1.934429E+1
8.851179E+2	1.936615E+1
8.853628E+2	1.909839E+1
8.856078E+2	1.902189E+1
8.858527E+2	1.902189E+1
8.860976E+2	1.898363E+1
8.863425E+2	1.892899E+1
8.865875E+2	1.876506E+1
8.868324E+2	1.845904E+1
8.870772E+2	1.818036E+1
8.873221E+2	1.798363E+1
8.875670E+2	1.771588E+1
8.878119E+2	1.738254E+1
8.880567E+2	1.743172E+1
8.883016E+2	1.754648E+1
8.885464E+2	1.738801E+1
8.887912E+2	1.724047E+1
8.890360E+2	1.705467E+1
8.892809E+2	1.707653E+1
8.895257E+2	1.690167E+1
8.897704E+2	1.687434E+1
8.900152E+2	1.648637E+1
8.902600E+2	1.653555E+1
8.905048E+2	1.660112E+1
8.907495E+2	1.649730E+1
8.909943E+2	1.616943E+1
8.912390E+2	1.592899E+1
8.914837E+2	1.580331E+1
8.917284E+2	1.584702E+1
8.919731E+2	1.580877E+1
8.922178E+2	1.565577E+1
8.924625E+2	1.544265E+1
8.927072E+2	1.552462E+1
8.929519E+2	1.529511E+1
8.931965E+2	1.536068E+1
8.934412E+2	1.543719E+1
8.936858E+2	1.558473E+1
8.939305E+2	1.539894E+1
8.941751E+2	1.524047E+1
8.944197E+2	1.510932E+1
8.946643E+2	1.479784E+1
8.949089E+2	1.471041E+1
8.951535E+2	1.459566E+1
8.953981E+2	1.457926E+1
8.956426E+2	1.474866E+1
8.958872E+2	1.468855E+1
8.961317E+2	1.474320E+1
8.963763E+2	1.506560E+1
8.966208E+2	1.525139E+1
8.968653E+2	1.525686E+1
8.971098E+2	1.497271E+1
8.973543E+2	1.466123E+1
8.975988E+2	1.448090E+1
8.978433E+2	1.448637E+1
8.980878E+2	1.424593E+1
8.983323E+2	1.403828E+1
8.985767E+2	1.399456E+1
8.988212E+2	1.352462E+1
8.990656E+2	1.353555E+1
8.993100E+2	1.349183E+1
8.995545E+2	1.364484E+1
8.997989E+2	1.350822E+1
9.000433E+2	1.311478E+1
9.002877E+2	1.286888E+1
9.005320E+2	1.265577E+1
9.007764E+2	1.274320E+1
9.010208E+2	1.256287E+1
9.012651E+2	1.237161E+1
9.015095E+2	1.217489E+1
9.017538E+2	1.210385E+1
9.019981E+2	1.217489E+1
9.022425E+2	1.242626E+1
9.024868E+2	1.259019E+1
9.027311E+2	1.271588E+1
9.029754E+2	1.252462E+1
9.032196E+2	1.238801E+1
9.034639E+2	1.233336E+1
9.037082E+2	1.203828E+1
9.039524E+2	1.202189E+1
9.041967E+2	1.177052E+1
9.044409E+2	1.189074E+1
9.046851E+2	1.213118E+1
9.049293E+2	1.232790E+1
9.051736E+2	1.215850E+1
9.054177E+2	1.215303E+1
9.056619E+2	1.228418E+1
9.059061E+2	1.227872E+1
9.061503E+2	1.213664E+1
9.063944E+2	1.222407E+1
9.066386E+2	1.212025E+1
9.068827E+2	1.204921E+1
9.071269E+2	1.224593E+1
9.073710E+2	1.242079E+1
9.076151E+2	1.239894E+1
9.078592E+2	1.238254E+1
9.081033E+2	1.238801E+1
9.083474E+2	1.240986E+1
9.085915E+2	1.238254E+1
9.088355E+2	1.237708E+1
9.090796E+2	1.242079E+1
9.093236E+2	1.253555E+1
9.095677E+2	1.260659E+1
9.098117E+2	1.233336E+1
9.100557E+2	1.241533E+1
9.102997E+2	1.259566E+1
9.105437E+2	1.269402E+1
9.107877E+2	1.286888E+1
9.110317E+2	1.282516E+1
9.112757E+2	1.248090E+1
9.115197E+2	1.236068E+1
9.117636E+2	1.220221E+1
9.120076E+2	1.242079E+1
9.122515E+2	1.230604E+1
9.124954E+2	1.225139E+1
9.127393E+2	1.219675E+1
9.129832E+2	1.251369E+1
9.132271E+2	1.269948E+1
9.134710E+2	1.272680E+1
9.137149E+2	1.295631E+1
9.139588E+2	1.295631E+1
9.142026E+2	1.301096E+1
9.144465E+2	1.307653E+1
9.146903E+2	1.314210E+1
9.149342E+2	1.313118E+1
9.151780E+2	1.316943E+1
9.154218E+2	1.326779E+1
9.156656E+2	1.323500E+1
9.159094E+2	1.340986E+1
9.161532E+2	1.353008E+1
9.163970E+2	1.365577E+1
9.166408E+2	1.366669E+1
9.168845E+2	1.360112E+1
9.171283E+2	1.345904E+1
9.173720E+2	1.336068E+1
9.176157E+2	1.351915E+1
9.178595E+2	1.370495E+1
9.181032E+2	1.373773E+1
9.183469E+2	1.371588E+1
9.185906E+2	1.401096E+1
9.188343E+2	1.393992E+1
9.190779E+2	1.385795E+1
9.193216E+2	1.358473E+1
9.195653E+2	1.324593E+1
9.198089E+2	1.284702E+1
9.200525E+2	1.273773E+1
9.202962E+2	1.274866E+1
9.205398E+2	1.266123E+1
9.207834E+2	1.268309E+1
9.210270E+2	1.277052E+1
9.212706E+2	1.261205E+1
9.215142E+2	1.273227E+1
9.217577E+2	1.265030E+1
9.220013E+2	1.236615E+1
9.222449E+2	1.217489E+1
9.224884E+2	1.215850E+1
9.227319E+2	1.209839E+1
9.229755E+2	1.205467E+1
9.232190E+2	1.180331E+1
9.234625E+2	1.166669E+1
9.237060E+2	1.176506E+1
9.239495E+2	1.193445E+1
9.241930E+2	1.172680E+1
9.244364E+2	1.173227E+1
9.246799E+2	1.189620E+1
9.249233E+2	1.183063E+1
9.251668E+2	1.168309E+1
9.254102E+2	1.131150E+1
9.256536E+2	1.114210E+1
9.258971E+2	1.134975E+1
9.261405E+2	1.144265E+1
9.263839E+2	1.142079E+1
9.266272E+2	1.124593E+1
9.268706E+2	1.115850E+1
9.271140E+2	1.130057E+1
9.273573E+2	1.140440E+1
9.276007E+2	1.128965E+1
9.278440E+2	1.124593E+1
9.280874E+2	1.135522E+1
9.283307E+2	1.126232E+1
9.285740E+2	1.134975E+1
9.288173E+2	1.144265E+1
9.290606E+2	1.133336E+1
9.293039E+2	1.102189E+1
9.295471E+2	1.099456E+1
9.297904E+2	1.117489E+1
9.300337E+2	1.110932E+1
9.302769E+2	1.085249E+1
9.305201E+2	1.081970E+1
9.307634E+2	1.071588E+1
9.310066E+2	1.062844E+1
9.312498E+2	1.053008E+1
9.314930E+2	1.055741E+1
9.317362E+2	1.060659E+1
9.319794E+2	1.063391E+1
9.322225E+2	1.074320E+1
9.324657E+2	1.081970E+1
9.327088E+2	1.065577E+1
9.329520E+2	1.053555E+1
9.331951E+2	1.056833E+1
9.334382E+2	1.067762E+1
9.336814E+2	1.078145E+1
9.339245E+2	1.092353E+1
9.341676E+2	1.117489E+1
9.344106E+2	1.138801E+1
9.346537E+2	1.149730E+1
9.348968E+2	1.191806E+1
9.351398E+2	1.187434E+1
9.353829E+2	1.175959E+1
9.356259E+2	1.168855E+1
9.358690E+2	1.172134E+1
9.361120E+2	1.172134E+1
9.363550E+2	1.160112E+1
9.365980E+2	1.179784E+1
9.368410E+2	1.178145E+1
9.370840E+2	1.207653E+1
9.373269E+2	1.195085E+1
9.375699E+2	1.202735E+1
9.378129E+2	1.192353E+1
9.380558E+2	1.200549E+1
9.382987E+2	1.184156E+1
9.385417E+2	1.183063E+1
9.387846E+2	1.148637E+1
9.390275E+2	1.177052E+1
9.392704E+2	1.189620E+1
9.395133E+2	1.190167E+1
9.397562E+2	1.195631E+1
9.399990E+2	1.190167E+1
9.402419E+2	1.210385E+1
9.404847E+2	1.206560E+1
9.407276E+2	1.201096E+1
9.409704E+2	1.196178E+1
9.412132E+2	1.174866E+1
9.414560E+2	1.199456E+1
9.416988E+2	1.211478E+1
9.419416E+2	1.197817E+1
9.421844E+2	1.177052E+1
9.424272E+2	1.177598E+1
9.426700E+2	1.160659E+1
9.429127E+2	1.146997E+1
9.431555E+2	1.137708E+1
9.433982E+2	1.131150E+1
9.436409E+2	1.115303E+1
9.438837E+2	1.125139E+1
9.441264E+2	1.137708E+1
9.443691E+2	1.136068E+1
9.446118E+2	1.128965E+1
9.448544E+2	1.151915E+1
9.450971E+2	1.168309E+1
9.453398E+2	1.170495E+1
9.455824E+2	1.154648E+1
9.458251E+2	1.165577E+1
9.460677E+2	1.176506E+1
9.463103E+2	1.200549E+1
9.465530E+2	1.184156E+1
9.467956E+2	1.168855E+1
9.470382E+2	1.140440E+1
9.472807E+2	1.124593E+1
9.475233E+2	1.113664E+1
9.477659E+2	1.118036E+1
9.480084E+2	1.102189E+1
9.482510E+2	1.079238E+1
9.484935E+2	1.089620E+1
9.487361E+2	1.081970E+1
9.489786E+2	1.107107E+1
9.492211E+2	1.082516E+1
9.494636E+2	1.077598E+1
9.497061E+2	1.036615E+1
9.499486E+2	1.018582E+1
9.501911E+2	1.039347E+1
9.504335E+2	1.022407E+1
9.506760E+2	9.879809E+0
9.509184E+2	9.808771E+0
9.511609E+2	9.661230E+0
9.514033E+2	9.448115E+0
9.516457E+2	9.464509E+0
9.518881E+2	9.311503E+0
9.521305E+2	9.480902E+0
9.523729E+2	9.535547E+0
9.526153E+2	9.661230E+0
9.528576E+2	9.551941E+0
9.531000E+2	9.573799E+0
9.533424E+2	9.579263E+0
9.535847E+2	9.595656E+0
9.538270E+2	9.393471E+0
9.540694E+2	9.229536E+0
9.543117E+2	9.125711E+0
9.545540E+2	8.885274E+0
9.547963E+2	8.907132E+0
9.550386E+2	8.939919E+0
9.552808E+2	8.928990E+0
9.555231E+2	8.885274E+0
9.557654E+2	8.726804E+0
9.560076E+2	8.896203E+0
9.562498E+2	8.754126E+0
9.564921E+2	8.661230E+0
9.567343E+2	8.721339E+0
9.569765E+2	8.770520E+0
9.572187E+2	8.721339E+0
9.574609E+2	8.617514E+0
9.577031E+2	8.562870E+0
9.579452E+2	8.688553E+0
9.581874E+2	8.524618E+0
9.584296E+2	8.562870E+0
9.586717E+2	8.502760E+0
9.589138E+2	8.442651E+0
9.591560E+2	8.453580E+0
9.593981E+2	8.486367E+0
9.596402E+2	8.338826E+0
9.598823E+2	8.371613E+0
9.601244E+2	8.229536E+0
9.603664E+2	8.398935E+0
9.606085E+2	8.235001E+0
9.608506E+2	8.191285E+0
9.610926E+2	7.912596E+0
9.613347E+2	8.174891E+0
9.615767E+2	8.153033E+0
9.618187E+2	8.486367E+0
9.620607E+2	8.114782E+0
9.623027E+2	8.109318E+0
9.625447E+2	7.939919E+0
9.627867E+2	7.868880E+0
9.630287E+2	7.644837E+0
9.632706E+2	7.655766E+0
9.635126E+2	7.677624E+0
9.637545E+2	7.163962E+0
9.639965E+2	7.360684E+0
9.642384E+2	7.393471E+0
9.644803E+2	7.349755E+0
9.647222E+2	7.295110E+0
9.649641E+2	7.213143E+0
9.652060E+2	7.415329E+0
9.654479E+2	7.666695E+0
9.656897E+2	7.469973E+0
9.659316E+2	7.535547E+0
9.661734E+2	7.431722E+0
9.664153E+2	7.420793E+0
9.666571E+2	7.469973E+0
9.668989E+2	7.628443E+0
9.671408E+2	7.737733E+0
9.673826E+2	7.688553E+0
9.676243E+2	7.819700E+0
9.678661E+2	7.983635E+0
9.681079E+2	8.136640E+0
9.683497E+2	8.240465E+0
9.685914E+2	8.202214E+0
9.688332E+2	8.284181E+0
9.690749E+2	8.333361E+0
9.693166E+2	8.469973E+0
9.695583E+2	8.497296E+0
9.698001E+2	8.207678E+0
9.700417E+2	8.147569E+0
9.702834E+2	7.994564E+0
9.705251E+2	7.972706E+0
9.707668E+2	7.945383E+0
9.710084E+2	7.907132E+0
9.712501E+2	7.830629E+0
9.714917E+2	7.775984E+0
9.717334E+2	7.847023E+0
9.719750E+2	7.830629E+0
9.722166E+2	8.076531E+0
9.724582E+2	8.163962E+0
9.726998E+2	8.114782E+0
9.729414E+2	8.174891E+0
9.731830E+2	8.103853E+0
9.734245E+2	8.054673E+0
9.736661E+2	8.092924E+0
9.739076E+2	8.229536E+0
9.741492E+2	8.087460E+0
9.743907E+2	8.174891E+0
9.746322E+2	8.060137E+0
9.748737E+2	8.114782E+0
9.751152E+2	8.158498E+0
9.753567E+2	8.169427E+0
9.755982E+2	8.262323E+0
9.758396E+2	8.464509E+0
9.760811E+2	8.409864E+0
9.763226E+2	8.765055E+0
9.765640E+2	8.836094E+0
9.768054E+2	8.989099E+0
9.770468E+2	9.071066E+0
9.772883E+2	9.431722E+0
9.775297E+2	9.573799E+0
9.777711E+2	9.754126E+0
9.780124E+2	9.459044E+0
9.782538E+2	9.333361E+0
9.784952E+2	9.360684E+0
9.787365E+2	9.092924E+0
9.789779E+2	9.087460E+0
9.792192E+2	9.224072E+0
9.794605E+2	9.311503E+0
9.797019E+2	9.431722E+0
9.799432E+2	9.289646E+0
9.801845E+2	9.191285E+0
9.804257E+2	9.557405E+0
9.806670E+2	9.612050E+0
9.809083E+2	9.562870E+0
9.811496E+2	9.759591E+0
9.813908E+2	9.672159E+0
9.816320E+2	9.404400E+0
9.818733E+2	9.229536E+0
9.821145E+2	9.333361E+0
9.823557E+2	9.448115E+0
9.825969E+2	9.448115E+0
9.828381E+2	9.245930E+0
9.830793E+2	9.404400E+0
9.833205E+2	9.202214E+0
9.835616E+2	9.147569E+0
9.838028E+2	9.049208E+0
9.840439E+2	9.180356E+0
9.842851E+2	9.021886E+0
9.845262E+2	9.191285E+0
9.847673E+2	9.196749E+0
9.850084E+2	9.251394E+0
9.852495E+2	9.633908E+0
9.854906E+2	9.786913E+0
9.857317E+2	9.879809E+0
9.859727E+2	9.967241E+0
9.862138E+2	1.013118E+1
9.864549E+2	1.026779E+1
9.866959E+2	1.018036E+1
9.869369E+2	1.001096E+1
9.871779E+2	9.950848E+0
9.874190E+2	9.907132E+0
9.876600E+2	9.836094E+0
9.879010E+2	1.004921E+1
9.881419E+2	9.950848E+0
9.883829E+2	1.010385E+1
9.886239E+2	9.863416E+0
9.888648E+2	9.825165E+0
9.891058E+2	9.928990E+0
9.893467E+2	1.018582E+1
9.895876E+2	1.021861E+1
9.898285E+2	1.012571E+1
9.900695E+2	1.028965E+1
9.903104E+2	1.013664E+1
9.905512E+2	1.015303E+1
9.907921E+2	1.012571E+1
9.910330E+2	1.002735E+1
9.912738E+2	9.721339E+0
9.915147E+2	9.879809E+0
9.917555E+2	9.907132E+0
9.919964E+2	9.726804E+0
9.922372E+2	9.896203E+0
9.924780E+2	9.972706E+0
9.927188E+2	1.014210E+1
9.929596E+2	1.047544E+1
9.932004E+2	1.055194E+1
9.934411E+2	1.053555E+1
9.936819E+2	1.044265E+1
9.939227E+2	1.048637E+1
9.941634E+2	1.063937E+1
9.944041E+2	1.068855E+1
9.946449E+2	1.104374E+1
9.948856E+2	1.121314E+1
9.951263E+2	1.109292E+1
9.953670E+2	1.120221E+1
9.956077E+2	1.134975E+1
9.958483E+2	1.125139E+1
9.960890E+2	1.124593E+1
9.963297E+2	1.128418E+1
9.965703E+2	1.109839E+1
9.968109E+2	1.109292E+1
9.970516E+2	1.099456E+1
9.972922E+2	1.102189E+1
9.975328E+2	1.100003E+1
9.977734E+2	1.091806E+1
9.980140E+2	1.109839E+1
9.982546E+2	1.099456E+1
9.984951E+2	1.118036E+1
9.987357E+2	1.100003E+1
9.989763E+2	1.132790E+1
9.992168E+2	1.120221E+1
9.994573E+2	1.118582E+1
9.996978E+2	1.115850E+1
9.999384E+2	1.089074E+1
1.000179E+3	1.056287E+1
1.000419E+3	1.047544E+1
1.000660E+3	1.039347E+1
1.000900E+3	1.039347E+1
1.001141E+3	1.030057E+1
1.001381E+3	1.040986E+1
1.001622E+3	1.046997E+1
1.001862E+3	1.053555E+1
1.002103E+3	1.067216E+1
1.002343E+3	1.061751E+1
1.002583E+3	1.046451E+1
1.002824E+3	1.050822E+1
1.003064E+3	1.066123E+1
1.003305E+3	1.089074E+1
1.003545E+3	1.088527E+1
1.003785E+3	1.070495E+1
1.004026E+3	1.065577E+1
1.004266E+3	1.061205E+1
1.004506E+3	1.073227E+1
1.004747E+3	1.078145E+1
1.004987E+3	1.074320E+1
1.005227E+3	1.064484E+1
1.005468E+3	1.057380E+1
1.005708E+3	1.048090E+1
1.005948E+3	1.063937E+1
1.006188E+3	1.054101E+1
1.006429E+3	1.056287E+1
1.006669E+3	1.064484E+1
1.006909E+3	1.057926E+1
1.007149E+3	1.066669E+1
1.007390E+3	1.074866E+1
1.007630E+3	1.053008E+1
1.007870E+3	1.046997E+1
1.008110E+3	1.065577E+1
1.008350E+3	1.070495E+1
1.008590E+3	1.080331E+1
1.008831E+3	1.076506E+1
1.009071E+3	1.053555E+1
1.009311E+3	1.026779E+1
1.009551E+3	1.001642E+1
1.009791E+3	9.890738E+0
1.010031E+3	9.847023E+0
1.010271E+3	9.939919E+0
1.010511E+3	1.010385E+1
1.010752E+3	1.025139E+1
1.010992E+3	1.036068E+1
1.011232E+3	1.056287E+1
1.011472E+3	1.045904E+1
1.011712E+3	1.024593E+1
1.011952E+3	1.005467E+1
1.012192E+3	1.008200E+1
1.012432E+3	1.010932E+1
1.012672E+3	9.797842E+0
1.012912E+3	1.006014E+1
1.013152E+3	1.001096E+1
1.013392E+3	1.012571E+1
1.013632E+3	9.874345E+0
1.013872E+3	1.004921E+1
1.014112E+3	1.009292E+1
1.014352E+3	1.014210E+1
1.014591E+3	1.030604E+1
1.014831E+3	1.057926E+1
1.015071E+3	1.070495E+1
1.015311E+3	1.069948E+1
1.015551E+3	1.065030E+1
1.015791E+3	1.054648E+1
1.016031E+3	1.063391E+1
1.016271E+3	1.083063E+1
1.016511E+3	1.067216E+1
1.016750E+3	1.063937E+1
1.016990E+3	1.070495E+1
1.017230E+3	1.088527E+1
1.017470E+3	1.106014E+1
1.017710E+3	1.100003E+1
1.017949E+3	1.088527E+1
1.018189E+3	1.103828E+1
1.018429E+3	1.108200E+1
1.018669E+3	1.096178E+1
1.018908E+3	1.094538E+1
1.019148E+3	1.087434E+1
1.019388E+3	1.069402E+1
1.019628E+3	1.092353E+1
1.019867E+3	1.096724E+1
1.020107E+3	1.113664E+1
1.020347E+3	1.098910E+1
1.020586E+3	1.092353E+1
1.020826E+3	1.081970E+1
1.021066E+3	1.078691E+1
1.021305E+3	1.060112E+1
1.021545E+3	1.066669E+1
1.021785E+3	1.054648E+1
1.022024E+3	1.059019E+1
1.022264E+3	1.077052E+1
1.022504E+3	1.081424E+1
1.022743E+3	1.085249E+1
1.022983E+3	1.106014E+1
1.023222E+3	1.074320E+1
1.023462E+3	1.066669E+1
1.023702E+3	1.074866E+1
1.023941E+3	1.083609E+1
1.024181E+3	1.119675E+1
1.024420E+3	1.145358E+1
1.024660E+3	1.151369E+1
1.024899E+3	1.150276E+1
1.025139E+3	1.149183E+1
1.025378E+3	1.115303E+1
1.025618E+3	1.081424E+1
1.025857E+3	1.074320E+1
1.026097E+3	1.063937E+1
1.026336E+3	1.080331E+1
1.026575E+3	1.079784E+1
1.026815E+3	1.066123E+1
1.027054E+3	1.057926E+1
1.027294E+3	1.086888E+1
1.027533E+3	1.063937E+1
1.027773E+3	1.059019E+1
1.028012E+3	1.058473E+1
1.028251E+3	1.069402E+1
1.028491E+3	1.083609E+1
1.028730E+3	1.096724E+1
1.028969E+3	1.085249E+1
1.029209E+3	1.063937E+1
1.029448E+3	1.056287E+1
1.029687E+3	1.076506E+1
1.029927E+3	1.074866E+1
1.030166E+3	1.067762E+1
1.030405E+3	1.077052E+1
1.030645E+3	1.053008E+1
1.030884E+3	1.005467E+1
1.031123E+3	1.004374E+1
1.031362E+3	1.007653E+1
1.031602E+3	1.028965E+1
1.031841E+3	1.002735E+1
1.032080E+3	1.001642E+1
1.032319E+3	9.688553E+0
1.032558E+3	9.775984E+0
1.032798E+3	9.879809E+0
1.033037E+3	1.002735E+1
1.033276E+3	1.006014E+1
1.033515E+3	1.004374E+1
1.033754E+3	9.978170E+0
1.033993E+3	1.000549E+1
1.034233E+3	9.694017E+0
1.034472E+3	9.448115E+0
1.034711E+3	9.371613E+0
1.034950E+3	9.464509E+0
1.035189E+3	9.213143E+0
1.035428E+3	9.109318E+0
1.035667E+3	8.786913E+0
1.035906E+3	8.803307E+0
1.036145E+3	8.907132E+0
1.036384E+3	8.912596E+0
1.036623E+3	8.857952E+0
1.036862E+3	8.770520E+0
1.037101E+3	8.797842E+0
1.037340E+3	8.907132E+0
1.037579E+3	9.005493E+0
1.037818E+3	9.256859E+0
1.038057E+3	9.185820E+0
1.038296E+3	9.191285E+0
1.038535E+3	9.289646E+0
1.038774E+3	9.087460E+0
1.039013E+3	8.830629E+0
1.039252E+3	8.694017E+0
1.039491E+3	8.852487E+0
1.039730E+3	8.743197E+0
1.039969E+3	8.950848E+0
1.040208E+3	9.016421E+0
1.040447E+3	8.890738E+0
1.040685E+3	9.180356E+0
1.040924E+3	9.229536E+0
1.041163E+3	9.153033E+0
1.041402E+3	9.218607E+0
1.041641E+3	9.344290E+0
1.041880E+3	9.344290E+0
1.042118E+3	9.398935E+0
1.042357E+3	9.398935E+0
1.042596E+3	9.426258E+0
1.042835E+3	9.480902E+0
1.043074E+3	9.273252E+0
1.043312E+3	8.967241E+0
1.043551E+3	9.065602E+0
1.043790E+3	9.398935E+0
1.044029E+3	9.459044E+0
1.044267E+3	9.180356E+0
1.044506E+3	9.213143E+0
1.044745E+3	9.267788E+0
1.044983E+3	9.273252E+0
1.045222E+3	9.524618E+0
1.045461E+3	9.907132E+0
1.045699E+3	9.792378E+0
1.045938E+3	9.726804E+0
1.046177E+3	9.349755E+0
1.046415E+3	9.366148E+0
1.046654E+3	9.191285E+0
1.046893E+3	9.344290E+0
1.047131E+3	9.327897E+0
1.047370E+3	9.273252E+0
1.047608E+3	9.202214E+0
1.047847E+3	9.256859E+0
1.048086E+3	9.431722E+0
1.048324E+3	9.808771E+0
1.048563E+3	9.901667E+0
1.048801E+3	1.019675E+1
1.049040E+3	1.028418E+1
1.049278E+3	1.011478E+1
1.049517E+3	1.007653E+1
1.049755E+3	1.038254E+1
1.049994E+3	1.063391E+1
1.050232E+3	1.114210E+1
1.050471E+3	1.121861E+1
1.050709E+3	1.096724E+1
1.050948E+3	1.098363E+1
1.051186E+3	1.109292E+1
1.051424E+3	1.093992E+1
1.051663E+3	1.097271E+1
1.051901E+3	1.059566E+1
1.052140E+3	1.024593E+1
1.052378E+3	1.037708E+1
1.052616E+3	1.060659E+1
1.052855E+3	1.057926E+1
1.053093E+3	1.052462E+1
1.053332E+3	1.030604E+1
1.053570E+3	1.060112E+1
1.053808E+3	1.080331E+1
1.054047E+3	1.072134E+1
1.054285E+3	1.091260E+1
1.054523E+3	1.111478E+1
1.054761E+3	1.122407E+1
1.055000E+3	1.139347E+1
1.055238E+3	1.115303E+1
1.055476E+3	1.102189E+1
1.055715E+3	1.120221E+1
1.055953E+3	1.121861E+1
1.056191E+3	1.101642E+1
1.056429E+3	1.104921E+1
1.056667E+3	1.112025E+1
1.056906E+3	1.127872E+1
1.057144E+3	1.113118E+1
1.057382E+3	1.095085E+1
1.057620E+3	1.106560E+1
1.057858E+3	1.125139E+1
1.058097E+3	1.141533E+1
1.058335E+3	1.103828E+1
1.058573E+3	1.085249E+1
1.058811E+3	1.072134E+1
1.059049E+3	1.090167E+1
1.059287E+3	1.084702E+1
1.059525E+3	1.078691E+1
1.059763E+3	1.060659E+1
1.060001E+3	1.050822E+1
1.060239E+3	1.072680E+1
1.060478E+3	1.063937E+1
1.060716E+3	1.074866E+1
1.060954E+3	1.096724E+1
1.061192E+3	1.114757E+1
1.061430E+3	1.109839E+1
1.061668E+3	1.102189E+1
1.061906E+3	1.083063E+1
1.062144E+3	1.063937E+1
1.062382E+3	1.061205E+1
1.062620E+3	1.044265E+1
1.062858E+3	9.967241E+0
1.063096E+3	9.803307E+0
1.063333E+3	9.628443E+0
1.063571E+3	9.590192E+0
1.063809E+3	9.857952E+0
1.064047E+3	1.006014E+1
1.064285E+3	1.006560E+1
1.064523E+3	1.003281E+1
1.064761E+3	9.672159E+0
1.064999E+3	9.557405E+0
1.065237E+3	9.535547E+0
1.065474E+3	9.699482E+0
1.065712E+3	9.519154E+0
1.065950E+3	9.459044E+0
1.066188E+3	9.398935E+0
1.066426E+3	9.459044E+0
1.066664E+3	9.491831E+0
1.066901E+3	9.180356E+0
1.067139E+3	8.945383E+0
1.067377E+3	8.950848E+0
1.067615E+3	8.907132E+0
1.067852E+3	9.071066E+0
1.068090E+3	8.732268E+0
1.068328E+3	8.442651E+0
1.068566E+3	8.366148E+0
1.068803E+3	8.016421E+0
1.069041E+3	7.633908E+0
1.069279E+3	7.551941E+0
1.069516E+3	7.480902E+0
1.069754E+3	7.371613E+0
1.069992E+3	7.480902E+0
1.070229E+3	7.459044E+0
1.070467E+3	7.464509E+0
1.070705E+3	7.661230E+0
1.070942E+3	7.568334E+0
1.071180E+3	7.486367E+0
1.071418E+3	7.448115E+0
1.071655E+3	7.573799E+0
1.071893E+3	7.606585E+0
1.072130E+3	7.404400E+0
1.072368E+3	7.393471E+0
1.072605E+3	7.207678E+0
1.072843E+3	7.338826E+0
1.073081E+3	7.486367E+0
1.073318E+3	7.666695E+0
1.073556E+3	7.551941E+0
1.073793E+3	7.431722E+0
1.074031E+3	7.366148E+0
1.074268E+3	7.371613E+0
1.074506E+3	7.459044E+0
1.074743E+3	7.415329E+0
1.074981E+3	7.513689E+0
1.075218E+3	7.715875E+0
1.075455E+3	7.579263E+0
1.075693E+3	7.349755E+0
1.075930E+3	7.289646E+0
1.076168E+3	7.267788E+0
1.076405E+3	7.442651E+0
1.076642E+3	7.508225E+0
1.076880E+3	7.568334E+0
1.077117E+3	7.426258E+0
1.077355E+3	7.606585E+0
1.077592E+3	7.956312E+0
1.077829E+3	7.918061E+0
1.078067E+3	8.136640E+0
1.078304E+3	8.131176E+0
1.078541E+3	8.153033E+0
1.078779E+3	8.207678E+0
1.079016E+3	8.202214E+0
1.079253E+3	8.431722E+0
1.079490E+3	8.344290E+0
1.079728E+3	8.459044E+0
1.079965E+3	8.191285E+0
1.080202E+3	8.229536E+0
1.080439E+3	8.284181E+0
1.080677E+3	8.196749E+0
1.080914E+3	8.491831E+0
1.081151E+3	8.546476E+0
1.081388E+3	8.759591E+0
1.081625E+3	8.989099E+0
1.081863E+3	8.786913E+0
1.082100E+3	8.830629E+0
1.082337E+3	8.743197E+0
1.082574E+3	8.715875E+0
1.082811E+3	9.027350E+0
1.083048E+3	9.136640E+0
1.083285E+3	9.060137E+0
1.083522E+3	9.235001E+0
1.083760E+3	9.338826E+0
1.083997E+3	9.459044E+0
1.084234E+3	9.601121E+0
1.084471E+3	9.688553E+0
1.084708E+3	9.754126E+0
1.084945E+3	9.879809E+0
1.085182E+3	9.797842E+0
1.085419E+3	9.847023E+0
1.085656E+3	9.885274E+0
1.085893E+3	9.781449E+0
1.086130E+3	9.825165E+0
1.086367E+3	1.010385E+1
1.086604E+3	1.020768E+1
1.086841E+3	1.027325E+1
1.087078E+3	1.036068E+1
1.087315E+3	1.045358E+1
1.087552E+3	1.036068E+1
1.087789E+3	1.032243E+1
1.088026E+3	1.014757E+1
1.088262E+3	1.033336E+1
1.088499E+3	1.044812E+1
1.088736E+3	1.052462E+1
1.088973E+3	1.030057E+1
1.089210E+3	1.041533E+1
1.089447E+3	1.017489E+1
1.089684E+3	1.004374E+1
1.089921E+3	9.918061E+0
1.090157E+3	1.018036E+1
1.090394E+3	1.030604E+1
1.090631E+3	1.037161E+1
1.090868E+3	1.027325E+1
1.091105E+3	1.026779E+1
1.091341E+3	1.013664E+1
1.091578E+3	1.028418E+1
1.091815E+3	1.029511E+1
1.092052E+3	1.013118E+1
1.092288E+3	1.027872E+1
1.092525E+3	1.024047E+1
1.092762E+3	1.002735E+1
1.092999E+3	9.726804E+0
1.093235E+3	9.530083E+0
1.093472E+3	9.349755E+0
1.093709E+3	9.153033E+0
1.093945E+3	9.344290E+0
1.094182E+3	9.327897E+0
1.094419E+3	9.224072E+0
1.094655E+3	8.907132E+0
1.094892E+3	8.748662E+0
1.095128E+3	9.000028E+0
1.095365E+3	8.830629E+0
1.095602E+3	8.765055E+0
1.095838E+3	8.530083E+0
1.096075E+3	8.360684E+0
1.096311E+3	8.437186E+0
1.096548E+3	8.213143E+0
1.096784E+3	8.202214E+0
1.097021E+3	8.530083E+0
1.097258E+3	8.327897E+0
1.097494E+3	8.010957E+0
1.097731E+3	8.235001E+0
1.097967E+3	8.174891E+0
1.098204E+3	8.131176E+0
1.098440E+3	7.797842E+0
1.098677E+3	7.907132E+0
1.098913E+3	7.781449E+0
1.099149E+3	7.726804E+0
1.099386E+3	7.562870E+0
1.099622E+3	7.519154E+0
1.099859E+3	7.491831E+0
1.100095E+3	7.251394E+0
1.100332E+3	7.366148E+0
1.100568E+3	7.295110E+0
1.100804E+3	6.907132E+0
1.101041E+3	6.918061E+0
1.101277E+3	6.961777E+0
1.101513E+3	6.857952E+0
1.101750E+3	6.879809E+0
1.101986E+3	7.038279E+0
1.102222E+3	7.032815E+0
1.102459E+3	7.377077E+0
1.102695E+3	7.469973E+0
1.102931E+3	7.584727E+0
1.103168E+3	7.562870E+0
1.103404E+3	7.622979E+0
1.103640E+3	7.480902E+0
1.103876E+3	7.759591E+0
1.104113E+3	7.972706E+0
1.104349E+3	8.109318E+0
1.104585E+3	8.092924E+0
1.104821E+3	7.994564E+0
1.105057E+3	7.857952E+0
1.105294E+3	7.819700E+0
1.105530E+3	7.852487E+0
1.105766E+3	7.786913E+0
1.106002E+3	7.732268E+0
1.106238E+3	7.491831E+0
1.106474E+3	7.393471E+0
1.106711E+3	7.415329E+0
1.106947E+3	7.273252E+0
1.107183E+3	7.240465E+0
1.107419E+3	7.284181E+0
1.107655E+3	7.163962E+0
1.107891E+3	7.300574E+0
1.108127E+3	1.102735E+1
1.108363E+3	1.202735E+1
1.108599E+3	6.694017E+0
1.108835E+3	1.769402E+1
1.109071E+3	1.569402E+1
1.109307E+3	1.169402E+1
1.109543E+3	2.002735E+1
1.109779E+3	1.436068E+1
1.110015E+3	1.769402E+1
1.110251E+3	7.360684E+0
1.110487E+3	8.027350E+0
1.110723E+3	6.694017E+0
1.110959E+3	1.402735E+1
1.111195E+3	2.369402E+1
1.111431E+3	1.402735E+1
1.111667E+3	1.269402E+1
1.111903E+3	5.360684E+0
1.112139E+3	2.027350E+0
1.112375E+3	7.360684E+0
1.112611E+3	7.694017E+0
1.112847E+3	1.694017E+0
1.113082E+3	4.027350E+0
1.113318E+3	-9.726496E-1
1.113554E+3	6.027350E+0
1.113790E+3	1.336068E+1
1.114026E+3	3.027350E+0
1.114262E+3	3.027350E+0
1.114497E+3	4.360684E+0
1.114733E+3	-6.393162E-1
1.114969E+3	6.027350E+0
