1.951292E+2	0.000000E+0
1.953960E+2	0.000000E+0
1.956629E+2	0.000000E+0
1.959298E+2	0.000000E+0
1.961966E+2	0.000000E+0
1.964635E+2	0.000000E+0
1.967303E+2	0.000000E+0
1.969972E+2	0.000000E+0
1.972640E+2	0.000000E+0
1.975308E+2	0.000000E+0
1.977977E+2	0.000000E+0
1.980645E+2	0.000000E+0
1.983313E+2	0.000000E+0
1.985981E+2	0.000000E+0
1.988649E+2	0.000000E+0
1.991316E+2	0.000000E+0
1.993984E+2	0.000000E+0
1.996652E+2	0.000000E+0
1.999320E+2	0.000000E+0
2.001987E+2	0.000000E+0
2.004655E+2	0.000000E+0
2.007322E+2	0.000000E+0
2.009989E+2	0.000000E+0
2.012657E+2	0.000000E+0
2.015324E+2	0.000000E+0
2.017991E+2	0.000000E+0
2.020658E+2	0.000000E+0
2.023325E+2	0.000000E+0
2.025992E+2	0.000000E+0
2.028659E+2	0.000000E+0
2.031326E+2	0.000000E+0
2.033992E+2	0.000000E+0
2.036659E+2	0.000000E+0
2.039325E+2	0.000000E+0
2.041992E+2	0.000000E+0
2.044658E+2	0.000000E+0
2.047325E+2	0.000000E+0
2.049991E+2	0.000000E+0
2.052657E+2	0.000000E+0
2.055323E+2	0.000000E+0
2.057989E+2	0.000000E+0
2.060655E+2	0.000000E+0
2.063321E+2	0.000000E+0
2.065987E+2	0.000000E+0
2.068653E+2	0.000000E+0
2.071319E+2	0.000000E+0
2.073984E+2	0.000000E+0
2.076650E+2	0.000000E+0
2.079315E+2	0.000000E+0
2.081981E+2	0.000000E+0
2.084646E+2	0.000000E+0
2.087311E+2	0.000000E+0
2.089977E+2	0.000000E+0
2.092642E+2	0.000000E+0
2.095307E+2	0.000000E+0
2.097972E+2	0.000000E+0
2.100637E+2	0.000000E+0
2.103302E+2	0.000000E+0
2.105966E+2	0.000000E+0
2.108631E+2	0.000000E+0
2.111296E+2	0.000000E+0
2.113960E+2	0.000000E+0
2.116625E+2	0.000000E+0
2.119289E+2	0.000000E+0
2.121954E+2	0.000000E+0
2.124618E+2	0.000000E+0
2.127282E+2	0.000000E+0
2.129946E+2	0.000000E+0
2.132610E+2	0.000000E+0
2.135274E+2	0.000000E+0
2.137938E+2	0.000000E+0
2.140602E+2	0.000000E+0
2.143266E+2	0.000000E+0
2.145930E+2	0.000000E+0
2.148593E+2	0.000000E+0
2.151257E+2	0.000000E+0
2.153920E+2	0.000000E+0
2.156584E+2	0.000000E+0
2.159247E+2	0.000000E+0
2.161910E+2	0.000000E+0
2.164574E+2	0.000000E+0
2.167237E+2	0.000000E+0
2.169900E+2	0.000000E+0
2.172563E+2	0.000000E+0
2.175226E+2	0.000000E+0
2.177889E+2	0.000000E+0
2.180551E+2	0.000000E+0
2.183214E+2	0.000000E+0
2.185877E+2	0.000000E+0
2.188539E+2	0.000000E+0
2.191202E+2	0.000000E+0
2.193864E+2	0.000000E+0
2.196527E+2	0.000000E+0
2.199189E+2	0.000000E+0
2.201851E+2	0.000000E+0
2.204513E+2	0.000000E+0
2.207175E+2	0.000000E+0
2.209837E+2	0.000000E+0
2.212499E+2	0.000000E+0
2.215161E+2	0.000000E+0
2.217823E+2	0.000000E+0
2.220485E+2	0.000000E+0
2.223146E+2	0.000000E+0
2.225808E+2	0.000000E+0
2.228469E+2	0.000000E+0
2.231131E+2	0.000000E+0
2.233792E+2	0.000000E+0
2.236453E+2	0.000000E+0
2.239115E+2	0.000000E+0
2.241776E+2	0.000000E+0
2.244437E+2	0.000000E+0
2.247098E+2	0.000000E+0
2.249759E+2	0.000000E+0
2.252420E+2	0.000000E+0
2.255080E+2	0.000000E+0
2.257741E+2	0.000000E+0
2.260402E+2	0.000000E+0
2.263062E+2	0.000000E+0
2.265723E+2	0.000000E+0
2.268383E+2	0.000000E+0
2.271044E+2	0.000000E+0
2.273704E+2	0.000000E+0
2.276364E+2	0.000000E+0
2.279024E+2	0.000000E+0
2.281684E+2	0.000000E+0
2.284344E+2	0.000000E+0
2.287004E+2	0.000000E+0
2.289664E+2	0.000000E+0
2.292324E+2	0.000000E+0
2.294984E+2	0.000000E+0
2.297643E+2	0.000000E+0
2.300303E+2	0.000000E+0
2.302962E+2	0.000000E+0
2.305622E+2	0.000000E+0
2.308281E+2	0.000000E+0
2.310940E+2	0.000000E+0
2.313599E+2	0.000000E+0
2.316259E+2	0.000000E+0
2.318918E+2	0.000000E+0
2.321577E+2	0.000000E+0
2.324236E+2	0.000000E+0
2.326894E+2	0.000000E+0
2.329553E+2	0.000000E+0
2.332212E+2	0.000000E+0
2.334871E+2	0.000000E+0
2.337529E+2	0.000000E+0
2.340188E+2	0.000000E+0
2.342846E+2	0.000000E+0
2.345504E+2	0.000000E+0
2.348163E+2	0.000000E+0
2.350821E+2	0.000000E+0
2.353479E+2	0.000000E+0
2.356137E+2	0.000000E+0
2.358795E+2	0.000000E+0
2.361453E+2	0.000000E+0
2.364111E+2	0.000000E+0
2.366769E+2	0.000000E+0
2.369426E+2	0.000000E+0
2.372084E+2	0.000000E+0
2.374741E+2	0.000000E+0
2.377399E+2	0.000000E+0
2.380056E+2	0.000000E+0
2.382714E+2	0.000000E+0
2.385371E+2	0.000000E+0
2.388028E+2	0.000000E+0
2.390685E+2	0.000000E+0
2.393342E+2	0.000000E+0
2.395999E+2	0.000000E+0
2.398656E+2	0.000000E+0
2.401313E+2	0.000000E+0
2.403970E+2	0.000000E+0
2.406626E+2	0.000000E+0
2.409283E+2	0.000000E+0
2.411940E+2	0.000000E+0
2.414596E+2	0.000000E+0
2.417252E+2	0.000000E+0
2.419909E+2	0.000000E+0
2.422565E+2	0.000000E+0
2.425221E+2	0.000000E+0
2.427877E+2	0.000000E+0
2.430533E+2	0.000000E+0
2.433189E+2	0.000000E+0
2.435845E+2	0.000000E+0
2.438501E+2	0.000000E+0
2.441157E+2	0.000000E+0
2.443812E+2	0.000000E+0
2.446468E+2	0.000000E+0
2.449124E+2	0.000000E+0
2.451779E+2	0.000000E+0
2.454434E+2	0.000000E+0
2.457090E+2	0.000000E+0
2.459745E+2	0.000000E+0
2.462400E+2	0.000000E+0
2.465055E+2	0.000000E+0
2.467710E+2	0.000000E+0
2.470365E+2	0.000000E+0
2.473020E+2	0.000000E+0
2.475675E+2	0.000000E+0
2.478330E+2	0.000000E+0
2.480984E+2	0.000000E+0
2.483639E+2	0.000000E+0
2.486294E+2	0.000000E+0
2.488948E+2	0.000000E+0
2.491602E+2	0.000000E+0
2.494257E+2	0.000000E+0
2.496911E+2	0.000000E+0
2.499565E+2	0.000000E+0
2.502219E+2	4.552165E+0
2.504873E+2	4.601345E+0
2.507527E+2	4.087684E+0
2.510181E+2	4.060361E+0
2.512835E+2	4.049433E+0
2.515489E+2	4.136864E+0
2.518142E+2	4.049433E+0
2.520796E+2	4.344515E+0
2.523449E+2	4.634132E+0
2.526103E+2	4.486591E+0
2.528756E+2	4.153258E+0
2.531409E+2	3.836318E+0
2.534063E+2	3.743422E+0
2.536716E+2	4.404624E+0
2.539369E+2	4.459269E+0
2.542022E+2	4.869105E+0
2.544675E+2	4.371837E+0
2.547328E+2	4.415553E+0
2.549980E+2	4.601345E+0
2.552633E+2	4.218831E+0
2.555286E+2	3.792602E+0
2.557938E+2	3.732493E+0
2.560591E+2	4.360908E+0
2.563243E+2	4.382766E+0
2.565896E+2	4.399159E+0
2.568548E+2	4.541236E+0
2.571200E+2	4.579487E+0
2.573852E+2	4.590416E+0
2.576504E+2	4.513913E+0
2.579156E+2	4.595881E+0
2.581808E+2	4.705170E+0
2.584460E+2	4.901892E+0
2.587112E+2	4.912821E+0
2.589763E+2	4.672383E+0
2.592415E+2	4.502984E+0
2.595067E+2	4.770744E+0
2.597718E+2	4.896427E+0
2.600369E+2	5.246154E+0
2.603021E+2	5.333586E+0
2.605672E+2	5.541236E+0
2.608323E+2	5.907356E+0
2.610974E+2	5.677848E+0
2.613625E+2	5.601345E+0
2.616276E+2	5.737957E+0
2.618927E+2	5.470198E+0
2.621578E+2	5.322657E+0
2.624229E+2	5.147793E+0
2.626880E+2	5.737957E+0
2.629530E+2	5.951072E+0
2.632181E+2	5.519378E+0
2.634831E+2	5.579487E+0
2.637482E+2	5.519378E+0
2.640132E+2	5.978394E+0
2.642782E+2	6.005717E+0
2.645432E+2	5.759815E+0
2.648082E+2	6.213367E+0
2.650732E+2	5.880034E+0
2.653382E+2	5.639596E+0
2.656032E+2	5.011181E+0
2.658682E+2	5.043968E+0
2.661332E+2	5.300799E+0
2.663981E+2	5.262547E+0
2.666631E+2	5.136864E+0
2.669281E+2	5.382766E+0
2.671930E+2	5.093148E+0
2.674579E+2	4.732493E+0
2.677229E+2	5.043968E+0
2.679878E+2	5.038504E+0
2.682527E+2	4.956536E+0
2.685176E+2	4.508449E+0
2.687825E+2	4.393695E+0
2.690474E+2	4.530307E+0
2.693123E+2	4.360908E+0
2.695772E+2	4.317192E+0
2.698420E+2	4.071290E+0
2.701069E+2	4.049433E+0
2.703718E+2	3.923749E+0
2.706366E+2	4.360908E+0
2.709014E+2	4.136864E+0
2.711663E+2	3.901892E+0
2.714311E+2	3.901892E+0
2.716959E+2	4.087684E+0
2.719607E+2	3.989323E+0
2.722255E+2	3.388230E+0
2.724903E+2	3.213367E+0
2.727551E+2	3.339050E+0
2.730199E+2	3.344515E+0
2.732847E+2	3.453804E+0
2.735495E+2	3.404624E+0
2.738142E+2	3.317192E+0
2.740790E+2	3.699706E+0
2.743437E+2	3.814460E+0
2.746085E+2	3.492055E+0
2.748732E+2	3.415553E+0
2.751379E+2	3.399159E+0
2.754026E+2	3.552165E+0
2.756674E+2	3.268012E+0
2.759321E+2	3.262547E+0
2.761968E+2	2.677848E+0
2.764614E+2	2.546700E+0
2.767261E+2	2.557629E+0
2.769908E+2	2.136864E+0
2.772555E+2	2.191509E+0
2.775201E+2	1.962001E+0
2.777848E+2	1.967465E+0
2.780494E+2	2.317192E+0
2.783141E+2	2.563094E+0
2.785787E+2	2.929214E+0
2.788433E+2	2.634132E+0
2.791079E+2	2.322657E+0
2.793725E+2	1.781673E+0
2.796371E+2	1.524842E+0
2.799017E+2	1.333586E+0
2.801663E+2	9.292140E-1
2.804309E+2	8.636402E-1
2.806955E+2	9.674653E-1
2.809600E+2	7.051702E-1
2.812246E+2	1.136864E+0
2.814891E+2	1.300799E+0
2.817537E+2	1.546700E+0
2.820182E+2	1.530307E+0
2.822827E+2	1.289870E+0
2.825473E+2	1.022110E+0
2.828118E+2	8.144599E-1
2.830763E+2	8.308533E-1
2.833408E+2	8.472467E-1
2.836053E+2	1.054897E+0
2.838697E+2	6.614544E-1
2.841342E+2	4.428752E-1
2.843987E+2	4.155528E-1
2.846632E+2	6.942413E-1
2.849276E+2	8.527112E-1
2.851921E+2	1.060361E+0
2.854565E+2	1.218831E+0
2.857209E+2	1.289870E+0
2.859853E+2	7.324926E-1
2.862498E+2	3.499790E-1
2.865142E+2	1.641866E-1
2.867786E+2	7.129046E-2
2.870430E+2	1.095418E-1
2.873074E+2	-1.199664E-1
2.875717E+2	-4.642287E-1
2.878361E+2	-5.352669E-1
2.881005E+2	-2.839008E-1
2.883648E+2	-1.691467E-1
2.886292E+2	-2.620429E-1
2.888935E+2	7.129046E-2
2.891579E+2	8.221942E-2
2.894222E+2	7.129046E-2
2.896865E+2	5.904161E-1
2.899508E+2	7.324926E-1
2.902151E+2	4.264817E-1
2.904794E+2	3.773014E-1
2.907437E+2	6.887768E-1
2.910080E+2	4.428752E-1
2.912723E+2	5.193779E-1
2.915366E+2	6.778478E-1
2.918008E+2	9.510719E-1
2.920651E+2	8.035309E-1
2.923293E+2	9.128205E-1
2.925936E+2	8.253888E-1
2.928578E+2	4.811265E-1
2.931220E+2	2.297604E-1
2.933863E+2	5.489702E-2
2.936505E+2	2.188314E-1
2.939147E+2	2.461538E-1
2.941789E+2	-1.254309E-1
2.944431E+2	-2.237915E-1
2.947072E+2	-5.985708E-2
2.949714E+2	-1.527533E-1
2.952356E+2	1.118117E-2
2.954997E+2	6.614544E-1
2.957639E+2	7.324926E-1
2.960280E+2	1.131400E+0
2.962922E+2	1.306263E+0
2.965563E+2	1.142329E+0
2.968204E+2	9.620008E-1
2.970845E+2	9.073560E-1
2.973486E+2	2.844052E-1
2.976127E+2	3.850357E-2
2.978768E+2	1.587222E-1
2.981409E+2	1.915090E-1
2.984050E+2	2.079025E-1
2.986691E+2	6.122741E-1
2.989331E+2	7.816730E-1
2.991972E+2	8.800336E-1
2.994612E+2	9.893232E-1
2.997253E+2	8.035309E-1
2.999893E+2	1.104077E+0
3.002534E+2	1.257083E+0
3.005174E+2	1.098613E+0
3.007814E+2	8.691047E-1
3.010454E+2	9.620008E-1
3.013094E+2	7.543506E-1
3.015734E+2	8.909626E-1
3.018374E+2	1.207902E+0
3.021013E+2	1.590416E+0
3.023653E+2	1.983859E+0
3.026293E+2	1.940143E+0
3.028932E+2	1.972930E+0
3.031572E+2	2.180580E+0
3.034211E+2	2.191509E+0
3.036850E+2	2.776208E+0
3.039489E+2	3.016646E+0
3.042129E+2	3.016646E+0
3.044768E+2	3.125935E+0
3.047407E+2	2.907356E+0
3.050046E+2	2.754351E+0
3.052685E+2	2.710635E+0
3.055323E+2	2.765280E+0
3.057962E+2	2.262547E+0
3.060601E+2	2.437411E+0
3.063239E+2	2.251618E+0
3.065878E+2	2.431946E+0
3.068516E+2	2.322657E+0
3.071155E+2	2.557629E+0
3.073793E+2	2.606810E+0
3.076431E+2	2.284405E+0
3.079069E+2	2.016646E+0
3.081707E+2	2.382766E+0
3.084345E+2	2.683312E+0
3.086983E+2	2.781673E+0
3.089621E+2	2.972930E+0
3.092259E+2	3.065826E+0
3.094896E+2	3.268012E+0
3.097534E+2	3.142329E+0
3.100171E+2	3.360908E+0
3.102809E+2	3.213367E+0
3.105446E+2	3.360908E+0
3.108084E+2	3.136864E+0
3.110721E+2	3.049433E+0
3.113358E+2	3.043968E+0
3.115995E+2	2.885498E+0
3.118632E+2	2.672383E+0
3.121269E+2	2.645061E+0
3.123906E+2	2.508449E+0
3.126543E+2	2.743422E+0
3.129179E+2	2.814460E+0
3.131816E+2	2.759815E+0
3.134453E+2	2.907356E+0
3.137089E+2	2.863640E+0
3.139725E+2	2.765280E+0
3.142362E+2	2.743422E+0
3.144998E+2	2.486591E+0
3.147634E+2	2.268012E+0
3.150270E+2	2.382766E+0
3.152906E+2	2.169651E+0
3.155542E+2	2.404624E+0
3.158178E+2	2.568558E+0
3.160814E+2	2.470198E+0
3.163450E+2	2.410088E+0
3.166086E+2	2.579487E+0
3.168721E+2	2.759815E+0
3.171357E+2	2.803531E+0
3.173992E+2	2.798066E+0
3.176627E+2	2.623203E+0
3.179263E+2	2.464733E+0
3.181898E+2	2.229760E+0
3.184533E+2	1.852711E+0
3.187168E+2	2.011181E+0
3.189803E+2	1.694241E+0
3.192438E+2	1.295334E+0
3.195073E+2	1.502984E+0
3.197708E+2	1.634132E+0
3.200342E+2	1.710635E+0
3.202977E+2	1.945607E+0
3.205612E+2	1.940143E+0
3.208246E+2	2.459269E+0
3.210881E+2	2.546700E+0
3.213515E+2	2.781673E+0
3.216149E+2	2.781673E+0
3.218783E+2	2.825389E+0
3.221417E+2	2.737957E+0
3.224051E+2	2.863640E+0
3.226685E+2	2.421017E+0
3.229319E+2	2.049433E+0
3.231953E+2	1.748886E+0
3.234587E+2	1.519378E+0
3.237221E+2	1.431946E+0
3.239854E+2	1.863640E+0
3.242488E+2	1.672383E+0
3.245121E+2	1.186045E+0
3.247754E+2	1.043968E+0
3.250388E+2	9.565364E-1
3.253021E+2	1.104077E+0
3.255654E+2	8.854981E-1
3.258287E+2	1.049433E+0
3.260920E+2	5.794872E-1
3.263553E+2	7.543506E-1
3.266186E+2	1.477932E-1
3.268819E+2	2.570828E-1
3.271451E+2	3.718369E-1
3.274084E+2	1.751156E-1
3.276717E+2	2.188314E-1
3.279349E+2	6.505254E-1
3.281981E+2	3.499790E-1
3.284614E+2	4.100883E-1
3.287246E+2	2.680118E-1
3.289878E+2	1.805801E-1
3.292510E+2	2.352249E-1
3.295142E+2	9.073560E-1
3.297774E+2	1.251618E+0
3.300406E+2	1.218831E+0
3.303038E+2	1.191509E+0
3.305670E+2	1.360908E+0
3.308301E+2	1.568558E+0
3.310933E+2	1.470198E+0
3.313564E+2	1.431946E+0
3.316196E+2	1.207902E+0
3.318827E+2	1.169651E+0
3.321458E+2	1.000252E+0
3.324089E+2	1.016646E+0
3.326721E+2	9.893232E-1
3.329352E+2	8.417823E-1
3.331983E+2	6.559899E-1
3.334614E+2	9.565364E-1
3.337244E+2	1.093148E+0
3.339875E+2	1.000252E+0
3.342506E+2	1.196974E+0
3.345136E+2	1.459269E+0
3.347767E+2	1.300799E+0
3.350397E+2	1.317192E+0
3.353028E+2	1.612274E+0
3.355658E+2	1.442875E+0
3.358288E+2	1.459269E+0
3.360918E+2	1.000252E+0
3.363548E+2	7.926019E-1
3.366178E+2	6.887768E-1
3.368808E+2	4.319462E-1
3.371438E+2	1.587222E-1
3.374068E+2	-1.964691E-1
3.376698E+2	-2.073981E-1
3.379327E+2	-4.892812E-2
3.381957E+2	-3.166877E-1
3.384586E+2	-6.117697E-1
3.387216E+2	-2.565784E-1
3.389845E+2	-4.892812E-2
3.392474E+2	1.664565E-2
3.395103E+2	6.036150E-2
3.397733E+2	2.734763E-1
3.400362E+2	-2.729718E-1
3.402990E+2	-4.205128E-1
3.405619E+2	-1.418243E-1
3.408248E+2	-7.078604E-2
3.410877E+2	9.861286E-2
3.413506E+2	1.969735E-1
3.416134E+2	2.625473E-1
3.418763E+2	1.040773E-1
3.421391E+2	2.789407E-1
3.424019E+2	1.805801E-1
3.426648E+2	6.887768E-1
3.429276E+2	9.510719E-1
3.431904E+2	9.565364E-1
3.434532E+2	1.180580E+0
3.437160E+2	1.164187E+0
3.439788E+2	9.510719E-1
3.442416E+2	9.893232E-1
3.445043E+2	1.131400E+0
3.447671E+2	8.964271E-1
3.450299E+2	9.674653E-1
3.452926E+2	8.691047E-1
3.455554E+2	2.734763E-1
3.458181E+2	1.664565E-2
3.460808E+2	4.396805E-2
3.463436E+2	5.412358E-1
3.466063E+2	7.051702E-1
3.468690E+2	4.264817E-1
3.471317E+2	1.641866E-1
3.473944E+2	1.150063E-1
3.476570E+2	1.860446E-1
3.479197E+2	1.860446E-1
3.481824E+2	3.554435E-1
3.484451E+2	3.882303E-1
3.487077E+2	4.538041E-1
3.489704E+2	2.844052E-1
3.492330E+2	1.368642E-1
3.494956E+2	2.352249E-1
3.497582E+2	3.936948E-1
3.500209E+2	1.259353E-1
3.502835E+2	1.532577E-1
3.505461E+2	2.953342E-1
3.508087E+2	3.882303E-1
3.510713E+2	3.882303E-1
3.513338E+2	2.242959E-1
3.515964E+2	3.062631E-1
3.518590E+2	6.582598E-2
3.521215E+2	3.281211E-1
3.523841E+2	-4.892812E-2
3.526466E+2	-9.264397E-2
3.529091E+2	1.118117E-2
3.531717E+2	6.036150E-2
3.534342E+2	9.674653E-1
3.536967E+2	1.164187E+0
3.539592E+2	7.707440E-1
3.542217E+2	9.401429E-1
3.544842E+2	1.202438E+0
3.547467E+2	8.691047E-1
3.550091E+2	1.153258E+0
3.552716E+2	1.470198E+0
3.555341E+2	1.770744E+0
3.557965E+2	1.431946E+0
3.560590E+2	2.065826E+0
3.563214E+2	2.366372E+0
3.565838E+2	2.191509E+0
3.568462E+2	2.207902E+0
3.571086E+2	2.186045E+0
3.573711E+2	2.093148E+0
3.576335E+2	2.284405E+0
3.578958E+2	2.257083E+0
3.581582E+2	2.355443E+0
3.584206E+2	2.246154E+0
3.586830E+2	2.153258E+0
3.589453E+2	1.579487E+0
3.592077E+2	1.388230E+0
3.594700E+2	1.481127E+0
3.597324E+2	1.710635E+0
3.599947E+2	1.541236E+0
3.602570E+2	1.852711E+0
3.605193E+2	1.448340E+0
3.607816E+2	1.825389E+0
3.610439E+2	2.486591E+0
3.613062E+2	2.825389E+0
3.615685E+2	2.737957E+0
3.618308E+2	2.737957E+0
3.620930E+2	3.011181E+0
3.623553E+2	2.776208E+0
3.626176E+2	2.781673E+0
3.628798E+2	3.076755E+0
3.631420E+2	3.054897E+0
3.634043E+2	3.202438E+0
3.636665E+2	3.404624E+0
3.639287E+2	3.552165E+0
3.641909E+2	3.601345E+0
3.644531E+2	3.721564E+0
3.647153E+2	3.415553E+0
3.649775E+2	3.382766E+0
3.652397E+2	3.814460E+0
3.655018E+2	3.388230E+0
3.657640E+2	3.153258E+0
3.660262E+2	3.535771E+0
3.662883E+2	3.437411E+0
3.665505E+2	3.448340E+0
3.668126E+2	3.164187E+0
3.670747E+2	3.207902E+0
3.673368E+2	2.994788E+0
3.675989E+2	2.929214E+0
3.678610E+2	2.962001E+0
3.681231E+2	3.093148E+0
3.683852E+2	3.541236E+0
3.686473E+2	3.612274E+0
3.689094E+2	3.448340E+0
3.691714E+2	3.339050E+0
3.694335E+2	2.661454E+0
3.696955E+2	2.546700E+0
3.699576E+2	3.109542E+0
3.702196E+2	3.016646E+0
3.704816E+2	3.268012E+0
3.707437E+2	3.115006E+0
3.710057E+2	2.874569E+0
3.712677E+2	2.836318E+0
3.715297E+2	2.481127E+0
3.717917E+2	2.765280E+0
3.720536E+2	2.584952E+0
3.723156E+2	2.546700E+0
3.725776E+2	3.054897E+0
3.728395E+2	3.574023E+0
3.731015E+2	3.453804E+0
3.733634E+2	3.628668E+0
3.736254E+2	3.530307E+0
3.738873E+2	3.612274E+0
3.741492E+2	3.655990E+0
3.744111E+2	4.065826E+0
3.746730E+2	4.284405E+0
3.749349E+2	4.661454E+0
3.751968E+2	4.754351E+0
3.754587E+2	4.486591E+0
3.757206E+2	4.224296E+0
3.759824E+2	4.104077E+0
3.762443E+2	3.672383E+0
3.765061E+2	4.104077E+0
3.767680E+2	4.153258E+0
3.770298E+2	3.393695E+0
3.772916E+2	2.972930E+0
3.775535E+2	3.158722E+0
3.778153E+2	3.300799E+0
3.780771E+2	3.125935E+0
3.783389E+2	3.071290E+0
3.786007E+2	2.869105E+0
3.788624E+2	2.628668E+0
3.791242E+2	2.781673E+0
3.793860E+2	3.038504E+0
3.796477E+2	2.912821E+0
3.799095E+2	2.852711E+0
3.801712E+2	2.841782E+0
3.804330E+2	3.011181E+0
3.806947E+2	3.355443E+0
3.809564E+2	3.699706E+0
3.812181E+2	3.574023E+0
3.814798E+2	3.524842E+0
3.817415E+2	3.836318E+0
3.820032E+2	3.989323E+0
3.822649E+2	3.972930E+0
3.825266E+2	3.940143E+0
3.827883E+2	4.054897E+0
3.830499E+2	4.153258E+0
3.833116E+2	4.273476E+0
3.835732E+2	4.448340E+0
3.838348E+2	4.470198E+0
3.840965E+2	4.481127E+0
3.843581E+2	4.453804E+0
3.846197E+2	4.601345E+0
3.848813E+2	5.027575E+0
3.851429E+2	5.213367E+0
3.854045E+2	5.131400E+0
3.856661E+2	5.104077E+0
3.859277E+2	5.054897E+0
3.861892E+2	4.945607E+0
3.864508E+2	4.825389E+0
3.867124E+2	4.945607E+0
3.869739E+2	5.120471E+0
3.872354E+2	5.552165E+0
3.874970E+2	6.136864E+0
3.877585E+2	6.180580E+0
3.880200E+2	6.273476E+0
3.882815E+2	6.595881E+0
3.885430E+2	6.453804E+0
3.888045E+2	6.065826E+0
3.890660E+2	6.207902E+0
3.893275E+2	5.650525E+0
3.895889E+2	5.896427E+0
3.898504E+2	5.923749E+0
3.901118E+2	6.115006E+0
3.903733E+2	6.191509E+0
3.906347E+2	5.814460E+0
3.908962E+2	5.628668E+0
3.911576E+2	5.672383E+0
3.914190E+2	5.852711E+0
3.916804E+2	6.011181E+0
3.919418E+2	6.229760E+0
3.922032E+2	6.371837E+0
3.924646E+2	5.967465E+0
3.927260E+2	5.601345E+0
3.929873E+2	5.475662E+0
3.932487E+2	5.415553E+0
3.935100E+2	5.049433E+0
3.937714E+2	5.054897E+0
3.940327E+2	4.956536E+0
3.942941E+2	4.956536E+0
3.945554E+2	4.940143E+0
3.948167E+2	5.147793E+0
3.950780E+2	5.486591E+0
3.953393E+2	5.399159E+0
3.956006E+2	5.349979E+0
3.958619E+2	5.530307E+0
3.961232E+2	5.415553E+0
3.963844E+2	5.382766E+0
3.966457E+2	5.093148E+0
3.969069E+2	5.000252E+0
3.971682E+2	5.000252E+0
3.974294E+2	5.246154E+0
3.976907E+2	5.268012E+0
3.979519E+2	5.268012E+0
3.982131E+2	5.513913E+0
3.984743E+2	5.590416E+0
3.987355E+2	5.694241E+0
3.989967E+2	5.655990E+0
3.992579E+2	5.470198E+0
3.995191E+2	5.235225E+0
3.997802E+2	5.153258E+0
4.000414E+2	5.027575E+0
4.003025E+2	5.054897E+0
4.005637E+2	4.825389E+0
4.008248E+2	4.781673E+0
4.010860E+2	5.115006E+0
4.013471E+2	5.508449E+0
4.016082E+2	5.224296E+0
4.018693E+2	4.885498E+0
4.021304E+2	5.240689E+0
4.023915E+2	5.459269E+0
4.026526E+2	5.825389E+0
4.029137E+2	5.874569E+0
4.031747E+2	5.508449E+0
4.034358E+2	5.235225E+0
4.036968E+2	5.393695E+0
4.039579E+2	5.492055E+0
4.042189E+2	5.005717E+0
4.044800E+2	5.005717E+0
4.047410E+2	5.131400E+0
4.050020E+2	5.541236E+0
4.052630E+2	5.808995E+0
4.055240E+2	5.748886E+0
4.057850E+2	6.186045E+0
4.060460E+2	6.240689E+0
4.063070E+2	5.890963E+0
4.065679E+2	5.830853E+0
4.068289E+2	5.699706E+0
4.070898E+2	5.508449E+0
4.073508E+2	5.202438E+0
4.076117E+2	4.880034E+0
4.078727E+2	4.885498E+0
4.081336E+2	5.164187E+0
4.083945E+2	5.328121E+0
4.086554E+2	5.590416E+0
4.089163E+2	5.945607E+0
4.091772E+2	6.519378E+0
4.094381E+2	6.825389E+0
4.096990E+2	6.901892E+0
4.099598E+2	7.284405E+0
4.102207E+2	7.251618E+0
4.104815E+2	7.355443E+0
4.107424E+2	7.043968E+0
4.110032E+2	6.781673E+0
4.112640E+2	6.617739E+0
4.115249E+2	6.705170E+0
4.117857E+2	6.672383E+0
4.120465E+2	6.639596E+0
4.123073E+2	6.470198E+0
4.125681E+2	7.142329E+0
4.128289E+2	7.344515E+0
4.130896E+2	7.448340E+0
4.133504E+2	7.421017E+0
4.136112E+2	7.136864E+0
4.138719E+2	6.847247E+0
4.141327E+2	6.705170E+0
4.143934E+2	6.524842E+0
4.146541E+2	6.716099E+0
4.149149E+2	6.541236E+0
4.151756E+2	6.912821E+0
4.154363E+2	7.246154E+0
4.156970E+2	7.382766E+0
4.159577E+2	7.650525E+0
4.162184E+2	7.699706E+0
4.164790E+2	7.901892E+0
4.167397E+2	7.524842E+0
4.170004E+2	6.814460E+0
4.172610E+2	6.623203E+0
4.175217E+2	7.120471E+0
4.177823E+2	7.169651E+0
4.180429E+2	7.295334E+0
4.183035E+2	7.186045E+0
4.185642E+2	7.191509E+0
4.188248E+2	7.131400E+0
4.190854E+2	6.929214E+0
4.193459E+2	7.300799E+0
4.196065E+2	7.448340E+0
4.198671E+2	7.136864E+0
4.201277E+2	7.027575E+0
4.203882E+2	6.808995E+0
4.206488E+2	6.557629E+0
4.209093E+2	5.907356E+0
4.211699E+2	6.022110E+0
4.214304E+2	5.847247E+0
4.216909E+2	5.639596E+0
4.219514E+2	5.295334E+0
4.222119E+2	5.344515E+0
4.224724E+2	5.655990E+0
4.227329E+2	5.787137E+0
4.229934E+2	5.759815E+0
4.232539E+2	5.951072E+0
4.235143E+2	6.322657E+0
4.237748E+2	6.098613E+0
4.240352E+2	6.043968E+0
4.242957E+2	6.000252E+0
4.245561E+2	6.388230E+0
4.248166E+2	6.421017E+0
4.250770E+2	6.087684E+0
4.253374E+2	6.022110E+0
4.255978E+2	6.147793E+0
4.258582E+2	6.349979E+0
4.261186E+2	6.344515E+0
4.263790E+2	6.683312E+0
4.266393E+2	7.065826E+0
4.268997E+2	6.890963E+0
4.271600E+2	7.000252E+0
4.274204E+2	7.027575E+0
4.276807E+2	7.257083E+0
4.279411E+2	7.453804E+0
4.282014E+2	7.344515E+0
4.284617E+2	6.841782E+0
4.287220E+2	6.661454E+0
4.289823E+2	6.508449E+0
4.292426E+2	6.513913E+0
4.295029E+2	6.601345E+0
4.297632E+2	6.677848E+0
4.300235E+2	6.595881E+0
4.302837E+2	6.563094E+0
4.305440E+2	6.552165E+0
4.308042E+2	7.049433E+0
4.310645E+2	7.049433E+0
4.313247E+2	6.994788E+0
4.315849E+2	6.885498E+0
4.318451E+2	6.951072E+0
4.321054E+2	7.202438E+0
4.323656E+2	6.929214E+0
4.326258E+2	7.076755E+0
4.328859E+2	7.175116E+0
4.331461E+2	6.994788E+0
4.334063E+2	6.754351E+0
4.336665E+2	6.852711E+0
4.339266E+2	6.688777E+0
4.341868E+2	6.355443E+0
4.344469E+2	5.972930E+0
4.347070E+2	5.705170E+0
4.349671E+2	5.639596E+0
4.352273E+2	5.278941E+0
4.354874E+2	4.880034E+0
4.357475E+2	5.011181E+0
4.360076E+2	5.169651E+0
4.362677E+2	5.377301E+0
4.365277E+2	5.404624E+0
4.367878E+2	5.754351E+0
4.370479E+2	6.060361E+0
4.373079E+2	6.240689E+0
4.375680E+2	6.481127E+0
4.378280E+2	6.568558E+0
4.380880E+2	6.929214E+0
4.383480E+2	7.005717E+0
4.386081E+2	7.213367E+0
4.388681E+2	8.153258E+0
4.391281E+2	8.377301E+0
4.393881E+2	8.262547E+0
4.396480E+2	8.541236E+0
4.399080E+2	8.672383E+0
4.401680E+2	8.628668E+0
4.404279E+2	8.601345E+0
4.406879E+2	8.781673E+0
4.409478E+2	8.983859E+0
4.412078E+2	9.202438E+0
4.414677E+2	9.186045E+0
4.417276E+2	8.655990E+0
4.419875E+2	9.207902E+0
4.422474E+2	9.235225E+0
4.425073E+2	9.284405E+0
4.427672E+2	9.694241E+0
4.430271E+2	9.836318E+0
4.432870E+2	9.825389E+0
4.435469E+2	9.601345E+0
4.438067E+2	9.508449E+0
4.440666E+2	9.765280E+0
4.443264E+2	9.737957E+0
4.445862E+2	9.661454E+0
4.448461E+2	9.584952E+0
4.451059E+2	9.683312E+0
4.453657E+2	1.004943E+1
4.456255E+2	1.030080E+1
4.458853E+2	1.062320E+1
4.461451E+2	1.098386E+1
4.464049E+2	1.110408E+1
4.466646E+2	1.088550E+1
4.469244E+2	1.106583E+1
4.471842E+2	1.127348E+1
4.474439E+2	1.153577E+1
4.477036E+2	1.127348E+1
4.479634E+2	1.095107E+1
4.482231E+2	1.132266E+1
4.484828E+2	1.144288E+1
4.487425E+2	1.166692E+1
4.490022E+2	1.203850E+1
4.492619E+2	1.211501E+1
4.495216E+2	1.220244E+1
4.497813E+2	1.205490E+1
4.500410E+2	1.202211E+1
4.503006E+2	1.233905E+1
4.505603E+2	1.272703E+1
4.508199E+2	1.287457E+1
4.510796E+2	1.276528E+1
4.513392E+2	1.282539E+1
4.515988E+2	1.284178E+1
4.518584E+2	1.308768E+1
4.521180E+2	1.318604E+1
4.523776E+2	1.319151E+1
4.526372E+2	1.309315E+1
4.528968E+2	1.267238E+1
4.531564E+2	1.228987E+1
4.534160E+2	1.203850E+1
4.536755E+2	1.239916E+1
4.539351E+2	1.268878E+1
4.541946E+2	1.273249E+1
4.544541E+2	1.268331E+1
4.547137E+2	1.206036E+1
4.549732E+2	1.209861E+1
4.552327E+2	1.202757E+1
4.554922E+2	1.179807E+1
4.557517E+2	1.174889E+1
4.560112E+2	1.222430E+1
4.562707E+2	1.202757E+1
4.565302E+2	1.174342E+1
4.567896E+2	1.207129E+1
4.570491E+2	1.221883E+1
4.573085E+2	1.216419E+1
4.575680E+2	1.234451E+1
4.578274E+2	1.207129E+1
4.580868E+2	1.174342E+1
4.583463E+2	1.200025E+1
4.586057E+2	1.220244E+1
4.588651E+2	1.257402E+1
4.591245E+2	1.249752E+1
4.593838E+2	1.280353E+1
4.596432E+2	1.328987E+1
4.599026E+2	1.350845E+1
4.601620E+2	1.345380E+1
4.604213E+2	1.362867E+1
4.606807E+2	1.385818E+1
4.609400E+2	1.410408E+1
4.611993E+2	1.376528E+1
4.614587E+2	1.341009E+1
4.617180E+2	1.342102E+1
4.619773E+2	1.332266E+1
4.622366E+2	1.338823E+1
4.624959E+2	1.385271E+1
4.627552E+2	1.371610E+1
4.630144E+2	1.362867E+1
4.632737E+2	1.349752E+1
4.635330E+2	1.367238E+1
4.637922E+2	1.386364E+1
4.640515E+2	1.375982E+1
4.643107E+2	1.403850E+1
4.645699E+2	1.438277E+1
4.648292E+2	1.442648E+1
4.650884E+2	1.449752E+1
4.653476E+2	1.480900E+1
4.656068E+2	1.535544E+1
4.658660E+2	1.593468E+1
4.661251E+2	1.635544E+1
4.663843E+2	1.634998E+1
4.666435E+2	1.672156E+1
4.669026E+2	1.731719E+1
4.671618E+2	1.735544E+1
4.674209E+2	1.747020E+1
4.676801E+2	1.754124E+1
4.679392E+2	1.766145E+1
4.681983E+2	1.804943E+1
4.684574E+2	1.833359E+1
4.687165E+2	1.900025E+1
4.689756E+2	1.937184E+1
4.692347E+2	1.935544E+1
4.694938E+2	1.933905E+1
4.697529E+2	1.892921E+1
4.700119E+2	1.885271E+1
4.702710E+2	1.862320E+1
4.705300E+2	1.912594E+1
4.707891E+2	1.912047E+1
4.710481E+2	1.958495E+1
4.713071E+2	2.018604E+1
4.715661E+2	2.054670E+1
4.718252E+2	2.059042E+1
4.720842E+2	2.062867E+1
4.723431E+2	2.117512E+1
4.726021E+2	2.128987E+1
4.728611E+2	2.124615E+1
4.731201E+2	2.194014E+1
4.733790E+2	2.243195E+1
4.736380E+2	2.272703E+1
4.738969E+2	2.324615E+1
4.741559E+2	2.306583E+1
4.744148E+2	2.328441E+1
4.746737E+2	2.376528E+1
4.749326E+2	2.428987E+1
4.751915E+2	2.437184E+1
4.754504E+2	2.440462E+1
4.757093E+2	2.481992E+1
4.759682E+2	2.554124E+1
4.762271E+2	2.612594E+1
4.764859E+2	2.634998E+1
4.767448E+2	2.679807E+1
4.770037E+2	2.702211E+1
4.772625E+2	2.773796E+1
4.775213E+2	2.786364E+1
4.777802E+2	2.807129E+1
4.780390E+2	2.809861E+1
4.782978E+2	2.784725E+1
4.785566E+2	2.871610E+1
4.788154E+2	2.950298E+1
4.790742E+2	2.978714E+1
4.793329E+2	2.995107E+1
4.795917E+2	3.034998E+1
4.798505E+2	3.081446E+1
4.801092E+2	3.081992E+1
4.803680E+2	3.089643E+1
4.806267E+2	3.120790E+1
4.808854E+2	3.134998E+1
4.811442E+2	3.128987E+1
4.814029E+2	3.142102E+1
4.816616E+2	3.173796E+1
4.819203E+2	3.174342E+1
4.821790E+2	3.195654E+1
4.824377E+2	3.214779E+1
4.826963E+2	3.226801E+1
4.829550E+2	3.255763E+1
4.832137E+2	3.280353E+1
4.834723E+2	3.301118E+1
4.837310E+2	3.362867E+1
4.839896E+2	3.420244E+1
4.842482E+2	3.448659E+1
4.845068E+2	3.447020E+1
4.847655E+2	3.510408E+1
4.850241E+2	3.511501E+1
4.852827E+2	3.520244E+1
4.855412E+2	3.551391E+1
4.857998E+2	3.577621E+1
4.860584E+2	3.634998E+1
4.863170E+2	3.622976E+1
4.865755E+2	3.667785E+1
4.868341E+2	3.693468E+1
4.870926E+2	3.685271E+1
4.873511E+2	3.703850E+1
4.876097E+2	3.726255E+1
4.878682E+2	3.788550E+1
4.881267E+2	3.805490E+1
4.883852E+2	3.847020E+1
4.886437E+2	3.892921E+1
4.889022E+2	3.877074E+1
4.891606E+2	3.883632E+1
4.894191E+2	3.870517E+1
4.896776E+2	3.926801E+1
4.899360E+2	3.990736E+1
4.901945E+2	4.003304E+1
4.904529E+2	3.950298E+1
4.907113E+2	3.937730E+1
4.909697E+2	3.967238E+1
4.912282E+2	4.013686E+1
4.914866E+2	4.025162E+1
4.917450E+2	4.031719E+1
4.920034E+2	4.045927E+1
4.922617E+2	4.022976E+1
4.925201E+2	4.002757E+1
4.927785E+2	4.034998E+1
4.930368E+2	4.038823E+1
4.932952E+2	4.075982E+1
4.935535E+2	4.111501E+1
4.938118E+2	4.154124E+1
4.940702E+2	4.190189E+1
4.943285E+2	4.168331E+1
4.945868E+2	4.150845E+1
4.948451E+2	4.182539E+1
4.951034E+2	4.201118E+1
4.953617E+2	4.239916E+1
4.956200E+2	4.268331E+1
4.958782E+2	4.281992E+1
4.961365E+2	4.356309E+1
4.963947E+2	4.355216E+1
4.966530E+2	4.359588E+1
4.969112E+2	4.373796E+1
4.971694E+2	4.362867E+1
4.974277E+2	4.346473E+1
4.976859E+2	4.369971E+1
4.979441E+2	4.429533E+1
4.982023E+2	4.468331E+1
4.984605E+2	4.486364E+1
4.987187E+2	4.512594E+1
4.989768E+2	4.483085E+1
4.992350E+2	4.476528E+1
4.994931E+2	4.409861E+1
4.997513E+2	4.361774E+1
5.000094E+2	4.363413E+1
5.002676E+2	4.346473E+1
5.005257E+2	4.320244E+1
5.007838E+2	4.370517E+1
5.010419E+2	4.383085E+1
5.013000E+2	4.403304E+1
5.015581E+2	4.432266E+1
5.018162E+2	4.476528E+1
5.020743E+2	4.509315E+1
5.023323E+2	4.507675E+1
5.025904E+2	4.490736E+1
5.028485E+2	4.498932E+1
5.031065E+2	4.512594E+1
5.033645E+2	4.519151E+1
5.036226E+2	4.495654E+1
5.038806E+2	4.490189E+1
5.041386E+2	4.474889E+1
5.043966E+2	4.509315E+1
5.046546E+2	4.501665E+1
5.049126E+2	4.524069E+1
5.051706E+2	4.581446E+1
5.054285E+2	4.598932E+1
5.056865E+2	4.603850E+1
5.059445E+2	4.614233E+1
5.062024E+2	4.648113E+1
5.064604E+2	4.689096E+1
5.067183E+2	4.689643E+1
5.069762E+2	4.702211E+1
5.072341E+2	4.684725E+1
5.074920E+2	4.727348E+1
5.077499E+2	4.722976E+1
5.080078E+2	4.794561E+1
5.082657E+2	4.774342E+1
5.085236E+2	4.788550E+1
5.087815E+2	4.806583E+1
5.090393E+2	4.824069E+1
5.092972E+2	4.824615E+1
5.095550E+2	4.831719E+1
5.098129E+2	4.854124E+1
5.100707E+2	4.874342E+1
5.103285E+2	4.894561E+1
5.105863E+2	4.901665E+1
5.108441E+2	4.911501E+1
5.111019E+2	4.888003E+1
5.113597E+2	4.871610E+1
5.116175E+2	4.888003E+1
5.118753E+2	4.827348E+1
5.121330E+2	4.819151E+1
5.123908E+2	4.842102E+1
5.126485E+2	4.871063E+1
5.129063E+2	4.900572E+1
5.131640E+2	4.966692E+1
5.134217E+2	4.988003E+1
5.136794E+2	5.007129E+1
5.139371E+2	5.025162E+1
5.141948E+2	5.056309E+1
5.144525E+2	5.089096E+1
5.147102E+2	5.147020E+1
5.149679E+2	5.199479E+1
5.152256E+2	5.233905E+1
5.154832E+2	5.258495E+1
5.157409E+2	5.297839E+1
5.159985E+2	5.356856E+1
5.162562E+2	5.381446E+1
5.165138E+2	5.392375E+1
5.167714E+2	5.443195E+1
5.170290E+2	5.492921E+1
5.172866E+2	5.528987E+1
5.175442E+2	5.512047E+1
5.178018E+2	5.520244E+1
5.180594E+2	5.537184E+1
5.183170E+2	5.546473E+1
5.185745E+2	5.574342E+1
5.188321E+2	5.552484E+1
5.190896E+2	5.551391E+1
5.193472E+2	5.575435E+1
5.196047E+2	5.592921E+1
5.198622E+2	5.569424E+1
5.201197E+2	5.532266E+1
5.203772E+2	5.566692E+1
5.206347E+2	5.622430E+1
5.208922E+2	5.581992E+1
5.211497E+2	5.546473E+1
5.214072E+2	5.551391E+1
5.216646E+2	5.567785E+1
5.219221E+2	5.597293E+1
5.221795E+2	5.574342E+1
5.224370E+2	5.584725E+1
5.226944E+2	5.547020E+1
5.229519E+2	5.547566E+1
5.232093E+2	5.548659E+1
5.234667E+2	5.567785E+1
5.237241E+2	5.579807E+1
5.239815E+2	5.638823E+1
5.242389E+2	5.660681E+1
5.244962E+2	5.644834E+1
5.247536E+2	5.636091E+1
5.250110E+2	5.638277E+1
5.252683E+2	5.636637E+1
5.255257E+2	5.643741E+1
5.257830E+2	5.644288E+1
5.260403E+2	5.645927E+1
5.262977E+2	5.645380E+1
5.265550E+2	5.683085E+1
5.268123E+2	5.682539E+1
5.270696E+2	5.718604E+1
5.273269E+2	5.782539E+1
5.275841E+2	5.807675E+1
5.278414E+2	5.841009E+1
5.280987E+2	5.837184E+1
5.283559E+2	5.813686E+1
5.286132E+2	5.838823E+1
5.288704E+2	5.789643E+1
5.291276E+2	5.800572E+1
5.293849E+2	5.764506E+1
5.296421E+2	5.741009E+1
5.298993E+2	5.718604E+1
5.301565E+2	5.746473E+1
5.304137E+2	5.751938E+1
5.306709E+2	5.754670E+1
5.309280E+2	5.810954E+1
5.311852E+2	5.840462E+1
5.314424E+2	5.820790E+1
5.316995E+2	5.839916E+1
5.319567E+2	5.854124E+1
5.322138E+2	5.885818E+1
5.324709E+2	5.862320E+1
5.327280E+2	5.860681E+1
5.329852E+2	5.867238E+1
5.332423E+2	5.888003E+1
5.334994E+2	5.891828E+1
5.337564E+2	5.910954E+1
5.340135E+2	5.945380E+1
5.342706E+2	5.978714E+1
5.345276E+2	6.026255E+1
5.347847E+2	6.107675E+1
5.350417E+2	6.121883E+1
5.352988E+2	6.139369E+1
5.355558E+2	6.176528E+1
5.358128E+2	6.183632E+1
5.360698E+2	6.171610E+1
5.363269E+2	6.145380E+1
5.365839E+2	6.214233E+1
5.368408E+2	6.236091E+1
5.370978E+2	6.241555E+1
5.373548E+2	6.237184E+1
5.376118E+2	6.255216E+1
5.378687E+2	6.304397E+1
5.381257E+2	6.350298E+1
5.383826E+2	6.383632E+1
5.386395E+2	6.425708E+1
5.388965E+2	6.430080E+1
5.391534E+2	6.424615E+1
5.394103E+2	6.460681E+1
5.396672E+2	6.518058E+1
5.399241E+2	6.510954E+1
5.401810E+2	6.567238E+1
5.404378E+2	6.601118E+1
5.406947E+2	6.599479E+1
5.409516E+2	6.631719E+1
5.412084E+2	6.644834E+1
5.414653E+2	6.645380E+1
5.417221E+2	6.681992E+1
5.419789E+2	6.728987E+1
5.422357E+2	6.710408E+1
5.424925E+2	6.734998E+1
5.427493E+2	6.744288E+1
5.430061E+2	6.725162E+1
5.432629E+2	6.762320E+1
5.435197E+2	6.804397E+1
5.437765E+2	6.842102E+1
5.440332E+2	6.898386E+1
5.442900E+2	6.906583E+1
5.445467E+2	6.994561E+1
5.448035E+2	7.038823E+1
5.450602E+2	7.096200E+1
5.453169E+2	7.102757E+1
5.455736E+2	7.113686E+1
5.458303E+2	7.104397E+1
5.460870E+2	7.128441E+1
5.463437E+2	7.131173E+1
5.466004E+2	7.116965E+1
5.468571E+2	7.126255E+1
5.471137E+2	7.157402E+1
5.473704E+2	7.126255E+1
5.476270E+2	7.196200E+1
5.478837E+2	7.188003E+1
5.481403E+2	7.216419E+1
5.483969E+2	7.215326E+1
5.486535E+2	7.232266E+1
5.489101E+2	7.225708E+1
5.491667E+2	7.222430E+1
5.494233E+2	7.216419E+1
5.496799E+2	7.232266E+1
5.499365E+2	7.259042E+1
5.501931E+2	7.259588E+1
5.504496E+2	7.249752E+1
5.507062E+2	7.291282E+1
5.509627E+2	7.307129E+1
5.512192E+2	7.338823E+1
5.514758E+2	7.380900E+1
5.517323E+2	7.442102E+1
5.519888E+2	7.435544E+1
5.522453E+2	7.422976E+1
5.525018E+2	7.406583E+1
5.527583E+2	7.404397E+1
5.530147E+2	7.432812E+1
5.532712E+2	7.400025E+1
5.535277E+2	7.393468E+1
5.537841E+2	7.369424E+1
5.540406E+2	7.337730E+1
5.542970E+2	7.337184E+1
5.545534E+2	7.341009E+1
5.548098E+2	7.345927E+1
5.550663E+2	7.351391E+1
5.553227E+2	7.318058E+1
5.555791E+2	7.359588E+1
5.558354E+2	7.364506E+1
5.560918E+2	7.366692E+1
5.563482E+2	7.420790E+1
5.566046E+2	7.426801E+1
5.568609E+2	7.425708E+1
5.571173E+2	7.424615E+1
5.573736E+2	7.401665E+1
5.576299E+2	7.383632E+1
5.578862E+2	7.410954E+1
5.581426E+2	7.427348E+1
5.583989E+2	7.426255E+1
5.586552E+2	7.448659E+1
5.589114E+2	7.433905E+1
5.591677E+2	7.393468E+1
5.594240E+2	7.406583E+1
5.596803E+2	7.426255E+1
5.599365E+2	7.455216E+1
5.601928E+2	7.419151E+1
5.604490E+2	7.391828E+1
5.607052E+2	7.375982E+1
5.609614E+2	7.378167E+1
5.612177E+2	7.391282E+1
5.614739E+2	7.392375E+1
5.617301E+2	7.378167E+1
5.619863E+2	7.358495E+1
5.622424E+2	7.363413E+1
5.624986E+2	7.342648E+1
5.627548E+2	7.351391E+1
5.630109E+2	7.394014E+1
5.632671E+2	7.362867E+1
5.635232E+2	7.369971E+1
5.637794E+2	7.350845E+1
5.640355E+2	7.360135E+1
5.642916E+2	7.331719E+1
5.645477E+2	7.386364E+1
5.648038E+2	7.431173E+1
5.650599E+2	7.462320E+1
5.653160E+2	7.450298E+1
5.655721E+2	7.426801E+1
5.658281E+2	7.445380E+1
5.660842E+2	7.450298E+1
5.663402E+2	7.427348E+1
5.665963E+2	7.406583E+1
5.668523E+2	7.408768E+1
5.671083E+2	7.388003E+1
5.673644E+2	7.384178E+1
5.676204E+2	7.383632E+1
5.678764E+2	7.418058E+1
5.681324E+2	7.488003E+1
5.683883E+2	7.527894E+1
5.686443E+2	7.529533E+1
5.689003E+2	7.560135E+1
5.691562E+2	7.596747E+1
5.694122E+2	7.635544E+1
5.696681E+2	7.679260E+1
5.699241E+2	7.657402E+1
5.701800E+2	7.645927E+1
5.704359E+2	7.681446E+1
5.706918E+2	7.671063E+1
5.709477E+2	7.668878E+1
5.712036E+2	7.661227E+1
5.714595E+2	7.665053E+1
5.717154E+2	7.657402E+1
5.719713E+2	7.667785E+1
5.722271E+2	7.667785E+1
5.724830E+2	7.704943E+1
5.727388E+2	7.717512E+1
5.729947E+2	7.695654E+1
5.732505E+2	7.712047E+1
5.735063E+2	7.720244E+1
5.737621E+2	7.749752E+1
5.740179E+2	7.759588E+1
5.742737E+2	7.757949E+1
5.745295E+2	7.763413E+1
5.747853E+2	7.835544E+1
5.750411E+2	7.851391E+1
5.752968E+2	7.843195E+1
5.755526E+2	7.842102E+1
5.758083E+2	7.851938E+1
5.760641E+2	7.844288E+1
5.763198E+2	7.851938E+1
5.765755E+2	7.866145E+1
5.768312E+2	7.906583E+1
5.770869E+2	7.936637E+1
5.773426E+2	7.979260E+1
5.775983E+2	8.014779E+1
5.778540E+2	8.007129E+1
5.781097E+2	8.045380E+1
5.783653E+2	8.050845E+1
5.786210E+2	8.099479E+1
5.788766E+2	8.122976E+1
5.791323E+2	8.143195E+1
5.793879E+2	8.194561E+1
5.796435E+2	8.174342E+1
5.798991E+2	8.222430E+1
5.801547E+2	8.214233E+1
5.804103E+2	8.251391E+1
5.806659E+2	8.257402E+1
5.809215E+2	8.300572E+1
5.811771E+2	8.306583E+1
5.814327E+2	8.319151E+1
5.816882E+2	8.292375E+1
5.819438E+2	8.325162E+1
5.821993E+2	8.351938E+1
5.824548E+2	8.339369E+1
5.827104E+2	8.392375E+1
5.829659E+2	8.398932E+1
5.832214E+2	8.393468E+1
5.834769E+2	8.379260E+1
5.837324E+2	8.348659E+1
5.839878E+2	8.326255E+1
5.842433E+2	8.320244E+1
5.844988E+2	8.373249E+1
5.847542E+2	8.372156E+1
5.850097E+2	8.368878E+1
5.852651E+2	8.363413E+1
5.855206E+2	8.437184E+1
5.857760E+2	8.465053E+1
5.860314E+2	8.456309E+1
5.862868E+2	8.442102E+1
5.865422E+2	8.463960E+1
5.867976E+2	8.507129E+1
5.870530E+2	8.521883E+1
5.873084E+2	8.537184E+1
5.875637E+2	8.518604E+1
5.878191E+2	8.529533E+1
5.880744E+2	8.528441E+1
5.883298E+2	8.594014E+1
5.885851E+2	8.636637E+1
5.888404E+2	8.653577E+1
5.890958E+2	8.658495E+1
5.893511E+2	8.661227E+1
5.896064E+2	8.674342E+1
5.898617E+2	8.680900E+1
5.901169E+2	8.698386E+1
5.903722E+2	8.677074E+1
5.906275E+2	8.698932E+1
5.908827E+2	8.725708E+1
5.911380E+2	8.713140E+1
5.913932E+2	8.683085E+1
5.916485E+2	8.710408E+1
5.919037E+2	8.772703E+1
5.921589E+2	8.808768E+1
5.924141E+2	8.763413E+1
5.926693E+2	8.778167E+1
5.929245E+2	8.779260E+1
5.931797E+2	8.788550E+1
5.934349E+2	8.806583E+1
5.936900E+2	8.828987E+1
5.939452E+2	8.825708E+1
5.942004E+2	8.831173E+1
5.944555E+2	8.815872E+1
5.947106E+2	8.809861E+1
5.949658E+2	8.806036E+1
5.952209E+2	8.856309E+1
5.954760E+2	8.863413E+1
5.957311E+2	8.879260E+1
5.959862E+2	8.848659E+1
5.962413E+2	8.885818E+1
5.964963E+2	8.874342E+1
5.967514E+2	8.889643E+1
5.970065E+2	8.867238E+1
5.972615E+2	8.891828E+1
5.975166E+2	8.901665E+1
5.977716E+2	8.936637E+1
5.980266E+2	8.967785E+1
5.982816E+2	8.948659E+1
5.985367E+2	8.957402E+1
5.987917E+2	9.039916E+1
5.990467E+2	9.038823E+1
5.993016E+2	9.047020E+1
5.995566E+2	9.084178E+1
5.998116E+2	9.127348E+1
6.000665E+2	9.121883E+1
6.003215E+2	9.122976E+1
6.005764E+2	9.145927E+1
6.008314E+2	9.216965E+1
6.010863E+2	9.207129E+1
6.013412E+2	9.191282E+1
6.015961E+2	9.214779E+1
6.018510E+2	9.281992E+1
6.021059E+2	9.313686E+1
6.023608E+2	9.331173E+1
6.026157E+2	9.335544E+1
6.028706E+2	9.414233E+1
6.031254E+2	9.458495E+1
6.033803E+2	9.511501E+1
6.036351E+2	9.563413E+1
6.038900E+2	9.553031E+1
6.041448E+2	9.577074E+1
6.043996E+2	9.601665E+1
6.046544E+2	9.633359E+1
6.049092E+2	9.634451E+1
6.051640E+2	9.694014E+1
6.054188E+2	9.727894E+1
6.056736E+2	9.760681E+1
6.059283E+2	9.773249E+1
6.061831E+2	9.814233E+1
6.064378E+2	9.831719E+1
6.066926E+2	9.883632E+1
6.069473E+2	9.939369E+1
6.072021E+2	1.000330E+2
6.074568E+2	9.965599E+1
6.077115E+2	9.964506E+1
6.079662E+2	1.003117E+2
6.082209E+2	1.005850E+2
6.084756E+2	1.012462E+2
6.087302E+2	1.021915E+2
6.089849E+2	1.023281E+2
6.092396E+2	1.022462E+2
6.094942E+2	1.024921E+2
6.097489E+2	1.022789E+2
6.100035E+2	1.024593E+2
6.102581E+2	1.028691E+2
6.105127E+2	1.033172E+2
6.107674E+2	1.036451E+2
6.110220E+2	1.038855E+2
6.112766E+2	1.037871E+2
6.115311E+2	1.041806E+2
6.117857E+2	1.041314E+2
6.120403E+2	1.045248E+2
6.122948E+2	1.049019E+2
6.125494E+2	1.053445E+2
6.128039E+2	1.056341E+2
6.130585E+2	1.057653E+2
6.133130E+2	1.060440E+2
6.135675E+2	1.059183E+2
6.138220E+2	1.062953E+2
6.140765E+2	1.065467E+2
6.143310E+2	1.065631E+2
6.145855E+2	1.071205E+2
6.148400E+2	1.076396E+2
6.150945E+2	1.079456E+2
6.153489E+2	1.083664E+2
6.156034E+2	1.083227E+2
6.158578E+2	1.084156E+2
6.161123E+2	1.087161E+2
6.163667E+2	1.089893E+2
6.166211E+2	1.092844E+2
6.168755E+2	1.098800E+2
6.171299E+2	1.100877E+2
6.173843E+2	1.100003E+2
6.176387E+2	1.098145E+2
6.178931E+2	1.096505E+2
6.181474E+2	1.097106E+2
6.184018E+2	1.095795E+2
6.186561E+2	1.097926E+2
6.189105E+2	1.095850E+2
6.191648E+2	1.093718E+2
6.194191E+2	1.094319E+2
6.196735E+2	1.096341E+2
6.199278E+2	1.099893E+2
6.201821E+2	1.102735E+2
6.204364E+2	1.105412E+2
6.206907E+2	1.101041E+2
6.209449E+2	1.101860E+2
6.211992E+2	1.105194E+2
6.214535E+2	1.110330E+2
6.217077E+2	1.110385E+2
6.219619E+2	1.111095E+2
6.222162E+2	1.110440E+2
6.224704E+2	1.112571E+2
6.227246E+2	1.113172E+2
6.229788E+2	1.122188E+2
6.232330E+2	1.128254E+2
6.234872E+2	1.128527E+2
6.237414E+2	1.127653E+2
6.239956E+2	1.125686E+2
6.242498E+2	1.123554E+2
6.245039E+2	1.127380E+2
6.247581E+2	1.131478E+2
6.250122E+2	1.133227E+2
6.252663E+2	1.135139E+2
6.255205E+2	1.140057E+2
6.257746E+2	1.143336E+2
6.260287E+2	1.141205E+2
6.262828E+2	1.140494E+2
6.265369E+2	1.139074E+2
6.267910E+2	1.145959E+2
6.270450E+2	1.145358E+2
6.272991E+2	1.147544E+2
6.275532E+2	1.154210E+2
6.278072E+2	1.155030E+2
6.280613E+2	1.158090E+2
6.283153E+2	1.163718E+2
6.285693E+2	1.168582E+2
6.288233E+2	1.169128E+2
6.290773E+2	1.171478E+2
6.293313E+2	1.172680E+2
6.295853E+2	1.175795E+2
6.298393E+2	1.176778E+2
6.300933E+2	1.174921E+2
6.303472E+2	1.175850E+2
6.306012E+2	1.176505E+2
6.308551E+2	1.173117E+2
6.311091E+2	1.172735E+2
6.313630E+2	1.178800E+2
6.316169E+2	1.179074E+2
6.318709E+2	1.175084E+2
6.321248E+2	1.175686E+2
6.323787E+2	1.173992E+2
6.326326E+2	1.174046E+2
6.328864E+2	1.177489E+2
6.331403E+2	1.183992E+2
6.333942E+2	1.189128E+2
6.336480E+2	1.193773E+2
6.339019E+2	1.194975E+2
6.341557E+2	1.195412E+2
6.344095E+2	1.198035E+2
6.346634E+2	1.200330E+2
6.349172E+2	1.199565E+2
6.351710E+2	1.199401E+2
6.354248E+2	1.197489E+2
6.356786E+2	1.198090E+2
6.359324E+2	1.200003E+2
6.361861E+2	1.208527E+2
6.364399E+2	1.210986E+2
6.366936E+2	1.212352E+2
6.369474E+2	1.213172E+2
6.372011E+2	1.213992E+2
6.374549E+2	1.217325E+2
6.377086E+2	1.218309E+2
6.379623E+2	1.218582E+2
6.382160E+2	1.217052E+2
6.384697E+2	1.212407E+2
6.387234E+2	1.211533E+2
6.389771E+2	1.214483E+2
6.392307E+2	1.217489E+2
6.394844E+2	1.218691E+2
6.397380E+2	1.217161E+2
6.399917E+2	1.217434E+2
6.402453E+2	1.220549E+2
6.404990E+2	1.224921E+2
6.407526E+2	1.230221E+2
6.410062E+2	1.230658E+2
6.412598E+2	1.230986E+2
6.415134E+2	1.233664E+2
6.417670E+2	1.235959E+2
6.420206E+2	1.243063E+2
6.422741E+2	1.243992E+2
6.425277E+2	1.248090E+2
6.427812E+2	1.253828E+2
6.430348E+2	1.248418E+2
6.432883E+2	1.254101E+2
6.435418E+2	1.257161E+2
6.437954E+2	1.256505E+2
6.440489E+2	1.254374E+2
6.443024E+2	1.254374E+2
6.445559E+2	1.261423E+2
6.448094E+2	1.263609E+2
6.450628E+2	1.265522E+2
6.453163E+2	1.271095E+2
6.455698E+2	1.275686E+2
6.458232E+2	1.278527E+2
6.460767E+2	1.281915E+2
6.463301E+2	1.286778E+2
6.465835E+2	1.291806E+2
6.468369E+2	1.292899E+2
6.470903E+2	1.297653E+2
6.473437E+2	1.303063E+2
6.475971E+2	1.303773E+2
6.478505E+2	1.306560E+2
6.481039E+2	1.310003E+2
6.483573E+2	1.309620E+2
6.486106E+2	1.308855E+2
6.488640E+2	1.308090E+2
6.491173E+2	1.308035E+2
6.493706E+2	1.309675E+2
6.496240E+2	1.311150E+2
6.498773E+2	1.314101E+2
6.501306E+2	1.318309E+2
6.503839E+2	1.327052E+2
6.506372E+2	1.333117E+2
6.508905E+2	1.338527E+2
6.511437E+2	1.341642E+2
6.513970E+2	1.342680E+2
6.516503E+2	1.340658E+2
6.519035E+2	1.341697E+2
6.521567E+2	1.340931E+2
6.524100E+2	1.342953E+2
6.526632E+2	1.346505E+2
6.529164E+2	1.350385E+2
6.531696E+2	1.353609E+2
6.534228E+2	1.358582E+2
6.536760E+2	1.360166E+2
6.539292E+2	1.360276E+2
6.541824E+2	1.366341E+2
6.544355E+2	1.370003E+2
6.546887E+2	1.374374E+2
6.549418E+2	1.375139E+2
6.551950E+2	1.376997E+2
6.554481E+2	1.378309E+2
6.557012E+2	1.377544E+2
6.559543E+2	1.378527E+2
6.562074E+2	1.378910E+2
6.564605E+2	1.379292E+2
6.567136E+2	1.383937E+2
6.569667E+2	1.386997E+2
6.572198E+2	1.392571E+2
6.574728E+2	1.389948E+2
6.577259E+2	1.388910E+2
6.579789E+2	1.392844E+2
6.582319E+2	1.394921E+2
6.584850E+2	1.401697E+2
6.587380E+2	1.400385E+2
6.589910E+2	1.401970E+2
6.592440E+2	1.406724E+2
6.594970E+2	1.411150E+2
6.597500E+2	1.415248E+2
6.600030E+2	1.416396E+2
6.602559E+2	1.420658E+2
6.605089E+2	1.420385E+2
6.607618E+2	1.417653E+2
6.610148E+2	1.421751E+2
6.612677E+2	1.424921E+2
6.615206E+2	1.425850E+2
6.617736E+2	1.428418E+2
6.620265E+2	1.429620E+2
6.622794E+2	1.429074E+2
6.625323E+2	1.430003E+2
6.627851E+2	1.434210E+2
6.630380E+2	1.438363E+2
6.632909E+2	1.446505E+2
6.635437E+2	1.450494E+2
6.637966E+2	1.457544E+2
6.640494E+2	1.462407E+2
6.643023E+2	1.468800E+2
6.645551E+2	1.481423E+2
6.648079E+2	1.490822E+2
6.650607E+2	1.499511E+2
6.653135E+2	1.504101E+2
6.655663E+2	1.506068E+2
6.658191E+2	1.506615E+2
6.660718E+2	1.508582E+2
6.663246E+2	1.512298E+2
6.665774E+2	1.520604E+2
6.668301E+2	1.527598E+2
6.670828E+2	1.535904E+2
6.673356E+2	1.543008E+2
6.675883E+2	1.550440E+2
6.678410E+2	1.553718E+2
6.680937E+2	1.556341E+2
6.683464E+2	1.556396E+2
6.685991E+2	1.561314E+2
6.688518E+2	1.564156E+2
6.691044E+2	1.567380E+2
6.693571E+2	1.572352E+2
6.696098E+2	1.574374E+2
6.698624E+2	1.579620E+2
6.701150E+2	1.583664E+2
6.703677E+2	1.592079E+2
6.706203E+2	1.599183E+2
6.708729E+2	1.607489E+2
6.711255E+2	1.617052E+2
6.713781E+2	1.625248E+2
6.716307E+2	1.631860E+2
6.718832E+2	1.640330E+2
6.721358E+2	1.645194E+2
6.723884E+2	1.651642E+2
6.726409E+2	1.655303E+2
6.728935E+2	1.665467E+2
6.731460E+2	1.673992E+2
6.733985E+2	1.681314E+2
6.736510E+2	1.686724E+2
6.739035E+2	1.692571E+2
6.741560E+2	1.698035E+2
6.744085E+2	1.701041E+2
6.746610E+2	1.702735E+2
6.749135E+2	1.710549E+2
6.751660E+2	1.716177E+2
6.754184E+2	1.721423E+2
6.756709E+2	1.726560E+2
6.759233E+2	1.732571E+2
6.761757E+2	1.736068E+2
6.764282E+2	1.740877E+2
6.766806E+2	1.745412E+2
6.769330E+2	1.752789E+2
6.771854E+2	1.760276E+2
6.774378E+2	1.769128E+2
6.776901E+2	1.779128E+2
6.779425E+2	1.786396E+2
6.781949E+2	1.787707E+2
6.784472E+2	1.795850E+2
6.786996E+2	1.797981E+2
6.789519E+2	1.804265E+2
6.792042E+2	1.809893E+2
6.794566E+2	1.813445E+2
6.797089E+2	1.819347E+2
6.799612E+2	1.818527E+2
6.802135E+2	1.816341E+2
6.804657E+2	1.816724E+2
6.807180E+2	1.819893E+2
6.809703E+2	1.828964E+2
6.812226E+2	1.835850E+2
6.814748E+2	1.840604E+2
6.817270E+2	1.846341E+2
6.819793E+2	1.845248E+2
6.822315E+2	1.850221E+2
6.824837E+2	1.853664E+2
6.827359E+2	1.854319E+2
6.829881E+2	1.857434E+2
6.832403E+2	1.863336E+2
6.834925E+2	1.868855E+2
6.837447E+2	1.873336E+2
6.839968E+2	1.877762E+2
6.842490E+2	1.884647E+2
6.845011E+2	1.890112E+2
6.847533E+2	1.896013E+2
6.850054E+2	1.901150E+2
6.852575E+2	1.906068E+2
6.855097E+2	1.910494E+2
6.857618E+2	1.912516E+2
6.860139E+2	1.920822E+2
6.862659E+2	1.925412E+2
6.865180E+2	1.925030E+2
6.867701E+2	1.925139E+2
6.870222E+2	1.929729E+2
6.872742E+2	1.934647E+2
6.875263E+2	1.940986E+2
6.877783E+2	1.944429E+2
6.880303E+2	1.948746E+2
6.882823E+2	1.948582E+2
6.885343E+2	1.950877E+2
6.887864E+2	1.948691E+2
6.890383E+2	1.948472E+2
6.892903E+2	1.948035E+2
6.895423E+2	1.952844E+2
6.897943E+2	1.962243E+2
6.900462E+2	1.966560E+2
6.902982E+2	1.968910E+2
6.905501E+2	1.973008E+2
6.908021E+2	1.977270E+2
6.910540E+2	1.983828E+2
6.913059E+2	1.990057E+2
6.915578E+2	1.997817E+2
6.918097E+2	2.004647E+2
6.920616E+2	2.013281E+2
6.923135E+2	2.023445E+2
6.925654E+2	2.029292E+2
6.928172E+2	2.035194E+2
6.930691E+2	2.039620E+2
6.933209E+2	2.039128E+2
6.935728E+2	2.043828E+2
6.938246E+2	2.048855E+2
6.940764E+2	2.052462E+2
6.943282E+2	2.055358E+2
6.945800E+2	2.059128E+2
6.948318E+2	2.066997E+2
6.950836E+2	2.066888E+2
6.953354E+2	2.068309E+2
6.955872E+2	2.075522E+2
6.958389E+2	2.081041E+2
6.960907E+2	2.089893E+2
6.963424E+2	2.090276E+2
6.965942E+2	2.091642E+2
6.968459E+2	2.096341E+2
6.970976E+2	2.100494E+2
6.973493E+2	2.107544E+2
6.976010E+2	2.113500E+2
6.978527E+2	2.117161E+2
6.981044E+2	2.127926E+2
6.983561E+2	2.137052E+2
6.986077E+2	2.143937E+2
6.988594E+2	2.151970E+2
6.991110E+2	2.161041E+2
6.993627E+2	2.173008E+2
6.996143E+2	2.178800E+2
6.998659E+2	2.184429E+2
7.001175E+2	2.191478E+2
7.003692E+2	2.196177E+2
7.006207E+2	2.200003E+2
7.008723E+2	2.199893E+2
7.011239E+2	2.201860E+2
7.013755E+2	2.201860E+2
7.016271E+2	2.207489E+2
7.018786E+2	2.212953E+2
7.021302E+2	2.217106E+2
7.023817E+2	2.219237E+2
7.026332E+2	2.218472E+2
7.028847E+2	2.218199E+2
7.031362E+2	2.224156E+2
7.033878E+2	2.231860E+2
7.036392E+2	2.240494E+2
7.038907E+2	2.246232E+2
7.041422E+2	2.255303E+2
7.043937E+2	2.264647E+2
7.046451E+2	2.277489E+2
7.048966E+2	2.286287E+2
7.051480E+2	2.290713E+2
7.053995E+2	2.300221E+2
7.056509E+2	2.310658E+2
7.059023E+2	2.319183E+2
7.061537E+2	2.327707E+2
7.064051E+2	2.330713E+2
7.066565E+2	2.340494E+2
7.069079E+2	2.347817E+2
7.071593E+2	2.351478E+2
7.074106E+2	2.347817E+2
7.076620E+2	2.343828E+2
7.079133E+2	2.341205E+2
7.081647E+2	2.339893E+2
7.084160E+2	2.341697E+2
7.086673E+2	2.347544E+2
7.089186E+2	2.350330E+2
7.091699E+2	2.351751E+2
7.094212E+2	2.356396E+2
7.096725E+2	2.362298E+2
7.099238E+2	2.366068E+2
7.101751E+2	2.374374E+2
7.104263E+2	2.384319E+2
7.106776E+2	2.392571E+2
7.109288E+2	2.398855E+2
7.111800E+2	2.408418E+2
7.114313E+2	2.415795E+2
7.116825E+2	2.424156E+2
7.119337E+2	2.436942E+2
7.121849E+2	2.448309E+2
7.124361E+2	2.457653E+2
7.126873E+2	2.465686E+2
7.129384E+2	2.470877E+2
7.131896E+2	2.479292E+2
7.134408E+2	2.481860E+2
7.136919E+2	2.482735E+2
7.139430E+2	2.483554E+2
7.141942E+2	2.486177E+2
7.144453E+2	2.485522E+2
7.146964E+2	2.483882E+2
7.149475E+2	2.485303E+2
7.151986E+2	2.493008E+2
7.154497E+2	2.497052E+2
7.157008E+2	2.499019E+2
7.159518E+2	2.502188E+2
7.162029E+2	2.507707E+2
7.164540E+2	2.517434E+2
7.167050E+2	2.524483E+2
7.169560E+2	2.533609E+2
7.172071E+2	2.543882E+2
7.174581E+2	2.560658E+2
7.177091E+2	2.572243E+2
7.179601E+2	2.586615E+2
7.182111E+2	2.598527E+2
7.184621E+2	2.603937E+2
7.187130E+2	2.611860E+2
7.189640E+2	2.623336E+2
7.192150E+2	2.632571E+2
7.194659E+2	2.644374E+2
7.197169E+2	2.646833E+2
7.199678E+2	2.645412E+2
7.202187E+2	2.648964E+2
7.204696E+2	2.649237E+2
7.207205E+2	2.651314E+2
7.209714E+2	2.650931E+2
7.212223E+2	2.655467E+2
7.214732E+2	2.657161E+2
7.217241E+2	2.663227E+2
7.219749E+2	2.667161E+2
7.222258E+2	2.675631E+2
7.224766E+2	2.680385E+2
7.227274E+2	2.696560E+2
7.229783E+2	2.708254E+2
7.232291E+2	2.722352E+2
7.234799E+2	2.732352E+2
7.237307E+2	2.737434E+2
7.239815E+2	2.744101E+2
7.242323E+2	2.757270E+2
7.244830E+2	2.768964E+2
7.247338E+2	2.782844E+2
7.249846E+2	2.794265E+2
7.252353E+2	2.805795E+2
7.254861E+2	2.811423E+2
7.257368E+2	2.816396E+2
7.259875E+2	2.824921E+2
7.262382E+2	2.831860E+2
7.264889E+2	2.834046E+2
7.267396E+2	2.837871E+2
7.269903E+2	2.842899E+2
7.272410E+2	2.845467E+2
7.274917E+2	2.850768E+2
7.277423E+2	2.858090E+2
7.279930E+2	2.865686E+2
7.282436E+2	2.874265E+2
7.284942E+2	2.881369E+2
7.287449E+2	2.896888E+2
7.289955E+2	2.917544E+2
7.292461E+2	2.935850E+2
7.294967E+2	2.951095E+2
7.297473E+2	2.971860E+2
7.299979E+2	2.990330E+2
7.302484E+2	3.010112E+2
7.304990E+2	3.024811E+2
7.307496E+2	3.038254E+2
7.310001E+2	3.054702E+2
7.312507E+2	3.067871E+2
7.315012E+2	3.083336E+2
7.317517E+2	3.095522E+2
7.320022E+2	3.107926E+2
7.322527E+2	3.115084E+2
7.325032E+2	3.124210E+2
7.327537E+2	3.129074E+2
7.330042E+2	3.135358E+2
7.332547E+2	3.143664E+2
7.335051E+2	3.151806E+2
7.337556E+2	3.166396E+2
7.340060E+2	3.179183E+2
7.342564E+2	3.194483E+2
7.345069E+2	3.210658E+2
7.347573E+2	3.225358E+2
7.350077E+2	3.248035E+2
7.352581E+2	3.273882E+2
7.355085E+2	3.294429E+2
7.357589E+2	3.322735E+2
7.360092E+2	3.347325E+2
7.362596E+2	3.378691E+2
7.365100E+2	3.408199E+2
7.367603E+2	3.433773E+2
7.370106E+2	3.455522E+2
7.372610E+2	3.475412E+2
7.375113E+2	3.489620E+2
7.377616E+2	3.510549E+2
7.380119E+2	3.525358E+2
7.382622E+2	3.542407E+2
7.385125E+2	3.565358E+2
7.387628E+2	3.591860E+2
7.390130E+2	3.621970E+2
7.392633E+2	3.653718E+2
7.395135E+2	3.678582E+2
7.397638E+2	3.705248E+2
7.400140E+2	3.734101E+2
7.402642E+2	3.766068E+2
7.405144E+2	3.797216E+2
7.407647E+2	3.828418E+2
7.410149E+2	3.857270E+2
7.412650E+2	3.886724E+2
7.415152E+2	3.910385E+2
7.417654E+2	3.937380E+2
7.420156E+2	3.965358E+2
7.422657E+2	3.999948E+2
7.425159E+2	4.039292E+2
7.427660E+2	4.082789E+2
7.430161E+2	4.122735E+2
7.432662E+2	4.174975E+2
7.435164E+2	4.244757E+2
7.437665E+2	4.350877E+2
7.440165E+2	4.455740E+2
7.442666E+2	4.532680E+2
7.445167E+2	4.582844E+2
7.447668E+2	4.617380E+2
7.450168E+2	4.653500E+2
7.452669E+2	4.687325E+2
7.455169E+2	4.718090E+2
7.457669E+2	4.747544E+2
7.460170E+2	4.780276E+2
7.462670E+2	4.817598E+2
7.465170E+2	4.864046E+2
7.467670E+2	4.911095E+2
7.470170E+2	4.968418E+2
7.472670E+2	5.047489E+2
7.475169E+2	5.145904E+2
7.477669E+2	5.236997E+2
7.480168E+2	5.315686E+2
7.482668E+2	5.377817E+2
7.485167E+2	5.427380E+2
7.487666E+2	5.471533E+2
7.490166E+2	5.508309E+2
7.492665E+2	5.543937E+2
7.495164E+2	5.573281E+2
7.497663E+2	5.605959E+2
7.500161E+2	5.628090E+2
7.502660E+2	5.643718E+2
7.505159E+2	5.649784E+2
7.507657E+2	5.652625E+2
7.510156E+2	5.653500E+2
7.512654E+2	5.656505E+2
7.515152E+2	5.654538E+2
7.517651E+2	5.650822E+2
7.520149E+2	5.653773E+2
7.522647E+2	5.666778E+2
7.525145E+2	5.683117E+2
7.527643E+2	5.709565E+2
7.530140E+2	5.739292E+2
7.532638E+2	5.773828E+2
7.535136E+2	5.805576E+2
7.537633E+2	5.830713E+2
7.540131E+2	5.861751E+2
7.542628E+2	5.906505E+2
7.545125E+2	5.952462E+2
7.547622E+2	6.003336E+2
7.550119E+2	6.050604E+2
7.552616E+2	6.084975E+2
7.555113E+2	6.116997E+2
7.557610E+2	6.139839E+2
7.560107E+2	6.154811E+2
7.562603E+2	6.171150E+2
7.565100E+2	6.179019E+2
7.567596E+2	6.189292E+2
7.570093E+2	6.189183E+2
7.572589E+2	6.187544E+2
7.575085E+2	6.176068E+2
7.577581E+2	6.154593E+2
7.580077E+2	6.125959E+2
7.582573E+2	6.099456E+2
7.585069E+2	6.062680E+2
7.587565E+2	6.004757E+2
7.590060E+2	5.908691E+2
7.592556E+2	5.810549E+2
7.595051E+2	5.735139E+2
7.597547E+2	5.691970E+2
7.600042E+2	5.665030E+2
7.602537E+2	5.632625E+2
7.605032E+2	5.601205E+2
7.607527E+2	5.577161E+2
7.610022E+2	5.559292E+2
7.612517E+2	5.545522E+2
7.615012E+2	5.529565E+2
7.617507E+2	5.509074E+2
7.620001E+2	5.491205E+2
7.622496E+2	5.460003E+2
7.624990E+2	5.403937E+2
7.627485E+2	5.321806E+2
7.629979E+2	5.249183E+2
7.632473E+2	5.186451E+2
7.634967E+2	5.143609E+2
7.637461E+2	5.110549E+2
7.639955E+2	5.083664E+2
7.642449E+2	5.059784E+2
7.644942E+2	5.030166E+2
7.647436E+2	4.999729E+2
7.649930E+2	4.966232E+2
7.652423E+2	4.943281E+2
7.654916E+2	4.925412E+2
7.657410E+2	4.923063E+2
7.659903E+2	4.918309E+2
7.662396E+2	4.916013E+2
7.664889E+2	4.917762E+2
7.667382E+2	4.914866E+2
7.669875E+2	4.916177E+2
7.672367E+2	4.918910E+2
7.674860E+2	4.908855E+2
7.677353E+2	4.891587E+2
7.679845E+2	4.867489E+2
7.682337E+2	4.840166E+2
7.684830E+2	4.803554E+2
7.687322E+2	4.775084E+2
7.689814E+2	4.756341E+2
7.692306E+2	4.729347E+2
7.694798E+2	4.690221E+2
7.697290E+2	4.644538E+2
7.699782E+2	4.601478E+2
7.702273E+2	4.561970E+2
7.704765E+2	4.534046E+2
7.707256E+2	4.510057E+2
7.709748E+2	4.495358E+2
7.712239E+2	4.498472E+2
7.714730E+2	4.511478E+2
7.717222E+2	4.534702E+2
7.719713E+2	4.570822E+2
7.722204E+2	4.613172E+2
7.724694E+2	4.655850E+2
7.727185E+2	4.701533E+2
7.729676E+2	4.751041E+2
7.732167E+2	4.797325E+2
7.734657E+2	4.837052E+2
7.737147E+2	4.870658E+2
7.739638E+2	4.895358E+2
7.742128E+2	4.917434E+2
7.744618E+2	4.934101E+2
7.747108E+2	4.948472E+2
7.749598E+2	4.959511E+2
7.752088E+2	4.961751E+2
7.754578E+2	4.967762E+2
7.757068E+2	4.974757E+2
7.759557E+2	4.977981E+2
7.762047E+2	4.976888E+2
7.764536E+2	4.970003E+2
7.767026E+2	4.957106E+2
7.769515E+2	4.938636E+2
7.772004E+2	4.915248E+2
7.774493E+2	4.896669E+2
7.776982E+2	4.876013E+2
7.779471E+2	4.868636E+2
7.781960E+2	4.852735E+2
7.784449E+2	4.846669E+2
7.786938E+2	4.837707E+2
7.789426E+2	4.833554E+2
7.791915E+2	4.829019E+2
7.794403E+2	4.832352E+2
7.796891E+2	4.842243E+2
7.799380E+2	4.857052E+2
7.801868E+2	4.879511E+2
7.804356E+2	4.898418E+2
7.806844E+2	4.925030E+2
7.809332E+2	4.945795E+2
7.811819E+2	4.976997E+2
7.814307E+2	5.008418E+2
7.816795E+2	5.039893E+2
7.819282E+2	5.068855E+2
7.821770E+2	5.098199E+2
7.824257E+2	5.126724E+2
7.826744E+2	5.158691E+2
7.829231E+2	5.185139E+2
7.831718E+2	5.209401E+2
7.834205E+2	5.228855E+2
7.836692E+2	5.241915E+2
7.839179E+2	5.248090E+2
7.841666E+2	5.242188E+2
7.844152E+2	5.233937E+2
7.846639E+2	5.225194E+2
7.849125E+2	5.214265E+2
7.851612E+2	5.197161E+2
7.854098E+2	5.174593E+2
7.856584E+2	5.144757E+2
7.859070E+2	5.112899E+2
7.861556E+2	5.079893E+2
7.864042E+2	5.042188E+2
7.866528E+2	4.992680E+2
7.869014E+2	4.943117E+2
7.871499E+2	4.883882E+2
7.873985E+2	4.829675E+2
7.876470E+2	4.778527E+2
7.878956E+2	4.725904E+2
7.881441E+2	4.678800E+2
7.883926E+2	4.637106E+2
7.886411E+2	4.608855E+2
7.888896E+2	4.590276E+2
7.891381E+2	4.587161E+2
7.893866E+2	4.588035E+2
7.896351E+2	4.589948E+2
7.898835E+2	4.600713E+2
7.901320E+2	4.612079E+2
7.903804E+2	4.637489E+2
7.906289E+2	4.659565E+2
7.908773E+2	4.683992E+2
7.911257E+2	4.709729E+2
7.913742E+2	4.735030E+2
7.916226E+2	4.759511E+2
7.918709E+2	4.784647E+2
7.921193E+2	4.811259E+2
7.923677E+2	4.833773E+2
7.926161E+2	4.852789E+2
7.928644E+2	4.873117E+2
7.931128E+2	4.885030E+2
7.933611E+2	4.902024E+2
7.936095E+2	4.904265E+2
7.938578E+2	4.907380E+2
7.941061E+2	4.903718E+2
7.943544E+2	4.897762E+2
7.946027E+2	4.881369E+2
7.948510E+2	4.861915E+2
7.950993E+2	4.837817E+2
7.953475E+2	4.807544E+2
7.955958E+2	4.779675E+2
7.958440E+2	4.741860E+2
7.960923E+2	4.699675E+2
7.963405E+2	4.663554E+2
7.965887E+2	4.618691E+2
7.968370E+2	4.572680E+2
7.970852E+2	4.535084E+2
7.973334E+2	4.496669E+2
7.975816E+2	4.460057E+2
7.978297E+2	4.425740E+2
7.980779E+2	4.401041E+2
7.983261E+2	4.380385E+2
7.985742E+2	4.368363E+2
7.988224E+2	4.373063E+2
7.990705E+2	4.386505E+2
7.993186E+2	4.402024E+2
7.995668E+2	4.420604E+2
7.998149E+2	4.438800E+2
8.000630E+2	4.462789E+2
8.003111E+2	4.485795E+2
8.005591E+2	4.506669E+2
8.008072E+2	4.531806E+2
8.010553E+2	4.549839E+2
8.013033E+2	4.564811E+2
8.015514E+2	4.573391E+2
8.017994E+2	4.581205E+2
8.020474E+2	4.586888E+2
8.022955E+2	4.595303E+2
8.025435E+2	4.597871E+2
8.027915E+2	4.597325E+2
8.030395E+2	4.600931E+2
8.032874E+2	4.598527E+2
8.035354E+2	4.596560E+2
8.037834E+2	4.581697E+2
8.040313E+2	4.568910E+2
8.042793E+2	4.545959E+2
8.045272E+2	4.525194E+2
8.047752E+2	4.505795E+2
8.050231E+2	4.480877E+2
8.052710E+2	4.456013E+2
8.055189E+2	4.426997E+2
8.057668E+2	4.401970E+2
8.060147E+2	4.374975E+2
8.062625E+2	4.343008E+2
8.065104E+2	4.313336E+2
8.067583E+2	4.287544E+2
8.070061E+2	4.268527E+2
8.072540E+2	4.254265E+2
8.075018E+2	4.252024E+2
8.077496E+2	4.253063E+2
8.079974E+2	4.265412E+2
8.082452E+2	4.284374E+2
8.084930E+2	4.310658E+2
8.087408E+2	4.352079E+2
8.089886E+2	4.396505E+2
8.092364E+2	4.452298E+2
8.094841E+2	4.519401E+2
8.097319E+2	4.599675E+2
8.099796E+2	4.683500E+2
8.102273E+2	4.778800E+2
8.104751E+2	4.880658E+2
8.107228E+2	4.980494E+2
8.109705E+2	5.088582E+2
8.112182E+2	5.190494E+2
8.114659E+2	5.281205E+2
8.117135E+2	5.367598E+2
8.119612E+2	5.444046E+2
8.122089E+2	5.506068E+2
8.124565E+2	5.553063E+2
8.127042E+2	5.582735E+2
8.129518E+2	5.603172E+2
8.131994E+2	5.612352E+2
8.134470E+2	5.612134E+2
8.136946E+2	5.597762E+2
8.139422E+2	5.574975E+2
8.141898E+2	5.539128E+2
8.144374E+2	5.504975E+2
8.146850E+2	5.469347E+2
8.149325E+2	5.433882E+2
8.151801E+2	5.393172E+2
8.154276E+2	5.354319E+2
8.156752E+2	5.317981E+2
8.159227E+2	5.283117E+2
8.161702E+2	5.252899E+2
8.164177E+2	5.229292E+2
8.166652E+2	5.212188E+2
8.169127E+2	5.205084E+2
8.171602E+2	5.196177E+2
8.174077E+2	5.186505E+2
8.176551E+2	5.186013E+2
8.179026E+2	5.186177E+2
8.181500E+2	5.186396E+2
8.183975E+2	5.191150E+2
8.186449E+2	5.191860E+2
8.188923E+2	5.201806E+2
8.191397E+2	5.201806E+2
8.193871E+2	5.201150E+2
8.196345E+2	5.198254E+2
8.198819E+2	5.191697E+2
8.201293E+2	5.181259E+2
8.203766E+2	5.166560E+2
8.206240E+2	5.149019E+2
8.208713E+2	5.127270E+2
8.211187E+2	5.098855E+2
8.213660E+2	5.069784E+2
8.216133E+2	5.041970E+2
8.218606E+2	5.010604E+2
8.221079E+2	4.971587E+2
8.223552E+2	4.925358E+2
8.226025E+2	4.871314E+2
8.228498E+2	4.815139E+2
8.230970E+2	4.752844E+2
8.233443E+2	4.684866E+2
8.235915E+2	4.610658E+2
8.238388E+2	4.528199E+2
8.240860E+2	4.442462E+2
8.243332E+2	4.342844E+2
8.245804E+2	4.234156E+2
8.248276E+2	4.115467E+2
8.250748E+2	3.994757E+2
8.253220E+2	3.864757E+2
8.255692E+2	3.730057E+2
8.258163E+2	3.595631E+2
8.260635E+2	3.458910E+2
8.263106E+2	3.330604E+2
8.265578E+2	3.204156E+2
8.268049E+2	3.085139E+2
8.270520E+2	2.973828E+2
8.272991E+2	2.876123E+2
8.275462E+2	2.789347E+2
8.277933E+2	2.714319E+2
8.280404E+2	2.651642E+2
8.282875E+2	2.594101E+2
8.285345E+2	2.546942E+2
8.287816E+2	2.507270E+2
8.290287E+2	2.470112E+2
8.292757E+2	2.443063E+2
8.295227E+2	2.411533E+2
8.297697E+2	2.380276E+2
8.300168E+2	2.347544E+2
8.302638E+2	2.320166E+2
8.305107E+2	2.295576E+2
8.307577E+2	2.269948E+2
8.310047E+2	2.243937E+2
8.312517E+2	2.216177E+2
8.314986E+2	2.184101E+2
8.317456E+2	2.150112E+2
8.319925E+2	2.112134E+2
8.322394E+2	2.075576E+2
8.324864E+2	2.041041E+2
8.327333E+2	2.000276E+2
8.329802E+2	1.953117E+2
8.332271E+2	1.906068E+2
8.334740E+2	1.851970E+2
8.337208E+2	1.802844E+2
8.339677E+2	1.750330E+2
8.342146E+2	1.700658E+2
8.344614E+2	1.657544E+2
8.347082E+2	1.617161E+2
8.349551E+2	1.579675E+2
8.352019E+2	1.546669E+2
8.354487E+2	1.519019E+2
8.356955E+2	1.493773E+2
8.359423E+2	1.468691E+2
8.361891E+2	1.453500E+2
8.364359E+2	1.438254E+2
8.366826E+2	1.423937E+2
8.369294E+2	1.408964E+2
8.371761E+2	1.398090E+2
8.374229E+2	1.389456E+2
8.376696E+2	1.383445E+2
8.379163E+2	1.374702E+2
8.381630E+2	1.366833E+2
8.384097E+2	1.361970E+2
8.386564E+2	1.354647E+2
8.389031E+2	1.347216E+2
8.391498E+2	1.337653E+2
8.393965E+2	1.335467E+2
8.396431E+2	1.332079E+2
8.398898E+2	1.331478E+2
8.401364E+2	1.328145E+2
8.403830E+2	1.332024E+2
8.406297E+2	1.328636E+2
8.408763E+2	1.324757E+2
8.411229E+2	1.316287E+2
8.413695E+2	1.305740E+2
8.416161E+2	1.298199E+2
8.418626E+2	1.296287E+2
8.421092E+2	1.291314E+2
8.423558E+2	1.285248E+2
8.426023E+2	1.280112E+2
8.428489E+2	1.273500E+2
8.430954E+2	1.264319E+2
8.433419E+2	1.263117E+2
8.435884E+2	1.256177E+2
8.438349E+2	1.250931E+2
8.440814E+2	1.243882E+2
8.443279E+2	1.234593E+2
8.445744E+2	1.229620E+2
8.448208E+2	1.224429E+2
8.450673E+2	1.218800E+2
8.453138E+2	1.213609E+2
8.455602E+2	1.204811E+2
8.458066E+2	1.201642E+2
8.460530E+2	1.196669E+2
8.462995E+2	1.195412E+2
8.465459E+2	1.196451E+2
8.467923E+2	1.194374E+2
8.470386E+2	1.192899E+2
8.472850E+2	1.186505E+2
8.475314E+2	1.176669E+2
8.477777E+2	1.170877E+2
8.480241E+2	1.167161E+2
8.482704E+2	1.160166E+2
8.485168E+2	1.160221E+2
8.487631E+2	1.154757E+2
8.490094E+2	1.148910E+2
8.492557E+2	1.142953E+2
8.495020E+2	1.140658E+2
8.497483E+2	1.138090E+2
8.499946E+2	1.135522E+2
8.502408E+2	1.134046E+2
8.504871E+2	1.130768E+2
8.507333E+2	1.127380E+2
8.509796E+2	1.121642E+2
8.512258E+2	1.112462E+2
8.514720E+2	1.110877E+2
8.517182E+2	1.103063E+2
8.519644E+2	1.096942E+2
8.522106E+2	1.090276E+2
8.524568E+2	1.087106E+2
8.527030E+2	1.079401E+2
8.529492E+2	1.075850E+2
8.531953E+2	1.069893E+2
8.534415E+2	1.062735E+2
8.536876E+2	1.056123E+2
8.539337E+2	1.049292E+2
8.541799E+2	1.042844E+2
8.544260E+2	1.035522E+2
8.546721E+2	1.034483E+2
8.549182E+2	1.025850E+2
8.551643E+2	1.022079E+2
8.554103E+2	1.010166E+2
8.556564E+2	1.004101E+2
8.559024E+2	1.001259E+2
8.561485E+2	9.967238E+1
8.563945E+2	9.948659E+1
8.566406E+2	9.934451E+1
8.568866E+2	9.878167E+1
8.571326E+2	9.826801E+1
8.573786E+2	9.766145E+1
8.576246E+2	9.715872E+1
8.578706E+2	9.691828E+1
8.581166E+2	9.682539E+1
8.583625E+2	9.643195E+1
8.586085E+2	9.645927E+1
8.588544E+2	9.589096E+1
8.591004E+2	9.566692E+1
8.593463E+2	9.519697E+1
8.595922E+2	9.510408E+1
8.598381E+2	9.473796E+1
8.600840E+2	9.445927E+1
8.603299E+2	9.448113E+1
8.605758E+2	9.427894E+1
8.608217E+2	9.358495E+1
8.610675E+2	9.320244E+1
8.613134E+2	9.267238E+1
8.615592E+2	9.227894E+1
8.618051E+2	9.174889E+1
8.620509E+2	9.118058E+1
8.622967E+2	9.100572E+1
8.625425E+2	9.083085E+1
8.627883E+2	8.998386E+1
8.630341E+2	8.920244E+1
8.632799E+2	8.891282E+1
8.635257E+2	8.857949E+1
8.637715E+2	8.812594E+1
8.640172E+2	8.771610E+1
8.642630E+2	8.759042E+1
8.645087E+2	8.681446E+1
8.647544E+2	8.601665E+1
8.650001E+2	8.527348E+1
8.652459E+2	8.455216E+1
8.654916E+2	8.442648E+1
8.657372E+2	8.384725E+1
8.659829E+2	8.363413E+1
8.662286E+2	8.326801E+1
8.664743E+2	8.269971E+1
8.667199E+2	8.227894E+1
8.669656E+2	8.187457E+1
8.672112E+2	8.125708E+1
8.674568E+2	8.071610E+1
8.677024E+2	8.038823E+1
8.679481E+2	7.988003E+1
8.681937E+2	7.931719E+1
8.684392E+2	7.880353E+1
8.686848E+2	7.858495E+1
8.689304E+2	7.826801E+1
8.691760E+2	7.818604E+1
8.694215E+2	7.833359E+1
8.696671E+2	7.760681E+1
8.699126E+2	7.749752E+1
8.701581E+2	7.716965E+1
8.704036E+2	7.738277E+1
8.706491E+2	7.714779E+1
8.708946E+2	7.649752E+1
8.711401E+2	7.634998E+1
8.713856E+2	7.617512E+1
8.716311E+2	7.561774E+1
8.718766E+2	7.515872E+1
8.721220E+2	7.486910E+1
8.723674E+2	7.451938E+1
8.726129E+2	7.409861E+1
8.728583E+2	7.391828E+1
8.731037E+2	7.339369E+1
8.733491E+2	7.270517E+1
8.735945E+2	7.196747E+1
8.738399E+2	7.160681E+1
8.740853E+2	7.140462E+1
8.743307E+2	7.117512E+1
8.745760E+2	7.039916E+1
8.748214E+2	7.001665E+1
8.750667E+2	6.985818E+1
8.753121E+2	6.893468E+1
8.755574E+2	6.849752E+1
8.758027E+2	6.821883E+1
8.760480E+2	6.781992E+1
8.762933E+2	6.706036E+1
8.765386E+2	6.632812E+1
8.767839E+2	6.560681E+1
8.770291E+2	6.497293E+1
8.772744E+2	6.456309E+1
8.775196E+2	6.419697E+1
8.777649E+2	6.408768E+1
8.780101E+2	6.407675E+1
8.782553E+2	6.344834E+1
8.785006E+2	6.254124E+1
8.787458E+2	6.198386E+1
8.789910E+2	6.165053E+1
8.792361E+2	6.147566E+1
8.794813E+2	6.159042E+1
8.797265E+2	6.161774E+1
8.799717E+2	6.182539E+1
8.802168E+2	6.169971E+1
8.804619E+2	6.116965E+1
8.807071E+2	6.079260E+1
8.809522E+2	6.049206E+1
8.811973E+2	6.019151E+1
8.814424E+2	5.990736E+1
8.816875E+2	5.955216E+1
8.819326E+2	5.948113E+1
8.821777E+2	5.935544E+1
8.824227E+2	5.897293E+1
8.826678E+2	5.891828E+1
8.829128E+2	5.856856E+1
8.831579E+2	5.834998E+1
8.834029E+2	5.814779E+1
8.836479E+2	5.784178E+1
8.838929E+2	5.783085E+1
8.841379E+2	5.762867E+1
8.843829E+2	5.688003E+1
8.846279E+2	5.657949E+1
8.848729E+2	5.650845E+1
8.851179E+2	5.644834E+1
8.853628E+2	5.550845E+1
8.856078E+2	5.504397E+1
8.858527E+2	5.466145E+1
8.860976E+2	5.423522E+1
8.863425E+2	5.373249E+1
8.865875E+2	5.325708E+1
8.868324E+2	5.271063E+1
8.870772E+2	5.223522E+1
8.873221E+2	5.161227E+1
8.875670E+2	5.092921E+1
8.878119E+2	5.041009E+1
8.880567E+2	5.042102E+1
8.883016E+2	5.011501E+1
8.885464E+2	4.977621E+1
8.887912E+2	4.949206E+1
8.890360E+2	4.884725E+1
8.892809E+2	4.850845E+1
8.895257E+2	4.818058E+1
8.897704E+2	4.774889E+1
8.900152E+2	4.729533E+1
8.902600E+2	4.711501E+1
8.905048E+2	4.685271E+1
8.907495E+2	4.627348E+1
8.909943E+2	4.579807E+1
8.912390E+2	4.583632E+1
8.914837E+2	4.563413E+1
8.917284E+2	4.568878E+1
8.919731E+2	4.555763E+1
8.922178E+2	4.500572E+1
8.924625E+2	4.511501E+1
8.927072E+2	4.491282E+1
8.929519E+2	4.460135E+1
8.931965E+2	4.475435E+1
8.934412E+2	4.480353E+1
8.936858E+2	4.497293E+1
8.939305E+2	4.506036E+1
8.941751E+2	4.461227E+1
8.944197E+2	4.420790E+1
8.946643E+2	4.347020E+1
8.949089E+2	4.296200E+1
8.951535E+2	4.238823E+1
8.953981E+2	4.165053E+1
8.956426E+2	4.148113E+1
8.958872E+2	4.090736E+1
8.961317E+2	4.048659E+1
8.963763E+2	4.012594E+1
8.966208E+2	4.009315E+1
8.968653E+2	3.976528E+1
8.971098E+2	3.948113E+1
8.973543E+2	3.922430E+1
8.975988E+2	3.879807E+1
8.978433E+2	3.868878E+1
8.980878E+2	3.824069E+1
8.983323E+2	3.832266E+1
8.985767E+2	3.821883E+1
8.988212E+2	3.813140E+1
8.990656E+2	3.815872E+1
8.993100E+2	3.824069E+1
8.995545E+2	3.804943E+1
8.997989E+2	3.760135E+1
9.000433E+2	3.692375E+1
9.002877E+2	3.662867E+1
9.005320E+2	3.649206E+1
9.007764E+2	3.658495E+1
9.010208E+2	3.656309E+1
9.012651E+2	3.639916E+1
9.015095E+2	3.648659E+1
9.017538E+2	3.652484E+1
9.019981E+2	3.659588E+1
9.022425E+2	3.685818E+1
9.024868E+2	3.711501E+1
9.027311E+2	3.707675E+1
9.029754E+2	3.668878E+1
9.032196E+2	3.659588E+1
9.034639E+2	3.655216E+1
9.037082E+2	3.646473E+1
9.039524E+2	3.667238E+1
9.041967E+2	3.637730E+1
9.044409E+2	3.657949E+1
9.046851E+2	3.699479E+1
9.049293E+2	3.713686E+1
9.051736E+2	3.706036E+1
9.054177E+2	3.701118E+1
9.056619E+2	3.724069E+1
9.059061E+2	3.738277E+1
9.061503E+2	3.734451E+1
9.063944E+2	3.737184E+1
9.066386E+2	3.704943E+1
9.068827E+2	3.695107E+1
9.071269E+2	3.722976E+1
9.073710E+2	3.679260E+1
9.076151E+2	3.657949E+1
9.078592E+2	3.654124E+1
9.081033E+2	3.642102E+1
9.083474E+2	3.649752E+1
9.085915E+2	3.621337E+1
9.088355E+2	3.583632E+1
9.090796E+2	3.567238E+1
9.093236E+2	3.562867E+1
9.095677E+2	3.556856E+1
9.098117E+2	3.510954E+1
9.100557E+2	3.516419E+1
9.102997E+2	3.519697E+1
9.105437E+2	3.518604E+1
9.107877E+2	3.556309E+1
9.110317E+2	3.591282E+1
9.112757E+2	3.563960E+1
9.115197E+2	3.526255E+1
9.117636E+2	3.506036E+1
9.120076E+2	3.484725E+1
9.122515E+2	3.458495E+1
9.124954E+2	3.416419E+1
9.127393E+2	3.420244E+1
9.129832E+2	3.462320E+1
9.132271E+2	3.401665E+1
9.134710E+2	3.401665E+1
9.137149E+2	3.363413E+1
9.139588E+2	3.344288E+1
9.142026E+2	3.316419E+1
9.144465E+2	3.306036E+1
9.146903E+2	3.281992E+1
9.149342E+2	3.249206E+1
9.151780E+2	3.255763E+1
9.154218E+2	3.266145E+1
9.156656E+2	3.243195E+1
9.159094E+2	3.226801E+1
9.161532E+2	3.238823E+1
9.163970E+2	3.236091E+1
9.166408E+2	3.233905E+1
9.168845E+2	3.219697E+1
9.171283E+2	3.207675E+1
9.173720E+2	3.194014E+1
9.176157E+2	3.206036E+1
9.178595E+2	3.200572E+1
9.181032E+2	3.197293E+1
9.183469E+2	3.157949E+1
9.185906E+2	3.149206E+1
9.188343E+2	3.091828E+1
9.190779E+2	3.089643E+1
9.193216E+2	3.020244E+1
9.195653E+2	2.966145E+1
9.198089E+2	2.919697E+1
9.200525E+2	2.896200E+1
9.202962E+2	2.889643E+1
9.205398E+2	2.874889E+1
9.207834E+2	2.842102E+1
9.210270E+2	2.836091E+1
9.212706E+2	2.864506E+1
9.215142E+2	2.876528E+1
9.217577E+2	2.868331E+1
9.220013E+2	2.821883E+1
9.222449E+2	2.760135E+1
9.224884E+2	2.783632E+1
9.227319E+2	2.779260E+1
9.229755E+2	2.744288E+1
9.232190E+2	2.698386E+1
9.234625E+2	2.693468E+1
9.237060E+2	2.663960E+1
9.239495E+2	2.667785E+1
9.241930E+2	2.633359E+1
9.244364E+2	2.610408E+1
9.246799E+2	2.616965E+1
9.249233E+2	2.584178E+1
9.251668E+2	2.569424E+1
9.254102E+2	2.512047E+1
9.256536E+2	2.485271E+1
9.258971E+2	2.449206E+1
9.261405E+2	2.469971E+1
9.263839E+2	2.466145E+1
9.266272E+2	2.463413E+1
9.268706E+2	2.476528E+1
9.271140E+2	2.483085E+1
9.273573E+2	2.480353E+1
9.276007E+2	2.459042E+1
9.278440E+2	2.441555E+1
9.280874E+2	2.442102E+1
9.283307E+2	2.419151E+1
9.285740E+2	2.421883E+1
9.288173E+2	2.390736E+1
9.290606E+2	2.378714E+1
9.293039E+2	2.375435E+1
9.295471E+2	2.398932E+1
9.297904E+2	2.453031E+1
9.300337E+2	2.423522E+1
9.302769E+2	2.411501E+1
9.305201E+2	2.395107E+1
9.307634E+2	2.383632E+1
9.310066E+2	2.354670E+1
9.312498E+2	2.325162E+1
9.314930E+2	2.291282E+1
9.317362E+2	2.268331E+1
9.319794E+2	2.220244E+1
9.322225E+2	2.222976E+1
9.324657E+2	2.180353E+1
9.327088E+2	2.145927E+1
9.329520E+2	2.104397E+1
9.331951E+2	2.133359E+1
9.334382E+2	2.134998E+1
9.336814E+2	2.138277E+1
9.339245E+2	2.127348E+1
9.341676E+2	2.137730E+1
9.344106E+2	2.160135E+1
9.346537E+2	2.182539E+1
9.348968E+2	2.195107E+1
9.351398E+2	2.176528E+1
9.353829E+2	2.157949E+1
9.356259E+2	2.139916E+1
9.358690E+2	2.125708E+1
9.361120E+2	2.080353E+1
9.363550E+2	2.052484E+1
9.365980E+2	2.044288E+1
9.368410E+2	2.044834E+1
9.370840E+2	2.089643E+1
9.373269E+2	2.038823E+1
9.375699E+2	2.007675E+1
9.378129E+2	1.980900E+1
9.380558E+2	1.964506E+1
9.382987E+2	1.927894E+1
9.385417E+2	1.939916E+1
9.387846E+2	1.894561E+1
9.390275E+2	1.922976E+1
9.392704E+2	1.934451E+1
9.395133E+2	1.937184E+1
9.397562E+2	1.960681E+1
9.399990E+2	1.961774E+1
9.402419E+2	1.969424E+1
9.404847E+2	1.947020E+1
9.407276E+2	1.950298E+1
9.409704E+2	1.925162E+1
9.412132E+2	1.918604E+1
9.414560E+2	1.941009E+1
9.416988E+2	1.904943E+1
9.419416E+2	1.899479E+1
9.421844E+2	1.884725E+1
9.424272E+2	1.861227E+1
9.426700E+2	1.824615E+1
9.429127E+2	1.814779E+1
9.431555E+2	1.802757E+1
9.433982E+2	1.787457E+1
9.436409E+2	1.755763E+1
9.438837E+2	1.725708E+1
9.441264E+2	1.692921E+1
9.443691E+2	1.657949E+1
9.446118E+2	1.626255E+1
9.448544E+2	1.671610E+1
9.450971E+2	1.631719E+1
9.453398E+2	1.638823E+1
9.455824E+2	1.613686E+1
9.458251E+2	1.609861E+1
9.460677E+2	1.628441E+1
9.463103E+2	1.658495E+1
9.465530E+2	1.631173E+1
9.467956E+2	1.640462E+1
9.470382E+2	1.625162E+1
9.472807E+2	1.625708E+1
9.475233E+2	1.617512E+1
9.477659E+2	1.626801E+1
9.480084E+2	1.573796E+1
9.482510E+2	1.557402E+1
9.484935E+2	1.599479E+1
9.487361E+2	1.595654E+1
9.489786E+2	1.653031E+1
9.492211E+2	1.628441E+1
9.494636E+2	1.589643E+1
9.497061E+2	1.554670E+1
9.499486E+2	1.524069E+1
9.501911E+2	1.537730E+1
9.504335E+2	1.540462E+1
9.506760E+2	1.513686E+1
9.509184E+2	1.500572E+1
9.511609E+2	1.519151E+1
9.514033E+2	1.507675E+1
9.516457E+2	1.504943E+1
9.518881E+2	1.497293E+1
9.521305E+2	1.473796E+1
9.523729E+2	1.501118E+1
9.526153E+2	1.545927E+1
9.528576E+2	1.558495E+1
9.531000E+2	1.595107E+1
9.533424E+2	1.608768E+1
9.535847E+2	1.611501E+1
9.538270E+2	1.584178E+1
9.540694E+2	1.580353E+1
9.543117E+2	1.565599E+1
9.545540E+2	1.541009E+1
9.547963E+2	1.547566E+1
9.550386E+2	1.565599E+1
9.552808E+2	1.575982E+1
9.555231E+2	1.563960E+1
9.557654E+2	1.536091E+1
9.560076E+2	1.545380E+1
9.562498E+2	1.492921E+1
9.564921E+2	1.524069E+1
9.567343E+2	1.518058E+1
9.569765E+2	1.530626E+1
9.572187E+2	1.526255E+1
9.574609E+2	1.516419E+1
9.577031E+2	1.502211E+1
9.579452E+2	1.517512E+1
9.581874E+2	1.520244E+1
9.584296E+2	1.550298E+1
9.586717E+2	1.561774E+1
9.589138E+2	1.567238E+1
9.591560E+2	1.569971E+1
9.593981E+2	1.557949E+1
9.596402E+2	1.500025E+1
9.598823E+2	1.502211E+1
9.601244E+2	1.462867E+1
9.603664E+2	1.490736E+1
9.606085E+2	1.474889E+1
9.608506E+2	1.456309E+1
9.610926E+2	1.404397E+1
9.613347E+2	1.427894E+1
9.615767E+2	1.418604E+1
9.618187E+2	1.425708E+1
9.620607E+2	1.406036E+1
9.623027E+2	1.425162E+1
9.625447E+2	1.414233E+1
9.627867E+2	1.428441E+1
9.630287E+2	1.414779E+1
9.632706E+2	1.363413E+1
9.635126E+2	1.375435E+1
9.637545E+2	1.341009E+1
9.639965E+2	1.362320E+1
9.642384E+2	1.379260E+1
9.644803E+2	1.388003E+1
9.647222E+2	1.395107E+1
9.649641E+2	1.371610E+1
9.652060E+2	1.388003E+1
9.654479E+2	1.414779E+1
9.656897E+2	1.400025E+1
9.659316E+2	1.350845E+1
9.661734E+2	1.342102E+1
9.664153E+2	1.341555E+1
9.666571E+2	1.351938E+1
9.668989E+2	1.424615E+1
9.671408E+2	1.438823E+1
9.673826E+2	1.427348E+1
9.676243E+2	1.443741E+1
9.678661E+2	1.419697E+1
9.681079E+2	1.432812E+1
9.683497E+2	1.428987E+1
9.685914E+2	1.428441E+1
9.688332E+2	1.414779E+1
9.690749E+2	1.433905E+1
9.693166E+2	1.453031E+1
9.695583E+2	1.456309E+1
9.698001E+2	1.454670E+1
9.700417E+2	1.448659E+1
9.702834E+2	1.433359E+1
9.705251E+2	1.454124E+1
9.707668E+2	1.455763E+1
9.710084E+2	1.468331E+1
9.712501E+2	1.459042E+1
9.714917E+2	1.478167E+1
9.717334E+2	1.514779E+1
9.719750E+2	1.551391E+1
9.722166E+2	1.586364E+1
9.724582E+2	1.619697E+1
9.726998E+2	1.573796E+1
9.729414E+2	1.566145E+1
9.731830E+2	1.536091E+1
9.734245E+2	1.521337E+1
9.736661E+2	1.518058E+1
9.739076E+2	1.554124E+1
9.741492E+2	1.532812E+1
9.743907E+2	1.543195E+1
9.746322E+2	1.567785E+1
9.748737E+2	1.600572E+1
9.751152E+2	1.618604E+1
9.753567E+2	1.614779E+1
9.755982E+2	1.602211E+1
9.758396E+2	1.605490E+1
9.760811E+2	1.589096E+1
9.763226E+2	1.607129E+1
9.765640E+2	1.607675E+1
9.768054E+2	1.581446E+1
9.770468E+2	1.550298E+1
9.772883E+2	1.566692E+1
9.775297E+2	1.591828E+1
9.777711E+2	1.601665E+1
9.780124E+2	1.608222E+1
9.782538E+2	1.592375E+1
9.784952E+2	1.572703E+1
9.787365E+2	1.538277E+1
9.789779E+2	1.518604E+1
9.792192E+2	1.531173E+1
9.794605E+2	1.542648E+1
9.797019E+2	1.592375E+1
9.799432E+2	1.573249E+1
9.801845E+2	1.550298E+1
9.804257E+2	1.558495E+1
9.806670E+2	1.606583E+1
9.809083E+2	1.607675E+1
9.811496E+2	1.651391E+1
9.813908E+2	1.616419E+1
9.816320E+2	1.551391E+1
9.818733E+2	1.515326E+1
9.821145E+2	1.504397E+1
9.823557E+2	1.502757E+1
9.825969E+2	1.520790E+1
9.828381E+2	1.498932E+1
9.830793E+2	1.525708E+1
9.833205E+2	1.504397E+1
9.835616E+2	1.514779E+1
9.838028E+2	1.472703E+1
9.840439E+2	1.462867E+1
9.842851E+2	1.427894E+1
9.845262E+2	1.409861E+1
9.847673E+2	1.401665E+1
9.850084E+2	1.401665E+1
9.852495E+2	1.407129E+1
9.854906E+2	1.397293E+1
9.857317E+2	1.385271E+1
9.859727E+2	1.357949E+1
9.862138E+2	1.328987E+1
9.864549E+2	1.324615E+1
9.866959E+2	1.268878E+1
9.869369E+2	1.242648E+1
9.871779E+2	1.214779E+1
9.874190E+2	1.219151E+1
9.876600E+2	1.208768E+1
9.879010E+2	1.243741E+1
9.881419E+2	1.255763E+1
9.883829E+2	1.281446E+1
9.886239E+2	1.210954E+1
9.888648E+2	1.229533E+1
9.891058E+2	1.262867E+1
9.893467E+2	1.259042E+1
9.895876E+2	1.245380E+1
9.898285E+2	1.218604E+1
9.900695E+2	1.233905E+1
9.903104E+2	1.237184E+1
9.905512E+2	1.283085E+1
9.907921E+2	1.279260E+1
9.910330E+2	1.283632E+1
9.912738E+2	1.254670E+1
9.915147E+2	1.313140E+1
9.917555E+2	1.325708E+1
9.919964E+2	1.334998E+1
9.922372E+2	1.324615E+1
9.924780E+2	1.328441E+1
9.927188E+2	1.313140E+1
9.929596E+2	1.345380E+1
9.932004E+2	1.326255E+1
9.934411E+2	1.305490E+1
9.936819E+2	1.298932E+1
9.939227E+2	1.295654E+1
9.941634E+2	1.329533E+1
9.944041E+2	1.314233E+1
9.946449E+2	1.336637E+1
9.948856E+2	1.336091E+1
9.951263E+2	1.326255E+1
9.953670E+2	1.321883E+1
9.956077E+2	1.355216E+1
9.958483E+2	1.331173E+1
9.960890E+2	1.342102E+1
9.963297E+2	1.369971E+1
9.965703E+2	1.344834E+1
9.968109E+2	1.363960E+1
9.970516E+2	1.349206E+1
9.972922E+2	1.341009E+1
9.975328E+2	1.318058E+1
9.977734E+2	1.285271E+1
9.980140E+2	1.275435E+1
9.982546E+2	1.271610E+1
9.984951E+2	1.331719E+1
9.987357E+2	1.306583E+1
9.989763E+2	1.336637E+1
9.992168E+2	1.340462E+1
9.994573E+2	1.347566E+1
9.996978E+2	1.345927E+1
9.999384E+2	1.332812E+1
1.000179E+3	1.297293E+1
1.000419E+3	1.290736E+1
1.000660E+3	1.334998E+1
1.000900E+3	1.359042E+1
1.001141E+3	1.344834E+1
1.001381E+3	1.395107E+1
1.001622E+3	1.384178E+1
1.001862E+3	1.419151E+1
1.002103E+3	1.431719E+1
1.002343E+3	1.455763E+1
1.002583E+3	1.444288E+1
1.002824E+3	1.421883E+1
1.003064E+3	1.415872E+1
1.003305E+3	1.448113E+1
1.003545E+3	1.430626E+1
1.003785E+3	1.395654E+1
1.004026E+3	1.400572E+1
1.004266E+3	1.414233E+1
1.004506E+3	1.407675E+1
1.004747E+3	1.401118E+1
1.004987E+3	1.385271E+1
1.005227E+3	1.349752E+1
1.005468E+3	1.349206E+1
1.005708E+3	1.326801E+1
1.005948E+3	1.350298E+1
1.006188E+3	1.332812E+1
1.006429E+3	1.362867E+1
1.006669E+3	1.365599E+1
1.006909E+3	1.359042E+1
1.007149E+3	1.347566E+1
1.007390E+3	1.391282E+1
1.007630E+3	1.370517E+1
1.007870E+3	1.365053E+1
1.008110E+3	1.387457E+1
1.008350E+3	1.440462E+1
1.008590E+3	1.442648E+1
1.008831E+3	1.403304E+1
1.009071E+3	1.365599E+1
1.009311E+3	1.333905E+1
1.009551E+3	1.324069E+1
1.009791E+3	1.325708E+1
1.010031E+3	1.318058E+1
1.010271E+3	1.297293E+1
1.010511E+3	1.301118E+1
1.010752E+3	1.339369E+1
1.010992E+3	1.357402E+1
1.011232E+3	1.400025E+1
1.011472E+3	1.378714E+1
1.011712E+3	1.356856E+1
1.011952E+3	1.374342E+1
1.012192E+3	1.393468E+1
1.012432E+3	1.398386E+1
1.012672E+3	1.404397E+1
1.012912E+3	1.456309E+1
1.013152E+3	1.404397E+1
1.013392E+3	1.412047E+1
1.013632E+3	1.387457E+1
1.013872E+3	1.401118E+1
1.014112E+3	1.390189E+1
1.014352E+3	1.409861E+1
1.014591E+3	1.452484E+1
1.014831E+3	1.471063E+1
1.015071E+3	1.479807E+1
1.015311E+3	1.441555E+1
1.015551E+3	1.406583E+1
1.015791E+3	1.394561E+1
1.016031E+3	1.401665E+1
1.016271E+3	1.428441E+1
1.016511E+3	1.392921E+1
1.016750E+3	1.410954E+1
1.016990E+3	1.363960E+1
1.017230E+3	1.355763E+1
1.017470E+3	1.385818E+1
1.017710E+3	1.381446E+1
1.017949E+3	1.383085E+1
1.018189E+3	1.420244E+1
1.018429E+3	1.405490E+1
1.018669E+3	1.380353E+1
1.018908E+3	1.362867E+1
1.019148E+3	1.363960E+1
1.019388E+3	1.357949E+1
1.019628E+3	1.397839E+1
1.019867E+3	1.402757E+1
1.020107E+3	1.413686E+1
1.020347E+3	1.405490E+1
1.020586E+3	1.370517E+1
1.020826E+3	1.347020E+1
1.021066E+3	1.315326E+1
1.021305E+3	1.316965E+1
1.021545E+3	1.348659E+1
1.021785E+3	1.342102E+1
1.022024E+3	1.341555E+1
1.022264E+3	1.355763E+1
1.022504E+3	1.376528E+1
1.022743E+3	1.394561E+1
1.022983E+3	1.386910E+1
1.023222E+3	1.370517E+1
1.023462E+3	1.365599E+1
1.023702E+3	1.362320E+1
1.023941E+3	1.377074E+1
1.024181E+3	1.422430E+1
1.024420E+3	1.416419E+1
1.024660E+3	1.410408E+1
1.024899E+3	1.386910E+1
1.025139E+3	1.351391E+1
1.025378E+3	1.274342E+1
1.025618E+3	1.245927E+1
1.025857E+3	1.208222E+1
1.026097E+3	1.181992E+1
1.026336E+3	1.184725E+1
1.026575E+3	1.142102E+1
1.026815E+3	1.116419E+1
1.027054E+3	1.120244E+1
1.027294E+3	1.132812E+1
1.027533E+3	1.086910E+1
1.027773E+3	1.113140E+1
1.028012E+3	1.122430E+1
1.028251E+3	1.153577E+1
1.028491E+3	1.135544E+1
1.028730E+3	1.138277E+1
1.028969E+3	1.136637E+1
1.029209E+3	1.085818E+1
1.029448E+3	1.108222E+1
1.029687E+3	1.128441E+1
1.029927E+3	1.125162E+1
1.030166E+3	1.156856E+1
1.030405E+3	1.157402E+1
1.030645E+3	1.079260E+1
1.030884E+3	1.048659E+1
1.031123E+3	1.062320E+1
1.031362E+3	1.028441E+1
1.031602E+3	1.070517E+1
1.031841E+3	1.064506E+1
1.032080E+3	1.056309E+1
1.032319E+3	1.029533E+1
1.032558E+3	1.007675E+1
1.032798E+3	9.759815E+0
1.033037E+3	1.002211E+1
1.033276E+3	9.945607E+0
1.033515E+3	9.918285E+0
1.033754E+3	9.896427E+0
1.033993E+3	1.003850E+1
1.034233E+3	9.847247E+0
1.034472E+3	9.694241E+0
1.034711E+3	9.628668E+0
1.034950E+3	9.568558E+0
1.035189E+3	9.459269E+0
1.035428E+3	9.213367E+0
1.035667E+3	8.841782E+0
1.035906E+3	8.776208E+0
1.036145E+3	8.923749E+0
1.036384E+3	9.071290E+0
1.036623E+3	8.880034E+0
1.036862E+3	8.748886E+0
1.037101E+3	8.552165E+0
1.037340E+3	8.158722E+0
1.037579E+3	7.716099E+0
1.037818E+3	7.732493E+0
1.038057E+3	7.563094E+0
1.038296E+3	7.563094E+0
1.038535E+3	7.617739E+0
1.038774E+3	7.240689E+0
1.039013E+3	6.923749E+0
1.039252E+3	6.655990E+0
1.039491E+3	6.798066E+0
1.039730E+3	6.825389E+0
1.039969E+3	7.442875E+0
1.040208E+3	7.065826E+0
1.040447E+3	7.049433E+0
1.040685E+3	7.410088E+0
1.040924E+3	7.683312E+0
1.041163E+3	7.781673E+0
1.041402E+3	7.721564E+0
1.041641E+3	7.787137E+0
1.041880E+3	7.584952E+0
1.042118E+3	7.557629E+0
1.042357E+3	7.273476E+0
1.042596E+3	7.453804E+0
1.042835E+3	7.082219E+0
1.043074E+3	7.016646E+0
1.043312E+3	7.054897E+0
1.043551E+3	7.060361E+0
1.043790E+3	7.754351E+0
1.044029E+3	7.907356E+0
1.044267E+3	7.672383E+0
1.044506E+3	7.683312E+0
1.044745E+3	7.535771E+0
1.044983E+3	7.688777E+0
1.045222E+3	8.180580E+0
1.045461E+3	8.464733E+0
1.045699E+3	8.109542E+0
1.045938E+3	8.115006E+0
1.046177E+3	7.563094E+0
1.046415E+3	7.530307E+0
1.046654E+3	7.410088E+0
1.046893E+3	7.847247E+0
1.047131E+3	8.060361E+0
1.047370E+3	8.186045E+0
1.047608E+3	8.120471E+0
1.047847E+3	8.306263E+0
1.048086E+3	8.093148E+0
1.048324E+3	8.295334E+0
1.048563E+3	8.257083E+0
1.048801E+3	8.262547E+0
1.049040E+3	8.317192E+0
1.049278E+3	8.262547E+0
1.049517E+3	8.404624E+0
1.049755E+3	8.710635E+0
1.049994E+3	9.109542E+0
1.050232E+3	9.612274E+0
1.050471E+3	9.289870E+0
1.050709E+3	8.748886E+0
1.050948E+3	8.803531E+0
1.051186E+3	9.142329E+0
1.051424E+3	9.136864E+0
1.051663E+3	9.202438E+0
1.051901E+3	9.109542E+0
1.052140E+3	9.158722E+0
1.052378E+3	9.328121E+0
1.052616E+3	9.464733E+0
1.052855E+3	9.574023E+0
1.053093E+3	9.584952E+0
1.053332E+3	9.595881E+0
1.053570E+3	1.008768E+1
1.053808E+3	1.041555E+1
1.054047E+3	1.054670E+1
1.054285E+3	1.089096E+1
1.054523E+3	1.072156E+1
1.054761E+3	1.092921E+1
1.055000E+3	1.085818E+1
1.055238E+3	1.066692E+1
1.055476E+3	1.061227E+1
1.055715E+3	1.076528E+1
1.055953E+3	1.082539E+1
1.056191E+3	1.077074E+1
1.056429E+3	1.089643E+1
1.056667E+3	1.098386E+1
1.056906E+3	1.128441E+1
1.057144E+3	1.088003E+1
1.057382E+3	1.081992E+1
1.057620E+3	1.111501E+1
1.057858E+3	1.096200E+1
1.058097E+3	1.086364E+1
1.058335E+3	1.022976E+1
1.058573E+3	9.852711E+0
1.058811E+3	1.015326E+1
1.059049E+3	1.076528E+1
1.059287E+3	1.079807E+1
1.059525E+3	1.046473E+1
1.059763E+3	1.013686E+1
1.060001E+3	1.005490E+1
1.060239E+3	1.037184E+1
1.060478E+3	1.034998E+1
1.060716E+3	1.060135E+1
1.060954E+3	1.079807E+1
1.061192E+3	1.111501E+1
1.061430E+3	1.053577E+1
1.061668E+3	1.022430E+1
1.061906E+3	1.028987E+1
1.062144E+3	1.022976E+1
1.062382E+3	1.014779E+1
1.062620E+3	1.028441E+1
1.062858E+3	9.727028E+0
1.063096E+3	9.349979E+0
1.063333E+3	9.147793E+0
1.063571E+3	9.027575E+0
1.063809E+3	8.901892E+0
1.064047E+3	8.694241E+0
1.064285E+3	8.574023E+0
1.064523E+3	8.262547E+0
1.064761E+3	8.104077E+0
1.064999E+3	8.333586E+0
1.065237E+3	8.393695E+0
1.065474E+3	8.470198E+0
1.065712E+3	7.869105E+0
1.065950E+3	7.563094E+0
1.066188E+3	7.481127E+0
1.066426E+3	7.688777E+0
1.066664E+3	7.628668E+0
1.066901E+3	7.366372E+0
1.067139E+3	7.344515E+0
1.067377E+3	7.404624E+0
1.067615E+3	7.257083E+0
1.067852E+3	7.169651E+0
1.068090E+3	6.574023E+0
1.068328E+3	6.131400E+0
1.068566E+3	5.901892E+0
1.068803E+3	5.486591E+0
1.069041E+3	5.175116E+0
1.069279E+3	5.278941E+0
1.069516E+3	5.366372E+0
1.069754E+3	5.284405E+0
1.069992E+3	5.038504E+0
1.070229E+3	4.814460E+0
1.070467E+3	4.825389E+0
1.070705E+3	4.825389E+0
1.070942E+3	4.765280E+0
1.071180E+3	4.431946E+0
1.071418E+3	4.005717E+0
1.071655E+3	4.142329E+0
1.071893E+3	3.978394E+0
1.072130E+3	3.606810E+0
1.072368E+3	3.716099E+0
1.072605E+3	3.650525E+0
1.072843E+3	3.650525E+0
1.073081E+3	3.787137E+0
1.073318E+3	3.825389E+0
1.073556E+3	3.666919E+0
1.073793E+3	3.399159E+0
1.074031E+3	3.360908E+0
1.074268E+3	3.426482E+0
1.074506E+3	3.645061E+0
1.074743E+3	3.770744E+0
1.074981E+3	3.650525E+0
1.075218E+3	3.869105E+0
1.075455E+3	3.754351E+0
1.075693E+3	3.257083E+0
1.075930E+3	3.584952E+0
1.076168E+3	3.524842E+0
1.076405E+3	3.508449E+0
1.076642E+3	3.453804E+0
1.076880E+3	3.634132E+0
1.077117E+3	3.650525E+0
1.077355E+3	3.929214E+0
1.077592E+3	4.377301E+0
1.077829E+3	4.776208E+0
1.078067E+3	5.131400E+0
1.078304E+3	5.289870E+0
1.078541E+3	5.776208E+0
1.078779E+3	6.000252E+0
1.079016E+3	6.333586E+0
1.079253E+3	6.349979E+0
1.079490E+3	5.972930E+0
1.079728E+3	6.087684E+0
1.079965E+3	5.732493E+0
1.080202E+3	5.896427E+0
1.080439E+3	6.038504E+0
1.080677E+3	6.104077E+0
1.080914E+3	6.115006E+0
1.081151E+3	6.328121E+0
1.081388E+3	6.366372E+0
1.081625E+3	6.535771E+0
1.081863E+3	6.278941E+0
1.082100E+3	6.541236E+0
1.082337E+3	6.278941E+0
1.082574E+3	6.770744E+0
1.082811E+3	7.142329E+0
1.083048E+3	7.038504E+0
1.083285E+3	6.677848E+0
1.083522E+3	6.541236E+0
1.083760E+3	6.628668E+0
1.083997E+3	6.776208E+0
1.084234E+3	7.033039E+0
1.084471E+3	7.240689E+0
1.084708E+3	7.268012E+0
1.084945E+3	7.317192E+0
1.085182E+3	7.125935E+0
1.085419E+3	7.404624E+0
1.085656E+3	7.951072E+0
1.085893E+3	8.235225E+0
1.086130E+3	8.328121E+0
1.086367E+3	8.557629E+0
1.086604E+3	8.962001E+0
1.086841E+3	8.983859E+0
1.087078E+3	8.852711E+0
1.087315E+3	8.929214E+0
1.087552E+3	8.694241E+0
1.087789E+3	8.530307E+0
1.088026E+3	7.896427E+0
1.088262E+3	7.880034E+0
1.088499E+3	8.191509E+0
1.088736E+3	8.328121E+0
1.088973E+3	7.880034E+0
1.089210E+3	7.863640E+0
1.089447E+3	7.869105E+0
1.089684E+3	7.568558E+0
1.089921E+3	7.421017E+0
1.090157E+3	7.967465E+0
1.090394E+3	7.727028E+0
1.090631E+3	8.202438E+0
1.090868E+3	7.978394E+0
1.091105E+3	7.929214E+0
1.091341E+3	7.951072E+0
1.091578E+3	7.923749E+0
1.091815E+3	7.907356E+0
1.092052E+3	7.929214E+0
1.092288E+3	7.754351E+0
1.092525E+3	7.464733E+0
1.092762E+3	7.273476E+0
1.092999E+3	7.038504E+0
1.093235E+3	6.830853E+0
1.093472E+3	6.421017E+0
1.093709E+3	6.235225E+0
1.093945E+3	6.519378E+0
1.094182E+3	6.535771E+0
1.094419E+3	6.612274E+0
1.094655E+3	6.426482E+0
1.094892E+3	6.360908E+0
1.095128E+3	6.612274E+0
1.095365E+3	6.803531E+0
1.095602E+3	6.896427E+0
1.095838E+3	7.016646E+0
1.096075E+3	6.945607E+0
1.096311E+3	7.115006E+0
1.096548E+3	6.721564E+0
1.096784E+3	6.929214E+0
1.097021E+3	7.246154E+0
1.097258E+3	7.246154E+0
1.097494E+3	7.268012E+0
1.097731E+3	7.792602E+0
1.097967E+3	7.951072E+0
1.098204E+3	7.787137E+0
1.098440E+3	7.579487E+0
1.098677E+3	7.410088E+0
1.098913E+3	7.136864E+0
1.099149E+3	7.218831E+0
1.099386E+3	7.082219E+0
1.099622E+3	7.328121E+0
1.099859E+3	6.874569E+0
1.100095E+3	6.284405E+0
1.100332E+3	6.404624E+0
1.100568E+3	6.246154E+0
1.100804E+3	6.147793E+0
1.101041E+3	5.737957E+0
1.101277E+3	5.705170E+0
1.101513E+3	5.841782E+0
1.101750E+3	5.967465E+0
1.101986E+3	6.410088E+0
1.102222E+3	6.513913E+0
1.102459E+3	6.880034E+0
1.102695E+3	7.322657E+0
1.102931E+3	7.164187E+0
1.103168E+3	7.180580E+0
1.103404E+3	7.557629E+0
1.103640E+3	7.382766E+0
1.103876E+3	7.754351E+0
1.104113E+3	8.054897E+0
1.104349E+3	8.333586E+0
1.104585E+3	8.410088E+0
1.104821E+3	8.262547E+0
1.105057E+3	7.907356E+0
1.105294E+3	7.967465E+0
1.105530E+3	8.196974E+0
1.105766E+3	8.087684E+0
1.106002E+3	8.186045E+0
1.106238E+3	8.104077E+0
1.106474E+3	8.311728E+0
1.106711E+3	8.196974E+0
1.106947E+3	8.082219E+0
1.107183E+3	7.918285E+0
1.107419E+3	7.688777E+0
1.107655E+3	7.557629E+0
1.107891E+3	7.951072E+0
1.108127E+3	1.246154E+0
1.108363E+3	4.579487E+0
1.108599E+3	7.912821E+0
1.108835E+3	1.957949E+1
1.109071E+3	2.324615E+1
1.109307E+3	1.924615E+1
1.109543E+3	1.191282E+1
1.109779E+3	2.457949E+1
1.110015E+3	4.912821E+0
1.110251E+3	5.246154E+0
1.110487E+3	1.857949E+1
1.110723E+3	5.579487E+0
1.110959E+3	1.824615E+1
1.111195E+3	2.257949E+1
1.111431E+3	2.091282E+1
1.111667E+3	2.691282E+1
1.111903E+3	-1.242051E+1
1.112139E+3	-4.087179E+0
1.112375E+3	5.912821E+0
1.112611E+3	1.491282E+1
1.112847E+3	1.191282E+1
1.113082E+3	6.912821E+0
1.113318E+3	3.579487E+0
1.113554E+3	2.591282E+1
1.113790E+3	4.579487E+0
1.114026E+3	-6.087179E+0
1.114262E+3	-1.175385E+1
1.114497E+3	-4.205128E-1
1.114733E+3	-1.087179E+0
1.114969E+3	1.224615E+1
