1.951292E+2	0.000000E+0
1.953960E+2	0.000000E+0
1.956629E+2	0.000000E+0
1.959298E+2	0.000000E+0
1.961966E+2	0.000000E+0
1.964635E+2	0.000000E+0
1.967303E+2	0.000000E+0
1.969972E+2	0.000000E+0
1.972640E+2	0.000000E+0
1.975308E+2	0.000000E+0
1.977977E+2	0.000000E+0
1.980645E+2	0.000000E+0
1.983313E+2	0.000000E+0
1.985981E+2	0.000000E+0
1.988649E+2	0.000000E+0
1.991316E+2	0.000000E+0
1.993984E+2	0.000000E+0
1.996652E+2	0.000000E+0
1.999320E+2	0.000000E+0
2.001987E+2	0.000000E+0
2.004655E+2	0.000000E+0
2.007322E+2	0.000000E+0
2.009989E+2	0.000000E+0
2.012657E+2	0.000000E+0
2.015324E+2	0.000000E+0
2.017991E+2	0.000000E+0
2.020658E+2	0.000000E+0
2.023325E+2	0.000000E+0
2.025992E+2	0.000000E+0
2.028659E+2	0.000000E+0
2.031326E+2	0.000000E+0
2.033992E+2	0.000000E+0
2.036659E+2	0.000000E+0
2.039325E+2	0.000000E+0
2.041992E+2	0.000000E+0
2.044658E+2	0.000000E+0
2.047325E+2	0.000000E+0
2.049991E+2	0.000000E+0
2.052657E+2	0.000000E+0
2.055323E+2	0.000000E+0
2.057989E+2	0.000000E+0
2.060655E+2	0.000000E+0
2.063321E+2	0.000000E+0
2.065987E+2	0.000000E+0
2.068653E+2	0.000000E+0
2.071319E+2	0.000000E+0
2.073984E+2	0.000000E+0
2.076650E+2	0.000000E+0
2.079315E+2	0.000000E+0
2.081981E+2	0.000000E+0
2.084646E+2	0.000000E+0
2.087311E+2	0.000000E+0
2.089977E+2	0.000000E+0
2.092642E+2	0.000000E+0
2.095307E+2	0.000000E+0
2.097972E+2	0.000000E+0
2.100637E+2	0.000000E+0
2.103302E+2	0.000000E+0
2.105966E+2	0.000000E+0
2.108631E+2	0.000000E+0
2.111296E+2	0.000000E+0
2.113960E+2	0.000000E+0
2.116625E+2	0.000000E+0
2.119289E+2	0.000000E+0
2.121954E+2	0.000000E+0
2.124618E+2	0.000000E+0
2.127282E+2	0.000000E+0
2.129946E+2	0.000000E+0
2.132610E+2	0.000000E+0
2.135274E+2	0.000000E+0
2.137938E+2	0.000000E+0
2.140602E+2	0.000000E+0
2.143266E+2	0.000000E+0
2.145930E+2	0.000000E+0
2.148593E+2	0.000000E+0
2.151257E+2	0.000000E+0
2.153920E+2	0.000000E+0
2.156584E+2	0.000000E+0
2.159247E+2	0.000000E+0
2.161910E+2	0.000000E+0
2.164574E+2	0.000000E+0
2.167237E+2	0.000000E+0
2.169900E+2	0.000000E+0
2.172563E+2	0.000000E+0
2.175226E+2	0.000000E+0
2.177889E+2	0.000000E+0
2.180551E+2	0.000000E+0
2.183214E+2	0.000000E+0
2.185877E+2	0.000000E+0
2.188539E+2	0.000000E+0
2.191202E+2	0.000000E+0
2.193864E+2	0.000000E+0
2.196527E+2	0.000000E+0
2.199189E+2	0.000000E+0
2.201851E+2	0.000000E+0
2.204513E+2	0.000000E+0
2.207175E+2	0.000000E+0
2.209837E+2	0.000000E+0
2.212499E+2	0.000000E+0
2.215161E+2	0.000000E+0
2.217823E+2	0.000000E+0
2.220485E+2	0.000000E+0
2.223146E+2	0.000000E+0
2.225808E+2	0.000000E+0
2.228469E+2	0.000000E+0
2.231131E+2	0.000000E+0
2.233792E+2	0.000000E+0
2.236453E+2	0.000000E+0
2.239115E+2	0.000000E+0
2.241776E+2	0.000000E+0
2.244437E+2	0.000000E+0
2.247098E+2	0.000000E+0
2.249759E+2	0.000000E+0
2.252420E+2	0.000000E+0
2.255080E+2	0.000000E+0
2.257741E+2	0.000000E+0
2.260402E+2	0.000000E+0
2.263062E+2	0.000000E+0
2.265723E+2	0.000000E+0
2.268383E+2	0.000000E+0
2.271044E+2	0.000000E+0
2.273704E+2	0.000000E+0
2.276364E+2	0.000000E+0
2.279024E+2	0.000000E+0
2.281684E+2	0.000000E+0
2.284344E+2	0.000000E+0
2.287004E+2	0.000000E+0
2.289664E+2	0.000000E+0
2.292324E+2	0.000000E+0
2.294984E+2	0.000000E+0
2.297643E+2	0.000000E+0
2.300303E+2	0.000000E+0
2.302962E+2	0.000000E+0
2.305622E+2	0.000000E+0
2.308281E+2	0.000000E+0
2.310940E+2	0.000000E+0
2.313599E+2	0.000000E+0
2.316259E+2	0.000000E+0
2.318918E+2	0.000000E+0
2.321577E+2	0.000000E+0
2.324236E+2	0.000000E+0
2.326894E+2	0.000000E+0
2.329553E+2	0.000000E+0
2.332212E+2	0.000000E+0
2.334871E+2	0.000000E+0
2.337529E+2	0.000000E+0
2.340188E+2	0.000000E+0
2.342846E+2	0.000000E+0
2.345504E+2	0.000000E+0
2.348163E+2	0.000000E+0
2.350821E+2	0.000000E+0
2.353479E+2	0.000000E+0
2.356137E+2	0.000000E+0
2.358795E+2	0.000000E+0
2.361453E+2	0.000000E+0
2.364111E+2	0.000000E+0
2.366769E+2	0.000000E+0
2.369426E+2	0.000000E+0
2.372084E+2	0.000000E+0
2.374741E+2	0.000000E+0
2.377399E+2	0.000000E+0
2.380056E+2	0.000000E+0
2.382714E+2	0.000000E+0
2.385371E+2	0.000000E+0
2.388028E+2	0.000000E+0
2.390685E+2	0.000000E+0
2.393342E+2	0.000000E+0
2.395999E+2	0.000000E+0
2.398656E+2	0.000000E+0
2.401313E+2	0.000000E+0
2.403970E+2	0.000000E+0
2.406626E+2	0.000000E+0
2.409283E+2	0.000000E+0
2.411940E+2	0.000000E+0
2.414596E+2	0.000000E+0
2.417252E+2	0.000000E+0
2.419909E+2	0.000000E+0
2.422565E+2	0.000000E+0
2.425221E+2	0.000000E+0
2.427877E+2	0.000000E+0
2.430533E+2	0.000000E+0
2.433189E+2	0.000000E+0
2.435845E+2	0.000000E+0
2.438501E+2	0.000000E+0
2.441157E+2	0.000000E+0
2.443812E+2	0.000000E+0
2.446468E+2	0.000000E+0
2.449124E+2	0.000000E+0
2.451779E+2	0.000000E+0
2.454434E+2	0.000000E+0
2.457090E+2	0.000000E+0
2.459745E+2	0.000000E+0
2.462400E+2	0.000000E+0
2.465055E+2	0.000000E+0
2.467710E+2	0.000000E+0
2.470365E+2	0.000000E+0
2.473020E+2	0.000000E+0
2.475675E+2	0.000000E+0
2.478330E+2	0.000000E+0
2.480984E+2	0.000000E+0
2.483639E+2	0.000000E+0
2.486294E+2	0.000000E+0
2.488948E+2	0.000000E+0
2.491602E+2	0.000000E+0
2.494257E+2	0.000000E+0
2.496911E+2	0.000000E+0
2.499565E+2	0.000000E+0
2.502219E+2	7.988511E+0
2.504873E+2	7.840970E+0
2.507527E+2	7.802718E+0
2.510181E+2	7.955724E+0
2.512835E+2	8.207090E+0
2.515489E+2	8.316379E+0
2.518142E+2	8.294522E+0
2.520796E+2	8.338237E+0
2.523449E+2	8.491243E+0
2.526103E+2	8.627855E+0
2.528756E+2	8.469385E+0
2.531409E+2	8.524030E+0
2.534063E+2	8.737144E+0
2.536716E+2	9.272664E+0
2.539369E+2	9.436598E+0
2.542022E+2	9.589603E+0
2.544675E+2	9.633319E+0
2.547328E+2	9.955724E+0
2.549980E+2	9.972117E+0
2.552633E+2	1.010326E+1
2.555286E+2	1.017430E+1
2.557938E+2	1.050764E+1
2.560591E+2	1.111966E+1
2.563243E+2	1.142567E+1
2.565896E+2	1.156775E+1
2.568548E+2	1.178632E+1
2.571200E+2	1.198305E+1
2.573852E+2	1.220163E+1
2.576504E+2	1.243113E+1
2.579156E+2	1.256228E+1
2.581808E+2	1.277540E+1
2.584460E+2	1.285736E+1
2.587112E+2	1.280818E+1
2.589763E+2	1.256775E+1
2.592415E+2	1.255135E+1
2.595067E+2	1.280272E+1
2.597718E+2	1.284643E+1
2.600369E+2	1.299398E+1
2.603021E+2	1.280818E+1
2.605672E+2	1.291201E+1
2.608323E+2	1.305955E+1
2.610974E+2	1.308141E+1
2.613625E+2	1.294479E+1
2.616276E+2	1.274261E+1
2.618927E+2	1.285190E+1
2.621578E+2	1.292294E+1
2.624229E+2	1.300490E+1
2.626880E+2	1.308687E+1
2.629530E+2	1.306501E+1
2.632181E+2	1.282458E+1
2.634831E+2	1.286283E+1
2.637482E+2	1.297212E+1
2.640132E+2	1.280272E+1
2.642782E+2	1.268796E+1
2.645432E+2	1.258960E+1
2.648082E+2	1.259507E+1
2.650732E+2	1.250764E+1
2.653382E+2	1.260053E+1
2.656032E+2	1.227266E+1
2.658682E+2	1.232731E+1
2.661332E+2	1.237102E+1
2.663981E+2	1.202130E+1
2.666631E+2	1.201583E+1
2.669281E+2	1.166611E+1
2.671930E+2	1.128906E+1
2.674579E+2	1.116337E+1
2.677229E+2	1.120709E+1
2.679878E+2	1.117430E+1
2.682527E+2	1.114152E+1
2.685176E+2	1.075354E+1
2.687825E+2	1.053496E+1
2.690474E+2	1.054589E+1
2.693123E+2	1.043660E+1
2.695772E+2	1.027266E+1
2.698420E+2	9.835505E+0
2.701069E+2	9.764467E+0
2.703718E+2	9.895614E+0
2.706366E+2	1.000490E+1
2.709014E+2	9.868292E+0
2.711663E+2	9.813647E+0
2.714311E+2	9.671571E+0
2.716959E+2	9.529494E+0
2.719607E+2	9.299986E+0
2.722255E+2	8.851899E+0
2.724903E+2	8.458456E+0
2.727551E+2	8.485778E+0
2.730199E+2	8.239877E+0
2.732847E+2	8.272664E+0
2.735495E+2	8.054084E+0
2.738142E+2	7.797254E+0
2.740790E+2	7.660642E+0
2.743437E+2	7.310915E+0
2.746085E+2	7.272664E+0
2.748732E+2	7.425669E+0
2.751379E+2	7.584139E+0
2.754026E+2	7.431134E+0
2.756674E+2	7.125123E+0
2.759321E+2	7.125123E+0
2.761968E+2	6.786325E+0
2.764614E+2	6.830041E+0
2.767261E+2	6.922937E+0
2.769908E+2	6.983046E+0
2.772555E+2	6.830041E+0
2.775201E+2	6.786325E+0
2.777848E+2	6.955724E+0
2.780494E+2	6.933866E+0
2.783141E+2	6.813647E+0
2.785787E+2	6.890150E+0
2.788433E+2	6.742609E+0
2.791079E+2	6.567746E+0
2.793725E+2	6.420205E+0
2.796371E+2	6.294522E+0
2.799017E+2	5.933866E+0
2.801663E+2	5.671571E+0
2.804309E+2	5.715287E+0
2.806955E+2	5.742609E+0
2.809600E+2	5.605997E+0
2.812246E+2	5.677035E+0
2.814891E+2	5.638784E+0
2.817537E+2	5.748073E+0
2.820182E+2	5.616926E+0
2.822827E+2	5.622390E+0
2.825473E+2	5.780860E+0
2.828118E+2	5.797254E+0
2.830763E+2	5.972117E+0
2.833408E+2	5.868292E+0
2.836053E+2	5.901079E+0
2.838697E+2	5.895614E+0
2.841342E+2	5.715287E+0
2.843987E+2	5.562281E+0
2.846632E+2	5.830041E+0
2.849276E+2	6.065013E+0
2.851921E+2	6.141516E+0
2.854565E+2	6.026762E+0
2.857209E+2	5.950259E+0
2.859853E+2	5.840970E+0
2.862498E+2	5.737144E+0
2.865142E+2	5.545888E+0
2.867786E+2	5.502172E+0
2.870430E+2	5.420205E+0
2.873074E+2	5.179767E+0
2.875717E+2	5.086871E+0
2.878361E+2	4.933866E+0
2.881005E+2	4.780860E+0
2.883648E+2	4.715287E+0
2.886292E+2	4.775396E+0
2.888935E+2	4.693429E+0
2.891579E+2	4.584139E+0
2.894222E+2	4.338237E+0
2.896865E+2	4.578675E+0
2.899508E+2	4.584139E+0
2.902151E+2	4.414740E+0
2.904794E+2	4.447527E+0
2.907437E+2	4.589603E+0
2.910080E+2	4.513101E+0
2.912723E+2	4.485778E+0
2.915366E+2	4.649713E+0
2.918008E+2	4.884685E+0
2.920651E+2	4.786325E+0
2.923293E+2	4.972117E+0
2.925936E+2	5.141516E+0
2.928578E+2	5.092336E+0
2.931220E+2	4.830041E+0
2.933863E+2	4.709822E+0
2.936505E+2	4.791789E+0
2.939147E+2	4.824576E+0
2.941789E+2	4.802718E+0
2.944431E+2	4.895614E+0
2.947072E+2	5.054084E+0
2.949714E+2	5.190696E+0
2.952356E+2	5.321844E+0
2.954997E+2	5.687964E+0
2.957639E+2	5.704358E+0
2.960280E+2	5.906543E+0
2.962922E+2	6.278128E+0
2.965563E+2	6.185232E+0
2.968204E+2	5.835505E+0
2.970845E+2	5.802718E+0
2.973486E+2	5.671571E+0
2.976127E+2	5.677035E+0
2.978768E+2	5.808183E+0
2.981409E+2	5.742609E+0
2.984050E+2	5.321844E+0
2.986691E+2	5.398347E+0
2.989331E+2	5.316379E+0
2.991972E+2	5.442062E+0
2.994612E+2	5.524030E+0
2.997253E+2	5.420205E+0
2.999893E+2	5.392882E+0
3.002534E+2	5.540423E+0
3.005174E+2	5.649713E+0
3.007814E+2	5.534959E+0
3.010454E+2	5.381953E+0
3.013094E+2	5.529494E+0
3.015734E+2	5.567746E+0
3.018374E+2	5.474849E+0
3.021013E+2	5.660642E+0
3.023653E+2	5.846434E+0
3.026293E+2	5.890150E+0
3.028932E+2	5.753538E+0
3.031572E+2	6.092336E+0
3.034211E+2	6.103265E+0
3.036850E+2	6.218019E+0
3.039489E+2	6.534959E+0
3.042129E+2	6.578675E+0
3.044768E+2	6.753538E+0
3.047407E+2	6.764467E+0
3.050046E+2	6.753538E+0
3.052685E+2	6.879221E+0
3.055323E+2	7.086871E+0
3.057962E+2	6.813647E+0
3.060601E+2	7.032226E+0
3.063239E+2	7.234412E+0
3.065878E+2	7.458456E+0
3.068516E+2	7.463920E+0
3.071155E+2	7.436598E+0
3.073793E+2	7.556817E+0
3.076431E+2	7.316379E+0
3.079069E+2	7.168838E+0
3.081707E+2	7.529494E+0
3.084345E+2	7.687964E+0
3.086983E+2	7.420205E+0
3.089621E+2	7.349166E+0
3.092259E+2	7.310915E+0
3.094896E+2	7.513101E+0
3.097534E+2	7.540423E+0
3.100171E+2	7.387418E+0
3.102809E+2	7.201625E+0
3.105446E+2	7.125123E+0
3.108084E+2	7.299986E+0
3.110721E+2	7.299986E+0
3.113358E+2	7.458456E+0
3.115995E+2	7.496707E+0
3.118632E+2	7.447527E+0
3.121269E+2	7.485778E+0
3.123906E+2	7.305450E+0
3.126543E+2	7.365560E+0
3.129179E+2	7.540423E+0
3.131816E+2	7.622390E+0
3.134453E+2	7.868292E+0
3.137089E+2	7.862828E+0
3.139725E+2	7.939330E+0
3.142362E+2	7.988511E+0
3.144998E+2	8.174303E+0
3.147634E+2	8.032226E+0
3.150270E+2	8.070478E+0
3.152906E+2	7.993975E+0
3.155542E+2	8.239877E+0
3.158178E+2	8.447527E+0
3.160814E+2	8.387418E+0
3.163450E+2	8.403811E+0
3.166086E+2	8.480314E+0
3.168721E+2	8.726215E+0
3.171357E+2	8.731680E+0
3.173992E+2	8.605997E+0
3.176627E+2	8.633319E+0
3.179263E+2	8.895614E+0
3.181898E+2	8.769931E+0
3.184533E+2	8.622390E+0
3.187168E+2	8.715287E+0
3.189803E+2	8.764467E+0
3.192438E+2	8.584139E+0
3.195073E+2	8.830041E+0
3.197708E+2	8.944795E+0
3.200342E+2	8.786325E+0
3.202977E+2	8.939330E+0
3.205612E+2	8.797254E+0
3.208246E+2	8.824576E+0
3.210881E+2	8.737144E+0
3.213515E+2	8.737144E+0
3.216149E+2	8.649713E+0
3.218783E+2	8.726215E+0
3.221417E+2	8.649713E+0
3.224051E+2	8.813647E+0
3.226685E+2	8.605997E+0
3.229319E+2	8.371024E+0
3.231953E+2	8.371024E+0
3.234587E+2	8.054084E+0
3.237221E+2	7.988511E+0
3.239854E+2	8.092336E+0
3.242488E+2	7.928401E+0
3.245121E+2	7.584139E+0
3.247754E+2	7.589603E+0
3.250388E+2	7.556817E+0
3.253021E+2	7.677035E+0
3.255654E+2	7.649713E+0
3.258287E+2	7.660642E+0
3.260920E+2	7.884685E+0
3.263553E+2	8.081407E+0
3.266186E+2	7.972117E+0
3.268819E+2	7.720751E+0
3.271451E+2	7.742609E+0
3.274084E+2	7.660642E+0
3.276717E+2	7.704358E+0
3.279349E+2	7.791789E+0
3.281981E+2	7.622390E+0
3.284614E+2	7.720751E+0
3.287246E+2	7.824576E+0
3.289878E+2	7.857363E+0
3.292510E+2	7.999440E+0
3.295142E+2	8.010369E+0
3.297774E+2	7.912008E+0
3.300406E+2	7.830041E+0
3.303038E+2	7.808183E+0
3.305670E+2	7.922937E+0
3.308301E+2	8.141516E+0
3.310933E+2	8.174303E+0
3.313564E+2	7.972117E+0
3.316196E+2	7.791789E+0
3.318827E+2	7.545888E+0
3.321458E+2	7.545888E+0
3.324089E+2	7.595068E+0
3.326721E+2	7.715287E+0
3.329352E+2	7.633319E+0
3.331983E+2	7.622390E+0
3.334614E+2	7.988511E+0
3.337244E+2	7.955724E+0
3.339875E+2	7.830041E+0
3.342506E+2	7.759002E+0
3.345136E+2	7.901079E+0
3.347767E+2	7.660642E+0
3.350397E+2	7.431134E+0
3.353028E+2	7.551352E+0
3.355658E+2	7.513101E+0
3.358288E+2	7.545888E+0
3.360918E+2	7.409276E+0
3.363548E+2	7.392882E+0
3.366178E+2	7.179767E+0
3.368808E+2	7.130587E+0
3.371438E+2	7.212554E+0
3.374068E+2	7.130587E+0
3.376698E+2	7.212554E+0
3.379327E+2	7.403811E+0
3.381957E+2	7.436598E+0
3.384586E+2	7.081407E+0
3.387216E+2	7.234412E+0
3.389845E+2	7.272664E+0
3.392474E+2	7.289057E+0
3.395103E+2	7.529494E+0
3.397733E+2	7.671571E+0
3.400362E+2	7.502172E+0
3.402990E+2	7.349166E+0
3.405619E+2	7.584139E+0
3.408248E+2	7.584139E+0
3.410877E+2	7.709822E+0
3.413506E+2	7.906543E+0
3.416134E+2	7.966653E+0
3.418763E+2	8.174303E+0
3.421391E+2	8.119658E+0
3.424019E+2	7.966653E+0
3.426648E+2	8.070478E+0
3.429276E+2	8.289057E+0
3.431904E+2	8.289057E+0
3.434532E+2	8.349166E+0
3.437160E+2	8.114194E+0
3.439788E+2	8.103265E+0
3.442416E+2	8.130587E+0
3.445043E+2	8.310915E+0
3.447671E+2	8.146981E+0
3.450299E+2	8.190696E+0
3.452926E+2	7.955724E+0
3.455554E+2	7.879221E+0
3.458181E+2	7.977582E+0
3.460808E+2	7.983046E+0
3.463436E+2	8.223483E+0
3.466063E+2	8.119658E+0
3.468690E+2	7.950259E+0
3.471317E+2	7.939330E+0
3.473944E+2	8.092336E+0
3.476570E+2	8.146981E+0
3.479197E+2	8.305450E+0
3.481824E+2	8.321844E+0
3.484451E+2	8.228948E+0
3.487077E+2	8.130587E+0
3.489704E+2	7.906543E+0
3.492330E+2	7.720751E+0
3.494956E+2	7.420205E+0
3.497582E+2	7.502172E+0
3.500209E+2	7.474849E+0
3.502835E+2	7.693429E+0
3.505461E+2	7.638784E+0
3.508087E+2	7.797254E+0
3.510713E+2	8.065013E+0
3.513338E+2	7.780860E+0
3.515964E+2	7.769931E+0
3.518590E+2	7.551352E+0
3.521215E+2	7.611461E+0
3.523841E+2	7.573210E+0
3.526466E+2	7.693429E+0
3.529091E+2	7.846434E+0
3.531717E+2	7.824576E+0
3.534342E+2	8.021297E+0
3.536967E+2	8.086871E+0
3.539592E+2	7.895614E+0
3.542217E+2	7.731680E+0
3.544842E+2	7.993975E+0
3.547467E+2	7.753538E+0
3.550091E+2	8.010369E+0
3.552716E+2	8.174303E+0
3.555341E+2	8.179767E+0
3.557965E+2	8.146981E+0
3.560590E+2	8.551352E+0
3.563214E+2	8.901079E+0
3.565838E+2	8.671571E+0
3.568462E+2	8.868292E+0
3.571086E+2	8.884685E+0
3.573711E+2	8.922937E+0
3.576335E+2	9.010369E+0
3.578958E+2	8.797254E+0
3.581582E+2	8.759002E+0
3.584206E+2	8.830041E+0
3.586830E+2	8.748073E+0
3.589453E+2	8.458456E+0
3.592077E+2	8.305450E+0
3.594700E+2	8.261735E+0
3.597324E+2	8.371024E+0
3.599947E+2	8.316379E+0
3.602570E+2	8.540423E+0
3.605193E+2	8.223483E+0
3.607816E+2	8.376489E+0
3.610439E+2	8.485778E+0
3.613062E+2	8.524030E+0
3.615685E+2	8.267199E+0
3.618308E+2	8.168838E+0
3.620930E+2	8.097800E+0
3.623553E+2	7.955724E+0
3.626176E+2	8.146981E+0
3.628798E+2	8.278128E+0
3.631420E+2	8.256270E+0
3.634043E+2	8.223483E+0
3.636665E+2	8.496707E+0
3.639287E+2	8.638784E+0
3.641909E+2	8.551352E+0
3.644531E+2	8.737144E+0
3.647153E+2	8.715287E+0
3.649775E+2	8.655177E+0
3.652397E+2	8.955724E+0
3.655018E+2	8.797254E+0
3.657640E+2	8.737144E+0
3.660262E+2	8.868292E+0
3.662883E+2	8.922937E+0
3.665505E+2	8.857363E+0
3.668126E+2	8.720751E+0
3.670747E+2	8.693429E+0
3.673368E+2	8.507636E+0
3.675989E+2	8.338237E+0
3.678610E+2	8.469385E+0
3.681231E+2	8.480314E+0
3.683852E+2	8.589603E+0
3.686473E+2	8.764467E+0
3.689094E+2	8.698893E+0
3.691714E+2	8.830041E+0
3.694335E+2	8.551352E+0
3.696955E+2	8.365560E+0
3.699576E+2	8.496707E+0
3.702196E+2	8.704358E+0
3.704816E+2	8.742609E+0
3.707437E+2	8.769931E+0
3.710057E+2	8.513101E+0
3.712677E+2	8.398347E+0
3.715297E+2	8.239877E+0
3.717917E+2	8.234412E+0
3.720536E+2	8.021297E+0
3.723156E+2	7.655177E+0
3.725776E+2	7.906543E+0
3.728395E+2	7.944795E+0
3.731015E+2	8.043155E+0
3.733634E+2	8.010369E+0
3.736254E+2	7.983046E+0
3.738873E+2	7.912008E+0
3.741492E+2	7.797254E+0
3.744111E+2	8.015833E+0
3.746730E+2	8.037691E+0
3.749349E+2	8.343702E+0
3.751968E+2	8.496707E+0
3.754587E+2	8.491243E+0
3.757206E+2	8.289057E+0
3.759824E+2	8.130587E+0
3.762443E+2	8.015833E+0
3.765061E+2	8.190696E+0
3.767680E+2	8.212554E+0
3.770298E+2	7.939330E+0
3.772916E+2	8.048620E+0
3.775535E+2	8.092336E+0
3.778153E+2	8.054084E+0
3.780771E+2	7.944795E+0
3.783389E+2	7.666106E+0
3.786007E+2	7.584139E+0
3.788624E+2	7.431134E+0
3.791242E+2	7.534959E+0
3.793860E+2	7.513101E+0
3.796477E+2	7.261735E+0
3.799095E+2	7.004904E+0
3.801712E+2	7.048620E+0
3.804330E+2	6.983046E+0
3.806947E+2	7.075942E+0
3.809564E+2	7.409276E+0
3.812181E+2	7.502172E+0
3.814798E+2	7.349166E+0
3.817415E+2	7.474849E+0
3.820032E+2	7.502172E+0
3.822649E+2	7.207090E+0
3.825266E+2	7.026762E+0
3.827883E+2	7.037691E+0
3.830499E+2	6.890150E+0
3.833116E+2	6.879221E+0
3.835732E+2	6.950259E+0
3.838348E+2	7.081407E+0
3.840965E+2	7.086871E+0
3.843581E+2	6.999440E+0
3.846197E+2	6.939330E+0
3.848813E+2	6.955724E+0
3.851429E+2	6.769931E+0
3.854045E+2	7.015833E+0
3.856661E+2	7.136052E+0
3.859277E+2	7.381953E+0
3.861892E+2	7.185232E+0
3.864508E+2	6.955724E+0
3.867124E+2	6.922937E+0
3.869739E+2	6.868292E+0
3.872354E+2	6.961188E+0
3.874970E+2	7.272664E+0
3.877585E+2	7.360095E+0
3.880200E+2	7.507636E+0
3.882815E+2	7.808183E+0
3.885430E+2	7.704358E+0
3.888045E+2	7.474849E+0
3.890660E+2	7.256270E+0
3.893275E+2	7.037691E+0
3.895889E+2	7.228948E+0
3.898504E+2	7.207090E+0
3.901118E+2	7.267199E+0
3.903733E+2	7.272664E+0
3.906347E+2	7.283593E+0
3.908962E+2	7.103265E+0
3.911576E+2	7.037691E+0
3.914190E+2	7.054084E+0
3.916804E+2	7.442062E+0
3.919418E+2	7.791789E+0
3.922032E+2	7.649713E+0
3.924646E+2	7.447527E+0
3.927260E+2	7.125123E+0
3.929873E+2	6.977582E+0
3.932487E+2	6.764467E+0
3.935100E+2	6.786325E+0
3.937714E+2	6.901079E+0
3.940327E+2	6.846434E+0
3.942941E+2	7.059549E+0
3.945554E+2	7.108729E+0
3.948167E+2	7.043155E+0
3.950780E+2	7.119658E+0
3.953393E+2	7.299986E+0
3.956006E+2	7.567746E+0
3.958619E+2	7.769931E+0
3.961232E+2	7.693429E+0
3.963844E+2	7.600532E+0
3.966457E+2	7.655177E+0
3.969069E+2	7.469385E+0
3.971682E+2	7.403811E+0
3.974294E+2	7.660642E+0
3.976907E+2	7.600532E+0
3.979519E+2	7.485778E+0
3.982131E+2	7.595068E+0
3.984743E+2	7.791789E+0
3.987355E+2	7.780860E+0
3.989967E+2	7.977582E+0
3.992579E+2	8.190696E+0
3.995191E+2	8.234412E+0
3.997802E+2	7.830041E+0
4.000414E+2	7.715287E+0
4.003025E+2	7.895614E+0
4.005637E+2	7.813647E+0
4.008248E+2	7.890150E+0
4.010860E+2	8.207090E+0
4.013471E+2	8.207090E+0
4.016082E+2	8.043155E+0
4.018693E+2	7.600532E+0
4.021304E+2	7.687964E+0
4.023915E+2	7.955724E+0
4.026526E+2	8.157909E+0
4.029137E+2	8.218019E+0
4.031747E+2	8.228948E+0
4.034358E+2	8.032226E+0
4.036968E+2	8.059549E+0
4.039579E+2	7.901079E+0
4.042189E+2	7.780860E+0
4.044800E+2	7.862828E+0
4.047410E+2	8.185232E+0
4.050020E+2	8.447527E+0
4.052630E+2	8.507636E+0
4.055240E+2	8.283593E+0
4.057850E+2	8.534959E+0
4.060460E+2	8.759002E+0
4.063070E+2	8.638784E+0
4.065679E+2	8.748073E+0
4.068289E+2	8.556817E+0
4.070898E+2	8.502172E+0
4.073508E+2	8.327308E+0
4.076117E+2	8.179767E+0
4.078727E+2	8.037691E+0
4.081336E+2	8.381953E+0
4.083945E+2	8.578675E+0
4.086554E+2	8.999440E+0
4.089163E+2	9.174303E+0
4.091772E+2	9.392882E+0
4.094381E+2	9.332773E+0
4.096990E+2	9.447527E+0
4.099598E+2	9.824576E+0
4.102207E+2	9.862828E+0
4.104815E+2	9.775396E+0
4.107424E+2	9.873756E+0
4.110032E+2	9.742609E+0
4.112640E+2	9.480314E+0
4.115249E+2	9.310915E+0
4.117857E+2	9.272664E+0
4.120465E+2	9.463920E+0
4.123073E+2	9.556817E+0
4.125681E+2	9.791789E+0
4.128289E+2	9.901079E+0
4.130896E+2	1.004862E+1
4.133504E+2	9.944795E+0
4.136112E+2	9.791789E+0
4.138719E+2	9.868292E+0
4.141327E+2	9.851899E+0
4.143934E+2	9.769931E+0
4.146541E+2	9.944795E+0
4.149149E+2	1.005955E+1
4.151756E+2	1.009780E+1
4.154363E+2	1.011966E+1
4.156970E+2	1.044206E+1
4.159577E+2	1.070982E+1
4.162184E+2	1.058414E+1
4.164790E+2	1.056775E+1
4.167397E+2	1.054042E+1
4.170004E+2	1.005955E+1
4.172610E+2	1.009234E+1
4.175217E+2	1.030545E+1
4.177823E+2	1.047485E+1
4.180429E+2	1.062239E+1
4.183035E+2	1.051310E+1
4.185642E+2	1.051310E+1
4.188248E+2	1.061693E+1
4.190854E+2	1.038742E+1
4.193459E+2	1.054589E+1
4.196065E+2	1.084643E+1
4.198671E+2	1.084097E+1
4.201277E+2	1.066064E+1
4.203882E+2	1.052949E+1
4.206488E+2	1.039835E+1
4.209093E+2	1.025081E+1
4.211699E+2	1.027266E+1
4.214304E+2	1.035463E+1
4.216909E+2	1.032731E+1
4.219514E+2	1.006501E+1
4.222119E+2	1.001583E+1
4.224724E+2	1.011966E+1
4.227329E+2	1.034917E+1
4.229934E+2	1.044206E+1
4.232539E+2	1.045846E+1
4.235143E+2	1.052949E+1
4.237748E+2	1.044206E+1
4.240352E+2	1.008141E+1
4.242957E+2	1.009234E+1
4.245561E+2	1.003223E+1
4.248166E+2	1.032731E+1
4.250770E+2	1.023441E+1
4.253374E+2	1.034370E+1
4.255978E+2	1.046938E+1
4.258582E+2	1.064971E+1
4.261186E+2	1.058414E+1
4.263790E+2	1.064425E+1
4.266393E+2	1.068250E+1
4.268997E+2	1.070982E+1
4.271600E+2	1.098305E+1
4.274204E+2	1.126173E+1
4.276807E+2	1.141474E+1
4.279411E+2	1.132184E+1
4.282014E+2	1.126720E+1
4.284617E+2	1.087376E+1
4.287220E+2	1.075354E+1
4.289823E+2	1.050764E+1
4.292426E+2	1.061693E+1
4.295029E+2	1.091201E+1
4.297632E+2	1.092840E+1
4.300235E+2	1.092294E+1
4.302837E+2	1.101583E+1
4.305440E+2	1.129452E+1
4.308042E+2	1.137649E+1
4.310645E+2	1.144753E+1
4.313247E+2	1.158960E+1
4.315849E+2	1.149671E+1
4.318451E+2	1.145846E+1
4.321054E+2	1.149124E+1
4.323656E+2	1.140381E+1
4.326258E+2	1.143660E+1
4.328859E+2	1.148578E+1
4.331461E+2	1.143660E+1
4.334063E+2	1.150217E+1
4.336665E+2	1.156775E+1
4.339266E+2	1.138195E+1
4.341868E+2	1.117430E+1
4.344469E+2	1.119616E+1
4.347070E+2	1.121255E+1
4.349671E+2	1.132731E+1
4.352273E+2	1.134917E+1
4.354874E+2	1.118523E+1
4.357475E+2	1.102676E+1
4.360076E+2	1.113605E+1
4.362677E+2	1.133277E+1
4.365277E+2	1.123441E+1
4.367878E+2	1.109234E+1
4.370479E+2	1.108141E+1
4.373079E+2	1.101037E+1
4.375680E+2	1.123441E+1
4.378280E+2	1.141474E+1
4.380880E+2	1.149671E+1
4.383480E+2	1.150217E+1
4.386081E+2	1.135463E+1
4.388681E+2	1.151857E+1
4.391281E+2	1.166064E+1
4.393881E+2	1.173714E+1
4.396480E+2	1.170436E+1
4.399080E+2	1.174261E+1
4.401680E+2	1.158960E+1
4.404279E+2	1.166611E+1
4.406879E+2	1.186283E+1
4.409478E+2	1.203223E+1
4.412078E+2	1.216884E+1
4.414677E+2	1.220709E+1
4.417276E+2	1.187922E+1
4.419875E+2	1.228359E+1
4.422474E+2	1.248578E+1
4.425073E+2	1.267157E+1
4.427672E+2	1.280272E+1
4.430271E+2	1.268796E+1
4.432870E+2	1.239835E+1
4.435469E+2	1.225081E+1
4.438067E+2	1.240381E+1
4.440666E+2	1.255682E+1
4.443264E+2	1.260600E+1
4.445862E+2	1.290654E+1
4.448461E+2	1.319070E+1
4.451059E+2	1.338742E+1
4.453657E+2	1.355682E+1
4.456255E+2	1.358414E+1
4.458853E+2	1.382458E+1
4.461451E+2	1.409234E+1
4.464049E+2	1.395026E+1
4.466646E+2	1.393387E+1
4.469244E+2	1.414698E+1
4.471842E+2	1.401037E+1
4.474439E+2	1.428906E+1
4.477036E+2	1.438195E+1
4.479634E+2	1.455682E+1
4.482231E+2	1.480818E+1
4.484828E+2	1.483551E+1
4.487425E+2	1.514152E+1
4.490022E+2	1.552403E+1
4.492619E+2	1.543660E+1
4.495216E+2	1.555135E+1
4.497813E+2	1.566611E+1
4.500410E+2	1.595572E+1
4.503006E+2	1.594479E+1
4.505603E+2	1.615791E+1
4.508199E+2	1.628906E+1
4.510796E+2	1.613605E+1
4.513392E+2	1.628906E+1
4.515988E+2	1.685736E+1
4.518584E+2	1.723988E+1
4.521180E+2	1.758960E+1
4.523776E+2	1.763332E+1
4.526372E+2	1.788469E+1
4.528968E+2	1.788469E+1
4.531564E+2	1.799944E+1
4.534160E+2	1.783551E+1
4.536755E+2	1.813605E+1
4.539351E+2	1.838742E+1
4.541946E+2	1.863332E+1
4.544541E+2	1.895572E+1
4.547137E+2	1.894479E+1
4.549732E+2	1.914698E+1
4.552327E+2	1.904316E+1
4.554922E+2	1.918523E+1
4.557517E+2	1.925627E+1
4.560112E+2	1.959507E+1
4.562707E+2	1.974807E+1
4.565302E+2	1.956775E+1
4.567896E+2	1.980818E+1
4.570491E+2	1.995026E+1
4.573085E+2	2.003223E+1
4.575680E+2	2.029452E+1
4.578274E+2	2.013059E+1
4.580868E+2	2.018523E+1
4.583463E+2	2.054042E+1
4.586057E+2	2.068796E+1
4.588651E+2	2.131638E+1
4.591245E+2	2.156775E+1
4.593838E+2	2.175354E+1
4.596432E+2	2.202130E+1
4.599026E+2	2.236556E+1
4.601620E+2	2.279179E+1
4.604213E+2	2.293387E+1
4.606807E+2	2.300490E+1
4.609400E+2	2.311966E+1
4.611993E+2	2.303223E+1
4.614587E+2	2.314698E+1
4.617180E+2	2.315245E+1
4.619773E+2	2.325081E+1
4.622366E+2	2.338195E+1
4.624959E+2	2.367704E+1
4.627552E+2	2.371529E+1
4.630144E+2	2.399398E+1
4.632737E+2	2.402130E+1
4.635330E+2	2.434370E+1
4.637922E+2	2.474261E+1
4.640515E+2	2.489015E+1
4.643107E+2	2.534370E+1
4.645699E+2	2.573168E+1
4.648292E+2	2.558414E+1
4.650884E+2	2.587376E+1
4.653476E+2	2.621255E+1
4.656068E+2	2.656775E+1
4.658660E+2	2.695026E+1
4.661251E+2	2.731638E+1
4.663843E+2	2.767704E+1
4.666435E+2	2.792840E+1
4.669026E+2	2.853496E+1
4.671618E+2	2.862785E+1
4.674209E+2	2.869343E+1
4.676801E+2	2.876993E+1
4.679392E+2	2.868796E+1
4.681983E+2	2.926173E+1
4.684574E+2	2.966611E+1
4.687165E+2	3.037649E+1
4.689756E+2	3.079725E+1
4.692347E+2	3.112512E+1
4.694938E+2	3.130545E+1
4.697529E+2	3.147485E+1
4.700119E+2	3.169889E+1
4.702710E+2	3.185736E+1
4.705300E+2	3.225627E+1
4.707891E+2	3.242020E+1
4.710481E+2	3.297212E+1
4.713071E+2	3.386829E+1
4.715661E+2	3.459507E+1
4.718252E+2	3.512512E+1
4.720842E+2	3.555135E+1
4.723431E+2	3.619070E+1
4.726021E+2	3.652403E+1
4.728611E+2	3.689561E+1
4.731201E+2	3.760600E+1
4.733790E+2	3.834370E+1
4.736380E+2	3.895026E+1
4.738969E+2	3.962785E+1
4.741559E+2	3.998305E+1
4.744148E+2	4.064971E+1
4.746737E+2	4.139288E+1
4.749326E+2	4.214152E+1
4.751915E+2	4.279179E+1
4.754504E+2	4.355135E+1
4.757093E+2	4.443113E+1
4.759682E+2	4.516884E+1
4.762271E+2	4.597758E+1
4.764859E+2	4.678632E+1
4.767448E+2	4.786829E+1
4.770037E+2	4.869343E+1
4.772625E+2	4.968796E+1
4.775213E+2	5.061693E+1
4.777802E+2	5.128359E+1
4.780390E+2	5.205408E+1
4.782978E+2	5.265518E+1
4.785566E+2	5.373714E+1
4.788154E+2	5.501037E+1
4.790742E+2	5.601583E+1
4.793329E+2	5.694479E+1
4.795917E+2	5.798305E+1
4.798505E+2	5.907594E+1
4.801092E+2	5.995026E+1
4.803680E+2	6.093387E+1
4.806267E+2	6.221255E+1
4.808854E+2	6.329452E+1
4.811442E+2	6.427266E+1
4.814029E+2	6.532731E+1
4.816616E+2	6.646938E+1
4.819203E+2	6.773168E+1
4.821790E+2	6.897758E+1
4.824377E+2	7.013605E+1
4.826963E+2	7.120163E+1
4.829550E+2	7.242567E+1
4.832137E+2	7.389561E+1
4.834723E+2	7.543660E+1
4.837310E+2	7.706501E+1
4.839896E+2	7.840928E+1
4.842482E+2	7.971529E+1
4.845068E+2	8.101583E+1
4.847655E+2	8.261146E+1
4.850241E+2	8.397212E+1
4.852827E+2	8.550764E+1
4.855412E+2	8.708141E+1
4.857998E+2	8.852949E+1
4.860584E+2	9.022895E+1
4.863170E+2	9.167704E+1
4.865755E+2	9.339288E+1
4.868341E+2	9.499398E+1
4.870926E+2	9.628906E+1
4.873511E+2	9.783004E+1
4.876097E+2	9.943113E+1
4.878682E+2	1.011798E+2
4.881267E+2	1.029503E+2
4.883852E+2	1.048464E+2
4.886437E+2	1.069503E+2
4.889022E+2	1.084858E+2
4.891606E+2	1.101033E+2
4.894191E+2	1.119339E+2
4.896776E+2	1.139448E+2
4.899360E+2	1.160158E+2
4.901945E+2	1.176880E+2
4.904529E+2	1.190213E+2
4.907113E+2	1.207699E+2
4.909697E+2	1.229721E+2
4.912282E+2	1.248300E+2
4.914866E+2	1.266333E+2
4.917450E+2	1.283765E+2
4.920034E+2	1.301251E+2
4.922617E+2	1.318628E+2
4.925201E+2	1.337044E+2
4.927785E+2	1.359339E+2
4.930368E+2	1.379120E+2
4.932952E+2	1.399940E+2
4.935535E+2	1.423218E+2
4.938118E+2	1.447590E+2
4.940702E+2	1.470705E+2
4.943285E+2	1.490978E+2
4.945868E+2	1.509557E+2
4.948451E+2	1.533109E+2
4.951034E+2	1.555076E+2
4.953617E+2	1.575514E+2
4.956200E+2	1.597371E+2
4.958782E+2	1.620213E+2
4.961365E+2	1.645568E+2
4.963947E+2	1.668628E+2
4.966530E+2	1.691798E+2
4.969112E+2	1.716279E+2
4.971694E+2	1.740869E+2
4.974277E+2	1.763437E+2
4.976859E+2	1.786333E+2
4.979441E+2	1.811306E+2
4.982023E+2	1.836770E+2
4.984605E+2	1.859830E+2
4.987187E+2	1.885295E+2
4.989768E+2	1.908956E+2
4.992350E+2	1.932016E+2
4.994931E+2	1.955076E+2
4.997513E+2	1.980650E+2
5.000094E+2	2.006934E+2
5.002676E+2	2.032617E+2
5.005257E+2	2.058300E+2
5.007838E+2	2.085951E+2
5.010419E+2	2.110869E+2
5.013000E+2	2.139011E+2
5.015581E+2	2.168519E+2
5.018162E+2	2.198300E+2
5.020743E+2	2.230759E+2
5.023323E+2	2.260705E+2
5.025904E+2	2.289065E+2
5.028485E+2	2.319667E+2
5.031065E+2	2.348246E+2
5.033645E+2	2.377426E+2
5.036226E+2	2.406661E+2
5.038806E+2	2.435240E+2
5.041386E+2	2.463546E+2
5.043966E+2	2.493437E+2
5.046546E+2	2.523765E+2
5.049126E+2	2.557371E+2
5.051706E+2	2.592945E+2
5.054285E+2	2.624585E+2
5.056865E+2	2.656716E+2
5.059445E+2	2.694038E+2
5.062024E+2	2.730923E+2
5.064604E+2	2.770432E+2
5.067183E+2	2.803055E+2
5.069762E+2	2.839448E+2
5.072341E+2	2.874530E+2
5.074920E+2	2.913382E+2
5.077499E+2	2.951142E+2
5.080078E+2	2.990705E+2
5.082657E+2	3.025131E+2
5.085236E+2	3.058300E+2
5.087815E+2	3.095623E+2
5.090393E+2	3.136388E+2
5.092972E+2	3.174093E+2
5.095550E+2	3.210759E+2
5.098129E+2	3.250869E+2
5.100707E+2	3.291743E+2
5.103285E+2	3.335404E+2
5.105863E+2	3.374967E+2
5.108441E+2	3.417153E+2
5.111019E+2	3.457590E+2
5.113597E+2	3.499721E+2
5.116175E+2	3.542289E+2
5.118753E+2	3.583055E+2
5.121330E+2	3.628191E+2
5.123908E+2	3.673055E+2
5.126485E+2	3.719175E+2
5.129063E+2	3.766169E+2
5.131640E+2	3.815787E+2
5.134217E+2	3.863055E+2
5.136794E+2	3.910049E+2
5.139371E+2	3.961142E+2
5.141948E+2	4.016333E+2
5.144525E+2	4.068300E+2
5.147102E+2	4.117863E+2
5.149679E+2	4.168246E+2
5.152256E+2	4.218246E+2
5.154832E+2	4.270541E+2
5.157409E+2	4.324639E+2
5.159985E+2	4.381688E+2
5.162562E+2	4.435951E+2
5.165138E+2	4.488901E+2
5.167714E+2	4.544257E+2
5.170290E+2	4.599339E+2
5.172866E+2	4.656989E+2
5.175442E+2	4.712781E+2
5.178018E+2	4.769120E+2
5.180594E+2	4.827863E+2
5.183170E+2	4.885240E+2
5.185745E+2	4.943055E+2
5.188321E+2	5.006825E+2
5.190896E+2	5.068519E+2
5.193472E+2	5.131142E+2
5.196047E+2	5.191798E+2
5.198622E+2	5.255295E+2
5.201197E+2	5.317317E+2
5.203772E+2	5.382399E+2
5.206347E+2	5.447699E+2
5.208922E+2	5.511962E+2
5.211497E+2	5.576989E+2
5.214072E+2	5.642126E+2
5.216646E+2	5.707809E+2
5.219221E+2	5.777371E+2
5.221795E+2	5.843000E+2
5.224370E+2	5.911579E+2
5.226944E+2	5.978847E+2
5.229519E+2	6.051361E+2
5.232093E+2	6.120759E+2
5.234667E+2	6.193874E+2
5.237241E+2	6.268082E+2
5.239815E+2	6.347809E+2
5.242389E+2	6.425186E+2
5.244962E+2	6.498628E+2
5.247536E+2	6.570869E+2
5.250110E+2	6.649065E+2
5.252683E+2	6.728136E+2
5.255257E+2	6.806442E+2
5.257830E+2	6.888628E+2
5.260403E+2	6.966169E+2
5.262977E+2	7.046661E+2
5.265550E+2	7.129503E+2
5.268123E+2	7.210978E+2
5.270696E+2	7.300158E+2
5.273269E+2	7.387317E+2
5.275841E+2	7.469830E+2
5.278414E+2	7.556115E+2
5.280987E+2	7.642180E+2
5.283559E+2	7.726169E+2
5.286132E+2	7.812399E+2
5.288704E+2	7.899776E+2
5.291276E+2	7.989011E+2
5.293849E+2	8.077590E+2
5.296421E+2	8.167262E+2
5.298993E+2	8.251634E+2
5.301565E+2	8.344967E+2
5.304137E+2	8.439994E+2
5.306709E+2	8.538082E+2
5.309280E+2	8.639721E+2
5.311852E+2	8.736115E+2
5.314424E+2	8.828246E+2
5.316995E+2	8.925896E+2
5.319567E+2	9.020541E+2
5.322138E+2	9.122180E+2
5.324709E+2	9.224202E+2
5.327280E+2	9.328082E+2
5.329852E+2	9.429448E+2
5.332423E+2	9.536716E+2
5.334994E+2	9.642453E+2
5.337564E+2	9.746224E+2
5.340135E+2	9.856552E+2
5.342706E+2	9.965896E+2
5.345276E+2	1.007431E+3
5.347847E+2	1.018398E+3
5.350417E+2	1.029295E+3
5.352988E+2	1.040721E+3
5.355558E+2	1.052043E+3
5.358128E+2	1.063513E+3
5.360698E+2	1.075360E+3
5.363269E+2	1.087120E+3
5.365839E+2	1.099327E+3
5.368408E+2	1.110928E+3
5.370978E+2	1.122737E+3
5.373548E+2	1.134934E+3
5.376118E+2	1.147262E+3
5.378687E+2	1.159442E+3
5.381257E+2	1.172764E+3
5.383826E+2	1.185480E+3
5.386395E+2	1.197917E+3
5.388965E+2	1.210999E+3
5.391534E+2	1.223644E+3
5.394103E+2	1.237163E+3
5.396672E+2	1.250344E+3
5.399241E+2	1.263797E+3
5.401810E+2	1.277617E+3
5.404378E+2	1.291759E+3
5.406947E+2	1.305218E+3
5.409516E+2	1.319103E+3
5.412084E+2	1.333131E+3
5.414653E+2	1.347027E+3
5.417221E+2	1.361278E+3
5.419789E+2	1.375322E+3
5.422357E+2	1.388961E+3
5.424925E+2	1.403770E+3
5.427493E+2	1.417825E+3
5.430061E+2	1.432120E+3
5.432629E+2	1.447393E+3
5.435197E+2	1.462584E+3
5.437765E+2	1.477562E+3
5.440332E+2	1.493136E+3
5.442900E+2	1.508579E+3
5.445467E+2	1.524174E+3
5.448035E+2	1.540606E+3
5.450602E+2	1.556611E+3
5.453169E+2	1.572480E+3
5.455736E+2	1.589027E+3
5.458303E+2	1.605043E+3
5.460870E+2	1.621016E+3
5.463437E+2	1.637076E+3
5.466004E+2	1.652819E+3
5.468571E+2	1.669103E+3
5.471137E+2	1.686256E+3
5.473704E+2	1.702611E+3
5.476270E+2	1.720267E+3
5.478837E+2	1.737371E+3
5.481403E+2	1.754611E+3
5.483969E+2	1.771852E+3
5.486535E+2	1.788961E+3
5.489101E+2	1.805912E+3
5.491667E+2	1.823098E+3
5.494233E+2	1.840491E+3
5.496799E+2	1.857852E+3
5.499365E+2	1.875972E+3
5.501931E+2	1.894207E+3
5.504496E+2	1.912584E+3
5.507062E+2	1.931699E+3
5.509627E+2	1.950103E+3
5.512192E+2	1.969398E+3
5.514758E+2	1.988131E+3
5.517323E+2	2.006830E+3
5.519888E+2	2.025513E+3
5.522453E+2	2.044491E+3
5.525018E+2	2.063710E+3
5.527583E+2	2.083360E+3
5.530147E+2	2.102174E+3
5.532712E+2	2.120759E+3
5.535277E+2	2.140262E+3
5.537841E+2	2.159131E+3
5.540406E+2	2.178070E+3
5.542970E+2	2.197857E+3
5.545534E+2	2.217513E+3
5.548098E+2	2.237836E+3
5.550663E+2	2.257043E+3
5.553227E+2	2.276622E+3
5.555791E+2	2.296901E+3
5.558354E+2	2.317021E+3
5.560918E+2	2.337420E+3
5.563482E+2	2.359371E+3
5.566046E+2	2.380672E+3
5.568609E+2	2.401191E+3
5.571173E+2	2.421950E+3
5.573736E+2	2.443557E+3
5.576299E+2	2.466065E+3
5.578862E+2	2.488098E+3
5.581426E+2	2.508764E+3
5.583989E+2	2.530491E+3
5.586552E+2	2.552901E+3
5.589114E+2	2.574721E+3
5.591677E+2	2.596961E+3
5.594240E+2	2.619284E+3
5.596803E+2	2.641311E+3
5.599365E+2	2.663743E+3
5.601928E+2	2.686721E+3
5.604490E+2	2.709180E+3
5.607052E+2	2.732005E+3
5.609614E+2	2.755251E+3
5.612177E+2	2.778223E+3
5.614739E+2	2.801726E+3
5.617301E+2	2.825327E+3
5.619863E+2	2.849223E+3
5.622424E+2	2.873961E+3
5.624986E+2	2.898087E+3
5.627548E+2	2.922196E+3
5.630109E+2	2.946611E+3
5.632671E+2	2.971475E+3
5.635232E+2	2.996327E+3
5.637794E+2	3.021344E+3
5.640355E+2	3.046808E+3
5.642916E+2	3.072535E+3
5.645477E+2	3.098180E+3
5.648038E+2	3.123693E+3
5.650599E+2	3.150131E+3
5.653160E+2	3.176644E+3
5.655721E+2	3.202573E+3
5.658281E+2	3.228983E+3
5.660842E+2	3.255344E+3
5.663402E+2	3.281021E+3
5.665963E+2	3.307611E+3
5.668523E+2	3.334868E+3
5.671083E+2	3.362453E+3
5.673644E+2	3.390857E+3
5.676204E+2	3.418229E+3
5.678764E+2	3.445393E+3
5.681324E+2	3.474322E+3
5.683883E+2	3.502857E+3
5.686443E+2	3.531857E+3
5.689003E+2	3.561371E+3
5.691562E+2	3.591229E+3
5.694122E+2	3.620759E+3
5.696681E+2	3.651442E+3
5.699241E+2	3.681655E+3
5.701800E+2	3.711775E+3
5.704359E+2	3.741863E+3
5.706918E+2	3.772475E+3
5.709477E+2	3.803256E+3
5.712036E+2	3.833256E+3
5.714595E+2	3.864972E+3
5.717154E+2	3.895754E+3
5.719713E+2	3.925551E+3
5.722271E+2	3.956409E+3
5.724830E+2	3.988956E+3
5.727388E+2	4.021131E+3
5.729947E+2	4.053136E+3
5.732505E+2	4.084458E+3
5.735063E+2	4.116967E+3
5.737621E+2	4.151207E+3
5.740179E+2	4.184158E+3
5.742737E+2	4.216901E+3
5.745295E+2	4.249879E+3
5.747853E+2	4.282551E+3
5.750411E+2	4.317180E+3
5.752968E+2	4.351732E+3
5.755526E+2	4.385907E+3
5.758083E+2	4.418797E+3
5.760641E+2	4.452775E+3
5.763198E+2	4.487590E+3
5.765755E+2	4.522136E+3
5.768312E+2	4.557841E+3
5.770869E+2	4.591868E+3
5.773426E+2	4.626879E+3
5.775983E+2	4.662267E+3
5.778540E+2	4.697196E+3
5.781097E+2	4.733557E+3
5.783653E+2	4.769480E+3
5.786210E+2	4.805147E+3
5.788766E+2	4.839814E+3
5.791323E+2	4.875846E+3
5.793879E+2	4.912972E+3
5.796435E+2	4.949338E+3
5.798991E+2	4.985327E+3
5.801547E+2	5.021934E+3
5.804103E+2	5.058939E+3
5.806659E+2	5.095562E+3
5.809215E+2	5.131956E+3
5.811771E+2	5.168693E+3
5.814327E+2	5.205027E+3
5.816882E+2	5.242191E+3
5.819438E+2	5.280092E+3
5.821993E+2	5.317174E+3
5.824548E+2	5.352305E+3
5.827104E+2	5.389437E+3
5.829659E+2	5.425431E+3
5.832214E+2	5.461775E+3
5.834769E+2	5.499442E+3
5.837324E+2	5.536229E+3
5.839878E+2	5.573174E+3
5.842433E+2	5.610136E+3
5.844988E+2	5.647322E+3
5.847542E+2	5.683273E+3
5.850097E+2	5.719611E+3
5.852651E+2	5.756043E+3
5.855206E+2	5.792344E+3
5.857760E+2	5.828999E+3
5.860314E+2	5.865344E+3
5.862868E+2	5.901284E+3
5.865422E+2	5.937874E+3
5.867976E+2	5.975305E+3
5.870530E+2	6.012092E+3
5.873084E+2	6.048622E+3
5.875637E+2	6.084475E+3
5.878191E+2	6.120535E+3
5.880744E+2	6.156803E+3
5.883298E+2	6.193852E+3
5.885851E+2	6.229486E+3
5.888404E+2	6.266639E+3
5.890958E+2	6.303830E+3
5.893511E+2	6.339333E+3
5.896064E+2	6.375721E+3
5.898617E+2	6.411699E+3
5.901169E+2	6.448775E+3
5.903722E+2	6.486038E+3
5.906275E+2	6.521715E+3
5.908827E+2	6.557650E+3
5.911380E+2	6.593743E+3
5.913932E+2	6.630721E+3
5.916485E+2	6.667322E+3
5.919037E+2	6.705262E+3
5.921589E+2	6.742098E+3
5.924141E+2	6.778480E+3
5.926693E+2	6.816158E+3
5.929245E+2	6.853584E+3
5.931797E+2	6.890480E+3
5.934349E+2	6.927376E+3
5.936900E+2	6.964202E+3
5.939452E+2	7.001289E+3
5.942004E+2	7.038803E+3
5.944555E+2	7.076524E+3
5.947106E+2	7.114010E+3
5.949658E+2	7.149890E+3
5.952209E+2	7.186808E+3
5.954760E+2	7.223928E+3
5.957311E+2	7.261147E+3
5.959862E+2	7.298311E+3
5.962413E+2	7.336049E+3
5.964963E+2	7.373551E+3
5.967514E+2	7.411163E+3
5.970065E+2	7.449836E+3
5.972615E+2	7.488524E+3
5.975166E+2	7.525606E+3
5.977716E+2	7.563950E+3
5.980266E+2	7.603185E+3
5.982816E+2	7.640633E+3
5.985367E+2	7.679617E+3
5.987917E+2	7.719551E+3
5.990467E+2	7.757376E+3
5.993016E+2	7.795672E+3
5.995566E+2	7.834344E+3
5.998116E+2	7.873076E+3
6.000665E+2	7.912409E+3
6.003215E+2	7.950693E+3
6.005764E+2	7.989743E+3
6.008314E+2	8.029251E+3
6.010863E+2	8.069551E+3
6.013412E+2	8.108333E+3
6.015961E+2	8.148021E+3
6.018510E+2	8.189256E+3
6.021059E+2	8.229573E+3
6.023608E+2	8.269453E+3
6.026157E+2	8.308273E+3
6.028706E+2	8.348732E+3
6.031254E+2	8.389601E+3
6.033803E+2	8.430191E+3
6.036351E+2	8.469639E+3
6.038900E+2	8.509535E+3
6.041448E+2	8.549163E+3
6.043996E+2	8.588535E+3
6.046544E+2	8.627109E+3
6.049092E+2	8.668109E+3
6.051640E+2	8.708928E+3
6.054188E+2	8.750163E+3
6.056736E+2	8.790453E+3
6.059283E+2	8.829606E+3
6.061831E+2	8.868748E+3
6.064378E+2	8.908207E+3
6.066926E+2	8.947617E+3
6.069473E+2	8.988223E+3
6.072021E+2	9.028803E+3
6.074568E+2	9.067666E+3
6.077115E+2	9.106311E+3
6.079662E+2	9.145945E+3
6.082209E+2	9.186251E+3
6.084756E+2	9.225207E+3
6.087302E+2	9.264595E+3
6.089849E+2	9.304081E+3
6.092396E+2	9.342606E+3
6.094942E+2	9.382497E+3
6.097489E+2	9.422896E+3
6.100035E+2	9.461590E+3
6.102581E+2	9.500092E+3
6.105127E+2	9.539316E+3
6.107674E+2	9.577989E+3
6.110220E+2	9.616360E+3
6.112766E+2	9.654661E+3
6.115311E+2	9.694070E+3
6.117857E+2	9.733191E+3
6.120403E+2	9.771595E+3
6.122948E+2	9.809262E+3
6.125494E+2	9.845639E+3
6.128039E+2	9.882349E+3
6.130585E+2	9.919841E+3
6.133130E+2	9.956027E+3
6.135675E+2	9.991879E+3
6.138220E+2	1.002859E+4
6.140765E+2	1.006393E+4
6.143310E+2	1.009976E+4
6.145855E+2	1.013624E+4
6.148400E+2	1.017223E+4
6.150945E+2	1.020904E+4
6.153489E+2	1.024485E+4
6.156034E+2	1.027865E+4
6.158578E+2	1.031510E+4
6.161123E+2	1.035097E+4
6.163667E+2	1.038443E+4
6.166211E+2	1.041819E+4
6.168755E+2	1.045223E+4
6.171299E+2	1.048710E+4
6.173843E+2	1.052215E+4
6.176387E+2	1.055647E+4
6.178931E+2	1.059028E+4
6.181474E+2	1.062499E+4
6.184018E+2	1.065901E+4
6.186561E+2	1.069157E+4
6.189105E+2	1.072402E+4
6.191648E+2	1.075835E+4
6.194191E+2	1.078985E+4
6.196735E+2	1.082372E+4
6.199278E+2	1.085629E+4
6.201821E+2	1.088886E+4
6.204364E+2	1.091814E+4
6.206907E+2	1.094785E+4
6.209449E+2	1.097847E+4
6.211992E+2	1.101032E+4
6.214535E+2	1.103903E+4
6.217077E+2	1.107103E+4
6.219619E+2	1.110158E+4
6.222162E+2	1.113132E+4
6.224704E+2	1.116109E+4
6.227246E+2	1.118940E+4
6.229788E+2	1.121733E+4
6.232330E+2	1.124716E+4
6.234872E+2	1.127688E+4
6.237414E+2	1.130405E+4
6.239956E+2	1.133050E+4
6.242498E+2	1.135721E+4
6.245039E+2	1.138401E+4
6.247581E+2	1.141167E+4
6.250122E+2	1.143586E+4
6.252663E+2	1.146072E+4
6.255205E+2	1.148537E+4
6.257746E+2	1.150910E+4
6.260287E+2	1.153264E+4
6.262828E+2	1.155560E+4
6.265369E+2	1.158025E+4
6.267910E+2	1.160185E+4
6.270450E+2	1.162248E+4
6.272991E+2	1.164198E+4
6.275532E+2	1.166261E+4
6.278072E+2	1.168138E+4
6.280613E+2	1.170093E+4
6.283153E+2	1.171818E+4
6.285693E+2	1.173605E+4
6.288233E+2	1.175280E+4
6.290773E+2	1.177124E+4
6.293313E+2	1.178610E+4
6.295853E+2	1.180197E+4
6.298393E+2	1.181526E+4
6.300933E+2	1.182683E+4
6.303472E+2	1.183926E+4
6.306012E+2	1.184939E+4
6.308551E+2	1.186097E+4
6.311091E+2	1.187227E+4
6.313630E+2	1.188199E+4
6.316169E+2	1.188997E+4
6.318709E+2	1.189867E+4
6.321248E+2	1.190464E+4
6.323787E+2	1.191015E+4
6.326326E+2	1.191331E+4
6.328864E+2	1.191617E+4
6.331403E+2	1.192036E+4
6.333942E+2	1.192236E+4
6.336480E+2	1.192285E+4
6.339019E+2	1.192194E+4
6.341557E+2	1.192172E+4
6.344095E+2	1.192096E+4
6.346634E+2	1.191716E+4
6.349172E+2	1.191238E+4
6.351710E+2	1.190757E+4
6.354248E+2	1.190278E+4
6.356786E+2	1.189714E+4
6.359324E+2	1.189230E+4
6.361861E+2	1.188483E+4
6.364399E+2	1.187507E+4
6.366936E+2	1.186296E+4
6.369474E+2	1.185635E+4
6.372011E+2	1.184383E+4
6.374549E+2	1.183223E+4
6.377086E+2	1.181969E+4
6.379623E+2	1.180498E+4
6.382160E+2	1.179076E+4
6.384697E+2	1.177468E+4
6.387234E+2	1.175847E+4
6.389771E+2	1.173986E+4
6.392307E+2	1.172147E+4
6.394844E+2	1.170442E+4
6.397380E+2	1.168409E+4
6.399917E+2	1.166301E+4
6.402453E+2	1.164103E+4
6.404990E+2	1.161921E+4
6.407526E+2	1.159414E+4
6.410062E+2	1.156917E+4
6.412598E+2	1.154428E+4
6.415134E+2	1.151737E+4
6.417670E+2	1.149167E+4
6.420206E+2	1.146480E+4
6.422741E+2	1.143869E+4
6.425277E+2	1.141163E+4
6.427812E+2	1.138452E+4
6.430348E+2	1.135550E+4
6.432883E+2	1.132887E+4
6.435418E+2	1.129850E+4
6.437954E+2	1.126999E+4
6.440489E+2	1.123981E+4
6.443024E+2	1.120879E+4
6.445559E+2	1.117599E+4
6.448094E+2	1.114643E+4
6.450628E+2	1.111384E+4
6.453163E+2	1.108293E+4
6.455698E+2	1.105202E+4
6.458232E+2	1.101987E+4
6.460767E+2	1.098713E+4
6.463301E+2	1.095382E+4
6.465835E+2	1.092015E+4
6.468369E+2	1.088711E+4
6.470903E+2	1.085384E+4
6.473437E+2	1.081983E+4
6.475971E+2	1.078657E+4
6.478505E+2	1.075402E+4
6.481039E+2	1.072170E+4
6.483573E+2	1.068737E+4
6.486106E+2	1.065181E+4
6.488640E+2	1.061734E+4
6.491173E+2	1.058311E+4
6.493706E+2	1.054880E+4
6.496240E+2	1.051472E+4
6.498773E+2	1.048135E+4
6.501306E+2	1.044707E+4
6.503839E+2	1.041558E+4
6.506372E+2	1.038168E+4
6.508905E+2	1.034781E+4
6.511437E+2	1.031460E+4
6.513970E+2	1.028111E+4
6.516503E+2	1.024861E+4
6.519035E+2	1.021755E+4
6.521567E+2	1.018520E+4
6.524100E+2	1.015191E+4
6.526632E+2	1.011957E+4
6.529164E+2	1.008632E+4
6.531696E+2	1.005472E+4
6.534228E+2	1.002297E+4
6.536760E+2	9.990508E+3
6.539292E+2	9.959207E+3
6.541824E+2	9.928355E+3
6.544355E+2	9.897185E+3
6.546887E+2	9.866256E+3
6.549418E+2	9.835300E+3
6.551950E+2	9.806366E+3
6.554481E+2	9.775661E+3
6.557012E+2	9.745251E+3
6.559543E+2	9.715693E+3
6.562074E+2	9.686158E+3
6.564605E+2	9.658234E+3
6.567136E+2	9.630825E+3
6.569667E+2	9.605087E+3
6.572198E+2	9.577120E+3
6.574728E+2	9.549448E+3
6.577259E+2	9.522136E+3
6.579789E+2	9.495928E+3
6.582319E+2	9.468278E+3
6.584850E+2	9.442502E+3
6.587380E+2	9.416792E+3
6.589910E+2	9.393142E+3
6.592440E+2	9.368316E+3
6.594970E+2	9.343409E+3
6.597500E+2	9.321808E+3
6.600030E+2	9.298967E+3
6.602559E+2	9.274857E+3
6.605089E+2	9.252677E+3
6.607618E+2	9.229371E+3
6.610148E+2	9.207945E+3
6.612677E+2	9.185366E+3
6.615206E+2	9.165120E+3
6.617736E+2	9.144409E+3
6.620265E+2	9.122295E+3
6.622794E+2	9.099524E+3
6.625323E+2	9.078568E+3
6.627851E+2	9.057355E+3
6.630380E+2	9.036699E+3
6.632909E+2	9.016305E+3
6.635437E+2	8.997393E+3
6.637966E+2	8.976491E+3
6.640494E+2	8.956491E+3
6.643023E+2	8.937868E+3
6.645551E+2	8.918229E+3
6.648079E+2	8.900136E+3
6.650607E+2	8.882344E+3
6.653135E+2	8.864475E+3
6.655663E+2	8.847245E+3
6.658191E+2	8.829398E+3
6.660718E+2	8.812644E+3
6.663246E+2	8.795513E+3
6.665774E+2	8.779639E+3
6.668301E+2	8.761311E+3
6.670828E+2	8.745825E+3
6.673356E+2	8.727497E+3
6.675883E+2	8.711699E+3
6.678410E+2	8.695049E+3
6.680937E+2	8.678759E+3
6.683464E+2	8.663060E+3
6.685991E+2	8.647070E+3
6.688518E+2	8.631338E+3
6.691044E+2	8.615142E+3
6.693571E+2	8.599469E+3
6.696098E+2	8.582650E+3
6.698624E+2	8.565743E+3
6.701150E+2	8.549573E+3
6.703677E+2	8.532688E+3
6.706203E+2	8.515152E+3
6.708729E+2	8.499540E+3
6.711255E+2	8.483316E+3
6.713781E+2	8.468196E+3
6.716307E+2	8.454628E+3
6.718832E+2	8.439420E+3
6.721358E+2	8.423562E+3
6.723884E+2	8.408584E+3
6.726409E+2	8.393442E+3
6.728935E+2	8.377376E+3
6.731460E+2	8.362841E+3
6.733985E+2	8.349633E+3
6.736510E+2	8.337349E+3
6.739035E+2	8.323513E+3
6.741560E+2	8.309639E+3
6.744085E+2	8.295611E+3
6.746610E+2	8.282573E+3
6.749135E+2	8.270147E+3
6.751660E+2	8.257136E+3
6.754184E+2	8.244223E+3
6.756709E+2	8.232060E+3
6.759233E+2	8.218355E+3
6.761757E+2	8.205639E+3
6.764282E+2	8.191885E+3
6.766806E+2	8.177464E+3
6.769330E+2	8.162180E+3
6.771854E+2	8.146300E+3
6.774378E+2	8.131535E+3
6.776901E+2	8.116579E+3
6.779425E+2	8.100939E+3
6.781949E+2	8.087611E+3
6.784472E+2	8.073316E+3
6.786996E+2	8.057868E+3
6.789519E+2	8.042038E+3
6.792042E+2	8.028245E+3
6.794566E+2	8.014054E+3
6.797089E+2	7.999917E+3
6.799612E+2	7.987885E+3
6.802135E+2	7.973737E+3
6.804657E+2	7.960453E+3
6.807180E+2	7.946267E+3
6.809703E+2	7.934273E+3
6.812226E+2	7.922169E+3
6.814748E+2	7.910005E+3
6.817270E+2	7.898415E+3
6.819793E+2	7.885010E+3
6.822315E+2	7.874590E+3
6.824837E+2	7.863475E+3
6.827359E+2	7.854054E+3
6.829881E+2	7.843475E+3
6.832403E+2	7.832961E+3
6.834925E+2	7.822633E+3
6.837447E+2	7.811535E+3
6.839968E+2	7.800628E+3
6.842490E+2	7.788540E+3
6.845011E+2	7.777540E+3
6.847533E+2	7.765060E+3
6.850054E+2	7.753846E+3
6.852575E+2	7.742562E+3
6.855097E+2	7.730579E+3
6.857618E+2	7.719300E+3
6.860139E+2	7.708098E+3
6.862659E+2	7.697874E+3
6.865180E+2	7.687092E+3
6.867701E+2	7.674497E+3
6.870222E+2	7.662961E+3
6.872742E+2	7.653098E+3
6.875263E+2	7.642415E+3
6.877783E+2	7.632125E+3
6.880303E+2	7.623322E+3
6.882823E+2	7.615169E+3
6.885343E+2	7.606688E+3
6.887864E+2	7.597273E+3
6.890383E+2	7.589590E+3
6.892903E+2	7.581480E+3
6.895423E+2	7.571661E+3
6.897943E+2	7.564721E+3
6.900462E+2	7.555945E+3
6.902982E+2	7.549043E+3
6.905501E+2	7.540759E+3
6.908021E+2	7.533562E+3
6.910540E+2	7.524994E+3
6.913059E+2	7.517180E+3
6.915578E+2	7.507535E+3
6.918097E+2	7.498049E+3
6.920616E+2	7.490120E+3
6.923135E+2	7.480480E+3
6.925654E+2	7.471732E+3
6.928172E+2	7.464152E+3
6.930691E+2	7.455032E+3
6.933209E+2	7.445431E+3
6.935728E+2	7.434857E+3
6.938246E+2	7.425229E+3
6.940764E+2	7.415726E+3
6.943282E+2	7.405568E+3
6.945800E+2	7.395704E+3
6.948318E+2	7.385999E+3
6.950836E+2	7.375426E+3
6.953354E+2	7.364650E+3
6.955872E+2	7.355644E+3
6.958389E+2	7.346704E+3
6.960907E+2	7.338016E+3
6.963424E+2	7.327732E+3
6.965942E+2	7.317644E+3
6.968459E+2	7.308415E+3
6.970976E+2	7.299431E+3
6.973493E+2	7.290846E+3
6.976010E+2	7.282622E+3
6.978527E+2	7.273262E+3
6.981044E+2	7.263945E+3
6.983561E+2	7.255289E+3
6.986077E+2	7.245469E+3
6.988594E+2	7.235863E+3
6.991110E+2	7.227005E+3
6.993627E+2	7.217021E+3
6.996143E+2	7.208480E+3
6.998659E+2	7.197360E+3
7.001175E+2	7.187152E+3
7.003692E+2	7.175349E+3
7.006207E+2	7.164305E+3
7.008723E+2	7.152737E+3
7.011239E+2	7.139469E+3
7.013755E+2	7.126907E+3
7.016271E+2	7.112120E+3
7.018786E+2	7.098284E+3
7.021302E+2	7.085021E+3
7.023817E+2	7.069879E+3
7.026332E+2	7.054562E+3
7.028847E+2	7.040065E+3
7.031362E+2	7.023961E+3
7.033878E+2	7.009114E+3
7.036392E+2	6.992939E+3
7.038907E+2	6.977540E+3
7.041422E+2	6.960836E+3
7.043937E+2	6.943617E+3
7.046451E+2	6.928469E+3
7.048966E+2	6.914092E+3
7.051480E+2	6.898070E+3
7.053995E+2	6.882245E+3
7.056509E+2	6.865999E+3
7.059023E+2	6.850732E+3
7.061537E+2	6.835754E+3
7.064051E+2	6.821661E+3
7.066565E+2	6.807524E+3
7.069079E+2	6.794360E+3
7.071593E+2	6.779945E+3
7.074106E+2	6.766994E+3
7.076620E+2	6.754595E+3
7.079133E+2	6.741295E+3
7.081647E+2	6.728579E+3
7.084160E+2	6.716792E+3
7.086673E+2	6.704016E+3
7.089186E+2	6.689999E+3
7.091699E+2	6.675311E+3
7.094212E+2	6.660710E+3
7.096725E+2	6.645431E+3
7.099238E+2	6.629808E+3
7.101751E+2	6.613202E+3
7.104263E+2	6.597371E+3
7.106776E+2	6.579682E+3
7.109288E+2	6.561147E+3
7.111800E+2	6.541956E+3
7.114313E+2	6.523054E+3
7.116825E+2	6.504131E+3
7.119337E+2	6.485885E+3
7.121849E+2	6.465300E+3
7.124361E+2	6.445092E+3
7.126873E+2	6.425726E+3
7.129384E+2	6.406830E+3
7.131896E+2	6.388743E+3
7.134408E+2	6.370573E+3
7.136919E+2	6.353152E+3
7.139430E+2	6.336475E+3
7.141942E+2	6.320857E+3
7.144453E+2	6.306366E+3
7.146964E+2	6.292262E+3
7.149475E+2	6.279338E+3
7.151986E+2	6.269333E+3
7.154497E+2	6.260606E+3
7.157008E+2	6.251114E+3
7.159518E+2	6.241808E+3
7.162029E+2	6.232737E+3
7.164540E+2	6.226584E+3
7.167050E+2	6.219262E+3
7.169560E+2	6.212185E+3
7.172071E+2	6.204158E+3
7.174581E+2	6.196644E+3
7.177091E+2	6.189551E+3
7.179601E+2	6.181076E+3
7.182111E+2	6.171879E+3
7.184621E+2	6.160764E+3
7.187130E+2	6.148136E+3
7.189640E+2	6.136617E+3
7.192150E+2	6.122879E+3
7.194659E+2	6.109054E+3
7.197169E+2	6.095016E+3
7.199678E+2	6.080704E+3
7.202187E+2	6.065764E+3
7.204696E+2	6.050114E+3
7.207205E+2	6.036185E+3
7.209714E+2	6.022497E+3
7.212223E+2	6.008934E+3
7.214732E+2	5.995781E+3
7.217241E+2	5.984540E+3
7.219749E+2	5.974546E+3
7.222258E+2	5.967087E+3
7.224766E+2	5.963814E+3
7.227274E+2	5.960595E+3
7.229783E+2	5.960486E+3
7.232291E+2	5.962420E+3
7.234799E+2	5.964994E+3
7.237307E+2	5.970579E+3
7.239815E+2	5.977999E+3
7.242323E+2	5.987273E+3
7.244830E+2	5.997229E+3
7.247338E+2	6.008420E+3
7.249846E+2	6.019245E+3
7.252353E+2	6.030748E+3
7.254861E+2	6.042617E+3
7.257368E+2	6.052305E+3
7.259875E+2	6.063043E+3
7.262382E+2	6.073475E+3
7.264889E+2	6.082218E+3
7.267396E+2	6.089732E+3
7.269903E+2	6.096775E+3
7.272410E+2	6.102125E+3
7.274917E+2	6.108256E+3
7.277423E+2	6.113726E+3
7.279930E+2	6.118043E+3
7.282436E+2	6.122524E+3
7.284942E+2	6.124934E+3
7.287449E+2	6.128726E+3
7.289955E+2	6.132863E+3
7.292461E+2	6.137628E+3
7.294967E+2	6.142426E+3
7.297473E+2	6.147601E+3
7.299979E+2	6.153366E+3
7.302484E+2	6.158950E+3
7.304990E+2	6.164464E+3
7.307496E+2	6.170989E+3
7.310001E+2	6.180065E+3
7.312507E+2	6.192606E+3
7.315012E+2	6.208464E+3
7.317517E+2	6.227295E+3
7.320022E+2	6.251131E+3
7.322527E+2	6.280524E+3
7.325032E+2	6.315524E+3
7.327537E+2	6.353650E+3
7.330042E+2	6.392901E+3
7.332547E+2	6.434114E+3
7.335051E+2	6.479278E+3
7.337556E+2	6.531070E+3
7.340060E+2	6.590327E+3
7.342564E+2	6.659273E+3
7.345069E+2	6.730999E+3
7.347573E+2	6.798792E+3
7.350077E+2	6.856732E+3
7.352581E+2	6.904497E+3
7.355085E+2	6.953666E+3
7.357589E+2	7.018349E+3
7.360092E+2	7.104136E+3
7.362596E+2	7.210054E+3
7.365100E+2	7.323945E+3
7.367603E+2	7.432398E+3
7.370106E+2	7.529021E+3
7.372610E+2	7.613699E+3
7.375113E+2	7.691606E+3
7.377616E+2	7.767251E+3
7.380119E+2	7.849458E+3
7.382622E+2	7.940797E+3
7.385125E+2	8.039021E+3
7.387628E+2	8.141174E+3
7.390130E+2	8.244797E+3
7.392633E+2	8.354076E+3
7.395135E+2	8.469967E+3
7.397638E+2	8.595202E+3
7.400140E+2	8.728355E+3
7.402642E+2	8.872836E+3
7.405144E+2	9.019956E+3
7.407647E+2	9.166912E+3
7.410149E+2	9.311868E+3
7.412650E+2	9.446327E+3
7.415152E+2	9.571551E+3
7.417654E+2	9.699737E+3
7.420156E+2	9.836393E+3
7.422657E+2	9.981295E+3
7.425159E+2	1.012333E+4
7.427660E+2	1.025189E+4
7.430161E+2	1.036144E+4
7.432662E+2	1.046323E+4
7.435164E+2	1.059602E+4
7.437665E+2	1.075428E+4
7.440165E+2	1.091152E+4
7.442666E+2	1.106760E+4
7.445167E+2	1.122315E+4
7.447668E+2	1.137834E+4
7.450168E+2	1.152968E+4
7.452669E+2	1.166710E+4
7.455169E+2	1.178613E+4
7.457669E+2	1.189441E+4
7.460170E+2	1.199817E+4
7.462670E+2	1.210823E+4
7.465170E+2	1.222564E+4
7.467670E+2	1.235888E+4
7.470170E+2	1.249836E+4
7.472670E+2	1.263392E+4
7.475169E+2	1.276484E+4
7.477669E+2	1.289088E+4
7.480168E+2	1.301406E+4
7.482668E+2	1.313647E+4
7.485167E+2	1.325813E+4
7.487666E+2	1.337667E+4
7.490166E+2	1.348660E+4
7.492665E+2	1.356694E+4
7.495164E+2	1.362852E+4
7.497663E+2	1.367881E+4
7.500161E+2	1.372458E+4
7.502660E+2	1.376609E+4
7.505159E+2	1.380646E+4
7.507657E+2	1.384417E+4
7.510156E+2	1.387229E+4
7.512654E+2	1.388133E+4
7.515152E+2	1.387122E+4
7.517651E+2	1.385434E+4
7.520149E+2	1.384346E+4
7.522647E+2	1.385220E+4
7.525145E+2	1.388156E+4
7.527643E+2	1.392085E+4
7.530140E+2	1.395830E+4
7.532638E+2	1.397915E+4
7.535136E+2	1.397953E+4
7.537633E+2	1.396818E+4
7.540131E+2	1.396089E+4
7.542628E+2	1.397333E+4
7.545125E+2	1.400350E+4
7.547622E+2	1.403609E+4
7.550119E+2	1.405956E+4
7.552616E+2	1.407333E+4
7.555113E+2	1.407477E+4
7.557610E+2	1.406981E+4
7.560107E+2	1.405405E+4
7.562603E+2	1.402849E+4
7.565100E+2	1.399590E+4
7.567596E+2	1.396218E+4
7.570093E+2	1.391638E+4
7.572589E+2	1.384879E+4
7.575085E+2	1.375764E+4
7.577581E+2	1.365528E+4
7.580077E+2	1.355532E+4
7.582573E+2	1.346460E+4
7.585069E+2	1.336992E+4
7.587565E+2	1.323162E+4
7.590060E+2	1.305955E+4
7.592556E+2	1.288656E+4
7.595051E+2	1.271432E+4
7.597547E+2	1.254522E+4
7.600042E+2	1.238009E+4
7.602537E+2	1.221963E+4
7.605032E+2	1.207627E+4
7.607527E+2	1.195335E+4
7.610022E+2	1.184354E+4
7.612517E+2	1.173757E+4
7.615012E+2	1.162540E+4
7.617507E+2	1.150446E+4
7.620001E+2	1.136486E+4
7.622496E+2	1.121197E+4
7.624990E+2	1.105588E+4
7.627485E+2	1.089626E+4
7.629979E+2	1.073529E+4
7.632473E+2	1.057533E+4
7.634967E+2	1.041787E+4
7.637461E+2	1.026218E+4
7.639955E+2	1.010943E+4
7.642449E+2	9.963038E+3
7.644942E+2	9.839879E+3
7.647436E+2	9.726355E+3
7.649930E+2	9.620311E+3
7.652423E+2	9.523338E+3
7.654916E+2	9.440644E+3
7.657410E+2	9.369169E+3
7.659903E+2	9.301005E+3
7.662396E+2	9.228366E+3
7.664889E+2	9.153628E+3
7.667382E+2	9.077322E+3
7.669875E+2	8.999759E+3
7.672367E+2	8.921305E+3
7.674860E+2	8.833191E+3
7.677353E+2	8.734819E+3
7.679845E+2	8.632070E+3
7.682337E+2	8.530803E+3
7.684830E+2	8.437743E+3
7.687322E+2	8.352672E+3
7.689814E+2	8.271693E+3
7.692306E+2	8.182999E+3
7.694798E+2	8.072322E+3
7.697290E+2	7.938207E+3
7.699782E+2	7.793617E+3
7.702273E+2	7.645147E+3
7.704765E+2	7.496672E+3
7.707256E+2	7.349349E+3
7.709748E+2	7.208458E+3
7.712239E+2	7.084486E+3
7.714730E+2	6.981005E+3
7.717222E+2	6.900103E+3
7.719713E+2	6.831180E+3
7.722204E+2	6.771114E+3
7.724694E+2	6.725584E+3
7.727185E+2	6.698677E+3
7.729676E+2	6.688486E+3
7.732167E+2	6.691229E+3
7.734657E+2	6.702661E+3
7.737147E+2	6.721814E+3
7.739638E+2	6.747245E+3
7.742128E+2	6.775437E+3
7.744618E+2	6.797049E+3
7.747108E+2	6.810584E+3
7.749598E+2	6.815125E+3
7.752088E+2	6.811529E+3
7.754578E+2	6.802010E+3
7.757068E+2	6.786262E+3
7.759557E+2	6.764989E+3
7.762047E+2	6.738912E+3
7.764536E+2	6.706999E+3
7.767026E+2	6.669628E+3
7.769515E+2	6.626814E+3
7.772004E+2	6.581180E+3
7.774493E+2	6.536704E+3
7.776982E+2	6.493650E+3
7.779471E+2	6.455546E+3
7.781960E+2	6.421584E+3
7.784449E+2	6.389677E+3
7.786938E+2	6.358808E+3
7.789426E+2	6.329557E+3
7.791915E+2	6.300262E+3
7.794403E+2	6.270142E+3
7.796891E+2	6.239814E+3
7.799380E+2	6.208092E+3
7.801868E+2	6.177999E+3
7.804356E+2	6.145458E+3
7.806844E+2	6.110453E+3
7.809332E+2	6.073841E+3
7.811819E+2	6.035562E+3
7.814307E+2	5.997081E+3
7.816795E+2	5.959300E+3
7.819282E+2	5.923535E+3
7.821770E+2	5.889469E+3
7.824257E+2	5.857437E+3
7.826744E+2	5.827431E+3
7.829231E+2	5.799874E+3
7.831718E+2	5.773721E+3
7.834205E+2	5.748070E+3
7.836692E+2	5.722945E+3
7.839179E+2	5.698223E+3
7.841666E+2	5.671109E+3
7.844152E+2	5.638961E+3
7.846639E+2	5.602928E+3
7.849125E+2	5.563387E+3
7.851612E+2	5.520349E+3
7.854098E+2	5.476267E+3
7.856584E+2	5.428672E+3
7.859070E+2	5.378978E+3
7.861556E+2	5.323070E+3
7.864042E+2	5.259978E+3
7.866528E+2	5.188245E+3
7.869014E+2	5.110147E+3
7.871499E+2	5.030961E+3
7.873985E+2	4.953912E+3
7.876470E+2	4.875846E+3
7.878956E+2	4.795661E+3
7.881441E+2	4.714786E+3
7.883926E+2	4.631961E+3
7.886411E+2	4.550191E+3
7.888896E+2	4.473469E+3
7.891381E+2	4.402431E+3
7.893866E+2	4.336655E+3
7.896351E+2	4.277469E+3
7.898835E+2	4.225043E+3
7.901320E+2	4.178344E+3
7.903804E+2	4.135699E+3
7.906289E+2	4.096928E+3
7.908773E+2	4.062382E+3
7.911257E+2	4.030666E+3
7.913742E+2	4.001497E+3
7.916226E+2	3.977896E+3
7.918709E+2	3.957999E+3
7.921193E+2	3.942360E+3
7.923677E+2	3.929486E+3
7.926161E+2	3.917475E+3
7.928644E+2	3.906972E+3
7.931128E+2	3.893814E+3
7.933611E+2	3.877327E+3
7.936095E+2	3.856158E+3
7.938578E+2	3.830497E+3
7.941061E+2	3.800529E+3
7.943544E+2	3.767070E+3
7.946027E+2	3.730540E+3
7.948510E+2	3.692524E+3
7.950993E+2	3.655513E+3
7.953475E+2	3.619994E+3
7.955958E+2	3.588131E+3
7.958440E+2	3.558972E+3
7.960923E+2	3.533240E+3
7.963405E+2	3.509999E+3
7.965887E+2	3.487081E+3
7.968370E+2	3.465152E+3
7.970852E+2	3.442721E+3
7.973334E+2	3.419284E+3
7.975816E+2	3.394644E+3
7.978297E+2	3.370049E+3
7.980779E+2	3.345021E+3
7.983261E+2	3.319038E+3
7.985742E+2	3.293234E+3
7.988224E+2	3.267972E+3
7.990705E+2	3.242978E+3
7.993186E+2	3.220032E+3
7.995668E+2	3.200879E+3
7.998149E+2	3.183770E+3
8.000630E+2	3.171508E+3
8.003111E+2	3.162502E+3
8.005591E+2	3.157426E+3
8.008072E+2	3.157764E+3
8.010553E+2	3.159770E+3
8.013033E+2	3.165453E+3
8.015514E+2	3.171868E+3
8.017994E+2	3.179989E+3
8.020474E+2	3.189185E+3
8.022955E+2	3.198251E+3
8.025435E+2	3.206295E+3
8.027915E+2	3.214633E+3
8.030395E+2	3.222874E+3
8.032874E+2	3.229781E+3
8.035354E+2	3.237907E+3
8.037834E+2	3.246038E+3
8.040313E+2	3.254152E+3
8.042793E+2	3.262426E+3
8.045272E+2	3.273060E+3
8.047752E+2	3.285606E+3
8.050231E+2	3.299584E+3
8.052710E+2	3.316464E+3
8.055189E+2	3.336158E+3
8.057668E+2	3.358682E+3
8.060147E+2	3.383999E+3
8.062625E+2	3.412420E+3
8.065104E+2	3.444557E+3
8.067583E+2	3.479999E+3
8.070061E+2	3.521142E+3
8.072540E+2	3.566617E+3
8.075018E+2	3.616945E+3
8.077496E+2	3.671950E+3
8.079974E+2	3.730349E+3
8.082452E+2	3.792207E+3
8.084930E+2	3.855267E+3
8.087408E+2	3.922120E+3
8.089886E+2	3.990573E+3
8.092364E+2	4.060978E+3
8.094841E+2	4.134868E+3
8.097319E+2	4.213781E+3
8.099796E+2	4.296617E+3
8.102273E+2	4.384606E+3
8.104751E+2	4.476054E+3
8.107228E+2	4.571513E+3
8.109705E+2	4.671737E+3
8.112182E+2	4.776573E+3
8.114659E+2	4.885650E+3
8.117135E+2	5.000814E+3
8.119612E+2	5.120142E+3
8.122089E+2	5.244464E+3
8.124565E+2	5.371524E+3
8.127042E+2	5.499278E+3
8.129518E+2	5.622879E+3
8.131994E+2	5.740387E+3
8.134470E+2	5.849710E+3
8.136946E+2	5.945989E+3
8.139422E+2	6.025338E+3
8.141898E+2	6.089016E+3
8.144374E+2	6.135098E+3
8.146850E+2	6.165825E+3
8.149325E+2	6.183939E+3
8.151801E+2	6.190732E+3
8.154276E+2	6.191142E+3
8.156752E+2	6.188535E+3
8.159227E+2	6.183508E+3
8.161702E+2	6.178786E+3
8.164177E+2	6.172868E+3
8.166652E+2	6.166688E+3
8.169127E+2	6.161163E+3
8.171602E+2	6.155601E+3
8.174077E+2	6.151191E+3
8.176551E+2	6.148508E+3
8.179026E+2	6.148617E+3
8.181500E+2	6.150682E+3
8.183975E+2	6.158158E+3
8.186449E+2	6.168458E+3
8.188923E+2	6.184917E+3
8.191397E+2	6.207606E+3
8.193871E+2	6.236284E+3
8.196345E+2	6.270437E+3
8.198819E+2	6.310710E+3
8.201293E+2	6.357213E+3
8.203766E+2	6.405513E+3
8.206240E+2	6.456448E+3
8.208713E+2	6.506087E+3
8.211187E+2	6.552344E+3
8.213660E+2	6.592732E+3
8.216133E+2	6.623622E+3
8.218606E+2	6.645322E+3
8.221079E+2	6.654240E+3
8.223552E+2	6.649376E+3
8.226025E+2	6.632054E+3
8.228498E+2	6.603393E+3
8.230970E+2	6.563852E+3
8.233443E+2	6.514737E+3
8.235915E+2	6.458595E+3
8.238388E+2	6.394169E+3
8.240860E+2	6.324163E+3
8.243332E+2	6.248519E+3
8.245804E+2	6.165846E+3
8.248276E+2	6.076278E+3
8.250748E+2	5.980939E+3
8.253220E+2	5.878005E+3
8.255692E+2	5.768923E+3
8.258163E+2	5.652371E+3
8.260635E+2	5.529174E+3
8.263106E+2	5.398207E+3
8.265578E+2	5.260180E+3
8.268049E+2	5.113857E+3
8.270520E+2	4.960415E+3
8.272991E+2	4.799300E+3
8.275462E+2	4.633836E+3
8.277933E+2	4.465879E+3
8.280404E+2	4.300076E+3
8.282875E+2	4.138442E+3
8.285345E+2	3.983808E+3
8.287816E+2	3.840994E+3
8.290287E+2	3.714382E+3
8.292757E+2	3.603666E+3
8.295227E+2	3.510016E+3
8.297697E+2	3.431529E+3
8.300168E+2	3.366147E+3
8.302638E+2	3.310803E+3
8.305107E+2	3.263278E+3
8.307577E+2	3.219202E+3
8.310047E+2	3.177426E+3
8.312517E+2	3.136606E+3
8.314986E+2	3.096573E+3
8.317456E+2	3.057961E+3
8.319925E+2	3.019245E+3
8.322394E+2	2.981131E+3
8.324864E+2	2.942060E+3
8.327333E+2	2.902076E+3
8.329802E+2	2.858961E+3
8.332271E+2	2.814081E+3
8.334740E+2	2.763989E+3
8.337208E+2	2.710606E+3
8.339677E+2	2.651043E+3
8.342146E+2	2.584568E+3
8.344614E+2	2.511147E+3
8.347082E+2	2.431234E+3
8.349551E+2	2.343611E+3
8.352019E+2	2.248792E+3
8.354487E+2	2.149120E+3
8.356955E+2	2.044092E+3
8.359423E+2	1.936956E+3
8.361891E+2	1.829120E+3
8.364359E+2	1.723207E+3
8.366826E+2	1.622426E+3
8.369294E+2	1.526081E+3
8.371761E+2	1.436879E+3
8.374229E+2	1.355950E+3
8.376696E+2	1.283322E+3
8.379163E+2	1.217743E+3
8.381630E+2	1.159234E+3
8.384097E+2	1.108070E+3
8.386564E+2	1.062999E+3
8.389031E+2	1.023442E+3
8.391498E+2	9.883273E+2
8.393965E+2	9.573273E+2
8.396431E+2	9.302563E+2
8.398898E+2	9.063382E+2
8.401364E+2	8.843055E+2
8.403830E+2	8.646060E+2
8.406297E+2	8.461142E+2
8.408763E+2	8.292071E+2
8.411229E+2	8.133273E+2
8.413695E+2	7.981524E+2
8.416161E+2	7.840541E+2
8.418626E+2	7.706169E+2
8.421092E+2	7.574421E+2
8.423558E+2	7.444475E+2
8.426023E+2	7.317863E+2
8.428489E+2	7.190104E+2
8.430954E+2	7.062016E+2
8.433419E+2	6.942617E+2
8.435884E+2	6.824858E+2
8.438349E+2	6.710869E+2
8.440814E+2	6.596825E+2
8.443279E+2	6.486279E+2
8.445744E+2	6.377371E+2
8.448208E+2	6.267262E+2
8.450673E+2	6.160923E+2
8.453138E+2	6.052508E+2
8.455602E+2	5.936934E+2
8.458066E+2	5.823546E+2
8.460530E+2	5.707645E+2
8.462995E+2	5.592508E+2
8.465459E+2	5.477863E+2
8.467923E+2	5.357590E+2
8.470386E+2	5.236060E+2
8.472850E+2	5.111634E+2
8.475314E+2	4.988136E+2
8.477777E+2	4.865787E+2
8.480241E+2	4.746770E+2
8.482704E+2	4.624257E+2
8.485168E+2	4.503492E+2
8.487631E+2	4.381852E+2
8.490094E+2	4.256825E+2
8.492557E+2	4.133874E+2
8.495020E+2	4.018191E+2
8.497483E+2	3.902289E+2
8.499946E+2	3.789011E+2
8.502408E+2	3.678136E+2
8.504871E+2	3.567262E+2
8.507333E+2	3.457481E+2
8.509796E+2	3.348847E+2
8.512258E+2	3.240268E+2
8.514720E+2	3.137262E+2
8.517182E+2	3.033601E+2
8.519644E+2	2.938628E+2
8.522106E+2	2.842453E+2
8.524568E+2	2.750705E+2
8.527030E+2	2.659011E+2
8.529492E+2	2.570104E+2
8.531953E+2	2.487863E+2
8.534415E+2	2.405787E+2
8.536876E+2	2.326060E+2
8.539337E+2	2.251197E+2
8.541799E+2	2.181798E+2
8.544260E+2	2.117699E+2
8.546721E+2	2.056552E+2
8.549182E+2	1.994912E+2
8.551643E+2	1.939175E+2
8.554103E+2	1.879448E+2
8.556564E+2	1.826497E+2
8.559024E+2	1.777098E+2
8.561485E+2	1.727754E+2
8.563945E+2	1.682126E+2
8.566406E+2	1.636169E+2
8.568866E+2	1.592617E+2
8.571326E+2	1.549011E+2
8.573786E+2	1.509229E+2
8.576246E+2	1.474093E+2
8.578706E+2	1.444038E+2
8.581166E+2	1.417863E+2
8.583625E+2	1.389503E+2
8.586085E+2	1.363055E+2
8.588544E+2	1.335240E+2
8.591004E+2	1.308519E+2
8.593463E+2	1.281798E+2
8.595922E+2	1.256497E+2
8.598381E+2	1.229830E+2
8.600840E+2	1.203109E+2
8.603299E+2	1.180650E+2
8.605758E+2	1.158136E+2
8.608217E+2	1.135896E+2
8.610675E+2	1.113328E+2
8.613134E+2	1.088300E+2
8.615592E+2	1.064803E+2
8.618051E+2	1.040814E+2
8.620509E+2	1.016661E+2
8.622967E+2	9.934917E+1
8.625425E+2	9.713059E+1
8.627883E+2	9.480818E+1
8.630341E+2	9.264971E+1
8.632799E+2	9.079725E+1
8.635257E+2	8.907048E+1
8.637715E+2	8.716884E+1
8.640172E+2	8.535463E+1
8.642630E+2	8.374261E+1
8.645087E+2	8.188469E+1
8.647544E+2	8.017430E+1
8.650001E+2	7.844206E+1
8.652459E+2	7.662239E+1
8.654916E+2	7.523988E+1
8.657372E+2	7.382458E+1
8.659829E+2	7.240381E+1
8.662286E+2	7.110873E+1
8.664743E+2	6.983004E+1
8.667199E+2	6.862785E+1
8.669656E+2	6.703223E+1
8.672112E+2	6.581365E+1
8.674568E+2	6.473168E+1
8.677024E+2	6.389561E+1
8.679481E+2	6.289015E+1
8.681937E+2	6.193387E+1
8.684392E+2	6.079725E+1
8.686848E+2	5.978086E+1
8.689304E+2	5.895026E+1
8.691760E+2	5.806501E+1
8.694215E+2	5.723441E+1
8.696671E+2	5.614152E+1
8.699126E+2	5.539288E+1
8.701581E+2	5.472075E+1
8.704036E+2	5.415245E+1
8.706491E+2	5.334370E+1
8.708946E+2	5.257321E+1
8.711401E+2	5.181365E+1
8.713856E+2	5.126720E+1
8.716311E+2	5.068250E+1
8.718766E+2	5.014152E+1
8.721220E+2	4.985736E+1
8.723674E+2	4.943660E+1
8.726129E+2	4.891201E+1
8.728583E+2	4.857867E+1
8.731037E+2	4.789561E+1
8.733491E+2	4.726173E+1
8.735945E+2	4.644206E+1
8.738399E+2	4.585736E+1
8.740853E+2	4.531091E+1
8.743307E+2	4.472622E+1
8.745760E+2	4.437102E+1
8.748214E+2	4.399944E+1
8.750667E+2	4.349124E+1
8.753121E+2	4.257867E+1
8.755574E+2	4.207594E+1
8.758027E+2	4.148578E+1
8.760480E+2	4.094479E+1
8.762933E+2	4.049124E+1
8.765386E+2	3.981911E+1
8.767839E+2	3.935463E+1
8.770291E+2	3.874261E+1
8.772744E+2	3.824534E+1
8.775196E+2	3.811966E+1
8.777649E+2	3.758414E+1
8.780101E+2	3.716884E+1
8.782553E+2	3.653496E+1
8.785006E+2	3.578632E+1
8.787458E+2	3.515245E+1
8.789910E+2	3.471529E+1
8.792361E+2	3.448031E+1
8.794813E+2	3.418523E+1
8.797265E+2	3.367157E+1
8.799717E+2	3.348031E+1
8.802168E+2	3.318523E+1
8.804619E+2	3.256775E+1
8.807071E+2	3.200490E+1
8.809522E+2	3.163878E+1
8.811973E+2	3.118523E+1
8.814424E+2	3.081365E+1
8.816875E+2	3.065518E+1
8.819326E+2	3.078086E+1
8.821777E+2	3.044753E+1
8.824227E+2	3.011966E+1
8.826678E+2	2.968796E+1
8.829128E+2	2.960600E+1
8.831579E+2	2.927813E+1
8.834029E+2	2.915245E+1
8.836479E+2	2.899398E+1
8.838929E+2	2.895572E+1
8.841379E+2	2.872622E+1
8.843829E+2	2.825081E+1
8.846279E+2	2.789015E+1
8.848729E+2	2.778086E+1
8.851179E+2	2.742567E+1
8.853628E+2	2.703223E+1
8.856078E+2	2.692294E+1
8.858527E+2	2.673714E+1
8.860976E+2	2.676447E+1
8.863425E+2	2.656228E+1
8.865875E+2	2.627813E+1
8.868324E+2	2.576447E+1
8.870772E+2	2.548578E+1
8.873221E+2	2.523988E+1
8.875670E+2	2.507048E+1
8.878119E+2	2.466064E+1
8.880567E+2	2.458960E+1
8.883016E+2	2.428906E+1
8.885464E+2	2.413605E+1
8.887912E+2	2.419070E+1
8.890360E+2	2.392840E+1
8.892809E+2	2.376447E+1
8.895257E+2	2.328359E+1
8.897704E+2	2.326173E+1
8.900152E+2	2.297212E+1
8.902600E+2	2.281365E+1
8.905048E+2	2.256775E+1
8.907495E+2	2.235463E+1
8.909943E+2	2.205408E+1
8.912390E+2	2.193387E+1
8.914837E+2	2.198851E+1
8.917284E+2	2.200490E+1
8.919731E+2	2.206501E+1
8.922178E+2	2.202130E+1
8.924625E+2	2.180272E+1
8.927072E+2	2.173714E+1
8.929519E+2	2.141474E+1
8.931965E+2	2.122348E+1
8.934412E+2	2.128359E+1
8.936858E+2	2.145299E+1
8.939305E+2	2.144206E+1
8.941751E+2	2.097758E+1
8.944197E+2	2.054042E+1
8.946643E+2	2.026720E+1
8.949089E+2	2.025627E+1
8.951535E+2	2.010326E+1
8.953981E+2	2.007048E+1
8.956426E+2	2.014698E+1
8.958872E+2	1.980272E+1
8.961317E+2	1.974807E+1
8.963763E+2	1.958960E+1
8.966208E+2	1.934917E+1
8.968653E+2	1.911419E+1
8.971098E+2	1.891201E+1
8.973543E+2	1.899398E+1
8.975988E+2	1.895026E+1
8.978433E+2	1.880272E+1
8.980878E+2	1.865518E+1
8.983323E+2	1.855135E+1
8.985767E+2	1.839288E+1
8.988212E+2	1.809234E+1
8.990656E+2	1.811419E+1
8.993100E+2	1.814698E+1
8.995545E+2	1.827266E+1
8.997989E+2	1.783004E+1
9.000433E+2	1.742567E+1
9.002877E+2	1.726720E+1
9.005320E+2	1.711966E+1
9.007764E+2	1.702130E+1
9.010208E+2	1.675354E+1
9.012651E+2	1.655135E+1
9.015095E+2	1.639835E+1
9.017538E+2	1.636556E+1
9.019981E+2	1.621255E+1
9.022425E+2	1.626720E+1
9.024868E+2	1.627266E+1
9.027311E+2	1.591201E+1
9.029754E+2	1.562785E+1
9.032196E+2	1.557321E+1
9.034639E+2	1.545299E+1
9.037082E+2	1.508687E+1
9.039524E+2	1.509780E+1
9.041967E+2	1.483004E+1
9.044409E+2	1.492840E+1
9.046851E+2	1.487922E+1
9.049293E+2	1.516337E+1
9.051736E+2	1.513059E+1
9.054177E+2	1.497758E+1
9.056619E+2	1.493387E+1
9.059061E+2	1.492840E+1
9.061503E+2	1.475900E+1
9.063944E+2	1.454589E+1
9.066386E+2	1.422348E+1
9.068827E+2	1.409234E+1
9.071269E+2	1.410873E+1
9.073710E+2	1.394479E+1
9.076151E+2	1.402676E+1
9.078592E+2	1.418523E+1
9.081033E+2	1.434917E+1
9.083474E+2	1.431091E+1
9.085915E+2	1.407048E+1
9.088355E+2	1.394479E+1
9.090796E+2	1.398851E+1
9.093236E+2	1.415245E+1
9.095677E+2	1.411419E+1
9.098117E+2	1.376447E+1
9.100557E+2	1.381365E+1
9.102997E+2	1.374807E+1
9.105437E+2	1.367704E+1
9.107877E+2	1.393933E+1
9.110317E+2	1.401583E+1
9.112757E+2	1.380272E+1
9.115197E+2	1.375900E+1
9.117636E+2	1.367704E+1
9.120076E+2	1.383004E+1
9.122515E+2	1.343660E+1
9.124954E+2	1.323441E+1
9.127393E+2	1.307594E+1
9.129832E+2	1.325081E+1
9.132271E+2	1.331638E+1
9.134710E+2	1.339835E+1
9.137149E+2	1.327813E+1
9.139588E+2	1.314152E+1
9.142026E+2	1.333824E+1
9.144465E+2	1.315791E+1
9.146903E+2	1.312512E+1
9.149342E+2	1.312512E+1
9.151780E+2	1.319070E+1
9.154218E+2	1.339835E+1
9.156656E+2	1.324534E+1
9.159094E+2	1.332184E+1
9.161532E+2	1.327266E+1
9.163970E+2	1.323988E+1
9.166408E+2	1.336010E+1
9.168845E+2	1.330545E+1
9.171283E+2	1.311419E+1
9.173720E+2	1.304862E+1
9.176157E+2	1.355135E+1
9.178595E+2	1.370436E+1
9.181032E+2	1.376993E+1
9.183469E+2	1.378086E+1
9.185906E+2	1.391747E+1
9.188343E+2	1.370436E+1
9.190779E+2	1.398851E+1
9.193216E+2	1.368796E+1
9.195653E+2	1.376993E+1
9.198089E+2	1.353496E+1
9.200525E+2	1.353496E+1
9.202962E+2	1.365518E+1
9.205398E+2	1.363332E+1
9.207834E+2	1.360053E+1
9.210270E+2	1.372622E+1
9.212706E+2	1.393387E+1
9.215142E+2	1.431638E+1
9.217577E+2	1.439288E+1
9.220013E+2	1.423988E+1
9.222449E+2	1.405955E+1
9.224884E+2	1.397758E+1
9.227319E+2	1.388469E+1
9.229755E+2	1.375900E+1
9.232190E+2	1.372075E+1
9.234625E+2	1.377540E+1
9.237060E+2	1.379179E+1
9.239495E+2	1.392294E+1
9.241930E+2	1.390108E+1
9.244364E+2	1.395572E+1
9.246799E+2	1.415791E+1
9.249233E+2	1.406501E+1
9.251668E+2	1.419070E+1
9.254102E+2	1.395572E+1
9.256536E+2	1.390654E+1
9.258971E+2	1.390108E+1
9.261405E+2	1.413605E+1
9.263839E+2	1.409780E+1
9.266272E+2	1.398305E+1
9.268706E+2	1.387376E+1
9.271140E+2	1.397212E+1
9.273573E+2	1.402130E+1
9.276007E+2	1.411419E+1
9.278440E+2	1.401583E+1
9.280874E+2	1.396665E+1
9.283307E+2	1.400490E+1
9.285740E+2	1.410873E+1
9.288173E+2	1.421255E+1
9.290606E+2	1.391201E+1
9.293039E+2	1.399398E+1
9.295471E+2	1.417977E+1
9.297904E+2	1.465518E+1
9.300337E+2	1.461693E+1
9.302769E+2	1.434917E+1
9.305201E+2	1.429999E+1
9.307634E+2	1.428906E+1
9.310066E+2	1.444206E+1
9.312498E+2	1.454042E+1
9.314930E+2	1.441474E+1
9.317362E+2	1.455135E+1
9.319794E+2	1.456775E+1
9.322225E+2	1.458414E+1
9.324657E+2	1.422895E+1
9.327088E+2	1.411419E+1
9.329520E+2	1.401583E+1
9.331951E+2	1.427813E+1
9.334382E+2	1.438742E+1
9.336814E+2	1.442567E+1
9.339245E+2	1.392294E+1
9.341676E+2	1.412512E+1
9.344106E+2	1.398305E+1
9.346537E+2	1.395572E+1
9.348968E+2	1.402676E+1
9.351398E+2	1.404862E+1
9.353829E+2	1.401583E+1
9.356259E+2	1.403223E+1
9.358690E+2	1.393933E+1
9.361120E+2	1.365518E+1
9.363550E+2	1.331638E+1
9.365980E+2	1.325627E+1
9.368410E+2	1.328906E+1
9.370840E+2	1.338742E+1
9.373269E+2	1.322348E+1
9.375699E+2	1.312512E+1
9.378129E+2	1.292840E+1
9.380558E+2	1.280818E+1
9.382987E+2	1.272075E+1
9.385417E+2	1.271529E+1
9.387846E+2	1.236010E+1
9.390275E+2	1.245846E+1
9.392704E+2	1.252949E+1
9.395133E+2	1.254042E+1
9.397562E+2	1.245299E+1
9.399990E+2	1.225627E+1
9.402419E+2	1.234917E+1
9.404847E+2	1.232184E+1
9.407276E+2	1.242020E+1
9.409704E+2	1.232731E+1
9.412132E+2	1.255682E+1
9.414560E+2	1.296665E+1
9.416988E+2	1.284643E+1
9.419416E+2	1.290654E+1
9.421844E+2	1.281365E+1
9.424272E+2	1.267704E+1
9.426700E+2	1.261146E+1
9.429127E+2	1.270982E+1
9.431555E+2	1.251857E+1
9.433982E+2	1.249124E+1
9.436409E+2	1.220163E+1
9.438837E+2	1.215245E+1
9.441264E+2	1.216884E+1
9.443691E+2	1.234370E+1
9.446118E+2	1.214698E+1
9.448544E+2	1.220709E+1
9.450971E+2	1.214152E+1
9.453398E+2	1.221802E+1
9.455824E+2	1.212512E+1
9.458251E+2	1.205955E+1
9.460677E+2	1.199398E+1
9.463103E+2	1.221255E+1
9.465530E+2	1.196665E+1
9.467956E+2	1.198851E+1
9.470382E+2	1.201583E+1
9.472807E+2	1.239288E+1
9.475233E+2	1.225081E+1
9.477659E+2	1.220163E+1
9.480084E+2	1.178632E+1
9.482510E+2	1.161146E+1
9.484935E+2	1.190654E+1
9.487361E+2	1.220709E+1
9.489786E+2	1.255682E+1
9.492211E+2	1.267157E+1
9.494636E+2	1.264425E+1
9.497061E+2	1.257867E+1
9.499486E+2	1.242567E+1
9.501911E+2	1.249671E+1
9.504335E+2	1.248031E+1
9.506760E+2	1.245299E+1
9.509184E+2	1.260053E+1
9.511609E+2	1.272075E+1
9.514033E+2	1.292840E+1
9.516457E+2	1.313605E+1
9.518881E+2	1.317977E+1
9.521305E+2	1.309234E+1
9.523729E+2	1.332184E+1
9.526153E+2	1.362239E+1
9.528576E+2	1.362785E+1
9.531000E+2	1.369889E+1
9.533424E+2	1.368250E+1
9.535847E+2	1.373714E+1
9.538270E+2	1.359507E+1
9.540694E+2	1.352949E+1
9.543117E+2	1.321255E+1
9.545540E+2	1.323441E+1
9.547963E+2	1.325627E+1
9.550386E+2	1.330545E+1
9.552808E+2	1.341474E+1
9.555231E+2	1.337102E+1
9.557654E+2	1.322895E+1
9.560076E+2	1.303223E+1
9.562498E+2	1.268796E+1
9.564921E+2	1.291201E+1
9.567343E+2	1.279179E+1
9.569765E+2	1.292294E+1
9.572187E+2	1.295572E+1
9.574609E+2	1.282458E+1
9.577031E+2	1.262239E+1
9.579452E+2	1.290654E+1
9.581874E+2	1.307594E+1
9.584296E+2	1.346938E+1
9.586717E+2	1.366611E+1
9.589138E+2	1.370982E+1
9.591560E+2	1.355682E+1
9.593981E+2	1.358414E+1
9.596402E+2	1.354589E+1
9.598823E+2	1.358414E+1
9.601244E+2	1.352949E+1
9.603664E+2	1.362239E+1
9.606085E+2	1.350764E+1
9.608506E+2	1.352403E+1
9.610926E+2	1.322348E+1
9.613347E+2	1.338195E+1
9.615767E+2	1.332731E+1
9.618187E+2	1.332184E+1
9.620607E+2	1.301583E+1
9.623027E+2	1.321255E+1
9.625447E+2	1.342020E+1
9.627867E+2	1.364971E+1
9.630287E+2	1.372622E+1
9.632706E+2	1.342020E+1
9.635126E+2	1.340928E+1
9.637545E+2	1.326720E+1
9.639965E+2	1.343660E+1
9.642384E+2	1.364425E+1
9.644803E+2	1.370982E+1
9.647222E+2	1.376993E+1
9.649641E+2	1.339835E+1
9.652060E+2	1.332731E+1
9.654479E+2	1.331091E+1
9.656897E+2	1.331638E+1
9.659316E+2	1.302130E+1
9.661734E+2	1.272622E+1
9.664153E+2	1.252403E+1
9.666571E+2	1.257867E+1
9.668989E+2	1.286283E+1
9.671408E+2	1.302676E+1
9.673826E+2	1.314698E+1
9.676243E+2	1.338742E+1
9.678661E+2	1.336556E+1
9.681079E+2	1.360053E+1
9.683497E+2	1.363332E+1
9.685914E+2	1.373168E+1
9.688332E+2	1.361693E+1
9.690749E+2	1.377540E+1
9.693166E+2	1.390654E+1
9.695583E+2	1.398305E+1
9.698001E+2	1.378086E+1
9.700417E+2	1.345299E+1
9.702834E+2	1.331091E+1
9.705251E+2	1.339288E+1
9.707668E+2	1.344753E+1
9.710084E+2	1.343660E+1
9.712501E+2	1.345846E+1
9.714917E+2	1.369889E+1
9.717334E+2	1.382458E+1
9.719750E+2	1.392294E+1
9.722166E+2	1.420709E+1
9.724582E+2	1.428359E+1
9.726998E+2	1.401583E+1
9.729414E+2	1.396665E+1
9.731830E+2	1.372075E+1
9.734245E+2	1.364425E+1
9.736661E+2	1.363332E+1
9.739076E+2	1.368250E+1
9.741492E+2	1.332731E+1
9.743907E+2	1.352949E+1
9.746322E+2	1.373168E+1
9.748737E+2	1.387376E+1
9.751152E+2	1.390108E+1
9.753567E+2	1.413059E+1
9.755982E+2	1.433824E+1
9.758396E+2	1.439835E+1
9.760811E+2	1.437649E+1
9.763226E+2	1.453496E+1
9.765640E+2	1.440381E+1
9.768054E+2	1.433824E+1
9.770468E+2	1.419070E+1
9.772883E+2	1.427813E+1
9.775297E+2	1.423441E+1
9.777711E+2	1.420709E+1
9.780124E+2	1.434370E+1
9.782538E+2	1.444206E+1
9.784952E+2	1.414152E+1
9.787365E+2	1.392294E+1
9.789779E+2	1.370436E+1
9.792192E+2	1.380818E+1
9.794605E+2	1.383004E+1
9.797019E+2	1.427813E+1
9.799432E+2	1.443660E+1
9.801845E+2	1.449124E+1
9.804257E+2	1.445299E+1
9.806670E+2	1.475354E+1
9.809083E+2	1.478632E+1
9.811496E+2	1.506501E+1
9.813908E+2	1.491747E+1
9.816320E+2	1.469889E+1
9.818733E+2	1.440928E+1
9.821145E+2	1.404862E+1
9.823557E+2	1.374807E+1
9.825969E+2	1.368250E+1
9.828381E+2	1.364971E+1
9.830793E+2	1.385736E+1
9.833205E+2	1.385736E+1
9.835616E+2	1.391747E+1
9.838028E+2	1.398851E+1
9.840439E+2	1.402130E+1
9.842851E+2	1.397758E+1
9.845262E+2	1.393933E+1
9.847673E+2	1.410326E+1
9.850084E+2	1.420163E+1
9.852495E+2	1.436010E+1
9.854906E+2	1.436556E+1
9.857317E+2	1.439835E+1
9.859727E+2	1.428359E+1
9.862138E+2	1.424534E+1
9.864549E+2	1.427813E+1
9.866959E+2	1.416884E+1
9.869369E+2	1.411966E+1
9.871779E+2	1.422895E+1
9.874190E+2	1.422895E+1
9.876600E+2	1.413605E+1
9.879010E+2	1.428906E+1
9.881419E+2	1.438195E+1
9.883829E+2	1.461146E+1
9.886239E+2	1.428906E+1
9.888648E+2	1.458414E+1
9.891058E+2	1.463332E+1
9.893467E+2	1.459507E+1
9.895876E+2	1.471529E+1
9.898285E+2	1.473168E+1
9.900695E+2	1.460053E+1
9.903104E+2	1.442567E+1
9.905512E+2	1.451857E+1
9.907921E+2	1.463332E+1
9.910330E+2	1.468796E+1
9.912738E+2	1.479725E+1
9.915147E+2	1.506501E+1
9.917555E+2	1.520709E+1
9.919964E+2	1.521802E+1
9.922372E+2	1.520709E+1
9.924780E+2	1.533277E+1
9.927188E+2	1.532731E+1
9.929596E+2	1.547485E+1
9.932004E+2	1.554589E+1
9.934411E+2	1.556775E+1
9.936819E+2	1.558960E+1
9.939227E+2	1.536556E+1
9.941634E+2	1.549671E+1
9.944041E+2	1.538195E+1
9.946449E+2	1.544753E+1
9.948856E+2	1.546938E+1
9.951263E+2	1.534370E+1
9.953670E+2	1.516884E+1
9.956077E+2	1.536010E+1
9.958483E+2	1.515245E+1
9.960890E+2	1.527813E+1
9.963297E+2	1.539835E+1
9.965703E+2	1.545299E+1
9.968109E+2	1.568250E+1
9.970516E+2	1.592294E+1
9.972922E+2	1.592840E+1
9.975328E+2	1.573714E+1
9.977734E+2	1.552949E+1
9.980140E+2	1.544206E+1
9.982546E+2	1.540381E+1
9.984951E+2	1.544753E+1
9.987357E+2	1.524534E+1
9.989763E+2	1.548578E+1
9.992168E+2	1.581911E+1
9.994573E+2	1.591201E+1
9.996978E+2	1.587376E+1
9.999384E+2	1.562785E+1
1.000179E+3	1.548031E+1
1.000419E+3	1.549671E+1
1.000660E+3	1.538195E+1
1.000900E+3	1.526720E+1
1.001141E+3	1.525627E+1
1.001381E+3	1.533277E+1
1.001622E+3	1.516884E+1
1.001862E+3	1.504316E+1
1.002103E+3	1.519616E+1
1.002343E+3	1.515791E+1
1.002583E+3	1.519070E+1
1.002824E+3	1.501037E+1
1.003064E+3	1.486829E+1
1.003305E+3	1.520709E+1
1.003545E+3	1.516337E+1
1.003785E+3	1.503223E+1
1.004026E+3	1.497212E+1
1.004266E+3	1.490108E+1
1.004506E+3	1.485190E+1
1.004747E+3	1.505408E+1
1.004987E+3	1.510873E+1
1.005227E+3	1.516884E+1
1.005468E+3	1.488469E+1
1.005708E+3	1.470982E+1
1.005948E+3	1.448031E+1
1.006188E+3	1.438742E+1
1.006429E+3	1.439288E+1
1.006669E+3	1.435463E+1
1.006909E+3	1.454042E+1
1.007149E+3	1.451857E+1
1.007390E+3	1.467157E+1
1.007630E+3	1.454589E+1
1.007870E+3	1.462785E+1
1.008110E+3	1.460600E+1
1.008350E+3	1.478632E+1
1.008590E+3	1.476993E+1
1.008831E+3	1.473714E+1
1.009071E+3	1.477540E+1
1.009311E+3	1.466064E+1
1.009551E+3	1.467157E+1
1.009791E+3	1.479725E+1
1.010031E+3	1.503223E+1
1.010271E+3	1.493933E+1
1.010511E+3	1.507048E+1
1.010752E+3	1.521255E+1
1.010992E+3	1.528906E+1
1.011232E+3	1.540928E+1
1.011472E+3	1.532731E+1
1.011712E+3	1.511966E+1
1.011952E+3	1.517430E+1
1.012192E+3	1.532184E+1
1.012432E+3	1.534917E+1
1.012672E+3	1.537102E+1
1.012912E+3	1.567157E+1
1.013152E+3	1.581365E+1
1.013392E+3	1.590654E+1
1.013632E+3	1.572075E+1
1.013872E+3	1.574261E+1
1.014112E+3	1.562785E+1
1.014352E+3	1.564971E+1
1.014591E+3	1.592840E+1
1.014831E+3	1.598305E+1
1.015071E+3	1.591201E+1
1.015311E+3	1.613605E+1
1.015551E+3	1.641474E+1
1.015791E+3	1.622348E+1
1.016031E+3	1.639835E+1
1.016271E+3	1.656775E+1
1.016511E+3	1.674807E+1
1.016750E+3	1.678632E+1
1.016990E+3	1.674261E+1
1.017230E+3	1.665518E+1
1.017470E+3	1.680818E+1
1.017710E+3	1.674261E+1
1.017949E+3	1.658960E+1
1.018189E+3	1.679725E+1
1.018429E+3	1.683004E+1
1.018669E+3	1.693933E+1
1.018908E+3	1.693933E+1
1.019148E+3	1.687922E+1
1.019388E+3	1.660053E+1
1.019628E+3	1.655135E+1
1.019867E+3	1.652403E+1
1.020107E+3	1.678086E+1
1.020347E+3	1.672075E+1
1.020586E+3	1.675900E+1
1.020826E+3	1.663878E+1
1.021066E+3	1.651310E+1
1.021305E+3	1.649671E+1
1.021545E+3	1.649124E+1
1.021785E+3	1.627266E+1
1.022024E+3	1.623988E+1
1.022264E+3	1.621802E+1
1.022504E+3	1.611419E+1
1.022743E+3	1.614698E+1
1.022983E+3	1.616884E+1
1.023222E+3	1.616884E+1
1.023462E+3	1.613605E+1
1.023702E+3	1.605955E+1
1.023941E+3	1.617977E+1
1.024181E+3	1.605955E+1
1.024420E+3	1.596119E+1
1.024660E+3	1.600490E+1
1.024899E+3	1.590108E+1
1.025139E+3	1.578632E+1
1.025378E+3	1.569343E+1
1.025618E+3	1.567704E+1
1.025857E+3	1.529999E+1
1.026097E+3	1.519616E+1
1.026336E+3	1.531091E+1
1.026575E+3	1.532184E+1
1.026815E+3	1.497758E+1
1.027054E+3	1.497758E+1
1.027294E+3	1.493933E+1
1.027533E+3	1.470436E+1
1.027773E+3	1.451310E+1
1.028012E+3	1.459507E+1
1.028251E+3	1.479179E+1
1.028491E+3	1.463332E+1
1.028730E+3	1.478086E+1
1.028969E+3	1.487922E+1
1.029209E+3	1.476993E+1
1.029448E+3	1.480272E+1
1.029687E+3	1.491201E+1
1.029927E+3	1.472075E+1
1.030166E+3	1.463332E+1
1.030405E+3	1.467704E+1
1.030645E+3	1.434370E+1
1.030884E+3	1.417977E+1
1.031123E+3	1.395026E+1
1.031362E+3	1.383551E+1
1.031602E+3	1.402130E+1
1.031841E+3	1.398851E+1
1.032080E+3	1.409234E+1
1.032319E+3	1.395572E+1
1.032558E+3	1.394479E+1
1.032798E+3	1.376993E+1
1.033037E+3	1.365518E+1
1.033276E+3	1.356775E+1
1.033515E+3	1.341474E+1
1.033754E+3	1.338195E+1
1.033993E+3	1.358414E+1
1.034233E+3	1.360053E+1
1.034472E+3	1.377540E+1
1.034711E+3	1.365518E+1
1.034950E+3	1.353496E+1
1.035189E+3	1.351310E+1
1.035428E+3	1.332184E+1
1.035667E+3	1.307048E+1
1.035906E+3	1.287922E+1
1.036145E+3	1.293387E+1
1.036384E+3	1.316884E+1
1.036623E+3	1.314698E+1
1.036862E+3	1.321255E+1
1.037101E+3	1.318523E+1
1.037340E+3	1.296665E+1
1.037579E+3	1.279179E+1
1.037818E+3	1.273714E+1
1.038057E+3	1.267157E+1
1.038296E+3	1.287922E+1
1.038535E+3	1.292840E+1
1.038774E+3	1.296119E+1
1.039013E+3	1.294479E+1
1.039252E+3	1.274807E+1
1.039491E+3	1.292294E+1
1.039730E+3	1.288469E+1
1.039969E+3	1.286283E+1
1.040208E+3	1.267157E+1
1.040447E+3	1.283551E+1
1.040685E+3	1.287922E+1
1.040924E+3	1.280818E+1
1.041163E+3	1.275354E+1
1.041402E+3	1.271529E+1
1.041641E+3	1.274807E+1
1.041880E+3	1.275354E+1
1.042118E+3	1.277540E+1
1.042357E+3	1.274807E+1
1.042596E+3	1.266611E+1
1.042835E+3	1.248031E+1
1.043074E+3	1.244753E+1
1.043312E+3	1.235463E+1
1.043551E+3	1.221802E+1
1.043790E+3	1.232184E+1
1.044029E+3	1.237649E+1
1.044267E+3	1.237102E+1
1.044506E+3	1.251310E+1
1.044745E+3	1.239835E+1
1.044983E+3	1.250764E+1
1.045222E+3	1.272622E+1
1.045461E+3	1.291747E+1
1.045699E+3	1.292840E+1
1.045938E+3	1.289015E+1
1.046177E+3	1.253496E+1
1.046415E+3	1.232184E+1
1.046654E+3	1.195026E+1
1.046893E+3	1.191201E+1
1.047131E+3	1.199398E+1
1.047370E+3	1.198851E+1
1.047608E+3	1.187376E+1
1.047847E+3	1.187376E+1
1.048086E+3	1.180818E+1
1.048324E+3	1.199398E+1
1.048563E+3	1.185736E+1
1.048801E+3	1.184643E+1
1.049040E+3	1.156775E+1
1.049278E+3	1.155682E+1
1.049517E+3	1.180272E+1
1.049755E+3	1.166611E+1
1.049994E+3	1.189561E+1
1.050232E+3	1.219070E+1
1.050471E+3	1.217977E+1
1.050709E+3	1.178086E+1
1.050948E+3	1.150764E+1
1.051186E+3	1.165518E+1
1.051424E+3	1.149671E+1
1.051663E+3	1.143660E+1
1.051901E+3	1.146938E+1
1.052140E+3	1.145299E+1
1.052378E+3	1.153496E+1
1.052616E+3	1.149671E+1
1.052855E+3	1.131638E+1
1.053093E+3	1.115791E+1
1.053332E+3	1.121802E+1
1.053570E+3	1.144753E+1
1.053808E+3	1.152403E+1
1.054047E+3	1.148031E+1
1.054285E+3	1.160053E+1
1.054523E+3	1.145846E+1
1.054761E+3	1.160600E+1
1.055000E+3	1.162239E+1
1.055238E+3	1.169343E+1
1.055476E+3	1.158960E+1
1.055715E+3	1.168250E+1
1.055953E+3	1.187922E+1
1.056191E+3	1.181911E+1
1.056429E+3	1.196119E+1
1.056667E+3	1.208141E+1
1.056906E+3	1.222895E+1
1.057144E+3	1.214152E+1
1.057382E+3	1.219616E+1
1.057620E+3	1.225627E+1
1.057858E+3	1.222895E+1
1.058097E+3	1.217977E+1
1.058335E+3	1.189015E+1
1.058573E+3	1.175354E+1
1.058811E+3	1.169889E+1
1.059049E+3	1.173168E+1
1.059287E+3	1.146938E+1
1.059525E+3	1.127266E+1
1.059763E+3	1.108687E+1
1.060001E+3	1.093933E+1
1.060239E+3	1.089015E+1
1.060478E+3	1.090654E+1
1.060716E+3	1.118523E+1
1.060954E+3	1.137649E+1
1.061192E+3	1.165518E+1
1.061430E+3	1.168796E+1
1.061668E+3	1.152403E+1
1.061906E+3	1.160053E+1
1.062144E+3	1.155135E+1
1.062382E+3	1.145299E+1
1.062620E+3	1.154589E+1
1.062858E+3	1.126173E+1
1.063096E+3	1.131638E+1
1.063333E+3	1.133277E+1
1.063571E+3	1.120163E+1
1.063809E+3	1.114152E+1
1.064047E+3	1.093933E+1
1.064285E+3	1.132731E+1
1.064523E+3	1.128359E+1
1.064761E+3	1.108687E+1
1.064999E+3	1.096665E+1
1.065237E+3	1.114152E+1
1.065474E+3	1.132731E+1
1.065712E+3	1.104862E+1
1.065950E+3	1.104316E+1
1.066188E+3	1.116884E+1
1.066426E+3	1.130545E+1
1.066664E+3	1.124534E+1
1.066901E+3	1.121802E+1
1.067139E+3	1.119616E+1
1.067377E+3	1.140928E+1
1.067615E+3	1.127266E+1
1.067852E+3	1.114152E+1
1.068090E+3	1.069889E+1
1.068328E+3	1.045299E+1
1.068566E+3	1.038742E+1
1.068803E+3	1.010326E+1
1.069041E+3	1.016884E+1
1.069279E+3	9.993975E+0
1.069516E+3	9.933866E+0
1.069754E+3	9.802718E+0
1.069992E+3	9.731680E+0
1.070229E+3	9.595068E+0
1.070467E+3	9.600532E+0
1.070705E+3	9.611461E+0
1.070942E+3	9.420205E+0
1.071180E+3	9.278128E+0
1.071418E+3	8.983046E+0
1.071655E+3	8.950259E+0
1.071893E+3	8.775396E+0
1.072130E+3	8.791789E+0
1.072368E+3	8.769931E+0
1.072605E+3	8.780860E+0
1.072843E+3	8.912008E+0
1.073081E+3	8.950259E+0
1.073318E+3	9.163374E+0
1.073556E+3	9.146981E+0
1.073793E+3	9.272664E+0
1.074031E+3	9.540423E+0
1.074268E+3	9.398347E+0
1.074506E+3	9.578675E+0
1.074743E+3	9.737144E+0
1.074981E+3	9.655177E+0
1.075218E+3	9.660642E+0
1.075455E+3	9.595068E+0
1.075693E+3	9.485778E+0
1.075930E+3	9.507636E+0
1.076168E+3	9.595068E+0
1.076405E+3	9.644248E+0
1.076642E+3	9.895614E+0
1.076880E+3	1.005955E+1
1.077117E+3	1.006501E+1
1.077355E+3	1.017977E+1
1.077592E+3	1.017430E+1
1.077829E+3	1.003769E+1
1.078067E+3	1.036556E+1
1.078304E+3	1.049671E+1
1.078541E+3	1.090654E+1
1.078779E+3	1.084097E+1
1.079016E+3	1.085736E+1
1.079253E+3	1.099944E+1
1.079490E+3	1.094479E+1
1.079728E+3	1.087376E+1
1.079965E+3	1.072622E+1
1.080202E+3	1.067157E+1
1.080439E+3	1.061146E+1
1.080677E+3	1.062785E+1
1.080914E+3	1.050764E+1
1.081151E+3	1.053496E+1
1.081388E+3	1.067157E+1
1.081625E+3	1.090654E+1
1.081863E+3	1.055135E+1
1.082100E+3	1.060600E+1
1.082337E+3	1.048031E+1
1.082574E+3	1.067157E+1
1.082811E+3	1.085736E+1
1.083048E+3	1.062239E+1
1.083285E+3	1.066611E+1
1.083522E+3	1.034370E+1
1.083760E+3	1.042567E+1
1.083997E+3	1.048578E+1
1.084234E+3	1.049124E+1
1.084471E+3	1.072622E+1
1.084708E+3	1.078632E+1
1.084945E+3	1.069343E+1
1.085182E+3	1.073168E+1
1.085419E+3	1.074261E+1
1.085656E+3	1.060600E+1
1.085893E+3	1.067704E+1
1.086130E+3	1.069343E+1
1.086367E+3	1.070982E+1
1.086604E+3	1.093933E+1
1.086841E+3	1.115245E+1
1.087078E+3	1.102130E+1
1.087315E+3	1.090108E+1
1.087552E+3	1.086283E+1
1.087789E+3	1.069889E+1
1.088026E+3	1.040381E+1
1.088262E+3	1.042567E+1
1.088499E+3	1.035463E+1
1.088736E+3	1.055682E+1
1.088973E+3	1.045846E+1
1.089210E+3	1.055135E+1
1.089447E+3	1.060600E+1
1.089684E+3	1.033824E+1
1.089921E+3	1.030545E+1
1.090157E+3	1.038195E+1
1.090394E+3	1.030545E+1
1.090631E+3	1.035463E+1
1.090868E+3	1.007594E+1
1.091105E+3	9.868292E+0
1.091341E+3	9.726215E+0
1.091578E+3	9.693429E+0
1.091815E+3	9.638784E+0
1.092052E+3	9.458456E+0
1.092288E+3	9.491243E+0
1.092525E+3	9.354631E+0
1.092762E+3	9.283593E+0
1.092999E+3	9.048620E+0
1.093235E+3	9.070478E+0
1.093472E+3	8.988511E+0
1.093709E+3	8.966653E+0
1.093945E+3	9.196161E+0
1.094182E+3	9.141516E+0
1.094419E+3	9.294522E+0
1.094655E+3	9.371024E+0
1.094892E+3	9.376489E+0
1.095128E+3	9.310915E+0
1.095365E+3	9.409276E+0
1.095602E+3	9.409276E+0
1.095838E+3	9.360095E+0
1.096075E+3	9.114194E+0
1.096311E+3	9.261735E+0
1.096548E+3	9.234412E+0
1.096784E+3	9.250806E+0
1.097021E+3	9.349166E+0
1.097258E+3	9.250806E+0
1.097494E+3	9.272664E+0
1.097731E+3	9.316379E+0
1.097967E+3	9.327308E+0
1.098204E+3	9.119658E+0
1.098440E+3	8.977582E+0
1.098677E+3	9.146981E+0
1.098913E+3	9.108729E+0
1.099149E+3	9.086871E+0
1.099386E+3	9.103265E+0
1.099622E+3	9.037691E+0
1.099859E+3	8.901079E+0
1.100095E+3	8.851899E+0
1.100332E+3	8.906543E+0
1.100568E+3	8.906543E+0
1.100804E+3	8.950259E+0
1.101041E+3	8.715287E+0
1.101277E+3	8.584139E+0
1.101513E+3	8.769931E+0
1.101750E+3	8.731680E+0
1.101986E+3	8.993975E+0
1.102222E+3	9.207090E+0
1.102459E+3	9.545888E+0
1.102695E+3	9.682500E+0
1.102931E+3	9.693429E+0
1.103168E+3	9.595068E+0
1.103404E+3	9.387418E+0
1.103640E+3	9.146981E+0
1.103876E+3	9.223483E+0
1.104113E+3	9.562281E+0
1.104349E+3	9.551352E+0
1.104585E+3	9.518565E+0
1.104821E+3	9.420205E+0
1.105057E+3	9.212554E+0
1.105294E+3	9.272664E+0
1.105530E+3	9.403811E+0
1.105766E+3	9.436598E+0
1.106002E+3	9.343702E+0
1.106238E+3	9.496707E+0
1.106474E+3	9.709822E+0
1.106711E+3	9.709822E+0
1.106947E+3	9.627855E+0
1.107183E+3	9.381953E+0
1.107419E+3	9.070478E+0
1.107655E+3	8.846434E+0
1.107891E+3	8.879221E+0
1.108127E+3	1.611966E+1
1.108363E+3	1.245299E+1
1.108599E+3	1.411966E+1
1.108835E+3	3.452991E+0
1.109071E+3	2.078632E+1
1.109307E+3	2.578632E+1
1.109543E+3	1.578632E+1
1.109779E+3	1.678632E+1
1.110015E+3	1.811966E+1
1.110251E+3	5.452991E+0
1.110487E+3	4.529915E-1
1.110723E+3	6.786325E+0
1.110959E+3	1.611966E+1
1.111195E+3	2.145299E+1
1.111431E+3	9.452991E+0
1.111667E+3	1.445299E+1
1.111903E+3	-1.880342E+0
1.112139E+3	-2.547009E+0
1.112375E+3	7.119658E+0
1.112611E+3	1.211966E+1
1.112847E+3	1.245299E+1
1.113082E+3	3.452991E+0
1.113318E+3	1.578632E+1
1.113554E+3	1.178632E+1
1.113790E+3	8.452991E+0
1.114026E+3	6.786325E+0
1.114262E+3	-3.547009E+0
1.114497E+3	-2.880342E+0
1.114733E+3	4.786325E+0
1.114969E+3	7.786325E+0
