1.951292E+2	0.000000E+0
1.953960E+2	0.000000E+0
1.956629E+2	0.000000E+0
1.959298E+2	0.000000E+0
1.961966E+2	0.000000E+0
1.964635E+2	0.000000E+0
1.967303E+2	0.000000E+0
1.969972E+2	0.000000E+0
1.972640E+2	0.000000E+0
1.975308E+2	0.000000E+0
1.977977E+2	0.000000E+0
1.980645E+2	0.000000E+0
1.983313E+2	0.000000E+0
1.985981E+2	0.000000E+0
1.988649E+2	0.000000E+0
1.991316E+2	0.000000E+0
1.993984E+2	0.000000E+0
1.996652E+2	0.000000E+0
1.999320E+2	0.000000E+0
2.001987E+2	0.000000E+0
2.004655E+2	0.000000E+0
2.007322E+2	0.000000E+0
2.009989E+2	0.000000E+0
2.012657E+2	0.000000E+0
2.015324E+2	0.000000E+0
2.017991E+2	0.000000E+0
2.020658E+2	0.000000E+0
2.023325E+2	0.000000E+0
2.025992E+2	0.000000E+0
2.028659E+2	0.000000E+0
2.031326E+2	0.000000E+0
2.033992E+2	0.000000E+0
2.036659E+2	0.000000E+0
2.039325E+2	0.000000E+0
2.041992E+2	0.000000E+0
2.044658E+2	0.000000E+0
2.047325E+2	0.000000E+0
2.049991E+2	0.000000E+0
2.052657E+2	0.000000E+0
2.055323E+2	0.000000E+0
2.057989E+2	0.000000E+0
2.060655E+2	0.000000E+0
2.063321E+2	0.000000E+0
2.065987E+2	0.000000E+0
2.068653E+2	0.000000E+0
2.071319E+2	0.000000E+0
2.073984E+2	0.000000E+0
2.076650E+2	0.000000E+0
2.079315E+2	0.000000E+0
2.081981E+2	0.000000E+0
2.084646E+2	0.000000E+0
2.087311E+2	0.000000E+0
2.089977E+2	0.000000E+0
2.092642E+2	0.000000E+0
2.095307E+2	0.000000E+0
2.097972E+2	0.000000E+0
2.100637E+2	0.000000E+0
2.103302E+2	0.000000E+0
2.105966E+2	0.000000E+0
2.108631E+2	0.000000E+0
2.111296E+2	0.000000E+0
2.113960E+2	0.000000E+0
2.116625E+2	0.000000E+0
2.119289E+2	0.000000E+0
2.121954E+2	0.000000E+0
2.124618E+2	0.000000E+0
2.127282E+2	0.000000E+0
2.129946E+2	0.000000E+0
2.132610E+2	0.000000E+0
2.135274E+2	0.000000E+0
2.137938E+2	0.000000E+0
2.140602E+2	0.000000E+0
2.143266E+2	0.000000E+0
2.145930E+2	0.000000E+0
2.148593E+2	0.000000E+0
2.151257E+2	0.000000E+0
2.153920E+2	0.000000E+0
2.156584E+2	0.000000E+0
2.159247E+2	0.000000E+0
2.161910E+2	0.000000E+0
2.164574E+2	0.000000E+0
2.167237E+2	0.000000E+0
2.169900E+2	0.000000E+0
2.172563E+2	0.000000E+0
2.175226E+2	0.000000E+0
2.177889E+2	0.000000E+0
2.180551E+2	0.000000E+0
2.183214E+2	0.000000E+0
2.185877E+2	0.000000E+0
2.188539E+2	0.000000E+0
2.191202E+2	0.000000E+0
2.193864E+2	0.000000E+0
2.196527E+2	0.000000E+0
2.199189E+2	0.000000E+0
2.201851E+2	0.000000E+0
2.204513E+2	0.000000E+0
2.207175E+2	0.000000E+0
2.209837E+2	0.000000E+0
2.212499E+2	0.000000E+0
2.215161E+2	0.000000E+0
2.217823E+2	0.000000E+0
2.220485E+2	0.000000E+0
2.223146E+2	0.000000E+0
2.225808E+2	0.000000E+0
2.228469E+2	0.000000E+0
2.231131E+2	0.000000E+0
2.233792E+2	0.000000E+0
2.236453E+2	0.000000E+0
2.239115E+2	0.000000E+0
2.241776E+2	0.000000E+0
2.244437E+2	0.000000E+0
2.247098E+2	0.000000E+0
2.249759E+2	0.000000E+0
2.252420E+2	0.000000E+0
2.255080E+2	0.000000E+0
2.257741E+2	0.000000E+0
2.260402E+2	0.000000E+0
2.263062E+2	0.000000E+0
2.265723E+2	0.000000E+0
2.268383E+2	0.000000E+0
2.271044E+2	0.000000E+0
2.273704E+2	0.000000E+0
2.276364E+2	0.000000E+0
2.279024E+2	0.000000E+0
2.281684E+2	0.000000E+0
2.284344E+2	0.000000E+0
2.287004E+2	0.000000E+0
2.289664E+2	0.000000E+0
2.292324E+2	0.000000E+0
2.294984E+2	0.000000E+0
2.297643E+2	0.000000E+0
2.300303E+2	0.000000E+0
2.302962E+2	0.000000E+0
2.305622E+2	0.000000E+0
2.308281E+2	0.000000E+0
2.310940E+2	0.000000E+0
2.313599E+2	0.000000E+0
2.316259E+2	0.000000E+0
2.318918E+2	0.000000E+0
2.321577E+2	0.000000E+0
2.324236E+2	0.000000E+0
2.326894E+2	0.000000E+0
2.329553E+2	0.000000E+0
2.332212E+2	0.000000E+0
2.334871E+2	0.000000E+0
2.337529E+2	0.000000E+0
2.340188E+2	0.000000E+0
2.342846E+2	0.000000E+0
2.345504E+2	0.000000E+0
2.348163E+2	0.000000E+0
2.350821E+2	0.000000E+0
2.353479E+2	0.000000E+0
2.356137E+2	0.000000E+0
2.358795E+2	0.000000E+0
2.361453E+2	0.000000E+0
2.364111E+2	0.000000E+0
2.366769E+2	0.000000E+0
2.369426E+2	0.000000E+0
2.372084E+2	0.000000E+0
2.374741E+2	0.000000E+0
2.377399E+2	0.000000E+0
2.380056E+2	0.000000E+0
2.382714E+2	0.000000E+0
2.385371E+2	0.000000E+0
2.388028E+2	0.000000E+0
2.390685E+2	0.000000E+0
2.393342E+2	0.000000E+0
2.395999E+2	0.000000E+0
2.398656E+2	0.000000E+0
2.401313E+2	0.000000E+0
2.403970E+2	0.000000E+0
2.406626E+2	0.000000E+0
2.409283E+2	0.000000E+0
2.411940E+2	0.000000E+0
2.414596E+2	0.000000E+0
2.417252E+2	0.000000E+0
2.419909E+2	0.000000E+0
2.422565E+2	0.000000E+0
2.425221E+2	0.000000E+0
2.427877E+2	0.000000E+0
2.430533E+2	0.000000E+0
2.433189E+2	0.000000E+0
2.435845E+2	0.000000E+0
2.438501E+2	0.000000E+0
2.441157E+2	0.000000E+0
2.443812E+2	0.000000E+0
2.446468E+2	0.000000E+0
2.449124E+2	0.000000E+0
2.451779E+2	0.000000E+0
2.454434E+2	0.000000E+0
2.457090E+2	0.000000E+0
2.459745E+2	0.000000E+0
2.462400E+2	0.000000E+0
2.465055E+2	0.000000E+0
2.467710E+2	0.000000E+0
2.470365E+2	0.000000E+0
2.473020E+2	0.000000E+0
2.475675E+2	0.000000E+0
2.478330E+2	0.000000E+0
2.480984E+2	0.000000E+0
2.483639E+2	0.000000E+0
2.486294E+2	0.000000E+0
2.488948E+2	0.000000E+0
2.491602E+2	0.000000E+0
2.494257E+2	0.000000E+0
2.496911E+2	0.000000E+0
2.499565E+2	0.000000E+0
2.502219E+2	8.356508E+0
2.504873E+2	8.290935E+0
2.507527E+2	7.908421E+0
2.510181E+2	7.941208E+0
2.512835E+2	8.154323E+0
2.515489E+2	8.170716E+0
2.518142E+2	8.012246E+0
2.520796E+2	8.203503E+0
2.523449E+2	8.624268E+0
2.526103E+2	8.269077E+0
2.528756E+2	7.946672E+0
2.531409E+2	7.465798E+0
2.534063E+2	7.531372E+0
2.536716E+2	8.378366E+0
2.539369E+2	8.236290E+0
2.542022E+2	8.646126E+0
2.544675E+2	8.367437E+0
2.547328E+2	8.536836E+0
2.549980E+2	8.771809E+0
2.552633E+2	8.487656E+0
2.555286E+2	7.952137E+0
2.557938E+2	7.995853E+0
2.560591E+2	8.596945E+0
2.563243E+2	8.804596E+0
2.565896E+2	8.733558E+0
2.568548E+2	8.935743E+0
2.571200E+2	9.099678E+0
2.573852E+2	9.405689E+0
2.576504E+2	9.635197E+0
2.579156E+2	9.793667E+0
2.581808E+2	9.793667E+0
2.584460E+2	9.941208E+0
2.587112E+2	9.897492E+0
2.589763E+2	9.886563E+0
2.592415E+2	9.892027E+0
2.595067E+2	9.870170E+0
2.597718E+2	1.011607E+1
2.600369E+2	1.041115E+1
2.603021E+2	1.061880E+1
2.605672E+2	1.072263E+1
2.608323E+2	1.092481E+1
2.610974E+2	1.096853E+1
2.613625E+2	1.087563E+1
2.616276E+2	1.093574E+1
2.618927E+2	1.105050E+1
2.621578E+2	1.095760E+1
2.624229E+2	1.094667E+1
2.626880E+2	1.140022E+1
2.629530E+2	1.172809E+1
2.632181E+2	1.137837E+1
2.634831E+2	1.132919E+1
2.637482E+2	1.148219E+1
2.640132E+2	1.191389E+1
2.642782E+2	1.205596E+1
2.645432E+2	1.191935E+1
2.648082E+2	1.242208E+1
2.650732E+2	1.237290E+1
2.653382E+2	1.237290E+1
2.656032E+2	1.219257E+1
2.658682E+2	1.237837E+1
2.661332E+2	1.256962E+1
2.663981E+2	1.255323E+1
2.666631E+2	1.253684E+1
2.669281E+2	1.268438E+1
2.671930E+2	1.253137E+1
2.674579E+2	1.228001E+1
2.677229E+2	1.249312E+1
2.679878E+2	1.247126E+1
2.682527E+2	1.247126E+1
2.685176E+2	1.189203E+1
2.687825E+2	1.192481E+1
2.690474E+2	1.212700E+1
2.693123E+2	1.197946E+1
2.695772E+2	1.172263E+1
2.698420E+2	1.126908E+1
2.701069E+2	1.121990E+1
2.703718E+2	1.124175E+1
2.706366E+2	1.120350E+1
2.709014E+2	1.107236E+1
2.711663E+2	1.089749E+1
2.714311E+2	1.102864E+1
2.716959E+2	1.105050E+1
2.719607E+2	1.094667E+1
2.722255E+2	1.049312E+1
2.724903E+2	1.032919E+1
2.727551E+2	1.050405E+1
2.730199E+2	1.049858E+1
2.732847E+2	1.054777E+1
2.735495E+2	1.045487E+1
2.738142E+2	1.034558E+1
2.740790E+2	1.073902E+1
2.743437E+2	1.073356E+1
2.746085E+2	1.064066E+1
2.748732E+2	1.086471E+1
2.751379E+2	1.074995E+1
2.754026E+2	1.070077E+1
2.756674E+2	1.047673E+1
2.759321E+2	1.028547E+1
2.761968E+2	9.820989E+0
2.764614E+2	9.902956E+0
2.767261E+2	1.023083E+1
2.769908E+2	1.005596E+1
2.772555E+2	1.006143E+1
2.775201E+2	9.935743E+0
2.777848E+2	1.018164E+1
2.780494E+2	1.041662E+1
2.783141E+2	1.065159E+1
2.785787E+2	1.077727E+1
2.788433E+2	1.036744E+1
2.791079E+2	1.008875E+1
2.793725E+2	9.793667E+0
2.796371E+2	9.820989E+0
2.799017E+2	9.427547E+0
2.801663E+2	8.963066E+0
2.804309E+2	8.717164E+0
2.806955E+2	8.646126E+0
2.809600E+2	8.241754E+0
2.812246E+2	8.318257E+0
2.814891E+2	8.148858E+0
2.817537E+2	8.312792E+0
2.820182E+2	8.345579E+0
2.822827E+2	8.290935E+0
2.825473E+2	8.372902E+0
2.828118E+2	8.001317E+0
2.830763E+2	7.968530E+0
2.833408E+2	7.678913E+0
2.836053E+2	7.744486E+0
2.838697E+2	7.471262E+0
2.841342E+2	7.214432E+0
2.843987E+2	7.034104E+0
2.846632E+2	7.154323E+0
2.849276E+2	7.427547E+0
2.851921E+2	7.635197E+0
2.854565E+2	7.837383E+0
2.857209E+2	7.897492E+0
2.859853E+2	7.733558E+0
2.862498E+2	7.629732E+0
2.865142E+2	7.323721E+0
2.867786E+2	7.717164E+0
2.870430E+2	7.553230E+0
2.873074E+2	7.405689E+0
2.875717E+2	7.116071E+0
2.878361E+2	7.230825E+0
2.881005E+2	7.165252E+0
2.883648E+2	6.886563E+0
2.886292E+2	6.629732E+0
2.888935E+2	6.941208E+0
2.891579E+2	7.001317E+0
2.894222E+2	6.930279E+0
2.896865E+2	7.012246E+0
2.899508E+2	7.034104E+0
2.902151E+2	6.706235E+0
2.904794E+2	6.711700E+0
2.907437E+2	7.154323E+0
2.910080E+2	7.001317E+0
2.912723E+2	7.214432E+0
2.915366E+2	7.520443E+0
2.918008E+2	7.859241E+0
2.920651E+2	8.077820E+0
2.923293E+2	8.176180E+0
2.925936E+2	8.045033E+0
2.928578E+2	7.673448E+0
2.931220E+2	7.711700E+0
2.933863E+2	7.258148E+0
2.936505E+2	7.367437E+0
2.939147E+2	7.219896E+0
2.941789E+2	7.132465E+0
2.944431E+2	6.935743E+0
2.947072E+2	7.023175E+0
2.949714E+2	7.012246E+0
2.952356E+2	6.946672E+0
2.954997E+2	7.340115E+0
2.957639E+2	7.307328E+0
2.960280E+2	7.837383E+0
2.962922E+2	7.810060E+0
2.965563E+2	7.831918E+0
2.968204E+2	7.629732E+0
2.970845E+2	7.564159E+0
2.973486E+2	7.236290E+0
2.976127E+2	7.192574E+0
2.978768E+2	7.170716E+0
2.981409E+2	7.301864E+0
2.984050E+2	6.973995E+0
2.986691E+2	6.957601E+0
2.989331E+2	7.137929E+0
2.991972E+2	7.247219E+0
2.994612E+2	7.367437E+0
2.997253E+2	7.198038E+0
2.999893E+2	7.438476E+0
3.002534E+2	7.624268E+0
3.005174E+2	7.689842E+0
3.007814E+2	7.853776E+0
3.010454E+2	7.728093E+0
3.013094E+2	7.345579E+0
3.015734E+2	7.416618E+0
3.018374E+2	7.509514E+0
3.021013E+2	7.684377E+0
3.023653E+2	7.777273E+0
3.026293E+2	7.558694E+0
3.028932E+2	7.433011E+0
3.031572E+2	7.908421E+0
3.034211E+2	8.181645E+0
3.036850E+2	8.596945E+0
3.039489E+2	8.957601E+0
3.042129E+2	9.351044E+0
3.044768E+2	9.771809E+0
3.047407E+2	9.842847E+0
3.050046E+2	9.596945E+0
3.052685E+2	9.547765E+0
3.055323E+2	9.826454E+0
3.057962E+2	9.771809E+0
3.060601E+2	9.990388E+0
3.063239E+2	1.007782E+1
3.065878E+2	1.032919E+1
3.068516E+2	1.017618E+1
3.071155E+2	1.021990E+1
3.073793E+2	1.014339E+1
3.076431E+2	9.946672E+0
3.079069E+2	9.722629E+0
3.081707E+2	9.837383E+0
3.084345E+2	1.001225E+1
3.086983E+2	1.009421E+1
3.089621E+2	1.027454E+1
3.092259E+2	1.028547E+1
3.094896E+2	1.061334E+1
3.097534E+2	1.054230E+1
3.100171E+2	1.055869E+1
3.102809E+2	1.024175E+1
3.105446E+2	1.041115E+1
3.108084E+2	1.033465E+1
3.110721E+2	1.035651E+1
3.113358E+2	1.052044E+1
3.115995E+2	1.061334E+1
3.118632E+2	1.046033E+1
3.121269E+2	1.048219E+1
3.123906E+2	1.049858E+1
3.126543E+2	1.023083E+1
3.129179E+2	1.013246E+1
3.131816E+2	1.011061E+1
3.134453E+2	1.014339E+1
3.137089E+2	1.037837E+1
3.139725E+2	1.038930E+1
3.142362E+2	1.014886E+1
3.144998E+2	1.000132E+1
3.147634E+2	9.837383E+0
3.150270E+2	1.024175E+1
3.152906E+2	1.038383E+1
3.155542E+2	1.097399E+1
3.158178E+2	1.120897E+1
3.160814E+2	1.104503E+1
3.163450E+2	1.114886E+1
3.166086E+2	1.121443E+1
3.168721E+2	1.145487E+1
3.171357E+2	1.115432E+1
3.173992E+2	1.115432E+1
3.176627E+2	1.107236E+1
3.179263E+2	1.101771E+1
3.181898E+2	1.094121E+1
3.184533E+2	1.097399E+1
3.187168E+2	1.154777E+1
3.189803E+2	1.128547E+1
3.192438E+2	1.094121E+1
3.195073E+2	1.086471E+1
3.197708E+2	1.140022E+1
3.200342E+2	1.113793E+1
3.202977E+2	1.101771E+1
3.205612E+2	1.112154E+1
3.208246E+2	1.169531E+1
3.210881E+2	1.191935E+1
3.213515E+2	1.211061E+1
3.216149E+2	1.189203E+1
3.218783E+2	1.185378E+1
3.221417E+2	1.197946E+1
3.224051E+2	1.207782E+1
3.226685E+2	1.167891E+1
3.229319E+2	1.162973E+1
3.231953E+2	1.137290E+1
3.234587E+2	1.097399E+1
3.237221E+2	1.092481E+1
3.239854E+2	1.125815E+1
3.242488E+2	1.122536E+1
3.245121E+2	1.073356E+1
3.247754E+2	1.048219E+1
3.250388E+2	1.062427E+1
3.253021E+2	1.088656E+1
3.255654E+2	1.094121E+1
3.258287E+2	1.125268E+1
3.260920E+2	1.124722E+1
3.263553E+2	1.153137E+1
3.266186E+2	1.136197E+1
3.268819E+2	1.161334E+1
3.271451E+2	1.197399E+1
3.274084E+2	1.194121E+1
3.276717E+2	1.193574E+1
3.279349E+2	1.240569E+1
3.281981E+2	1.209968E+1
3.284614E+2	1.243301E+1
3.287246E+2	1.291389E+1
3.289878E+2	1.338930E+1
3.292510E+2	1.354230E+1
3.295142E+2	1.388656E+1
3.297774E+2	1.380460E+1
3.300406E+2	1.399585E+1
3.303038E+2	1.415432E+1
3.305670E+2	1.474449E+1
3.308301E+2	1.501771E+1
3.310933E+2	1.500132E+1
3.313564E+2	1.484285E+1
3.316196E+2	1.447126E+1
3.318827E+2	1.443848E+1
3.321458E+2	1.462427E+1
3.324089E+2	1.484285E+1
3.326721E+2	1.518164E+1
3.329352E+2	1.496853E+1
3.331983E+2	1.512154E+1
3.334614E+2	1.567891E+1
3.337244E+2	1.605596E+1
3.339875E+2	1.616525E+1
3.342506E+2	1.641662E+1
3.345136E+2	1.676634E+1
3.347767E+2	1.648766E+1
3.350397E+2	1.653684E+1
3.353028E+2	1.695214E+1
3.355658E+2	1.730186E+1
3.358288E+2	1.735651E+1
3.360918E+2	1.749858E+1
3.363548E+2	1.792481E+1
3.366178E+2	1.777181E+1
3.368808E+2	1.766798E+1
3.371438E+2	1.764066E+1
3.374068E+2	1.755869E+1
3.376698E+2	1.788656E+1
3.379327E+2	1.824175E+1
3.381957E+2	1.797399E+1
3.384586E+2	1.773356E+1
3.387216E+2	1.821443E+1
3.389845E+2	1.829640E+1
3.392474E+2	1.892481E+1
3.395103E+2	1.960787E+1
3.397733E+2	1.976634E+1
3.400362E+2	1.964613E+1
3.402990E+2	1.993574E+1
3.405619E+2	2.078274E+1
3.408248E+2	2.118711E+1
3.410877E+2	2.140022E+1
3.413506E+2	2.178274E+1
3.416134E+2	2.192481E+1
3.418763E+2	2.196307E+1
3.421391E+2	2.244394E+1
3.424019E+2	2.270624E+1
3.426648E+2	2.327454E+1
3.429276E+2	2.387017E+1
3.431904E+2	2.440022E+1
3.434532E+2	2.490296E+1
3.437160E+2	2.523083E+1
3.439788E+2	2.548219E+1
3.442416E+2	2.601771E+1
3.445043E+2	2.629640E+1
3.447671E+2	2.671716E+1
3.450299E+2	2.710514E+1
3.452926E+2	2.752591E+1
3.455554E+2	2.763520E+1
3.458181E+2	2.818164E+1
3.460808E+2	2.847673E+1
3.463436E+2	2.960241E+1
3.466063E+2	2.982645E+1
3.468690E+2	3.015432E+1
3.471317E+2	3.048766E+1
3.473944E+2	3.128547E+1
3.476570E+2	3.199585E+1
3.479197E+2	3.274449E+1
3.481824E+2	3.295760E+1
3.484451E+2	3.340569E+1
3.487077E+2	3.388656E+1
3.489704E+2	3.433465E+1
3.492330E+2	3.502318E+1
3.494956E+2	3.556416E+1
3.497582E+2	3.622536E+1
3.500209E+2	3.672809E+1
3.502835E+2	3.746580E+1
3.505461E+2	3.800132E+1
3.508087E+2	3.885924E+1
3.510713E+2	3.974449E+1
3.513338E+2	4.013793E+1
3.515964E+2	4.066252E+1
3.518590E+2	4.077181E+1
3.521215E+2	4.155323E+1
3.523841E+2	4.192481E+1
3.526466E+2	4.303957E+1
3.529091E+2	4.402318E+1
3.531717E+2	4.500132E+1
3.534342E+2	4.639476E+1
3.536967E+2	4.709421E+1
3.539592E+2	4.782099E+1
3.542217E+2	4.864613E+1
3.544842E+2	4.988110E+1
3.547467E+2	5.051498E+1
3.550091E+2	5.162973E+1
3.552716E+2	5.246580E+1
3.555341E+2	5.361334E+1
3.557965E+2	5.455323E+1
3.560590E+2	5.599585E+1
3.563214E+2	5.746033E+1
3.565838E+2	5.810514E+1
3.568462E+2	5.931279E+1
3.571086E+2	6.035651E+1
3.573711E+2	6.109968E+1
3.576335E+2	6.252591E+1
3.578958E+2	6.346033E+1
3.581582E+2	6.438930E+1
3.584206E+2	6.541115E+1
3.586830E+2	6.649858E+1
3.589453E+2	6.694121E+1
3.592077E+2	6.765159E+1
3.594700E+2	6.884831E+1
3.597324E+2	6.998492E+1
3.599947E+2	7.085924E+1
3.602570E+2	7.219257E+1
3.605193E+2	7.317072E+1
3.607816E+2	7.433465E+1
3.610439E+2	7.588656E+1
3.613062E+2	7.712154E+1
3.615685E+2	7.807236E+1
3.618308E+2	7.908328E+1
3.620930E+2	8.055323E+1
3.623553E+2	8.150405E+1
3.626176E+2	8.289749E+1
3.628798E+2	8.453137E+1
3.631420E+2	8.568984E+1
3.634043E+2	8.673356E+1
3.636665E+2	8.821443E+1
3.639287E+2	8.953137E+1
3.641909E+2	9.112154E+1
3.644531E+2	9.254230E+1
3.647153E+2	9.361880E+1
3.649775E+2	9.471170E+1
3.652397E+2	9.658602E+1
3.655018E+2	9.773356E+1
3.657640E+2	9.896307E+1
3.660262E+2	1.006352E+2
3.662883E+2	1.017827E+2
3.665505E+2	1.031707E+2
3.668126E+2	1.043456E+2
3.670747E+2	1.055478E+2
3.673368E+2	1.067117E+2
3.675989E+2	1.080286E+2
3.678610E+2	1.098210E+2
3.681231E+2	1.115587E+2
3.683852E+2	1.132964E+2
3.686473E+2	1.146352E+2
3.689094E+2	1.158647E+2
3.691714E+2	1.172581E+2
3.694335E+2	1.184439E+2
3.696955E+2	1.201106E+2
3.699576E+2	1.219795E+2
3.702196E+2	1.236461E+2
3.704816E+2	1.254166E+2
3.707437E+2	1.271434E+2
3.710057E+2	1.288866E+2
3.712677E+2	1.306461E+2
3.715297E+2	1.317991E+2
3.717917E+2	1.335969E+2
3.720536E+2	1.350013E+2
3.723156E+2	1.364221E+2
3.725776E+2	1.385259E+2
3.728395E+2	1.404713E+2
3.731015E+2	1.422527E+2
3.733634E+2	1.443073E+2
3.736254E+2	1.457663E+2
3.738873E+2	1.477882E+2
3.741492E+2	1.497062E+2
3.744111E+2	1.518428E+2
3.746730E+2	1.539685E+2
3.749349E+2	1.563183E+2
3.751968E+2	1.581325E+2
3.754587E+2	1.598428E+2
3.757206E+2	1.618319E+2
3.759824E+2	1.638428E+2
3.762443E+2	1.656571E+2
3.765061E+2	1.679740E+2
3.767680E+2	1.699412E+2
3.770298E+2	1.715204E+2
3.772916E+2	1.735423E+2
3.775535E+2	1.759795E+2
3.778153E+2	1.780887E+2
3.780771E+2	1.801325E+2
3.783389E+2	1.822855E+2
3.786007E+2	1.844221E+2
3.788624E+2	1.863401E+2
3.791242E+2	1.888265E+2
3.793860E+2	1.914275E+2
3.796477E+2	1.935696E+2
3.799095E+2	1.961051E+2
3.801712E+2	1.987991E+2
3.804330E+2	2.013565E+2
3.806947E+2	2.041980E+2
3.809564E+2	2.074877E+2
3.812181E+2	2.096953E+2
3.814798E+2	2.125587E+2
3.817415E+2	2.154439E+2
3.820032E+2	2.182090E+2
3.822649E+2	2.207609E+2
3.825266E+2	2.233620E+2
3.827883E+2	2.263292E+2
3.830499E+2	2.290450E+2
3.833116E+2	2.321379E+2
3.835732E+2	2.350232E+2
3.838348E+2	2.380450E+2
3.840965E+2	2.405969E+2
3.843581E+2	2.436461E+2
3.846197E+2	2.466680E+2
3.848813E+2	2.497773E+2
3.851429E+2	2.526024E+2
3.854045E+2	2.555040E+2
3.856661E+2	2.586461E+2
3.859277E+2	2.618756E+2
3.861892E+2	2.650396E+2
3.864508E+2	2.679084E+2
3.867124E+2	2.711926E+2
3.869739E+2	2.741762E+2
3.872354E+2	2.777008E+2
3.874970E+2	2.815259E+2
3.877585E+2	2.848756E+2
3.880200E+2	2.883456E+2
3.882815E+2	2.919576E+2
3.885430E+2	2.950887E+2
3.888045E+2	2.982254E+2
3.890660E+2	3.014931E+2
3.893275E+2	3.045969E+2
3.895889E+2	3.083729E+2
3.898504E+2	3.116352E+2
3.901118E+2	3.151598E+2
3.903733E+2	3.187827E+2
3.906347E+2	3.218592E+2
3.908962E+2	3.250887E+2
3.911576E+2	3.289740E+2
3.914190E+2	3.330724E+2
3.916804E+2	3.367445E+2
3.919418E+2	3.401434E+2
3.922032E+2	3.438210E+2
3.924646E+2	3.472636E+2
3.927260E+2	3.510560E+2
3.929873E+2	3.547062E+2
3.932487E+2	3.581598E+2
3.935100E+2	3.618975E+2
3.937714E+2	3.662909E+2
3.940327E+2	3.699139E+2
3.942941E+2	3.735040E+2
3.945554E+2	3.773401E+2
3.948167E+2	3.814385E+2
3.950780E+2	3.857554E+2
3.953393E+2	3.897663E+2
3.956006E+2	3.937172E+2
3.958619E+2	3.975204E+2
3.961232E+2	4.011926E+2
3.963844E+2	4.051598E+2
3.966457E+2	4.089357E+2
3.969069E+2	4.129740E+2
3.971682E+2	4.173237E+2
3.974294E+2	4.215969E+2
3.976907E+2	4.257117E+2
3.979519E+2	4.295478E+2
3.982131E+2	4.342472E+2
3.984743E+2	4.389139E+2
3.987355E+2	4.432418E+2
3.989967E+2	4.478046E+2
3.992579E+2	4.520341E+2
3.995191E+2	4.562855E+2
3.997802E+2	4.600669E+2
4.000414E+2	4.648210E+2
4.003025E+2	4.692199E+2
4.005637E+2	4.731707E+2
4.008248E+2	4.776625E+2
4.010860E+2	4.823510E+2
4.013471E+2	4.871215E+2
4.016082E+2	4.912909E+2
4.018693E+2	4.956243E+2
4.021304E+2	5.006571E+2
4.023915E+2	5.055150E+2
4.026526E+2	5.107937E+2
4.029137E+2	5.159139E+2
4.031747E+2	5.204221E+2
4.034358E+2	5.251871E+2
4.036968E+2	5.304221E+2
4.039579E+2	5.354986E+2
4.042189E+2	5.405259E+2
4.044800E+2	5.458483E+2
4.047410E+2	5.511161E+2
4.050020E+2	5.566898E+2
4.052630E+2	5.618592E+2
4.055240E+2	5.670286E+2
4.057850E+2	5.726461E+2
4.060460E+2	5.781379E+2
4.063070E+2	5.833565E+2
4.065679E+2	5.884603E+2
4.068289E+2	5.937172E+2
4.070898E+2	5.987609E+2
4.073508E+2	6.037554E+2
4.076117E+2	6.089030E+2
4.078727E+2	6.148756E+2
4.081336E+2	6.204549E+2
4.083945E+2	6.260396E+2
4.086554E+2	6.316133E+2
4.089163E+2	6.375040E+2
4.091772E+2	6.435423E+2
4.094381E+2	6.494658E+2
4.096990E+2	6.556079E+2
4.099598E+2	6.620177E+2
4.102207E+2	6.677390E+2
4.104815E+2	6.738920E+2
4.107424E+2	6.793401E+2
4.110032E+2	6.846297E+2
4.112640E+2	6.900013E+2
4.115249E+2	6.961215E+2
4.117857E+2	7.023838E+2
4.120465E+2	7.084166E+2
4.123073E+2	7.139412E+2
4.125681E+2	7.203401E+2
4.128289E+2	7.259303E+2
4.130896E+2	7.320505E+2
4.133504E+2	7.375751E+2
4.136112E+2	7.436516E+2
4.138719E+2	7.506024E+2
4.141327E+2	7.561653E+2
4.143934E+2	7.619139E+2
4.146541E+2	7.682581E+2
4.149149E+2	7.741871E+2
4.151756E+2	7.801106E+2
4.154363E+2	7.864603E+2
4.156970E+2	7.929795E+2
4.159577E+2	7.992964E+2
4.162184E+2	8.060669E+2
4.164790E+2	8.130724E+2
4.167397E+2	8.190887E+2
4.170004E+2	8.251270E+2
4.172610E+2	8.310669E+2
4.175217E+2	8.379467E+2
4.177823E+2	8.444658E+2
4.180429E+2	8.508483E+2
4.183035E+2	8.574166E+2
4.185642E+2	8.632964E+2
4.188248E+2	8.693128E+2
4.190854E+2	8.759521E+2
4.193459E+2	8.824767E+2
4.196065E+2	8.894603E+2
4.198671E+2	8.956734E+2
4.201277E+2	9.018866E+2
4.203882E+2	9.083838E+2
4.206488E+2	9.149959E+2
4.209093E+2	9.213347E+2
4.211699E+2	9.281379E+2
4.214304E+2	9.348265E+2
4.216909E+2	9.414767E+2
4.219514E+2	9.480505E+2
4.222119E+2	9.548046E+2
4.224724E+2	9.623128E+2
4.227329E+2	9.687390E+2
4.229934E+2	9.758265E+2
4.232539E+2	9.834166E+2
4.235143E+2	9.914767E+2
4.237748E+2	9.983729E+2
4.240352E+2	1.005914E+3
4.242957E+2	1.013351E+3
4.245561E+2	1.020832E+3
4.248166E+2	1.028083E+3
4.250770E+2	1.035482E+3
4.253374E+2	1.043111E+3
4.255978E+2	1.050881E+3
4.258582E+2	1.058755E+3
4.261186E+2	1.066897E+3
4.263790E+2	1.075537E+3
4.266393E+2	1.084171E+3
4.268997E+2	1.092406E+3
4.271600E+2	1.101045E+3
4.274204E+2	1.108848E+3
4.276807E+2	1.116570E+3
4.279411E+2	1.124652E+3
4.282014E+2	1.132974E+3
4.284617E+2	1.140837E+3
4.287220E+2	1.150040E+3
4.289823E+2	1.158892E+3
4.292426E+2	1.168067E+3
4.295029E+2	1.176821E+3
4.297632E+2	1.185132E+3
4.300235E+2	1.194220E+3
4.302837E+2	1.203351E+3
4.305440E+2	1.211854E+3
4.308042E+2	1.221242E+3
4.310645E+2	1.231182E+3
4.313247E+2	1.240477E+3
4.315849E+2	1.248919E+3
4.318451E+2	1.257908E+3
4.321054E+2	1.266586E+3
4.323656E+2	1.275056E+3
4.326258E+2	1.284389E+3
4.328859E+2	1.293045E+3
4.331461E+2	1.302559E+3
4.334063E+2	1.311810E+3
4.336665E+2	1.320466E+3
4.339266E+2	1.329466E+3
4.341868E+2	1.337821E+3
4.344469E+2	1.346389E+3
4.347070E+2	1.355794E+3
4.349671E+2	1.365029E+3
4.352273E+2	1.374504E+3
4.354874E+2	1.383214E+3
4.357475E+2	1.392400E+3
4.360076E+2	1.400602E+3
4.362677E+2	1.409750E+3
4.365277E+2	1.419023E+3
4.367878E+2	1.428947E+3
4.370479E+2	1.437870E+3
4.373079E+2	1.447329E+3
4.375680E+2	1.456515E+3
4.378280E+2	1.466094E+3
4.380880E+2	1.475646E+3
4.383480E+2	1.485329E+3
4.386081E+2	1.495602E+3
4.388681E+2	1.505449E+3
4.391281E+2	1.513750E+3
4.393881E+2	1.521766E+3
4.396480E+2	1.530990E+3
4.399080E+2	1.540220E+3
4.401680E+2	1.549717E+3
4.404279E+2	1.559275E+3
4.406879E+2	1.568832E+3
4.409478E+2	1.578165E+3
4.412078E+2	1.586947E+3
4.414677E+2	1.595318E+3
4.417276E+2	1.603040E+3
4.419875E+2	1.612324E+3
4.422474E+2	1.620154E+3
4.425073E+2	1.629559E+3
4.427672E+2	1.639160E+3
4.430271E+2	1.648373E+3
4.432870E+2	1.657624E+3
4.435469E+2	1.666154E+3
4.438067E+2	1.675296E+3
4.440666E+2	1.684149E+3
4.443264E+2	1.693143E+3
4.445862E+2	1.700990E+3
4.448461E+2	1.709209E+3
4.451059E+2	1.718449E+3
4.453657E+2	1.727307E+3
4.456255E+2	1.735613E+3
4.458853E+2	1.744285E+3
4.461451E+2	1.752515E+3
4.464049E+2	1.762411E+3
4.466646E+2	1.771171E+3
4.469244E+2	1.779744E+3
4.471842E+2	1.788001E+3
4.474439E+2	1.797843E+3
4.477036E+2	1.807553E+3
4.479634E+2	1.816663E+3
4.482231E+2	1.826318E+3
4.484828E+2	1.835990E+3
4.487425E+2	1.846493E+3
4.490022E+2	1.856400E+3
4.492619E+2	1.865329E+3
4.495216E+2	1.874269E+3
4.497813E+2	1.884029E+3
4.500410E+2	1.894766E+3
4.503006E+2	1.905225E+3
4.505603E+2	1.915821E+3
4.508199E+2	1.925925E+3
4.510796E+2	1.935619E+3
4.513392E+2	1.945985E+3
4.515988E+2	1.956422E+3
4.518584E+2	1.968313E+3
4.521180E+2	1.978837E+3
4.523776E+2	1.989559E+3
4.526372E+2	1.999275E+3
4.528968E+2	2.010679E+3
4.531564E+2	2.021679E+3
4.534160E+2	2.033094E+3
4.536755E+2	2.044280E+3
4.539351E+2	2.056302E+3
4.541946E+2	2.066717E+3
4.544541E+2	2.077438E+3
4.547137E+2	2.088444E+3
4.549732E+2	2.100958E+3
4.552327E+2	2.113171E+3
4.554922E+2	2.125105E+3
4.557517E+2	2.136903E+3
4.560112E+2	2.149723E+3
4.562707E+2	2.162149E+3
4.565302E+2	2.174471E+3
4.567896E+2	2.187635E+3
4.570491E+2	2.201231E+3
4.573085E+2	2.213690E+3
4.575680E+2	2.227843E+3
4.578274E+2	2.240750E+3
4.580868E+2	2.254329E+3
4.583463E+2	2.267460E+3
4.586057E+2	2.279657E+3
4.588651E+2	2.293635E+3
4.591245E+2	2.307040E+3
4.593838E+2	2.322018E+3
4.596432E+2	2.336302E+3
4.599026E+2	2.351346E+3
4.601620E+2	2.366673E+3
4.604213E+2	2.382832E+3
4.606807E+2	2.397739E+3
4.609400E+2	2.412799E+3
4.611993E+2	2.428777E+3
4.614587E+2	2.444996E+3
4.617180E+2	2.462624E+3
4.619773E+2	2.479903E+3
4.622366E+2	2.495553E+3
4.624959E+2	2.513400E+3
4.627552E+2	2.530892E+3
4.630144E+2	2.549154E+3
4.632737E+2	2.568165E+3
4.635330E+2	2.585668E+3
4.637922E+2	2.604597E+3
4.640515E+2	2.623897E+3
4.643107E+2	2.642045E+3
4.645699E+2	2.660591E+3
4.648292E+2	2.679744E+3
4.650884E+2	2.699914E+3
4.653476E+2	2.721160E+3
4.656068E+2	2.741859E+3
4.658660E+2	2.762848E+3
4.661251E+2	2.784526E+3
4.663843E+2	2.804728E+3
4.666435E+2	2.826449E+3
4.669026E+2	2.849597E+3
4.671618E+2	2.871668E+3
4.674209E+2	2.894892E+3
4.676801E+2	2.917848E+3
4.679392E+2	2.940985E+3
4.681983E+2	2.964428E+3
4.684574E+2	2.989160E+3
4.687165E+2	3.013679E+3
4.689756E+2	3.037854E+3
4.692347E+2	3.062903E+3
4.694938E+2	3.088214E+3
4.697529E+2	3.112728E+3
4.700119E+2	3.140302E+3
4.702710E+2	3.167996E+3
4.705300E+2	3.196231E+3
4.707891E+2	3.223357E+3
4.710481E+2	3.252061E+3
4.713071E+2	3.281695E+3
4.715661E+2	3.311417E+3
4.718252E+2	3.340908E+3
4.720842E+2	3.371723E+3
4.723431E+2	3.402488E+3
4.726021E+2	3.433455E+3
4.728611E+2	3.464712E+3
4.731201E+2	3.499231E+3
4.733790E+2	3.533078E+3
4.736380E+2	3.566029E+3
4.738969E+2	3.599952E+3
4.741559E+2	3.633597E+3
4.744148E+2	3.666805E+3
4.746737E+2	3.701340E+3
4.749326E+2	3.737116E+3
4.751915E+2	3.771892E+3
4.754504E+2	3.807357E+3
4.757093E+2	3.844613E+3
4.759682E+2	3.880471E+3
4.762271E+2	3.917264E+3
4.764859E+2	3.955061E+3
4.767448E+2	3.993078E+3
4.770037E+2	4.030346E+3
4.772625E+2	4.068187E+3
4.775213E+2	4.104979E+3
4.777802E+2	4.143045E+3
4.780390E+2	4.181438E+3
4.782978E+2	4.219296E+3
4.785566E+2	4.257477E+3
4.788154E+2	4.297619E+3
4.790742E+2	4.335963E+3
4.793329E+2	4.375040E+3
4.795917E+2	4.415067E+3
4.798505E+2	4.453854E+3
4.801092E+2	4.493837E+3
4.803680E+2	4.533777E+3
4.806267E+2	4.572947E+3
4.808854E+2	4.612930E+3
4.811442E+2	4.652783E+3
4.814029E+2	4.692269E+3
4.816616E+2	4.733280E+3
4.819203E+2	4.773357E+3
4.821790E+2	4.814018E+3
4.824377E+2	4.854411E+3
4.826963E+2	4.893717E+3
4.829550E+2	4.932777E+3
4.832137E+2	4.973373E+3
4.834723E+2	5.013231E+3
4.837310E+2	5.054165E+3
4.839896E+2	5.094220E+3
4.842482E+2	5.134444E+3
4.845068E+2	5.174526E+3
4.847655E+2	5.214837E+3
4.850241E+2	5.254887E+3
4.852827E+2	5.293728E+3
4.855412E+2	5.333586E+3
4.857998E+2	5.372050E+3
4.860584E+2	5.411116E+3
4.863170E+2	5.447805E+3
4.865755E+2	5.487236E+3
4.868341E+2	5.524728E+3
4.870926E+2	5.560870E+3
4.873511E+2	5.597881E+3
4.876097E+2	5.635520E+3
4.878682E+2	5.671143E+3
4.881267E+2	5.708269E+3
4.883852E+2	5.744488E+3
4.886437E+2	5.780663E+3
4.889022E+2	5.813608E+3
4.891606E+2	5.846881E+3
4.894191E+2	5.881635E+3
4.896776E+2	5.915553E+3
4.899360E+2	5.950537E+3
4.901945E+2	5.985575E+3
4.904529E+2	6.018329E+3
4.907113E+2	6.050357E+3
4.909697E+2	6.084291E+3
4.912282E+2	6.117258E+3
4.914866E+2	6.147837E+3
4.917450E+2	6.178428E+3
4.920034E+2	6.209034E+3
4.922617E+2	6.238586E+3
4.925201E+2	6.268406E+3
4.927785E+2	6.298143E+3
4.930368E+2	6.328291E+3
4.932952E+2	6.358302E+3
4.935535E+2	6.388040E+3
4.938118E+2	6.416826E+3
4.940702E+2	6.445045E+3
4.943285E+2	6.473919E+3
4.945868E+2	6.500149E+3
4.948451E+2	6.527296E+3
4.951034E+2	6.555007E+3
4.953617E+2	6.579122E+3
4.956200E+2	6.605078E+3
4.958782E+2	6.632444E+3
4.961365E+2	6.659488E+3
4.963947E+2	6.685477E+3
4.966530E+2	6.710821E+3
4.969112E+2	6.736105E+3
4.971694E+2	6.761570E+3
4.974277E+2	6.784690E+3
4.976859E+2	6.808307E+3
4.979441E+2	6.832269E+3
4.982023E+2	6.855597E+3
4.984605E+2	6.878559E+3
4.987187E+2	6.901897E+3
4.989768E+2	6.923734E+3
4.992350E+2	6.945870E+3
4.994931E+2	6.967766E+3
4.997513E+2	6.989291E+3
5.000094E+2	7.010619E+3
5.002676E+2	7.031455E+3
5.005257E+2	7.051652E+3
5.007838E+2	7.071570E+3
5.010419E+2	7.092373E+3
5.013000E+2	7.112805E+3
5.015581E+2	7.133220E+3
5.018162E+2	7.152668E+3
5.020743E+2	7.173007E+3
5.023323E+2	7.192958E+3
5.025904E+2	7.212690E+3
5.028485E+2	7.232460E+3
5.031065E+2	7.251258E+3
5.033645E+2	7.269810E+3
5.036226E+2	7.288105E+3
5.038806E+2	7.305302E+3
5.041386E+2	7.323045E+3
5.043966E+2	7.340974E+3
5.046546E+2	7.359635E+3
5.049126E+2	7.377652E+3
5.051706E+2	7.397488E+3
5.054285E+2	7.414952E+3
5.056865E+2	7.430389E+3
5.059445E+2	7.447843E+3
5.062024E+2	7.465143E+3
5.064604E+2	7.482766E+3
5.067183E+2	7.498941E+3
5.069762E+2	7.516548E+3
5.072341E+2	7.533515E+3
5.074920E+2	7.551575E+3
5.077499E+2	7.568903E+3
5.080078E+2	7.586663E+3
5.082657E+2	7.601575E+3
5.085236E+2	7.618433E+3
5.087815E+2	7.634958E+3
5.090393E+2	7.651154E+3
5.092972E+2	7.666668E+3
5.095550E+2	7.683012E+3
5.098129E+2	7.700444E+3
5.100707E+2	7.715602E+3
5.103285E+2	7.732586E+3
5.105863E+2	7.748001E+3
5.108441E+2	7.762717E+3
5.111019E+2	7.781285E+3
5.113597E+2	7.796728E+3
5.116175E+2	7.811848E+3
5.118753E+2	7.826433E+3
5.121330E+2	7.842198E+3
5.123908E+2	7.857089E+3
5.126485E+2	7.872280E+3
5.129063E+2	7.886990E+3
5.131640E+2	7.902925E+3
5.134217E+2	7.917908E+3
5.136794E+2	7.934018E+3
5.139371E+2	7.948116E+3
5.141948E+2	7.964285E+3
5.144525E+2	7.979619E+3
5.147102E+2	7.995018E+3
5.149679E+2	8.010821E+3
5.152256E+2	8.025652E+3
5.154832E+2	8.040575E+3
5.157409E+2	8.055378E+3
5.159985E+2	8.070684E+3
5.162562E+2	8.086264E+3
5.165138E+2	8.101132E+3
5.167714E+2	8.116324E+3
5.170290E+2	8.131848E+3
5.172866E+2	8.147264E+3
5.175442E+2	8.162225E+3
5.178018E+2	8.177351E+3
5.180594E+2	8.190018E+3
5.183170E+2	8.203728E+3
5.185745E+2	8.217903E+3
5.188321E+2	8.231012E+3
5.190896E+2	8.243526E+3
5.193472E+2	8.258335E+3
5.196047E+2	8.271892E+3
5.198622E+2	8.285892E+3
5.201197E+2	8.299116E+3
5.203772E+2	8.311794E+3
5.206347E+2	8.326340E+3
5.208922E+2	8.336111E+3
5.211497E+2	8.349149E+3
5.214072E+2	8.362471E+3
5.216646E+2	8.375231E+3
5.219221E+2	8.388384E+3
5.221795E+2	8.401548E+3
5.224370E+2	8.412012E+3
5.226944E+2	8.421788E+3
5.229519E+2	8.434728E+3
5.232093E+2	8.445602E+3
5.234667E+2	8.455171E+3
5.237241E+2	8.466023E+3
5.239815E+2	8.478510E+3
5.242389E+2	8.488575E+3
5.244962E+2	8.497837E+3
5.247536E+2	8.509138E+3
5.250110E+2	8.519816E+3
5.252683E+2	8.529947E+3
5.255257E+2	8.539253E+3
5.257830E+2	8.551045E+3
5.260403E+2	8.560395E+3
5.262977E+2	8.569903E+3
5.265550E+2	8.580460E+3
5.268123E+2	8.587805E+3
5.270696E+2	8.597510E+3
5.273269E+2	8.607045E+3
5.275841E+2	8.615668E+3
5.278414E+2	8.625630E+3
5.280987E+2	8.634100E+3
5.283559E+2	8.642324E+3
5.286132E+2	8.651581E+3
5.288704E+2	8.660100E+3
5.291276E+2	8.668526E+3
5.293849E+2	8.676291E+3
5.296421E+2	8.684220E+3
5.298993E+2	8.690695E+3
5.301565E+2	8.696881E+3
5.304137E+2	8.702438E+3
5.306709E+2	8.709493E+3
5.309280E+2	8.717313E+3
5.311852E+2	8.724684E+3
5.314424E+2	8.730302E+3
5.316995E+2	8.736783E+3
5.319567E+2	8.741908E+3
5.322138E+2	8.748072E+3
5.324709E+2	8.754848E+3
5.327280E+2	8.760608E+3
5.329852E+2	8.765493E+3
5.332423E+2	8.771712E+3
5.334994E+2	8.777979E+3
5.337564E+2	8.785007E+3
5.340135E+2	8.791641E+3
5.342706E+2	8.797799E+3
5.345276E+2	8.804531E+3
5.347847E+2	8.811821E+3
5.350417E+2	8.816575E+3
5.352988E+2	8.822433E+3
5.355558E+2	8.827460E+3
5.358128E+2	8.833630E+3
5.360698E+2	8.840652E+3
5.363269E+2	8.846012E+3
5.365839E+2	8.853400E+3
5.368408E+2	8.857734E+3
5.370978E+2	8.863608E+3
5.373548E+2	8.870679E+3
5.376118E+2	8.876810E+3
5.378687E+2	8.882329E+3
5.381257E+2	8.890351E+3
5.383826E+2	8.897482E+3
5.386395E+2	8.902908E+3
5.388965E+2	8.909575E+3
5.391534E+2	8.916061E+3
5.394103E+2	8.922258E+3
5.396672E+2	8.930193E+3
5.399241E+2	8.937132E+3
5.401810E+2	8.942624E+3
5.404378E+2	8.946701E+3
5.406947E+2	8.950679E+3
5.409516E+2	8.957023E+3
5.412084E+2	8.963132E+3
5.414653E+2	8.968389E+3
5.417221E+2	8.972761E+3
5.419789E+2	8.979149E+3
5.422357E+2	8.984089E+3
5.424925E+2	8.990826E+3
5.427493E+2	8.996969E+3
5.430061E+2	9.002477E+3
5.432629E+2	9.007892E+3
5.435197E+2	9.013094E+3
5.437765E+2	9.019111E+3
5.440332E+2	9.024848E+3
5.442900E+2	9.028220E+3
5.445467E+2	9.031810E+3
5.448035E+2	9.037630E+3
5.450602E+2	9.043143E+3
5.453169E+2	9.048160E+3
5.455736E+2	9.054395E+3
5.458303E+2	9.062154E+3
5.460870E+2	9.068723E+3
5.463437E+2	9.073755E+3
5.466004E+2	9.076755E+3
5.468571E+2	9.080821E+3
5.471137E+2	9.086143E+3
5.473704E+2	9.089750E+3
5.476270E+2	9.096613E+3
5.478837E+2	9.101641E+3
5.481403E+2	9.105231E+3
5.483969E+2	9.110083E+3
5.486535E+2	9.114275E+3
5.489101E+2	9.118613E+3
5.491667E+2	9.121542E+3
5.494233E+2	9.123969E+3
5.496799E+2	9.127816E+3
5.499365E+2	9.130952E+3
5.501931E+2	9.134242E+3
5.504496E+2	9.136477E+3
5.507062E+2	9.140750E+3
5.509627E+2	9.142275E+3
5.512192E+2	9.148034E+3
5.514758E+2	9.150269E+3
5.517323E+2	9.152083E+3
5.519888E+2	9.154777E+3
5.522453E+2	9.157460E+3
5.525018E+2	9.161701E+3
5.527583E+2	9.163728E+3
5.530147E+2	9.165395E+3
5.532712E+2	9.166225E+3
5.535277E+2	9.168919E+3
5.537841E+2	9.170225E+3
5.540406E+2	9.171291E+3
5.542970E+2	9.172335E+3
5.545534E+2	9.174406E+3
5.548098E+2	9.176799E+3
5.550663E+2	9.178171E+3
5.553227E+2	9.177947E+3
5.555791E+2	9.178750E+3
5.558354E+2	9.181542E+3
5.560918E+2	9.183346E+3
5.563482E+2	9.186766E+3
5.566046E+2	9.187799E+3
5.568609E+2	9.187050E+3
5.571173E+2	9.185695E+3
5.573736E+2	9.186969E+3
5.576299E+2	9.186958E+3
5.578862E+2	9.188122E+3
5.581426E+2	9.187433E+3
5.583989E+2	9.186318E+3
5.586552E+2	9.185914E+3
5.589114E+2	9.184947E+3
5.591677E+2	9.184810E+3
5.594240E+2	9.184482E+3
5.596803E+2	9.183930E+3
5.599365E+2	9.186040E+3
5.601928E+2	9.186963E+3
5.604490E+2	9.185378E+3
5.607052E+2	9.183821E+3
5.609614E+2	9.184367E+3
5.612177E+2	9.183586E+3
5.614739E+2	9.181695E+3
5.617301E+2	9.180914E+3
5.619863E+2	9.179050E+3
5.622424E+2	9.179510E+3
5.624986E+2	9.178493E+3
5.627548E+2	9.177728E+3
5.630109E+2	9.177023E+3
5.632671E+2	9.173892E+3
5.635232E+2	9.172335E+3
5.637794E+2	9.172357E+3
5.640355E+2	9.169941E+3
5.642916E+2	9.168253E+3
5.645477E+2	9.165542E+3
5.648038E+2	9.163291E+3
5.650599E+2	9.161887E+3
5.653160E+2	9.158958E+3
5.655721E+2	9.157094E+3
5.658281E+2	9.156165E+3
5.660842E+2	9.154449E+3
5.663402E+2	9.151564E+3
5.665963E+2	9.150657E+3
5.668523E+2	9.145624E+3
5.671083E+2	9.142979E+3
5.673644E+2	9.141663E+3
5.676204E+2	9.137586E+3
5.678764E+2	9.133706E+3
5.681324E+2	9.131329E+3
5.683883E+2	9.128739E+3
5.686443E+2	9.125400E+3
5.689003E+2	9.123220E+3
5.691562E+2	9.118985E+3
5.694122E+2	9.116182E+3
5.696681E+2	9.114357E+3
5.699241E+2	9.111646E+3
5.701800E+2	9.107826E+3
5.704359E+2	9.103755E+3
5.706918E+2	9.100892E+3
5.709477E+2	9.096914E+3
5.712036E+2	9.092744E+3
5.714595E+2	9.089510E+3
5.717154E+2	9.085438E+3
5.719713E+2	9.080635E+3
5.722271E+2	9.076061E+3
5.724830E+2	9.073302E+3
5.727388E+2	9.070788E+3
5.729947E+2	9.066892E+3
5.732505E+2	9.063253E+3
5.735063E+2	9.057613E+3
5.737621E+2	9.055635E+3
5.740179E+2	9.053296E+3
5.742737E+2	9.049837E+3
5.745295E+2	9.047154E+3
5.747853E+2	9.042045E+3
5.750411E+2	9.039892E+3
5.752968E+2	9.035816E+3
5.755526E+2	9.030449E+3
5.758083E+2	9.026018E+3
5.760641E+2	9.023367E+3
5.763198E+2	9.018772E+3
5.765755E+2	9.014231E+3
5.768312E+2	9.009406E+3
5.770869E+2	9.004373E+3
5.773426E+2	8.999515E+3
5.775983E+2	8.995384E+3
5.778540E+2	8.990012E+3
5.781097E+2	8.986493E+3
5.783653E+2	8.981340E+3
5.786210E+2	8.976865E+3
5.788766E+2	8.972335E+3
5.791323E+2	8.967630E+3
5.793879E+2	8.962482E+3
5.796435E+2	8.957477E+3
5.798991E+2	8.953012E+3
5.801547E+2	8.947936E+3
5.804103E+2	8.944105E+3
5.806659E+2	8.939083E+3
5.809215E+2	8.934367E+3
5.811771E+2	8.929357E+3
5.814327E+2	8.922799E+3
5.816882E+2	8.916646E+3
5.819438E+2	8.910908E+3
5.821993E+2	8.904821E+3
5.824548E+2	8.898613E+3
5.827104E+2	8.893193E+3
5.829659E+2	8.885963E+3
5.832214E+2	8.879034E+3
5.834769E+2	8.873908E+3
5.837324E+2	8.867313E+3
5.839878E+2	8.861433E+3
5.842433E+2	8.855357E+3
5.844988E+2	8.848990E+3
5.847542E+2	8.842783E+3
5.850097E+2	8.835324E+3
5.852651E+2	8.828919E+3
5.855206E+2	8.821925E+3
5.857760E+2	8.815116E+3
5.860314E+2	8.808526E+3
5.862868E+2	8.801138E+3
5.865422E+2	8.794772E+3
5.867976E+2	8.790958E+3
5.870530E+2	8.785089E+3
5.873084E+2	8.779816E+3
5.875637E+2	8.773848E+3
5.878191E+2	8.767990E+3
5.880744E+2	8.762761E+3
5.883298E+2	8.757165E+3
5.885851E+2	8.751930E+3
5.888404E+2	8.746029E+3
5.890958E+2	8.740663E+3
5.893511E+2	8.732930E+3
5.896064E+2	8.726012E+3
5.898617E+2	8.718941E+3
5.901169E+2	8.712367E+3
5.903722E+2	8.705591E+3
5.906275E+2	8.697127E+3
5.908827E+2	8.691100E+3
5.911380E+2	8.684132E+3
5.913932E+2	8.676919E+3
5.916485E+2	8.669193E+3
5.919037E+2	8.664012E+3
5.921589E+2	8.656389E+3
5.924141E+2	8.649679E+3
5.926693E+2	8.643930E+3
5.929245E+2	8.636728E+3
5.931797E+2	8.630466E+3
5.934349E+2	8.624586E+3
5.936900E+2	8.617897E+3
5.939452E+2	8.612848E+3
5.942004E+2	8.605663E+3
5.944555E+2	8.600198E+3
5.947106E+2	8.594176E+3
5.949658E+2	8.586438E+3
5.952209E+2	8.580214E+3
5.954760E+2	8.573291E+3
5.957311E+2	8.567045E+3
5.959862E+2	8.561526E+3
5.962413E+2	8.556335E+3
5.964963E+2	8.550329E+3
5.967514E+2	8.543996E+3
5.970065E+2	8.539045E+3
5.972615E+2	8.534652E+3
5.975166E+2	8.529739E+3
5.977716E+2	8.527056E+3
5.980266E+2	8.523438E+3
5.982816E+2	8.518777E+3
5.985367E+2	8.514930E+3
5.987917E+2	8.512406E+3
5.990467E+2	8.507597E+3
5.993016E+2	8.503460E+3
5.995566E+2	8.501050E+3
5.998116E+2	8.497275E+3
6.000665E+2	8.493865E+3
6.003215E+2	8.489548E+3
6.005764E+2	8.486979E+3
6.008314E+2	8.482193E+3
6.010863E+2	8.479132E+3
6.013412E+2	8.475231E+3
6.015961E+2	8.472001E+3
6.018510E+2	8.469690E+3
6.021059E+2	8.466362E+3
6.023608E+2	8.461406E+3
6.026157E+2	8.456591E+3
6.028706E+2	8.452805E+3
6.031254E+2	8.449772E+3
6.033803E+2	8.444548E+3
6.036351E+2	8.438690E+3
6.038900E+2	8.433679E+3
6.041448E+2	8.428974E+3
6.043996E+2	8.426160E+3
6.046544E+2	8.421832E+3
6.049092E+2	8.418176E+3
6.051640E+2	8.415449E+3
6.054188E+2	8.413012E+3
6.056736E+2	8.409652E+3
6.059283E+2	8.406302E+3
6.061831E+2	8.403482E+3
6.064378E+2	8.400395E+3
6.066926E+2	8.397220E+3
6.069473E+2	8.394783E+3
6.072021E+2	8.392094E+3
6.074568E+2	8.386854E+3
6.077115E+2	8.382335E+3
6.079662E+2	8.378690E+3
6.082209E+2	8.375881E+3
6.084756E+2	8.373034E+3
6.087302E+2	8.370285E+3
6.089849E+2	8.366772E+3
6.092396E+2	8.362969E+3
6.094942E+2	8.358947E+3
6.097489E+2	8.355673E+3
6.100035E+2	8.350351E+3
6.102581E+2	8.346684E+3
6.105127E+2	8.342351E+3
6.107674E+2	8.338641E+3
6.110220E+2	8.335275E+3
6.112766E+2	8.331668E+3
6.115311E+2	8.327613E+3
6.117857E+2	8.323602E+3
6.120403E+2	8.319903E+3
6.122948E+2	8.317149E+3
6.125494E+2	8.313482E+3
6.128039E+2	8.308531E+3
6.130585E+2	8.304045E+3
6.133130E+2	8.297734E+3
6.135675E+2	8.291816E+3
6.138220E+2	8.286253E+3
6.140765E+2	8.280969E+3
6.143310E+2	8.275520E+3
6.145855E+2	8.270056E+3
6.148400E+2	8.264608E+3
6.150945E+2	8.258247E+3
6.153489E+2	8.253597E+3
6.156034E+2	8.247100E+3
6.158578E+2	8.242061E+3
6.161123E+2	8.236389E+3
6.163667E+2	8.231930E+3
6.166211E+2	8.226001E+3
6.168755E+2	8.221067E+3
6.171299E+2	8.216264E+3
6.173843E+2	8.210307E+3
6.176387E+2	8.204684E+3
6.178931E+2	8.198367E+3
6.181474E+2	8.193755E+3
6.184018E+2	8.188449E+3
6.186561E+2	8.182826E+3
6.189105E+2	8.179264E+3
6.191648E+2	8.175275E+3
6.194191E+2	8.170504E+3
6.196735E+2	8.166449E+3
6.199278E+2	8.160635E+3
6.201821E+2	8.157455E+3
6.204364E+2	8.152581E+3
6.206907E+2	8.145963E+3
6.209449E+2	8.139908E+3
6.211992E+2	8.137078E+3
6.214535E+2	8.132335E+3
6.217077E+2	8.128805E+3
6.219619E+2	8.123160E+3
6.222162E+2	8.118373E+3
6.224704E+2	8.113269E+3
6.227246E+2	8.108012E+3
6.229788E+2	8.104187E+3
6.232330E+2	8.101914E+3
6.234872E+2	8.098471E+3
6.237414E+2	8.093794E+3
6.239956E+2	8.089307E+3
6.242498E+2	8.084854E+3
6.245039E+2	8.080996E+3
6.247581E+2	8.077816E+3
6.250122E+2	8.073258E+3
6.252663E+2	8.070602E+3
6.255205E+2	8.068433E+3
6.257746E+2	8.064739E+3
6.260287E+2	8.062154E+3
6.262828E+2	8.057624E+3
6.265369E+2	8.055471E+3
6.267910E+2	8.052225E+3
6.270450E+2	8.048209E+3
6.272991E+2	8.044400E+3
6.275532E+2	8.041034E+3
6.278072E+2	8.036641E+3
6.280613E+2	8.032843E+3
6.283153E+2	8.029395E+3
6.285693E+2	8.027018E+3
6.288233E+2	8.022723E+3
6.290773E+2	8.020176E+3
6.293313E+2	8.016684E+3
6.295853E+2	8.013734E+3
6.298393E+2	8.010936E+3
6.300933E+2	8.007482E+3
6.303472E+2	8.004007E+3
6.306012E+2	8.000324E+3
6.308551E+2	7.996094E+3
6.311091E+2	7.992597E+3
6.313630E+2	7.989723E+3
6.316169E+2	7.985766E+3
6.318709E+2	7.981728E+3
6.321248E+2	7.978012E+3
6.323787E+2	7.974613E+3
6.326326E+2	7.969728E+3
6.328864E+2	7.966313E+3
6.331403E+2	7.964630E+3
6.333942E+2	7.961444E+3
6.336480E+2	7.958471E+3
6.339019E+2	7.953794E+3
6.341557E+2	7.949553E+3
6.344095E+2	7.945559E+3
6.346634E+2	7.941285E+3
6.349172E+2	7.936837E+3
6.351710E+2	7.930717E+3
6.354248E+2	7.926127E+3
6.356786E+2	7.920816E+3
6.359324E+2	7.916766E+3
6.361861E+2	7.912876E+3
6.364399E+2	7.907859E+3
6.366936E+2	7.900690E+3
6.369474E+2	7.897231E+3
6.372011E+2	7.889969E+3
6.374549E+2	7.884963E+3
6.377086E+2	7.879854E+3
6.379623E+2	7.873805E+3
6.382160E+2	7.868105E+3
6.384697E+2	7.861859E+3
6.387234E+2	7.856777E+3
6.389771E+2	7.850635E+3
6.392307E+2	7.844897E+3
6.394844E+2	7.840100E+3
6.397380E+2	7.833794E+3
6.399917E+2	7.827132E+3
6.402453E+2	7.820591E+3
6.404990E+2	7.815078E+3
6.407526E+2	7.809204E+3
6.410062E+2	7.802684E+3
6.412598E+2	7.796969E+3
6.415134E+2	7.790291E+3
6.417670E+2	7.785597E+3
6.420206E+2	7.777613E+3
6.422741E+2	7.771925E+3
6.425277E+2	7.766531E+3
6.427812E+2	7.760772E+3
6.430348E+2	7.754510E+3
6.432883E+2	7.750357E+3
6.435418E+2	7.744510E+3
6.437954E+2	7.738433E+3
6.440489E+2	7.732881E+3
6.443024E+2	7.728280E+3
6.445559E+2	7.723395E+3
6.448094E+2	7.719515E+3
6.450628E+2	7.712826E+3
6.453163E+2	7.707646E+3
6.455698E+2	7.702750E+3
6.458232E+2	7.697635E+3
6.460767E+2	7.691969E+3
6.463301E+2	7.687433E+3
6.465835E+2	7.683242E+3
6.468369E+2	7.678471E+3
6.470903E+2	7.673575E+3
6.473437E+2	7.668755E+3
6.475971E+2	7.664127E+3
6.478505E+2	7.659449E+3
6.481039E+2	7.655258E+3
6.483573E+2	7.649624E+3
6.486106E+2	7.643149E+3
6.488640E+2	7.637887E+3
6.491173E+2	7.631783E+3
6.493706E+2	7.626903E+3
6.496240E+2	7.621974E+3
6.498773E+2	7.618969E+3
6.501306E+2	7.614127E+3
6.503839E+2	7.610526E+3
6.506372E+2	7.607843E+3
6.508905E+2	7.603389E+3
6.511437E+2	7.598990E+3
6.513970E+2	7.594269E+3
6.516503E+2	7.589422E+3
6.519035E+2	7.586100E+3
6.521567E+2	7.582357E+3
6.524100E+2	7.578275E+3
6.526632E+2	7.575302E+3
6.529164E+2	7.572050E+3
6.531696E+2	7.568837E+3
6.534228E+2	7.565919E+3
6.536760E+2	7.563406E+3
6.539292E+2	7.560285E+3
6.541824E+2	7.557903E+3
6.544355E+2	7.555499E+3
6.546887E+2	7.552772E+3
6.549418E+2	7.549357E+3
6.551950E+2	7.547236E+3
6.554481E+2	7.543772E+3
6.557012E+2	7.540466E+3
6.559543E+2	7.537389E+3
6.562074E+2	7.533384E+3
6.564605E+2	7.530406E+3
6.567136E+2	7.527881E+3
6.569667E+2	7.526045E+3
6.572198E+2	7.523444E+3
6.574728E+2	7.521318E+3
6.577259E+2	7.517848E+3
6.579789E+2	7.515646E+3
6.582319E+2	7.512553E+3
6.584850E+2	7.509919E+3
6.587380E+2	7.505471E+3
6.589910E+2	7.502925E+3
6.592440E+2	7.501499E+3
6.594970E+2	7.497952E+3
6.597500E+2	7.496591E+3
6.600030E+2	7.493346E+3
6.602559E+2	7.490706E+3
6.605089E+2	7.489925E+3
6.607618E+2	7.486204E+3
6.610148E+2	7.484783E+3
6.612677E+2	7.482225E+3
6.615206E+2	7.481449E+3
6.617736E+2	7.479171E+3
6.620265E+2	7.475482E+3
6.622794E+2	7.471346E+3
6.625323E+2	7.469570E+3
6.627851E+2	7.466083E+3
6.630380E+2	7.464438E+3
6.632909E+2	7.461903E+3
6.635437E+2	7.460870E+3
6.637966E+2	7.458597E+3
6.640494E+2	7.455805E+3
6.643023E+2	7.454903E+3
6.645551E+2	7.453280E+3
6.648079E+2	7.452313E+3
6.650607E+2	7.450750E+3
6.653135E+2	7.447624E+3
6.655663E+2	7.445848E+3
6.658191E+2	7.442641E+3
6.660718E+2	7.440652E+3
6.663246E+2	7.439367E+3
6.665774E+2	7.439346E+3
6.668301E+2	7.436171E+3
6.670828E+2	7.435985E+3
6.673356E+2	7.433613E+3
6.675883E+2	7.432679E+3
6.678410E+2	7.430668E+3
6.680937E+2	7.428285E+3
6.683464E+2	7.426045E+3
6.685991E+2	7.423537E+3
6.688518E+2	7.421384E+3
6.691044E+2	7.418160E+3
6.693571E+2	7.416335E+3
6.696098E+2	7.413324E+3
6.698624E+2	7.411187E+3
6.701150E+2	7.409515E+3
6.703677E+2	7.407728E+3
6.706203E+2	7.404706E+3
6.708729E+2	7.403843E+3
6.711255E+2	7.402395E+3
6.713781E+2	7.401706E+3
6.716307E+2	7.401198E+3
6.718832E+2	7.400597E+3
6.721358E+2	7.397668E+3
6.723884E+2	7.395728E+3
6.726409E+2	7.392701E+3
6.728935E+2	7.390952E+3
6.731460E+2	7.389816E+3
6.733985E+2	7.387253E+3
6.736510E+2	7.385908E+3
6.739035E+2	7.383510E+3
6.741560E+2	7.381750E+3
6.744085E+2	7.379471E+3
6.746610E+2	7.377378E+3
6.749135E+2	7.374466E+3
6.751660E+2	7.372012E+3
6.754184E+2	7.370198E+3
6.756709E+2	7.367870E+3
6.759233E+2	7.365471E+3
6.761757E+2	7.365056E+3
6.764282E+2	7.362903E+3
6.766806E+2	7.361411E+3
6.769330E+2	7.359657E+3
6.771854E+2	7.356969E+3
6.774378E+2	7.354963E+3
6.776901E+2	7.353996E+3
6.779425E+2	7.351357E+3
6.781949E+2	7.350149E+3
6.784472E+2	7.347362E+3
6.786996E+2	7.344930E+3
6.789519E+2	7.342072E+3
6.792042E+2	7.340198E+3
6.794566E+2	7.338034E+3
6.797089E+2	7.334914E+3
6.799612E+2	7.332684E+3
6.802135E+2	7.330220E+3
6.804657E+2	7.327805E+3
6.807180E+2	7.326559E+3
6.809703E+2	7.325925E+3
6.812226E+2	7.324799E+3
6.814748E+2	7.323176E+3
6.817270E+2	7.320816E+3
6.819793E+2	7.317198E+3
6.822315E+2	7.316094E+3
6.824837E+2	7.313433E+3
6.827359E+2	7.310755E+3
6.829881E+2	7.307570E+3
6.832403E+2	7.304285E+3
6.834925E+2	7.302979E+3
6.837447E+2	7.301050E+3
6.839968E+2	7.299537E+3
6.842490E+2	7.297805E+3
6.845011E+2	7.296220E+3
6.847533E+2	7.293919E+3
6.850054E+2	7.291531E+3
6.852575E+2	7.288100E+3
6.855097E+2	7.285236E+3
6.857618E+2	7.283231E+3
6.860139E+2	7.282236E+3
6.862659E+2	7.280428E+3
6.865180E+2	7.278805E+3
6.867701E+2	7.275848E+3
6.870222E+2	7.273591E+3
6.872742E+2	7.271854E+3
6.875263E+2	7.270734E+3
6.877783E+2	7.269690E+3
6.880303E+2	7.268668E+3
6.882823E+2	7.267810E+3
6.885343E+2	7.266881E+3
6.887864E+2	7.265083E+3
6.890383E+2	7.264034E+3
6.892903E+2	7.262433E+3
6.895423E+2	7.261023E+3
6.897943E+2	7.258728E+3
6.900462E+2	7.255712E+3
6.902982E+2	7.255799E+3
6.905501E+2	7.253182E+3
6.908021E+2	7.251969E+3
6.910540E+2	7.249865E+3
6.913059E+2	7.247728E+3
6.915578E+2	7.243925E+3
6.918097E+2	7.241919E+3
6.920616E+2	7.240641E+3
6.923135E+2	7.237040E+3
6.925654E+2	7.234428E+3
6.928172E+2	7.233499E+3
6.930691E+2	7.230947E+3
6.933209E+2	7.228575E+3
6.935728E+2	7.226777E+3
6.938246E+2	7.224630E+3
6.940764E+2	7.222990E+3
6.943282E+2	7.220925E+3
6.945800E+2	7.218220E+3
6.948318E+2	7.215701E+3
6.950836E+2	7.212613E+3
6.953354E+2	7.210673E+3
6.955872E+2	7.207777E+3
6.958389E+2	7.205586E+3
6.960907E+2	7.202160E+3
6.963424E+2	7.197581E+3
6.965942E+2	7.194422E+3
6.968459E+2	7.190280E+3
6.970976E+2	7.187668E+3
6.973493E+2	7.184411E+3
6.976010E+2	7.182444E+3
6.978527E+2	7.181149E+3
6.981044E+2	7.179602E+3
6.983561E+2	7.178340E+3
6.986077E+2	7.176542E+3
6.988594E+2	7.172821E+3
6.991110E+2	7.170302E+3
6.993627E+2	7.167870E+3
6.996143E+2	7.165001E+3
6.998659E+2	7.161553E+3
7.001175E+2	7.159466E+3
7.003692E+2	7.156969E+3
7.006207E+2	7.154744E+3
7.008723E+2	7.152023E+3
7.011239E+2	7.149444E+3
7.013755E+2	7.146843E+3
7.016271E+2	7.144067E+3
7.018786E+2	7.142449E+3
7.021302E+2	7.139701E+3
7.023817E+2	7.136346E+3
7.026332E+2	7.132324E+3
7.028847E+2	7.129766E+3
7.031362E+2	7.125744E+3
7.033878E+2	7.123094E+3
7.036392E+2	7.119553E+3
7.038907E+2	7.115023E+3
7.041422E+2	7.112400E+3
7.043937E+2	7.109001E+3
7.046451E+2	7.107045E+3
7.048966E+2	7.103433E+3
7.051480E+2	7.100597E+3
7.053995E+2	7.097171E+3
7.056509E+2	7.093493E+3
7.059023E+2	7.090630E+3
7.061537E+2	7.087635E+3
7.064051E+2	7.084602E+3
7.066565E+2	7.082078E+3
7.069079E+2	7.080132E+3
7.071593E+2	7.075406E+3
7.074106E+2	7.071559E+3
7.076620E+2	7.068182E+3
7.079133E+2	7.064548E+3
7.081647E+2	7.060723E+3
7.084160E+2	7.058553E+3
7.086673E+2	7.055477E+3
7.089186E+2	7.051165E+3
7.091699E+2	7.047329E+3
7.094212E+2	7.043455E+3
7.096725E+2	7.039542E+3
7.099238E+2	7.036275E+3
7.101751E+2	7.032799E+3
7.104263E+2	7.030728E+3
7.106776E+2	7.026138E+3
7.109288E+2	7.022171E+3
7.111800E+2	7.017755E+3
7.114313E+2	7.013045E+3
7.116825E+2	7.009171E+3
7.119337E+2	7.007149E+3
7.121849E+2	7.003821E+3
7.124361E+2	6.998810E+3
7.126873E+2	6.994499E+3
7.129384E+2	6.989138E+3
7.131896E+2	6.982591E+3
7.134408E+2	6.976029E+3
7.136919E+2	6.968591E+3
7.139430E+2	6.962570E+3
7.141942E+2	6.957602E+3
7.144453E+2	6.952734E+3
7.146964E+2	6.946520E+3
7.149475E+2	6.940952E+3
7.151986E+2	6.936865E+3
7.154497E+2	6.931537E+3
7.157008E+2	6.924466E+3
7.159518E+2	6.916684E+3
7.162029E+2	6.908214E+3
7.164540E+2	6.901744E+3
7.167050E+2	6.893892E+3
7.169560E+2	6.887548E+3
7.172071E+2	6.878805E+3
7.174581E+2	6.872952E+3
7.177091E+2	6.866340E+3
7.179601E+2	6.860094E+3
7.182111E+2	6.853165E+3
7.184621E+2	6.846335E+3
7.187130E+2	6.839810E+3
7.189640E+2	6.832848E+3
7.192150E+2	6.825783E+3
7.194659E+2	6.817990E+3
7.197169E+2	6.808837E+3
7.199678E+2	6.801586E+3
7.202187E+2	6.794111E+3
7.204696E+2	6.786089E+3
7.207205E+2	6.779061E+3
7.209714E+2	6.771761E+3
7.212223E+2	6.764881E+3
7.214732E+2	6.756706E+3
7.217241E+2	6.750510E+3
7.219749E+2	6.742591E+3
7.222258E+2	6.735007E+3
7.224766E+2	6.728799E+3
7.227274E+2	6.720313E+3
7.229783E+2	6.712214E+3
7.232291E+2	6.704739E+3
7.234799E+2	6.696018E+3
7.237307E+2	6.687007E+3
7.239815E+2	6.679034E+3
7.242323E+2	6.671974E+3
7.244830E+2	6.664160E+3
7.247338E+2	6.657777E+3
7.249846E+2	6.651253E+3
7.252353E+2	6.645979E+3
7.254861E+2	6.641018E+3
7.257368E+2	6.635214E+3
7.259875E+2	6.629520E+3
7.262382E+2	6.624542E+3
7.264889E+2	6.617979E+3
7.267396E+2	6.611870E+3
7.269903E+2	6.606127E+3
7.272410E+2	6.597641E+3
7.274917E+2	6.591635E+3
7.277423E+2	6.585269E+3
7.279930E+2	6.579050E+3
7.282436E+2	6.573788E+3
7.284942E+2	6.568723E+3
7.287449E+2	6.564586E+3
7.289955E+2	6.561023E+3
7.292461E+2	6.555723E+3
7.294967E+2	6.550493E+3
7.297473E+2	6.545493E+3
7.299979E+2	6.539575E+3
7.302484E+2	6.534581E+3
7.304990E+2	6.528089E+3
7.307496E+2	6.521701E+3
7.310001E+2	6.516734E+3
7.312507E+2	6.513078E+3
7.315012E+2	6.509193E+3
7.317517E+2	6.502941E+3
7.320022E+2	6.498586E+3
7.322527E+2	6.492291E+3
7.325032E+2	6.486996E+3
7.327537E+2	6.480591E+3
7.330042E+2	6.475690E+3
7.332547E+2	6.470903E+3
7.335051E+2	6.466149E+3
7.337556E+2	6.461717E+3
7.340060E+2	6.456165E+3
7.342564E+2	6.451952E+3
7.345069E+2	6.447526E+3
7.347573E+2	6.443652E+3
7.350077E+2	6.443575E+3
7.352581E+2	6.441668E+3
7.355085E+2	6.441925E+3
7.357589E+2	6.441624E+3
7.360092E+2	6.440848E+3
7.362596E+2	6.440253E+3
7.365100E+2	6.440187E+3
7.367603E+2	6.439400E+3
7.370106E+2	6.437056E+3
7.372610E+2	6.435526E+3
7.375113E+2	6.434810E+3
7.377616E+2	6.433526E+3
7.380119E+2	6.433335E+3
7.382622E+2	6.432094E+3
7.385125E+2	6.431581E+3
7.387628E+2	6.431641E+3
7.390130E+2	6.430559E+3
7.392633E+2	6.429919E+3
7.395135E+2	6.429089E+3
7.397638E+2	6.428537E+3
7.400140E+2	6.427570E+3
7.402642E+2	6.426832E+3
7.405144E+2	6.425428E+3
7.407647E+2	6.423930E+3
7.410149E+2	6.421324E+3
7.412650E+2	6.419706E+3
7.415152E+2	6.419428E+3
7.417654E+2	6.422706E+3
7.420156E+2	6.429045E+3
7.422657E+2	6.438264E+3
7.425159E+2	6.452657E+3
7.427660E+2	6.472395E+3
7.430161E+2	6.500455E+3
7.432662E+2	6.542198E+3
7.435164E+2	6.607581E+3
7.437665E+2	6.702788E+3
7.440165E+2	6.797285E+3
7.442666E+2	6.871865E+3
7.445167E+2	6.926515E+3
7.447668E+2	6.968040E+3
7.450168E+2	7.001641E+3
7.452669E+2	7.027990E+3
7.455169E+2	7.041936E+3
7.457669E+2	7.050258E+3
7.460170E+2	7.056510E+3
7.462670E+2	7.064034E+3
7.465170E+2	7.071171E+3
7.467670E+2	7.079608E+3
7.470170E+2	7.091094E+3
7.472670E+2	7.106826E+3
7.475169E+2	7.131329E+3
7.477669E+2	7.153466E+3
7.480168E+2	7.167624E+3
7.482668E+2	7.176728E+3
7.485167E+2	7.187160E+3
7.487666E+2	7.200668E+3
7.490166E+2	7.217182E+3
7.492665E+2	7.231143E+3
7.495164E+2	7.241936E+3
7.497663E+2	7.252936E+3
7.500161E+2	7.265045E+3
7.502660E+2	7.275160E+3
7.505159E+2	7.284892E+3
7.507657E+2	7.291116E+3
7.510156E+2	7.296908E+3
7.512654E+2	7.299952E+3
7.515152E+2	7.301318E+3
7.517651E+2	7.302258E+3
7.520149E+2	7.303357E+3
7.522647E+2	7.305078E+3
7.525145E+2	7.309389E+3
7.527643E+2	7.314772E+3
7.530140E+2	7.323548E+3
7.532638E+2	7.331586E+3
7.535136E+2	7.339837E+3
7.537633E+2	7.345280E+3
7.540131E+2	7.352624E+3
7.542628E+2	7.362783E+3
7.545125E+2	7.373154E+3
7.547622E+2	7.380799E+3
7.550119E+2	7.387007E+3
7.552616E+2	7.388635E+3
7.555113E+2	7.389630E+3
7.557610E+2	7.389296E+3
7.560107E+2	7.387318E+3
7.562603E+2	7.386816E+3
7.565100E+2	7.385198E+3
7.567596E+2	7.381591E+3
7.570093E+2	7.376597E+3
7.572589E+2	7.367564E+3
7.575085E+2	7.354843E+3
7.577581E+2	7.337089E+3
7.580077E+2	7.313635E+3
7.582573E+2	7.284630E+3
7.585069E+2	7.241007E+3
7.587565E+2	7.173061E+3
7.590060E+2	7.073384E+3
7.592556E+2	6.976111E+3
7.595051E+2	6.898701E+3
7.597547E+2	6.841597E+3
7.600042E+2	6.797422E+3
7.602537E+2	6.757712E+3
7.605032E+2	6.725291E+3
7.607527E+2	6.703007E+3
7.610022E+2	6.688236E+3
7.612517E+2	6.675635E+3
7.615012E+2	6.663990E+3
7.617507E+2	6.654089E+3
7.620001E+2	6.645690E+3
7.622496E+2	6.633460E+3
7.624990E+2	6.615455E+3
7.627485E+2	6.588466E+3
7.629979E+2	6.562575E+3
7.632473E+2	6.545231E+3
7.634967E+2	6.533668E+3
7.637461E+2	6.519324E+3
7.639955E+2	6.500805E+3
7.642449E+2	6.478253E+3
7.644942E+2	6.456367E+3
7.647436E+2	6.436635E+3
7.649930E+2	6.415193E+3
7.652423E+2	6.393570E+3
7.654916E+2	6.371602E+3
7.657410E+2	6.349887E+3
7.659903E+2	6.331816E+3
7.662396E+2	6.314881E+3
7.664889E+2	6.300641E+3
7.667382E+2	6.287346E+3
7.669875E+2	6.274269E+3
7.672367E+2	6.262018E+3
7.674860E+2	6.248291E+3
7.677353E+2	6.231499E+3
7.679845E+2	6.212755E+3
7.682337E+2	6.191176E+3
7.684830E+2	6.169974E+3
7.687322E+2	6.151668E+3
7.689814E+2	6.136958E+3
7.692306E+2	6.120214E+3
7.694798E+2	6.101908E+3
7.697290E+2	6.082280E+3
7.699782E+2	6.067116E+3
7.702273E+2	6.053581E+3
7.704765E+2	6.043176E+3
7.707256E+2	6.033067E+3
7.709748E+2	6.024668E+3
7.712239E+2	6.018056E+3
7.714730E+2	6.011111E+3
7.717222E+2	6.006029E+3
7.719713E+2	6.002231E+3
7.722204E+2	5.996493E+3
7.724694E+2	5.992122E+3
7.727185E+2	5.988258E+3
7.729676E+2	5.984324E+3
7.732167E+2	5.979269E+3
7.734657E+2	5.971979E+3
7.737147E+2	5.964887E+3
7.739638E+2	5.956324E+3
7.742128E+2	5.949122E+3
7.744618E+2	5.938302E+3
7.747108E+2	5.926832E+3
7.749598E+2	5.914947E+3
7.752088E+2	5.902772E+3
7.754578E+2	5.892581E+3
7.757068E+2	5.884373E+3
7.759557E+2	5.877597E+3
7.762047E+2	5.870586E+3
7.764536E+2	5.864285E+3
7.767026E+2	5.856744E+3
7.769515E+2	5.846996E+3
7.772004E+2	5.835608E+3
7.774493E+2	5.824089E+3
7.776982E+2	5.811061E+3
7.779471E+2	5.800247E+3
7.781960E+2	5.789843E+3
7.784449E+2	5.778040E+3
7.786938E+2	5.765204E+3
7.789426E+2	5.754510E+3
7.791915E+2	5.744673E+3
7.794403E+2	5.737635E+3
7.796891E+2	5.733881E+3
7.799380E+2	5.731171E+3
7.801868E+2	5.731302E+3
7.804356E+2	5.729242E+3
7.806844E+2	5.725936E+3
7.809332E+2	5.722143E+3
7.811819E+2	5.717936E+3
7.814307E+2	5.714313E+3
7.816795E+2	5.711881E+3
7.819282E+2	5.709193E+3
7.821770E+2	5.705772E+3
7.824257E+2	5.702029E+3
7.826744E+2	5.697996E+3
7.829231E+2	5.693848E+3
7.831718E+2	5.689275E+3
7.834205E+2	5.684285E+3
7.836692E+2	5.678001E+3
7.839179E+2	5.670510E+3
7.841666E+2	5.661876E+3
7.844152E+2	5.652477E+3
7.846639E+2	5.644154E+3
7.849125E+2	5.635067E+3
7.851612E+2	5.624466E+3
7.854098E+2	5.613395E+3
7.856584E+2	5.601750E+3
7.859070E+2	5.590630E+3
7.861556E+2	5.578193E+3
7.864042E+2	5.565969E+3
7.866528E+2	5.551548E+3
7.869014E+2	5.536067E+3
7.871499E+2	5.518963E+3
7.873985E+2	5.502772E+3
7.876470E+2	5.486154E+3
7.878956E+2	5.469258E+3
7.881441E+2	5.453810E+3
7.883926E+2	5.439378E+3
7.886411E+2	5.426504E+3
7.888896E+2	5.414346E+3
7.891381E+2	5.403302E+3
7.893866E+2	5.392220E+3
7.896351E+2	5.382635E+3
7.898835E+2	5.374198E+3
7.901320E+2	5.366646E+3
7.903804E+2	5.359515E+3
7.906289E+2	5.351990E+3
7.908773E+2	5.344848E+3
7.911257E+2	5.336799E+3
7.913742E+2	5.328947E+3
7.916226E+2	5.320122E+3
7.918709E+2	5.309772E+3
7.921193E+2	5.300548E+3
7.923677E+2	5.289171E+3
7.926161E+2	5.277668E+3
7.928644E+2	5.268422E+3
7.931128E+2	5.258488E+3
7.933611E+2	5.249449E+3
7.936095E+2	5.240564E+3
7.938578E+2	5.230351E+3
7.941061E+2	5.218291E+3
7.943544E+2	5.204832E+3
7.946027E+2	5.189324E+3
7.948510E+2	5.171941E+3
7.950993E+2	5.153029E+3
7.953475E+2	5.134542E+3
7.955958E+2	5.117559E+3
7.958440E+2	5.100247E+3
7.960923E+2	5.084378E+3
7.963405E+2	5.067679E+3
7.965887E+2	5.049684E+3
7.968370E+2	5.032214E+3
7.970852E+2	5.015318E+3
7.973334E+2	4.999116E+3
7.975816E+2	4.983225E+3
7.978297E+2	4.970433E+3
7.980779E+2	4.958225E+3
7.983261E+2	4.946154E+3
7.985742E+2	4.934668E+3
7.988224E+2	4.924734E+3
7.990705E+2	4.914204E+3
7.993186E+2	4.902881E+3
7.995668E+2	4.892318E+3
7.998149E+2	4.879854E+3
8.000630E+2	4.870482E+3
8.003111E+2	4.860165E+3
8.005591E+2	4.850149E+3
8.008072E+2	4.840728E+3
8.010553E+2	4.829848E+3
8.013033E+2	4.817788E+3
8.015514E+2	4.804941E+3
8.017994E+2	4.793504E+3
8.020474E+2	4.781635E+3
8.022955E+2	4.771072E+3
8.025435E+2	4.761198E+3
8.027915E+2	4.750974E+3
8.030395E+2	4.741548E+3
8.032874E+2	4.731078E+3
8.035354E+2	4.720023E+3
8.037834E+2	4.706712E+3
8.040313E+2	4.694100E+3
8.042793E+2	4.680881E+3
8.045272E+2	4.668204E+3
8.047752E+2	4.655559E+3
8.050231E+2	4.642411E+3
8.052710E+2	4.631389E+3
8.055189E+2	4.621471E+3
8.057668E+2	4.613947E+3
8.060147E+2	4.608056E+3
8.062625E+2	4.602914E+3
8.065104E+2	4.597318E+3
8.067583E+2	4.591908E+3
8.070061E+2	4.587821E+3
8.072540E+2	4.582411E+3
8.075018E+2	4.578897E+3
8.077496E+2	4.575728E+3
8.079974E+2	4.572318E+3
8.082452E+2	4.570067E+3
8.084930E+2	4.567925E+3
8.087408E+2	4.567570E+3
8.089886E+2	4.566351E+3
8.092364E+2	4.565843E+3
8.094841E+2	4.565974E+3
8.097319E+2	4.566138E+3
8.099796E+2	4.566291E+3
8.102273E+2	4.568488E+3
8.104751E+2	4.570750E+3
8.107228E+2	4.572810E+3
8.109705E+2	4.576482E+3
8.112182E+2	4.578914E+3
8.114659E+2	4.580515E+3
8.117135E+2	4.581684E+3
8.119612E+2	4.580307E+3
8.122089E+2	4.576488E+3
8.124565E+2	4.571996E+3
8.127042E+2	4.565346E+3
8.129518E+2	4.556389E+3
8.131994E+2	4.547061E+3
8.134470E+2	4.536969E+3
8.136946E+2	4.526602E+3
8.139422E+2	4.515329E+3
8.141898E+2	4.503477E+3
8.144374E+2	4.492673E+3
8.146850E+2	4.481280E+3
8.149325E+2	4.470597E+3
8.151801E+2	4.457395E+3
8.154276E+2	4.444750E+3
8.156752E+2	4.432444E+3
8.159227E+2	4.420750E+3
8.161702E+2	4.410652E+3
8.164177E+2	4.403111E+3
8.166652E+2	4.395914E+3
8.169127E+2	4.389663E+3
8.171602E+2	4.382553E+3
8.174077E+2	4.374275E+3
8.176551E+2	4.365231E+3
8.179026E+2	4.355963E+3
8.181500E+2	4.346154E+3
8.183975E+2	4.336843E+3
8.186449E+2	4.327072E+3
8.188923E+2	4.319652E+3
8.191397E+2	4.310903E+3
8.193871E+2	4.302422E+3
8.196345E+2	4.294067E+3
8.198819E+2	4.284488E+3
8.201293E+2	4.274897E+3
8.203766E+2	4.261657E+3
8.206240E+2	4.247493E+3
8.208713E+2	4.231067E+3
8.211187E+2	4.212351E+3
8.213660E+2	4.192302E+3
8.216133E+2	4.171160E+3
8.218606E+2	4.149887E+3
8.221079E+2	4.126821E+3
8.223552E+2	4.103930E+3
8.226025E+2	4.080236E+3
8.228498E+2	4.057548E+3
8.230970E+2	4.034067E+3
8.233443E+2	4.008269E+3
8.235915E+2	3.982143E+3
8.238388E+2	3.954564E+3
8.240860E+2	3.928204E+3
8.243332E+2	3.902422E+3
8.245804E+2	3.876865E+3
8.248276E+2	3.851783E+3
8.250748E+2	3.827122E+3
8.253220E+2	3.801417E+3
8.255692E+2	3.775149E+3
8.258163E+2	3.748122E+3
8.260635E+2	3.721734E+3
8.263106E+2	3.694766E+3
8.265578E+2	3.668395E+3
8.268049E+2	3.643482E+3
8.270520E+2	3.619805E+3
8.272991E+2	3.597198E+3
8.275462E+2	3.574591E+3
8.277933E+2	3.553357E+3
8.280404E+2	3.532340E+3
8.282875E+2	3.512264E+3
8.285345E+2	3.493717E+3
8.287816E+2	3.475220E+3
8.290287E+2	3.456837E+3
8.292757E+2	3.439138E+3
8.295227E+2	3.421045E+3
8.297697E+2	3.403449E+3
8.300168E+2	3.384466E+3
8.302638E+2	3.366269E+3
8.305107E+2	3.348548E+3
8.307577E+2	3.329876E+3
8.310047E+2	3.310586E+3
8.312517E+2	3.291078E+3
8.314986E+2	3.270357E+3
8.317456E+2	3.249761E+3
8.319925E+2	3.228843E+3
8.322394E+2	3.208947E+3
8.324864E+2	3.190143E+3
8.327333E+2	3.171701E+3
8.329802E+2	3.153111E+3
8.332271E+2	3.134826E+3
8.334740E+2	3.115269E+3
8.337208E+2	3.097264E+3
8.339677E+2	3.078182E+3
8.342146E+2	3.058706E+3
8.344614E+2	3.039575E+3
8.347082E+2	3.020870E+3
8.349551E+2	3.004367E+3
8.352019E+2	2.986952E+3
8.354487E+2	2.971198E+3
8.356955E+2	2.955695E+3
8.359423E+2	2.939712E+3
8.361891E+2	2.924750E+3
8.364359E+2	2.910176E+3
8.366826E+2	2.896471E+3
8.369294E+2	2.882805E+3
8.371761E+2	2.870744E+3
8.374229E+2	2.858346E+3
8.376696E+2	2.846826E+3
8.379163E+2	2.834417E+3
8.381630E+2	2.822695E+3
8.384097E+2	2.811575E+3
8.386564E+2	2.800947E+3
8.389031E+2	2.790367E+3
8.391498E+2	2.780438E+3
8.393965E+2	2.770023E+3
8.396431E+2	2.760050E+3
8.398898E+2	2.749695E+3
8.401364E+2	2.739422E+3
8.403830E+2	2.730023E+3
8.406297E+2	2.719663E+3
8.408763E+2	2.709357E+3
8.411229E+2	2.697537E+3
8.413695E+2	2.686182E+3
8.416161E+2	2.675187E+3
8.418626E+2	2.664755E+3
8.421092E+2	2.653772E+3
8.423558E+2	2.643400E+3
8.426023E+2	2.633422E+3
8.428489E+2	2.623646E+3
8.430954E+2	2.613805E+3
8.433419E+2	2.603542E+3
8.435884E+2	2.593105E+3
8.438349E+2	2.583007E+3
8.440814E+2	2.573176E+3
8.443279E+2	2.563466E+3
8.445744E+2	2.553285E+3
8.448208E+2	2.543641E+3
8.450673E+2	2.534706E+3
8.453138E+2	2.526094E+3
8.455602E+2	2.517018E+3
8.458066E+2	2.508963E+3
8.460530E+2	2.500231E+3
8.462995E+2	2.491996E+3
8.465459E+2	2.483285E+3
8.467923E+2	2.475100E+3
8.470386E+2	2.466826E+3
8.472850E+2	2.459023E+3
8.475314E+2	2.450171E+3
8.477777E+2	2.442094E+3
8.480241E+2	2.434105E+3
8.482704E+2	2.426029E+3
8.485168E+2	2.418723E+3
8.487631E+2	2.410499E+3
8.490094E+2	2.402122E+3
8.492557E+2	2.394663E+3
8.495020E+2	2.387897E+3
8.497483E+2	2.380531E+3
8.499946E+2	2.372225E+3
8.502408E+2	2.365072E+3
8.504871E+2	2.357422E+3
8.507333E+2	2.349018E+3
8.509796E+2	2.340936E+3
8.512258E+2	2.332531E+3
8.514720E+2	2.324979E+3
8.517182E+2	2.317373E+3
8.519644E+2	2.310029E+3
8.522106E+2	2.301428E+3
8.524568E+2	2.294018E+3
8.527030E+2	2.285979E+3
8.529492E+2	2.278296E+3
8.531953E+2	2.270652E+3
8.534415E+2	2.262816E+3
8.536876E+2	2.254384E+3
8.539337E+2	2.246291E+3
8.541799E+2	2.238209E+3
8.544260E+2	2.230100E+3
8.546721E+2	2.222635E+3
8.549182E+2	2.215597E+3
8.551643E+2	2.208493E+3
8.554103E+2	2.199979E+3
8.556564E+2	2.192258E+3
8.559024E+2	2.184613E+3
8.561485E+2	2.177526E+3
8.563945E+2	2.170652E+3
8.566406E+2	2.163870E+3
8.568866E+2	2.156717E+3
8.571326E+2	2.149548E+3
8.573786E+2	2.142307E+3
8.576246E+2	2.135072E+3
8.578706E+2	2.128378E+3
8.581166E+2	2.122149E+3
8.583625E+2	2.116105E+3
8.586085E+2	2.109635E+3
8.588544E+2	2.102646E+3
8.591004E+2	2.095936E+3
8.593463E+2	2.089652E+3
8.595922E+2	2.083706E+3
8.598381E+2	2.077187E+3
8.600840E+2	2.070460E+3
8.603299E+2	2.064280E+3
8.605758E+2	2.057548E+3
8.608217E+2	2.050291E+3
8.610675E+2	2.044083E+3
8.613134E+2	2.036881E+3
8.615592E+2	2.030848E+3
8.618051E+2	2.023805E+3
8.620509E+2	2.016848E+3
8.622967E+2	2.009340E+3
8.625425E+2	2.002837E+3
8.627883E+2	1.994914E+3
8.630341E+2	1.987504E+3
8.632799E+2	1.979996E+3
8.635257E+2	1.973220E+3
8.637715E+2	1.965515E+3
8.640172E+2	1.957663E+3
8.642630E+2	1.949772E+3
8.645087E+2	1.942127E+3
8.647544E+2	1.933914E+3
8.650001E+2	1.926728E+3
8.652459E+2	1.919078E+3
8.654916E+2	1.911969E+3
8.657372E+2	1.904919E+3
8.659829E+2	1.898329E+3
8.662286E+2	1.891777E+3
8.664743E+2	1.884897E+3
8.667199E+2	1.877766E+3
8.669656E+2	1.870007E+3
8.672112E+2	1.863531E+3
8.674568E+2	1.857231E+3
8.677024E+2	1.850963E+3
8.679481E+2	1.844187E+3
8.681937E+2	1.837755E+3
8.684392E+2	1.830914E+3
8.686848E+2	1.825083E+3
8.689304E+2	1.818832E+3
8.691760E+2	1.812357E+3
8.694215E+2	1.805908E+3
8.696671E+2	1.798734E+3
8.699126E+2	1.792138E+3
8.701581E+2	1.785772E+3
8.704036E+2	1.779111E+3
8.706491E+2	1.772559E+3
8.708946E+2	1.765734E+3
8.711401E+2	1.758826E+3
8.713856E+2	1.753018E+3
8.716311E+2	1.746990E+3
8.718766E+2	1.740936E+3
8.721220E+2	1.734936E+3
8.723674E+2	1.728340E+3
8.726129E+2	1.722083E+3
8.728583E+2	1.715865E+3
8.731037E+2	1.709247E+3
8.733491E+2	1.702482E+3
8.735945E+2	1.696400E+3
8.738399E+2	1.690608E+3
8.740853E+2	1.685138E+3
8.743307E+2	1.678990E+3
8.745760E+2	1.672810E+3
8.748214E+2	1.666537E+3
8.750667E+2	1.660520E+3
8.753121E+2	1.653859E+3
8.755574E+2	1.647608E+3
8.758027E+2	1.641542E+3
8.760480E+2	1.635646E+3
8.762933E+2	1.629826E+3
8.765386E+2	1.623367E+3
8.767839E+2	1.617116E+3
8.770291E+2	1.611384E+3
8.772744E+2	1.606367E+3
8.775196E+2	1.600695E+3
8.777649E+2	1.595482E+3
8.780101E+2	1.590198E+3
8.782553E+2	1.584854E+3
8.785006E+2	1.579111E+3
8.787458E+2	1.574160E+3
8.789910E+2	1.569346E+3
8.792361E+2	1.564969E+3
8.794813E+2	1.559914E+3
8.797265E+2	1.555307E+3
8.799717E+2	1.549969E+3
8.802168E+2	1.545193E+3
8.804619E+2	1.540050E+3
8.807071E+2	1.535029E+3
8.809522E+2	1.529750E+3
8.811973E+2	1.523832E+3
8.814424E+2	1.518335E+3
8.816875E+2	1.513329E+3
8.819326E+2	1.508821E+3
8.821777E+2	1.504029E+3
8.824227E+2	1.498438E+3
8.826678E+2	1.493438E+3
8.829128E+2	1.489214E+3
8.831579E+2	1.483969E+3
8.834029E+2	1.479969E+3
8.836479E+2	1.475138E+3
8.838929E+2	1.470411E+3
8.841379E+2	1.465859E+3
8.843829E+2	1.461275E+3
8.846279E+2	1.456663E+3
8.848729E+2	1.452056E+3
8.851179E+2	1.447253E+3
8.853628E+2	1.442646E+3
8.856078E+2	1.437969E+3
8.858527E+2	1.433488E+3
8.860976E+2	1.429209E+3
8.863425E+2	1.424242E+3
8.865875E+2	1.419417E+3
8.868324E+2	1.414127E+3
8.870772E+2	1.409220E+3
8.873221E+2	1.405220E+3
8.875670E+2	1.400854E+3
8.878119E+2	1.396127E+3
8.880567E+2	1.391766E+3
8.883016E+2	1.387231E+3
8.885464E+2	1.382531E+3
8.887912E+2	1.378122E+3
8.890360E+2	1.373335E+3
8.892809E+2	1.368285E+3
8.895257E+2	1.363269E+3
8.897704E+2	1.358351E+3
8.900152E+2	1.353826E+3
8.902600E+2	1.349198E+3
8.905048E+2	1.344969E+3
8.907495E+2	1.340428E+3
8.909943E+2	1.335520E+3
8.912390E+2	1.330695E+3
8.914837E+2	1.326253E+3
8.917284E+2	1.321990E+3
8.919731E+2	1.316969E+3
8.922178E+2	1.311816E+3
8.924625E+2	1.307663E+3
8.927072E+2	1.303204E+3
8.929519E+2	1.298198E+3
8.931965E+2	1.293788E+3
8.934412E+2	1.289275E+3
8.936858E+2	1.285050E+3
8.939305E+2	1.280930E+3
8.941751E+2	1.276433E+3
8.944197E+2	1.271744E+3
8.946643E+2	1.266728E+3
8.949089E+2	1.262351E+3
8.951535E+2	1.257570E+3
8.953981E+2	1.252794E+3
8.956426E+2	1.248346E+3
8.958872E+2	1.243925E+3
8.961317E+2	1.239990E+3
8.963763E+2	1.235930E+3
8.966208E+2	1.231346E+3
8.968653E+2	1.226941E+3
8.971098E+2	1.222034E+3
8.973543E+2	1.217444E+3
8.975988E+2	1.212455E+3
8.978433E+2	1.207766E+3
8.980878E+2	1.203132E+3
8.983323E+2	1.198510E+3
8.985767E+2	1.193985E+3
8.988212E+2	1.189258E+3
8.990656E+2	1.184575E+3
8.993100E+2	1.180296E+3
8.995545E+2	1.175969E+3
8.997989E+2	1.171122E+3
9.000433E+2	1.166367E+3
9.002877E+2	1.161816E+3
9.005320E+2	1.157225E+3
9.007764E+2	1.153083E+3
9.010208E+2	1.148586E+3
9.012651E+2	1.144040E+3
9.015095E+2	1.139455E+3
9.017538E+2	1.135143E+3
9.019981E+2	1.130646E+3
9.022425E+2	1.126214E+3
9.024868E+2	1.121969E+3
9.027311E+2	1.117193E+3
9.029754E+2	1.112892E+3
9.032196E+2	1.108695E+3
9.034639E+2	1.104438E+3
9.037082E+2	1.099668E+3
9.039524E+2	1.095285E+3
9.041967E+2	1.091094E+3
9.044409E+2	1.087089E+3
9.046851E+2	1.083351E+3
9.049293E+2	1.079395E+3
9.051736E+2	1.074690E+3
9.054177E+2	1.070193E+3
9.056619E+2	1.066067E+3
9.059061E+2	1.061969E+3
9.061503E+2	1.057690E+3
9.063944E+2	1.053504E+3
9.066386E+2	1.049204E+3
9.068827E+2	1.045373E+3
9.071269E+2	1.041581E+3
9.073710E+2	1.036734E+3
9.076151E+2	1.032635E+3
9.078592E+2	1.028728E+3
9.081033E+2	1.024635E+3
9.083474E+2	1.020449E+3
9.085915E+2	1.015695E+3
9.088355E+2	1.010958E+3
9.090796E+2	1.006586E+3
9.093236E+2	1.002225E+3
9.095677E+2	9.980997E+2
9.098117E+2	9.934275E+2
9.100557E+2	9.889740E+2
9.102997E+2	9.843893E+2
9.105437E+2	9.797226E+2
9.107877E+2	9.757773E+2
9.110317E+2	9.719139E+2
9.112757E+2	9.677062E+2
9.115197E+2	9.635860E+2
9.117636E+2	9.592745E+2
9.120076E+2	9.549959E+2
9.122515E+2	9.503292E+2
9.124954E+2	9.458265E+2
9.127393E+2	9.417226E+2
9.129832E+2	9.379959E+2
9.132271E+2	9.337226E+2
9.134710E+2	9.296898E+2
9.137149E+2	9.254275E+2
9.139588E+2	9.214877E+2
9.142026E+2	9.170177E+2
9.144465E+2	9.127172E+2
9.146903E+2	9.086571E+2
9.149342E+2	9.040833E+2
9.151780E+2	8.997281E+2
9.154218E+2	8.957663E+2
9.156656E+2	8.910833E+2
9.159094E+2	8.868483E+2
9.161532E+2	8.824549E+2
9.163970E+2	8.781161E+2
9.166408E+2	8.735532E+2
9.168845E+2	8.694603E+2
9.171283E+2	8.647663E+2
9.173720E+2	8.602691E+2
9.176157E+2	8.566407E+2
9.178595E+2	8.526844E+2
9.181032E+2	8.482636E+2
9.183469E+2	8.436461E+2
9.185906E+2	8.393674E+2
9.188343E+2	8.346844E+2
9.190779E+2	8.304112E+2
9.193216E+2	8.258428E+2
9.195653E+2	8.214221E+2
9.198089E+2	8.166188E+2
9.200525E+2	8.128046E+2
9.202962E+2	8.086079E+2
9.205398E+2	8.038046E+2
9.207834E+2	7.992636E+2
9.210270E+2	7.949467E+2
9.212706E+2	7.910833E+2
9.215142E+2	7.867718E+2
9.217577E+2	7.818975E+2
9.220013E+2	7.770286E+2
9.222449E+2	7.719467E+2
9.224884E+2	7.677390E+2
9.227319E+2	7.632527E+2
9.229755E+2	7.584494E+2
9.232190E+2	7.536844E+2
9.234625E+2	7.493620E+2
9.237060E+2	7.448265E+2
9.239495E+2	7.404603E+2
9.241930E+2	7.355915E+2
9.244364E+2	7.308210E+2
9.246799E+2	7.262800E+2
9.249233E+2	7.215915E+2
9.251668E+2	7.171707E+2
9.254102E+2	7.121926E+2
9.256536E+2	7.072636E+2
9.258971E+2	7.019412E+2
9.261405E+2	6.971816E+2
9.263839E+2	6.924822E+2
9.266272E+2	6.876407E+2
9.268706E+2	6.830122E+2
9.271140E+2	6.785860E+2
9.273573E+2	6.740232E+2
9.276007E+2	6.686079E+2
9.278440E+2	6.635915E+2
9.280874E+2	6.582745E+2
9.283307E+2	6.527554E+2
9.285740E+2	6.478756E+2
9.288173E+2	6.427226E+2
9.290606E+2	6.375314E+2
9.293039E+2	6.321926E+2
9.295471E+2	6.266680E+2
9.297904E+2	6.218428E+2
9.300337E+2	6.165532E+2
9.302769E+2	6.109084E+2
9.305201E+2	6.053565E+2
9.307634E+2	5.996024E+2
9.310066E+2	5.939521E+2
9.312498E+2	5.884549E+2
9.314930E+2	5.830068E+2
9.317362E+2	5.769139E+2
9.319794E+2	5.707991E+2
9.322225E+2	5.649685E+2
9.324657E+2	5.590232E+2
9.327088E+2	5.522909E+2
9.329520E+2	5.462527E+2
9.331951E+2	5.406243E+2
9.334382E+2	5.348101E+2
9.336814E+2	5.290286E+2
9.339245E+2	5.227172E+2
9.341676E+2	5.165204E+2
9.344106E+2	5.107390E+2
9.346537E+2	5.049795E+2
9.348968E+2	4.991598E+2
9.351398E+2	4.932581E+2
9.353829E+2	4.875642E+2
9.356259E+2	4.815423E+2
9.358690E+2	4.762035E+2
9.361120E+2	4.699412E+2
9.363550E+2	4.644385E+2
9.365980E+2	4.591762E+2
9.368410E+2	4.538046E+2
9.370840E+2	4.492363E+2
9.373269E+2	4.432745E+2
9.375699E+2	4.377336E+2
9.378129E+2	4.325423E+2
9.380558E+2	4.273401E+2
9.382987E+2	4.220177E+2
9.385417E+2	4.169357E+2
9.387846E+2	4.115314E+2
9.390275E+2	4.070286E+2
9.392704E+2	4.025368E+2
9.395133E+2	3.981762E+2
9.397562E+2	3.933674E+2
9.399990E+2	3.886789E+2
9.402419E+2	3.844931E+2
9.404847E+2	3.801871E+2
9.407276E+2	3.761816E+2
9.409704E+2	3.716680E+2
9.412132E+2	3.672418E+2
9.414560E+2	3.635587E+2
9.416988E+2	3.593073E+2
9.419416E+2	3.554822E+2
9.421844E+2	3.516571E+2
9.424272E+2	3.480341E+2
9.426700E+2	3.442745E+2
9.429127E+2	3.408975E+2
9.431555E+2	3.377718E+2
9.433982E+2	3.346734E+2
9.436409E+2	3.311926E+2
9.438837E+2	3.284166E+2
9.441264E+2	3.258920E+2
9.443691E+2	3.234002E+2
9.446118E+2	3.210232E+2
9.448544E+2	3.191816E+2
9.450971E+2	3.170997E+2
9.453398E+2	3.155314E+2
9.455824E+2	3.136516E+2
9.458251E+2	3.121543E+2
9.460677E+2	3.106789E+2
9.463103E+2	3.094931E+2
9.465530E+2	3.083128E+2
9.467956E+2	3.073838E+2
9.470382E+2	3.060177E+2
9.472807E+2	3.047882E+2
9.475233E+2	3.041707E+2
9.477659E+2	3.033893E+2
9.480084E+2	3.024986E+2
9.482510E+2	3.021489E+2
9.484935E+2	3.019576E+2
9.487361E+2	3.020997E+2
9.489786E+2	3.023128E+2
9.492211E+2	3.015915E+2
9.494636E+2	3.014877E+2
9.497061E+2	3.011325E+2
9.499486E+2	3.007336E+2
9.501911E+2	3.011215E+2
9.504335E+2	3.012855E+2
9.506760E+2	3.005532E+2
9.509184E+2	3.005368E+2
9.511609E+2	3.001762E+2
9.514033E+2	3.001215E+2
9.516457E+2	3.001270E+2
9.518881E+2	3.000887E+2
9.521305E+2	3.000505E+2
9.523729E+2	3.006898E+2
9.526153E+2	3.010833E+2
9.528576E+2	3.011106E+2
9.531000E+2	3.012472E+2
9.533424E+2	3.014877E+2
9.535847E+2	3.016133E+2
9.538270E+2	3.015587E+2
9.540694E+2	3.014166E+2
9.543117E+2	3.009685E+2
9.545540E+2	3.011653E+2
9.547963E+2	3.012308E+2
9.550386E+2	3.014658E+2
9.552808E+2	3.014221E+2
9.555231E+2	3.013784E+2
9.557654E+2	3.011980E+2
9.560076E+2	3.013620E+2
9.562498E+2	3.008155E+2
9.564921E+2	3.010122E+2
9.567343E+2	3.008592E+2
9.569765E+2	3.009467E+2
9.572187E+2	3.009412E+2
9.574609E+2	3.007390E+2
9.577031E+2	3.004439E+2
9.579452E+2	3.003948E+2
9.581874E+2	3.001980E+2
9.584296E+2	3.002199E+2
9.586717E+2	2.997554E+2
9.589138E+2	2.990013E+2
9.591560E+2	2.987390E+2
9.593981E+2	2.980614E+2
9.596402E+2	2.974002E+2
9.598823E+2	2.968866E+2
9.601244E+2	2.958265E+2
9.603664E+2	2.956571E+2
9.606085E+2	2.949139E+2
9.608506E+2	2.941106E+2
9.610926E+2	2.930724E+2
9.613347E+2	2.926844E+2
9.615767E+2	2.917609E+2
9.618187E+2	2.915696E+2
9.620607E+2	2.906844E+2
9.623027E+2	2.901653E+2
9.625447E+2	2.897117E+2
9.627867E+2	2.887226E+2
9.630287E+2	2.872909E+2
9.632706E+2	2.860396E+2
9.635126E+2	2.851106E+2
9.637545E+2	2.841980E+2
9.639965E+2	2.838483E+2
9.642384E+2	2.829521E+2
9.644803E+2	2.819740E+2
9.647222E+2	2.810614E+2
9.649641E+2	2.796024E+2
9.652060E+2	2.787773E+2
9.654479E+2	2.782035E+2
9.656897E+2	2.769849E+2
9.659316E+2	2.760122E+2
9.661734E+2	2.746898E+2
9.664153E+2	2.734986E+2
9.666571E+2	2.723565E+2
9.668989E+2	2.721106E+2
9.671408E+2	2.709849E+2
9.673826E+2	2.697172E+2
9.676243E+2	2.689248E+2
9.678661E+2	2.676953E+2
9.681079E+2	2.667773E+2
9.683497E+2	2.656297E+2
9.685914E+2	2.646352E+2
9.688332E+2	2.636571E+2
9.690749E+2	2.627500E+2
9.693166E+2	2.614658E+2
9.695583E+2	2.604057E+2
9.698001E+2	2.590724E+2
9.700417E+2	2.576516E+2
9.702834E+2	2.560505E+2
9.705251E+2	2.548265E+2
9.707668E+2	2.534822E+2
9.710084E+2	2.524549E+2
9.712501E+2	2.515314E+2
9.714917E+2	2.504166E+2
9.717334E+2	2.492472E+2
9.719750E+2	2.480778E+2
9.722166E+2	2.467937E+2
9.724582E+2	2.458155E+2
9.726998E+2	2.443948E+2
9.729414E+2	2.430122E+2
9.731830E+2	2.413838E+2
9.734245E+2	2.399849E+2
9.736661E+2	2.387281E+2
9.739076E+2	2.373674E+2
9.741492E+2	2.357827E+2
9.743907E+2	2.344713E+2
9.746322E+2	2.333347E+2
9.748737E+2	2.323401E+2
9.751152E+2	2.311379E+2
9.753567E+2	2.297827E+2
9.755982E+2	2.284439E+2
9.758396E+2	2.273292E+2
9.760811E+2	2.256898E+2
9.763226E+2	2.250450E+2
9.765640E+2	2.236734E+2
9.768054E+2	2.223237E+2
9.770468E+2	2.208210E+2
9.772883E+2	2.195204E+2
9.775297E+2	2.183674E+2
9.777711E+2	2.174931E+2
9.780124E+2	2.162691E+2
9.782538E+2	2.147226E+2
9.784952E+2	2.133237E+2
9.787365E+2	2.116024E+2
9.789779E+2	2.102308E+2
9.792192E+2	2.091434E+2
9.794605E+2	2.079521E+2
9.797019E+2	2.067991E+2
9.799432E+2	2.054603E+2
9.801845E+2	2.042581E+2
9.804257E+2	2.036243E+2
9.806670E+2	2.029904E+2
9.809083E+2	2.022254E+2
9.811496E+2	2.015915E+2
9.813908E+2	2.001379E+2
9.816320E+2	1.982581E+2
9.818733E+2	1.967172E+2
9.821145E+2	1.953893E+2
9.823557E+2	1.939030E+2
9.825969E+2	1.930450E+2
9.828381E+2	1.919576E+2
9.830793E+2	1.909303E+2
9.833205E+2	1.895860E+2
9.835616E+2	1.884603E+2
9.838028E+2	1.871325E+2
9.840439E+2	1.862035E+2
9.842851E+2	1.849030E+2
9.845262E+2	1.835860E+2
9.847673E+2	1.826898E+2
9.850084E+2	1.819576E+2
9.852495E+2	1.812254E+2
9.854906E+2	1.802199E+2
9.857317E+2	1.789631E+2
9.859727E+2	1.773838E+2
9.862138E+2	1.765150E+2
9.864549E+2	1.754986E+2
9.866959E+2	1.741434E+2
9.869369E+2	1.732855E+2
9.871779E+2	1.721926E+2
9.874190E+2	1.713347E+2
9.876600E+2	1.705314E+2
9.879010E+2	1.702090E+2
9.881419E+2	1.696461E+2
9.883829E+2	1.693456E+2
9.886239E+2	1.680505E+2
9.888648E+2	1.674166E+2
9.891058E+2	1.667226E+2
9.893467E+2	1.659685E+2
9.895876E+2	1.651707E+2
9.898285E+2	1.642855E+2
9.900695E+2	1.637062E+2
9.903104E+2	1.630068E+2
9.905512E+2	1.623401E+2
9.907921E+2	1.619193E+2
9.910330E+2	1.612144E+2
9.912738E+2	1.605368E+2
9.915147E+2	1.602199E+2
9.917555E+2	1.598866E+2
9.919964E+2	1.593401E+2
9.922372E+2	1.588647E+2
9.924780E+2	1.582035E+2
9.927188E+2	1.574822E+2
9.929596E+2	1.571325E+2
9.932004E+2	1.562363E+2
9.934411E+2	1.553128E+2
9.936819E+2	1.544822E+2
9.939227E+2	1.534221E+2
9.941634E+2	1.528647E+2
9.944041E+2	1.525423E+2
9.946449E+2	1.520669E+2
9.948856E+2	1.514603E+2
9.951263E+2	1.504385E+2
9.953670E+2	1.493784E+2
9.956077E+2	1.487554E+2
9.958483E+2	1.479740E+2
9.960890E+2	1.474057E+2
9.963297E+2	1.467827E+2
9.965703E+2	1.458647E+2
9.968109E+2	1.454931E+2
9.970516E+2	1.447445E+2
9.972922E+2	1.437609E+2
9.975328E+2	1.425587E+2
9.977734E+2	1.415368E+2
9.980140E+2	1.407117E+2
9.982546E+2	1.398483E+2
9.984951E+2	1.394713E+2
9.987357E+2	1.384275E+2
9.989763E+2	1.378319E+2
9.992168E+2	1.373019E+2
9.994573E+2	1.365806E+2
9.996978E+2	1.356079E+2
9.999384E+2	1.345532E+2
1.000179E+3	1.333838E+2
1.000419E+3	1.324275E+2
1.000660E+3	1.317062E+2
1.000900E+3	1.306407E+2
1.001141E+3	1.297172E+2
1.001381E+3	1.292581E+2
1.001622E+3	1.282581E+2
1.001862E+3	1.276789E+2
1.002103E+3	1.267882E+2
1.002343E+3	1.257991E+2
1.002583E+3	1.248592E+2
1.002824E+3	1.237390E+2
1.003064E+3	1.226625E+2
1.003305E+3	1.222581E+2
1.003545E+3	1.215368E+2
1.003785E+3	1.203565E+2
1.004026E+3	1.193620E+2
1.004266E+3	1.185423E+2
1.004506E+3	1.174767E+2
1.004747E+3	1.166188E+2
1.004987E+3	1.155314E+2
1.005227E+3	1.144713E+2
1.005468E+3	1.133784E+2
1.005708E+3	1.121215E+2
1.005948E+3	1.109248E+2
1.006188E+3	1.102581E+2
1.006429E+3	1.093565E+2
1.006669E+3	1.084002E+2
1.006909E+3	1.076024E+2
1.007149E+3	1.065806E+2
1.007390E+3	1.062472E+2
1.007630E+3	1.051215E+2
1.007870E+3	1.042254E+2
1.008110E+3	1.035587E+2
1.008350E+3	1.031270E+2
1.008590E+3	1.027281E+2
1.008831E+3	1.018975E+2
1.009071E+3	1.008155E+2
1.009311E+3	9.974449E+1
1.009551E+3	9.869531E+1
1.009791E+3	9.789749E+1
1.010031E+3	9.702864E+1
1.010271E+3	9.616525E+1
1.010511E+3	9.500132E+1
1.010752E+3	9.450405E+1
1.010992E+3	9.395214E+1
1.011232E+3	9.359148E+1
1.011472E+3	9.261334E+1
1.011712E+3	9.204503E+1
1.011952E+3	9.138383E+1
1.012192E+3	9.088656E+1
1.012432E+3	9.021990E+1
1.012672E+3	8.937837E+1
1.012912E+3	8.910514E+1
1.013152E+3	8.815432E+1
1.013392E+3	8.748766E+1
1.013632E+3	8.662427E+1
1.013872E+3	8.588656E+1
1.014112E+3	8.518164E+1
1.014352E+3	8.466252E+1
1.014591E+3	8.442208E+1
1.014831E+3	8.407782E+1
1.015071E+3	8.395214E+1
1.015311E+3	8.314339E+1
1.015551E+3	8.232919E+1
1.015791E+3	8.165159E+1
1.016031E+3	8.113793E+1
1.016271E+3	8.078820E+1
1.016511E+3	7.987563E+1
1.016750E+3	7.942208E+1
1.016990E+3	7.869531E+1
1.017230E+3	7.784285E+1
1.017470E+3	7.743301E+1
1.017710E+3	7.681552E+1
1.017949E+3	7.618164E+1
1.018189E+3	7.544394E+1
1.018429E+3	7.481552E+1
1.018669E+3	7.437290E+1
1.018908E+3	7.356416E+1
1.019148E+3	7.297946E+1
1.019388E+3	7.218711E+1
1.019628E+3	7.199039E+1
1.019867E+3	7.153137E+1
1.020107E+3	7.079367E+1
1.020347E+3	7.006143E+1
1.020586E+3	6.919804E+1
1.020826E+3	6.829640E+1
1.021066E+3	6.735104E+1
1.021305E+3	6.682645E+1
1.021545E+3	6.644940E+1
1.021785E+3	6.588110E+1
1.022024E+3	6.507236E+1
1.022264E+3	6.470624E+1
1.022504E+3	6.423083E+1
1.022743E+3	6.391935E+1
1.022983E+3	6.347673E+1
1.023222E+3	6.284285E+1
1.023462E+3	6.222536E+1
1.023702E+3	6.150951E+1
1.023941E+3	6.096307E+1
1.024181E+3	6.074995E+1
1.024420E+3	6.014339E+1
1.024660E+3	5.964613E+1
1.024899E+3	5.912700E+1
1.025139E+3	5.879367E+1
1.025378E+3	5.786471E+1
1.025618E+3	5.725815E+1
1.025857E+3	5.630733E+1
1.026097E+3	5.547673E+1
1.026336E+3	5.471716E+1
1.026575E+3	5.421443E+1
1.026815E+3	5.359148E+1
1.027054E+3	5.329640E+1
1.027294E+3	5.327454E+1
1.027533E+3	5.244940E+1
1.027773E+3	5.197946E+1
1.028012E+3	5.185378E+1
1.028251E+3	5.159695E+1
1.028491E+3	5.132919E+1
1.028730E+3	5.088110E+1
1.028969E+3	5.024175E+1
1.029209E+3	4.952591E+1
1.029448E+3	4.920897E+1
1.029687E+3	4.901771E+1
1.029927E+3	4.863520E+1
1.030166E+3	4.825815E+1
1.030405E+3	4.772263E+1
1.030645E+3	4.665705E+1
1.030884E+3	4.598492E+1
1.031123E+3	4.563520E+1
1.031362E+3	4.518711E+1
1.031602E+3	4.523083E+1
1.031841E+3	4.473902E+1
1.032080E+3	4.447673E+1
1.032319E+3	4.393574E+1
1.032558E+3	4.350405E+1
1.032798E+3	4.336197E+1
1.033037E+3	4.321443E+1
1.033276E+3	4.246580E+1
1.033515E+3	4.207782E+1
1.033754E+3	4.176634E+1
1.033993E+3	4.150951E+1
1.034233E+3	4.094667E+1
1.034472E+3	4.025815E+1
1.034711E+3	4.016525E+1
1.034950E+3	3.983192E+1
1.035189E+3	3.967345E+1
1.035428E+3	3.925268E+1
1.035667E+3	3.883192E+1
1.035906E+3	3.847673E+1
1.036145E+3	3.825815E+1
1.036384E+3	3.805050E+1
1.036623E+3	3.759695E+1
1.036862E+3	3.732372E+1
1.037101E+3	3.690842E+1
1.037340E+3	3.636744E+1
1.037579E+3	3.577727E+1
1.037818E+3	3.535651E+1
1.038057E+3	3.505050E+1
1.038296E+3	3.494667E+1
1.038535E+3	3.488656E+1
1.038774E+3	3.447673E+1
1.039013E+3	3.409968E+1
1.039252E+3	3.360787E+1
1.039491E+3	3.307782E+1
1.039730E+3	3.266798E+1
1.039969E+3	3.286471E+1
1.040208E+3	3.217072E+1
1.040447E+3	3.205596E+1
1.040685E+3	3.217072E+1
1.040924E+3	3.219257E+1
1.041163E+3	3.185924E+1
1.041402E+3	3.125268E+1
1.041641E+3	3.104503E+1
1.041880E+3	3.035651E+1
1.042118E+3	3.013246E+1
1.042357E+3	2.978274E+1
1.042596E+3	2.947673E+1
1.042835E+3	2.885924E+1
1.043074E+3	2.842755E+1
1.043312E+3	2.795214E+1
1.043551E+3	2.785924E+1
1.043790E+3	2.813793E+1
1.044029E+3	2.805596E+1
1.044267E+3	2.731826E+1
1.044506E+3	2.718164E+1
1.044745E+3	2.719257E+1
1.044983E+3	2.721990E+1
1.045222E+3	2.758602E+1
1.045461E+3	2.766252E+1
1.045699E+3	2.740022E+1
1.045938E+3	2.692481E+1
1.046177E+3	2.594667E+1
1.046415E+3	2.568984E+1
1.046654E+3	2.488656E+1
1.046893E+3	2.477727E+1
1.047131E+3	2.481006E+1
1.047370E+3	2.482099E+1
1.047608E+3	2.466798E+1
1.047847E+3	2.466252E+1
1.048086E+3	2.427454E+1
1.048324E+3	2.411061E+1
1.048563E+3	2.382645E+1
1.048801E+3	2.368984E+1
1.049040E+3	2.355869E+1
1.049278E+3	2.313793E+1
1.049517E+3	2.307236E+1
1.049755E+3	2.317072E+1
1.049994E+3	2.294121E+1
1.050232E+3	2.294121E+1
1.050471E+3	2.252591E+1
1.050709E+3	2.168438E+1
1.050948E+3	2.155323E+1
1.051186E+3	2.170624E+1
1.051424E+3	2.141662E+1
1.051663E+3	2.129093E+1
1.051901E+3	2.092481E+1
1.052140E+3	2.061880E+1
1.052378E+3	2.078820E+1
1.052616E+3	2.045487E+1
1.052855E+3	2.036197E+1
1.053093E+3	1.990842E+1
1.053332E+3	1.938930E+1
1.053570E+3	1.932919E+1
1.053808E+3	1.946580E+1
1.054047E+3	1.958055E+1
1.054285E+3	1.953137E+1
1.054523E+3	1.885378E+1
1.054761E+3	1.895760E+1
1.055000E+3	1.888110E+1
1.055238E+3	1.857509E+1
1.055476E+3	1.801225E+1
1.055715E+3	1.785924E+1
1.055953E+3	1.792481E+1
1.056191E+3	1.743848E+1
1.056429E+3	1.768438E+1
1.056667E+3	1.767345E+1
1.056906E+3	1.779367E+1
1.057144E+3	1.733465E+1
1.057382E+3	1.731826E+1
1.057620E+3	1.715979E+1
1.057858E+3	1.732372E+1
1.058097E+3	1.710514E+1
1.058335E+3	1.613793E+1
1.058573E+3	1.564613E+1
1.058811E+3	1.584831E+1
1.059049E+3	1.636744E+1
1.059287E+3	1.614886E+1
1.059525E+3	1.612700E+1
1.059763E+3	1.561334E+1
1.060001E+3	1.550951E+1
1.060239E+3	1.531279E+1
1.060478E+3	1.516525E+1
1.060716E+3	1.530186E+1
1.060954E+3	1.541662E+1
1.061192E+3	1.574995E+1
1.061430E+3	1.553137E+1
1.061668E+3	1.488656E+1
1.061906E+3	1.432919E+1
1.062144E+3	1.383738E+1
1.062382E+3	1.367891E+1
1.062620E+3	1.393028E+1
1.062858E+3	1.344940E+1
1.063096E+3	1.324722E+1
1.063333E+3	1.301771E+1
1.063571E+3	1.296307E+1
1.063809E+3	1.285378E+1
1.064047E+3	1.267345E+1
1.064285E+3	1.234558E+1
1.064523E+3	1.229640E+1
1.064761E+3	1.238383E+1
1.064999E+3	1.234558E+1
1.065237E+3	1.246580E+1
1.065474E+3	1.255869E+1
1.065712E+3	1.208875E+1
1.065950E+3	1.188656E+1
1.066188E+3	1.201771E+1
1.066426E+3	1.230186E+1
1.066664E+3	1.223629E+1
1.066901E+3	1.161880E+1
1.067139E+3	1.169531E+1
1.067377E+3	1.152591E+1
1.067615E+3	1.151498E+1
1.067852E+3	1.157509E+1
1.068090E+3	1.118164E+1
1.068328E+3	1.082645E+1
1.068566E+3	1.054230E+1
1.068803E+3	1.040569E+1
1.069041E+3	1.044394E+1
1.069279E+3	1.036744E+1
1.069516E+3	1.017618E+1
1.069754E+3	9.995853E+0
1.069992E+3	9.935743E+0
1.070229E+3	9.848312E+0
1.070467E+3	1.000678E+1
1.070705E+3	1.031826E+1
1.070942E+3	1.007782E+1
1.071180E+3	9.728093E+0
1.071418E+3	9.356508E+0
1.071655E+3	9.465798E+0
1.071893E+3	9.296399E+0
1.072130E+3	9.383831E+0
1.072368E+3	9.083284E+0
1.072605E+3	9.006782E+0
1.072843E+3	9.471262E+0
1.073081E+3	9.629732E+0
1.073318E+3	9.695306E+0
1.073556E+3	9.449405E+0
1.073793E+3	9.127000E+0
1.074031E+3	8.984924E+0
1.074268E+3	8.886563E+0
1.074506E+3	8.875634E+0
1.074743E+3	9.017711E+0
1.074981E+3	8.973995E+0
1.075218E+3	9.334650E+0
1.075455E+3	9.198038E+0
1.075693E+3	9.088749E+0
1.075930E+3	8.963066E+0
1.076168E+3	8.941208E+0
1.076405E+3	9.176180E+0
1.076642E+3	9.230825E+0
1.076880E+3	9.187109E+0
1.077117E+3	8.842847E+0
1.077355E+3	9.318257E+0
1.077592E+3	9.744486E+0
1.077829E+3	9.799131E+0
1.078067E+3	1.013793E+1
1.078304E+3	1.036197E+1
1.078541E+3	1.074449E+1
1.078779E+3	1.095760E+1
1.079016E+3	1.109968E+1
1.079253E+3	1.099585E+1
1.079490E+3	1.074449E+1
1.079728E+3	1.086471E+1
1.079965E+3	1.036197E+1
1.080202E+3	1.043848E+1
1.080439E+3	1.030733E+1
1.080677E+3	1.005596E+1
1.080914E+3	9.973995E+0
1.081151E+3	1.028001E+1
1.081388E+3	1.077181E+1
1.081625E+3	1.094121E+1
1.081863E+3	1.054230E+1
1.082100E+3	1.046033E+1
1.082337E+3	1.032919E+1
1.082574E+3	1.068438E+1
1.082811E+3	1.090296E+1
1.083048E+3	1.085378E+1
1.083285E+3	1.039476E+1
1.083522E+3	1.031826E+1
1.083760E+3	1.050951E+1
1.083997E+3	1.085924E+1
1.084234E+3	1.095760E+1
1.084471E+3	1.115432E+1
1.084708E+3	1.126361E+1
1.084945E+3	1.145487E+1
1.085182E+3	1.132372E+1
1.085419E+3	1.132372E+1
1.085656E+3	1.162973E+1
1.085893E+3	1.211061E+1
1.086130E+3	1.214339E+1
1.086367E+3	1.240569E+1
1.086604E+3	1.249312E+1
1.086841E+3	1.276088E+1
1.087078E+3	1.256962E+1
1.087315E+3	1.256962E+1
1.087552E+3	1.243301E+1
1.087789E+3	1.211061E+1
1.088026E+3	1.153684E+1
1.088262E+3	1.146580E+1
1.088499E+3	1.148766E+1
1.088736E+3	1.171170E+1
1.088973E+3	1.134011E+1
1.089210E+3	1.136197E+1
1.089447E+3	1.117072E+1
1.089684E+3	1.077181E+1
1.089921E+3	1.063520E+1
1.090157E+3	1.079367E+1
1.090394E+3	1.066252E+1
1.090631E+3	1.104503E+1
1.090868E+3	1.078820E+1
1.091105E+3	1.074449E+1
1.091341E+3	1.083192E+1
1.091578E+3	1.103410E+1
1.091815E+3	1.066252E+1
1.092052E+3	1.037290E+1
1.092288E+3	1.040022E+1
1.092525E+3	1.017072E+1
1.092762E+3	9.870170E+0
1.092999E+3	9.493120E+0
1.093235E+3	9.520443E+0
1.093472E+3	9.132465E+0
1.093709E+3	9.066891E+0
1.093945E+3	9.241754E+0
1.094182E+3	9.034104E+0
1.094419E+3	9.192574E+0
1.094655E+3	8.782738E+0
1.094892E+3	8.635197E+0
1.095128E+3	8.667984E+0
1.095365E+3	8.667984E+0
1.095602E+3	8.607874E+0
1.095838E+3	8.301864E+0
1.096075E+3	7.859241E+0
1.096311E+3	8.006782E+0
1.096548E+3	7.831918E+0
1.096784E+3	7.804596E+0
1.097021E+3	7.957601E+0
1.097258E+3	8.110607E+0
1.097494E+3	8.137929E+0
1.097731E+3	8.684377E+0
1.097967E+3	8.667984E+0
1.098204E+3	8.460333E+0
1.098440E+3	7.995853E+0
1.098677E+3	7.990388E+0
1.098913E+3	8.077820E+0
1.099149E+3	7.924814E+0
1.099386E+3	7.651590E+0
1.099622E+3	7.689842E+0
1.099859E+3	7.378366E+0
1.100095E+3	7.023175E+0
1.100332E+3	6.995853E+0
1.100568E+3	7.050497E+0
1.100804E+3	6.957601E+0
1.101041E+3	6.700771E+0
1.101277E+3	6.531372E+0
1.101513E+3	6.913885E+0
1.101750E+3	7.077820E+0
1.101986E+3	7.662519E+0
1.102222E+3	7.930279E+0
1.102459E+3	8.219896E+0
1.102695E+3	8.711700E+0
1.102931E+3	8.580552E+0
1.103168E+3	8.596945E+0
1.103404E+3	8.810060E+0
1.103640E+3	8.870170E+0
1.103876E+3	9.187109E+0
1.104113E+3	9.629732E+0
1.104349E+3	9.717164E+0
1.104585E+3	9.979459E+0
1.104821E+3	1.000132E+1
1.105057E+3	9.848312E+0
1.105294E+3	9.837383E+0
1.105530E+3	9.919350E+0
1.105766E+3	9.815525E+0
1.106002E+3	9.875634E+0
1.106238E+3	9.924814E+0
1.106474E+3	9.990388E+0
1.106711E+3	9.919350E+0
1.106947E+3	9.793667E+0
1.107183E+3	9.810060E+0
1.107419E+3	9.586017E+0
1.107655E+3	9.088749E+0
1.107891E+3	9.290935E+0
1.108127E+3	9.285470E+0
1.108363E+3	4.285470E+0
1.108599E+3	1.995214E+1
1.108835E+3	2.995214E+1
1.109071E+3	4.228547E+1
1.109307E+3	2.695214E+1
1.109543E+3	1.495214E+1
1.109779E+3	2.361880E+1
1.110015E+3	7.952137E+0
1.110251E+3	7.952137E+0
1.110487E+3	1.495214E+1
1.110723E+3	1.628547E+1
1.110959E+3	1.095214E+1
1.111195E+3	3.261880E+1
1.111431E+3	4.618803E+0
1.111667E+3	3.195214E+1
1.111903E+3	-4.381197E+0
1.112139E+3	3.618803E+0
1.112375E+3	1.618803E+0
1.112611E+3	3.285470E+0
1.112847E+3	8.285470E+0
1.113082E+3	1.461880E+1
1.113318E+3	5.952137E+0
1.113554E+3	1.261880E+1
1.113790E+3	5.952137E+0
1.114026E+3	4.285470E+0
1.114262E+3	-4.786325E-2
1.114497E+3	-5.714530E+0
1.114733E+3	-6.381197E+0
1.114969E+3	2.952137E+0
