1.951292E+2	0.000000E+0
1.953960E+2	0.000000E+0
1.956629E+2	0.000000E+0
1.959298E+2	0.000000E+0
1.961966E+2	0.000000E+0
1.964635E+2	0.000000E+0
1.967303E+2	0.000000E+0
1.969972E+2	0.000000E+0
1.972640E+2	0.000000E+0
1.975308E+2	0.000000E+0
1.977977E+2	0.000000E+0
1.980645E+2	0.000000E+0
1.983313E+2	0.000000E+0
1.985981E+2	0.000000E+0
1.988649E+2	0.000000E+0
1.991316E+2	0.000000E+0
1.993984E+2	0.000000E+0
1.996652E+2	0.000000E+0
1.999320E+2	0.000000E+0
2.001987E+2	0.000000E+0
2.004655E+2	0.000000E+0
2.007322E+2	0.000000E+0
2.009989E+2	0.000000E+0
2.012657E+2	0.000000E+0
2.015324E+2	0.000000E+0
2.017991E+2	0.000000E+0
2.020658E+2	0.000000E+0
2.023325E+2	0.000000E+0
2.025992E+2	0.000000E+0
2.028659E+2	0.000000E+0
2.031326E+2	0.000000E+0
2.033992E+2	0.000000E+0
2.036659E+2	0.000000E+0
2.039325E+2	0.000000E+0
2.041992E+2	0.000000E+0
2.044658E+2	0.000000E+0
2.047325E+2	0.000000E+0
2.049991E+2	0.000000E+0
2.052657E+2	0.000000E+0
2.055323E+2	0.000000E+0
2.057989E+2	0.000000E+0
2.060655E+2	0.000000E+0
2.063321E+2	0.000000E+0
2.065987E+2	0.000000E+0
2.068653E+2	0.000000E+0
2.071319E+2	0.000000E+0
2.073984E+2	0.000000E+0
2.076650E+2	0.000000E+0
2.079315E+2	0.000000E+0
2.081981E+2	0.000000E+0
2.084646E+2	0.000000E+0
2.087311E+2	0.000000E+0
2.089977E+2	0.000000E+0
2.092642E+2	0.000000E+0
2.095307E+2	0.000000E+0
2.097972E+2	0.000000E+0
2.100637E+2	0.000000E+0
2.103302E+2	0.000000E+0
2.105966E+2	0.000000E+0
2.108631E+2	0.000000E+0
2.111296E+2	0.000000E+0
2.113960E+2	0.000000E+0
2.116625E+2	0.000000E+0
2.119289E+2	0.000000E+0
2.121954E+2	0.000000E+0
2.124618E+2	0.000000E+0
2.127282E+2	0.000000E+0
2.129946E+2	0.000000E+0
2.132610E+2	0.000000E+0
2.135274E+2	0.000000E+0
2.137938E+2	0.000000E+0
2.140602E+2	0.000000E+0
2.143266E+2	0.000000E+0
2.145930E+2	0.000000E+0
2.148593E+2	0.000000E+0
2.151257E+2	0.000000E+0
2.153920E+2	0.000000E+0
2.156584E+2	0.000000E+0
2.159247E+2	0.000000E+0
2.161910E+2	0.000000E+0
2.164574E+2	0.000000E+0
2.167237E+2	0.000000E+0
2.169900E+2	0.000000E+0
2.172563E+2	0.000000E+0
2.175226E+2	0.000000E+0
2.177889E+2	0.000000E+0
2.180551E+2	0.000000E+0
2.183214E+2	0.000000E+0
2.185877E+2	0.000000E+0
2.188539E+2	0.000000E+0
2.191202E+2	0.000000E+0
2.193864E+2	0.000000E+0
2.196527E+2	0.000000E+0
2.199189E+2	0.000000E+0
2.201851E+2	0.000000E+0
2.204513E+2	0.000000E+0
2.207175E+2	0.000000E+0
2.209837E+2	0.000000E+0
2.212499E+2	0.000000E+0
2.215161E+2	0.000000E+0
2.217823E+2	0.000000E+0
2.220485E+2	0.000000E+0
2.223146E+2	0.000000E+0
2.225808E+2	0.000000E+0
2.228469E+2	0.000000E+0
2.231131E+2	0.000000E+0
2.233792E+2	0.000000E+0
2.236453E+2	0.000000E+0
2.239115E+2	0.000000E+0
2.241776E+2	0.000000E+0
2.244437E+2	0.000000E+0
2.247098E+2	0.000000E+0
2.249759E+2	0.000000E+0
2.252420E+2	0.000000E+0
2.255080E+2	0.000000E+0
2.257741E+2	0.000000E+0
2.260402E+2	0.000000E+0
2.263062E+2	0.000000E+0
2.265723E+2	0.000000E+0
2.268383E+2	0.000000E+0
2.271044E+2	0.000000E+0
2.273704E+2	0.000000E+0
2.276364E+2	0.000000E+0
2.279024E+2	0.000000E+0
2.281684E+2	0.000000E+0
2.284344E+2	0.000000E+0
2.287004E+2	0.000000E+0
2.289664E+2	0.000000E+0
2.292324E+2	0.000000E+0
2.294984E+2	0.000000E+0
2.297643E+2	0.000000E+0
2.300303E+2	0.000000E+0
2.302962E+2	0.000000E+0
2.305622E+2	0.000000E+0
2.308281E+2	0.000000E+0
2.310940E+2	0.000000E+0
2.313599E+2	0.000000E+0
2.316259E+2	0.000000E+0
2.318918E+2	0.000000E+0
2.321577E+2	0.000000E+0
2.324236E+2	0.000000E+0
2.326894E+2	0.000000E+0
2.329553E+2	0.000000E+0
2.332212E+2	0.000000E+0
2.334871E+2	0.000000E+0
2.337529E+2	0.000000E+0
2.340188E+2	0.000000E+0
2.342846E+2	0.000000E+0
2.345504E+2	0.000000E+0
2.348163E+2	0.000000E+0
2.350821E+2	0.000000E+0
2.353479E+2	0.000000E+0
2.356137E+2	0.000000E+0
2.358795E+2	0.000000E+0
2.361453E+2	0.000000E+0
2.364111E+2	0.000000E+0
2.366769E+2	0.000000E+0
2.369426E+2	0.000000E+0
2.372084E+2	0.000000E+0
2.374741E+2	0.000000E+0
2.377399E+2	0.000000E+0
2.380056E+2	0.000000E+0
2.382714E+2	0.000000E+0
2.385371E+2	0.000000E+0
2.388028E+2	0.000000E+0
2.390685E+2	0.000000E+0
2.393342E+2	0.000000E+0
2.395999E+2	0.000000E+0
2.398656E+2	0.000000E+0
2.401313E+2	0.000000E+0
2.403970E+2	0.000000E+0
2.406626E+2	0.000000E+0
2.409283E+2	0.000000E+0
2.411940E+2	0.000000E+0
2.414596E+2	0.000000E+0
2.417252E+2	0.000000E+0
2.419909E+2	0.000000E+0
2.422565E+2	0.000000E+0
2.425221E+2	0.000000E+0
2.427877E+2	0.000000E+0
2.430533E+2	0.000000E+0
2.433189E+2	0.000000E+0
2.435845E+2	0.000000E+0
2.438501E+2	0.000000E+0
2.441157E+2	0.000000E+0
2.443812E+2	0.000000E+0
2.446468E+2	0.000000E+0
2.449124E+2	0.000000E+0
2.451779E+2	0.000000E+0
2.454434E+2	0.000000E+0
2.457090E+2	0.000000E+0
2.459745E+2	0.000000E+0
2.462400E+2	0.000000E+0
2.465055E+2	0.000000E+0
2.467710E+2	0.000000E+0
2.470365E+2	0.000000E+0
2.473020E+2	0.000000E+0
2.475675E+2	0.000000E+0
2.478330E+2	0.000000E+0
2.480984E+2	0.000000E+0
2.483639E+2	0.000000E+0
2.486294E+2	0.000000E+0
2.488948E+2	0.000000E+0
2.491602E+2	0.000000E+0
2.494257E+2	0.000000E+0
2.496911E+2	0.000000E+0
2.499565E+2	0.000000E+0
2.502219E+2	3.797786E+0
2.504873E+2	3.764999E+0
2.507527E+2	3.322376E+0
2.510181E+2	3.333305E+0
2.512835E+2	3.606529E+0
2.515489E+2	3.442595E+0
2.518142E+2	3.404344E+0
2.520796E+2	3.846967E+0
2.523449E+2	4.322376E+0
2.526103E+2	4.349699E+0
2.528756E+2	3.879753E+0
2.531409E+2	3.437130E+0
2.534063E+2	3.349699E+0
2.536716E+2	3.978114E+0
2.539369E+2	4.087404E+0
2.542022E+2	4.497240E+0
2.544675E+2	4.540956E+0
2.547328E+2	4.595600E+0
2.549980E+2	4.530027E+0
2.552633E+2	4.486311E+0
2.555286E+2	4.273196E+0
2.557938E+2	4.322376E+0
2.560591E+2	4.792322E+0
2.563243E+2	5.081939E+0
2.565896E+2	5.169371E+0
2.568548E+2	5.497240E+0
2.571200E+2	5.448059E+0
2.573852E+2	5.349699E+0
2.576504E+2	5.267732E+0
2.579156E+2	5.114726E+0
2.581808E+2	5.087404E+0
2.584460E+2	5.448059E+0
2.587112E+2	5.639316E+0
2.589763E+2	5.524562E+0
2.592415E+2	5.311447E+0
2.595067E+2	5.502704E+0
2.597718E+2	5.557349E+0
2.600369E+2	5.732212E+0
2.603021E+2	5.644781E+0
2.605672E+2	5.748606E+0
2.608323E+2	5.836038E+0
2.610974E+2	5.644781E+0
2.613625E+2	5.442595E+0
2.616276E+2	5.562814E+0
2.618927E+2	5.393415E+0
2.621578E+2	5.158442E+0
2.624229E+2	5.010901E+0
2.626880E+2	5.672103E+0
2.629530E+2	5.710354E+0
2.632181E+2	5.426201E+0
2.634831E+2	5.355163E+0
2.637482E+2	5.650245E+0
2.640132E+2	6.120191E+0
2.642782E+2	6.016365E+0
2.645432E+2	6.152977E+0
2.648082E+2	6.754070E+0
2.650732E+2	6.633852E+0
2.653382E+2	6.469917E+0
2.656032E+2	6.027294E+0
2.658682E+2	6.180300E+0
2.661332E+2	6.431666E+0
2.663981E+2	6.442595E+0
2.666631E+2	6.229480E+0
2.669281E+2	6.409808E+0
2.671930E+2	6.174835E+0
2.674579E+2	5.857895E+0
2.677229E+2	6.125655E+0
2.679878E+2	6.213087E+0
2.682527E+2	5.885218E+0
2.685176E+2	5.202158E+0
2.687825E+2	4.907076E+0
2.690474E+2	5.338770E+0
2.693123E+2	5.120191E+0
2.695772E+2	4.841502E+0
2.698420E+2	4.453524E+0
2.701069E+2	4.338770E+0
2.703718E+2	4.229480E+0
2.706366E+2	4.010901E+0
2.709014E+2	3.797786E+0
2.711663E+2	3.726748E+0
2.714311E+2	3.573742E+0
2.716959E+2	3.655710E+0
2.719607E+2	3.497240E+0
2.722255E+2	3.202158E+0
2.724903E+2	2.857895E+0
2.727551E+2	2.950792E+0
2.730199E+2	2.912540E+0
2.732847E+2	2.950792E+0
2.735495E+2	2.852431E+0
2.738142E+2	2.699426E+0
2.740790E+2	2.961721E+0
2.743437E+2	2.961721E+0
2.746085E+2	2.781393E+0
2.748732E+2	2.939863E+0
2.751379E+2	2.885218E+0
2.754026E+2	3.049152E+0
2.756674E+2	2.874289E+0
2.759321E+2	2.972650E+0
2.761968E+2	2.617458E+0
2.764614E+2	2.754070E+0
2.767261E+2	2.857895E+0
2.769908E+2	2.590136E+0
2.772555E+2	2.699426E+0
2.775201E+2	2.524562E+0
2.777848E+2	2.704890E+0
2.780494E+2	2.786857E+0
2.783141E+2	2.808715E+0
2.785787E+2	2.825109E+0
2.788433E+2	2.453524E+0
2.791079E+2	2.213087E+0
2.793725E+2	1.857895E+0
2.796371E+2	1.677568E+0
2.799017E+2	1.125655E+0
2.801663E+2	5.846714E-1
2.804309E+2	3.114474E-1
2.806955E+2	3.822334E-2
2.809600E+2	-3.333614E-1
2.812246E+2	2.130867E-1
2.814891E+2	4.753818E-1
2.817537E+2	7.431414E-1
2.820182E+2	8.415020E-1
2.822827E+2	6.065294E-1
2.825473E+2	6.065294E-1
2.828118E+2	3.551632E-1
2.830763E+2	1.147261E-1
2.833408E+2	-1.912849E-1
2.836053E+2	-1.366400E-1
2.838697E+2	-3.388258E-1
2.841342E+2	-7.541264E-1
2.843987E+2	-5.901920E-1
2.846632E+2	-1.584980E-1
2.849276E+2	2.568026E-1
2.851921E+2	2.731960E-1
2.854565E+2	4.589884E-1
2.857209E+2	5.628135E-1
2.859853E+2	4.589884E-1
2.862498E+2	2.622671E-1
2.865142E+2	8.740367E-2
2.867786E+2	4.753818E-1
2.870430E+2	4.753818E-1
2.873074E+2	9.833263E-2
2.875717E+2	3.822334E-2
2.878361E+2	1.311195E-1
2.881005E+2	2.240157E-1
2.883648E+2	3.275886E-2
2.886292E+2	-1.967493E-1
2.888935E+2	3.275886E-2
2.891579E+2	-1.803559E-1
2.894222E+2	-2.350007E-1
2.896865E+2	2.021578E-1
2.899508E+2	5.409556E-1
2.902151E+2	5.190977E-1
2.904794E+2	6.502452E-1
2.907437E+2	9.671851E-1
2.910080E+2	8.797534E-1
2.912723E+2	1.087404E+0
2.915366E+2	1.016365E+0
2.918008E+2	1.207622E+0
2.920651E+2	1.087404E+0
2.923293E+2	1.333305E+0
2.925936E+2	1.103797E+0
2.928578E+2	8.360376E-1
2.931220E+2	8.360376E-1
2.933863E+2	4.863108E-1
2.936505E+2	5.901359E-1
2.939147E+2	3.934146E-1
2.941789E+2	3.715567E-1
2.944431E+2	3.278408E-1
2.947072E+2	6.119938E-1
2.949714E+2	3.333053E-1
2.952356E+2	4.043436E-1
2.954997E+2	7.158190E-1
2.957639E+2	8.251086E-1
2.960280E+2	1.355163E+0
2.962922E+2	1.431666E+0
2.965563E+2	1.366092E+0
2.968204E+2	1.005436E+0
2.970845E+2	7.376769E-1
2.973486E+2	3.223763E-1
2.976127E+2	1.584419E-1
2.978768E+2	-2.802298E-5
2.981409E+2	1.636542E-2
2.984050E+2	-1.475690E-1
2.986691E+2	-5.467283E-2
2.989331E+2	-2.735043E-2
2.991972E+2	7.101023E-2
2.994612E+2	1.420485E-1
2.997253E+2	1.529774E-1
2.999893E+2	3.934146E-1
3.002534E+2	6.666386E-1
3.005174E+2	4.863108E-1
3.007814E+2	1.639064E-1
3.010454E+2	7.647471E-2
3.013094E+2	-1.366400E-1
3.015734E+2	-2.568586E-1
3.018374E+2	5.436458E-3
3.021013E+2	1.966933E-1
3.023653E+2	4.152725E-1
3.026293E+2	2.731960E-1
3.028932E+2	-3.827939E-2
3.031572E+2	-5.467283E-2
3.034211E+2	1.475130E-1
3.036850E+2	3.824856E-1
3.039489E+2	3.606277E-1
3.042129E+2	6.174583E-1
3.044768E+2	7.704638E-1
3.047407E+2	1.010901E+0
3.050046E+2	7.923217E-1
3.052685E+2	6.338518E-1
3.055323E+2	8.578955E-1
3.057962E+2	4.699173E-1
3.060601E+2	2.677315E-1
3.063239E+2	1.529774E-1
3.065878E+2	2.677315E-1
3.068516E+2	-1.038532E-1
3.071155E+2	9.833263E-2
3.073793E+2	7.101023E-2
3.076431E+2	-1.912849E-1
3.079069E+2	-3.770772E-1
3.081707E+2	-1.311756E-1
3.084345E+2	-2.295362E-1
3.086983E+2	-2.951100E-1
3.089621E+2	-5.467283E-2
3.092259E+2	-2.841810E-1
3.094896E+2	8.740367E-2
3.097534E+2	2.182990E-2
3.100171E+2	2.729438E-2
3.102809E+2	-4.207931E-1
3.105446E+2	-2.459297E-1
3.108084E+2	-3.224324E-1
3.110721E+2	4.915230E-2
3.113358E+2	2.130867E-1
3.115995E+2	2.240157E-1
3.118632E+2	-3.281491E-2
3.121269E+2	-1.530335E-1
3.123906E+2	-3.169679E-1
3.126543E+2	-9.292420E-2
3.129179E+2	-2.802298E-5
3.131816E+2	2.950539E-1
3.134453E+2	3.442343E-1
3.137089E+2	4.316660E-1
3.139725E+2	3.005184E-1
3.142362E+2	3.275886E-2
3.144998E+2	-7.653076E-2
3.147634E+2	-3.278969E-1
3.150270E+2	-3.827939E-2
3.152906E+2	2.568026E-1
3.155542E+2	7.486059E-1
3.158178E+2	6.721031E-1
3.160814E+2	5.354911E-1
3.163450E+2	4.098080E-1
3.166086E+2	6.502452E-1
3.168721E+2	9.726496E-1
3.171357E+2	8.469665E-1
3.173992E+2	8.469665E-1
3.176627E+2	9.070758E-1
3.179263E+2	9.343982E-1
3.181898E+2	1.125655E+0
3.184533E+2	1.114726E+0
3.187168E+2	1.568278E+0
3.189803E+2	1.213087E+0
3.192438E+2	9.945075E-1
3.195073E+2	1.125655E+0
3.197708E+2	1.409808E+0
3.200342E+2	1.590136E+0
3.202977E+2	1.644781E+0
3.205612E+2	1.693961E+0
3.208246E+2	1.868824E+0
3.210881E+2	2.136584E+0
3.213515E+2	2.431666E+0
3.216149E+2	2.273196E+0
3.218783E+2	2.267732E+0
3.221417E+2	2.442595E+0
3.224051E+2	2.355163E+0
3.226685E+2	2.043688E+0
3.229319E+2	2.136584E+0
3.231953E+2	1.819644E+0
3.234587E+2	1.475382E+0
3.237221E+2	1.420737E+0
3.239854E+2	1.573742E+0
3.242488E+2	1.371557E+0
3.245121E+2	9.835785E-1
3.247754E+2	8.961468E-1
3.250388E+2	1.114726E+0
3.253021E+2	1.458988E+0
3.255654E+2	1.344234E+0
3.258287E+2	1.644781E+0
3.260920E+2	1.551885E+0
3.263553E+2	1.994507E+0
3.266186E+2	1.704890E+0
3.268819E+2	1.710354E+0
3.271451E+2	1.617458E+0
3.274084E+2	1.251338E+0
3.276717E+2	1.267732E+0
3.279349E+2	1.497240E+0
3.281981E+2	1.256803E+0
3.284614E+2	1.431666E+0
3.287246E+2	1.606529E+0
3.289878E+2	1.797786E+0
3.292510E+2	1.486311E+0
3.295142E+2	1.841502E+0
3.297774E+2	1.901611E+0
3.300406E+2	2.218551E+0
3.303038E+2	2.338770E+0
3.305670E+2	2.710354E+0
3.308301E+2	2.961721E+0
3.310933E+2	3.038223E+0
3.313564E+2	2.737677E+0
3.316196E+2	2.540956E+0
3.318827E+2	2.797786E+0
3.321458E+2	2.775928E+0
3.324089E+2	3.136584E+0
3.326721E+2	3.191229E+0
3.329352E+2	3.103797E+0
3.331983E+2	3.043688E+0
3.334614E+2	3.557349E+0
3.337244E+2	3.704890E+0
3.339875E+2	3.458988E+0
3.342506E+2	3.027294E+0
3.345136E+2	3.185764E+0
3.347767E+2	2.961721E+0
3.350397E+2	3.295054E+0
3.353028E+2	3.743141E+0
3.355658E+2	3.672103E+0
3.358288E+2	3.464453E+0
3.360918E+2	2.978114E+0
3.363548E+2	2.814180E+0
3.366178E+2	2.601065E+0
3.368808E+2	2.300518E+0
3.371438E+2	1.754070E+0
3.374068E+2	1.464453E+0
3.376698E+2	1.475382E+0
3.379327E+2	1.633852E+0
3.381957E+2	1.535491E+0
3.384586E+2	1.355163E+0
3.387216E+2	1.606529E+0
3.389845E+2	1.333305E+0
3.392474E+2	1.360628E+0
3.395103E+2	1.628387E+0
3.397733E+2	1.759535E+0
3.400362E+2	1.458988E+0
3.402990E+2	1.196693E+0
3.405619E+2	1.639316E+0
3.408248E+2	1.819644E+0
3.410877E+2	1.530027E+0
3.413506E+2	1.475382E+0
3.416134E+2	1.081939E+0
3.418763E+2	9.289337E-1
3.421391E+2	9.726496E-1
3.424019E+2	7.868572E-1
3.426648E+2	9.507916E-1
3.429276E+2	1.010901E+0
3.431904E+2	1.327841E+0
3.434532E+2	1.655710E+0
3.437160E+2	1.644781E+0
3.439788E+2	1.819644E+0
3.442416E+2	1.945327E+0
3.445043E+2	2.071010E+0
3.447671E+2	1.836038E+0
3.450299E+2	1.797786E+0
3.452926E+2	1.890682E+0
3.455554E+2	1.502704E+0
3.458181E+2	1.333305E+0
3.460808E+2	1.196693E+0
3.463436E+2	1.781393E+0
3.466063E+2	1.611994E+0
3.468690E+2	1.229480E+0
3.471317E+2	8.961468E-1
3.473944E+2	1.027294E+0
3.476570E+2	1.256803E+0
3.479197E+2	1.278661E+0
3.481824E+2	1.267732E+0
3.484451E+2	1.010901E+0
3.487077E+2	8.087151E-1
3.489704E+2	4.644529E-1
3.492330E+2	4.152725E-1
3.494956E+2	1.966933E-1
3.497582E+2	2.841250E-1
3.500209E+2	2.021578E-1
3.502835E+2	4.917753E-1
3.505461E+2	3.223763E-1
3.508087E+2	3.824856E-1
3.510713E+2	2.021578E-1
3.513338E+2	-1.311756E-1
3.515964E+2	-2.732521E-1
3.518590E+2	-7.049461E-1
3.521215E+2	-6.339078E-1
3.523841E+2	-9.781701E-1
3.526466E+2	-8.798094E-1
3.529091E+2	-5.847275E-1
3.531717E+2	-5.191537E-1
3.534342E+2	2.568026E-1
3.536967E+2	4.043436E-1
3.539592E+2	2.622671E-1
3.542217E+2	1.037971E-1
3.544842E+2	5.464201E-1
3.547467E+2	3.551632E-1
3.550091E+2	6.229228E-1
3.552716E+2	6.775676E-1
3.555341E+2	1.071010E+0
3.557965E+2	9.617206E-1
3.560590E+2	1.688497E+0
3.563214E+2	2.469917E+0
3.565838E+2	2.415273E+0
3.568462E+2	2.355163E+0
3.571086E+2	2.502704E+0
3.573711E+2	2.688497E+0
3.576335E+2	3.158442E+0
3.578958E+2	2.989043E+0
3.581582E+2	2.967185E+0
3.584206E+2	2.846967E+0
3.586830E+2	2.819644E+0
3.589453E+2	2.366092E+0
3.592077E+2	1.885218E+0
3.594700E+2	1.797786E+0
3.597324E+2	1.819644E+0
3.599947E+2	1.562814E+0
3.602570E+2	1.819644E+0
3.605193E+2	1.639316E+0
3.607816E+2	1.693961E+0
3.610439E+2	2.267732E+0
3.613062E+2	2.338770E+0
3.615685E+2	2.213087E+0
3.618308E+2	2.349699E+0
3.620930E+2	2.611994E+0
3.623553E+2	2.218551E+0
3.626176E+2	2.366092E+0
3.628798E+2	2.961721E+0
3.631420E+2	2.939863E+0
3.634043E+2	2.830573E+0
3.636665E+2	2.836038E+0
3.639287E+2	2.912540E+0
3.641909E+2	2.907076E+0
3.644531E+2	3.185764E+0
3.647153E+2	2.999972E+0
3.649775E+2	2.961721E+0
3.652397E+2	3.754070E+0
3.655018E+2	3.611994E+0
3.657640E+2	3.502704E+0
3.660262E+2	3.704890E+0
3.662883E+2	3.606529E+0
3.665505E+2	3.819644E+0
3.668126E+2	3.262267E+0
3.670747E+2	3.251338E+0
3.673368E+2	3.120191E+0
3.675989E+2	2.994507E+0
3.678610E+2	3.349699E+0
3.681231E+2	3.464453E+0
3.683852E+2	3.879753E+0
3.686473E+2	3.961721E+0
3.689094E+2	3.967185E+0
3.691714E+2	4.092868E+0
3.694335E+2	3.469917E+0
3.696955E+2	3.316912E+0
3.699576E+2	3.551885E+0
3.702196E+2	3.502704E+0
3.704816E+2	3.284125E+0
3.707437E+2	3.207622E+0
3.710057E+2	3.180300E+0
3.712677E+2	3.224016E+0
3.715297E+2	2.655710E+0
3.717917E+2	2.688497E+0
3.720536E+2	2.142048E+0
3.723156E+2	1.781393E+0
3.725776E+2	2.043688E+0
3.728395E+2	2.333305E+0
3.731015E+2	2.196693E+0
3.733634E+2	2.207622E+0
3.736254E+2	2.065546E+0
3.738873E+2	2.120191E+0
3.741492E+2	2.267732E+0
3.744111E+2	2.677568E+0
3.746730E+2	2.819644E+0
3.749349E+2	3.349699E+0
3.751968E+2	3.360628E+0
3.754587E+2	3.191229E+0
3.757206E+2	3.180300E+0
3.759824E+2	3.076475E+0
3.762443E+2	2.852431E+0
3.765061E+2	3.010901E+0
3.767680E+2	3.136584E+0
3.770298E+2	2.497240E+0
3.772916E+2	2.382486E+0
3.775535E+2	2.426201E+0
3.778153E+2	2.278661E+0
3.780771E+2	1.972650E+0
3.783389E+2	2.098333E+0
3.786007E+2	2.043688E+0
3.788624E+2	1.535491E+0
3.791242E+2	1.639316E+0
3.793860E+2	1.825109E+0
3.796477E+2	1.748606E+0
3.799095E+2	1.721283E+0
3.801712E+2	1.754070E+0
3.804330E+2	1.770464E+0
3.806947E+2	2.202158E+0
3.809564E+2	2.530027E+0
3.812181E+2	1.967185E+0
3.814798E+2	1.879753E+0
3.817415E+2	2.207622E+0
3.820032E+2	2.245874E+0
3.822649E+2	2.196693E+0
3.825266E+2	1.715819E+0
3.827883E+2	2.021830E+0
3.830499E+2	2.125655E+0
3.833116E+2	2.256803E+0
3.835732E+2	2.508169E+0
3.838348E+2	2.622923E+0
3.840965E+2	2.743141E+0
3.843581E+2	2.786857E+0
3.846197E+2	2.978114E+0
3.848813E+2	2.961721E+0
3.851429E+2	3.054617E+0
3.854045E+2	3.245874E+0
3.856661E+2	3.224016E+0
3.859277E+2	3.469917E+0
3.861892E+2	3.540956E+0
3.864508E+2	3.409808E+0
3.867124E+2	3.295054E+0
3.869739E+2	3.284125E+0
3.872354E+2	3.852431E+0
3.874970E+2	4.546420E+0
3.877585E+2	4.907076E+0
3.880200E+2	5.092868E+0
3.882815E+2	5.360628E+0
3.885430E+2	5.142048E+0
3.888045E+2	4.803251E+0
3.890660E+2	5.032759E+0
3.893275E+2	4.704890E+0
3.895889E+2	4.912540E+0
3.898504E+2	4.874289E+0
3.901118E+2	4.868824E+0
3.903733E+2	4.939863E+0
3.906347E+2	4.748606E+0
3.908962E+2	4.535491E+0
3.911576E+2	4.830573E+0
3.914190E+2	4.972650E+0
3.916804E+2	4.912540E+0
3.919418E+2	5.043688E+0
3.922032E+2	4.879753E+0
3.924646E+2	4.595600E+0
3.927260E+2	4.256803E+0
3.929873E+2	4.163906E+0
3.932487E+2	4.245874E+0
3.935100E+2	4.191229E+0
3.937714E+2	4.475382E+0
3.940327E+2	4.486311E+0
3.942941E+2	4.234945E+0
3.945554E+2	4.360628E+0
3.948167E+2	4.601065E+0
3.950780E+2	4.863360E+0
3.953393E+2	4.814180E+0
3.956006E+2	4.918005E+0
3.958619E+2	4.704890E+0
3.961232E+2	4.633852E+0
3.963844E+2	4.573742E+0
3.966457E+2	4.349699E+0
3.969069E+2	4.420737E+0
3.971682E+2	4.486311E+0
3.974294E+2	4.606529E+0
3.976907E+2	4.448059E+0
3.979519E+2	4.147513E+0
3.982131E+2	4.267732E+0
3.984743E+2	4.743141E+0
3.987355E+2	4.803251E+0
3.989967E+2	5.092868E+0
3.992579E+2	5.142048E+0
3.995191E+2	4.863360E+0
3.997802E+2	4.502704E+0
4.000414E+2	4.546420E+0
4.003025E+2	4.295054E+0
4.005637E+2	3.950792E+0
4.008248E+2	3.770464E+0
4.010860E+2	3.989043E+0
4.013471E+2	4.174835E+0
4.016082E+2	4.038223E+0
4.018693E+2	3.611994E+0
4.021304E+2	3.737677E+0
4.023915E+2	4.251338E+0
4.026526E+2	4.639316E+0
4.029137E+2	4.661174E+0
4.031747E+2	4.196693E+0
4.034358E+2	3.650245E+0
4.036968E+2	3.513633E+0
4.039579E+2	3.508169E+0
4.042189E+2	3.267732E+0
4.044800E+2	3.480846E+0
4.047410E+2	3.775928E+0
4.050020E+2	4.005436E+0
4.052630E+2	4.131120E+0
4.055240E+2	4.049152E+0
4.057850E+2	4.415273E+0
4.060460E+2	4.710354E+0
4.063070E+2	4.377021E+0
4.065679E+2	4.196693E+0
4.068289E+2	4.202158E+0
4.070898E+2	3.928934E+0
4.073508E+2	3.770464E+0
4.076117E+2	3.644781E+0
4.078727E+2	3.601065E+0
4.081336E+2	4.234945E+0
4.083945E+2	4.355163E+0
4.086554E+2	4.721283E+0
4.089163E+2	5.125655E+0
4.091772E+2	5.311447E+0
4.094381E+2	5.491775E+0
4.096990E+2	5.442595E+0
4.099598E+2	5.885218E+0
4.102207E+2	6.071010E+0
4.104815E+2	6.125655E+0
4.107424E+2	5.874289E+0
4.110032E+2	5.606529E+0
4.112640E+2	5.557349E+0
4.115249E+2	5.409808E+0
4.117857E+2	5.715819E+0
4.120465E+2	5.699426E+0
4.123073E+2	5.590136E+0
4.125681E+2	6.174835E+0
4.128289E+2	6.196693E+0
4.130896E+2	6.475382E+0
4.133504E+2	6.502704E+0
4.136112E+2	6.218551E+0
4.138719E+2	6.311447E+0
4.141327E+2	6.469917E+0
4.143934E+2	6.382486E+0
4.146541E+2	6.480846E+0
4.149149E+2	6.191229E+0
4.151756E+2	6.475382E+0
4.154363E+2	6.683032E+0
4.156970E+2	7.060081E+0
4.159577E+2	7.295054E+0
4.162184E+2	7.338770E+0
4.164790E+2	7.530027E+0
4.167397E+2	7.497240E+0
4.170004E+2	7.218551E+0
4.172610E+2	7.224016E+0
4.175217E+2	7.595600E+0
4.177823E+2	7.628387E+0
4.180429E+2	7.890682E+0
4.183035E+2	7.617458E+0
4.185642E+2	7.759535E+0
4.188248E+2	7.726748E+0
4.190854E+2	7.540956E+0
4.193459E+2	7.874289E+0
4.196065E+2	8.147513E+0
4.198671E+2	7.535491E+0
4.201277E+2	7.333305E+0
4.203882E+2	6.989043E+0
4.206488E+2	6.819644E+0
4.209093E+2	6.540956E+0
4.211699E+2	6.305983E+0
4.214304E+2	6.076475E+0
4.216909E+2	6.076475E+0
4.219514E+2	5.825109E+0
4.222119E+2	5.912540E+0
4.224724E+2	6.284125E+0
4.227329E+2	6.338770E+0
4.229934E+2	6.475382E+0
4.232539E+2	6.519098E+0
4.235143E+2	7.109262E+0
4.237748E+2	7.169371E+0
4.240352E+2	6.786857E+0
4.242957E+2	6.759535E+0
4.245561E+2	6.956256E+0
4.248166E+2	7.021830E+0
4.250770E+2	6.841502E+0
4.253374E+2	6.759535E+0
4.255978E+2	6.743141E+0
4.258582E+2	6.912540E+0
4.261186E+2	6.803251E+0
4.263790E+2	7.109262E+0
4.266393E+2	7.530027E+0
4.268997E+2	7.464453E+0
4.271600E+2	7.442595E+0
4.274204E+2	7.431666E+0
4.276807E+2	7.322376E+0
4.279411E+2	7.393415E+0
4.282014E+2	7.229480E+0
4.284617E+2	6.458988E+0
4.287220E+2	6.480846E+0
4.289823E+2	5.918005E+0
4.292426E+2	5.721283E+0
4.295029E+2	5.901611E+0
4.297632E+2	6.256803E+0
4.300235E+2	6.185764E+0
4.302837E+2	6.245874E+0
4.305440E+2	6.530027E+0
4.308042E+2	6.885218E+0
4.310645E+2	6.879753E+0
4.313247E+2	7.032759E+0
4.315849E+2	6.852431E+0
4.318451E+2	6.633852E+0
4.321054E+2	6.983579E+0
4.323656E+2	6.792322E+0
4.326258E+2	6.928934E+0
4.328859E+2	6.721283E+0
4.331461E+2	6.213087E+0
4.334063E+2	6.234945E+0
4.336665E+2	6.360628E+0
4.339266E+2	6.327841E+0
4.341868E+2	6.180300E+0
4.344469E+2	5.830573E+0
4.347070E+2	5.721283E+0
4.349671E+2	5.715819E+0
4.352273E+2	5.453524E+0
4.354874E+2	5.016365E+0
4.357475E+2	5.611994E+0
4.360076E+2	5.863360E+0
4.362677E+2	5.939863E+0
4.365277E+2	5.918005E+0
4.367878E+2	5.972650E+0
4.370479E+2	6.240409E+0
4.373079E+2	6.519098E+0
4.375680E+2	6.874289E+0
4.378280E+2	6.825109E+0
4.380880E+2	6.989043E+0
4.383480E+2	7.071010E+0
4.386081E+2	7.114726E+0
4.388681E+2	7.792322E+0
4.391281E+2	8.065546E+0
4.393881E+2	7.677568E+0
4.396480E+2	7.803251E+0
4.399080E+2	8.169371E+0
4.401680E+2	7.972650E+0
4.404279E+2	7.945327E+0
4.406879E+2	7.978114E+0
4.409478E+2	7.918005E+0
4.412078E+2	8.027294E+0
4.414677E+2	8.245874E+0
4.417276E+2	7.939863E+0
4.419875E+2	8.409808E+0
4.422474E+2	8.169371E+0
4.425073E+2	8.087404E+0
4.427672E+2	8.404344E+0
4.430271E+2	8.983579E+0
4.432870E+2	9.098333E+0
4.435469E+2	9.142048E+0
4.438067E+2	9.284125E+0
4.440666E+2	9.524562E+0
4.443264E+2	9.972650E+0
4.445862E+2	1.022402E+1
4.448461E+2	1.045899E+1
4.451059E+2	1.068850E+1
4.453657E+2	1.086336E+1
4.456255E+2	1.093986E+1
4.458853E+2	1.092893E+1
4.461451E+2	1.109833E+1
4.464049E+2	1.098904E+1
4.466646E+2	1.078139E+1
4.469244E+2	1.080325E+1
4.471842E+2	1.090708E+1
4.474439E+2	1.110380E+1
4.477036E+2	1.135516E+1
4.479634E+2	1.125134E+1
4.482231E+2	1.174861E+1
4.484828E+2	1.187429E+1
4.487425E+2	1.212566E+1
4.490022E+2	1.291254E+1
4.492619E+2	1.270489E+1
4.495216E+2	1.257921E+1
4.497813E+2	1.224041E+1
4.500410E+2	1.228959E+1
4.503006E+2	1.230598E+1
4.505603E+2	1.268303E+1
4.508199E+2	1.309287E+1
4.510796E+2	1.306008E+1
4.513392E+2	1.331691E+1
4.515988E+2	1.348085E+1
4.518584E+2	1.359560E+1
4.521180E+2	1.408740E+1
4.523776E+2	1.430052E+1
4.526372E+2	1.432784E+1
4.528968E+2	1.435516E+1
4.531564E+2	1.404369E+1
4.534160E+2	1.372128E+1
4.536755E+2	1.409833E+1
4.539351E+2	1.446992E+1
4.541946E+2	1.443713E+1
4.544541E+2	1.453549E+1
4.547137E+2	1.399997E+1
4.549732E+2	1.399451E+1
4.552327E+2	1.379779E+1
4.554922E+2	1.371582E+1
4.557517E+2	1.347538E+1
4.560112E+2	1.402183E+1
4.562707E+2	1.399451E+1
4.565302E+2	1.379232E+1
4.567896E+2	1.438249E+1
4.570491E+2	1.445899E+1
4.573085E+2	1.414205E+1
4.575680E+2	1.399451E+1
4.578274E+2	1.353003E+1
4.580868E+2	1.325134E+1
4.583463E+2	1.358467E+1
4.586057E+2	1.374861E+1
4.588651E+2	1.380872E+1
4.591245E+2	1.380325E+1
4.593838E+2	1.404369E+1
4.596432E+2	1.431145E+1
4.599026E+2	1.478686E+1
4.601620E+2	1.483604E+1
4.604213E+2	1.472675E+1
4.606807E+2	1.491800E+1
4.609400E+2	1.508740E+1
4.611993E+2	1.483604E+1
4.614587E+2	1.454096E+1
4.617180E+2	1.491254E+1
4.619773E+2	1.498904E+1
4.622366E+2	1.517484E+1
4.624959E+2	1.584697E+1
4.627552E+2	1.585243E+1
4.630144E+2	1.585790E+1
4.632737E+2	1.575953E+1
4.635330E+2	1.587429E+1
4.637922E+2	1.610380E+1
4.640515E+2	1.580325E+1
4.643107E+2	1.601090E+1
4.645699E+2	1.630052E+1
4.648292E+2	1.614751E+1
4.650884E+2	1.633877E+1
4.653476E+2	1.686882E+1
4.656068E+2	1.743167E+1
4.658660E+2	1.781964E+1
4.661251E+2	1.827866E+1
4.663843E+2	1.816391E+1
4.666435E+2	1.806555E+1
4.669026E+2	1.878686E+1
4.671618E+2	1.886336E+1
4.674209E+2	1.883604E+1
4.676801E+2	1.898904E+1
4.679392E+2	1.867757E+1
4.681983E+2	1.874861E+1
4.684574E+2	1.880325E+1
4.687165E+2	1.920216E+1
4.689756E+2	1.955188E+1
4.692347E+2	1.962292E+1
4.694938E+2	1.965025E+1
4.697529E+2	1.926227E+1
4.700119E+2	1.939341E+1
4.702710E+2	1.936063E+1
4.705300E+2	1.975953E+1
4.707891E+2	1.980872E+1
4.710481E+2	2.025134E+1
4.713071E+2	2.084697E+1
4.715661E+2	2.121855E+1
4.718252E+2	2.116937E+1
4.720842E+2	2.104915E+1
4.723431E+2	2.129505E+1
4.726021E+2	2.128959E+1
4.728611E+2	2.133331E+1
4.731201E+2	2.198358E+1
4.733790E+2	2.255735E+1
4.736380E+2	2.294533E+1
4.738969E+2	2.334970E+1
4.741559E+2	2.325134E+1
4.744148E+2	2.330052E+1
4.746737E+2	2.346992E+1
4.749326E+2	2.390161E+1
4.751915E+2	2.409833E+1
4.754504E+2	2.412566E+1
4.757093E+2	2.456281E+1
4.759682E+2	2.502183E+1
4.762271E+2	2.541527E+1
4.764859E+2	2.549724E+1
4.767448E+2	2.590708E+1
4.770037E+2	2.620216E+1
4.772625E+2	2.671582E+1
4.775213E+2	2.643713E+1
4.777802E+2	2.656828E+1
4.780390E+2	2.648631E+1
4.782978E+2	2.601090E+1
4.785566E+2	2.650817E+1
4.788154E+2	2.699997E+1
4.790742E+2	2.732238E+1
4.793329E+2	2.751363E+1
4.795917E+2	2.784697E+1
4.798505E+2	2.829505E+1
4.801092E+2	2.828412E+1
4.803680E+2	2.818576E+1
4.806267E+2	2.815844E+1
4.808854E+2	2.835516E+1
4.811442E+2	2.803276E+1
4.814029E+2	2.791800E+1
4.816616E+2	2.813658E+1
4.819203E+2	2.815298E+1
4.821790E+2	2.864478E+1
4.824377E+2	2.917484E+1
4.826963E+2	2.924041E+1
4.829550E+2	2.933877E+1
4.832137E+2	2.963385E+1
4.834723E+2	2.980325E+1
4.837310E+2	3.044259E+1
4.839896E+2	3.106555E+1
4.842482E+2	3.151363E+1
4.845068E+2	3.128959E+1
4.847655E+2	3.182511E+1
4.850241E+2	3.210380E+1
4.852827E+2	3.216391E+1
4.855412E+2	3.246992E+1
4.857998E+2	3.269396E+1
4.860584E+2	3.316391E+1
4.863170E+2	3.316937E+1
4.865755E+2	3.370489E+1
4.868341E+2	3.411473E+1
4.870926E+2	3.389068E+1
4.873511E+2	3.406555E+1
4.876097E+2	3.447538E+1
4.878682E+2	3.508194E+1
4.881267E+2	3.554642E+1
4.883852E+2	3.586336E+1
4.886437E+2	3.652456E+1
4.889022E+2	3.645899E+1
4.891606E+2	3.660106E+1
4.894191E+2	3.685790E+1
4.896776E+2	3.746445E+1
4.899360E+2	3.813112E+1
4.901945E+2	3.834423E+1
4.904529E+2	3.803822E+1
4.907113E+2	3.791254E+1
4.909697E+2	3.830052E+1
4.912282E+2	3.887975E+1
4.914866E+2	3.899451E+1
4.917450E+2	3.896719E+1
4.920034E+2	3.927866E+1
4.922617E+2	3.930052E+1
4.925201E+2	3.907647E+1
4.927785E+2	3.914205E+1
4.930368E+2	3.915844E+1
4.932952E+2	3.955735E+1
4.935535E+2	3.976500E+1
4.938118E+2	4.032238E+1
4.940702E+2	4.092893E+1
4.943285E+2	4.094533E+1
4.945868E+2	4.083604E+1
4.948451E+2	4.101637E+1
4.951034E+2	4.093440E+1
4.953617E+2	4.112019E+1
4.956200E+2	4.145352E+1
4.958782E+2	4.183057E+1
4.961365E+2	4.263385E+1
4.963947E+2	4.303276E+1
4.966530E+2	4.287975E+1
4.969112E+2	4.328959E+1
4.971694E+2	4.354642E+1
4.974277E+2	4.352456E+1
4.976859E+2	4.398904E+1
4.979441E+2	4.422948E+1
4.982023E+2	4.430052E+1
4.984605E+2	4.443167E+1
4.987187E+2	4.475953E+1
4.989768E+2	4.465025E+1
4.992350E+2	4.463932E+1
4.994931E+2	4.422948E+1
4.997513E+2	4.403822E+1
5.000094E+2	4.425134E+1
5.002676E+2	4.442074E+1
5.005257E+2	4.435516E+1
5.007838E+2	4.434970E+1
5.010419E+2	4.460106E+1
5.013000E+2	4.488522E+1
5.015581E+2	4.518030E+1
5.018162E+2	4.547538E+1
5.020743E+2	4.575407E+1
5.023323E+2	4.591254E+1
5.025904E+2	4.596719E+1
5.028485E+2	4.625134E+1
5.031065E+2	4.640981E+1
5.033645E+2	4.637702E+1
5.036226E+2	4.646992E+1
5.038806E+2	4.642620E+1
5.041386E+2	4.653003E+1
5.043966E+2	4.662839E+1
5.046546E+2	4.656281E+1
5.049126E+2	4.663932E+1
5.051706E+2	4.708194E+1
5.054285E+2	4.715298E+1
5.056865E+2	4.723494E+1
5.059445E+2	4.757921E+1
5.062024E+2	4.807647E+1
5.064604E+2	4.809287E+1
5.067183E+2	4.780872E+1
5.069762E+2	4.799997E+1
5.072341E+2	4.765571E+1
5.074920E+2	4.798904E+1
5.077499E+2	4.785790E+1
5.080078E+2	4.856281E+1
5.082657E+2	4.857374E+1
5.085236E+2	4.896719E+1
5.087815E+2	4.945352E+1
5.090393E+2	4.947538E+1
5.092972E+2	4.976500E+1
5.095550E+2	4.978139E+1
5.098129E+2	4.968303E+1
5.100707E+2	4.983604E+1
5.103285E+2	5.016937E+1
5.105863E+2	5.054096E+1
5.108441E+2	5.080325E+1
5.111019E+2	5.089068E+1
5.113597E+2	5.075953E+1
5.116175E+2	5.078139E+1
5.118753E+2	5.048631E+1
5.121330E+2	5.049724E+1
5.123908E+2	5.096719E+1
5.126485E+2	5.121855E+1
5.129063E+2	5.129505E+1
5.131640E+2	5.199451E+1
5.134217E+2	5.190708E+1
5.136794E+2	5.215844E+1
5.139371E+2	5.231691E+1
5.141948E+2	5.271582E+1
5.144525E+2	5.287975E+1
5.147102E+2	5.324041E+1
5.149679E+2	5.361746E+1
5.152256E+2	5.375953E+1
5.154832E+2	5.401637E+1
5.157409E+2	5.427320E+1
5.159985E+2	5.509287E+1
5.162562E+2	5.516391E+1
5.165138E+2	5.519123E+1
5.167714E+2	5.546445E+1
5.170290E+2	5.604915E+1
5.172866E+2	5.645352E+1
5.175442E+2	5.622402E+1
5.178018E+2	5.637702E+1
5.180594E+2	5.621855E+1
5.183170E+2	5.628959E+1
5.185745E+2	5.648631E+1
5.188321E+2	5.645899E+1
5.190896E+2	5.650817E+1
5.193472E+2	5.652456E+1
5.196047E+2	5.648085E+1
5.198622E+2	5.618030E+1
5.201197E+2	5.594533E+1
5.203772E+2	5.612019E+1
5.206347E+2	5.675953E+1
5.208922E+2	5.646992E+1
5.211497E+2	5.639888E+1
5.214072E+2	5.640434E+1
5.216646E+2	5.656828E+1
5.219221E+2	5.670489E+1
5.221795E+2	5.701637E+1
5.224370E+2	5.750270E+1
5.226944E+2	5.716937E+1
5.229519E+2	5.730598E+1
5.232093E+2	5.756828E+1
5.234667E+2	5.756281E+1
5.237241E+2	5.768850E+1
5.239815E+2	5.827866E+1
5.242389E+2	5.833877E+1
5.244962E+2	5.808194E+1
5.247536E+2	5.840434E+1
5.250110E+2	5.831145E+1
5.252683E+2	5.826227E+1
5.255257E+2	5.868303E+1
5.257830E+2	5.877593E+1
5.260403E+2	5.907647E+1
5.262977E+2	5.910926E+1
5.265550E+2	5.933331E+1
5.268123E+2	5.934423E+1
5.270696E+2	5.968303E+1
5.273269E+2	6.009833E+1
5.275841E+2	6.019123E+1
5.278414E+2	6.016391E+1
5.280987E+2	6.016391E+1
5.283559E+2	6.006008E+1
5.286132E+2	6.049178E+1
5.288704E+2	5.999451E+1
5.291276E+2	6.027320E+1
5.293849E+2	5.988522E+1
5.296421E+2	5.980325E+1
5.298993E+2	5.949724E+1
5.301565E+2	5.981418E+1
5.304137E+2	5.996719E+1
5.306709E+2	6.008194E+1
5.309280E+2	6.081964E+1
5.311852E+2	6.108194E+1
5.314424E+2	6.069943E+1
5.316995E+2	6.055188E+1
5.319567E+2	6.067210E+1
5.322138E+2	6.086336E+1
5.324709E+2	6.080325E+1
5.327280E+2	6.059014E+1
5.329852E+2	6.060106E+1
5.332423E+2	6.109287E+1
5.334994E+2	6.110380E+1
5.337564E+2	6.128959E+1
5.340135E+2	6.148631E+1
5.342706E+2	6.185243E+1
5.345276E+2	6.203822E+1
5.347847E+2	6.253549E+1
5.350417E+2	6.249724E+1
5.352988E+2	6.291254E+1
5.355558E+2	6.337702E+1
5.358128E+2	6.359014E+1
5.360698E+2	6.365571E+1
5.363269E+2	6.344806E+1
5.365839E+2	6.389068E+1
5.368408E+2	6.408194E+1
5.370978E+2	6.404915E+1
5.373548E+2	6.389068E+1
5.376118E+2	6.424041E+1
5.378687E+2	6.457374E+1
5.381257E+2	6.477593E+1
5.383826E+2	6.497265E+1
5.386395E+2	6.526227E+1
5.388965E+2	6.502729E+1
5.391534E+2	6.506008E+1
5.394103E+2	6.517484E+1
5.396672E+2	6.571035E+1
5.399241E+2	6.614751E+1
5.401810E+2	6.659560E+1
5.404378E+2	6.673221E+1
5.406947E+2	6.660653E+1
5.409516E+2	6.691254E+1
5.412084E+2	6.682511E+1
5.414653E+2	6.693440E+1
5.417221E+2	6.724587E+1
5.419789E+2	6.759014E+1
5.422357E+2	6.745899E+1
5.424925E+2	6.734970E+1
5.427493E+2	6.749178E+1
5.430061E+2	6.734970E+1
5.432629E+2	6.798358E+1
5.435197E+2	6.882511E+1
5.437765E+2	6.912019E+1
5.440332E+2	6.957374E+1
5.442900E+2	6.960106E+1
5.445467E+2	7.042620E+1
5.448035E+2	7.063932E+1
5.450602E+2	7.116937E+1
5.453169E+2	7.150817E+1
5.455736E+2	7.165571E+1
5.458303E+2	7.167757E+1
5.460870E+2	7.173221E+1
5.463437E+2	7.160653E+1
5.466004E+2	7.133331E+1
5.468571E+2	7.101637E+1
5.471137E+2	7.129505E+1
5.473704E+2	7.125134E+1
5.476270E+2	7.193986E+1
5.478837E+2	7.227866E+1
5.481403E+2	7.239888E+1
5.483969E+2	7.227866E+1
5.486535E+2	7.218576E+1
5.489101E+2	7.209833E+1
5.491667E+2	7.207101E+1
5.494233E+2	7.213658E+1
5.496799E+2	7.225134E+1
5.499365E+2	7.241527E+1
5.501931E+2	7.276500E+1
5.504496E+2	7.296172E+1
5.507062E+2	7.345899E+1
5.509627E+2	7.361746E+1
5.512192E+2	7.401637E+1
5.514758E+2	7.433877E+1
5.517323E+2	7.482511E+1
5.519888E+2	7.478139E+1
5.522453E+2	7.479779E+1
5.525018E+2	7.455735E+1
5.527583E+2	7.466117E+1
5.530147E+2	7.505462E+1
5.532712E+2	7.469396E+1
5.535277E+2	7.485790E+1
5.537841E+2	7.469396E+1
5.540406E+2	7.465025E+1
5.542970E+2	7.455188E+1
5.545534E+2	7.471035E+1
5.548098E+2	7.472128E+1
5.550663E+2	7.450270E+1
5.553227E+2	7.399997E+1
5.555791E+2	7.396719E+1
5.558354E+2	7.414205E+1
5.560918E+2	7.422402E+1
5.563482E+2	7.472128E+1
5.566046E+2	7.495626E+1
5.568609E+2	7.515298E+1
5.571173E+2	7.518030E+1
5.573736E+2	7.501090E+1
5.576299E+2	7.477593E+1
5.578862E+2	7.499997E+1
5.581426E+2	7.521855E+1
5.583989E+2	7.510380E+1
5.586552E+2	7.550817E+1
5.589114E+2	7.508194E+1
5.591677E+2	7.449178E+1
5.594240E+2	7.449724E+1
5.596803E+2	7.453003E+1
5.599365E+2	7.483057E+1
5.601928E+2	7.457374E+1
5.604490E+2	7.451363E+1
5.607052E+2	7.466664E+1
5.609614E+2	7.451363E+1
5.612177E+2	7.487975E+1
5.614739E+2	7.499451E+1
5.617301E+2	7.506555E+1
5.619863E+2	7.547538E+1
5.622424E+2	7.573221E+1
5.624986E+2	7.572675E+1
5.627548E+2	7.598904E+1
5.630109E+2	7.618030E+1
5.632671E+2	7.598904E+1
5.635232E+2	7.587975E+1
5.637794E+2	7.570489E+1
5.640355E+2	7.597811E+1
5.642916E+2	7.587975E+1
5.645477E+2	7.611473E+1
5.648038E+2	7.636063E+1
5.650599E+2	7.656281E+1
5.653160E+2	7.644259E+1
5.655721E+2	7.615298E+1
5.658281E+2	7.633331E+1
5.660842E+2	7.634970E+1
5.663402E+2	7.630598E+1
5.665963E+2	7.581964E+1
5.668523E+2	7.575953E+1
5.671083E+2	7.577046E+1
5.673644E+2	7.585243E+1
5.676204E+2	7.557374E+1
5.678764E+2	7.561746E+1
5.681324E+2	7.616391E+1
5.683883E+2	7.634970E+1
5.686443E+2	7.626773E+1
5.689003E+2	7.660653E+1
5.691562E+2	7.684150E+1
5.694122E+2	7.737702E+1
5.696681E+2	7.767210E+1
5.699241E+2	7.754642E+1
5.701800E+2	7.757374E+1
5.704359E+2	7.803276E+1
5.706918E+2	7.837156E+1
5.709477E+2	7.827320E+1
5.712036E+2	7.834423E+1
5.714595E+2	7.820762E+1
5.717154E+2	7.808740E+1
5.719713E+2	7.801090E+1
5.722271E+2	7.772675E+1
5.724830E+2	7.801637E+1
5.727388E+2	7.808194E+1
5.729947E+2	7.775407E+1
5.732505E+2	7.788522E+1
5.735063E+2	7.796172E+1
5.737621E+2	7.845352E+1
5.740179E+2	7.863385E+1
5.742737E+2	7.873768E+1
5.745295E+2	7.874861E+1
5.747853E+2	7.922402E+1
5.750411E+2	7.945352E+1
5.752968E+2	7.937702E+1
5.755526E+2	7.914751E+1
5.758083E+2	7.904369E+1
5.760641E+2	7.884150E+1
5.763198E+2	7.883057E+1
5.765755E+2	7.900544E+1
5.768312E+2	7.925680E+1
5.770869E+2	7.960653E+1
5.773426E+2	7.988522E+1
5.775983E+2	7.981964E+1
5.778540E+2	7.943713E+1
5.781097E+2	7.979779E+1
5.783653E+2	7.980325E+1
5.786210E+2	8.033331E+1
5.788766E+2	8.029505E+1
5.791323E+2	8.046445E+1
5.793879E+2	8.108740E+1
5.796435E+2	8.080872E+1
5.798991E+2	8.121309E+1
5.801547E+2	8.120216E+1
5.804103E+2	8.154096E+1
5.806659E+2	8.155188E+1
5.809215E+2	8.177593E+1
5.811771E+2	8.173221E+1
5.814327E+2	8.149724E+1
5.816882E+2	8.116391E+1
5.819438E+2	8.128959E+1
5.821993E+2	8.176500E+1
5.824548E+2	8.188522E+1
5.827104E+2	8.205462E+1
5.829659E+2	8.187975E+1
5.832214E+2	8.190708E+1
5.834769E+2	8.189068E+1
5.837324E+2	8.192893E+1
5.839878E+2	8.213112E+1
5.842433E+2	8.219669E+1
5.844988E+2	8.265571E+1
5.847542E+2	8.254642E+1
5.850097E+2	8.236609E+1
5.852651E+2	8.234423E+1
5.855206E+2	8.303276E+1
5.857760E+2	8.293440E+1
5.860314E+2	8.277593E+1
5.862868E+2	8.256281E+1
5.865422E+2	8.298358E+1
5.867976E+2	8.342620E+1
5.870530E+2	8.364478E+1
5.873084E+2	8.380872E+1
5.875637E+2	8.395079E+1
5.878191E+2	8.439888E+1
5.880744E+2	8.445352E+1
5.883298E+2	8.487429E+1
5.885851E+2	8.507647E+1
5.888404E+2	8.522948E+1
5.890958E+2	8.537156E+1
5.893511E+2	8.510380E+1
5.896064E+2	8.500544E+1
5.898617E+2	8.497811E+1
5.901169E+2	8.538249E+1
5.903722E+2	8.520762E+1
5.906275E+2	8.533877E+1
5.908827E+2	8.588522E+1
5.911380E+2	8.612566E+1
5.913932E+2	8.597265E+1
5.916485E+2	8.653003E+1
5.919037E+2	8.706555E+1
5.921589E+2	8.732784E+1
5.924141E+2	8.670489E+1
5.926693E+2	8.668850E+1
5.929245E+2	8.693986E+1
5.931797E+2	8.698904E+1
5.934349E+2	8.732238E+1
5.936900E+2	8.738795E+1
5.939452E+2	8.748085E+1
5.942004E+2	8.748631E+1
5.944555E+2	8.747538E+1
5.947106E+2	8.773768E+1
5.949658E+2	8.743713E+1
5.952209E+2	8.785790E+1
5.954760E+2	8.786336E+1
5.957311E+2	8.772675E+1
5.959862E+2	8.756281E+1
5.962413E+2	8.787429E+1
5.964963E+2	8.790708E+1
5.967514E+2	8.815298E+1
5.970065E+2	8.834423E+1
5.972615E+2	8.876500E+1
5.975166E+2	8.858467E+1
5.977716E+2	8.869943E+1
5.980266E+2	8.873768E+1
5.982816E+2	8.870489E+1
5.985367E+2	8.910380E+1
5.987917E+2	9.038795E+1
5.990467E+2	9.059014E+1
5.993016E+2	9.051363E+1
5.995566E+2	9.053003E+1
5.998116E+2	9.118030E+1
6.000665E+2	9.100544E+1
6.003215E+2	9.090708E+1
6.005764E+2	9.124587E+1
6.008314E+2	9.176500E+1
6.010863E+2	9.147538E+1
6.013412E+2	9.175953E+1
6.015961E+2	9.231691E+1
6.018510E+2	9.298358E+1
6.021059E+2	9.328412E+1
6.023608E+2	9.328959E+1
6.026157E+2	9.321855E+1
6.028706E+2	9.357921E+1
6.031254E+2	9.410380E+1
6.033803E+2	9.422948E+1
6.036351E+2	9.446445E+1
6.038900E+2	9.456828E+1
6.041448E+2	9.514205E+1
6.043996E+2	9.551910E+1
6.046544E+2	9.571582E+1
6.049092E+2	9.589615E+1
6.051640E+2	9.646445E+1
6.054188E+2	9.678686E+1
6.056736E+2	9.702729E+1
6.059283E+2	9.722948E+1
6.061831E+2	9.763932E+1
6.064378E+2	9.767757E+1
6.066926E+2	9.786882E+1
6.069473E+2	9.827320E+1
6.072021E+2	9.887429E+1
6.074568E+2	9.843713E+1
6.077115E+2	9.831145E+1
6.079662E+2	9.879779E+1
6.082209E+2	9.903276E+1
6.084756E+2	9.963932E+1
6.087302E+2	1.003989E+2
6.089849E+2	1.006666E+2
6.092396E+2	1.011038E+2
6.094942E+2	1.013770E+2
6.097489E+2	1.013005E+2
6.100035E+2	1.016612E+2
6.102581E+2	1.018852E+2
6.105127E+2	1.022349E+2
6.107674E+2	1.026011E+2
6.110220E+2	1.028634E+2
6.112766E+2	1.032076E+2
6.115311E+2	1.035246E+2
6.117857E+2	1.035956E+2
6.120403E+2	1.037431E+2
6.122948E+2	1.042623E+2
6.125494E+2	1.046120E+2
6.128039E+2	1.048360E+2
6.130585E+2	1.052513E+2
6.133130E+2	1.057486E+2
6.135675E+2	1.058470E+2
6.138220E+2	1.063770E+2
6.140765E+2	1.064535E+2
6.143310E+2	1.060437E+2
6.145855E+2	1.064153E+2
6.148400E+2	1.068033E+2
6.150945E+2	1.071694E+2
6.153489E+2	1.070218E+2
6.156034E+2	1.069945E+2
6.158578E+2	1.072131E+2
6.161123E+2	1.071202E+2
6.163667E+2	1.072131E+2
6.166211E+2	1.077267E+2
6.168755E+2	1.083060E+2
6.171299E+2	1.082022E+2
6.173843E+2	1.080492E+2
6.176387E+2	1.078798E+2
6.178931E+2	1.079617E+2
6.181474E+2	1.082459E+2
6.184018E+2	1.085464E+2
6.186561E+2	1.083497E+2
6.189105E+2	1.083388E+2
6.191648E+2	1.082732E+2
6.194191E+2	1.082186E+2
6.196735E+2	1.083224E+2
6.199278E+2	1.083606E+2
6.201821E+2	1.086284E+2
6.204364E+2	1.090218E+2
6.206907E+2	1.088033E+2
6.209449E+2	1.086830E+2
6.211992E+2	1.088743E+2
6.214535E+2	1.095191E+2
6.217077E+2	1.097049E+2
6.219619E+2	1.098688E+2
6.222162E+2	1.099016E+2
6.224704E+2	1.103114E+2
6.227246E+2	1.103442E+2
6.229788E+2	1.109672E+2
6.232330E+2	1.116011E+2
6.234872E+2	1.119563E+2
6.237414E+2	1.117978E+2
6.239956E+2	1.111967E+2
6.242498E+2	1.107869E+2
6.245039E+2	1.110382E+2
6.247581E+2	1.109781E+2
6.250122E+2	1.106885E+2
6.252663E+2	1.105901E+2
6.255205E+2	1.108688E+2
6.257746E+2	1.111366E+2
6.260287E+2	1.113060E+2
6.262828E+2	1.114098E+2
6.265369E+2	1.114098E+2
6.267910E+2	1.119180E+2
6.270450E+2	1.121311E+2
6.272991E+2	1.125519E+2
6.275532E+2	1.135573E+2
6.278072E+2	1.135628E+2
6.280613E+2	1.136011E+2
6.283153E+2	1.141803E+2
6.285693E+2	1.145956E+2
6.288233E+2	1.146612E+2
6.290773E+2	1.144754E+2
6.293313E+2	1.141257E+2
6.295853E+2	1.147213E+2
6.298393E+2	1.150000E+2
6.300933E+2	1.151530E+2
6.303472E+2	1.154808E+2
6.306012E+2	1.156229E+2
6.308551E+2	1.160054E+2
6.311091E+2	1.164098E+2
6.313630E+2	1.168907E+2
6.316169E+2	1.170273E+2
6.318709E+2	1.168306E+2
6.321248E+2	1.168579E+2
6.323787E+2	1.165464E+2
6.326326E+2	1.165847E+2
6.328864E+2	1.168087E+2
6.331403E+2	1.172841E+2
6.333942E+2	1.178524E+2
6.336480E+2	1.183606E+2
6.339019E+2	1.184098E+2
6.341557E+2	1.184590E+2
6.344095E+2	1.186885E+2
6.346634E+2	1.188743E+2
6.349172E+2	1.191038E+2
6.351710E+2	1.189125E+2
6.354248E+2	1.191475E+2
6.356786E+2	1.194863E+2
6.359324E+2	1.194262E+2
6.361861E+2	1.203278E+2
6.364399E+2	1.207923E+2
6.366936E+2	1.207650E+2
6.369474E+2	1.206502E+2
6.372011E+2	1.205191E+2
6.374549E+2	1.206557E+2
6.377086E+2	1.206557E+2
6.379623E+2	1.205901E+2
6.382160E+2	1.205191E+2
6.384697E+2	1.204699E+2
6.387234E+2	1.201858E+2
6.389771E+2	1.202787E+2
6.392307E+2	1.207923E+2
6.394844E+2	1.208251E+2
6.397380E+2	1.211093E+2
6.399917E+2	1.213333E+2
6.402453E+2	1.216776E+2
6.404990E+2	1.224317E+2
6.407526E+2	1.233770E+2
6.410062E+2	1.237267E+2
6.412598E+2	1.236557E+2
6.415134E+2	1.239235E+2
6.417670E+2	1.244207E+2
6.420206E+2	1.249235E+2
6.422741E+2	1.253770E+2
6.425277E+2	1.256940E+2
6.427812E+2	1.260054E+2
6.430348E+2	1.254535E+2
6.432883E+2	1.258579E+2
6.435418E+2	1.262677E+2
6.437954E+2	1.263934E+2
6.440489E+2	1.266229E+2
6.443024E+2	1.265956E+2
6.445559E+2	1.274918E+2
6.448094E+2	1.280546E+2
6.450628E+2	1.279508E+2
6.453163E+2	1.282186E+2
6.455698E+2	1.284426E+2
6.458232E+2	1.283442E+2
6.460767E+2	1.284808E+2
6.463301E+2	1.285573E+2
6.465835E+2	1.288306E+2
6.468369E+2	1.292896E+2
6.470903E+2	1.297705E+2
6.473437E+2	1.302951E+2
6.475971E+2	1.305246E+2
6.478505E+2	1.308196E+2
6.481039E+2	1.310382E+2
6.483573E+2	1.313005E+2
6.486106E+2	1.317049E+2
6.488640E+2	1.315683E+2
6.491173E+2	1.314972E+2
6.493706E+2	1.317541E+2
6.496240E+2	1.322787E+2
6.498773E+2	1.324043E+2
6.501306E+2	1.325628E+2
6.503839E+2	1.330655E+2
6.506372E+2	1.337377E+2
6.508905E+2	1.338415E+2
6.511437E+2	1.339726E+2
6.513970E+2	1.342732E+2
6.516503E+2	1.339945E+2
6.519035E+2	1.339453E+2
6.521567E+2	1.341584E+2
6.524100E+2	1.343005E+2
6.526632E+2	1.348251E+2
6.529164E+2	1.353770E+2
6.531696E+2	1.360819E+2
6.534228E+2	1.362404E+2
6.536760E+2	1.365136E+2
6.539292E+2	1.365956E+2
6.541824E+2	1.373880E+2
6.544355E+2	1.377377E+2
6.546887E+2	1.381311E+2
6.549418E+2	1.387650E+2
6.551950E+2	1.389617E+2
6.554481E+2	1.388798E+2
6.557012E+2	1.390382E+2
6.559543E+2	1.391038E+2
6.562074E+2	1.386776E+2
6.564605E+2	1.385191E+2
6.567136E+2	1.392568E+2
6.569667E+2	1.394918E+2
6.572198E+2	1.397650E+2
6.574728E+2	1.395792E+2
6.577259E+2	1.392022E+2
6.579789E+2	1.393442E+2
6.582319E+2	1.394317E+2
6.584850E+2	1.400655E+2
6.587380E+2	1.401202E+2
6.589910E+2	1.401530E+2
6.592440E+2	1.403661E+2
6.594970E+2	1.403770E+2
6.597500E+2	1.407923E+2
6.600030E+2	1.409781E+2
6.602559E+2	1.412568E+2
6.605089E+2	1.415027E+2
6.607618E+2	1.412022E+2
6.610148E+2	1.412841E+2
6.612677E+2	1.415519E+2
6.615206E+2	1.419180E+2
6.617736E+2	1.421366E+2
6.620265E+2	1.419836E+2
6.622794E+2	1.418524E+2
6.625323E+2	1.418634E+2
6.627851E+2	1.420109E+2
6.630380E+2	1.421858E+2
6.632909E+2	1.427104E+2
6.635437E+2	1.431803E+2
6.637966E+2	1.435901E+2
6.640494E+2	1.437431E+2
6.643023E+2	1.441202E+2
6.645551E+2	1.451366E+2
6.648079E+2	1.458634E+2
6.650607E+2	1.461420E+2
6.653135E+2	1.467814E+2
6.655663E+2	1.473880E+2
6.658191E+2	1.475519E+2
6.660718E+2	1.480054E+2
6.663246E+2	1.485792E+2
6.665774E+2	1.490983E+2
6.668301E+2	1.496339E+2
6.670828E+2	1.503606E+2
6.673356E+2	1.510328E+2
6.675883E+2	1.515847E+2
6.678410E+2	1.522076E+2
6.680937E+2	1.526940E+2
6.683464E+2	1.527978E+2
6.685991E+2	1.530874E+2
6.688518E+2	1.536994E+2
6.691044E+2	1.538852E+2
6.693571E+2	1.541912E+2
6.696098E+2	1.542841E+2
6.698624E+2	1.545792E+2
6.701150E+2	1.546666E+2
6.703677E+2	1.554262E+2
6.706203E+2	1.559726E+2
6.708729E+2	1.566339E+2
6.711255E+2	1.572022E+2
6.713781E+2	1.578634E+2
6.716307E+2	1.586776E+2
6.718832E+2	1.595956E+2
6.721358E+2	1.599289E+2
6.723884E+2	1.605847E+2
6.726409E+2	1.609399E+2
6.728935E+2	1.620929E+2
6.731460E+2	1.628579E+2
6.733985E+2	1.636502E+2
6.736510E+2	1.644699E+2
6.739035E+2	1.646612E+2
6.741560E+2	1.652240E+2
6.744085E+2	1.653880E+2
6.746610E+2	1.655355E+2
6.749135E+2	1.662787E+2
6.751660E+2	1.668524E+2
6.754184E+2	1.674481E+2
6.756709E+2	1.678196E+2
6.759233E+2	1.681858E+2
6.761757E+2	1.691257E+2
6.764282E+2	1.699016E+2
6.766806E+2	1.703442E+2
6.769330E+2	1.709726E+2
6.771854E+2	1.716339E+2
6.774378E+2	1.723606E+2
6.776901E+2	1.730819E+2
6.779425E+2	1.737595E+2
6.781949E+2	1.742076E+2
6.784472E+2	1.750000E+2
6.786996E+2	1.752896E+2
6.789519E+2	1.758251E+2
6.792042E+2	1.761803E+2
6.794566E+2	1.765847E+2
6.797089E+2	1.771420E+2
6.799612E+2	1.769617E+2
6.802135E+2	1.771694E+2
6.804657E+2	1.778852E+2
6.807180E+2	1.779672E+2
6.809703E+2	1.786011E+2
6.812226E+2	1.791366E+2
6.814748E+2	1.792240E+2
6.817270E+2	1.796612E+2
6.819793E+2	1.797869E+2
6.822315E+2	1.800054E+2
6.824837E+2	1.802896E+2
6.827359E+2	1.804972E+2
6.829881E+2	1.806940E+2
6.832403E+2	1.810273E+2
6.834925E+2	1.812623E+2
6.837447E+2	1.814371E+2
6.839968E+2	1.815956E+2
6.842490E+2	1.820328E+2
6.845011E+2	1.824754E+2
6.847533E+2	1.831858E+2
6.850054E+2	1.836339E+2
6.852575E+2	1.844043E+2
6.855097E+2	1.849016E+2
6.857618E+2	1.851912E+2
6.860139E+2	1.858360E+2
6.862659E+2	1.865191E+2
6.865180E+2	1.867322E+2
6.867701E+2	1.868524E+2
6.870222E+2	1.871803E+2
6.872742E+2	1.872513E+2
6.875263E+2	1.876994E+2
6.877783E+2	1.879781E+2
6.880303E+2	1.883716E+2
6.882823E+2	1.881257E+2
6.885343E+2	1.885136E+2
6.887864E+2	1.887923E+2
6.890383E+2	1.886994E+2
6.892903E+2	1.891257E+2
6.895423E+2	1.893333E+2
6.897943E+2	1.901967E+2
6.900462E+2	1.907104E+2
6.902982E+2	1.910819E+2
6.905501E+2	1.912240E+2
6.908021E+2	1.913060E+2
6.910540E+2	1.919945E+2
6.913059E+2	1.926448E+2
6.915578E+2	1.930546E+2
6.918097E+2	1.936830E+2
6.920616E+2	1.947486E+2
6.923135E+2	1.955464E+2
6.925654E+2	1.959563E+2
6.928172E+2	1.965082E+2
6.930691E+2	1.969563E+2
6.933209E+2	1.974426E+2
6.935728E+2	1.982076E+2
6.938246E+2	1.990218E+2
6.940764E+2	1.996885E+2
6.943282E+2	2.001202E+2
6.945800E+2	2.004535E+2
6.948318E+2	2.009125E+2
6.950836E+2	2.011475E+2
6.953354E+2	2.014645E+2
6.955872E+2	2.018251E+2
6.958389E+2	2.019945E+2
6.960907E+2	2.027650E+2
6.963424E+2	2.029180E+2
6.965942E+2	2.031694E+2
6.968459E+2	2.037049E+2
6.970976E+2	2.040710E+2
6.973493E+2	2.046830E+2
6.976010E+2	2.053825E+2
6.978527E+2	2.058251E+2
6.981044E+2	2.067814E+2
6.983561E+2	2.079071E+2
6.986077E+2	2.088306E+2
6.988594E+2	2.098306E+2
6.991110E+2	2.108033E+2
6.993627E+2	2.117869E+2
6.996143E+2	2.124098E+2
6.998659E+2	2.130492E+2
7.001175E+2	2.136885E+2
7.003692E+2	2.144262E+2
7.006207E+2	2.150546E+2
7.008723E+2	2.154863E+2
7.011239E+2	2.155027E+2
7.013755E+2	2.155847E+2
7.016271E+2	2.159563E+2
7.018786E+2	2.168688E+2
7.021302E+2	2.173388E+2
7.023817E+2	2.177431E+2
7.026332E+2	2.180000E+2
7.028847E+2	2.180655E+2
7.031362E+2	2.185847E+2
7.033878E+2	2.192677E+2
7.036392E+2	2.200328E+2
7.038907E+2	2.204535E+2
7.041422E+2	2.212623E+2
7.043937E+2	2.223497E+2
7.046451E+2	2.233005E+2
7.048966E+2	2.242513E+2
7.051480E+2	2.251257E+2
7.053995E+2	2.256885E+2
7.056509E+2	2.265683E+2
7.059023E+2	2.275847E+2
7.061537E+2	2.286011E+2
7.064051E+2	2.293825E+2
7.066565E+2	2.302896E+2
7.069079E+2	2.311530E+2
7.071593E+2	2.316065E+2
7.074106E+2	2.313880E+2
7.076620E+2	2.310437E+2
7.079133E+2	2.310109E+2
7.081647E+2	2.313552E+2
7.084160E+2	2.320546E+2
7.086673E+2	2.325573E+2
7.089186E+2	2.327541E+2
7.091699E+2	2.326284E+2
7.094212E+2	2.328470E+2
7.096725E+2	2.334371E+2
7.099238E+2	2.338251E+2
7.101751E+2	2.346120E+2
7.104263E+2	2.354590E+2
7.106776E+2	2.363934E+2
7.109288E+2	2.368360E+2
7.111800E+2	2.376448E+2
7.114313E+2	2.386284E+2
7.116825E+2	2.395847E+2
7.119337E+2	2.405136E+2
7.121849E+2	2.413333E+2
7.124361E+2	2.423060E+2
7.126873E+2	2.433716E+2
7.129384E+2	2.441748E+2
7.131896E+2	2.450655E+2
7.134408E+2	2.454317E+2
7.136919E+2	2.455136E+2
7.139430E+2	2.454153E+2
7.141942E+2	2.451967E+2
7.144453E+2	2.450437E+2
7.146964E+2	2.451858E+2
7.149475E+2	2.451639E+2
7.151986E+2	2.453442E+2
7.154497E+2	2.455082E+2
7.157008E+2	2.453661E+2
7.159518E+2	2.451694E+2
7.162029E+2	2.454153E+2
7.164540E+2	2.460710E+2
7.167050E+2	2.467267E+2
7.169560E+2	2.474317E+2
7.172071E+2	2.477541E+2
7.174581E+2	2.486666E+2
7.177091E+2	2.498634E+2
7.179601E+2	2.508524E+2
7.182111E+2	2.519672E+2
7.184621E+2	2.525519E+2
7.187130E+2	2.532896E+2
7.189640E+2	2.545519E+2
7.192150E+2	2.553278E+2
7.194659E+2	2.555573E+2
7.197169E+2	2.557869E+2
7.199678E+2	2.559563E+2
7.202187E+2	2.560819E+2
7.204696E+2	2.559672E+2
7.207205E+2	2.562732E+2
7.209714E+2	2.564098E+2
7.212223E+2	2.567322E+2
7.214732E+2	2.565246E+2
7.217241E+2	2.565573E+2
7.219749E+2	2.568470E+2
7.222258E+2	2.570765E+2
7.224766E+2	2.573606E+2
7.227274E+2	2.587104E+2
7.229783E+2	2.597541E+2
7.232291E+2	2.610054E+2
7.234799E+2	2.617267E+2
7.237307E+2	2.621257E+2
7.239815E+2	2.627049E+2
7.242323E+2	2.636721E+2
7.244830E+2	2.647377E+2
7.247338E+2	2.658196E+2
7.249846E+2	2.667322E+2
7.252353E+2	2.680437E+2
7.254861E+2	2.685573E+2
7.257368E+2	2.689453E+2
7.259875E+2	2.692841E+2
7.262382E+2	2.701803E+2
7.264889E+2	2.704972E+2
7.267396E+2	2.707650E+2
7.269903E+2	2.711366E+2
7.272410E+2	2.716885E+2
7.274917E+2	2.720164E+2
7.277423E+2	2.725847E+2
7.279930E+2	2.728142E+2
7.282436E+2	2.731257E+2
7.284942E+2	2.733989E+2
7.287449E+2	2.742841E+2
7.289955E+2	2.754262E+2
7.292461E+2	2.767213E+2
7.294967E+2	2.780874E+2
7.297473E+2	2.797978E+2
7.299979E+2	2.810819E+2
7.302484E+2	2.831038E+2
7.304990E+2	2.845956E+2
7.307496E+2	2.856612E+2
7.310001E+2	2.872787E+2
7.312507E+2	2.882404E+2
7.315012E+2	2.894153E+2
7.317517E+2	2.903224E+2
7.320022E+2	2.915027E+2
7.322527E+2	2.923661E+2
7.325032E+2	2.933989E+2
7.327537E+2	2.941420E+2
7.330042E+2	2.944645E+2
7.332547E+2	2.954043E+2
7.335051E+2	2.959617E+2
7.337556E+2	2.971257E+2
7.340060E+2	2.978634E+2
7.342564E+2	2.991475E+2
7.345069E+2	3.006885E+2
7.347573E+2	3.022732E+2
7.350077E+2	3.039453E+2
7.352581E+2	3.055355E+2
7.355085E+2	3.072623E+2
7.357589E+2	3.090874E+2
7.360092E+2	3.112459E+2
7.362596E+2	3.138798E+2
7.365100E+2	3.162732E+2
7.367603E+2	3.186229E+2
7.370106E+2	3.205300E+2
7.372610E+2	3.227595E+2
7.375113E+2	3.244535E+2
7.377616E+2	3.265410E+2
7.380119E+2	3.280546E+2
7.382622E+2	3.297541E+2
7.385125E+2	3.319344E+2
7.387628E+2	3.345737E+2
7.390130E+2	3.372513E+2
7.392633E+2	3.401257E+2
7.395135E+2	3.429344E+2
7.397638E+2	3.456175E+2
7.400140E+2	3.484972E+2
7.402642E+2	3.516557E+2
7.405144E+2	3.549180E+2
7.407647E+2	3.582841E+2
7.410149E+2	3.613442E+2
7.412650E+2	3.645027E+2
7.415152E+2	3.666612E+2
7.417654E+2	3.693934E+2
7.420156E+2	3.719399E+2
7.422657E+2	3.749836E+2
7.425159E+2	3.785191E+2
7.427660E+2	3.829836E+2
7.430161E+2	3.866830E+2
7.432662E+2	3.916065E+2
7.435164E+2	3.985792E+2
7.437665E+2	4.087923E+2
7.440165E+2	4.187322E+2
7.442666E+2	4.266011E+2
7.445167E+2	4.316393E+2
7.447668E+2	4.349399E+2
7.450168E+2	4.383005E+2
7.452669E+2	4.417978E+2
7.455169E+2	4.449125E+2
7.457669E+2	4.477595E+2
7.460170E+2	4.510710E+2
7.462670E+2	4.547541E+2
7.465170E+2	4.596065E+2
7.467670E+2	4.645847E+2
7.470170E+2	4.704535E+2
7.472670E+2	4.781694E+2
7.475169E+2	4.873333E+2
7.477669E+2	4.961366E+2
7.480168E+2	5.038798E+2
7.482668E+2	5.098634E+2
7.485167E+2	5.150601E+2
7.487666E+2	5.198087E+2
7.490166E+2	5.237267E+2
7.492665E+2	5.274863E+2
7.495164E+2	5.306940E+2
7.497663E+2	5.340328E+2
7.500161E+2	5.362787E+2
7.502660E+2	5.379617E+2
7.505159E+2	5.393388E+2
7.507657E+2	5.399672E+2
7.510156E+2	5.407158E+2
7.512654E+2	5.411694E+2
7.515152E+2	5.412295E+2
7.517651E+2	5.412896E+2
7.520149E+2	5.418087E+2
7.522647E+2	5.432022E+2
7.525145E+2	5.447213E+2
7.527643E+2	5.469508E+2
7.530140E+2	5.496011E+2
7.532638E+2	5.527814E+2
7.535136E+2	5.558634E+2
7.537633E+2	5.582623E+2
7.540131E+2	5.608852E+2
7.542628E+2	5.652186E+2
7.545125E+2	5.693497E+2
7.547622E+2	5.739672E+2
7.550119E+2	5.784645E+2
7.552616E+2	5.819563E+2
7.555113E+2	5.847267E+2
7.557610E+2	5.868798E+2
7.560107E+2	5.882677E+2
7.562603E+2	5.895246E+2
7.565100E+2	5.903442E+2
7.567596E+2	5.912240E+2
7.570093E+2	5.910492E+2
7.572589E+2	5.907213E+2
7.575085E+2	5.895683E+2
7.577581E+2	5.875246E+2
7.580077E+2	5.848306E+2
7.582573E+2	5.823880E+2
7.585069E+2	5.790765E+2
7.587565E+2	5.735847E+2
7.590060E+2	5.643880E+2
7.592556E+2	5.551257E+2
7.595051E+2	5.479399E+2
7.597547E+2	5.436229E+2
7.600042E+2	5.410655E+2
7.602537E+2	5.382349E+2
7.605032E+2	5.354590E+2
7.607527E+2	5.331202E+2
7.610022E+2	5.317978E+2
7.612517E+2	5.303770E+2
7.615012E+2	5.282022E+2
7.617507E+2	5.259945E+2
7.620001E+2	5.235410E+2
7.622496E+2	5.202732E+2
7.624990E+2	5.148470E+2
7.627485E+2	5.072459E+2
7.629979E+2	5.001311E+2
7.632473E+2	4.940929E+2
7.634967E+2	4.900000E+2
7.637461E+2	4.866502E+2
7.639955E+2	4.838415E+2
7.642449E+2	4.814153E+2
7.644942E+2	4.782513E+2
7.647436E+2	4.751147E+2
7.649930E+2	4.718798E+2
7.652423E+2	4.698524E+2
7.654916E+2	4.679399E+2
7.657410E+2	4.671038E+2
7.659903E+2	4.666612E+2
7.662396E+2	4.663989E+2
7.664889E+2	4.665519E+2
7.667382E+2	4.660054E+2
7.669875E+2	4.658196E+2
7.672367E+2	4.657158E+2
7.674860E+2	4.643114E+2
7.677353E+2	4.619563E+2
7.679845E+2	4.595136E+2
7.682337E+2	4.568306E+2
7.684830E+2	4.530983E+2
7.687322E+2	4.500601E+2
7.689814E+2	4.477541E+2
7.692306E+2	4.449672E+2
7.694798E+2	4.403333E+2
7.697290E+2	4.358524E+2
7.699782E+2	4.313060E+2
7.702273E+2	4.276612E+2
7.704765E+2	4.248961E+2
7.707256E+2	4.228251E+2
7.709748E+2	4.211584E+2
7.712239E+2	4.212404E+2
7.714730E+2	4.226120E+2
7.717222E+2	4.250765E+2
7.719713E+2	4.284098E+2
7.722204E+2	4.327486E+2
7.724694E+2	4.372240E+2
7.727185E+2	4.420164E+2
7.729676E+2	4.468961E+2
7.732167E+2	4.512787E+2
7.734657E+2	4.556120E+2
7.737147E+2	4.588251E+2
7.739638E+2	4.614262E+2
7.742128E+2	4.637377E+2
7.744618E+2	4.654863E+2
7.747108E+2	4.673278E+2
7.749598E+2	4.685300E+2
7.752088E+2	4.692404E+2
7.754578E+2	4.699945E+2
7.757068E+2	4.704207E+2
7.759557E+2	4.705136E+2
7.762047E+2	4.698142E+2
7.764536E+2	4.689726E+2
7.767026E+2	4.683169E+2
7.769515E+2	4.668852E+2
7.772004E+2	4.652787E+2
7.774493E+2	4.638415E+2
7.776982E+2	4.618415E+2
7.779471E+2	4.613442E+2
7.781960E+2	4.603989E+2
7.784449E+2	4.600382E+2
7.786938E+2	4.592022E+2
7.789426E+2	4.588470E+2
7.791915E+2	4.585683E+2
7.794403E+2	4.592404E+2
7.796891E+2	4.607923E+2
7.799380E+2	4.621748E+2
7.801868E+2	4.642568E+2
7.804356E+2	4.663005E+2
7.806844E+2	4.691748E+2
7.809332E+2	4.717213E+2
7.811819E+2	4.751147E+2
7.814307E+2	4.784645E+2
7.816795E+2	4.815191E+2
7.819282E+2	4.849563E+2
7.821770E+2	4.884754E+2
7.824257E+2	4.918033E+2
7.826744E+2	4.951748E+2
7.829231E+2	4.983552E+2
7.831718E+2	5.013169E+2
7.834205E+2	5.033005E+2
7.836692E+2	5.048688E+2
7.839179E+2	5.056229E+2
7.841666E+2	5.057923E+2
7.844152E+2	5.056776E+2
7.846639E+2	5.054863E+2
7.849125E+2	5.048033E+2
7.851612E+2	5.033278E+2
7.854098E+2	5.009563E+2
7.856584E+2	4.981475E+2
7.859070E+2	4.949781E+2
7.861556E+2	4.916557E+2
7.864042E+2	4.878306E+2
7.866528E+2	4.831311E+2
7.869014E+2	4.780382E+2
7.871499E+2	4.726502E+2
7.873985E+2	4.672896E+2
7.876470E+2	4.623333E+2
7.878956E+2	4.572787E+2
7.881441E+2	4.530000E+2
7.883926E+2	4.492841E+2
7.886411E+2	4.457923E+2
7.888896E+2	4.434535E+2
7.891381E+2	4.426448E+2
7.893866E+2	4.427923E+2
7.896351E+2	4.434590E+2
7.898835E+2	4.440929E+2
7.901320E+2	4.454590E+2
7.903804E+2	4.474262E+2
7.906289E+2	4.488907E+2
7.908773E+2	4.515136E+2
7.911257E+2	4.537322E+2
7.913742E+2	4.565519E+2
7.916226E+2	4.592896E+2
7.918709E+2	4.619836E+2
7.921193E+2	4.644207E+2
7.923677E+2	4.666994E+2
7.926161E+2	4.686393E+2
7.928644E+2	4.706339E+2
7.931128E+2	4.714808E+2
7.933611E+2	4.725792E+2
7.936095E+2	4.726830E+2
7.938578E+2	4.728798E+2
7.941061E+2	4.721093E+2
7.943544E+2	4.713825E+2
7.946027E+2	4.695082E+2
7.948510E+2	4.671912E+2
7.950993E+2	4.648306E+2
7.953475E+2	4.616557E+2
7.955958E+2	4.583606E+2
7.958440E+2	4.546120E+2
7.960923E+2	4.510328E+2
7.963405E+2	4.468907E+2
7.965887E+2	4.422349E+2
7.968370E+2	4.378415E+2
7.970852E+2	4.341584E+2
7.973334E+2	4.300000E+2
7.975816E+2	4.261748E+2
7.978297E+2	4.232513E+2
7.980779E+2	4.208470E+2
7.983261E+2	4.184754E+2
7.985742E+2	4.173880E+2
7.988224E+2	4.177869E+2
7.990705E+2	4.191584E+2
7.993186E+2	4.206994E+2
7.995668E+2	4.224972E+2
7.998149E+2	4.242240E+2
8.000630E+2	4.263606E+2
8.003111E+2	4.285246E+2
8.005591E+2	4.307104E+2
8.008072E+2	4.330655E+2
8.010553E+2	4.351694E+2
8.013033E+2	4.370273E+2
8.015514E+2	4.383442E+2
8.017994E+2	4.390765E+2
8.020474E+2	4.399399E+2
8.022955E+2	4.408360E+2
8.025435E+2	4.408688E+2
8.027915E+2	4.406830E+2
8.030395E+2	4.406940E+2
8.032874E+2	4.400164E+2
8.035354E+2	4.394207E+2
8.037834E+2	4.384972E+2
8.040313E+2	4.377923E+2
8.042793E+2	4.358524E+2
8.045272E+2	4.336666E+2
8.047752E+2	4.312295E+2
8.050231E+2	4.289289E+2
8.052710E+2	4.263606E+2
8.055189E+2	4.234699E+2
8.057668E+2	4.213716E+2
8.060147E+2	4.183606E+2
8.062625E+2	4.156721E+2
8.065104E+2	4.129344E+2
8.067583E+2	4.104426E+2
8.070061E+2	4.085191E+2
8.072540E+2	4.072787E+2
8.075018E+2	4.069180E+2
8.077496E+2	4.066448E+2
8.079974E+2	4.075956E+2
8.082452E+2	4.095191E+2
8.084930E+2	4.115956E+2
8.087408E+2	4.153825E+2
8.089886E+2	4.196339E+2
8.092364E+2	4.252459E+2
8.094841E+2	4.314699E+2
8.097319E+2	4.389399E+2
8.099796E+2	4.474481E+2
8.102273E+2	4.569672E+2
8.104751E+2	4.672677E+2
8.107228E+2	4.775464E+2
8.109705E+2	4.876011E+2
8.112182E+2	4.969781E+2
8.114659E+2	5.059508E+2
8.117135E+2	5.142022E+2
8.119612E+2	5.215410E+2
8.122089E+2	5.273442E+2
8.124565E+2	5.320273E+2
8.127042E+2	5.352677E+2
8.129518E+2	5.368196E+2
8.131994E+2	5.375027E+2
8.134470E+2	5.373770E+2
8.136946E+2	5.359399E+2
8.139422E+2	5.337431E+2
8.141898E+2	5.302787E+2
8.144374E+2	5.264426E+2
8.146850E+2	5.220874E+2
8.149325E+2	5.184972E+2
8.151801E+2	5.146994E+2
8.154276E+2	5.110601E+2
8.156752E+2	5.072022E+2
8.159227E+2	5.039235E+2
8.161702E+2	5.009235E+2
8.164177E+2	4.984808E+2
8.166652E+2	4.966994E+2
8.169127E+2	4.957705E+2
8.171602E+2	4.945628E+2
8.174077E+2	4.937923E+2
8.176551E+2	4.938524E+2
8.179026E+2	4.938524E+2
8.181500E+2	4.937213E+2
8.183975E+2	4.946011E+2
8.186449E+2	4.950929E+2
8.188923E+2	4.958306E+2
8.191397E+2	4.957759E+2
8.193871E+2	4.958251E+2
8.196345E+2	4.955519E+2
8.198819E+2	4.953169E+2
8.201293E+2	4.944590E+2
8.203766E+2	4.932841E+2
8.206240E+2	4.919617E+2
8.208713E+2	4.898251E+2
8.211187E+2	4.874098E+2
8.213660E+2	4.846885E+2
8.216133E+2	4.819016E+2
8.218606E+2	4.788087E+2
8.221079E+2	4.748634E+2
8.223552E+2	4.704098E+2
8.226025E+2	4.652295E+2
8.228498E+2	4.601420E+2
8.230970E+2	4.543934E+2
8.233443E+2	4.479617E+2
8.235915E+2	4.414043E+2
8.238388E+2	4.334918E+2
8.240860E+2	4.254481E+2
8.243332E+2	4.160819E+2
8.245804E+2	4.058743E+2
8.248276E+2	3.949672E+2
8.250748E+2	3.834863E+2
8.253220E+2	3.708306E+2
8.255692E+2	3.577759E+2
8.258163E+2	3.448251E+2
8.260635E+2	3.321803E+2
8.263106E+2	3.194863E+2
8.265578E+2	3.074426E+2
8.268049E+2	2.963989E+2
8.270520E+2	2.858688E+2
8.272991E+2	2.763606E+2
8.275462E+2	2.681257E+2
8.277933E+2	2.608415E+2
8.280404E+2	2.551311E+2
8.282875E+2	2.500000E+2
8.285345E+2	2.458251E+2
8.287816E+2	2.423060E+2
8.290287E+2	2.389726E+2
8.292757E+2	2.364590E+2
8.295227E+2	2.335792E+2
8.297697E+2	2.314098E+2
8.300168E+2	2.285628E+2
8.302638E+2	2.258415E+2
8.305107E+2	2.234972E+2
8.307577E+2	2.212787E+2
8.310047E+2	2.185191E+2
8.312517E+2	2.158087E+2
8.314986E+2	2.126339E+2
8.317456E+2	2.092404E+2
8.319925E+2	2.058251E+2
8.322394E+2	2.023825E+2
8.324864E+2	1.987595E+2
8.327333E+2	1.948524E+2
8.329802E+2	1.902513E+2
8.332271E+2	1.862404E+2
8.334740E+2	1.810109E+2
8.337208E+2	1.760655E+2
8.339677E+2	1.712513E+2
8.342146E+2	1.667049E+2
8.344614E+2	1.625464E+2
8.347082E+2	1.589890E+2
8.349551E+2	1.553934E+2
8.352019E+2	1.521311E+2
8.354487E+2	1.496393E+2
8.356955E+2	1.473278E+2
8.359423E+2	1.452841E+2
8.361891E+2	1.438579E+2
8.364359E+2	1.423497E+2
8.366826E+2	1.409399E+2
8.369294E+2	1.394918E+2
8.371761E+2	1.385136E+2
8.374229E+2	1.379726E+2
8.376696E+2	1.374098E+2
8.379163E+2	1.363825E+2
8.381630E+2	1.355191E+2
8.384097E+2	1.352349E+2
8.386564E+2	1.348360E+2
8.389031E+2	1.344207E+2
8.391498E+2	1.338033E+2
8.393965E+2	1.334699E+2
8.396431E+2	1.333497E+2
8.398898E+2	1.331748E+2
8.401364E+2	1.325246E+2
8.403830E+2	1.325956E+2
8.406297E+2	1.324426E+2
8.408763E+2	1.322022E+2
8.411229E+2	1.314590E+2
8.413695E+2	1.309508E+2
8.416161E+2	1.303661E+2
8.418626E+2	1.300710E+2
8.421092E+2	1.296011E+2
8.423558E+2	1.292404E+2
8.426023E+2	1.285901E+2
8.428489E+2	1.277486E+2
8.430954E+2	1.269508E+2
8.433419E+2	1.264972E+2
8.435884E+2	1.258142E+2
8.438349E+2	1.251420E+2
8.440814E+2	1.242951E+2
8.443279E+2	1.233114E+2
8.445744E+2	1.229180E+2
8.448208E+2	1.222022E+2
8.450673E+2	1.216393E+2
8.453138E+2	1.211584E+2
8.455602E+2	1.205191E+2
8.458066E+2	1.200054E+2
8.460530E+2	1.196284E+2
8.462995E+2	1.195519E+2
8.465459E+2	1.199016E+2
8.467923E+2	1.196448E+2
8.470386E+2	1.194535E+2
8.472850E+2	1.189289E+2
8.475314E+2	1.182404E+2
8.477777E+2	1.178251E+2
8.480241E+2	1.180382E+2
8.482704E+2	1.172951E+2
8.485168E+2	1.170437E+2
8.487631E+2	1.167267E+2
8.490094E+2	1.159508E+2
8.492557E+2	1.154207E+2
8.495020E+2	1.150164E+2
8.497483E+2	1.144699E+2
8.499946E+2	1.140546E+2
8.502408E+2	1.138470E+2
8.504871E+2	1.132295E+2
8.507333E+2	1.127213E+2
8.509796E+2	1.121748E+2
8.512258E+2	1.115410E+2
8.514720E+2	1.116229E+2
8.517182E+2	1.110054E+2
8.519644E+2	1.108524E+2
8.522106E+2	1.103825E+2
8.524568E+2	1.100164E+2
8.527030E+2	1.094481E+2
8.529492E+2	1.092677E+2
8.531953E+2	1.091366E+2
8.534415E+2	1.082022E+2
8.536876E+2	1.072404E+2
8.539337E+2	1.064426E+2
8.541799E+2	1.053333E+2
8.544260E+2	1.044863E+2
8.546721E+2	1.039836E+2
8.549182E+2	1.028798E+2
8.551643E+2	1.024754E+2
8.554103E+2	1.015136E+2
8.556564E+2	1.007595E+2
8.559024E+2	1.001803E+2
8.561485E+2	9.948085E+1
8.563945E+2	9.894533E+1
8.566406E+2	9.852456E+1
8.568866E+2	9.803822E+1
8.571326E+2	9.749724E+1
8.573786E+2	9.648631E+1
8.576246E+2	9.569396E+1
8.578706E+2	9.544259E+1
8.581166E+2	9.518576E+1
8.583625E+2	9.466117E+1
8.586085E+2	9.454642E+1
8.588544E+2	9.386336E+1
8.591004E+2	9.364478E+1
8.593463E+2	9.342620E+1
8.595922E+2	9.349724E+1
8.598381E+2	9.306008E+1
8.600840E+2	9.284150E+1
8.603299E+2	9.315844E+1
8.605758E+2	9.274314E+1
8.608217E+2	9.235516E+1
8.610675E+2	9.227320E+1
8.613134E+2	9.197265E+1
8.615592E+2	9.143713E+1
8.618051E+2	9.112019E+1
8.620509E+2	9.062292E+1
8.622967E+2	9.030052E+1
8.625425E+2	8.996172E+1
8.627883E+2	8.898358E+1
8.630341E+2	8.794533E+1
8.632799E+2	8.748631E+1
8.635257E+2	8.751363E+1
8.637715E+2	8.682511E+1
8.640172E+2	8.631145E+1
8.642630E+2	8.587975E+1
8.645087E+2	8.520762E+1
8.647544E+2	8.447538E+1
8.650001E+2	8.375407E+1
8.652459E+2	8.291800E+1
8.654916E+2	8.268303E+1
8.657372E+2	8.212019E+1
8.659829E+2	8.178686E+1
8.662286E+2	8.136609E+1
8.664743E+2	8.057921E+1
8.667199E+2	8.006555E+1
8.669656E+2	7.924041E+1
8.672112E+2	7.873768E+1
8.674568E+2	7.829505E+1
8.677024E+2	7.767757E+1
8.679481E+2	7.709287E+1
8.681937E+2	7.625134E+1
8.684392E+2	7.565025E+1
8.686848E+2	7.536609E+1
8.689304E+2	7.508194E+1
8.691760E+2	7.507647E+1
8.694215E+2	7.496719E+1
8.696671E+2	7.425134E+1
8.699126E+2	7.440434E+1
8.701581E+2	7.430598E+1
8.704036E+2	7.434970E+1
8.706491E+2	7.408740E+1
8.708946E+2	7.330598E+1
8.711401E+2	7.319669E+1
8.713856E+2	7.306008E+1
8.716311E+2	7.282511E+1
8.718766E+2	7.232784E+1
8.721220E+2	7.198904E+1
8.723674E+2	7.179779E+1
8.726129E+2	7.176500E+1
8.728583E+2	7.185243E+1
8.731037E+2	7.154096E+1
8.733491E+2	7.095079E+1
8.735945E+2	7.038249E+1
8.738399E+2	7.039341E+1
8.740853E+2	6.999451E+1
8.743307E+2	6.970489E+1
8.745760E+2	6.891800E+1
8.748214E+2	6.848085E+1
8.750667E+2	6.823494E+1
8.753121E+2	6.705462E+1
8.755574E+2	6.655188E+1
8.758027E+2	6.610380E+1
8.760480E+2	6.567757E+1
8.762933E+2	6.484150E+1
8.765386E+2	6.413658E+1
8.767839E+2	6.337156E+1
8.770291E+2	6.274314E+1
8.772744E+2	6.240434E+1
8.775196E+2	6.207101E+1
8.777649E+2	6.184697E+1
8.780101E+2	6.181418E+1
8.782553E+2	6.155188E+1
8.785006E+2	6.064478E+1
8.787458E+2	6.024041E+1
8.789910E+2	6.013658E+1
8.792361E+2	6.017484E+1
8.794813E+2	6.024041E+1
8.797265E+2	6.010926E+1
8.799717E+2	6.037702E+1
8.802168E+2	6.047538E+1
8.804619E+2	5.985790E+1
8.807071E+2	5.940981E+1
8.809522E+2	5.901637E+1
8.811973E+2	5.838795E+1
8.814424E+2	5.794533E+1
8.816875E+2	5.772128E+1
8.819326E+2	5.781964E+1
8.821777E+2	5.753549E+1
8.824227E+2	5.669396E+1
8.826678E+2	5.662839E+1
8.829128E+2	5.643713E+1
8.831579E+2	5.613658E+1
8.834029E+2	5.605462E+1
8.836479E+2	5.585790E+1
8.838929E+2	5.594533E+1
8.841379E+2	5.575407E+1
8.843829E+2	5.533331E+1
8.846279E+2	5.515298E+1
8.848729E+2	5.473768E+1
8.851179E+2	5.427866E+1
8.853628E+2	5.351910E+1
8.856078E+2	5.302729E+1
8.858527E+2	5.259014E+1
8.860976E+2	5.227866E+1
8.863425E+2	5.179779E+1
8.865875E+2	5.110380E+1
8.868324E+2	5.061746E+1
8.870772E+2	4.999997E+1
8.873221E+2	4.954096E+1
8.875670E+2	4.893986E+1
8.878119E+2	4.824587E+1
8.880567E+2	4.808194E+1
8.883016E+2	4.787975E+1
8.885464E+2	4.760106E+1
8.887912E+2	4.722402E+1
8.890360E+2	4.685243E+1
8.892809E+2	4.659014E+1
8.895257E+2	4.615844E+1
8.897704E+2	4.591800E+1
8.900152E+2	4.512566E+1
8.902600E+2	4.472128E+1
8.905048E+2	4.439888E+1
8.907495E+2	4.409833E+1
8.909943E+2	4.365025E+1
8.912390E+2	4.353549E+1
8.914837E+2	4.339888E+1
8.917284E+2	4.348631E+1
8.919731E+2	4.320762E+1
8.922178E+2	4.279779E+1
8.924625E+2	4.268850E+1
8.927072E+2	4.274314E+1
8.929519E+2	4.234423E+1
8.931965E+2	4.210380E+1
8.934412E+2	4.206008E+1
8.936858E+2	4.238795E+1
8.939305E+2	4.239888E+1
8.941751E+2	4.205462E+1
8.944197E+2	4.190708E+1
8.946643E+2	4.160653E+1
8.949089E+2	4.106008E+1
8.951535E+2	4.055735E+1
8.953981E+2	4.021309E+1
8.956426E+2	4.022948E+1
8.958872E+2	3.983057E+1
8.961317E+2	3.962292E+1
8.963763E+2	3.970489E+1
8.966208E+2	3.954096E+1
8.968653E+2	3.914205E+1
8.971098E+2	3.881418E+1
8.973543E+2	3.882511E+1
8.975988E+2	3.860653E+1
8.978433E+2	3.850817E+1
8.980878E+2	3.835516E+1
8.983323E+2	3.816391E+1
8.985767E+2	3.802729E+1
8.988212E+2	3.754642E+1
8.990656E+2	3.743167E+1
8.993100E+2	3.744806E+1
8.995545E+2	3.754096E+1
8.997989E+2	3.709833E+1
9.000433E+2	3.657374E+1
9.002877E+2	3.623494E+1
9.005320E+2	3.586882E+1
9.007764E+2	3.602729E+1
9.010208E+2	3.584150E+1
9.012651E+2	3.585790E+1
9.015095E+2	3.585243E+1
9.017538E+2	3.567757E+1
9.019981E+2	3.577593E+1
9.022425E+2	3.612566E+1
9.024868E+2	3.635516E+1
9.027311E+2	3.636063E+1
9.029754E+2	3.599451E+1
9.032196E+2	3.588522E+1
9.034639E+2	3.576500E+1
9.037082E+2	3.531145E+1
9.039524E+2	3.545899E+1
9.041967E+2	3.515298E+1
9.044409E+2	3.534970E+1
9.046851E+2	3.559560E+1
9.049293E+2	3.628959E+1
9.051736E+2	3.630598E+1
9.054177E+2	3.637702E+1
9.056619E+2	3.633877E+1
9.059061E+2	3.630052E+1
9.061503E+2	3.633331E+1
9.063944E+2	3.637702E+1
9.066386E+2	3.594533E+1
9.068827E+2	3.590161E+1
9.071269E+2	3.592347E+1
9.073710E+2	3.562839E+1
9.076151E+2	3.542074E+1
9.078592E+2	3.559014E+1
9.081033E+2	3.546992E+1
9.083474E+2	3.542074E+1
9.085915E+2	3.485243E+1
9.088355E+2	3.443167E+1
9.090796E+2	3.422402E+1
9.093236E+2	3.398904E+1
9.095677E+2	3.385790E+1
9.098117E+2	3.356828E+1
9.100557E+2	3.382511E+1
9.102997E+2	3.378139E+1
9.105437E+2	3.366117E+1
9.107877E+2	3.387429E+1
9.110317E+2	3.438249E+1
9.112757E+2	3.390708E+1
9.115197E+2	3.382511E+1
9.117636E+2	3.378139E+1
9.120076E+2	3.376500E+1
9.122515E+2	3.346992E+1
9.124954E+2	3.297265E+1
9.127393E+2	3.283057E+1
9.129832E+2	3.280872E+1
9.132271E+2	3.268303E+1
9.134710E+2	3.262292E+1
9.137149E+2	3.255735E+1
9.139588E+2	3.246445E+1
9.142026E+2	3.223494E+1
9.144465E+2	3.176500E+1
9.146903E+2	3.163385E+1
9.149342E+2	3.146992E+1
9.151780E+2	3.161199E+1
9.154218E+2	3.214205E+1
9.156656E+2	3.202183E+1
9.159094E+2	3.203276E+1
9.161532E+2	3.179779E+1
9.163970E+2	3.171035E+1
9.166408E+2	3.187429E+1
9.168845E+2	3.175953E+1
9.171283E+2	3.125680E+1
9.173720E+2	3.110380E+1
9.176157E+2	3.133877E+1
9.178595E+2	3.137702E+1
9.181032E+2	3.126773E+1
9.183469E+2	3.090708E+1
9.185906E+2	3.111473E+1
9.188343E+2	3.065025E+1
9.190779E+2	3.062292E+1
9.193216E+2	3.024041E+1
9.195653E+2	2.995079E+1
9.198089E+2	2.924041E+1
9.200525E+2	2.931145E+1
9.202962E+2	2.938795E+1
9.205398E+2	2.918030E+1
9.207834E+2	2.913112E+1
9.210270E+2	2.899997E+1
9.212706E+2	2.916937E+1
9.215142E+2	2.944806E+1
9.217577E+2	2.940434E+1
9.220013E+2	2.943167E+1
9.222449E+2	2.897811E+1
9.224884E+2	2.904369E+1
9.227319E+2	2.866664E+1
9.229755E+2	2.833877E+1
9.232190E+2	2.813112E+1
9.234625E+2	2.837702E+1
9.237060E+2	2.833331E+1
9.239495E+2	2.834423E+1
9.241930E+2	2.781964E+1
9.244364E+2	2.746445E+1
9.246799E+2	2.765571E+1
9.249233E+2	2.731691E+1
9.251668E+2	2.720762E+1
9.254102E+2	2.669943E+1
9.256536E+2	2.642620E+1
9.258971E+2	2.604369E+1
9.261405E+2	2.618030E+1
9.263839E+2	2.616937E+1
9.266272E+2	2.592347E+1
9.268706E+2	2.596719E+1
9.271140E+2	2.580872E+1
9.273573E+2	2.571582E+1
9.276007E+2	2.561199E+1
9.278440E+2	2.562839E+1
9.280874E+2	2.533331E+1
9.283307E+2	2.503822E+1
9.285740E+2	2.480325E+1
9.288173E+2	2.459560E+1
9.290606E+2	2.445899E+1
9.293039E+2	2.465571E+1
9.295471E+2	2.453549E+1
9.297904E+2	2.482511E+1
9.300337E+2	2.444259E+1
9.302769E+2	2.391800E+1
9.305201E+2	2.369396E+1
9.307634E+2	2.355735E+1
9.310066E+2	2.372675E+1
9.312498E+2	2.365571E+1
9.314930E+2	2.322402E+1
9.317362E+2	2.309833E+1
9.319794E+2	2.298904E+1
9.322225E+2	2.306555E+1
9.324657E+2	2.269396E+1
9.327088E+2	2.246445E+1
9.329520E+2	2.220216E+1
9.331951E+2	2.236063E+1
9.334382E+2	2.209287E+1
9.336814E+2	2.197811E+1
9.339245E+2	2.180325E+1
9.341676E+2	2.185243E+1
9.344106E+2	2.202183E+1
9.346537E+2	2.192347E+1
9.348968E+2	2.191254E+1
9.351398E+2	2.168850E+1
9.353829E+2	2.160653E+1
9.356259E+2	2.130052E+1
9.358690E+2	2.118030E+1
9.361120E+2	2.062839E+1
9.363550E+2	2.040434E+1
9.365980E+2	2.022402E+1
9.368410E+2	2.012566E+1
9.370840E+2	2.037702E+1
9.373269E+2	1.984697E+1
9.375699E+2	1.956281E+1
9.378129E+2	1.943713E+1
9.380558E+2	1.924041E+1
9.382987E+2	1.878686E+1
9.385417E+2	1.883057E+1
9.387846E+2	1.830598E+1
9.390275E+2	1.861746E+1
9.392704E+2	1.885243E+1
9.395133E+2	1.879779E+1
9.397562E+2	1.871035E+1
9.399990E+2	1.862292E+1
9.402419E+2	1.869943E+1
9.404847E+2	1.882511E+1
9.407276E+2	1.869396E+1
9.409704E+2	1.853549E+1
9.412132E+2	1.815844E+1
9.414560E+2	1.847538E+1
9.416988E+2	1.820762E+1
9.419416E+2	1.832238E+1
9.421844E+2	1.828412E+1
9.424272E+2	1.795626E+1
9.426700E+2	1.756828E+1
9.429127E+2	1.740434E+1
9.431555E+2	1.745352E+1
9.433982E+2	1.744806E+1
9.436409E+2	1.710380E+1
9.438837E+2	1.718030E+1
9.441264E+2	1.683057E+1
9.443691E+2	1.675953E+1
9.446118E+2	1.649724E+1
9.448544E+2	1.654096E+1
9.450971E+2	1.633877E+1
9.453398E+2	1.648085E+1
9.455824E+2	1.619123E+1
9.458251E+2	1.610380E+1
9.460677E+2	1.630052E+1
9.463103E+2	1.639341E+1
9.465530E+2	1.629505E+1
9.467956E+2	1.625680E+1
9.470382E+2	1.584697E+1
9.472807E+2	1.552456E+1
9.475233E+2	1.536609E+1
9.477659E+2	1.530052E+1
9.480084E+2	1.491800E+1
9.482510E+2	1.491254E+1
9.484935E+2	1.542620E+1
9.487361E+2	1.549178E+1
9.489786E+2	1.575407E+1
9.492211E+2	1.543167E+1
9.494636E+2	1.554642E+1
9.497061E+2	1.510380E+1
9.499486E+2	1.475953E+1
9.501911E+2	1.483057E+1
9.504335E+2	1.460653E+1
9.506760E+2	1.438249E+1
9.509184E+2	1.443713E+1
9.511609E+2	1.447538E+1
9.514033E+2	1.471035E+1
9.516457E+2	1.454096E+1
9.518881E+2	1.460106E+1
9.521305E+2	1.478686E+1
9.523729E+2	1.521309E+1
9.526153E+2	1.550817E+1
9.528576E+2	1.522948E+1
9.531000E+2	1.527320E+1
9.533424E+2	1.523494E+1
9.535847E+2	1.521309E+1
9.538270E+2	1.516391E+1
9.540694E+2	1.519669E+1
9.543117E+2	1.503276E+1
9.545540E+2	1.521309E+1
9.547963E+2	1.541527E+1
9.550386E+2	1.574314E+1
9.552808E+2	1.559560E+1
9.555231E+2	1.558467E+1
9.557654E+2	1.528959E+1
9.560076E+2	1.524041E+1
9.562498E+2	1.489615E+1
9.564921E+2	1.484150E+1
9.567343E+2	1.472128E+1
9.569765E+2	1.490708E+1
9.572187E+2	1.515298E+1
9.574609E+2	1.489068E+1
9.577031E+2	1.504915E+1
9.579452E+2	1.479232E+1
9.581874E+2	1.474314E+1
9.584296E+2	1.521309E+1
9.586717E+2	1.498904E+1
9.589138E+2	1.492347E+1
9.591560E+2	1.489068E+1
9.593981E+2	1.488522E+1
9.596402E+2	1.487975E+1
9.598823E+2	1.492347E+1
9.601244E+2	1.469396E+1
9.603664E+2	1.506008E+1
9.606085E+2	1.472128E+1
9.608506E+2	1.433877E+1
9.610926E+2	1.427866E+1
9.613347E+2	1.440981E+1
9.615767E+2	1.412566E+1
9.618187E+2	1.429505E+1
9.620607E+2	1.413112E+1
9.623027E+2	1.410380E+1
9.625447E+2	1.397811E+1
9.627867E+2	1.392893E+1
9.630287E+2	1.368303E+1
9.632706E+2	1.313658E+1
9.635126E+2	1.306555E+1
9.637545E+2	1.276500E+1
9.639965E+2	1.298358E+1
9.642384E+2	1.306008E+1
9.644803E+2	1.321309E+1
9.647222E+2	1.333331E+1
9.649641E+2	1.316391E+1
9.652060E+2	1.342620E+1
9.654479E+2	1.357921E+1
9.656897E+2	1.321309E+1
9.659316E+2	1.285243E+1
9.661734E+2	1.231145E+1
9.664153E+2	1.201090E+1
9.666571E+2	1.177046E+1
9.668989E+2	1.215844E+1
9.671408E+2	1.246992E+1
9.673826E+2	1.243713E+1
9.676243E+2	1.273221E+1
9.678661E+2	1.281418E+1
9.681079E+2	1.318030E+1
9.683497E+2	1.339888E+1
9.685914E+2	1.338795E+1
9.688332E+2	1.333331E+1
9.690749E+2	1.362839E+1
9.693166E+2	1.343713E+1
9.695583E+2	1.321855E+1
9.698001E+2	1.292893E+1
9.700417E+2	1.300544E+1
9.702834E+2	1.289068E+1
9.705251E+2	1.304915E+1
9.707668E+2	1.332238E+1
9.710084E+2	1.325134E+1
9.712501E+2	1.342620E+1
9.714917E+2	1.359014E+1
9.717334E+2	1.377046E+1
9.719750E+2	1.379232E+1
9.722166E+2	1.454096E+1
9.724582E+2	1.458467E+1
9.726998E+2	1.466664E+1
9.729414E+2	1.446445E+1
9.731830E+2	1.403276E+1
9.734245E+2	1.408740E+1
9.736661E+2	1.407101E+1
9.739076E+2	1.436063E+1
9.741492E+2	1.424587E+1
9.743907E+2	1.426773E+1
9.746322E+2	1.432784E+1
9.748737E+2	1.445899E+1
9.751152E+2	1.445352E+1
9.753567E+2	1.446992E+1
9.755982E+2	1.466117E+1
9.758396E+2	1.459014E+1
9.760811E+2	1.426773E+1
9.763226E+2	1.470489E+1
9.765640E+2	1.463932E+1
9.768054E+2	1.466664E+1
9.770468E+2	1.443167E+1
9.772883E+2	1.471582E+1
9.775297E+2	1.493986E+1
9.777711E+2	1.514751E+1
9.780124E+2	1.514205E+1
9.782538E+2	1.518030E+1
9.784952E+2	1.488522E+1
9.787365E+2	1.451363E+1
9.789779E+2	1.416391E+1
9.792192E+2	1.425134E+1
9.794605E+2	1.431691E+1
9.797019E+2	1.454642E+1
9.799432E+2	1.436609E+1
9.801845E+2	1.414205E+1
9.804257E+2	1.471582E+1
9.806670E+2	1.515844E+1
9.809083E+2	1.537156E+1
9.811496E+2	1.597265E+1
9.813908E+2	1.593986E+1
9.816320E+2	1.538249E+1
9.818733E+2	1.461746E+1
9.821145E+2	1.441527E+1
9.823557E+2	1.457374E+1
9.825969E+2	1.454096E+1
9.828381E+2	1.427320E+1
9.830793E+2	1.462839E+1
9.833205E+2	1.450817E+1
9.835616E+2	1.444806E+1
9.838028E+2	1.393986E+1
9.840439E+2	1.404369E+1
9.842851E+2	1.371035E+1
9.845262E+2	1.351363E+1
9.847673E+2	1.336609E+1
9.850084E+2	1.324041E+1
9.852495E+2	1.352456E+1
9.854906E+2	1.323494E+1
9.857317E+2	1.309287E+1
9.859727E+2	1.291254E+1
9.862138E+2	1.301090E+1
9.864549E+2	1.275407E+1
9.866959E+2	1.232238E+1
9.869369E+2	1.176500E+1
9.871779E+2	1.136063E+1
9.874190E+2	1.093986E+1
9.876600E+2	1.114751E+1
9.879010E+2	1.163932E+1
9.881419E+2	1.169943E+1
9.883829E+2	1.220216E+1
9.886239E+2	1.173768E+1
9.888648E+2	1.165025E+1
9.891058E+2	1.177046E+1
9.893467E+2	1.185243E+1
9.895876E+2	1.180325E+1
9.898285E+2	1.164478E+1
9.900695E+2	1.174314E+1
9.903104E+2	1.159560E+1
9.905512E+2	1.166664E+1
9.907921E+2	1.203276E+1
9.910330E+2	1.209287E+1
9.912738E+2	1.190708E+1
9.915147E+2	1.226227E+1
9.917555E+2	1.251363E+1
9.919964E+2	1.260653E+1
9.922372E+2	1.261746E+1
9.924780E+2	1.280872E+1
9.927188E+2	1.275407E+1
9.929596E+2	1.278139E+1
9.932004E+2	1.272675E+1
9.934411E+2	1.246445E+1
9.936819E+2	1.250817E+1
9.939227E+2	1.231145E+1
9.941634E+2	1.253003E+1
9.944041E+2	1.264478E+1
9.946449E+2	1.280325E+1
9.948856E+2	1.284150E+1
9.951263E+2	1.227866E+1
9.953670E+2	1.202729E+1
9.956077E+2	1.228412E+1
9.958483E+2	1.201090E+1
9.960890E+2	1.206008E+1
9.963297E+2	1.199451E+1
9.965703E+2	1.189615E+1
9.968109E+2	1.225680E+1
9.970516E+2	1.196719E+1
9.972922E+2	1.182511E+1
9.975328E+2	1.183604E+1
9.977734E+2	1.141527E+1
9.980140E+2	1.114205E+1
9.982546E+2	1.099451E+1
9.984951E+2	1.132238E+1
9.987357E+2	1.088522E+1
9.989763E+2	1.138795E+1
9.992168E+2	1.162292E+1
9.994573E+2	1.148631E+1
9.996978E+2	1.153003E+1
9.999384E+2	1.101637E+1
1.000179E+3	1.077046E+1
1.000419E+3	1.089615E+1
1.000660E+3	1.093986E+1
1.000900E+3	1.073221E+1
1.001141E+3	1.083604E+1
1.001381E+3	1.104915E+1
1.001622E+3	1.104915E+1
1.001862E+3	1.151910E+1
1.002103E+3	1.190708E+1
1.002343E+3	1.183057E+1
1.002583E+3	1.163385E+1
1.002824E+3	1.135516E+1
1.003064E+3	1.110926E+1
1.003305E+3	1.150817E+1
1.003545E+3	1.162292E+1
1.003785E+3	1.153003E+1
1.004026E+3	1.156281E+1
1.004266E+3	1.166117E+1
1.004506E+3	1.160653E+1
1.004747E+3	1.159560E+1
1.004987E+3	1.130052E+1
1.005227E+3	1.125134E+1
1.005468E+3	1.092893E+1
1.005708E+3	1.060106E+1
1.005948E+3	1.069943E+1
1.006188E+3	1.063385E+1
1.006429E+3	1.065571E+1
1.006669E+3	1.051910E+1
1.006909E+3	1.057374E+1
1.007149E+3	1.037156E+1
1.007390E+3	1.086336E+1
1.007630E+3	1.067210E+1
1.007870E+3	1.044806E+1
1.008110E+3	1.077593E+1
1.008350E+3	1.121855E+1
1.008590E+3	1.149178E+1
1.008831E+3	1.126773E+1
1.009071E+3	1.095079E+1
1.009311E+3	1.084150E+1
1.009551E+3	1.072128E+1
1.009791E+3	1.080325E+1
1.010031E+3	1.079779E+1
1.010271E+3	1.081964E+1
1.010511E+3	1.083057E+1
1.010752E+3	1.129505E+1
1.010992E+3	1.154096E+1
1.011232E+3	1.201637E+1
1.011472E+3	1.177593E+1
1.011712E+3	1.169396E+1
1.011952E+3	1.186882E+1
1.012192E+3	1.166664E+1
1.012432E+3	1.162292E+1
1.012672E+3	1.169396E+1
1.012912E+3	1.227320E+1
1.013152E+3	1.202729E+1
1.013392E+3	1.208740E+1
1.013632E+3	1.160106E+1
1.013872E+3	1.162839E+1
1.014112E+3	1.166117E+1
1.014352E+3	1.185790E+1
1.014591E+3	1.245352E+1
1.014831E+3	1.275407E+1
1.015071E+3	1.280325E+1
1.015311E+3	1.257374E+1
1.015551E+3	1.243713E+1
1.015791E+3	1.215298E+1
1.016031E+3	1.244806E+1
1.016271E+3	1.265571E+1
1.016511E+3	1.231145E+1
1.016750E+3	1.256281E+1
1.016990E+3	1.255735E+1
1.017230E+3	1.253549E+1
1.017470E+3	1.270489E+1
1.017710E+3	1.275953E+1
1.017949E+3	1.256281E+1
1.018189E+3	1.264478E+1
1.018429E+3	1.239888E+1
1.018669E+3	1.249724E+1
1.018908E+3	1.254642E+1
1.019148E+3	1.232784E+1
1.019388E+3	1.224587E+1
1.019628E+3	1.271035E+1
1.019867E+3	1.289615E+1
1.020107E+3	1.318576E+1
1.020347E+3	1.299997E+1
1.020586E+3	1.262839E+1
1.020826E+3	1.267757E+1
1.021066E+3	1.238795E+1
1.021305E+3	1.242074E+1
1.021545E+3	1.266664E+1
1.021785E+3	1.256281E+1
1.022024E+3	1.232784E+1
1.022264E+3	1.259014E+1
1.022504E+3	1.302729E+1
1.022743E+3	1.321855E+1
1.022983E+3	1.318030E+1
1.023222E+3	1.287429E+1
1.023462E+3	1.275953E+1
1.023702E+3	1.247538E+1
1.023941E+3	1.246992E+1
1.024181E+3	1.292347E+1
1.024420E+3	1.275953E+1
1.024660E+3	1.292893E+1
1.024899E+3	1.272675E+1
1.025139E+3	1.244806E+1
1.025378E+3	1.191254E+1
1.025618E+3	1.162292E+1
1.025857E+3	1.133877E+1
1.026097E+3	1.090161E+1
1.026336E+3	1.090708E+1
1.026575E+3	1.091254E+1
1.026815E+3	1.079779E+1
1.027054E+3	1.088522E+1
1.027294E+3	1.101090E+1
1.027533E+3	1.046445E+1
1.027773E+3	1.044806E+1
1.028012E+3	1.060653E+1
1.028251E+3	1.083057E+1
1.028491E+3	1.077593E+1
1.028730E+3	1.079232E+1
1.028969E+3	1.075953E+1
1.029209E+3	1.032238E+1
1.029448E+3	1.038795E+1
1.029687E+3	1.048085E+1
1.029927E+3	1.066117E+1
1.030166E+3	1.084697E+1
1.030405E+3	1.097811E+1
1.030645E+3	1.045352E+1
1.030884E+3	1.001090E+1
1.031123E+3	9.972650E+0
1.031362E+3	9.650245E+0
1.031602E+3	9.704890E+0
1.031841E+3	9.442595E+0
1.032080E+3	9.305983E+0
1.032319E+3	8.907076E+0
1.032558E+3	8.896147E+0
1.032798E+3	8.732212E+0
1.033037E+3	9.103797E+0
1.033276E+3	8.797786E+0
1.033515E+3	8.693961E+0
1.033754E+3	8.852431E+0
1.033993E+3	8.978114E+0
1.034233E+3	8.830573E+0
1.034472E+3	8.480846E+0
1.034711E+3	8.546420E+0
1.034950E+3	8.754070E+0
1.035189E+3	8.661174E+0
1.035428E+3	8.027294E+0
1.035667E+3	7.939863E+0
1.035906E+3	8.071010E+0
1.036145E+3	8.147513E+0
1.036384E+3	8.245874E+0
1.036623E+3	8.196693E+0
1.036862E+3	7.945327E+0
1.037101E+3	7.803251E+0
1.037340E+3	7.590136E+0
1.037579E+3	7.229480E+0
1.037818E+3	7.480846E+0
1.038057E+3	7.196693E+0
1.038296E+3	7.584671E+0
1.038535E+3	7.715819E+0
1.038774E+3	7.732212E+0
1.039013E+3	7.644781E+0
1.039252E+3	7.092868E+0
1.039491E+3	7.098333E+0
1.039730E+3	7.497240E+0
1.039969E+3	7.874289E+0
1.040208E+3	7.743141E+0
1.040447E+3	7.666639E+0
1.040685E+3	8.196693E+0
1.040924E+3	8.611994E+0
1.041163E+3	8.590136E+0
1.041402E+3	8.535491E+0
1.041641E+3	8.595600E+0
1.041880E+3	8.568278E+0
1.042118E+3	8.770464E+0
1.042357E+3	8.721283E+0
1.042596E+3	8.666639E+0
1.042835E+3	8.568278E+0
1.043074E+3	8.371557E+0
1.043312E+3	8.169371E+0
1.043551E+3	7.978114E+0
1.043790E+3	8.622923E+0
1.044029E+3	8.825109E+0
1.044267E+3	8.584671E+0
1.044506E+3	8.404344E+0
1.044745E+3	8.207622E+0
1.044983E+3	8.480846E+0
1.045222E+3	8.819644E+0
1.045461E+3	9.240409E+0
1.045699E+3	9.349699E+0
1.045938E+3	9.393415E+0
1.046177E+3	8.961721E+0
1.046415E+3	8.874289E+0
1.046654E+3	8.737677E+0
1.046893E+3	8.923469E+0
1.047131E+3	9.169371E+0
1.047370E+3	9.377021E+0
1.047608E+3	9.426201E+0
1.047847E+3	9.562814E+0
1.048086E+3	9.284125E+0
1.048324E+3	9.327841E+0
1.048563E+3	9.191229E+0
1.048801E+3	9.152977E+0
1.049040E+3	9.136584E+0
1.049278E+3	8.836038E+0
1.049517E+3	8.710354E+0
1.049755E+3	9.311447E+0
1.049994E+3	9.852431E+0
1.050232E+3	1.007101E+1
1.050471E+3	9.841502E+0
1.050709E+3	9.245874E+0
1.050948E+3	9.546420E+0
1.051186E+3	9.874289E+0
1.051424E+3	9.879753E+0
1.051663E+3	9.786857E+0
1.051901E+3	9.480846E+0
1.052140E+3	9.595600E+0
1.052378E+3	9.803251E+0
1.052616E+3	1.024041E+1
1.052855E+3	1.002183E+1
1.053093E+3	9.896147E+0
1.053332E+3	9.644781E+0
1.053570E+3	1.010380E+1
1.053808E+3	1.059560E+1
1.054047E+3	1.066664E+1
1.054285E+3	1.065571E+1
1.054523E+3	1.021855E+1
1.054761E+3	1.036063E+1
1.055000E+3	1.048631E+1
1.055238E+3	1.031145E+1
1.055476E+3	9.764999E+0
1.055715E+3	9.628387E+0
1.055953E+3	9.677568E+0
1.056191E+3	9.300518E+0
1.056429E+3	9.289589E+0
1.056667E+3	9.202158E+0
1.056906E+3	9.398879E+0
1.057144E+3	9.377021E+0
1.057382E+3	9.163906E+0
1.057620E+3	9.278661E+0
1.057858E+3	9.573742E+0
1.058097E+3	9.721283E+0
1.058335E+3	8.808715E+0
1.058573E+3	8.754070E+0
1.058811E+3	8.907076E+0
1.059049E+3	9.530027E+0
1.059287E+3	9.644781E+0
1.059525E+3	9.245874E+0
1.059763E+3	8.939863E+0
1.060001E+3	8.688497E+0
1.060239E+3	8.683032E+0
1.060478E+3	8.655710E+0
1.060716E+3	9.098333E+0
1.060954E+3	9.371557E+0
1.061192E+3	9.792322E+0
1.061430E+3	9.606529E+0
1.061668E+3	8.999972E+0
1.061906E+3	8.852431E+0
1.062144E+3	8.480846E+0
1.062382E+3	8.322376E+0
1.062620E+3	8.469917E+0
1.062858E+3	8.174835E+0
1.063096E+3	7.961721E+0
1.063333E+3	7.896147E+0
1.063571E+3	7.863360E+0
1.063809E+3	7.857895E+0
1.064047E+3	7.819644E+0
1.064285E+3	7.775928E+0
1.064523E+3	8.016365E+0
1.064761E+3	8.081939E+0
1.064999E+3	8.081939E+0
1.065237E+3	8.289589E+0
1.065474E+3	8.065546E+0
1.065712E+3	7.557349E+0
1.065950E+3	7.229480E+0
1.066188E+3	7.262267E+0
1.066426E+3	7.491775E+0
1.066664E+3	7.453524E+0
1.066901E+3	6.950792E+0
1.067139E+3	6.890682E+0
1.067377E+3	7.049152E+0
1.067615E+3	6.879753E+0
1.067852E+3	6.825109E+0
1.068090E+3	6.311447E+0
1.068328E+3	5.972650E+0
1.068566E+3	5.579207E+0
1.068803E+3	5.163906E+0
1.069041E+3	5.038223E+0
1.069279E+3	5.120191E+0
1.069516E+3	5.054617E+0
1.069754E+3	4.890682E+0
1.069992E+3	4.726748E+0
1.070229E+3	4.661174E+0
1.070467E+3	4.808715E+0
1.070705E+3	5.027294E+0
1.070942E+3	4.994507E+0
1.071180E+3	4.797786E+0
1.071418E+3	4.551885E+0
1.071655E+3	4.704890E+0
1.071893E+3	4.868824E+0
1.072130E+3	4.896147E+0
1.072368E+3	4.770464E+0
1.072605E+3	4.693961E+0
1.072843E+3	5.016365E+0
1.073081E+3	4.732212E+0
1.073318E+3	4.863360E+0
1.073556E+3	4.491775E+0
1.073793E+3	4.229480E+0
1.074031E+3	4.344234E+0
1.074268E+3	4.344234E+0
1.074506E+3	4.770464E+0
1.074743E+3	4.989043E+0
1.074981E+3	4.857895E+0
1.075218E+3	4.989043E+0
1.075455E+3	4.950792E+0
1.075693E+3	4.737677E+0
1.075930E+3	4.819644E+0
1.076168E+3	4.999972E+0
1.076405E+3	5.234945E+0
1.076642E+3	5.366092E+0
1.076880E+3	5.841502E+0
1.077117E+3	5.508169E+0
1.077355E+3	5.983579E+0
1.077592E+3	6.267732E+0
1.077829E+3	6.180300E+0
1.078067E+3	6.540956E+0
1.078304E+3	6.551885E+0
1.078541E+3	7.010901E+0
1.078779E+3	7.060081E+0
1.079016E+3	6.945327E+0
1.079253E+3	6.885218E+0
1.079490E+3	6.666639E+0
1.079728E+3	6.852431E+0
1.079965E+3	6.579207E+0
1.080202E+3	6.584671E+0
1.080439E+3	6.693961E+0
1.080677E+3	6.830573E+0
1.080914E+3	6.879753E+0
1.081151E+3	6.710354E+0
1.081388E+3	6.994507E+0
1.081625E+3	7.081939E+0
1.081863E+3	6.879753E+0
1.082100E+3	6.945327E+0
1.082337E+3	6.480846E+0
1.082574E+3	6.644781E+0
1.082811E+3	7.010901E+0
1.083048E+3	6.972650E+0
1.083285E+3	6.775928E+0
1.083522E+3	6.792322E+0
1.083760E+3	6.819644E+0
1.083997E+3	6.693961E+0
1.084234E+3	6.852431E+0
1.084471E+3	7.213087E+0
1.084708E+3	7.420737E+0
1.084945E+3	7.344234E+0
1.085182E+3	7.213087E+0
1.085419E+3	7.420737E+0
1.085656E+3	7.912540E+0
1.085893E+3	8.010901E+0
1.086130E+3	7.945327E+0
1.086367E+3	8.120191E+0
1.086604E+3	8.229480E+0
1.086841E+3	8.480846E+0
1.087078E+3	8.278661E+0
1.087315E+3	8.398879E+0
1.087552E+3	8.404344E+0
1.087789E+3	8.355163E+0
1.088026E+3	8.010901E+0
1.088262E+3	8.092868E+0
1.088499E+3	8.398879E+0
1.088736E+3	8.502704E+0
1.088973E+3	8.136584E+0
1.089210E+3	8.054617E+0
1.089447E+3	8.021830E+0
1.089684E+3	7.770464E+0
1.089921E+3	7.666639E+0
1.090157E+3	7.775928E+0
1.090394E+3	7.655710E+0
1.090631E+3	7.792322E+0
1.090868E+3	7.579207E+0
1.091105E+3	7.338770E+0
1.091341E+3	7.147513E+0
1.091578E+3	7.458988E+0
1.091815E+3	7.021830E+0
1.092052E+3	7.071010E+0
1.092288E+3	7.426201E+0
1.092525E+3	7.229480E+0
1.092762E+3	6.961721E+0
1.092999E+3	6.448059E+0
1.093235E+3	6.163906E+0
1.093472E+3	5.726748E+0
1.093709E+3	5.530027E+0
1.093945E+3	5.617458E+0
1.094182E+3	5.262267E+0
1.094419E+3	5.322376E+0
1.094655E+3	5.131120E+0
1.094892E+3	5.245874E+0
1.095128E+3	5.382486E+0
1.095365E+3	5.491775E+0
1.095602E+3	5.491775E+0
1.095838E+3	5.273196E+0
1.096075E+3	4.956256E+0
1.096311E+3	5.213087E+0
1.096548E+3	5.081939E+0
1.096784E+3	5.349699E+0
1.097021E+3	5.786857E+0
1.097258E+3	5.584671E+0
1.097494E+3	5.786857E+0
1.097731E+3	6.043688E+0
1.097967E+3	6.098333E+0
1.098204E+3	6.251338E+0
1.098440E+3	6.464453E+0
1.098677E+3	6.732212E+0
1.098913E+3	6.661174E+0
1.099149E+3	6.513633E+0
1.099386E+3	6.377021E+0
1.099622E+3	6.754070E+0
1.099859E+3	6.387950E+0
1.100095E+3	5.896147E+0
1.100332E+3	5.939863E+0
1.100568E+3	5.896147E+0
1.100804E+3	5.819644E+0
1.101041E+3	5.715819E+0
1.101277E+3	5.497240E+0
1.101513E+3	5.644781E+0
1.101750E+3	5.590136E+0
1.101986E+3	5.928934E+0
1.102222E+3	6.087404E+0
1.102459E+3	6.344234E+0
1.102695E+3	6.726748E+0
1.102931E+3	6.316912E+0
1.103168E+3	6.267732E+0
1.103404E+3	6.415273E+0
1.103640E+3	6.147513E+0
1.103876E+3	6.497240E+0
1.104113E+3	6.792322E+0
1.104349E+3	6.775928E+0
1.104585E+3	6.945327E+0
1.104821E+3	6.950792E+0
1.105057E+3	6.792322E+0
1.105294E+3	6.775928E+0
1.105530E+3	6.961721E+0
1.105766E+3	6.846967E+0
1.106002E+3	6.901611E+0
1.106238E+3	7.262267E+0
1.106474E+3	7.540956E+0
1.106711E+3	7.273196E+0
1.106947E+3	7.163906E+0
1.107183E+3	7.180300E+0
1.107419E+3	7.180300E+0
1.107655E+3	7.103797E+0
1.107891E+3	7.377021E+0
1.108127E+3	9.972650E+0
1.108363E+3	2.972650E+0
1.108599E+3	8.639316E+0
1.108835E+3	1.263932E+1
1.109071E+3	2.463932E+1
1.109307E+3	2.563932E+1
1.109543E+3	6.972650E+0
1.109779E+3	2.363932E+1
1.110015E+3	1.639316E+0
1.110251E+3	1.305983E+0
1.110487E+3	1.163932E+1
1.110723E+3	-5.694017E+0
1.110959E+3	1.963932E+1
1.111195E+3	2.630598E+1
1.111431E+3	5.305983E+0
1.111667E+3	2.230598E+1
1.111903E+3	-3.360684E+0
1.112139E+3	-8.694017E+0
1.112375E+3	5.305983E+0
1.112611E+3	3.639316E+0
1.112847E+3	1.330598E+1
1.113082E+3	9.972650E+0
1.113318E+3	1.930598E+1
1.113554E+3	2.530598E+1
1.113790E+3	1.639316E+0
1.114026E+3	6.393162E-1
1.114262E+3	-7.360684E+0
1.114497E+3	-1.027350E+0
1.114733E+3	-2.027350E+0
1.114969E+3	1.330598E+1
