1.951292E+2	0.000000E+0
1.953960E+2	0.000000E+0
1.956629E+2	0.000000E+0
1.959298E+2	0.000000E+0
1.961966E+2	0.000000E+0
1.964635E+2	0.000000E+0
1.967303E+2	0.000000E+0
1.969972E+2	0.000000E+0
1.972640E+2	0.000000E+0
1.975308E+2	0.000000E+0
1.977977E+2	0.000000E+0
1.980645E+2	0.000000E+0
1.983313E+2	0.000000E+0
1.985981E+2	0.000000E+0
1.988649E+2	0.000000E+0
1.991316E+2	0.000000E+0
1.993984E+2	0.000000E+0
1.996652E+2	0.000000E+0
1.999320E+2	0.000000E+0
2.001987E+2	0.000000E+0
2.004655E+2	0.000000E+0
2.007322E+2	0.000000E+0
2.009989E+2	0.000000E+0
2.012657E+2	0.000000E+0
2.015324E+2	0.000000E+0
2.017991E+2	0.000000E+0
2.020658E+2	0.000000E+0
2.023325E+2	0.000000E+0
2.025992E+2	0.000000E+0
2.028659E+2	0.000000E+0
2.031326E+2	0.000000E+0
2.033992E+2	0.000000E+0
2.036659E+2	0.000000E+0
2.039325E+2	0.000000E+0
2.041992E+2	0.000000E+0
2.044658E+2	0.000000E+0
2.047325E+2	0.000000E+0
2.049991E+2	0.000000E+0
2.052657E+2	0.000000E+0
2.055323E+2	0.000000E+0
2.057989E+2	0.000000E+0
2.060655E+2	0.000000E+0
2.063321E+2	0.000000E+0
2.065987E+2	0.000000E+0
2.068653E+2	0.000000E+0
2.071319E+2	0.000000E+0
2.073984E+2	0.000000E+0
2.076650E+2	0.000000E+0
2.079315E+2	0.000000E+0
2.081981E+2	0.000000E+0
2.084646E+2	0.000000E+0
2.087311E+2	0.000000E+0
2.089977E+2	0.000000E+0
2.092642E+2	0.000000E+0
2.095307E+2	0.000000E+0
2.097972E+2	0.000000E+0
2.100637E+2	0.000000E+0
2.103302E+2	0.000000E+0
2.105966E+2	0.000000E+0
2.108631E+2	0.000000E+0
2.111296E+2	0.000000E+0
2.113960E+2	0.000000E+0
2.116625E+2	0.000000E+0
2.119289E+2	0.000000E+0
2.121954E+2	0.000000E+0
2.124618E+2	0.000000E+0
2.127282E+2	0.000000E+0
2.129946E+2	0.000000E+0
2.132610E+2	0.000000E+0
2.135274E+2	0.000000E+0
2.137938E+2	0.000000E+0
2.140602E+2	0.000000E+0
2.143266E+2	0.000000E+0
2.145930E+2	0.000000E+0
2.148593E+2	0.000000E+0
2.151257E+2	0.000000E+0
2.153920E+2	0.000000E+0
2.156584E+2	0.000000E+0
2.159247E+2	0.000000E+0
2.161910E+2	0.000000E+0
2.164574E+2	0.000000E+0
2.167237E+2	0.000000E+0
2.169900E+2	0.000000E+0
2.172563E+2	0.000000E+0
2.175226E+2	0.000000E+0
2.177889E+2	0.000000E+0
2.180551E+2	0.000000E+0
2.183214E+2	0.000000E+0
2.185877E+2	0.000000E+0
2.188539E+2	0.000000E+0
2.191202E+2	0.000000E+0
2.193864E+2	0.000000E+0
2.196527E+2	0.000000E+0
2.199189E+2	0.000000E+0
2.201851E+2	0.000000E+0
2.204513E+2	0.000000E+0
2.207175E+2	0.000000E+0
2.209837E+2	0.000000E+0
2.212499E+2	0.000000E+0
2.215161E+2	0.000000E+0
2.217823E+2	0.000000E+0
2.220485E+2	0.000000E+0
2.223146E+2	0.000000E+0
2.225808E+2	0.000000E+0
2.228469E+2	0.000000E+0
2.231131E+2	0.000000E+0
2.233792E+2	0.000000E+0
2.236453E+2	0.000000E+0
2.239115E+2	0.000000E+0
2.241776E+2	0.000000E+0
2.244437E+2	0.000000E+0
2.247098E+2	0.000000E+0
2.249759E+2	0.000000E+0
2.252420E+2	0.000000E+0
2.255080E+2	0.000000E+0
2.257741E+2	0.000000E+0
2.260402E+2	0.000000E+0
2.263062E+2	0.000000E+0
2.265723E+2	0.000000E+0
2.268383E+2	0.000000E+0
2.271044E+2	0.000000E+0
2.273704E+2	0.000000E+0
2.276364E+2	0.000000E+0
2.279024E+2	0.000000E+0
2.281684E+2	0.000000E+0
2.284344E+2	0.000000E+0
2.287004E+2	0.000000E+0
2.289664E+2	0.000000E+0
2.292324E+2	0.000000E+0
2.294984E+2	0.000000E+0
2.297643E+2	0.000000E+0
2.300303E+2	0.000000E+0
2.302962E+2	0.000000E+0
2.305622E+2	0.000000E+0
2.308281E+2	0.000000E+0
2.310940E+2	0.000000E+0
2.313599E+2	0.000000E+0
2.316259E+2	0.000000E+0
2.318918E+2	0.000000E+0
2.321577E+2	0.000000E+0
2.324236E+2	0.000000E+0
2.326894E+2	0.000000E+0
2.329553E+2	0.000000E+0
2.332212E+2	0.000000E+0
2.334871E+2	0.000000E+0
2.337529E+2	0.000000E+0
2.340188E+2	0.000000E+0
2.342846E+2	0.000000E+0
2.345504E+2	0.000000E+0
2.348163E+2	0.000000E+0
2.350821E+2	0.000000E+0
2.353479E+2	0.000000E+0
2.356137E+2	0.000000E+0
2.358795E+2	0.000000E+0
2.361453E+2	0.000000E+0
2.364111E+2	0.000000E+0
2.366769E+2	0.000000E+0
2.369426E+2	0.000000E+0
2.372084E+2	0.000000E+0
2.374741E+2	0.000000E+0
2.377399E+2	0.000000E+0
2.380056E+2	0.000000E+0
2.382714E+2	0.000000E+0
2.385371E+2	0.000000E+0
2.388028E+2	0.000000E+0
2.390685E+2	0.000000E+0
2.393342E+2	0.000000E+0
2.395999E+2	0.000000E+0
2.398656E+2	0.000000E+0
2.401313E+2	0.000000E+0
2.403970E+2	0.000000E+0
2.406626E+2	0.000000E+0
2.409283E+2	0.000000E+0
2.411940E+2	0.000000E+0
2.414596E+2	0.000000E+0
2.417252E+2	0.000000E+0
2.419909E+2	0.000000E+0
2.422565E+2	0.000000E+0
2.425221E+2	0.000000E+0
2.427877E+2	0.000000E+0
2.430533E+2	0.000000E+0
2.433189E+2	0.000000E+0
2.435845E+2	0.000000E+0
2.438501E+2	0.000000E+0
2.441157E+2	0.000000E+0
2.443812E+2	0.000000E+0
2.446468E+2	0.000000E+0
2.449124E+2	0.000000E+0
2.451779E+2	0.000000E+0
2.454434E+2	0.000000E+0
2.457090E+2	0.000000E+0
2.459745E+2	0.000000E+0
2.462400E+2	0.000000E+0
2.465055E+2	0.000000E+0
2.467710E+2	0.000000E+0
2.470365E+2	0.000000E+0
2.473020E+2	0.000000E+0
2.475675E+2	0.000000E+0
2.478330E+2	0.000000E+0
2.480984E+2	0.000000E+0
2.483639E+2	0.000000E+0
2.486294E+2	0.000000E+0
2.488948E+2	0.000000E+0
2.491602E+2	0.000000E+0
2.494257E+2	0.000000E+0
2.496911E+2	0.000000E+0
2.499565E+2	0.000000E+0
2.502219E+2	4.894634E+0
2.504873E+2	5.014852E+0
2.507527E+2	4.725235E+0
2.510181E+2	4.971136E+0
2.512835E+2	5.113213E+0
2.515489E+2	5.217038E+0
2.518142E+2	5.370043E+0
2.520796E+2	5.725235E+0
2.523449E+2	6.173322E+0
2.526103E+2	6.249825E+0
2.528756E+2	6.162393E+0
2.531409E+2	6.014852E+0
2.534063E+2	6.277147E+0
2.536716E+2	6.670590E+0
2.539369E+2	6.654196E+0
2.542022E+2	6.872776E+0
2.544675E+2	6.927420E+0
2.547328E+2	7.397366E+0
2.549980E+2	7.572229E+0
2.552633E+2	7.572229E+0
2.555286E+2	7.337257E+0
2.557938E+2	7.441082E+0
2.560591E+2	7.900098E+0
2.563243E+2	8.380972E+0
2.565896E+2	8.512120E+0
2.568548E+2	8.779880E+0
2.571200E+2	8.839989E+0
2.573852E+2	8.632339E+0
2.576504E+2	8.861847E+0
2.579156E+2	8.807202E+0
2.581808E+2	9.036710E+0
2.584460E+2	9.189716E+0
2.587112E+2	9.167858E+0
2.589763E+2	9.380972E+0
2.592415E+2	9.452011E+0
2.595067E+2	9.271683E+0
2.597718E+2	9.124142E+0
2.600369E+2	9.370043E+0
2.603021E+2	9.430153E+0
2.605672E+2	9.566765E+0
2.608323E+2	9.533978E+0
2.610974E+2	9.397366E+0
2.613625E+2	9.479333E+0
2.616276E+2	9.501191E+0
2.618927E+2	9.539442E+0
2.621578E+2	9.484798E+0
2.624229E+2	9.348186E+0
2.626880E+2	9.665125E+0
2.629530E+2	9.676054E+0
2.632181E+2	9.249825E+0
2.634831E+2	9.178787E+0
2.637482E+2	9.184251E+0
2.640132E+2	9.118677E+0
2.642782E+2	8.982065E+0
2.645432E+2	8.807202E+0
2.648082E+2	8.747093E+0
2.650732E+2	8.719770E+0
2.653382E+2	8.632339E+0
2.656032E+2	8.135071E+0
2.658682E+2	8.151464E+0
2.661332E+2	8.364579E+0
2.663981E+2	8.419224E+0
2.666631E+2	8.375508E+0
2.669281E+2	8.626874E+0
2.671930E+2	8.424688E+0
2.674579E+2	8.244360E+0
2.677229E+2	8.408295E+0
2.679878E+2	8.408295E+0
2.682527E+2	8.227967E+0
2.685176E+2	7.692448E+0
2.687825E+2	7.479333E+0
2.690474E+2	7.282612E+0
2.693123E+2	7.244360E+0
2.695772E+2	7.124142E+0
2.698420E+2	6.768951E+0
2.701069E+2	6.637803E+0
2.703718E+2	6.402830E+0
2.706366E+2	6.391901E+0
2.709014E+2	6.009388E+0
2.711663E+2	5.730699E+0
2.714311E+2	5.555836E+0
2.716959E+2	5.561300E+0
2.719607E+2	5.430153E+0
2.722255E+2	5.217038E+0
2.724903E+2	4.949278E+0
2.727551E+2	4.818131E+0
2.730199E+2	4.490262E+0
2.732847E+2	4.375508E+0
2.735495E+2	4.397366E+0
2.738142E+2	4.151464E+0
2.740790E+2	4.293541E+0
2.743437E+2	4.042175E+0
2.746085E+2	3.779880E+0
2.748732E+2	3.790808E+0
2.751379E+2	3.659661E+0
2.754026E+2	3.708841E+0
2.756674E+2	3.703377E+0
2.759321E+2	3.829060E+0
2.761968E+2	3.599552E+0
2.764614E+2	3.517584E+0
2.767261E+2	3.479333E+0
2.769908E+2	3.249825E+0
2.772555E+2	3.277147E+0
2.775201E+2	3.255289E+0
2.777848E+2	3.288076E+0
2.780494E+2	3.561300E+0
2.783141E+2	3.495726E+0
2.785787E+2	3.501191E+0
2.788433E+2	3.380972E+0
2.791079E+2	3.238896E+0
2.793725E+2	3.211573E+0
2.796371E+2	3.222502E+0
2.799017E+2	2.921956E+0
2.801663E+2	2.779880E+0
2.804309E+2	2.741628E+0
2.806955E+2	2.949278E+0
2.809600E+2	2.839989E+0
2.812246E+2	2.932885E+0
2.814891E+2	2.905563E+0
2.817537E+2	3.249825E+0
2.820182E+2	3.069497E+0
2.822827E+2	3.047639E+0
2.825473E+2	2.943814E+0
2.828118E+2	2.594087E+0
2.830763E+2	2.337257E+0
2.833408E+2	2.151464E+0
2.836053E+2	2.042175E+0
2.838697E+2	1.714306E+0
2.841342E+2	1.703377E+0
2.843987E+2	1.550371E+0
2.846632E+2	1.610481E+0
2.849276E+2	1.736164E+0
2.851921E+2	1.807202E+0
2.854565E+2	1.615945E+0
2.857209E+2	1.304470E+0
2.859853E+2	1.326328E+0
2.862498E+2	1.277147E+0
2.865142E+2	1.173322E+0
2.867786E+2	1.353650E+0
2.870430E+2	1.102284E+0
2.873074E+2	8.399888E-1
2.875717E+2	7.088412E-1
2.878361E+2	7.306992E-1
2.881005E+2	6.705899E-1
2.883648E+2	5.667647E-1
2.886292E+2	5.722292E-1
2.888935E+2	7.962729E-1
2.891579E+2	9.492784E-1
2.894222E+2	7.908085E-1
2.896865E+2	1.031246E+0
2.899508E+2	1.430153E+0
2.902151E+2	1.435617E+0
2.904794E+2	1.479333E+0
2.907437E+2	1.949278E+0
2.910080E+2	2.009388E+0
2.912723E+2	1.938349E+0
2.915366E+2	2.069497E+0
2.918008E+2	2.080426E+0
2.920651E+2	1.834524E+0
2.923293E+2	1.889169E+0
2.925936E+2	1.796273E+0
2.928578E+2	1.758022E+0
2.931220E+2	1.982065E+0
2.933863E+2	1.845453E+0
2.936505E+2	1.659661E+0
2.939147E+2	1.495726E+0
2.941789E+2	1.222502E+0
2.944431E+2	1.375508E+0
2.947072E+2	1.517584E+0
2.949714E+2	1.282612E+0
2.952356E+2	1.266218E+0
2.954997E+2	1.528513E+0
2.957639E+2	1.501191E+0
2.960280E+2	1.872776E+0
2.962922E+2	1.992994E+0
2.965563E+2	2.080426E+0
2.968204E+2	1.992994E+0
2.970845E+2	2.124142E+0
2.973486E+2	2.091355E+0
2.976127E+2	2.124142E+0
2.978768E+2	2.348186E+0
2.981409E+2	2.583158E+0
2.984050E+2	2.375508E+0
2.986691E+2	2.670590E+0
2.989331E+2	2.807202E+0
2.991972E+2	3.064033E+0
2.994612E+2	3.135071E+0
2.997253E+2	3.342721E+0
2.999893E+2	3.446546E+0
3.002534E+2	3.299005E+0
3.005174E+2	3.364579E+0
3.007814E+2	3.457475E+0
3.010454E+2	3.413759E+0
3.013094E+2	3.430153E+0
3.015734E+2	3.599552E+0
3.018374E+2	3.932885E+0
3.021013E+2	4.003923E+0
3.023653E+2	3.954743E+0
3.026293E+2	3.823595E+0
3.028932E+2	3.692448E+0
3.031572E+2	4.135071E+0
3.034211E+2	4.441082E+0
3.036850E+2	4.861847E+0
3.039489E+2	5.195180E+0
3.042129E+2	5.473869E+0
3.044768E+2	5.648732E+0
3.047407E+2	5.605016E+0
3.050046E+2	5.457475E+0
3.052685E+2	5.359114E+0
3.055323E+2	5.468404E+0
3.057962E+2	5.331792E+0
3.060601E+2	5.380972E+0
3.063239E+2	5.446546E+0
3.065878E+2	5.736164E+0
3.068516E+2	5.452011E+0
3.071155E+2	5.495726E+0
3.073793E+2	5.692448E+0
3.076431E+2	5.462940E+0
3.079069E+2	5.380972E+0
3.081707E+2	5.714306E+0
3.084345E+2	5.823595E+0
3.086983E+2	5.659661E+0
3.089621E+2	5.599552E+0
3.092259E+2	5.430153E+0
3.094896E+2	5.670590E+0
3.097534E+2	5.725235E+0
3.100171E+2	5.872776E+0
3.102809E+2	5.856382E+0
3.105446E+2	5.905563E+0
3.108084E+2	5.676054E+0
3.110721E+2	5.878240E+0
3.113358E+2	6.162393E+0
3.115995E+2	6.255289E+0
3.118632E+2	6.320863E+0
3.121269E+2	6.353650E+0
3.123906E+2	6.260754E+0
3.126543E+2	6.238896E+0
3.129179E+2	6.053104E+0
3.131816E+2	6.025781E+0
3.134453E+2	5.790808E+0
3.137089E+2	5.730699E+0
3.139725E+2	5.528513E+0
3.142362E+2	5.238896E+0
3.144998E+2	5.299005E+0
3.147634E+2	4.998459E+0
3.150270E+2	5.227967E+0
3.152906E+2	5.113213E+0
3.155542E+2	5.282612E+0
3.158178E+2	5.342721E+0
3.160814E+2	5.337257E+0
3.163450E+2	5.238896E+0
3.166086E+2	5.140535E+0
3.168721E+2	5.337257E+0
3.171357E+2	5.331792E+0
3.173992E+2	5.370043E+0
3.176627E+2	5.315399E+0
3.179263E+2	5.342721E+0
3.181898E+2	5.446546E+0
3.184533E+2	5.523049E+0
3.187168E+2	5.719770E+0
3.189803E+2	5.626874E+0
3.192438E+2	5.473869E+0
3.195073E+2	5.610481E+0
3.197708E+2	5.572229E+0
3.200342E+2	5.539442E+0
3.202977E+2	5.506655E+0
3.205612E+2	5.550371E+0
3.208246E+2	5.692448E+0
3.210881E+2	5.872776E+0
3.213515E+2	6.031246E+0
3.216149E+2	6.080426E+0
3.218783E+2	6.091355E+0
3.221417E+2	5.949278E+0
3.224051E+2	5.850918E+0
3.226685E+2	5.468404E+0
3.229319E+2	5.375508E+0
3.231953E+2	5.271683E+0
3.234587E+2	4.889169E+0
3.237221E+2	4.703377E+0
3.239854E+2	5.069497E+0
3.242488E+2	4.686983E+0
3.245121E+2	4.391901E+0
3.247754E+2	4.364579E+0
3.250388E+2	4.424688E+0
3.253021E+2	4.703377E+0
3.255654E+2	4.730699E+0
3.258287E+2	4.883705E+0
3.260920E+2	4.637803E+0
3.263553E+2	4.714306E+0
3.266186E+2	4.441082E+0
3.268819E+2	4.845453E+0
3.271451E+2	4.916492E+0
3.274084E+2	4.911027E+0
3.276717E+2	5.036710E+0
3.279349E+2	5.129606E+0
3.281981E+2	4.763486E+0
3.284614E+2	4.932885E+0
3.287246E+2	5.151464E+0
3.289878E+2	5.413759E+0
3.292510E+2	5.342721E+0
3.295142E+2	5.665125E+0
3.297774E+2	5.758022E+0
3.300406E+2	5.927420E+0
3.303038E+2	6.113213E+0
3.305670E+2	6.320863E+0
3.308301E+2	6.331792E+0
3.310933E+2	6.370043E+0
3.313564E+2	6.468404E+0
3.316196E+2	6.380972E+0
3.318827E+2	6.255289E+0
3.321458E+2	6.249825E+0
3.324089E+2	6.468404E+0
3.326721E+2	6.670590E+0
3.329352E+2	6.462940E+0
3.331983E+2	6.435617E+0
3.334614E+2	6.533978E+0
3.337244E+2	6.605016E+0
3.339875E+2	6.484798E+0
3.342506E+2	6.331792E+0
3.345136E+2	6.370043E+0
3.347767E+2	6.195180E+0
3.350397E+2	6.167858E+0
3.353028E+2	6.129606E+0
3.355658E+2	6.069497E+0
3.358288E+2	6.014852E+0
3.360918E+2	5.878240E+0
3.363548E+2	5.883705E+0
3.366178E+2	5.605016E+0
3.368808E+2	5.495726E+0
3.371438E+2	5.135071E+0
3.374068E+2	4.856382E+0
3.376698E+2	5.096819E+0
3.379327E+2	5.025781E+0
3.381957E+2	4.867311E+0
3.384586E+2	4.807202E+0
3.387216E+2	5.053104E+0
3.389845E+2	4.938349E+0
3.392474E+2	5.042175E+0
3.395103E+2	5.156929E+0
3.397733E+2	5.233431E+0
3.400362E+2	4.839989E+0
3.402990E+2	5.118677E+0
3.405619E+2	5.375508E+0
3.408248E+2	5.550371E+0
3.410877E+2	5.479333E+0
3.413506E+2	5.419224E+0
3.416134E+2	5.293541E+0
3.418763E+2	5.380972E+0
3.421391E+2	5.648732E+0
3.424019E+2	5.615945E+0
3.426648E+2	5.812666E+0
3.429276E+2	5.878240E+0
3.431904E+2	5.921956E+0
3.434532E+2	5.982065E+0
3.437160E+2	5.872776E+0
3.439788E+2	5.883705E+0
3.442416E+2	6.085890E+0
3.445043E+2	6.009388E+0
3.447671E+2	5.747093E+0
3.450299E+2	5.517584E+0
3.452926E+2	5.528513E+0
3.455554E+2	5.512120E+0
3.458181E+2	5.506655E+0
3.460808E+2	5.096819E+0
3.463436E+2	5.200645E+0
3.466063E+2	4.971136E+0
3.468690E+2	4.665125E+0
3.471317E+2	4.435617E+0
3.473944E+2	4.501191E+0
3.476570E+2	4.359114E+0
3.479197E+2	4.501191E+0
3.481824E+2	4.435617E+0
3.484451E+2	4.364579E+0
3.487077E+2	4.370043E+0
3.489704E+2	4.238896E+0
3.492330E+2	4.260754E+0
3.494956E+2	4.233431E+0
3.497582E+2	4.206109E+0
3.500209E+2	4.211573E+0
3.502835E+2	4.244360E+0
3.505461E+2	4.107748E+0
3.508087E+2	4.391901E+0
3.510713E+2	4.512120E+0
3.513338E+2	4.479333E+0
3.515964E+2	4.441082E+0
3.518590E+2	4.364579E+0
3.521215E+2	4.342721E+0
3.523841E+2	3.894634E+0
3.526466E+2	4.058568E+0
3.529091E+2	4.102284E+0
3.531717E+2	4.260754E+0
3.534342E+2	4.643267E+0
3.536967E+2	4.364579E+0
3.539592E+2	4.359114E+0
3.542217E+2	4.419224E+0
3.544842E+2	4.681519E+0
3.547467E+2	4.364579E+0
3.550091E+2	4.588623E+0
3.552716E+2	4.370043E+0
3.555341E+2	4.495726E+0
3.557965E+2	4.446546E+0
3.560590E+2	4.949278E+0
3.563214E+2	5.129606E+0
3.565838E+2	4.982065E+0
3.568462E+2	4.965672E+0
3.571086E+2	5.047639E+0
3.573711E+2	5.102284E+0
3.576335E+2	5.058568E+0
3.578958E+2	4.905563E+0
3.581582E+2	4.927420E+0
3.584206E+2	4.708841E+0
3.586830E+2	4.839989E+0
3.589453E+2	4.495726E+0
3.592077E+2	4.370043E+0
3.594700E+2	4.375508E+0
3.597324E+2	4.326328E+0
3.599947E+2	4.140535E+0
3.602570E+2	4.288076E+0
3.605193E+2	4.036710E+0
3.607816E+2	4.064033E+0
3.610439E+2	4.233431E+0
3.613062E+2	4.304470E+0
3.615685E+2	4.255289E+0
3.618308E+2	4.227967E+0
3.620930E+2	4.424688E+0
3.623553E+2	4.249825E+0
3.626176E+2	4.304470E+0
3.628798E+2	4.763486E+0
3.631420E+2	4.911027E+0
3.634043E+2	4.839989E+0
3.636665E+2	5.047639E+0
3.639287E+2	4.949278E+0
3.641909E+2	5.042175E+0
3.644531E+2	5.080426E+0
3.647153E+2	5.058568E+0
3.649775E+2	5.282612E+0
3.652397E+2	5.528513E+0
3.655018E+2	5.337257E+0
3.657640E+2	5.244360E+0
3.660262E+2	5.206109E+0
3.662883E+2	5.140535E+0
3.665505E+2	5.408295E+0
3.668126E+2	5.271683E+0
3.670747E+2	5.124142E+0
3.673368E+2	5.113213E+0
3.675989E+2	4.982065E+0
3.678610E+2	4.872776E+0
3.681231E+2	4.845453E+0
3.683852E+2	5.266218E+0
3.686473E+2	5.189716E+0
3.689094E+2	5.151464E+0
3.691714E+2	5.255289E+0
3.694335E+2	5.189716E+0
3.696955E+2	5.085890E+0
3.699576E+2	4.982065E+0
3.702196E+2	4.741628E+0
3.704816E+2	4.681519E+0
3.707437E+2	4.708841E+0
3.710057E+2	4.577694E+0
3.712677E+2	4.676054E+0
3.715297E+2	4.457475E+0
3.717917E+2	4.479333E+0
3.720536E+2	4.195180E+0
3.723156E+2	3.976601E+0
3.725776E+2	4.222502E+0
3.728395E+2	4.533978E+0
3.731015E+2	4.380972E+0
3.733634E+2	4.419224E+0
3.736254E+2	4.523049E+0
3.738873E+2	4.397366E+0
3.741492E+2	4.342721E+0
3.744111E+2	4.725235E+0
3.746730E+2	4.523049E+0
3.749349E+2	4.665125E+0
3.751968E+2	4.605016E+0
3.754587E+2	4.206109E+0
3.757206E+2	4.047639E+0
3.759824E+2	3.992994E+0
3.762443E+2	3.927420E+0
3.765061E+2	4.244360E+0
3.767680E+2	4.249825E+0
3.770298E+2	4.102284E+0
3.772916E+2	4.124142E+0
3.775535E+2	4.156929E+0
3.778153E+2	4.238896E+0
3.780771E+2	4.064033E+0
3.783389E+2	3.965672E+0
3.786007E+2	3.818131E+0
3.788624E+2	3.665125E+0
3.791242E+2	3.473869E+0
3.793860E+2	3.583158E+0
3.796477E+2	3.550371E+0
3.799095E+2	3.544907E+0
3.801712E+2	3.528513E+0
3.804330E+2	3.413759E+0
3.806947E+2	3.380972E+0
3.809564E+2	3.320863E+0
3.812181E+2	3.069497E+0
3.814798E+2	3.014852E+0
3.817415E+2	3.446546E+0
3.820032E+2	3.637803E+0
3.822649E+2	3.544907E+0
3.825266E+2	3.413759E+0
3.827883E+2	3.533978E+0
3.830499E+2	3.430153E+0
3.833116E+2	3.337257E+0
3.835732E+2	3.299005E+0
3.838348E+2	3.380972E+0
3.840965E+2	3.326328E+0
3.843581E+2	3.359114E+0
3.846197E+2	3.539442E+0
3.848813E+2	3.615945E+0
3.851429E+2	3.375508E+0
3.854045E+2	3.074961E+0
3.856661E+2	3.227967E+0
3.859277E+2	3.473869E+0
3.861892E+2	3.430153E+0
3.864508E+2	3.370043E+0
3.867124E+2	3.249825E+0
3.869739E+2	3.299005E+0
3.872354E+2	3.424688E+0
3.874970E+2	3.818131E+0
3.877585E+2	4.025781E+0
3.880200E+2	4.080426E+0
3.882815E+2	4.370043E+0
3.885430E+2	4.375508E+0
3.888045E+2	4.189716E+0
3.890660E+2	4.271683E+0
3.893275E+2	4.031246E+0
3.895889E+2	4.091355E+0
3.898504E+2	3.965672E+0
3.901118E+2	4.064033E+0
3.903733E+2	4.036710E+0
3.906347E+2	4.118677E+0
3.908962E+2	3.943814E+0
3.911576E+2	4.118677E+0
3.914190E+2	4.419224E+0
3.916804E+2	4.719770E+0
3.919418E+2	4.829060E+0
3.922032E+2	4.681519E+0
3.924646E+2	4.583158E+0
3.927260E+2	4.594087E+0
3.929873E+2	4.659661E+0
3.932487E+2	4.615945E+0
3.935100E+2	4.523049E+0
3.937714E+2	4.550371E+0
3.940327E+2	4.725235E+0
3.942941E+2	4.878240E+0
3.945554E+2	5.036710E+0
3.948167E+2	5.096819E+0
3.950780E+2	5.375508E+0
3.953393E+2	5.217038E+0
3.956006E+2	5.326328E+0
3.958619E+2	5.184251E+0
3.961232E+2	4.976601E+0
3.963844E+2	5.129606E+0
3.966457E+2	5.096819E+0
3.969069E+2	5.135071E+0
3.971682E+2	5.222502E+0
3.974294E+2	5.288076E+0
3.976907E+2	5.036710E+0
3.979519E+2	5.003923E+0
3.982131E+2	5.195180E+0
3.984743E+2	5.249825E+0
3.987355E+2	5.014852E+0
3.989967E+2	5.156929E+0
3.992579E+2	5.107748E+0
3.995191E+2	5.107748E+0
3.997802E+2	4.992994E+0
4.000414E+2	5.042175E+0
4.003025E+2	5.003923E+0
4.005637E+2	4.774415E+0
4.008248E+2	4.905563E+0
4.010860E+2	5.167858E+0
4.013471E+2	5.430153E+0
4.016082E+2	5.293541E+0
4.018693E+2	5.184251E+0
4.021304E+2	5.610481E+0
4.023915E+2	5.747093E+0
4.026526E+2	6.113213E+0
4.029137E+2	6.003923E+0
4.031747E+2	5.916492E+0
4.034358E+2	5.610481E+0
4.036968E+2	5.539442E+0
4.039579E+2	5.282612E+0
4.042189E+2	5.064033E+0
4.044800E+2	4.796273E+0
4.047410E+2	4.801737E+0
4.050020E+2	5.009388E+0
4.052630E+2	5.053104E+0
4.055240E+2	5.031246E+0
4.057850E+2	5.419224E+0
4.060460E+2	5.353650E+0
4.063070E+2	5.189716E+0
4.065679E+2	5.064033E+0
4.068289E+2	4.872776E+0
4.070898E+2	4.730699E+0
4.073508E+2	4.539442E+0
4.076117E+2	4.359114E+0
4.078727E+2	4.413759E+0
4.081336E+2	4.801737E+0
4.083945E+2	4.856382E+0
4.086554E+2	4.829060E+0
4.089163E+2	4.883705E+0
4.091772E+2	4.949278E+0
4.094381E+2	5.085890E+0
4.096990E+2	5.031246E+0
4.099598E+2	5.309934E+0
4.102207E+2	5.156929E+0
4.104815E+2	5.337257E+0
4.107424E+2	5.238896E+0
4.110032E+2	5.113213E+0
4.112640E+2	4.965672E+0
4.115249E+2	4.954743E+0
4.117857E+2	5.167858E+0
4.120465E+2	5.402830E+0
4.123073E+2	5.260754E+0
4.125681E+2	5.561300E+0
4.128289E+2	5.921956E+0
4.130896E+2	6.140535E+0
4.133504E+2	6.277147E+0
4.136112E+2	6.146000E+0
4.138719E+2	6.042175E+0
4.141327E+2	6.091355E+0
4.143934E+2	6.080426E+0
4.146541E+2	6.364579E+0
4.149149E+2	6.353650E+0
4.151756E+2	6.670590E+0
4.154363E+2	6.823595E+0
4.156970E+2	6.949278E+0
4.159577E+2	6.872776E+0
4.162184E+2	6.686983E+0
4.164790E+2	6.867311E+0
4.167397E+2	6.555836E+0
4.170004E+2	6.457475E+0
4.172610E+2	6.402830E+0
4.175217E+2	6.686983E+0
4.177823E+2	6.654196E+0
4.180429E+2	6.637803E+0
4.183035E+2	6.637803E+0
4.185642E+2	6.621410E+0
4.188248E+2	6.692448E+0
4.190854E+2	6.402830E+0
4.193459E+2	6.763486E+0
4.196065E+2	6.889169E+0
4.198671E+2	6.856382E+0
4.201277E+2	6.730699E+0
4.203882E+2	6.878240E+0
4.206488E+2	6.615945E+0
4.209093E+2	6.528513E+0
4.211699E+2	6.533978E+0
4.214304E+2	6.517584E+0
4.216909E+2	6.479333E+0
4.219514E+2	6.430153E+0
4.222119E+2	6.364579E+0
4.224724E+2	6.501191E+0
4.227329E+2	6.747093E+0
4.229934E+2	6.861847E+0
4.232539E+2	6.768951E+0
4.235143E+2	6.823595E+0
4.237748E+2	6.807202E+0
4.240352E+2	6.375508E+0
4.242957E+2	6.370043E+0
4.245561E+2	6.643267E+0
4.248166E+2	6.730699E+0
4.250770E+2	6.681519E+0
4.253374E+2	6.708841E+0
4.255978E+2	6.719770E+0
4.258582E+2	6.430153E+0
4.261186E+2	6.523049E+0
4.263790E+2	6.659661E+0
4.266393E+2	6.670590E+0
4.268997E+2	6.457475E+0
4.271600E+2	6.605016E+0
4.274204E+2	6.402830E+0
4.276807E+2	6.501191E+0
4.279411E+2	6.555836E+0
4.282014E+2	6.561300E+0
4.284617E+2	6.331792E+0
4.287220E+2	6.200645E+0
4.289823E+2	6.047639E+0
4.292426E+2	6.167858E+0
4.295029E+2	6.441082E+0
4.297632E+2	6.605016E+0
4.300235E+2	6.801737E+0
4.302837E+2	6.883705E+0
4.305440E+2	6.949278E+0
4.308042E+2	7.118677E+0
4.310645E+2	7.189716E+0
4.313247E+2	7.490262E+0
4.315849E+2	7.533978E+0
4.318451E+2	7.506655E+0
4.321054E+2	7.714306E+0
4.323656E+2	7.768951E+0
4.326258E+2	7.943814E+0
4.328859E+2	7.796273E+0
4.331461E+2	7.610481E+0
4.334063E+2	7.566765E+0
4.336665E+2	7.610481E+0
4.339266E+2	7.730699E+0
4.341868E+2	7.517584E+0
4.344469E+2	7.473869E+0
4.347070E+2	7.583158E+0
4.349671E+2	7.829060E+0
4.352273E+2	7.730699E+0
4.354874E+2	7.615945E+0
4.357475E+2	7.861847E+0
4.360076E+2	7.965672E+0
4.362677E+2	8.156929E+0
4.365277E+2	8.386437E+0
4.367878E+2	8.315399E+0
4.370479E+2	8.473869E+0
4.373079E+2	8.621410E+0
4.375680E+2	8.796273E+0
4.378280E+2	8.834524E+0
4.380880E+2	9.091355E+0
4.383480E+2	9.184251E+0
4.386081E+2	9.544907E+0
4.388681E+2	9.747093E+0
4.391281E+2	1.003671E+1
4.393881E+2	1.000392E+1
4.396480E+2	9.911027E+0
4.399080E+2	1.016786E+1
4.401680E+2	1.023890E+1
4.404279E+2	1.016239E+1
4.406879E+2	1.016239E+1
4.409478E+2	1.035911E+1
4.412078E+2	1.031540E+1
4.414677E+2	1.035365E+1
4.417276E+2	1.051212E+1
4.419875E+2	1.079081E+1
4.422474E+2	1.044655E+1
4.425073E+2	1.061595E+1
4.427672E+2	1.105857E+1
4.430271E+2	1.109682E+1
4.432870E+2	1.133179E+1
4.435469E+2	1.117879E+1
4.438067E+2	1.106950E+1
4.440666E+2	1.132086E+1
4.443264E+2	1.140283E+1
4.445862E+2	1.123890E+1
4.448461E+2	1.138097E+1
4.451059E+2	1.142469E+1
4.453657E+2	1.162141E+1
4.456255E+2	1.167059E+1
4.458853E+2	1.173616E+1
4.461451E+2	1.183452E+1
4.464049E+2	1.172523E+1
4.466646E+2	1.171977E+1
4.469244E+2	1.162687E+1
4.471842E+2	1.132633E+1
4.474439E+2	1.162141E+1
4.477036E+2	1.173070E+1
4.479634E+2	1.183452E+1
4.482231E+2	1.199299E+1
4.484828E+2	1.222250E+1
4.487425E+2	1.249573E+1
4.490022E+2	1.292742E+1
4.492619E+2	1.293835E+1
4.495216E+2	1.317332E+1
4.497813E+2	1.295474E+1
4.500410E+2	1.309135E+1
4.503006E+2	1.300939E+1
4.505603E+2	1.317332E+1
4.508199E+2	1.327168E+1
4.510796E+2	1.340283E+1
4.513392E+2	1.341922E+1
4.515988E+2	1.365420E+1
4.518584E+2	1.408589E+1
4.521180E+2	1.421704E+1
4.523776E+2	1.441376E+1
4.526372E+2	1.457769E+1
4.528968E+2	1.462687E+1
4.531564E+2	1.446840E+1
4.534160E+2	1.436458E+1
4.536755E+2	1.474709E+1
4.539351E+2	1.520064E+1
4.541946E+2	1.557223E+1
4.544541E+2	1.546840E+1
4.547137E+2	1.555584E+1
4.549732E+2	1.576895E+1
4.552327E+2	1.597114E+1
4.554922E+2	1.629901E+1
4.557517E+2	1.645748E+1
4.560112E+2	1.668698E+1
4.562707E+2	1.680720E+1
4.565302E+2	1.671977E+1
4.567896E+2	1.716239E+1
4.570491E+2	1.737551E+1
4.573085E+2	1.757769E+1
4.575680E+2	1.771431E+1
4.578274E+2	1.768152E+1
4.580868E+2	1.789463E+1
4.583463E+2	1.819518E+1
4.586057E+2	1.818972E+1
4.588651E+2	1.866513E+1
4.591245E+2	1.878534E+1
4.593838E+2	1.929354E+1
4.596432E+2	1.979627E+1
4.599026E+2	2.016786E+1
4.601620E+2	2.038644E+1
4.604213E+2	2.063234E+1
4.606807E+2	2.064327E+1
4.609400E+2	2.090010E+1
4.611993E+2	2.103671E+1
4.614587E+2	2.110228E+1
4.617180E+2	2.111868E+1
4.619773E+2	2.116786E+1
4.622366E+2	2.156130E+1
4.624959E+2	2.203671E+1
4.627552E+2	2.239737E+1
4.630144E+2	2.270338E+1
4.632737E+2	2.272523E+1
4.635330E+2	2.299299E+1
4.637922E+2	2.324982E+1
4.640515E+2	2.317879E+1
4.643107E+2	2.349026E+1
4.645699E+2	2.393288E+1
4.648292E+2	2.405857E+1
4.650884E+2	2.430447E+1
4.653476E+2	2.444655E+1
4.656068E+2	2.484545E+1
4.658660E+2	2.510228E+1
4.661251E+2	2.573070E+1
4.663843E+2	2.591103E+1
4.666435E+2	2.616786E+1
4.669026E+2	2.646294E+1
4.671618E+2	2.663780E+1
4.674209E+2	2.667059E+1
4.676801E+2	2.672523E+1
4.679392E+2	2.701485E+1
4.681983E+2	2.728261E+1
4.684574E+2	2.745748E+1
4.687165E+2	2.788917E+1
4.689756E+2	2.840283E+1
4.692347E+2	2.866513E+1
4.694938E+2	2.883999E+1
4.697529E+2	2.875256E+1
4.700119E+2	2.868152E+1
4.702710E+2	2.885092E+1
4.705300E+2	2.908043E+1
4.707891E+2	2.920611E+1
4.710481E+2	2.953944E+1
4.713071E+2	3.002578E+1
4.715661E+2	3.039190E+1
4.718252E+2	3.054491E+1
4.720842E+2	3.077442E+1
4.723431E+2	3.128808E+1
4.726021E+2	3.140829E+1
4.728611E+2	3.162687E+1
4.731201E+2	3.217879E+1
4.733790E+2	3.263234E+1
4.736380E+2	3.312414E+1
4.738969E+2	3.379627E+1
4.741559E+2	3.406950E+1
4.744148E+2	3.449573E+1
4.746737E+2	3.495474E+1
4.749326E+2	3.552305E+1
4.751915E+2	3.574709E+1
4.754504E+2	3.608589E+1
4.757093E+2	3.639737E+1
4.759682E+2	3.681267E+1
4.762271E+2	3.731540E+1
4.764859E+2	3.755037E+1
4.767448E+2	3.799299E+1
4.770037E+2	3.810775E+1
4.772625E+2	3.857769E+1
4.775213E+2	3.895474E+1
4.777802E+2	3.925529E+1
4.780390E+2	3.950666E+1
4.782978E+2	3.959955E+1
4.785566E+2	4.009682E+1
4.788154E+2	4.058316E+1
4.790742E+2	4.106950E+1
4.793329E+2	4.160502E+1
4.795917E+2	4.208043E+1
4.798505E+2	4.277988E+1
4.801092E+2	4.315693E+1
4.803680E+2	4.343015E+1
4.806267E+2	4.381813E+1
4.808854E+2	4.421157E+1
4.811442E+2	4.479081E+1
4.814029E+2	4.534819E+1
4.816616E+2	4.622250E+1
4.819203E+2	4.663780E+1
4.821790E+2	4.709135E+1
4.824377E+2	4.777442E+1
4.826963E+2	4.826075E+1
4.829550E+2	4.891649E+1
4.832137E+2	4.958862E+1
4.834723E+2	4.999299E+1
4.837310E+2	5.062687E+1
4.839896E+2	5.139190E+1
4.842482E+2	5.225529E+1
4.845068E+2	5.258862E+1
4.847655E+2	5.345201E+1
4.850241E+2	5.423890E+1
4.852827E+2	5.468152E+1
4.855412E+2	5.521157E+1
4.857998E+2	5.593288E+1
4.860584E+2	5.686731E+1
4.863170E+2	5.749573E+1
4.865755E+2	5.841922E+1
4.868341E+2	5.924982E+1
4.870926E+2	5.985092E+1
4.873511E+2	6.067605E+1
4.876097E+2	6.166513E+1
4.878682E+2	6.271431E+1
4.881267E+2	6.375256E+1
4.883852E+2	6.473070E+1
4.886437E+2	6.583452E+1
4.889022E+2	6.656130E+1
4.891606E+2	6.749026E+1
4.894191E+2	6.847387E+1
4.896776E+2	6.942469E+1
4.899360E+2	7.063234E+1
4.901945E+2	7.158862E+1
4.904529E+2	7.215146E+1
4.907113E+2	7.300392E+1
4.909697E+2	7.414600E+1
4.912282E+2	7.535911E+1
4.914866E+2	7.639190E+1
4.917450E+2	7.753944E+1
4.920034E+2	7.855584E+1
4.922617E+2	7.973070E+1
4.925201E+2	8.069245E+1
4.927785E+2	8.190556E+1
4.930368E+2	8.327715E+1
4.932952E+2	8.457223E+1
4.935535E+2	8.612414E+1
4.938118E+2	8.738644E+1
4.940702E+2	8.884545E+1
4.943285E+2	9.000939E+1
4.945868E+2	9.153398E+1
4.948451E+2	9.299299E+1
4.951034E+2	9.410775E+1
4.953617E+2	9.545201E+1
4.956200E+2	9.683452E+1
4.958782E+2	9.827715E+1
4.961365E+2	1.000094E+2
4.963947E+2	1.015613E+2
4.966530E+2	1.031187E+2
4.969112E+2	1.044629E+2
4.971694E+2	1.059711E+2
4.974277E+2	1.073536E+2
4.976859E+2	1.088127E+2
4.979441E+2	1.105340E+2
4.982023E+2	1.123209E+2
4.984605E+2	1.140039E+2
4.987187E+2	1.158618E+2
4.989768E+2	1.174083E+2
4.992350E+2	1.192170E+2
4.994931E+2	1.206159E+2
4.997513E+2	1.221077E+2
5.000094E+2	1.238017E+2
5.002676E+2	1.256050E+2
5.005257E+2	1.270750E+2
5.007838E+2	1.286487E+2
5.010419E+2	1.305340E+2
5.013000E+2	1.326050E+2
5.015581E+2	1.345996E+2
5.018162E+2	1.364302E+2
5.020743E+2	1.381952E+2
5.023323E+2	1.399602E+2
5.025904E+2	1.417307E+2
5.028485E+2	1.437362E+2
5.031065E+2	1.456542E+2
5.033645E+2	1.472334E+2
5.036226E+2	1.491679E+2
5.038806E+2	1.510149E+2
5.041386E+2	1.528072E+2
5.043966E+2	1.550094E+2
5.046546E+2	1.572116E+2
5.049126E+2	1.593919E+2
5.051706E+2	1.617963E+2
5.054285E+2	1.640094E+2
5.056865E+2	1.662334E+2
5.059445E+2	1.685777E+2
5.062024E+2	1.713591E+2
5.064604E+2	1.741241E+2
5.067183E+2	1.764138E+2
5.069762E+2	1.788782E+2
5.072341E+2	1.812662E+2
5.074920E+2	1.837416E+2
5.077499E+2	1.862608E+2
5.080078E+2	1.891733E+2
5.082657E+2	1.915668E+2
5.085236E+2	1.940422E+2
5.087815E+2	1.968017E+2
5.090393E+2	1.996050E+2
5.092972E+2	2.022280E+2
5.095550E+2	2.050258E+2
5.098129E+2	2.077799E+2
5.100707E+2	2.104465E+2
5.103285E+2	2.130312E+2
5.105863E+2	2.156815E+2
5.108441E+2	2.188509E+2
5.111019E+2	2.219438E+2
5.113597E+2	2.248017E+2
5.116175E+2	2.277908E+2
5.118753E+2	2.307416E+2
5.121330E+2	2.340149E+2
5.123908E+2	2.370914E+2
5.126485E+2	2.403919E+2
5.129063E+2	2.435558E+2
5.131640E+2	2.470859E+2
5.134217E+2	2.505668E+2
5.136794E+2	2.540640E+2
5.139371E+2	2.571788E+2
5.141948E+2	2.607362E+2
5.144525E+2	2.639821E+2
5.147102E+2	2.674575E+2
5.149679E+2	2.714083E+2
5.152256E+2	2.750203E+2
5.154832E+2	2.787526E+2
5.157409E+2	2.823536E+2
5.159985E+2	2.863373E+2
5.162562E+2	2.902826E+2
5.165138E+2	2.943700E+2
5.167714E+2	2.985886E+2
5.170290E+2	3.026542E+2
5.172866E+2	3.065340E+2
5.175442E+2	3.102608E+2
5.178018E+2	3.143864E+2
5.180594E+2	3.182771E+2
5.183170E+2	3.225941E+2
5.185745E+2	3.265394E+2
5.188321E+2	3.307799E+2
5.190896E+2	3.355176E+2
5.193472E+2	3.399602E+2
5.196047E+2	3.444465E+2
5.198622E+2	3.489930E+2
5.201197E+2	3.531788E+2
5.203772E+2	3.577799E+2
5.206347E+2	3.626105E+2
5.208922E+2	3.672334E+2
5.211497E+2	3.717853E+2
5.214072E+2	3.760968E+2
5.216646E+2	3.809110E+2
5.219221E+2	3.854793E+2
5.221795E+2	3.899165E+2
5.224370E+2	3.949711E+2
5.226944E+2	3.994192E+2
5.229519E+2	4.045230E+2
5.232093E+2	4.096433E+2
5.234667E+2	4.148345E+2
5.237241E+2	4.198181E+2
5.239815E+2	4.255012E+2
5.242389E+2	4.311405E+2
5.244962E+2	4.361296E+2
5.247536E+2	4.414028E+2
5.250110E+2	4.469056E+2
5.252683E+2	4.526597E+2
5.255257E+2	4.582881E+2
5.257830E+2	4.639493E+2
5.260403E+2	4.696815E+2
5.262977E+2	4.756214E+2
5.265550E+2	4.816815E+2
5.268123E+2	4.873427E+2
5.270696E+2	4.934356E+2
5.273269E+2	4.995067E+2
5.275841E+2	5.054465E+2
5.278414E+2	5.115121E+2
5.280987E+2	5.178291E+2
5.283559E+2	5.242006E+2
5.286132E+2	5.307143E+2
5.288704E+2	5.366269E+2
5.291276E+2	5.432608E+2
5.293849E+2	5.495285E+2
5.296421E+2	5.561077E+2
5.298993E+2	5.625230E+2
5.301565E+2	5.692170E+2
5.304137E+2	5.761023E+2
5.306709E+2	5.825996E+2
5.309280E+2	5.896433E+2
5.311852E+2	5.964083E+2
5.314424E+2	6.034739E+2
5.316995E+2	6.108017E+2
5.319567E+2	6.176706E+2
5.322138E+2	6.248673E+2
5.324709E+2	6.322498E+2
5.327280E+2	6.397744E+2
5.329852E+2	6.476870E+2
5.332423E+2	6.557690E+2
5.334994E+2	6.636761E+2
5.337564E+2	6.718673E+2
5.340135E+2	6.796815E+2
5.342706E+2	6.882170E+2
5.345276E+2	6.961952E+2
5.347847E+2	7.044247E+2
5.350417E+2	7.124793E+2
5.352988E+2	7.207252E+2
5.355558E+2	7.292717E+2
5.358128E+2	7.375121E+2
5.360698E+2	7.458017E+2
5.363269E+2	7.544629E+2
5.365839E+2	7.632006E+2
5.368408E+2	7.719985E+2
5.370978E+2	7.811624E+2
5.373548E+2	7.901843E+2
5.376118E+2	7.993209E+2
5.378687E+2	8.086706E+2
5.381257E+2	8.182006E+2
5.383826E+2	8.279438E+2
5.386395E+2	8.374138E+2
5.388965E+2	8.472881E+2
5.391534E+2	8.566815E+2
5.394103E+2	8.668509E+2
5.396672E+2	8.770586E+2
5.399241E+2	8.873373E+2
5.401810E+2	8.976870E+2
5.404378E+2	9.078728E+2
5.406947E+2	9.180039E+2
5.409516E+2	9.285285E+2
5.412084E+2	9.390914E+2
5.414653E+2	9.500203E+2
5.417221E+2	9.613045E+2
5.419789E+2	9.723646E+2
5.422357E+2	9.829493E+2
5.424925E+2	9.943864E+2
5.427493E+2	1.005698E+3
5.430061E+2	1.017124E+3
5.432629E+2	1.028523E+3
5.435197E+2	1.040168E+3
5.437765E+2	1.051878E+3
5.440332E+2	1.063747E+3
5.442900E+2	1.075376E+3
5.445467E+2	1.087616E+3
5.448035E+2	1.099665E+3
5.450602E+2	1.111845E+3
5.453169E+2	1.124545E+3
5.455736E+2	1.137069E+3
5.458303E+2	1.149971E+3
5.460870E+2	1.162414E+3
5.463437E+2	1.175277E+3
5.466004E+2	1.188206E+3
5.468571E+2	1.201539E+3
5.471137E+2	1.214845E+3
5.473704E+2	1.227545E+3
5.476270E+2	1.241479E+3
5.478837E+2	1.254911E+3
5.481403E+2	1.268168E+3
5.483969E+2	1.281539E+3
5.486535E+2	1.294796E+3
5.489101E+2	1.308529E+3
5.491667E+2	1.322244E+3
5.494233E+2	1.336069E+3
5.496799E+2	1.350627E+3
5.499365E+2	1.364605E+3
5.501931E+2	1.379239E+3
5.504496E+2	1.393742E+3
5.507062E+2	1.408807E+3
5.509627E+2	1.423769E+3
5.512192E+2	1.439069E+3
5.514758E+2	1.454643E+3
5.517323E+2	1.470195E+3
5.519888E+2	1.485796E+3
5.522453E+2	1.500960E+3
5.525018E+2	1.516539E+3
5.527583E+2	1.532173E+3
5.530147E+2	1.548097E+3
5.532712E+2	1.563698E+3
5.535277E+2	1.579911E+3
5.537841E+2	1.596288E+3
5.540406E+2	1.612261E+3
5.542970E+2	1.628671E+3
5.545534E+2	1.644791E+3
5.548098E+2	1.661419E+3
5.550663E+2	1.677911E+3
5.553227E+2	1.694168E+3
5.555791E+2	1.710916E+3
5.558354E+2	1.727998E+3
5.560918E+2	1.745321E+3
5.563482E+2	1.763507E+3
5.566046E+2	1.781075E+3
5.568609E+2	1.799119E+3
5.571173E+2	1.816561E+3
5.573736E+2	1.834206E+3
5.576299E+2	1.852479E+3
5.578862E+2	1.871326E+3
5.581426E+2	1.889529E+3
5.583989E+2	1.907769E+3
5.586552E+2	1.927026E+3
5.589114E+2	1.946310E+3
5.591677E+2	1.965813E+3
5.594240E+2	1.984982E+3
5.596803E+2	2.004753E+3
5.599365E+2	2.024791E+3
5.601928E+2	2.045086E+3
5.604490E+2	2.064753E+3
5.607052E+2	2.085294E+3
5.609614E+2	2.105392E+3
5.612177E+2	2.126277E+3
5.614739E+2	2.147179E+3
5.617301E+2	2.168288E+3
5.619863E+2	2.189425E+3
5.622424E+2	2.211162E+3
5.624986E+2	2.232119E+3
5.627548E+2	2.253288E+3
5.630109E+2	2.275288E+3
5.632671E+2	2.296802E+3
5.635232E+2	2.318731E+3
5.637794E+2	2.341419E+3
5.640355E+2	2.364365E+3
5.642916E+2	2.387283E+3
5.645477E+2	2.410376E+3
5.648038E+2	2.433851E+3
5.650599E+2	2.457468E+3
5.653160E+2	2.480998E+3
5.655721E+2	2.504851E+3
5.658281E+2	2.529600E+3
5.660842E+2	2.553862E+3
5.663402E+2	2.578223E+3
5.665963E+2	2.602479E+3
5.668523E+2	2.627179E+3
5.671083E+2	2.652419E+3
5.673644E+2	2.678233E+3
5.676204E+2	2.703261E+3
5.678764E+2	2.729441E+3
5.681324E+2	2.755862E+3
5.683883E+2	2.782539E+3
5.686443E+2	2.808856E+3
5.689003E+2	2.835824E+3
5.691562E+2	2.863069E+3
5.694122E+2	2.889392E+3
5.696681E+2	2.917086E+3
5.699241E+2	2.945004E+3
5.701800E+2	2.972906E+3
5.704359E+2	3.001332E+3
5.706918E+2	3.030042E+3
5.709477E+2	3.059097E+3
5.712036E+2	3.087638E+3
5.714595E+2	3.117556E+3
5.717154E+2	3.147529E+3
5.719713E+2	3.176671E+3
5.722271E+2	3.206534E+3
5.724830E+2	3.236851E+3
5.727388E+2	3.267671E+3
5.729947E+2	3.297774E+3
5.732505E+2	3.328080E+3
5.735063E+2	3.358370E+3
5.737621E+2	3.390244E+3
5.740179E+2	3.422430E+3
5.742737E+2	3.454354E+3
5.745295E+2	3.486638E+3
5.747853E+2	3.518042E+3
5.750411E+2	3.550698E+3
5.752968E+2	3.583124E+3
5.755526E+2	3.616261E+3
5.758083E+2	3.648627E+3
5.760641E+2	3.682698E+3
5.763198E+2	3.715851E+3
5.765755E+2	3.749889E+3
5.768312E+2	3.784048E+3
5.770869E+2	3.817616E+3
5.773426E+2	3.852004E+3
5.775983E+2	3.886348E+3
5.778540E+2	3.920813E+3
5.781097E+2	3.956840E+3
5.783653E+2	3.993315E+3
5.786210E+2	4.029578E+3
5.788766E+2	4.065539E+3
5.791323E+2	4.101873E+3
5.793879E+2	4.139020E+3
5.796435E+2	4.175720E+3
5.798991E+2	4.212769E+3
5.801547E+2	4.249720E+3
5.804103E+2	4.287277E+3
5.806659E+2	4.324944E+3
5.809215E+2	4.361922E+3
5.811771E+2	4.399616E+3
5.814327E+2	4.437310E+3
5.816882E+2	4.475403E+3
5.819438E+2	4.513632E+3
5.821993E+2	4.552130E+3
5.824548E+2	4.589878E+3
5.827104E+2	4.628228E+3
5.829659E+2	4.666141E+3
5.832214E+2	4.704042E+3
5.834769E+2	4.742906E+3
5.837324E+2	4.781802E+3
5.839878E+2	4.821468E+3
5.842433E+2	4.860474E+3
5.844988E+2	4.900813E+3
5.847542E+2	4.940064E+3
5.850097E+2	4.979359E+3
5.852651E+2	5.018556E+3
5.855206E+2	5.057856E+3
5.857760E+2	5.097266E+3
5.860314E+2	5.136769E+3
5.862868E+2	5.176938E+3
5.865422E+2	5.217791E+3
5.867976E+2	5.258605E+3
5.870530E+2	5.297998E+3
5.873084E+2	5.338616E+3
5.875637E+2	5.378682E+3
5.878191E+2	5.418731E+3
5.880744E+2	5.458867E+3
5.883298E+2	5.499272E+3
5.885851E+2	5.541261E+3
5.888404E+2	5.582523E+3
5.890958E+2	5.624419E+3
5.893511E+2	5.664572E+3
5.896064E+2	5.705507E+3
5.898617E+2	5.745621E+3
5.901169E+2	5.786304E+3
5.903722E+2	5.828108E+3
5.906275E+2	5.869009E+3
5.908827E+2	5.909938E+3
5.911380E+2	5.950709E+3
5.913932E+2	5.992348E+3
5.916485E+2	6.033676E+3
5.919037E+2	6.076720E+3
5.921589E+2	6.119130E+3
5.924141E+2	6.161190E+3
5.926693E+2	6.203796E+3
5.929245E+2	6.246490E+3
5.931797E+2	6.289545E+3
5.934349E+2	6.331468E+3
5.936900E+2	6.373791E+3
5.939452E+2	6.415998E+3
5.942004E+2	6.457583E+3
5.944555E+2	6.500616E+3
5.947106E+2	6.544589E+3
5.949658E+2	6.586463E+3
5.952209E+2	6.629299E+3
5.954760E+2	6.672206E+3
5.957311E+2	6.714233E+3
5.959862E+2	6.756649E+3
5.962413E+2	6.798807E+3
5.964963E+2	6.841086E+3
5.967514E+2	6.884294E+3
5.970065E+2	6.927906E+3
5.972615E+2	6.972545E+3
5.975166E+2	7.015523E+3
5.977716E+2	7.059671E+3
5.980266E+2	7.104785E+3
5.982816E+2	7.148430E+3
5.985367E+2	7.193304E+3
5.987917E+2	7.239545E+3
5.990467E+2	7.283496E+3
5.993016E+2	7.327457E+3
5.995566E+2	7.370720E+3
5.998116E+2	7.415217E+3
6.000665E+2	7.460135E+3
6.003215E+2	7.503720E+3
6.005764E+2	7.549507E+3
6.008314E+2	7.595419E+3
6.010863E+2	7.641146E+3
6.013412E+2	7.686496E+3
6.015961E+2	7.732692E+3
6.018510E+2	7.778266E+3
6.021059E+2	7.823130E+3
6.023608E+2	7.867829E+3
6.026157E+2	7.913463E+3
6.028706E+2	7.957998E+3
6.031254E+2	8.004529E+3
6.033803E+2	8.049736E+3
6.036351E+2	8.094851E+3
6.038900E+2	8.140955E+3
6.041448E+2	8.185534E+3
6.043996E+2	8.230818E+3
6.046544E+2	8.275069E+3
6.049092E+2	8.321376E+3
6.051640E+2	8.367998E+3
6.054188E+2	8.414561E+3
6.056736E+2	8.461168E+3
6.059283E+2	8.506709E+3
6.061831E+2	8.552091E+3
6.064378E+2	8.597605E+3
6.066926E+2	8.643425E+3
6.069473E+2	8.690102E+3
6.072021E+2	8.736228E+3
6.074568E+2	8.780780E+3
6.077115E+2	8.824343E+3
6.079662E+2	8.869632E+3
6.082209E+2	8.916545E+3
6.084756E+2	8.961195E+3
6.087302E+2	9.006829E+3
6.089849E+2	9.052485E+3
6.092396E+2	9.097873E+3
6.094942E+2	9.144173E+3
6.097489E+2	9.191059E+3
6.100035E+2	9.236255E+3
6.102581E+2	9.281304E+3
6.105127E+2	9.326539E+3
6.107674E+2	9.371589E+3
6.110220E+2	9.415758E+3
6.112766E+2	9.461436E+3
6.115311E+2	9.506501E+3
6.117857E+2	9.553376E+3
6.120403E+2	9.599545E+3
6.122948E+2	9.644550E+3
6.125494E+2	9.687862E+3
6.128039E+2	9.731212E+3
6.130585E+2	9.776015E+3
6.133130E+2	9.819026E+3
6.135675E+2	9.861906E+3
6.138220E+2	9.906381E+3
6.140765E+2	9.949796E+3
6.143310E+2	9.992184E+3
6.145855E+2	1.003529E+4
6.148400E+2	1.007865E+4
6.150945E+2	1.012222E+4
6.153489E+2	1.016634E+4
6.156034E+2	1.020750E+4
6.158578E+2	1.025145E+4
6.161123E+2	1.029336E+4
6.163667E+2	1.033479E+4
6.166211E+2	1.037685E+4
6.168755E+2	1.041895E+4
6.171299E+2	1.046071E+4
6.173843E+2	1.050184E+4
6.176387E+2	1.054277E+4
6.178931E+2	1.058406E+4
6.181474E+2	1.062617E+4
6.184018E+2	1.066852E+4
6.186561E+2	1.070882E+4
6.189105E+2	1.075050E+4
6.191648E+2	1.079201E+4
6.194191E+2	1.083158E+4
6.196735E+2	1.087247E+4
6.199278E+2	1.091370E+4
6.201821E+2	1.095528E+4
6.204364E+2	1.099474E+4
6.206907E+2	1.103230E+4
6.209449E+2	1.107048E+4
6.211992E+2	1.110932E+4
6.214535E+2	1.114614E+4
6.217077E+2	1.118656E+4
6.219619E+2	1.122521E+4
6.222162E+2	1.126316E+4
6.224704E+2	1.130026E+4
6.227246E+2	1.133750E+4
6.229788E+2	1.137580E+4
6.232330E+2	1.141468E+4
6.234872E+2	1.145287E+4
6.237414E+2	1.148780E+4
6.239956E+2	1.152277E+4
6.242498E+2	1.155807E+4
6.245039E+2	1.159287E+4
6.247581E+2	1.162901E+4
6.250122E+2	1.166163E+4
6.252663E+2	1.169565E+4
6.255205E+2	1.172916E+4
6.257746E+2	1.175973E+4
6.260287E+2	1.179201E+4
6.262828E+2	1.182314E+4
6.265369E+2	1.185652E+4
6.267910E+2	1.188656E+4
6.270450E+2	1.191589E+4
6.272991E+2	1.194418E+4
6.275532E+2	1.197292E+4
6.278072E+2	1.199961E+4
6.280613E+2	1.202697E+4
6.283153E+2	1.205236E+4
6.285693E+2	1.207850E+4
6.288233E+2	1.210359E+4
6.290773E+2	1.212845E+4
6.293313E+2	1.214999E+4
6.295853E+2	1.217292E+4
6.298393E+2	1.219460E+4
6.300933E+2	1.221402E+4
6.303472E+2	1.223371E+4
6.306012E+2	1.225258E+4
6.308551E+2	1.227093E+4
6.311091E+2	1.229006E+4
6.313630E+2	1.230808E+4
6.316169E+2	1.232439E+4
6.318709E+2	1.233861E+4
6.321248E+2	1.235121E+4
6.323787E+2	1.236337E+4
6.326326E+2	1.237455E+4
6.328864E+2	1.238573E+4
6.331403E+2	1.239636E+4
6.333942E+2	1.240510E+4
6.336480E+2	1.241263E+4
6.339019E+2	1.241806E+4
6.341557E+2	1.242454E+4
6.344095E+2	1.242873E+4
6.346634E+2	1.243229E+4
6.349172E+2	1.243407E+4
6.351710E+2	1.243494E+4
6.354248E+2	1.243523E+4
6.356786E+2	1.243373E+4
6.359324E+2	1.243352E+4
6.361861E+2	1.243152E+4
6.364399E+2	1.242879E+4
6.366936E+2	1.242168E+4
6.369474E+2	1.241986E+4
6.372011E+2	1.241129E+4
6.374549E+2	1.240535E+4
6.377086E+2	1.239700E+4
6.379623E+2	1.238664E+4
6.382160E+2	1.237487E+4
6.384697E+2	1.236054E+4
6.387234E+2	1.234770E+4
6.389771E+2	1.233254E+4
6.392307E+2	1.231768E+4
6.394844E+2	1.230280E+4
6.397380E+2	1.228582E+4
6.399917E+2	1.226862E+4
6.402453E+2	1.224912E+4
6.404990E+2	1.223010E+4
6.407526E+2	1.220788E+4
6.410062E+2	1.218406E+4
6.412598E+2	1.216268E+4
6.415134E+2	1.213792E+4
6.417670E+2	1.211464E+4
6.420206E+2	1.208779E+4
6.422741E+2	1.206261E+4
6.425277E+2	1.203700E+4
6.427812E+2	1.201054E+4
6.430348E+2	1.198209E+4
6.432883E+2	1.195516E+4
6.435418E+2	1.192562E+4
6.437954E+2	1.189618E+4
6.440489E+2	1.186656E+4
6.443024E+2	1.183473E+4
6.445559E+2	1.180250E+4
6.448094E+2	1.177174E+4
6.450628E+2	1.173642E+4
6.453163E+2	1.170298E+4
6.455698E+2	1.167069E+4
6.458232E+2	1.163692E+4
6.460767E+2	1.160194E+4
6.463301E+2	1.156698E+4
6.465835E+2	1.153055E+4
6.468369E+2	1.149248E+4
6.470903E+2	1.145467E+4
6.473437E+2	1.141848E+4
6.475971E+2	1.138236E+4
6.478505E+2	1.134589E+4
6.481039E+2	1.130887E+4
6.483573E+2	1.127087E+4
6.486106E+2	1.123192E+4
6.488640E+2	1.119431E+4
6.491173E+2	1.115649E+4
6.493706E+2	1.111801E+4
6.496240E+2	1.107772E+4
6.498773E+2	1.103960E+4
6.501306E+2	1.099947E+4
6.503839E+2	1.096255E+4
6.506372E+2	1.092417E+4
6.508905E+2	1.088477E+4
6.511437E+2	1.084604E+4
6.513970E+2	1.080540E+4
6.516503E+2	1.076637E+4
6.519035E+2	1.072697E+4
6.521567E+2	1.068899E+4
6.524100E+2	1.064797E+4
6.526632E+2	1.060978E+4
6.529164E+2	1.056975E+4
6.531696E+2	1.053051E+4
6.534228E+2	1.049256E+4
6.536760E+2	1.045422E+4
6.539292E+2	1.041717E+4
6.541824E+2	1.037873E+4
6.544355E+2	1.034014E+4
6.546887E+2	1.030158E+4
6.549418E+2	1.026389E+4
6.551950E+2	1.022645E+4
6.554481E+2	1.018805E+4
6.557012E+2	1.015000E+4
6.559543E+2	1.011207E+4
6.562074E+2	1.007394E+4
6.564605E+2	1.003825E+4
6.567136E+2	1.000256E+4
6.569667E+2	9.967348E+3
6.572198E+2	9.930403E+3
6.574728E+2	9.895168E+3
6.577259E+2	9.858736E+3
6.579789E+2	9.824386E+3
6.582319E+2	9.788534E+3
6.584850E+2	9.754927E+3
6.587380E+2	9.720731E+3
6.589910E+2	9.687747E+3
6.592440E+2	9.655015E+3
6.594970E+2	9.620938E+3
6.597500E+2	9.590490E+3
6.600030E+2	9.558135E+3
6.602559E+2	9.526616E+3
6.605089E+2	9.497758E+3
6.607618E+2	9.466605E+3
6.610148E+2	9.436774E+3
6.612677E+2	9.405031E+3
6.615206E+2	9.376064E+3
6.617736E+2	9.345829E+3
6.620265E+2	9.315141E+3
6.622794E+2	9.285501E+3
6.625323E+2	9.257436E+3
6.627851E+2	9.227867E+3
6.630380E+2	9.198824E+3
6.632909E+2	9.170643E+3
6.635437E+2	9.143064E+3
6.637966E+2	9.114556E+3
6.640494E+2	9.088195E+3
6.643023E+2	9.062906E+3
6.645551E+2	9.035146E+3
6.648079E+2	9.010255E+3
6.650607E+2	8.985900E+3
6.653135E+2	8.961392E+3
6.655663E+2	8.937321E+3
6.658191E+2	8.911600E+3
6.660718E+2	8.888616E+3
6.663246E+2	8.866326E+3
6.665774E+2	8.845244E+3
6.668301E+2	8.822332E+3
6.670828E+2	8.801359E+3
6.673356E+2	8.779048E+3
6.675883E+2	8.757627E+3
6.678410E+2	8.736884E+3
6.680937E+2	8.715496E+3
6.683464E+2	8.694479E+3
6.685991E+2	8.674665E+3
6.688518E+2	8.654059E+3
6.691044E+2	8.633862E+3
6.693571E+2	8.614425E+3
6.696098E+2	8.594365E+3
6.698624E+2	8.574654E+3
6.701150E+2	8.555971E+3
6.703677E+2	8.536747E+3
6.706203E+2	8.516900E+3
6.708729E+2	8.498168E+3
6.711255E+2	8.479162E+3
6.713781E+2	8.461703E+3
6.716307E+2	8.445600E+3
6.718832E+2	8.428419E+3
6.721358E+2	8.409539E+3
6.723884E+2	8.392594E+3
6.726409E+2	8.376201E+3
6.728935E+2	8.359397E+3
6.731460E+2	8.345589E+3
6.733985E+2	8.330315E+3
6.736510E+2	8.316343E+3
6.739035E+2	8.302146E+3
6.741560E+2	8.289261E+3
6.744085E+2	8.275791E+3
6.746610E+2	8.262632E+3
6.749135E+2	8.249780E+3
6.751660E+2	8.237376E+3
6.754184E+2	8.225217E+3
6.756709E+2	8.212988E+3
6.759233E+2	8.200244E+3
6.761757E+2	8.189168E+3
6.764282E+2	8.177315E+3
6.766806E+2	8.167053E+3
6.769330E+2	8.154856E+3
6.771854E+2	8.143026E+3
6.774378E+2	8.131736E+3
6.776901E+2	8.119791E+3
6.779425E+2	8.106671E+3
6.781949E+2	8.095507E+3
6.784472E+2	8.084955E+3
6.786996E+2	8.073479E+3
6.789519E+2	8.062589E+3
6.792042E+2	8.052638E+3
6.794566E+2	8.041949E+3
6.797089E+2	8.029758E+3
6.799612E+2	8.020796E+3
6.802135E+2	8.010676E+3
6.804657E+2	8.000512E+3
6.807180E+2	7.990113E+3
6.809703E+2	7.981403E+3
6.812226E+2	7.974916E+3
6.814748E+2	7.965157E+3
6.817270E+2	7.956086E+3
6.819793E+2	7.945698E+3
6.822315E+2	7.937977E+3
6.824837E+2	7.929474E+3
6.827359E+2	7.923113E+3
6.829881E+2	7.916742E+3
6.832403E+2	7.909665E+3
6.834925E+2	7.902785E+3
6.837447E+2	7.894856E+3
6.839968E+2	7.886813E+3
6.842490E+2	7.878288E+3
6.845011E+2	7.869862E+3
6.847533E+2	7.860080E+3
6.850054E+2	7.851791E+3
6.852575E+2	7.842813E+3
6.855097E+2	7.833463E+3
6.857618E+2	7.825075E+3
6.860139E+2	7.815332E+3
6.862659E+2	7.806791E+3
6.865180E+2	7.797436E+3
6.867701E+2	7.786703E+3
6.870222E+2	7.777529E+3
6.872742E+2	7.768774E+3
6.875263E+2	7.761403E+3
6.877783E+2	7.753916E+3
6.880303E+2	7.745605E+3
6.882823E+2	7.738763E+3
6.885343E+2	7.731130E+3
6.887864E+2	7.723015E+3
6.890383E+2	7.716332E+3
6.892903E+2	7.708518E+3
6.895423E+2	7.700414E+3
6.897943E+2	7.694430E+3
6.900462E+2	7.687911E+3
6.902982E+2	7.681556E+3
6.905501E+2	7.673048E+3
6.908021E+2	7.666550E+3
6.910540E+2	7.658529E+3
6.913059E+2	7.651507E+3
6.915578E+2	7.642512E+3
6.918097E+2	7.633583E+3
6.920616E+2	7.624321E+3
6.923135E+2	7.614255E+3
6.925654E+2	7.604610E+3
6.928172E+2	7.595605E+3
6.930691E+2	7.585304E+3
6.933209E+2	7.575228E+3
6.935728E+2	7.565091E+3
6.938246E+2	7.554157E+3
6.940764E+2	7.542949E+3
6.943282E+2	7.531359E+3
6.945800E+2	7.520113E+3
6.948318E+2	7.508676E+3
6.950836E+2	7.497272E+3
6.953354E+2	7.484895E+3
6.955872E+2	7.472895E+3
6.958389E+2	7.461807E+3
6.960907E+2	7.451463E+3
6.963424E+2	7.439840E+3
6.965942E+2	7.427168E+3
6.968459E+2	7.416927E+3
6.970976E+2	7.406682E+3
6.973493E+2	7.396441E+3
6.976010E+2	7.386239E+3
6.978527E+2	7.376053E+3
6.981044E+2	7.364665E+3
6.983561E+2	7.354370E+3
6.986077E+2	7.342638E+3
6.988594E+2	7.331578E+3
6.991110E+2	7.320906E+3
6.993627E+2	7.310064E+3
6.996143E+2	7.299212E+3
6.998659E+2	7.288507E+3
7.001175E+2	7.277277E+3
7.003692E+2	7.264266E+3
7.006207E+2	7.251009E+3
7.008723E+2	7.236889E+3
7.011239E+2	7.222550E+3
7.013755E+2	7.209758E+3
7.016271E+2	7.194485E+3
7.018786E+2	7.179911E+3
7.021302E+2	7.165605E+3
7.023817E+2	7.150201E+3
7.026332E+2	7.135064E+3
7.028847E+2	7.119785E+3
7.031362E+2	7.103507E+3
7.033878E+2	7.087512E+3
7.036392E+2	7.070988E+3
7.038907E+2	7.054572E+3
7.041422E+2	7.037381E+3
7.043937E+2	7.020102E+3
7.046451E+2	7.004009E+3
7.048966E+2	6.988080E+3
7.051480E+2	6.971069E+3
7.053995E+2	6.954676E+3
7.056509E+2	6.939146E+3
7.059023E+2	6.925075E+3
7.061537E+2	6.910124E+3
7.064051E+2	6.896239E+3
7.066565E+2	6.881490E+3
7.069079E+2	6.867867E+3
7.071593E+2	6.854141E+3
7.074106E+2	6.841255E+3
7.076620E+2	6.828753E+3
7.079133E+2	6.814982E+3
7.081647E+2	6.801911E+3
7.084160E+2	6.790545E+3
7.086673E+2	6.779692E+3
7.089186E+2	6.766561E+3
7.091699E+2	6.753452E+3
7.094212E+2	6.741064E+3
7.096725E+2	6.726621E+3
7.099238E+2	6.712261E+3
7.101751E+2	6.697589E+3
7.104263E+2	6.683048E+3
7.106776E+2	6.667392E+3
7.109288E+2	6.651643E+3
7.111800E+2	6.634507E+3
7.114313E+2	6.616955E+3
7.116825E+2	6.599162E+3
7.119337E+2	6.581621E+3
7.121849E+2	6.562304E+3
7.124361E+2	6.542457E+3
7.126873E+2	6.524288E+3
7.129384E+2	6.506179E+3
7.131896E+2	6.488539E+3
7.134408E+2	6.471184E+3
7.136919E+2	6.452889E+3
7.139430E+2	6.437113E+3
7.141942E+2	6.421791E+3
7.144453E+2	6.407698E+3
7.146964E+2	6.394113E+3
7.149475E+2	6.382468E+3
7.151986E+2	6.371818E+3
7.154497E+2	6.362370E+3
7.157008E+2	6.352856E+3
7.159518E+2	6.345452E+3
7.162029E+2	6.338567E+3
7.164540E+2	6.332763E+3
7.167050E+2	6.325376E+3
7.169560E+2	6.320173E+3
7.172071E+2	6.313403E+3
7.174581E+2	6.306649E+3
7.177091E+2	6.299518E+3
7.179601E+2	6.291643E+3
7.182111E+2	6.282927E+3
7.184621E+2	6.273250E+3
7.187130E+2	6.263201E+3
7.189640E+2	6.251911E+3
7.192150E+2	6.238709E+3
7.194659E+2	6.226485E+3
7.197169E+2	6.211600E+3
7.199678E+2	6.197294E+3
7.202187E+2	6.182146E+3
7.204696E+2	6.167184E+3
7.207205E+2	6.151927E+3
7.209714E+2	6.137621E+3
7.212223E+2	6.123277E+3
7.214732E+2	6.109479E+3
7.217241E+2	6.098037E+3
7.219749E+2	6.087539E+3
7.222258E+2	6.078343E+3
7.224766E+2	6.072736E+3
7.227274E+2	6.069141E+3
7.229783E+2	6.067884E+3
7.232291E+2	6.069370E+3
7.234799E+2	6.071813E+3
7.237307E+2	6.075425E+3
7.239815E+2	6.080900E+3
7.242323E+2	6.088660E+3
7.244830E+2	6.096304E+3
7.247338E+2	6.104015E+3
7.249846E+2	6.113605E+3
7.252353E+2	6.123550E+3
7.254861E+2	6.133173E+3
7.257368E+2	6.141632E+3
7.259875E+2	6.151168E+3
7.262382E+2	6.158583E+3
7.264889E+2	6.165321E+3
7.267396E+2	6.171769E+3
7.269903E+2	6.178856E+3
7.272410E+2	6.184299E+3
7.274917E+2	6.189518E+3
7.277423E+2	6.193288E+3
7.279930E+2	6.196441E+3
7.282436E+2	6.200244E+3
7.284942E+2	6.201802E+3
7.287449E+2	6.203993E+3
7.289955E+2	6.208277E+3
7.292461E+2	6.211835E+3
7.294967E+2	6.216299E+3
7.297473E+2	6.221048E+3
7.299979E+2	6.225545E+3
7.302484E+2	6.229441E+3
7.304990E+2	6.232944E+3
7.307496E+2	6.238496E+3
7.310001E+2	6.246075E+3
7.312507E+2	6.255714E+3
7.315012E+2	6.267605E+3
7.317517E+2	6.281851E+3
7.320022E+2	6.302348E+3
7.322527E+2	6.326906E+3
7.325032E+2	6.357807E+3
7.327537E+2	6.393692E+3
7.330042E+2	6.430845E+3
7.332547E+2	6.469529E+3
7.335051E+2	6.511523E+3
7.337556E+2	6.557578E+3
7.340060E+2	6.611714E+3
7.342564E+2	6.676692E+3
7.345069E+2	6.746304E+3
7.347573E+2	6.811982E+3
7.350077E+2	6.870671E+3
7.352581E+2	6.917840E+3
7.355085E+2	6.963796E+3
7.357589E+2	7.023015E+3
7.360092E+2	7.103621E+3
7.362596E+2	7.204037E+3
7.365100E+2	7.315895E+3
7.367603E+2	7.424998E+3
7.370106E+2	7.524867E+3
7.372610E+2	7.610523E+3
7.375113E+2	7.690949E+3
7.377616E+2	7.766895E+3
7.380119E+2	7.847392E+3
7.382622E+2	7.936982E+3
7.385125E+2	8.034080E+3
7.387628E+2	8.136408E+3
7.390130E+2	8.241447E+3
7.392633E+2	8.351529E+3
7.395135E+2	8.468370E+3
7.397638E+2	8.593031E+3
7.400140E+2	8.726616E+3
7.402642E+2	8.870381E+3
7.405144E+2	9.018534E+3
7.407647E+2	9.167343E+3
7.410149E+2	9.315982E+3
7.412650E+2	9.454059E+3
7.415152E+2	9.583649E+3
7.417654E+2	9.714889E+3
7.420156E+2	9.853015E+3
7.422657E+2	1.000038E+4
7.425159E+2	1.014865E+4
7.427660E+2	1.028381E+4
7.430161E+2	1.040075E+4
7.432662E+2	1.050480E+4
7.435164E+2	1.063515E+4
7.437665E+2	1.079283E+4
7.440165E+2	1.095033E+4
7.442666E+2	1.110593E+4
7.445167E+2	1.126115E+4
7.447668E+2	1.141507E+4
7.450168E+2	1.156786E+4
7.452669E+2	1.171147E+4
7.455169E+2	1.183799E+4
7.457669E+2	1.195334E+4
7.460170E+2	1.206234E+4
7.462670E+2	1.217624E+4
7.465170E+2	1.229651E+4
7.467670E+2	1.243084E+4
7.470170E+2	1.257272E+4
7.472670E+2	1.270988E+4
7.475169E+2	1.284280E+4
7.477669E+2	1.297068E+4
7.480168E+2	1.309435E+4
7.482668E+2	1.321685E+4
7.485167E+2	1.333876E+4
7.487666E+2	1.345770E+4
7.490166E+2	1.357295E+4
7.492665E+2	1.365798E+4
7.495164E+2	1.372289E+4
7.497663E+2	1.377621E+4
7.500161E+2	1.382376E+4
7.502660E+2	1.386697E+4
7.505159E+2	1.390996E+4
7.507657E+2	1.395114E+4
7.510156E+2	1.398255E+4
7.512654E+2	1.399689E+4
7.515152E+2	1.399091E+4
7.517651E+2	1.397389E+4
7.520149E+2	1.396178E+4
7.522647E+2	1.396470E+4
7.525145E+2	1.399075E+4
7.527643E+2	1.402607E+4
7.530140E+2	1.406073E+4
7.532638E+2	1.408047E+4
7.535136E+2	1.408004E+4
7.537633E+2	1.406753E+4
7.540131E+2	1.405733E+4
7.542628E+2	1.406433E+4
7.545125E+2	1.408604E+4
7.547622E+2	1.411470E+4
7.550119E+2	1.413757E+4
7.552616E+2	1.414888E+4
7.555113E+2	1.414688E+4
7.557610E+2	1.413654E+4
7.560107E+2	1.411536E+4
7.562603E+2	1.408112E+4
7.565100E+2	1.404144E+4
7.567596E+2	1.400242E+4
7.570093E+2	1.395217E+4
7.572589E+2	1.388195E+4
7.575085E+2	1.378641E+4
7.577581E+2	1.367547E+4
7.580077E+2	1.356735E+4
7.582573E+2	1.346842E+4
7.585069E+2	1.336944E+4
7.587565E+2	1.323189E+4
7.590060E+2	1.305938E+4
7.592556E+2	1.288568E+4
7.595051E+2	1.271220E+4
7.597547E+2	1.254206E+4
7.600042E+2	1.237589E+4
7.602537E+2	1.221117E+4
7.605032E+2	1.205877E+4
7.607527E+2	1.192683E+4
7.610022E+2	1.180836E+4
7.612517E+2	1.169551E+4
7.615012E+2	1.157921E+4
7.617507E+2	1.145463E+4
7.620001E+2	1.131401E+4
7.622496E+2	1.115994E+4
7.624990E+2	1.100322E+4
7.627485E+2	1.084382E+4
7.629979E+2	1.068207E+4
7.632473E+2	1.052220E+4
7.634967E+2	1.036382E+4
7.637461E+2	1.020746E+4
7.639955E+2	1.005499E+4
7.642449E+2	9.906168E+3
7.644942E+2	9.781944E+3
7.647436E+2	9.667911E+3
7.649930E+2	9.559337E+3
7.652423E+2	9.460856E+3
7.654916E+2	9.375206E+3
7.657410E+2	9.300015E+3
7.659903E+2	9.228031E+3
7.662396E+2	9.152660E+3
7.664889E+2	9.074157E+3
7.667382E+2	8.994753E+3
7.669875E+2	8.915414E+3
7.672367E+2	8.834119E+3
7.674860E+2	8.745529E+3
7.677353E+2	8.647206E+3
7.679845E+2	8.544682E+3
7.682337E+2	8.444255E+3
7.684830E+2	8.351294E+3
7.687322E+2	8.267955E+3
7.689814E+2	8.187698E+3
7.692306E+2	8.099676E+3
7.694798E+2	7.992392E+3
7.697290E+2	7.864075E+3
7.699782E+2	7.720304E+3
7.702273E+2	7.571649E+3
7.704765E+2	7.424053E+3
7.707256E+2	7.278496E+3
7.709748E+2	7.139927E+3
7.712239E+2	7.017665E+3
7.714730E+2	6.916288E+3
7.717222E+2	6.835927E+3
7.719713E+2	6.765884E+3
7.722204E+2	6.705671E+3
7.724694E+2	6.658698E+3
7.727185E+2	6.630583E+3
7.729676E+2	6.620266E+3
7.732167E+2	6.622217E+3
7.734657E+2	6.633365E+3
7.737147E+2	6.653354E+3
7.739638E+2	6.679960E+3
7.742128E+2	6.707550E+3
7.744618E+2	6.729069E+3
7.747108E+2	6.743250E+3
7.749598E+2	6.748053E+3
7.752088E+2	6.744266E+3
7.754578E+2	6.735365E+3
7.757068E+2	6.719714E+3
7.759557E+2	6.697867E+3
7.762047E+2	6.671496E+3
7.764536E+2	6.640097E+3
7.767026E+2	6.601244E+3
7.769515E+2	6.558496E+3
7.772004E+2	6.513151E+3
7.774493E+2	6.469392E+3
7.776982E+2	6.426884E+3
7.779471E+2	6.388698E+3
7.781960E+2	6.356212E+3
7.784449E+2	6.324605E+3
7.786938E+2	6.295108E+3
7.789426E+2	6.266414E+3
7.791915E+2	6.236239E+3
7.794403E+2	6.204835E+3
7.796891E+2	6.173097E+3
7.799380E+2	6.140261E+3
7.801868E+2	6.109299E+3
7.804356E+2	6.076818E+3
7.806844E+2	6.042097E+3
7.809332E+2	6.006769E+3
7.811819E+2	5.970862E+3
7.814307E+2	5.935201E+3
7.816795E+2	5.900944E+3
7.819282E+2	5.868102E+3
7.821770E+2	5.837802E+3
7.824257E+2	5.809457E+3
7.826744E+2	5.782086E+3
7.829231E+2	5.756201E+3
7.831718E+2	5.731233E+3
7.834205E+2	5.706682E+3
7.836692E+2	5.682304E+3
7.839179E+2	5.657212E+3
7.841666E+2	5.629179E+3
7.844152E+2	5.597567E+3
7.846639E+2	5.560742E+3
7.849125E+2	5.519529E+3
7.851612E+2	5.475922E+3
7.854098E+2	5.430862E+3
7.856584E+2	5.383441E+3
7.859070E+2	5.334414E+3
7.861556E+2	5.278933E+3
7.864042E+2	5.216463E+3
7.866528E+2	5.146146E+3
7.869014E+2	5.070080E+3
7.871499E+2	4.993053E+3
7.873985E+2	4.918004E+3
7.876470E+2	4.842053E+3
7.878956E+2	4.763370E+3
7.881441E+2	4.682452E+3
7.883926E+2	4.601042E+3
7.886411E+2	4.520457E+3
7.888896E+2	4.443867E+3
7.891381E+2	4.371348E+3
7.893866E+2	4.306731E+3
7.896351E+2	4.248452E+3
7.898835E+2	4.196780E+3
7.901320E+2	4.150736E+3
7.903804E+2	4.109529E+3
7.906289E+2	4.072272E+3
7.908773E+2	4.039742E+3
7.911257E+2	4.010594E+3
7.913742E+2	3.984228E+3
7.916226E+2	3.962102E+3
7.918709E+2	3.944632E+3
7.921193E+2	3.930922E+3
7.923677E+2	3.919233E+3
7.926161E+2	3.908370E+3
7.928644E+2	3.898720E+3
7.931128E+2	3.886119E+3
7.933611E+2	3.869146E+3
7.936095E+2	3.847714E+3
7.938578E+2	3.821709E+3
7.941061E+2	3.791927E+3
7.943544E+2	3.758468E+3
7.946027E+2	3.722698E+3
7.948510E+2	3.685075E+3
7.950993E+2	3.648425E+3
7.953475E+2	3.613485E+3
7.955958E+2	3.580807E+3
7.958440E+2	3.551370E+3
7.960923E+2	3.525747E+3
7.963405E+2	3.502190E+3
7.965887E+2	3.479796E+3
7.968370E+2	3.457627E+3
7.970852E+2	3.435403E+3
7.973334E+2	3.411638E+3
7.975816E+2	3.386206E+3
7.978297E+2	3.361059E+3
7.980779E+2	3.335376E+3
7.983261E+2	3.309075E+3
7.985742E+2	3.283381E+3
7.988224E+2	3.257572E+3
7.990705E+2	3.233124E+3
7.993186E+2	3.211600E+3
7.995668E+2	3.192321E+3
7.998149E+2	3.176337E+3
8.000630E+2	3.165627E+3
8.003111E+2	3.157993E+3
8.005591E+2	3.154867E+3
8.008072E+2	3.156457E+3
8.010553E+2	3.160184E+3
8.013033E+2	3.166671E+3
8.015514E+2	3.174184E+3
8.017994E+2	3.183359E+3
8.020474E+2	3.192873E+3
8.022955E+2	3.201709E+3
8.025435E+2	3.210113E+3
8.027915E+2	3.217949E+3
8.030395E+2	3.226337E+3
8.032874E+2	3.234649E+3
8.035354E+2	3.242906E+3
8.037834E+2	3.251430E+3
8.040313E+2	3.259173E+3
8.042793E+2	3.268769E+3
8.045272E+2	3.278813E+3
8.047752E+2	3.290780E+3
8.050231E+2	3.304490E+3
8.052710E+2	3.321583E+3
8.055189E+2	3.340649E+3
8.057668E+2	3.362534E+3
8.060147E+2	3.387337E+3
8.062625E+2	3.414944E+3
8.065104E+2	3.446376E+3
8.067583E+2	3.481884E+3
8.070061E+2	3.522654E+3
8.072540E+2	3.568135E+3
8.075018E+2	3.618818E+3
8.077496E+2	3.673895E+3
8.079974E+2	3.732709E+3
8.082452E+2	3.793840E+3
8.084930E+2	3.856780E+3
8.087408E+2	3.923108E+3
8.089886E+2	3.990518E+3
8.092364E+2	4.060080E+3
8.094841E+2	4.133244E+3
8.097319E+2	4.210638E+3
8.099796E+2	4.290933E+3
8.102273E+2	4.376108E+3
8.104751E+2	4.464212E+3
8.107228E+2	4.557113E+3
8.109705E+2	4.654731E+3
8.112182E+2	4.755960E+3
8.114659E+2	4.863315E+3
8.117135E+2	4.976359E+3
8.119612E+2	5.094692E+3
8.122089E+2	5.217638E+3
8.124565E+2	5.344447E+3
8.127042E+2	5.471523E+3
8.129518E+2	5.596080E+3
8.131994E+2	5.714157E+3
8.134470E+2	5.824223E+3
8.136946E+2	5.921742E+3
8.139422E+2	6.003195E+3
8.141898E+2	6.067457E+3
8.144374E+2	6.115523E+3
8.146850E+2	6.147332E+3
8.149325E+2	6.166884E+3
8.151801E+2	6.175643E+3
8.154276E+2	6.177632E+3
8.156752E+2	6.174955E+3
8.159227E+2	6.169966E+3
8.161702E+2	6.164348E+3
8.164177E+2	6.158157E+3
8.166652E+2	6.151397E+3
8.169127E+2	6.145376E+3
8.171602E+2	6.139195E+3
8.174077E+2	6.134567E+3
8.176551E+2	6.131184E+3
8.179026E+2	6.130692E+3
8.181500E+2	6.132507E+3
8.183975E+2	6.138523E+3
8.186449E+2	6.147299E+3
8.188923E+2	6.162447E+3
8.191397E+2	6.184233E+3
8.193871E+2	6.211441E+3
8.196345E+2	6.245643E+3
8.198819E+2	6.285026E+3
8.201293E+2	6.331479E+3
8.203766E+2	6.379332E+3
8.206240E+2	6.430042E+3
8.208713E+2	6.479550E+3
8.211187E+2	6.525556E+3
8.213660E+2	6.566310E+3
8.216133E+2	6.597146E+3
8.218606E+2	6.619452E+3
8.221079E+2	6.629255E+3
8.223552E+2	6.625315E+3
8.226025E+2	6.608534E+3
8.228498E+2	6.580201E+3
8.230970E+2	6.540091E+3
8.233443E+2	6.490742E+3
8.235915E+2	6.434474E+3
8.238388E+2	6.371190E+3
8.240860E+2	6.302425E+3
8.243332E+2	6.227583E+3
8.245804E+2	6.146397E+3
8.248276E+2	6.058605E+3
8.250748E+2	5.966026E+3
8.253220E+2	5.866425E+3
8.255692E+2	5.761534E+3
8.258163E+2	5.649004E+3
8.260635E+2	5.529277E+3
8.263106E+2	5.402135E+3
8.265578E+2	5.266042E+3
8.268049E+2	5.121982E+3
8.270520E+2	4.969457E+3
8.272991E+2	4.810009E+3
8.275462E+2	4.644479E+3
8.277933E+2	4.477168E+3
8.280404E+2	4.310578E+3
8.282875E+2	4.148862E+3
8.285345E+2	3.994212E+3
8.287816E+2	3.850468E+3
8.290287E+2	3.723337E+3
8.292757E+2	3.612610E+3
8.295227E+2	3.517512E+3
8.297697E+2	3.438594E+3
8.300168E+2	3.372594E+3
8.302638E+2	3.316534E+3
8.305107E+2	3.268064E+3
8.307577E+2	3.223878E+3
8.310047E+2	3.181785E+3
8.312517E+2	3.140774E+3
8.314986E+2	3.100922E+3
8.317456E+2	3.062512E+3
8.319925E+2	3.023796E+3
8.322394E+2	2.985059E+3
8.324864E+2	2.945988E+3
8.327333E+2	2.905960E+3
8.329802E+2	2.863731E+3
8.332271E+2	2.819119E+3
8.334740E+2	2.769955E+3
8.337208E+2	2.717638E+3
8.339677E+2	2.658966E+3
8.342146E+2	2.593927E+3
8.344614E+2	2.521977E+3
8.347082E+2	2.442359E+3
8.349551E+2	2.356233E+3
8.352019E+2	2.261419E+3
8.354487E+2	2.161998E+3
8.356955E+2	2.057818E+3
8.359423E+2	1.951091E+3
8.361891E+2	1.843802E+3
8.364359E+2	1.737867E+3
8.366826E+2	1.637255E+3
8.369294E+2	1.539758E+3
8.371761E+2	1.449463E+3
8.374229E+2	1.366971E+3
8.376696E+2	1.293059E+3
8.379163E+2	1.225862E+3
8.381630E+2	1.166895E+3
8.384097E+2	1.115889E+3
8.386564E+2	1.070589E+3
8.389031E+2	1.030130E+3
8.391498E+2	9.944629E+2
8.393965E+2	9.633263E+2
8.396431E+2	9.359766E+2
8.398898E+2	9.118782E+2
8.401364E+2	8.897088E+2
8.403830E+2	8.696323E+2
8.406297E+2	8.507307E+2
8.408763E+2	8.332717E+2
8.411229E+2	8.165558E+2
8.413695E+2	8.010422E+2
8.416161E+2	7.865504E+2
8.418626E+2	7.726214E+2
8.421092E+2	7.591460E+2
8.423558E+2	7.457416E+2
8.426023E+2	7.329220E+2
8.428489E+2	7.202006E+2
8.430954E+2	7.073263E+2
8.433419E+2	6.950476E+2
8.435884E+2	6.828673E+2
8.438349E+2	6.711733E+2
8.440814E+2	6.595613E+2
8.443279E+2	6.479875E+2
8.445744E+2	6.366706E+2
8.448208E+2	6.258946E+2
8.450673E+2	6.148618E+2
8.453138E+2	6.037526E+2
8.455602E+2	5.923482E+2
8.458066E+2	5.810367E+2
8.460530E+2	5.691515E+2
8.462995E+2	5.572280E+2
8.465459E+2	5.450750E+2
8.467923E+2	5.326651E+2
8.470386E+2	5.201460E+2
8.472850E+2	5.077198E+2
8.475314E+2	4.952826E+2
8.477777E+2	4.827635E+2
8.480241E+2	4.700968E+2
8.482704E+2	4.577252E+2
8.485168E+2	4.456870E+2
8.487631E+2	4.335176E+2
8.490094E+2	4.211405E+2
8.492557E+2	4.089547E+2
8.495020E+2	3.971624E+2
8.497483E+2	3.856815E+2
8.499946E+2	3.740586E+2
8.502408E+2	3.628509E+2
8.504871E+2	3.520422E+2
8.507333E+2	3.407908E+2
8.509796E+2	3.297963E+2
8.512258E+2	3.191952E+2
8.514720E+2	3.087853E+2
8.517182E+2	2.983700E+2
8.519644E+2	2.887471E+2
8.522106E+2	2.792280E+2
8.524568E+2	2.702061E+2
8.527030E+2	2.611569E+2
8.529492E+2	2.530149E+2
8.531953E+2	2.446542E+2
8.534415E+2	2.366651E+2
8.536876E+2	2.289547E+2
8.539337E+2	2.216924E+2
8.541799E+2	2.148618E+2
8.544260E+2	2.083209E+2
8.546721E+2	2.022061E+2
8.549182E+2	1.958291E+2
8.551643E+2	1.900804E+2
8.554103E+2	1.842444E+2
8.556564E+2	1.789056E+2
8.559024E+2	1.739657E+2
8.561485E+2	1.690914E+2
8.563945E+2	1.643755E+2
8.566406E+2	1.599383E+2
8.568866E+2	1.557744E+2
8.571326E+2	1.516979E+2
8.573786E+2	1.479602E+2
8.576246E+2	1.445394E+2
8.578706E+2	1.413810E+2
8.581166E+2	1.386378E+2
8.583625E+2	1.358837E+2
8.586085E+2	1.329875E+2
8.588544E+2	1.299493E+2
8.591004E+2	1.271952E+2
8.593463E+2	1.246378E+2
8.595922E+2	1.223373E+2
8.598381E+2	1.198017E+2
8.600840E+2	1.174739E+2
8.603299E+2	1.152881E+2
8.605758E+2	1.131077E+2
8.608217E+2	1.107853E+2
8.610675E+2	1.089220E+2
8.613134E+2	1.068400E+2
8.615592E+2	1.049110E+2
8.618051E+2	1.027853E+2
8.620509E+2	1.003755E+2
8.622967E+2	9.845201E+1
8.625425E+2	9.628808E+1
8.627883E+2	9.399299E+1
8.630341E+2	9.209135E+1
8.632799E+2	8.993835E+1
8.635257E+2	8.796021E+1
8.637715E+2	8.611868E+1
8.640172E+2	8.421704E+1
8.642630E+2	8.268698E+1
8.645087E+2	8.112414E+1
8.647544E+2	7.921157E+1
8.650001E+2	7.769791E+1
8.652459E+2	7.596021E+1
8.654916E+2	7.452851E+1
8.657372E+2	7.308043E+1
8.659829E+2	7.193288E+1
8.662286E+2	7.047387E+1
8.664743E+2	6.917332E+1
8.667199E+2	6.773070E+1
8.669656E+2	6.653398E+1
8.672112E+2	6.538097E+1
8.674568E+2	6.442469E+1
8.677024E+2	6.316786E+1
8.679481E+2	6.186731E+1
8.681937E+2	6.077988E+1
8.684392E+2	5.959955E+1
8.686848E+2	5.861048E+1
8.689304E+2	5.757223E+1
8.691760E+2	5.662141E+1
8.694215E+2	5.580174E+1
8.696671E+2	5.471431E+1
8.699126E+2	5.403671E+1
8.701581E+2	5.340829E+1
8.704036E+2	5.289463E+1
8.706491E+2	5.200392E+1
8.708946E+2	5.089463E+1
8.711401E+2	5.022797E+1
8.713856E+2	4.967605E+1
8.716311E+2	4.898207E+1
8.718766E+2	4.813507E+1
8.721220E+2	4.730993E+1
8.723674E+2	4.644655E+1
8.726129E+2	4.571431E+1
8.728583E+2	4.498753E+1
8.731037E+2	4.411868E+1
8.733491E+2	4.340829E+1
8.735945E+2	4.283452E+1
8.738399E+2	4.247933E+1
8.740853E+2	4.209135E+1
8.743307E+2	4.162141E+1
8.745760E+2	4.082360E+1
8.748214E+2	4.018425E+1
8.750667E+2	3.999299E+1
8.753121E+2	3.921704E+1
8.755574E+2	3.849026E+1
8.758027E+2	3.774709E+1
8.760480E+2	3.721704E+1
8.762933E+2	3.651758E+1
8.765386E+2	3.569245E+1
8.767839E+2	3.482906E+1
8.770291E+2	3.432633E+1
8.772744E+2	3.351758E+1
8.775196E+2	3.309135E+1
8.777649E+2	3.266513E+1
8.780101E+2	3.222797E+1
8.782553E+2	3.191649E+1
8.785006E+2	3.109682E+1
8.787458E+2	3.050119E+1
8.789910E+2	2.997114E+1
8.792361E+2	2.962141E+1
8.794813E+2	2.898753E+1
8.797265E+2	2.845201E+1
8.799717E+2	2.807496E+1
8.802168E+2	2.777988E+1
8.804619E+2	2.705857E+1
8.807071E+2	2.653398E+1
8.809522E+2	2.597660E+1
8.811973E+2	2.535365E+1
8.814424E+2	2.491649E+1
8.816875E+2	2.464873E+1
8.819326E+2	2.437551E+1
8.821777E+2	2.392196E+1
8.824227E+2	2.340283E+1
8.826678E+2	2.349573E+1
8.829128E+2	2.334272E+1
8.831579E+2	2.277988E+1
8.834029E+2	2.242469E+1
8.836479E+2	2.226075E+1
8.838929E+2	2.225529E+1
8.841379E+2	2.199846E+1
8.843829E+2	2.159955E+1
8.846279E+2	2.139190E+1
8.848729E+2	2.112414E+1
8.851179E+2	2.092196E+1
8.853628E+2	2.040283E+1
8.856078E+2	2.000939E+1
8.858527E+2	1.973616E+1
8.860976E+2	1.961048E+1
8.863425E+2	1.924982E+1
8.865875E+2	1.901485E+1
8.868324E+2	1.889463E+1
8.870772E+2	1.898207E+1
8.873221E+2	1.906950E+1
8.875670E+2	1.881267E+1
8.878119E+2	1.870884E+1
8.880567E+2	1.853398E+1
8.883016E+2	1.818972E+1
8.885464E+2	1.793835E+1
8.887912E+2	1.769245E+1
8.890360E+2	1.728808E+1
8.892809E+2	1.725529E+1
8.895257E+2	1.705310E+1
8.897704E+2	1.702032E+1
8.900152E+2	1.638097E+1
8.902600E+2	1.593288E+1
8.905048E+2	1.583452E+1
8.907495E+2	1.571431E+1
8.909943E+2	1.528808E+1
8.912390E+2	1.506403E+1
8.914837E+2	1.516239E+1
8.917284E+2	1.530447E+1
8.919731E+2	1.531540E+1
8.922178E+2	1.534272E+1
8.924625E+2	1.522797E+1
8.927072E+2	1.522250E+1
8.929519E+2	1.499299E+1
8.931965E+2	1.483999E+1
8.934412E+2	1.488917E+1
8.936858E+2	1.487278E+1
8.939305E+2	1.490010E+1
8.941751E+2	1.456676E+1
8.944197E+2	1.462687E+1
8.946643E+2	1.454491E+1
8.949089E+2	1.453398E+1
8.951535E+2	1.450666E+1
8.953981E+2	1.451758E+1
8.956426E+2	1.456130E+1
8.958872E+2	1.444655E+1
8.961317E+2	1.442469E+1
8.963763E+2	1.432086E+1
8.966208E+2	1.414054E+1
8.968653E+2	1.396021E+1
8.971098E+2	1.393288E+1
8.973543E+2	1.397660E+1
8.975988E+2	1.356130E+1
8.978433E+2	1.347933E+1
8.980878E+2	1.382360E+1
8.983323E+2	1.403671E+1
8.985767E+2	1.397660E+1
8.988212E+2	1.384545E+1
8.990656E+2	1.388917E+1
8.993100E+2	1.398207E+1
8.995545E+2	1.407496E+1
8.997989E+2	1.397660E+1
9.000433E+2	1.353944E+1
9.002877E+2	1.331540E+1
9.005320E+2	1.328261E+1
9.007764E+2	1.328261E+1
9.010208E+2	1.334272E+1
9.012651E+2	1.320611E+1
9.015095E+2	1.308589E+1
9.017538E+2	1.294928E+1
9.019981E+2	1.261048E+1
9.022425E+2	1.250666E+1
9.024868E+2	1.261595E+1
9.027311E+2	1.242469E+1
9.029754E+2	1.245748E+1
9.032196E+2	1.253398E+1
9.034639E+2	1.261595E+1
9.037082E+2	1.238644E+1
9.039524E+2	1.264873E+1
9.041967E+2	1.226075E+1
9.044409E+2	1.243015E+1
9.046851E+2	1.254491E+1
9.049293E+2	1.306950E+1
9.051736E+2	1.314600E+1
9.054177E+2	1.294928E+1
9.056619E+2	1.290010E+1
9.059061E+2	1.288370E+1
9.061503E+2	1.288917E+1
9.063944E+2	1.274709E+1
9.066386E+2	1.262141E+1
9.068827E+2	1.257223E+1
9.071269E+2	1.258862E+1
9.073710E+2	1.245748E+1
9.076151E+2	1.230447E+1
9.078592E+2	1.253398E+1
9.081033E+2	1.245201E+1
9.083474E+2	1.255584E+1
9.085915E+2	1.232633E+1
9.088355E+2	1.206950E+1
9.090796E+2	1.204764E+1
9.093236E+2	1.194928E+1
9.095677E+2	1.203125E+1
9.098117E+2	1.179627E+1
9.100557E+2	1.173616E+1
9.102997E+2	1.176895E+1
9.105437E+2	1.175256E+1
9.107877E+2	1.184545E+1
9.110317E+2	1.208043E+1
9.112757E+2	1.204217E+1
9.115197E+2	1.205310E+1
9.117636E+2	1.210228E+1
9.120076E+2	1.237004E+1
9.122515E+2	1.229901E+1
9.124954E+2	1.223343E+1
9.127393E+2	1.216239E+1
9.129832E+2	1.230993E+1
9.132271E+2	1.200939E+1
9.134710E+2	1.188370E+1
9.137149E+2	1.191649E+1
9.139588E+2	1.211321E+1
9.142026E+2	1.222797E+1
9.144465E+2	1.203671E+1
9.146903E+2	1.190556E+1
9.149342E+2	1.208043E+1
9.151780E+2	1.232633E+1
9.154218E+2	1.256676E+1
9.156656E+2	1.266513E+1
9.159094E+2	1.245201E+1
9.161532E+2	1.280720E+1
9.163970E+2	1.291649E+1
9.166408E+2	1.290556E+1
9.168845E+2	1.292742E+1
9.171283E+2	1.284545E+1
9.173720E+2	1.275802E+1
9.176157E+2	1.292742E+1
9.178595E+2	1.270884E+1
9.181032E+2	1.247387E+1
9.183469E+2	1.217332E+1
9.185906E+2	1.232086E+1
9.188343E+2	1.197660E+1
9.190779E+2	1.196567E+1
9.193216E+2	1.165966E+1
9.195653E+2	1.150666E+1
9.198089E+2	1.095474E+1
9.200525E+2	1.110775E+1
9.202962E+2	1.132633E+1
9.205398E+2	1.129354E+1
9.207834E+2	1.118425E+1
9.210270E+2	1.123890E+1
9.212706E+2	1.144655E+1
9.215142E+2	1.145748E+1
9.217577E+2	1.139737E+1
9.220013E+2	1.122250E+1
9.222449E+2	1.119518E+1
9.224884E+2	1.128261E+1
9.227319E+2	1.123890E+1
9.229755E+2	1.120064E+1
9.232190E+2	1.121704E+1
9.234625E+2	1.138644E+1
9.237060E+2	1.133726E+1
9.239495E+2	1.141376E+1
9.241930E+2	1.124982E+1
9.244364E+2	1.102578E+1
9.246799E+2	1.116239E+1
9.249233E+2	1.138644E+1
9.251668E+2	1.119518E+1
9.254102E+2	1.094928E+1
9.256536E+2	1.086185E+1
9.258971E+2	1.073616E+1
9.261405E+2	1.085638E+1
9.263839E+2	1.111868E+1
9.266272E+2	1.100392E+1
9.268706E+2	1.093288E+1
9.271140E+2	1.103671E+1
9.273573E+2	1.117332E+1
9.276007E+2	1.118972E+1
9.278440E+2	1.090010E+1
9.280874E+2	1.102578E+1
9.283307E+2	1.108589E+1
9.285740E+2	1.084545E+1
9.288173E+2	1.068698E+1
9.290606E+2	1.042469E+1
9.293039E+2	1.055037E+1
9.295471E+2	1.072523E+1
9.297904E+2	1.103671E+1
9.300337E+2	1.088917E+1
9.302769E+2	1.077988E+1
9.305201E+2	1.065966E+1
9.307634E+2	1.076349E+1
9.310066E+2	1.058862E+1
9.312498E+2	1.047933E+1
9.314930E+2	1.065966E+1
9.317362E+2	1.089463E+1
9.319794E+2	1.083452E+1
9.322225E+2	1.104764E+1
9.324657E+2	1.102032E+1
9.327088E+2	1.081267E+1
9.329520E+2	1.097660E+1
9.331951E+2	1.117332E+1
9.334382E+2	1.122250E+1
9.336814E+2	1.140283E+1
9.339245E+2	1.166513E+1
9.341676E+2	1.182360E+1
9.344106E+2	1.191649E+1
9.346537E+2	1.202032E+1
9.348968E+2	1.188917E+1
9.351398E+2	1.166513E+1
9.353829E+2	1.158316E+1
9.356259E+2	1.179627E+1
9.358690E+2	1.189463E+1
9.361120E+2	1.170338E+1
9.363550E+2	1.186731E+1
9.365980E+2	1.182360E+1
9.368410E+2	1.202032E+1
9.370840E+2	1.222250E+1
9.373269E+2	1.216786E+1
9.375699E+2	1.206403E+1
9.378129E+2	1.214054E+1
9.380558E+2	1.198753E+1
9.382987E+2	1.182360E+1
9.385417E+2	1.209682E+1
9.387846E+2	1.179627E+1
9.390275E+2	1.203125E+1
9.392704E+2	1.212961E+1
9.395133E+2	1.203671E+1
9.397562E+2	1.177442E+1
9.399990E+2	1.185638E+1
9.402419E+2	1.178534E+1
9.404847E+2	1.199299E+1
9.407276E+2	1.208589E+1
9.409704E+2	1.200392E+1
9.412132E+2	1.202032E+1
9.414560E+2	1.204764E+1
9.416988E+2	1.168152E+1
9.419416E+2	1.152305E+1
9.421844E+2	1.154491E+1
9.424272E+2	1.155037E+1
9.426700E+2	1.158862E+1
9.429127E+2	1.162141E+1
9.431555E+2	1.153398E+1
9.433982E+2	1.168152E+1
9.436409E+2	1.156676E+1
9.438837E+2	1.172523E+1
9.441264E+2	1.164327E+1
9.443691E+2	1.164327E+1
9.446118E+2	1.140283E+1
9.448544E+2	1.158316E+1
9.450971E+2	1.169791E+1
9.453398E+2	1.193835E+1
9.455824E+2	1.192196E+1
9.458251E+2	1.199299E+1
9.460677E+2	1.217332E+1
9.463103E+2	1.235911E+1
9.465530E+2	1.211321E+1
9.467956E+2	1.211868E+1
9.470382E+2	1.179081E+1
9.472807E+2	1.179081E+1
9.475233E+2	1.196567E+1
9.477659E+2	1.188370E+1
9.480084E+2	1.182906E+1
9.482510E+2	1.182906E+1
9.484935E+2	1.201485E+1
9.487361E+2	1.200392E+1
9.489786E+2	1.214054E+1
9.492211E+2	1.204764E+1
9.494636E+2	1.202578E+1
9.497061E+2	1.193835E+1
9.499486E+2	1.191103E+1
9.501911E+2	1.226075E+1
9.504335E+2	1.230993E+1
9.506760E+2	1.227168E+1
9.509184E+2	1.224436E+1
9.511609E+2	1.199299E+1
9.514033E+2	1.224982E+1
9.516457E+2	1.215146E+1
9.518881E+2	1.212414E+1
9.521305E+2	1.204764E+1
9.523729E+2	1.209682E+1
9.526153E+2	1.199846E+1
9.528576E+2	1.202032E+1
9.531000E+2	1.217332E+1
9.533424E+2	1.210228E+1
9.535847E+2	1.226075E+1
9.538270E+2	1.219518E+1
9.540694E+2	1.231540E+1
9.543117E+2	1.215146E+1
9.545540E+2	1.220611E+1
9.547963E+2	1.240829E+1
9.550386E+2	1.250666E+1
9.552808E+2	1.242469E+1
9.555231E+2	1.253398E+1
9.557654E+2	1.251758E+1
9.560076E+2	1.251212E+1
9.562498E+2	1.256676E+1
9.564921E+2	1.291649E+1
9.567343E+2	1.312961E+1
9.569765E+2	1.312414E+1
9.572187E+2	1.311321E+1
9.574609E+2	1.309682E+1
9.577031E+2	1.295474E+1
9.579452E+2	1.310228E+1
9.581874E+2	1.315693E+1
9.584296E+2	1.327168E+1
9.586717E+2	1.349026E+1
9.589138E+2	1.363234E+1
9.591560E+2	1.379627E+1
9.593981E+2	1.396567E+1
9.596402E+2	1.397114E+1
9.598823E+2	1.395474E+1
9.601244E+2	1.377442E+1
9.603664E+2	1.390556E+1
9.606085E+2	1.371977E+1
9.608506E+2	1.363780E+1
9.610926E+2	1.329354E+1
9.613347E+2	1.352305E+1
9.615767E+2	1.347387E+1
9.618187E+2	1.374163E+1
9.620607E+2	1.391103E+1
9.623027E+2	1.422250E+1
9.625447E+2	1.442469E+1
9.627867E+2	1.418425E+1
9.630287E+2	1.396567E+1
9.632706E+2	1.364327E+1
9.635126E+2	1.364327E+1
9.637545E+2	1.365966E+1
9.639965E+2	1.393835E+1
9.642384E+2	1.381813E+1
9.644803E+2	1.375802E+1
9.647222E+2	1.396567E+1
9.649641E+2	1.365420E+1
9.652060E+2	1.360502E+1
9.654479E+2	1.377988E+1
9.656897E+2	1.366513E+1
9.659316E+2	1.370884E+1
9.661734E+2	1.349573E+1
9.664153E+2	1.350666E+1
9.666571E+2	1.349026E+1
9.668989E+2	1.371977E+1
9.671408E+2	1.387824E+1
9.673826E+2	1.411868E+1
9.676243E+2	1.437004E+1
9.678661E+2	1.435365E+1
9.681079E+2	1.458862E+1
9.683497E+2	1.468152E+1
9.685914E+2	1.474163E+1
9.688332E+2	1.459955E+1
9.690749E+2	1.490010E+1
9.693166E+2	1.499299E+1
9.695583E+2	1.491103E+1
9.698001E+2	1.502032E+1
9.700417E+2	1.499299E+1
9.702834E+2	1.469245E+1
9.705251E+2	1.471977E+1
9.707668E+2	1.455584E+1
9.710084E+2	1.454491E+1
9.712501E+2	1.450119E+1
9.714917E+2	1.432086E+1
9.717334E+2	1.444655E+1
9.719750E+2	1.469245E+1
9.722166E+2	1.471431E+1
9.724582E+2	1.490556E+1
9.726998E+2	1.481813E+1
9.729414E+2	1.490556E+1
9.731830E+2	1.488370E+1
9.734245E+2	1.470338E+1
9.736661E+2	1.460502E+1
9.739076E+2	1.461595E+1
9.741492E+2	1.427168E+1
9.743907E+2	1.423343E+1
9.746322E+2	1.418972E+1
9.748737E+2	1.424982E+1
9.751152E+2	1.430447E+1
9.753567E+2	1.437004E+1
9.755982E+2	1.440829E+1
9.758396E+2	1.445201E+1
9.760811E+2	1.423890E+1
9.763226E+2	1.440829E+1
9.765640E+2	1.452851E+1
9.768054E+2	1.426075E+1
9.770468E+2	1.411321E+1
9.772883E+2	1.428808E+1
9.775297E+2	1.461048E+1
9.777711E+2	1.473616E+1
9.780124E+2	1.490010E+1
9.782538E+2	1.479627E+1
9.784952E+2	1.464873E+1
9.787365E+2	1.429354E+1
9.789779E+2	1.445748E+1
9.792192E+2	1.479627E+1
9.794605E+2	1.490010E+1
9.797019E+2	1.511868E+1
9.799432E+2	1.501485E+1
9.801845E+2	1.464873E+1
9.804257E+2	1.485092E+1
9.806670E+2	1.504764E+1
9.809083E+2	1.522250E+1
9.811496E+2	1.551212E+1
9.813908E+2	1.556676E+1
9.816320E+2	1.539737E+1
9.818733E+2	1.511868E+1
9.821145E+2	1.494928E+1
9.823557E+2	1.481813E+1
9.825969E+2	1.470338E+1
9.828381E+2	1.457223E+1
9.830793E+2	1.463780E+1
9.833205E+2	1.445201E+1
9.835616E+2	1.463780E+1
9.838028E+2	1.447933E+1
9.840439E+2	1.451758E+1
9.842851E+2	1.434272E+1
9.845262E+2	1.433179E+1
9.847673E+2	1.432633E+1
9.850084E+2	1.436458E+1
9.852495E+2	1.441922E+1
9.854906E+2	1.450666E+1
9.857317E+2	1.446294E+1
9.859727E+2	1.444655E+1
9.862138E+2	1.450666E+1
9.864549E+2	1.440283E+1
9.866959E+2	1.406950E+1
9.869369E+2	1.392196E+1
9.871779E+2	1.367605E+1
9.874190E+2	1.343015E+1
9.876600E+2	1.318972E+1
9.879010E+2	1.333726E+1
9.881419E+2	1.334819E+1
9.883829E+2	1.363780E+1
9.886239E+2	1.329354E+1
9.888648E+2	1.357223E+1
9.891058E+2	1.363780E+1
9.893467E+2	1.355037E+1
9.895876E+2	1.357769E+1
9.898285E+2	1.328261E+1
9.900695E+2	1.326075E+1
9.903104E+2	1.328261E+1
9.905512E+2	1.343015E+1
9.907921E+2	1.356676E+1
9.910330E+2	1.371431E+1
9.912738E+2	1.354491E+1
9.915147E+2	1.369791E+1
9.917555E+2	1.390556E+1
9.919964E+2	1.372523E+1
9.922372E+2	1.363234E+1
9.924780E+2	1.365420E+1
9.927188E+2	1.356676E+1
9.929596E+2	1.367605E+1
9.932004E+2	1.371977E+1
9.934411E+2	1.361048E+1
9.936819E+2	1.357769E+1
9.939227E+2	1.338644E+1
9.941634E+2	1.327715E+1
9.944041E+2	1.337004E+1
9.946449E+2	1.337551E+1
9.948856E+2	1.344655E+1
9.951263E+2	1.334272E+1
9.953670E+2	1.330993E+1
9.956077E+2	1.333726E+1
9.958483E+2	1.313507E+1
9.960890E+2	1.313507E+1
9.963297E+2	1.318972E+1
9.965703E+2	1.336458E+1
9.968109E+2	1.353398E+1
9.970516E+2	1.351212E+1
9.972922E+2	1.366513E+1
9.975328E+2	1.365420E+1
9.977734E+2	1.352851E+1
9.980140E+2	1.342469E+1
9.982546E+2	1.350666E+1
9.984951E+2	1.372523E+1
9.987357E+2	1.350666E+1
9.989763E+2	1.362687E+1
9.992168E+2	1.369791E+1
9.994573E+2	1.354491E+1
9.996978E+2	1.356130E+1
9.999384E+2	1.357769E+1
1.000179E+3	1.334272E+1
1.000419E+3	1.335365E+1
1.000660E+3	1.343015E+1
1.000900E+3	1.352851E+1
1.001141E+3	1.354491E+1
1.001381E+3	1.368152E+1
1.001622E+3	1.388370E+1
1.001862E+3	1.415693E+1
1.002103E+3	1.442469E+1
1.002343E+3	1.456130E+1
1.002583E+3	1.458316E+1
1.002824E+3	1.445201E+1
1.003064E+3	1.435365E+1
1.003305E+3	1.458316E+1
1.003545E+3	1.439737E+1
1.003785E+3	1.431540E+1
1.004026E+3	1.445201E+1
1.004266E+3	1.455037E+1
1.004506E+3	1.483999E+1
1.004747E+3	1.511868E+1
1.004987E+3	1.488370E+1
1.005227E+3	1.474709E+1
1.005468E+3	1.457769E+1
1.005708E+3	1.430993E+1
1.005948E+3	1.426622E+1
1.006188E+3	1.398753E+1
1.006429E+3	1.381267E+1
1.006669E+3	1.391103E+1
1.006909E+3	1.398207E+1
1.007149E+3	1.398207E+1
1.007390E+3	1.432633E+1
1.007630E+3	1.423343E+1
1.007870E+3	1.406950E+1
1.008110E+3	1.415146E+1
1.008350E+3	1.439190E+1
1.008590E+3	1.441376E+1
1.008831E+3	1.422250E+1
1.009071E+3	1.416239E+1
1.009311E+3	1.418425E+1
1.009551E+3	1.434272E+1
1.009791E+3	1.443562E+1
1.010031E+3	1.423343E+1
1.010271E+3	1.415146E+1
1.010511E+3	1.414054E+1
1.010752E+3	1.426075E+1
1.010992E+3	1.434819E+1
1.011232E+3	1.444655E+1
1.011472E+3	1.458862E+1
1.011712E+3	1.455037E+1
1.011952E+3	1.440829E+1
1.012192E+3	1.430447E+1
1.012432E+3	1.420064E+1
1.012672E+3	1.432633E+1
1.012912E+3	1.438644E+1
1.013152E+3	1.422250E+1
1.013392E+3	1.419518E+1
1.013632E+3	1.408589E+1
1.013872E+3	1.409135E+1
1.014112E+3	1.421704E+1
1.014352E+3	1.451212E+1
1.014591E+3	1.472523E+1
1.014831E+3	1.487824E+1
1.015071E+3	1.513507E+1
1.015311E+3	1.504217E+1
1.015551E+3	1.495474E+1
1.015791E+3	1.508043E+1
1.016031E+3	1.531540E+1
1.016271E+3	1.528261E+1
1.016511E+3	1.508589E+1
1.016750E+3	1.506950E+1
1.016990E+3	1.495474E+1
1.017230E+3	1.468152E+1
1.017470E+3	1.486731E+1
1.017710E+3	1.482360E+1
1.017949E+3	1.471977E+1
1.018189E+3	1.477442E+1
1.018429E+3	1.469791E+1
1.018669E+3	1.461048E+1
1.018908E+3	1.447387E+1
1.019148E+3	1.435911E+1
1.019388E+3	1.418972E+1
1.019628E+3	1.437551E+1
1.019867E+3	1.445748E+1
1.020107E+3	1.448480E+1
1.020347E+3	1.460502E+1
1.020586E+3	1.443562E+1
1.020826E+3	1.465420E+1
1.021066E+3	1.456130E+1
1.021305E+3	1.456676E+1
1.021545E+3	1.465420E+1
1.021785E+3	1.453944E+1
1.022024E+3	1.436458E+1
1.022264E+3	1.438097E+1
1.022504E+3	1.456130E+1
1.022743E+3	1.457769E+1
1.022983E+3	1.443562E+1
1.023222E+3	1.441376E+1
1.023462E+3	1.465420E+1
1.023702E+3	1.457223E+1
1.023941E+3	1.452305E+1
1.024181E+3	1.462687E+1
1.024420E+3	1.458316E+1
1.024660E+3	1.475256E+1
1.024899E+3	1.462687E+1
1.025139E+3	1.463234E+1
1.025378E+3	1.429901E+1
1.025618E+3	1.415693E+1
1.025857E+3	1.386731E+1
1.026097E+3	1.361048E+1
1.026336E+3	1.356676E+1
1.026575E+3	1.375256E+1
1.026815E+3	1.375802E+1
1.027054E+3	1.379081E+1
1.027294E+3	1.384545E+1
1.027533E+3	1.373616E+1
1.027773E+3	1.376349E+1
1.028012E+3	1.403125E+1
1.028251E+3	1.405857E+1
1.028491E+3	1.414054E+1
1.028730E+3	1.410775E+1
1.028969E+3	1.386185E+1
1.029209E+3	1.352851E+1
1.029448E+3	1.365420E+1
1.029687E+3	1.364327E+1
1.029927E+3	1.355037E+1
1.030166E+3	1.346294E+1
1.030405E+3	1.326075E+1
1.030645E+3	1.286731E+1
1.030884E+3	1.265420E+1
1.031123E+3	1.281267E+1
1.031362E+3	1.287278E+1
1.031602E+3	1.295474E+1
1.031841E+3	1.310228E+1
1.032080E+3	1.295474E+1
1.032319E+3	1.267059E+1
1.032558E+3	1.265966E+1
1.032798E+3	1.253398E+1
1.033037E+3	1.265420E+1
1.033276E+3	1.267059E+1
1.033515E+3	1.270338E+1
1.033754E+3	1.256676E+1
1.033993E+3	1.242469E+1
1.034233E+3	1.232086E+1
1.034472E+3	1.234819E+1
1.034711E+3	1.241922E+1
1.034950E+3	1.221704E+1
1.035189E+3	1.226622E+1
1.035428E+3	1.220064E+1
1.035667E+3	1.203671E+1
1.035906E+3	1.204764E+1
1.036145E+3	1.219518E+1
1.036384E+3	1.236458E+1
1.036623E+3	1.223890E+1
1.036862E+3	1.222250E+1
1.037101E+3	1.196567E+1
1.037340E+3	1.190556E+1
1.037579E+3	1.181267E+1
1.037818E+3	1.175256E+1
1.038057E+3	1.146840E+1
1.038296E+3	1.141376E+1
1.038535E+3	1.149573E+1
1.038774E+3	1.126622E+1
1.039013E+3	1.109682E+1
1.039252E+3	1.096567E+1
1.039491E+3	1.105857E+1
1.039730E+3	1.090556E+1
1.039969E+3	1.108589E+1
1.040208E+3	1.087824E+1
1.040447E+3	1.066513E+1
1.040685E+3	1.056130E+1
1.040924E+3	1.064327E+1
1.041163E+3	1.044655E+1
1.041402E+3	1.041376E+1
1.041641E+3	1.058862E+1
1.041880E+3	1.040829E+1
1.042118E+3	1.024982E+1
1.042357E+3	1.030447E+1
1.042596E+3	1.029901E+1
1.042835E+3	1.023343E+1
1.043074E+3	9.965672E+0
1.043312E+3	9.965672E+0
1.043551E+3	9.911027E+0
1.043790E+3	1.016786E+1
1.044029E+3	1.010775E+1
1.044267E+3	9.949278E+0
1.044506E+3	1.011868E+1
1.044745E+3	1.014600E+1
1.044983E+3	1.020611E+1
1.045222E+3	1.035365E+1
1.045461E+3	1.048480E+1
1.045699E+3	1.027715E+1
1.045938E+3	1.014600E+1
1.046177E+3	9.747093E+0
1.046415E+3	9.621410E+0
1.046654E+3	9.424688E+0
1.046893E+3	9.533978E+0
1.047131E+3	9.796273E+0
1.047370E+3	1.003125E+1
1.047608E+3	9.992994E+0
1.047847E+3	9.982065E+0
1.048086E+3	9.834524E+0
1.048324E+3	1.014054E+1
1.048563E+3	1.022797E+1
1.048801E+3	1.022250E+1
1.049040E+3	9.987530E+0
1.049278E+3	9.992994E+0
1.049517E+3	1.008589E+1
1.049755E+3	1.036458E+1
1.049994E+3	1.038097E+1
1.050232E+3	1.057769E+1
1.050471E+3	1.023890E+1
1.050709E+3	9.883705E+0
1.050948E+3	9.692448E+0
1.051186E+3	9.719770E+0
1.051424E+3	9.479333E+0
1.051663E+3	9.599552E+0
1.051901E+3	9.610481E+0
1.052140E+3	9.670590E+0
1.052378E+3	9.725235E+0
1.052616E+3	9.911027E+0
1.052855E+3	9.965672E+0
1.053093E+3	9.965672E+0
1.053332E+3	9.774415E+0
1.053570E+3	9.927420E+0
1.053808E+3	1.002578E+1
1.054047E+3	9.839989E+0
1.054285E+3	9.921956E+0
1.054523E+3	9.823595E+0
1.054761E+3	1.008043E+1
1.055000E+3	1.038097E+1
1.055238E+3	1.062687E+1
1.055476E+3	1.046294E+1
1.055715E+3	1.038644E+1
1.055953E+3	1.042469E+1
1.056191E+3	1.021704E+1
1.056429E+3	1.027168E+1
1.056667E+3	1.029901E+1
1.056906E+3	1.034272E+1
1.057144E+3	1.014600E+1
1.057382E+3	1.014600E+1
1.057620E+3	1.021704E+1
1.057858E+3	1.020611E+1
1.058097E+3	1.018972E+1
1.058335E+3	9.796273E+0
1.058573E+3	9.719770E+0
1.058811E+3	9.818131E+0
1.059049E+3	9.758022E+0
1.059287E+3	9.654196E+0
1.059525E+3	9.572229E+0
1.059763E+3	9.380972E+0
1.060001E+3	9.561300E+0
1.060239E+3	9.730699E+0
1.060478E+3	9.495726E+0
1.060716E+3	9.845453E+0
1.060954E+3	9.976601E+0
1.061192E+3	1.027168E+1
1.061430E+3	1.026622E+1
1.061668E+3	9.921956E+0
1.061906E+3	9.741628E+0
1.062144E+3	9.626874E+0
1.062382E+3	9.643267E+0
1.062620E+3	9.719770E+0
1.062858E+3	9.408295E+0
1.063096E+3	9.178787E+0
1.063333E+3	9.156929E+0
1.063571E+3	9.424688E+0
1.063809E+3	9.348186E+0
1.064047E+3	9.217038E+0
1.064285E+3	9.009388E+0
1.064523E+3	8.900098E+0
1.064761E+3	8.741628E+0
1.064999E+3	8.845453E+0
1.065237E+3	8.834524E+0
1.065474E+3	8.823595E+0
1.065712E+3	8.725235E+0
1.065950E+3	8.725235E+0
1.066188E+3	8.512120E+0
1.066426E+3	8.479333E+0
1.066664E+3	8.320863E+0
1.066901E+3	8.277147E+0
1.067139E+3	8.069497E+0
1.067377E+3	7.971136E+0
1.067615E+3	7.911027E+0
1.067852E+3	7.982065E+0
1.068090E+3	7.632339E+0
1.068328E+3	7.506655E+0
1.068566E+3	7.725235E+0
1.068803E+3	7.697912E+0
1.069041E+3	7.790808E+0
1.069279E+3	7.643267E+0
1.069516E+3	7.430153E+0
1.069754E+3	7.096819E+0
1.069992E+3	6.971136E+0
1.070229E+3	7.053104E+0
1.070467E+3	6.796273E+0
1.070705E+3	6.845453E+0
1.070942E+3	6.911027E+0
1.071180E+3	6.768951E+0
1.071418E+3	6.665125E+0
1.071655E+3	6.692448E+0
1.071893E+3	6.763486E+0
1.072130E+3	6.719770E+0
1.072368E+3	6.665125E+0
1.072605E+3	6.763486E+0
1.072843E+3	6.943814E+0
1.073081E+3	6.932885E+0
1.073318E+3	6.621410E+0
1.073556E+3	6.648732E+0
1.073793E+3	6.621410E+0
1.074031E+3	6.605016E+0
1.074268E+3	6.561300E+0
1.074506E+3	6.544907E+0
1.074743E+3	6.512120E+0
1.074981E+3	6.889169E+0
1.075218E+3	6.829060E+0
1.075455E+3	6.790808E+0
1.075693E+3	6.665125E+0
1.075930E+3	6.506655E+0
1.076168E+3	6.348186E+0
1.076405E+3	6.380972E+0
1.076642E+3	6.249825E+0
1.076880E+3	6.189716E+0
1.077117E+3	6.053104E+0
1.077355E+3	6.102284E+0
1.077592E+3	6.353650E+0
1.077829E+3	6.342721E+0
1.078067E+3	6.309934E+0
1.078304E+3	6.386437E+0
1.078541E+3	6.703377E+0
1.078779E+3	6.812666E+0
1.079016E+3	7.047639E+0
1.079253E+3	7.118677E+0
1.079490E+3	7.009388E+0
1.079728E+3	7.206109E+0
1.079965E+3	7.200645E+0
1.080202E+3	7.107748E+0
1.080439E+3	7.107748E+0
1.080677E+3	7.151464E+0
1.080914E+3	7.156929E+0
1.081151E+3	7.085890E+0
1.081388E+3	7.140535E+0
1.081625E+3	7.266218E+0
1.081863E+3	7.151464E+0
1.082100E+3	7.085890E+0
1.082337E+3	7.020317E+0
1.082574E+3	7.249825E+0
1.082811E+3	7.320863E+0
1.083048E+3	7.080426E+0
1.083285E+3	6.730699E+0
1.083522E+3	6.523049E+0
1.083760E+3	6.670590E+0
1.083997E+3	6.719770E+0
1.084234E+3	6.911027E+0
1.084471E+3	7.096819E+0
1.084708E+3	7.124142E+0
1.084945E+3	7.457475E+0
1.085182E+3	7.512120E+0
1.085419E+3	7.495726E+0
1.085656E+3	7.676054E+0
1.085893E+3	7.867311E+0
1.086130E+3	7.938349E+0
1.086367E+3	7.943814E+0
1.086604E+3	8.042175E+0
1.086841E+3	8.200645E+0
1.087078E+3	8.064033E+0
1.087315E+3	7.960207E+0
1.087552E+3	8.003923E+0
1.087789E+3	8.195180E+0
1.088026E+3	8.009388E+0
1.088262E+3	8.047639E+0
1.088499E+3	8.058568E+0
1.088736E+3	8.096819E+0
1.088973E+3	7.779880E+0
1.089210E+3	7.850918E+0
1.089447E+3	7.692448E+0
1.089684E+3	7.752557E+0
1.089921E+3	7.594087E+0
1.090157E+3	7.714306E+0
1.090394E+3	7.676054E+0
1.090631E+3	7.992994E+0
1.090868E+3	8.009388E+0
1.091105E+3	8.146000E+0
1.091341E+3	8.189716E+0
1.091578E+3	8.249825E+0
1.091815E+3	8.091355E+0
1.092052E+3	7.850918E+0
1.092288E+3	7.938349E+0
1.092525E+3	7.932885E+0
1.092762E+3	7.779880E+0
1.092999E+3	7.818131E+0
1.093235E+3	7.719770E+0
1.093472E+3	7.370043E+0
1.093709E+3	7.271683E+0
1.093945E+3	7.227967E+0
1.094182E+3	7.036710E+0
1.094419E+3	7.146000E+0
1.094655E+3	7.255289E+0
1.094892E+3	7.337257E+0
1.095128E+3	7.550371E+0
1.095365E+3	7.533978E+0
1.095602E+3	7.599552E+0
1.095838E+3	7.457475E+0
1.096075E+3	7.457475E+0
1.096311E+3	7.441082E+0
1.096548E+3	7.331792E+0
1.096784E+3	7.380972E+0
1.097021E+3	7.561300E+0
1.097258E+3	7.637803E+0
1.097494E+3	7.659661E+0
1.097731E+3	7.971136E+0
1.097967E+3	7.965672E+0
1.098204E+3	7.818131E+0
1.098440E+3	7.861847E+0
1.098677E+3	7.911027E+0
1.098913E+3	7.889169E+0
1.099149E+3	7.818131E+0
1.099386E+3	7.566765E+0
1.099622E+3	7.473869E+0
1.099859E+3	7.309934E+0
1.100095E+3	7.260754E+0
1.100332E+3	7.058568E+0
1.100568E+3	7.042175E+0
1.100804E+3	7.074961E+0
1.101041E+3	7.102284E+0
1.101277E+3	7.003923E+0
1.101513E+3	7.025781E+0
1.101750E+3	7.211573E+0
1.101986E+3	7.288076E+0
1.102222E+3	7.490262E+0
1.102459E+3	7.785344E+0
1.102695E+3	7.900098E+0
1.102931E+3	7.921956E+0
1.103168E+3	7.889169E+0
1.103404E+3	8.178787E+0
1.103640E+3	8.014852E+0
1.103876E+3	8.140535E+0
1.104113E+3	8.249825E+0
1.104349E+3	8.277147E+0
1.104585E+3	8.304470E+0
1.104821E+3	8.419224E+0
1.105057E+3	7.998459E+0
1.105294E+3	7.982065E+0
1.105530E+3	8.014852E+0
1.105766E+3	7.938349E+0
1.106002E+3	8.036710E+0
1.106238E+3	8.380972E+0
1.106474E+3	8.676054E+0
1.106711E+3	8.686983E+0
1.106947E+3	8.441082E+0
1.107183E+3	8.255289E+0
1.107419E+3	7.949278E+0
1.107655E+3	7.752557E+0
1.107891E+3	8.124142E+0
1.108127E+3	1.416239E+1
1.108363E+3	5.495726E+0
1.108599E+3	7.162393E+0
1.108835E+3	1.516239E+1
1.109071E+3	1.582906E+1
1.109307E+3	2.249573E+1
1.109543E+3	2.082906E+1
1.109779E+3	1.149573E+1
1.110015E+3	7.495726E+0
1.110251E+3	1.623932E-1
1.110487E+3	1.549573E+1
1.110723E+3	5.495726E+0
1.110959E+3	1.616239E+1
1.111195E+3	1.949573E+1
1.111431E+3	4.829060E+0
1.111667E+3	1.549573E+1
1.111903E+3	4.162393E+0
1.112139E+3	-1.117094E+1
1.112375E+3	9.495726E+0
1.112611E+3	7.162393E+0
1.112847E+3	6.495726E+0
1.113082E+3	1.182906E+1
1.113318E+3	1.882906E+1
1.113554E+3	1.416239E+1
1.113790E+3	1.282906E+1
1.114026E+3	1.623932E-1
1.114262E+3	-8.837607E+0
1.114497E+3	2.162393E+0
1.114733E+3	-2.837607E+0
1.114969E+3	1.882906E+1
