1.951292E+2	0.000000E+0
1.953960E+2	0.000000E+0
1.956629E+2	0.000000E+0
1.959298E+2	0.000000E+0
1.961966E+2	0.000000E+0
1.964635E+2	0.000000E+0
1.967303E+2	0.000000E+0
1.969972E+2	0.000000E+0
1.972640E+2	0.000000E+0
1.975308E+2	0.000000E+0
1.977977E+2	0.000000E+0
1.980645E+2	0.000000E+0
1.983313E+2	0.000000E+0
1.985981E+2	0.000000E+0
1.988649E+2	0.000000E+0
1.991316E+2	0.000000E+0
1.993984E+2	0.000000E+0
1.996652E+2	0.000000E+0
1.999320E+2	0.000000E+0
2.001987E+2	0.000000E+0
2.004655E+2	0.000000E+0
2.007322E+2	0.000000E+0
2.009989E+2	0.000000E+0
2.012657E+2	0.000000E+0
2.015324E+2	0.000000E+0
2.017991E+2	0.000000E+0
2.020658E+2	0.000000E+0
2.023325E+2	0.000000E+0
2.025992E+2	0.000000E+0
2.028659E+2	0.000000E+0
2.031326E+2	0.000000E+0
2.033992E+2	0.000000E+0
2.036659E+2	0.000000E+0
2.039325E+2	0.000000E+0
2.041992E+2	0.000000E+0
2.044658E+2	0.000000E+0
2.047325E+2	0.000000E+0
2.049991E+2	0.000000E+0
2.052657E+2	0.000000E+0
2.055323E+2	0.000000E+0
2.057989E+2	0.000000E+0
2.060655E+2	0.000000E+0
2.063321E+2	0.000000E+0
2.065987E+2	0.000000E+0
2.068653E+2	0.000000E+0
2.071319E+2	0.000000E+0
2.073984E+2	0.000000E+0
2.076650E+2	0.000000E+0
2.079315E+2	0.000000E+0
2.081981E+2	0.000000E+0
2.084646E+2	0.000000E+0
2.087311E+2	0.000000E+0
2.089977E+2	0.000000E+0
2.092642E+2	0.000000E+0
2.095307E+2	0.000000E+0
2.097972E+2	0.000000E+0
2.100637E+2	0.000000E+0
2.103302E+2	0.000000E+0
2.105966E+2	0.000000E+0
2.108631E+2	0.000000E+0
2.111296E+2	0.000000E+0
2.113960E+2	0.000000E+0
2.116625E+2	0.000000E+0
2.119289E+2	0.000000E+0
2.121954E+2	0.000000E+0
2.124618E+2	0.000000E+0
2.127282E+2	0.000000E+0
2.129946E+2	0.000000E+0
2.132610E+2	0.000000E+0
2.135274E+2	0.000000E+0
2.137938E+2	0.000000E+0
2.140602E+2	0.000000E+0
2.143266E+2	0.000000E+0
2.145930E+2	0.000000E+0
2.148593E+2	0.000000E+0
2.151257E+2	0.000000E+0
2.153920E+2	0.000000E+0
2.156584E+2	0.000000E+0
2.159247E+2	0.000000E+0
2.161910E+2	0.000000E+0
2.164574E+2	0.000000E+0
2.167237E+2	0.000000E+0
2.169900E+2	0.000000E+0
2.172563E+2	0.000000E+0
2.175226E+2	0.000000E+0
2.177889E+2	0.000000E+0
2.180551E+2	0.000000E+0
2.183214E+2	0.000000E+0
2.185877E+2	0.000000E+0
2.188539E+2	0.000000E+0
2.191202E+2	0.000000E+0
2.193864E+2	0.000000E+0
2.196527E+2	0.000000E+0
2.199189E+2	0.000000E+0
2.201851E+2	0.000000E+0
2.204513E+2	0.000000E+0
2.207175E+2	0.000000E+0
2.209837E+2	0.000000E+0
2.212499E+2	0.000000E+0
2.215161E+2	0.000000E+0
2.217823E+2	0.000000E+0
2.220485E+2	0.000000E+0
2.223146E+2	0.000000E+0
2.225808E+2	0.000000E+0
2.228469E+2	0.000000E+0
2.231131E+2	0.000000E+0
2.233792E+2	0.000000E+0
2.236453E+2	0.000000E+0
2.239115E+2	0.000000E+0
2.241776E+2	0.000000E+0
2.244437E+2	0.000000E+0
2.247098E+2	0.000000E+0
2.249759E+2	0.000000E+0
2.252420E+2	0.000000E+0
2.255080E+2	0.000000E+0
2.257741E+2	0.000000E+0
2.260402E+2	0.000000E+0
2.263062E+2	0.000000E+0
2.265723E+2	0.000000E+0
2.268383E+2	0.000000E+0
2.271044E+2	0.000000E+0
2.273704E+2	0.000000E+0
2.276364E+2	0.000000E+0
2.279024E+2	0.000000E+0
2.281684E+2	0.000000E+0
2.284344E+2	0.000000E+0
2.287004E+2	0.000000E+0
2.289664E+2	0.000000E+0
2.292324E+2	0.000000E+0
2.294984E+2	0.000000E+0
2.297643E+2	0.000000E+0
2.300303E+2	0.000000E+0
2.302962E+2	0.000000E+0
2.305622E+2	0.000000E+0
2.308281E+2	0.000000E+0
2.310940E+2	0.000000E+0
2.313599E+2	0.000000E+0
2.316259E+2	0.000000E+0
2.318918E+2	0.000000E+0
2.321577E+2	0.000000E+0
2.324236E+2	0.000000E+0
2.326894E+2	0.000000E+0
2.329553E+2	0.000000E+0
2.332212E+2	0.000000E+0
2.334871E+2	0.000000E+0
2.337529E+2	0.000000E+0
2.340188E+2	0.000000E+0
2.342846E+2	0.000000E+0
2.345504E+2	0.000000E+0
2.348163E+2	0.000000E+0
2.350821E+2	0.000000E+0
2.353479E+2	0.000000E+0
2.356137E+2	0.000000E+0
2.358795E+2	0.000000E+0
2.361453E+2	0.000000E+0
2.364111E+2	0.000000E+0
2.366769E+2	0.000000E+0
2.369426E+2	0.000000E+0
2.372084E+2	0.000000E+0
2.374741E+2	0.000000E+0
2.377399E+2	0.000000E+0
2.380056E+2	0.000000E+0
2.382714E+2	0.000000E+0
2.385371E+2	0.000000E+0
2.388028E+2	0.000000E+0
2.390685E+2	0.000000E+0
2.393342E+2	0.000000E+0
2.395999E+2	0.000000E+0
2.398656E+2	0.000000E+0
2.401313E+2	0.000000E+0
2.403970E+2	0.000000E+0
2.406626E+2	0.000000E+0
2.409283E+2	0.000000E+0
2.411940E+2	0.000000E+0
2.414596E+2	0.000000E+0
2.417252E+2	0.000000E+0
2.419909E+2	0.000000E+0
2.422565E+2	0.000000E+0
2.425221E+2	0.000000E+0
2.427877E+2	0.000000E+0
2.430533E+2	0.000000E+0
2.433189E+2	0.000000E+0
2.435845E+2	0.000000E+0
2.438501E+2	0.000000E+0
2.441157E+2	0.000000E+0
2.443812E+2	0.000000E+0
2.446468E+2	0.000000E+0
2.449124E+2	0.000000E+0
2.451779E+2	0.000000E+0
2.454434E+2	0.000000E+0
2.457090E+2	0.000000E+0
2.459745E+2	0.000000E+0
2.462400E+2	0.000000E+0
2.465055E+2	0.000000E+0
2.467710E+2	0.000000E+0
2.470365E+2	0.000000E+0
2.473020E+2	0.000000E+0
2.475675E+2	0.000000E+0
2.478330E+2	0.000000E+0
2.480984E+2	0.000000E+0
2.483639E+2	0.000000E+0
2.486294E+2	0.000000E+0
2.488948E+2	0.000000E+0
2.491602E+2	0.000000E+0
2.494257E+2	0.000000E+0
2.496911E+2	0.000000E+0
2.499565E+2	0.000000E+0
2.502219E+2	1.632173E+1
2.504873E+2	1.585179E+1
2.507527E+2	1.461681E+1
2.510181E+2	1.448020E+1
2.512835E+2	1.515233E+1
2.515489E+2	1.507037E+1
2.518142E+2	1.483539E+1
2.520796E+2	1.556763E+1
2.523449E+2	1.638731E+1
2.526103E+2	1.629441E+1
2.528756E+2	1.570971E+1
2.531409E+2	1.522884E+1
2.534063E+2	1.521791E+1
2.536716E+2	1.659496E+1
2.539369E+2	1.678621E+1
2.542022E+2	1.778075E+1
2.544675E+2	1.747474E+1
2.547328E+2	1.786818E+1
2.549980E+2	1.814140E+1
2.552633E+2	1.776982E+1
2.555286E+2	1.732173E+1
2.557938E+2	1.730534E+1
2.560591E+2	1.859496E+1
2.563243E+2	1.915233E+1
2.565896E+2	1.923976E+1
2.568548E+2	1.969878E+1
2.571200E+2	1.978075E+1
2.573852E+2	1.990097E+1
2.576504E+2	2.022337E+1
2.579156E+2	1.999386E+1
2.581808E+2	1.984632E+1
2.584460E+2	1.979714E+1
2.587112E+2	1.966599E+1
2.589763E+2	1.917419E+1
2.592415E+2	1.897201E+1
2.595067E+2	1.928348E+1
2.597718E+2	1.926162E+1
2.600369E+2	1.952392E+1
2.603021E+2	1.928348E+1
2.605672E+2	1.958949E+1
2.608323E+2	1.976982E+1
2.610974E+2	1.921791E+1
2.613625E+2	1.887364E+1
2.616276E+2	1.893375E+1
2.618927E+2	1.896654E+1
2.621578E+2	1.884086E+1
2.624229E+2	1.865507E+1
2.626880E+2	1.967692E+1
2.629530E+2	2.042556E+1
2.632181E+2	1.975343E+1
2.634831E+2	1.911955E+1
2.637482E+2	1.924523E+1
2.640132E+2	1.990643E+1
2.642782E+2	1.979168E+1
2.645432E+2	1.915780E+1
2.648082E+2	1.982446E+1
2.650732E+2	1.933813E+1
2.653382E+2	1.886818E+1
2.656032E+2	1.840370E+1
2.658682E+2	1.865507E+1
2.661332E+2	1.901572E+1
2.663981E+2	1.903211E+1
2.666631E+2	1.897201E+1
2.669281E+2	1.973703E+1
2.671930E+2	1.942009E+1
2.674579E+2	1.866053E+1
2.677229E+2	1.919058E+1
2.679878E+2	1.950206E+1
2.682527E+2	1.896654E+1
2.685176E+2	1.772610E+1
2.687825E+2	1.746927E+1
2.690474E+2	1.808129E+1
2.693123E+2	1.770971E+1
2.695772E+2	1.757856E+1
2.698420E+2	1.672064E+1
2.701069E+2	1.654031E+1
2.703718E+2	1.648020E+1
2.706366E+2	1.663867E+1
2.709014E+2	1.632173E+1
2.711663E+2	1.595015E+1
2.714311E+2	1.580807E+1
2.716959E+2	1.614140E+1
2.719607E+2	1.599933E+1
2.722255E+2	1.535998E+1
2.724903E+2	1.500479E+1
2.727551E+2	1.548020E+1
2.730199E+2	1.561681E+1
2.732847E+2	1.591190E+1
2.735495E+2	1.554031E+1
2.738142E+2	1.542556E+1
2.740790E+2	1.584632E+1
2.743437E+2	1.564960E+1
2.746085E+2	1.547474E+1
2.748732E+2	1.549113E+1
2.751379E+2	1.556763E+1
2.754026E+2	1.582446E+1
2.756674E+2	1.521791E+1
2.759321E+2	1.515233E+1
2.761968E+2	1.472064E+1
2.764614E+2	1.508676E+1
2.767261E+2	1.540916E+1
2.769908E+2	1.496108E+1
2.772555E+2	1.499933E+1
2.775201E+2	1.499933E+1
2.777848E+2	1.509769E+1
2.780494E+2	1.530534E+1
2.783141E+2	1.523430E+1
2.785787E+2	1.545834E+1
2.788433E+2	1.495561E+1
2.791079E+2	1.434359E+1
2.793725E+2	1.374250E+1
2.796371E+2	1.405397E+1
2.799017E+2	1.325069E+1
2.801663E+2	1.276435E+1
2.804309E+2	1.269332E+1
2.806955E+2	1.289550E+1
2.809600E+2	1.221244E+1
2.812246E+2	1.309769E+1
2.814891E+2	1.319058E+1
2.817537E+2	1.351299E+1
2.820182E+2	1.349660E+1
2.822827E+2	1.330534E+1
2.825473E+2	1.346927E+1
2.828118E+2	1.317419E+1
2.830763E+2	1.261681E+1
2.833408E+2	1.216873E+1
2.836053E+2	1.249113E+1
2.838697E+2	1.207583E+1
2.841342E+2	1.143649E+1
2.843987E+2	1.134359E+1
2.846632E+2	1.207037E+1
2.849276E+2	1.264414E+1
2.851921E+2	1.270425E+1
2.854565E+2	1.298293E+1
2.857209E+2	1.293375E+1
2.859853E+2	1.280807E+1
2.862498E+2	1.243649E+1
2.865142E+2	1.172610E+1
2.867786E+2	1.195561E+1
2.870430E+2	1.170425E+1
2.873074E+2	1.146927E+1
2.875717E+2	1.158949E+1
2.878361E+2	1.157856E+1
2.881005E+2	1.151845E+1
2.883648E+2	1.129441E+1
2.886292E+2	1.092282E+1
2.888935E+2	1.096654E+1
2.891579E+2	1.060588E+1
2.894222E+2	1.058403E+1
2.896865E+2	1.146381E+1
2.899508E+2	1.173157E+1
2.902151E+2	1.151845E+1
2.904794E+2	1.148020E+1
2.907437E+2	1.229441E+1
2.910080E+2	1.237091E+1
2.912723E+2	1.280807E+1
2.915366E+2	1.292282E+1
2.918008E+2	1.338184E+1
2.920651E+2	1.366053E+1
2.923293E+2	1.380261E+1
2.925936E+2	1.360588E+1
2.928578E+2	1.317419E+1
2.931220E+2	1.274250E+1
2.933863E+2	1.226162E+1
2.936505E+2	1.248020E+1
2.939147E+2	1.258403E+1
2.941789E+2	1.250752E+1
2.944431E+2	1.251299E+1
2.947072E+2	1.290097E+1
2.949714E+2	1.258403E+1
2.952356E+2	1.245288E+1
2.954997E+2	1.287364E+1
2.957639E+2	1.286272E+1
2.960280E+2	1.373157E+1
2.962922E+2	1.367692E+1
2.965563E+2	1.329987E+1
2.968204E+2	1.271517E+1
2.970845E+2	1.211408E+1
2.973486E+2	1.120698E+1
2.976127E+2	1.105944E+1
2.978768E+2	1.114140E+1
2.981409E+2	1.113047E+1
2.984050E+2	1.062228E+1
2.986691E+2	1.082993E+1
2.989331E+2	1.118512E+1
2.991972E+2	1.138731E+1
2.994612E+2	1.166599E+1
2.997253E+2	1.159496E+1
2.999893E+2	1.206490E+1
3.002534E+2	1.252938E+1
3.005174E+2	1.246381E+1
3.007814E+2	1.210315E+1
3.010454E+2	1.206490E+1
3.013094E+2	1.149660E+1
3.015734E+2	1.175343E+1
3.018374E+2	1.222884E+1
3.021013E+2	1.251845E+1
3.023653E+2	1.292829E+1
3.026293E+2	1.290643E+1
3.028932E+2	1.295561E+1
3.031572E+2	1.355670E+1
3.034211E+2	1.374250E+1
3.036850E+2	1.402665E+1
3.039489E+2	1.413047E+1
3.042129E+2	1.458949E+1
3.044768E+2	1.513047E+1
3.047407E+2	1.520151E+1
3.050046E+2	1.507037E+1
3.052685E+2	1.516326E+1
3.055323E+2	1.545288E+1
3.057962E+2	1.467692E+1
3.060601E+2	1.477528E+1
3.063239E+2	1.474796E+1
3.065878E+2	1.537091E+1
3.068516E+2	1.496108E+1
3.071155E+2	1.489004E+1
3.073793E+2	1.480261E+1
3.076431E+2	1.442009E+1
3.079069E+2	1.435452E+1
3.081707E+2	1.475889E+1
3.084345E+2	1.533813E+1
3.086983E+2	1.522884E+1
3.089621E+2	1.542009E+1
3.092259E+2	1.584632E+1
3.094896E+2	1.652938E+1
3.097534E+2	1.621791E+1
3.100171E+2	1.601572E+1
3.102809E+2	1.532173E+1
3.105446E+2	1.552938E+1
3.108084E+2	1.546927E+1
3.110721E+2	1.595015E+1
3.113358E+2	1.626162E+1
3.115995E+2	1.648020E+1
3.118632E+2	1.609769E+1
3.121269E+2	1.621791E+1
3.123906E+2	1.607037E+1
3.126543E+2	1.622884E+1
3.129179E+2	1.630534E+1
3.131816E+2	1.676435E+1
3.134453E+2	1.704851E+1
3.137089E+2	1.735452E+1
3.139725E+2	1.740370E+1
3.142362E+2	1.745834E+1
3.144998E+2	1.751299E+1
3.147634E+2	1.732720E+1
3.150270E+2	1.758949E+1
3.152906E+2	1.799386E+1
3.155542E+2	1.876982E+1
3.158178E+2	1.895015E+1
3.160814E+2	1.861681E+1
3.163450E+2	1.852938E+1
3.166086E+2	1.904304E+1
3.168721E+2	1.955670E+1
3.171357E+2	1.949113E+1
3.173992E+2	1.981354E+1
3.176627E+2	1.963321E+1
3.179263E+2	1.944741E+1
3.181898E+2	1.943649E+1
3.184533E+2	1.953485E+1
3.187168E+2	2.020151E+1
3.189803E+2	1.984632E+1
3.192438E+2	1.925616E+1
3.195073E+2	1.974250E+1
3.197708E+2	2.062228E+1
3.200342E+2	2.072610E+1
3.202977E+2	2.099386E+1
3.205612E+2	2.119058E+1
3.208246E+2	2.213594E+1
3.210881E+2	2.250206E+1
3.213515E+2	2.322884E+1
3.216149E+2	2.303211E+1
3.218783E+2	2.326162E+1
3.221417E+2	2.354578E+1
3.224051E+2	2.372064E+1
3.226685E+2	2.302665E+1
3.229319E+2	2.273157E+1
3.231953E+2	2.278621E+1
3.234587E+2	2.241463E+1
3.237221E+2	2.221244E+1
3.239854E+2	2.272064E+1
3.242488E+2	2.260588E+1
3.245121E+2	2.169332E+1
3.247754E+2	2.149660E+1
3.250388E+2	2.187911E+1
3.253021E+2	2.261681E+1
3.255654E+2	2.251299E+1
3.258287E+2	2.335452E+1
3.260920E+2	2.339823E+1
3.263553E+2	2.426709E+1
3.266186E+2	2.380261E+1
3.268819E+2	2.419605E+1
3.271451E+2	2.416326E+1
3.274084E+2	2.415780E+1
3.276717E+2	2.458403E+1
3.279349E+2	2.543102E+1
3.281981E+2	2.514140E+1
3.284614E+2	2.595015E+1
3.287246E+2	2.646381E+1
3.289878E+2	2.722337E+1
3.292510E+2	2.739277E+1
3.295142E+2	2.851299E+1
3.297774E+2	2.893375E+1
3.300406E+2	2.916873E+1
3.303038E+2	2.921791E+1
3.305670E+2	2.990643E+1
3.308301E+2	3.070971E+1
3.310933E+2	3.129441E+1
3.313564E+2	3.123430E+1
3.316196E+2	3.090097E+1
3.318827E+2	3.140370E+1
3.321458E+2	3.191190E+1
3.324089E+2	3.250752E+1
3.326721E+2	3.279714E+1
3.329352E+2	3.297747E+1
3.331983E+2	3.279168E+1
3.334614E+2	3.370971E+1
3.337244E+2	3.425069E+1
3.339875E+2	3.449113E+1
3.342506E+2	3.494468E+1
3.345136E+2	3.569878E+1
3.347767E+2	3.551845E+1
3.350397E+2	3.563867E+1
3.353028E+2	3.650752E+1
3.355658E+2	3.672610E+1
3.358288E+2	3.682993E+1
3.360918E+2	3.676982E+1
3.363548E+2	3.703211E+1
3.366178E+2	3.691736E+1
3.368808E+2	3.690643E+1
3.371438E+2	3.682993E+1
3.374068E+2	3.654031E+1
3.376698E+2	3.717966E+1
3.379327E+2	3.791736E+1
3.381957E+2	3.780807E+1
3.384586E+2	3.777528E+1
3.387216E+2	3.905944E+1
3.389845E+2	3.955670E+1
3.392474E+2	3.991190E+1
3.395103E+2	4.067146E+1
3.397733E+2	4.153485E+1
3.400362E+2	4.138184E+1
3.402990E+2	4.166599E+1
3.405619E+2	4.299933E+1
3.408248E+2	4.375889E+1
3.410877E+2	4.403758E+1
3.413506E+2	4.466053E+1
3.416134E+2	4.513047E+1
3.418763E+2	4.543102E+1
3.421391E+2	4.639277E+1
3.424019E+2	4.678075E+1
3.426648E+2	4.821244E+1
3.429276E+2	4.919605E+1
3.431904E+2	5.040370E+1
3.434532E+2	5.142009E+1
3.437160E+2	5.209222E+1
3.439788E+2	5.252938E+1
3.442416E+2	5.358949E+1
3.445043E+2	5.428348E+1
3.447671E+2	5.481354E+1
3.450299E+2	5.562228E+1
3.452926E+2	5.633813E+1
3.455554E+2	5.620698E+1
3.458181E+2	5.658949E+1
3.460808E+2	5.690643E+1
3.463436E+2	5.885179E+1
3.466063E+2	5.933813E+1
3.468690E+2	5.902119E+1
3.471317E+2	5.908129E+1
3.473944E+2	6.033813E+1
3.476570E+2	6.157310E+1
3.479197E+2	6.239277E+1
3.481824E+2	6.268239E+1
3.484451E+2	6.338184E+1
3.487077E+2	6.397747E+1
3.489704E+2	6.446381E+1
3.492330E+2	6.575343E+1
3.494956E+2	6.661681E+1
3.497582E+2	6.774250E+1
3.500209E+2	6.849660E+1
3.502835E+2	6.938731E+1
3.505461E+2	7.008129E+1
3.508087E+2	7.158949E+1
3.510713E+2	7.281900E+1
3.513338E+2	7.338184E+1
3.515964E+2	7.414687E+1
3.518590E+2	7.419605E+1
3.521215E+2	7.543649E+1
3.523841E+2	7.575343E+1
3.526466E+2	7.709222E+1
3.529091E+2	7.839823E+1
3.531717E+2	7.957310E+1
3.534342E+2	8.193922E+1
3.536967E+2	8.313594E+1
3.539592E+2	8.385179E+1
3.542217E+2	8.493375E+1
3.544842E+2	8.663321E+1
3.547467E+2	8.742556E+1
3.550091E+2	8.934359E+1
3.552716E+2	9.104304E+1
3.555341E+2	9.303211E+1
3.557965E+2	9.403211E+1
3.560590E+2	9.623430E+1
3.563214E+2	9.843649E+1
3.565838E+2	9.946381E+1
3.568462E+2	1.012015E+2
3.571086E+2	1.027917E+2
3.573711E+2	1.040977E+2
3.576335E+2	1.058026E+2
3.578958E+2	1.069720E+2
3.581582E+2	1.080868E+2
3.584206E+2	1.090977E+2
3.586830E+2	1.105021E+2
3.589453E+2	1.112671E+2
3.592077E+2	1.119064E+2
3.594700E+2	1.133928E+2
3.597324E+2	1.151742E+2
3.599947E+2	1.165075E+2
3.602570E+2	1.181523E+2
3.605193E+2	1.193818E+2
3.607816E+2	1.212179E+2
3.610439E+2	1.236988E+2
3.613062E+2	1.256004E+2
3.615685E+2	1.269720E+2
3.618308E+2	1.288135E+2
3.620930E+2	1.311797E+2
3.623553E+2	1.319775E+2
3.626176E+2	1.336769E+2
3.628798E+2	1.365567E+2
3.631420E+2	1.383545E+2
3.634043E+2	1.398463E+2
3.636665E+2	1.420758E+2
3.639287E+2	1.437261E+2
3.641909E+2	1.457042E+2
3.644531E+2	1.476660E+2
3.647153E+2	1.493928E+2
3.649775E+2	1.511851E+2
3.652397E+2	1.540485E+2
3.655018E+2	1.552780E+2
3.657640E+2	1.568573E+2
3.660262E+2	1.590922E+2
3.662883E+2	1.611906E+2
3.665505E+2	1.630922E+2
3.668126E+2	1.643381E+2
3.670747E+2	1.661578E+2
3.673368E+2	1.679119E+2
3.675989E+2	1.698190E+2
3.678610E+2	1.726769E+2
3.681231E+2	1.749228E+2
3.683852E+2	1.780048E+2
3.686473E+2	1.801742E+2
3.689094E+2	1.821742E+2
3.691714E+2	1.840868E+2
3.694335E+2	1.855021E+2
3.696955E+2	1.876551E+2
3.699576E+2	1.903436E+2
3.702196E+2	1.925567E+2
3.704816E+2	1.949993E+2
3.707437E+2	1.968846E+2
3.710057E+2	1.990594E+2
3.712677E+2	2.011742E+2
3.715297E+2	2.025786E+2
3.717917E+2	2.050922E+2
3.720536E+2	2.070430E+2
3.723156E+2	2.091195E+2
3.725776E+2	2.124256E+2
3.728395E+2	2.155239E+2
3.731015E+2	2.176933E+2
3.733634E+2	2.202507E+2
3.736254E+2	2.223491E+2
3.738873E+2	2.245403E+2
3.741492E+2	2.274092E+2
3.744111E+2	2.303381E+2
3.746730E+2	2.332452E+2
3.749349E+2	2.366660E+2
3.751968E+2	2.396059E+2
3.754587E+2	2.420594E+2
3.757206E+2	2.440758E+2
3.759824E+2	2.465731E+2
3.762443E+2	2.487425E+2
3.765061E+2	2.517206E+2
3.767680E+2	2.542562E+2
3.770298E+2	2.562234E+2
3.772916E+2	2.588354E+2
3.775535E+2	2.617261E+2
3.778153E+2	2.645731E+2
3.780771E+2	2.669501E+2
3.783389E+2	2.702780E+2
3.786007E+2	2.731633E+2
3.788624E+2	2.751469E+2
3.791242E+2	2.785185E+2
3.793860E+2	2.818354E+2
3.796477E+2	2.845950E+2
3.799095E+2	2.878463E+2
3.801712E+2	2.915786E+2
3.804330E+2	2.950594E+2
3.806947E+2	2.987152E+2
3.809564E+2	3.025458E+2
3.812181E+2	3.049501E+2
3.814798E+2	3.083600E+2
3.817415E+2	3.123163E+2
3.820032E+2	3.160977E+2
3.822649E+2	3.188299E+2
3.825266E+2	3.218135E+2
3.827883E+2	3.254583E+2
3.830499E+2	3.287042E+2
3.833116E+2	3.319119E+2
3.835732E+2	3.356933E+2
3.838348E+2	3.390758E+2
3.840965E+2	3.424146E+2
3.843581E+2	3.456660E+2
3.846197E+2	3.492343E+2
3.848813E+2	3.529775E+2
3.851429E+2	3.564092E+2
3.854045E+2	3.594310E+2
3.856661E+2	3.627589E+2
3.859277E+2	3.666168E+2
3.861892E+2	3.699228E+2
3.864508E+2	3.730212E+2
3.867124E+2	3.766496E+2
3.869739E+2	3.799665E+2
3.872354E+2	3.844037E+2
3.874970E+2	3.889392E+2
3.877585E+2	3.933217E+2
3.880200E+2	3.970103E+2
3.882815E+2	4.010321E+2
3.885430E+2	4.038299E+2
3.888045E+2	4.067971E+2
3.890660E+2	4.105731E+2
3.893275E+2	4.138190E+2
3.895889E+2	4.184583E+2
3.898504E+2	4.221906E+2
3.901118E+2	4.259447E+2
3.903733E+2	4.303436E+2
3.906347E+2	4.333982E+2
3.908962E+2	4.365676E+2
3.911576E+2	4.406332E+2
3.914190E+2	4.447644E+2
3.916804E+2	4.489501E+2
3.919418E+2	4.530376E+2
3.922032E+2	4.569392E+2
3.924646E+2	4.601851E+2
3.927260E+2	4.640922E+2
3.929873E+2	4.674802E+2
3.932487E+2	4.711305E+2
3.935100E+2	4.752562E+2
3.937714E+2	4.791742E+2
3.940327E+2	4.832452E+2
3.942941E+2	4.864802E+2
3.945554E+2	4.909174E+2
3.948167E+2	4.956168E+2
3.950780E+2	5.000103E+2
3.953393E+2	5.039010E+2
3.956006E+2	5.079392E+2
3.958619E+2	5.118409E+2
3.961232E+2	5.154037E+2
3.963844E+2	5.191359E+2
3.966457E+2	5.233600E+2
3.969069E+2	5.277753E+2
3.971682E+2	5.322452E+2
3.974294E+2	5.367862E+2
3.976907E+2	5.407917E+2
3.979519E+2	5.447425E+2
3.982131E+2	5.494420E+2
3.984743E+2	5.541960E+2
3.987355E+2	5.586332E+2
3.989967E+2	5.637152E+2
3.992579E+2	5.682835E+2
3.995191E+2	5.726277E+2
3.997802E+2	5.766332E+2
4.000414E+2	5.810758E+2
4.003025E+2	5.857917E+2
4.005637E+2	5.900157E+2
4.008248E+2	5.947589E+2
4.010860E+2	6.002507E+2
4.013471E+2	6.056879E+2
4.016082E+2	6.100594E+2
4.018693E+2	6.143053E+2
4.021304E+2	6.200594E+2
4.023915E+2	6.255239E+2
4.026526E+2	6.311414E+2
4.029137E+2	6.360430E+2
4.031747E+2	6.405021E+2
4.034358E+2	6.454474E+2
4.036968E+2	6.503053E+2
4.039579E+2	6.554201E+2
4.042189E+2	6.602288E+2
4.044800E+2	6.656715E+2
4.047410E+2	6.709392E+2
4.050020E+2	6.766496E+2
4.052630E+2	6.817534E+2
4.055240E+2	6.868736E+2
4.057850E+2	6.927971E+2
4.060460E+2	6.987152E+2
4.063070E+2	7.038682E+2
4.065679E+2	7.092507E+2
4.068289E+2	7.146223E+2
4.070898E+2	7.197206E+2
4.073508E+2	7.246113E+2
4.076117E+2	7.299283E+2
4.078727E+2	7.350704E+2
4.081336E+2	7.412070E+2
4.083945E+2	7.469993E+2
4.086554E+2	7.529064E+2
4.089163E+2	7.589283E+2
4.091772E+2	7.654037E+2
4.094381E+2	7.713272E+2
4.096990E+2	7.776824E+2
4.099598E+2	7.839501E+2
4.102207E+2	7.898190E+2
4.104815E+2	7.956441E+2
4.107424E+2	8.007807E+2
4.110032E+2	8.057917E+2
4.112640E+2	8.113491E+2
4.115249E+2	8.169119E+2
4.117857E+2	8.234747E+2
4.120465E+2	8.293709E+2
4.123073E+2	8.350266E+2
4.125681E+2	8.409447E+2
4.128289E+2	8.464146E+2
4.130896E+2	8.526059E+2
4.133504E+2	8.577971E+2
4.136112E+2	8.635403E+2
4.138719E+2	8.695895E+2
4.141327E+2	8.756004E+2
4.143934E+2	8.815458E+2
4.146541E+2	8.879010E+2
4.149149E+2	8.932671E+2
4.151756E+2	8.994857E+2
4.154363E+2	9.052288E+2
4.156970E+2	9.116059E+2
4.159577E+2	9.181851E+2
4.162184E+2	9.241414E+2
4.164790E+2	9.305567E+2
4.167397E+2	9.358354E+2
4.170004E+2	9.409884E+2
4.172610E+2	9.467152E+2
4.175217E+2	9.534802E+2
4.177823E+2	9.598463E+2
4.180429E+2	9.657589E+2
4.183035E+2	9.715895E+2
4.185642E+2	9.774911E+2
4.188248E+2	9.833982E+2
4.190854E+2	9.891797E+2
4.193459E+2	9.951906E+2
4.196065E+2	1.001814E+3
4.198671E+2	1.007458E+3
4.201277E+2	1.013360E+3
4.203882E+2	1.019579E+3
4.206488E+2	1.025699E+3
4.209093E+2	1.031333E+3
4.211699E+2	1.037819E+3
4.214304E+2	1.043967E+3
4.216909E+2	1.049972E+3
4.219514E+2	1.055130E+3
4.222119E+2	1.060775E+3
4.224724E+2	1.067737E+3
4.227329E+2	1.073568E+3
4.229934E+2	1.079726E+3
4.232539E+2	1.086622E+3
4.235143E+2	1.094163E+3
4.237748E+2	1.100846E+3
4.240352E+2	1.107409E+3
4.242957E+2	1.114436E+3
4.245561E+2	1.121595E+3
4.248166E+2	1.128426E+3
4.250770E+2	1.135027E+3
4.253374E+2	1.142125E+3
4.255978E+2	1.149114E+3
4.258582E+2	1.156737E+3
4.261186E+2	1.164016E+3
4.263790E+2	1.171174E+3
4.266393E+2	1.178956E+3
4.268997E+2	1.186289E+3
4.271600E+2	1.194065E+3
4.274204E+2	1.201600E+3
4.276807E+2	1.208196E+3
4.279411E+2	1.215223E+3
4.282014E+2	1.222420E+3
4.284617E+2	1.229130E+3
4.287220E+2	1.237218E+3
4.289823E+2	1.244890E+3
4.292426E+2	1.252945E+3
4.295029E+2	1.260447E+3
4.297632E+2	1.267950E+3
4.300235E+2	1.275207E+3
4.302837E+2	1.283016E+3
4.305440E+2	1.290906E+3
4.308042E+2	1.299191E+3
4.310645E+2	1.307355E+3
4.313247E+2	1.315589E+3
4.315849E+2	1.322699E+3
4.318451E+2	1.330579E+3
4.321054E+2	1.338830E+3
4.323656E+2	1.346420E+3
4.326258E+2	1.354704E+3
4.328859E+2	1.361923E+3
4.331461E+2	1.369726E+3
4.334063E+2	1.377344E+3
4.336665E+2	1.385054E+3
4.339266E+2	1.392835E+3
4.341868E+2	1.399458E+3
4.344469E+2	1.406365E+3
4.347070E+2	1.413956E+3
4.349671E+2	1.421338E+3
4.352273E+2	1.429294E+3
4.354874E+2	1.436109E+3
4.357475E+2	1.444464E+3
4.360076E+2	1.450879E+3
4.362677E+2	1.458622E+3
4.365277E+2	1.466267E+3
4.367878E+2	1.474830E+3
4.370479E+2	1.482469E+3
4.373079E+2	1.490344E+3
4.375680E+2	1.498786E+3
4.378280E+2	1.507759E+3
4.380880E+2	1.516169E+3
4.383480E+2	1.524185E+3
4.386081E+2	1.532748E+3
4.388681E+2	1.541573E+3
4.391281E+2	1.548502E+3
4.393881E+2	1.554551E+3
4.396480E+2	1.562464E+3
4.399080E+2	1.570152E+3
4.401680E+2	1.577464E+3
4.404279E+2	1.584562E+3
4.406879E+2	1.592152E+3
4.409478E+2	1.599518E+3
4.412078E+2	1.606387E+3
4.414677E+2	1.613158E+3
4.417276E+2	1.619070E+3
4.419875E+2	1.627152E+3
4.422474E+2	1.634092E+3
4.425073E+2	1.641316E+3
4.427672E+2	1.649868E+3
4.430271E+2	1.657398E+3
4.432870E+2	1.664327E+3
4.435469E+2	1.670824E+3
4.438067E+2	1.678092E+3
4.440666E+2	1.685207E+3
4.443264E+2	1.692218E+3
4.445862E+2	1.697967E+3
4.448461E+2	1.704049E+3
4.451059E+2	1.711546E+3
4.453657E+2	1.719212E+3
4.456255E+2	1.725803E+3
4.458853E+2	1.732950E+3
4.461451E+2	1.739355E+3
4.464049E+2	1.746376E+3
4.466646E+2	1.752710E+3
4.469244E+2	1.760120E+3
4.471842E+2	1.766409E+3
4.474439E+2	1.773901E+3
4.477036E+2	1.781371E+3
4.479634E+2	1.787983E+3
4.482231E+2	1.795256E+3
4.484828E+2	1.802169E+3
4.487425E+2	1.810661E+3
4.490022E+2	1.817912E+3
4.492619E+2	1.824426E+3
4.495216E+2	1.830945E+3
4.497813E+2	1.837595E+3
4.500410E+2	1.845988E+3
4.503006E+2	1.854589E+3
4.505603E+2	1.863316E+3
4.508199E+2	1.871885E+3
4.510796E+2	1.878568E+3
4.513392E+2	1.886704E+3
4.515988E+2	1.894278E+3
4.518584E+2	1.903764E+3
4.521180E+2	1.911376E+3
4.523776E+2	1.919595E+3
4.526372E+2	1.926333E+3
4.528968E+2	1.934163E+3
4.531564E+2	1.941737E+3
4.534160E+2	1.949180E+3
4.536755E+2	1.957218E+3
4.539351E+2	1.966382E+3
4.541946E+2	1.974076E+3
4.544541E+2	1.981906E+3
4.547137E+2	1.989682E+3
4.549732E+2	1.999704E+3
4.552327E+2	2.008808E+3
4.554922E+2	2.016786E+3
4.557517E+2	2.024852E+3
4.560112E+2	2.034879E+3
4.562707E+2	2.043710E+3
4.565302E+2	2.051819E+3
4.567896E+2	2.062092E+3
4.570491E+2	2.072376E+3
4.573085E+2	2.081606E+3
4.575680E+2	2.092043E+3
4.578274E+2	2.100770E+3
4.580868E+2	2.110229E+3
4.583463E+2	2.119835E+3
4.586057E+2	2.128038E+3
4.588651E+2	2.138819E+3
4.591245E+2	2.148600E+3
4.593838E+2	2.160234E+3
4.596432E+2	2.171338E+3
4.599026E+2	2.182863E+3
4.601620E+2	2.194092E+3
4.604213E+2	2.206191E+3
4.606807E+2	2.217218E+3
4.609400E+2	2.228868E+3
4.611993E+2	2.239961E+3
4.614587E+2	2.251988E+3
4.617180E+2	2.264885E+3
4.619773E+2	2.278136E+3
4.622366E+2	2.290130E+3
4.624959E+2	2.303841E+3
4.627552E+2	2.315671E+3
4.630144E+2	2.328863E+3
4.632737E+2	2.342967E+3
4.635330E+2	2.355196E+3
4.637922E+2	2.369218E+3
4.640515E+2	2.383283E+3
4.643107E+2	2.396994E+3
4.645699E+2	2.410781E+3
4.648292E+2	2.425005E+3
4.650884E+2	2.440032E+3
4.653476E+2	2.455934E+3
4.656068E+2	2.471885E+3
4.658660E+2	2.487589E+3
4.661251E+2	2.502917E+3
4.663843E+2	2.517650E+3
4.666435E+2	2.533453E+3
4.669026E+2	2.551808E+3
4.671618E+2	2.568092E+3
4.674209E+2	2.585841E+3
4.676801E+2	2.603371E+3
4.679392E+2	2.620682E+3
4.681983E+2	2.638551E+3
4.684574E+2	2.657245E+3
4.687165E+2	2.676262E+3
4.689756E+2	2.694508E+3
4.692347E+2	2.713655E+3
4.694938E+2	2.731868E+3
4.697529E+2	2.749447E+3
4.700119E+2	2.770021E+3
4.702710E+2	2.790169E+3
4.705300E+2	2.811431E+3
4.707891E+2	2.831070E+3
4.710481E+2	2.852742E+3
4.713071E+2	2.875693E+3
4.715661E+2	2.898376E+3
4.718252E+2	2.919387E+3
4.720842E+2	2.942387E+3
4.723431E+2	2.965611E+3
4.726021E+2	2.987759E+3
4.728611E+2	3.010262E+3
4.731201E+2	3.035890E+3
4.733790E+2	3.060792E+3
4.736380E+2	3.085497E+3
4.738969E+2	3.111027E+3
4.741559E+2	3.135824E+3
4.744148E+2	3.160617E+3
4.746737E+2	3.185682E+3
4.749326E+2	3.211770E+3
4.751915E+2	3.236180E+3
4.754504E+2	3.261059E+3
4.757093E+2	3.287988E+3
4.759682E+2	3.314857E+3
4.762271E+2	3.341016E+3
4.764859E+2	3.368185E+3
4.767448E+2	3.395120E+3
4.770037E+2	3.421857E+3
4.772625E+2	3.449584E+3
4.775213E+2	3.475792E+3
4.777802E+2	3.503070E+3
4.780390E+2	3.529726E+3
4.782978E+2	3.556207E+3
4.785566E+2	3.584480E+3
4.788154E+2	3.613196E+3
4.790742E+2	3.640256E+3
4.793329E+2	3.668327E+3
4.795917E+2	3.696453E+3
4.798505E+2	3.723682E+3
4.801092E+2	3.751939E+3
4.803680E+2	3.780283E+3
4.806267E+2	3.808797E+3
4.808854E+2	3.837917E+3
4.811442E+2	3.866114E+3
4.814029E+2	3.894333E+3
4.816616E+2	3.923404E+3
4.819203E+2	3.951464E+3
4.821790E+2	3.980223E+3
4.824377E+2	4.008770E+3
4.826963E+2	4.035163E+3
4.829550E+2	4.062147E+3
4.832137E+2	4.089442E+3
4.834723E+2	4.116262E+3
4.837310E+2	4.143961E+3
4.839896E+2	4.170562E+3
4.842482E+2	4.197426E+3
4.845068E+2	4.223852E+3
4.847655E+2	4.251442E+3
4.850241E+2	4.278251E+3
4.852827E+2	4.303775E+3
4.855412E+2	4.330360E+3
4.857998E+2	4.355420E+3
4.860584E+2	4.381622E+3
4.863170E+2	4.405874E+3
4.865755E+2	4.431885E+3
4.868341E+2	4.456059E+3
4.870926E+2	4.479130E+3
4.873511E+2	4.502087E+3
4.876097E+2	4.526748E+3
4.878682E+2	4.550027E+3
4.881267E+2	4.574650E+3
4.883852E+2	4.598431E+3
4.886437E+2	4.622125E+3
4.889022E+2	4.642016E+3
4.891606E+2	4.663316E+3
4.894191E+2	4.684841E+3
4.896776E+2	4.706098E+3
4.899360E+2	4.728355E+3
4.901945E+2	4.749868E+3
4.904529E+2	4.769699E+3
4.907113E+2	4.789595E+3
4.909697E+2	4.811256E+3
4.912282E+2	4.832273E+3
4.914866E+2	4.850797E+3
4.917450E+2	4.869573E+3
4.920034E+2	4.888764E+3
4.922617E+2	4.907021E+3
4.925201E+2	4.924344E+3
4.927785E+2	4.942136E+3
4.930368E+2	4.959300E+3
4.932952E+2	4.977240E+3
4.935535E+2	4.994508E+3
4.938118E+2	5.012841E+3
4.940702E+2	5.030070E+3
4.943285E+2	5.046972E+3
4.945868E+2	5.062655E+3
4.948451E+2	5.078742E+3
4.951034E+2	5.094835E+3
4.953617E+2	5.109945E+3
4.956200E+2	5.124737E+3
4.958782E+2	5.140305E+3
4.961365E+2	5.155486E+3
4.963947E+2	5.169475E+3
4.966530E+2	5.181994E+3
4.969112E+2	5.195125E+3
4.971694E+2	5.208185E+3
4.974277E+2	5.220600E+3
4.976859E+2	5.233841E+3
4.979441E+2	5.247141E+3
4.982023E+2	5.259393E+3
4.984605E+2	5.272054E+3
4.987187E+2	5.285365E+3
4.989768E+2	5.296316E+3
4.992350E+2	5.308212E+3
4.994931E+2	5.319311E+3
4.997513E+2	5.330398E+3
5.000094E+2	5.341967E+3
5.002676E+2	5.352945E+3
5.005257E+2	5.363152E+3
5.007838E+2	5.373338E+3
5.010419E+2	5.384327E+3
5.013000E+2	5.394387E+3
5.015581E+2	5.405535E+3
5.018162E+2	5.415950E+3
5.020743E+2	5.426650E+3
5.023323E+2	5.437322E+3
5.025904E+2	5.447207E+3
5.028485E+2	5.457535E+3
5.031065E+2	5.467584E+3
5.033645E+2	5.475945E+3
5.036226E+2	5.484868E+3
5.038806E+2	5.492726E+3
5.041386E+2	5.501191E+3
5.043966E+2	5.509125E+3
5.046546E+2	5.518147E+3
5.049126E+2	5.526693E+3
5.051706E+2	5.536972E+3
5.054285E+2	5.545043E+3
5.056865E+2	5.552464E+3
5.059445E+2	5.560606E+3
5.062024E+2	5.568650E+3
5.064604E+2	5.576764E+3
5.067183E+2	5.583229E+3
5.069762E+2	5.590885E+3
5.072341E+2	5.597999E+3
5.074920E+2	5.606070E+3
5.077499E+2	5.613333E+3
5.080078E+2	5.621606E+3
5.082657E+2	5.627814E+3
5.085236E+2	5.635480E+3
5.087815E+2	5.642732E+3
5.090393E+2	5.650393E+3
5.092972E+2	5.657240E+3
5.095550E+2	5.663764E+3
5.098129E+2	5.671262E+3
5.100707E+2	5.677568E+3
5.103285E+2	5.684906E+3
5.105863E+2	5.691409E+3
5.108441E+2	5.697906E+3
5.111019E+2	5.704950E+3
5.113597E+2	5.711311E+3
5.116175E+2	5.717759E+3
5.118753E+2	5.723223E+3
5.121330E+2	5.730021E+3
5.123908E+2	5.737661E+3
5.126485E+2	5.745114E+3
5.129063E+2	5.752491E+3
5.131640E+2	5.760294E+3
5.134217E+2	5.767917E+3
5.136794E+2	5.774196E+3
5.139371E+2	5.780431E+3
5.141948E+2	5.789043E+3
5.144525E+2	5.795426E+3
5.147102E+2	5.802529E+3
5.149679E+2	5.809928E+3
5.152256E+2	5.817087E+3
5.154832E+2	5.824420E+3
5.157409E+2	5.831633E+3
5.159985E+2	5.838524E+3
5.162562E+2	5.845322E+3
5.165138E+2	5.851234E+3
5.167714E+2	5.858688E+3
5.170290E+2	5.865983E+3
5.172866E+2	5.870967E+3
5.175442E+2	5.876267E+3
5.178018E+2	5.881721E+3
5.180594E+2	5.885879E+3
5.183170E+2	5.891606E+3
5.185745E+2	5.896956E+3
5.188321E+2	5.902076E+3
5.190896E+2	5.907781E+3
5.193472E+2	5.913436E+3
5.196047E+2	5.918365E+3
5.198622E+2	5.922682E+3
5.201197E+2	5.927600E+3
5.203772E+2	5.932065E+3
5.206347E+2	5.937786E+3
5.208922E+2	5.939764E+3
5.211497E+2	5.944513E+3
5.214072E+2	5.949174E+3
5.216646E+2	5.954327E+3
5.219221E+2	5.959458E+3
5.221795E+2	5.964114E+3
5.224370E+2	5.968988E+3
5.226944E+2	5.972311E+3
5.229519E+2	5.977289E+3
5.232093E+2	5.981196E+3
5.234667E+2	5.985442E+3
5.237241E+2	5.988797E+3
5.239815E+2	5.993977E+3
5.242389E+2	5.996775E+3
5.244962E+2	5.999508E+3
5.247536E+2	6.003240E+3
5.250110E+2	6.006906E+3
5.252683E+2	6.009480E+3
5.255257E+2	6.012065E+3
5.257830E+2	6.016038E+3
5.260403E+2	6.018863E+3
5.262977E+2	6.022382E+3
5.265550E+2	6.026393E+3
5.268123E+2	6.028207E+3
5.270696E+2	6.031863E+3
5.273269E+2	6.035371E+3
5.275841E+2	6.038223E+3
5.278414E+2	6.040803E+3
5.280987E+2	6.042256E+3
5.283559E+2	6.043338E+3
5.286132E+2	6.045240E+3
5.288704E+2	6.045950E+3
5.291276E+2	6.046376E+3
5.293849E+2	6.047677E+3
5.296421E+2	6.049420E+3
5.298993E+2	6.049218E+3
5.301565E+2	6.050732E+3
5.304137E+2	6.051469E+3
5.306709E+2	6.052021E+3
5.309280E+2	6.053360E+3
5.311852E+2	6.053273E+3
5.314424E+2	6.052420E+3
5.316995E+2	6.054371E+3
5.319567E+2	6.054699E+3
5.322138E+2	6.056442E+3
5.324709E+2	6.056622E+3
5.327280E+2	6.057661E+3
5.329852E+2	6.059409E+3
5.332423E+2	6.060273E+3
5.334994E+2	6.061382E+3
5.337564E+2	6.062622E+3
5.340135E+2	6.064764E+3
5.342706E+2	6.067240E+3
5.345276E+2	6.069442E+3
5.347847E+2	6.071906E+3
5.350417E+2	6.072573E+3
5.352988E+2	6.073890E+3
5.355558E+2	6.075742E+3
5.358128E+2	6.076912E+3
5.360698E+2	6.079611E+3
5.363269E+2	6.081038E+3
5.365839E+2	6.084639E+3
5.368408E+2	6.086742E+3
5.370978E+2	6.088098E+3
5.373548E+2	6.089715E+3
5.376118E+2	6.092491E+3
5.378687E+2	6.094453E+3
5.381257E+2	6.097087E+3
5.383826E+2	6.100049E+3
5.386395E+2	6.102180E+3
5.388965E+2	6.104262E+3
5.391534E+2	6.106393E+3
5.394103E+2	6.110070E+3
5.396672E+2	6.113715E+3
5.399241E+2	6.117551E+3
5.401810E+2	6.121704E+3
5.404378E+2	6.124098E+3
5.406947E+2	6.124868E+3
5.409516E+2	6.128218E+3
5.412084E+2	6.131360E+3
5.414653E+2	6.133781E+3
5.417221E+2	6.136447E+3
5.419789E+2	6.138830E+3
5.422357E+2	6.138945E+3
5.424925E+2	6.141409E+3
5.427493E+2	6.143917E+3
5.430061E+2	6.145207E+3
5.432629E+2	6.148393E+3
5.435197E+2	6.151469E+3
5.437765E+2	6.154764E+3
5.440332E+2	6.158999E+3
5.442900E+2	6.160786E+3
5.445467E+2	6.164300E+3
5.448035E+2	6.168704E+3
5.450602E+2	6.171639E+3
5.453169E+2	6.174491E+3
5.455736E+2	6.177021E+3
5.458303E+2	6.179863E+3
5.460870E+2	6.183365E+3
5.463437E+2	6.185814E+3
5.466004E+2	6.188169E+3
5.468571E+2	6.191595E+3
5.471137E+2	6.194480E+3
5.473704E+2	6.195480E+3
5.476270E+2	6.199338E+3
5.478837E+2	6.201557E+3
5.481403E+2	6.204103E+3
5.483969E+2	6.206447E+3
5.486535E+2	6.207398E+3
5.489101E+2	6.209737E+3
5.491667E+2	6.210885E+3
5.494233E+2	6.212655E+3
5.496799E+2	6.213857E+3
5.499365E+2	6.215267E+3
5.501931E+2	6.217420E+3
5.504496E+2	6.218988E+3
5.507062E+2	6.222622E+3
5.509627E+2	6.224021E+3
5.512192E+2	6.226666E+3
5.514758E+2	6.229349E+3
5.517323E+2	6.231458E+3
5.519888E+2	6.232158E+3
5.522453E+2	6.233442E+3
5.525018E+2	6.234273E+3
5.527583E+2	6.235650E+3
5.530147E+2	6.237606E+3
5.532712E+2	6.237316E+3
5.535277E+2	6.239262E+3
5.537841E+2	6.239868E+3
5.540406E+2	6.239611E+3
5.542970E+2	6.240076E+3
5.545534E+2	6.240890E+3
5.548098E+2	6.240835E+3
5.550663E+2	6.240546E+3
5.553227E+2	6.241770E+3
5.555791E+2	6.241431E+3
5.558354E+2	6.242344E+3
5.560918E+2	6.243415E+3
5.563482E+2	6.246223E+3
5.566046E+2	6.247289E+3
5.568609E+2	6.247098E+3
5.571173E+2	6.246278E+3
5.573736E+2	6.246835E+3
5.576299E+2	6.247737E+3
5.578862E+2	6.249896E+3
5.581426E+2	6.250305E+3
5.583989E+2	6.250382E+3
5.586552E+2	6.251202E+3
5.589114E+2	6.250841E+3
5.591677E+2	6.250977E+3
5.594240E+2	6.251655E+3
5.596803E+2	6.251835E+3
5.599365E+2	6.253311E+3
5.601928E+2	6.253600E+3
5.604490E+2	6.253262E+3
5.607052E+2	6.253890E+3
5.609614E+2	6.254327E+3
5.612177E+2	6.255256E+3
5.614739E+2	6.255486E+3
5.617301E+2	6.255081E+3
5.619863E+2	6.255453E+3
5.622424E+2	6.256579E+3
5.624986E+2	6.257092E+3
5.627548E+2	6.258436E+3
5.630109E+2	6.259355E+3
5.632671E+2	6.259486E+3
5.635232E+2	6.259409E+3
5.637794E+2	6.260409E+3
5.640355E+2	6.260611E+3
5.642916E+2	6.261830E+3
5.645477E+2	6.262879E+3
5.648038E+2	6.264349E+3
5.650599E+2	6.264600E+3
5.653160E+2	6.264841E+3
5.655721E+2	6.265262E+3
5.658281E+2	6.265912E+3
5.660842E+2	6.266622E+3
5.663402E+2	6.266081E+3
5.665963E+2	6.266710E+3
5.668523E+2	6.266961E+3
5.671083E+2	6.267797E+3
5.673644E+2	6.269021E+3
5.676204E+2	6.270218E+3
5.678764E+2	6.270977E+3
5.681324E+2	6.272863E+3
5.683883E+2	6.274234E+3
5.686443E+2	6.274130E+3
5.689003E+2	6.274945E+3
5.691562E+2	6.274950E+3
5.694122E+2	6.275682E+3
5.696681E+2	6.277278E+3
5.699241E+2	6.277786E+3
5.701800E+2	6.277885E+3
5.704359E+2	6.279808E+3
5.706918E+2	6.281147E+3
5.709477E+2	6.280344E+3
5.712036E+2	6.280715E+3
5.714595E+2	6.280699E+3
5.717154E+2	6.280043E+3
5.719713E+2	6.278999E+3
5.722271E+2	6.279065E+3
5.724830E+2	6.281141E+3
5.727388E+2	6.282950E+3
5.729947E+2	6.283469E+3
5.732505E+2	6.283469E+3
5.735063E+2	6.283600E+3
5.737621E+2	6.287120E+3
5.740179E+2	6.288464E+3
5.742737E+2	6.289109E+3
5.745295E+2	6.288814E+3
5.747853E+2	6.288655E+3
5.750411E+2	6.288874E+3
5.752968E+2	6.288529E+3
5.755526E+2	6.288344E+3
5.758083E+2	6.286912E+3
5.760641E+2	6.286617E+3
5.763198E+2	6.286737E+3
5.765755E+2	6.287283E+3
5.768312E+2	6.287398E+3
5.770869E+2	6.288551E+3
5.773426E+2	6.289688E+3
5.775983E+2	6.289557E+3
5.778540E+2	6.288688E+3
5.781097E+2	6.289901E+3
5.783653E+2	6.290070E+3
5.786210E+2	6.290726E+3
5.788766E+2	6.290901E+3
5.791323E+2	6.292070E+3
5.793879E+2	6.293710E+3
5.796435E+2	6.293972E+3
5.798991E+2	6.294715E+3
5.801547E+2	6.295043E+3
5.804103E+2	6.296458E+3
5.806659E+2	6.297589E+3
5.809215E+2	6.298721E+3
5.811771E+2	6.299273E+3
5.814327E+2	6.299382E+3
5.816882E+2	6.298874E+3
5.819438E+2	6.299256E+3
5.821993E+2	6.299972E+3
5.824548E+2	6.299344E+3
5.827104E+2	6.298830E+3
5.829659E+2	6.298076E+3
5.832214E+2	6.295726E+3
5.834769E+2	6.294901E+3
5.837324E+2	6.293273E+3
5.839878E+2	6.293163E+3
5.842433E+2	6.292344E+3
5.844988E+2	6.292344E+3
5.847542E+2	6.291999E+3
5.850097E+2	6.291114E+3
5.852651E+2	6.289999E+3
5.855206E+2	6.289278E+3
5.857760E+2	6.288857E+3
5.860314E+2	6.286442E+3
5.862868E+2	6.284415E+3
5.865422E+2	6.284316E+3
5.867976E+2	6.286065E+3
5.870530E+2	6.285557E+3
5.873084E+2	6.286070E+3
5.875637E+2	6.286229E+3
5.878191E+2	6.286382E+3
5.880744E+2	6.285010E+3
5.883298E+2	6.284917E+3
5.885851E+2	6.284147E+3
5.888404E+2	6.283764E+3
5.890958E+2	6.284415E+3
5.893511E+2	6.281562E+3
5.896064E+2	6.280950E+3
5.898617E+2	6.280956E+3
5.901169E+2	6.281977E+3
5.903722E+2	6.282458E+3
5.906275E+2	6.283524E+3
5.908827E+2	6.284540E+3
5.911380E+2	6.284294E+3
5.913932E+2	6.284677E+3
5.916485E+2	6.284786E+3
5.919037E+2	6.286666E+3
5.921589E+2	6.286431E+3
5.924141E+2	6.285371E+3
5.926693E+2	6.284568E+3
5.929245E+2	6.284202E+3
5.931797E+2	6.285289E+3
5.934349E+2	6.285748E+3
5.936900E+2	6.285819E+3
5.939452E+2	6.287535E+3
5.942004E+2	6.288906E+3
5.944555E+2	6.289857E+3
5.947106E+2	6.291393E+3
5.949658E+2	6.291169E+3
5.952209E+2	6.292988E+3
5.954760E+2	6.293950E+3
5.957311E+2	6.294365E+3
5.959862E+2	6.294742E+3
5.962413E+2	6.296005E+3
5.964963E+2	6.296415E+3
5.967514E+2	6.296114E+3
5.970065E+2	6.298130E+3
5.972615E+2	6.300797E+3
5.975166E+2	6.302584E+3
5.977716E+2	6.305393E+3
5.980266E+2	6.308027E+3
5.982816E+2	6.310256E+3
5.985367E+2	6.312043E+3
5.987917E+2	6.316502E+3
5.990467E+2	6.319207E+3
5.993016E+2	6.322529E+3
5.995566E+2	6.325786E+3
5.998116E+2	6.329415E+3
6.000665E+2	6.333382E+3
6.003215E+2	6.336398E+3
6.005764E+2	6.340786E+3
6.008314E+2	6.344819E+3
6.010863E+2	6.348961E+3
6.013412E+2	6.352338E+3
6.015961E+2	6.357655E+3
6.018510E+2	6.363879E+3
6.021059E+2	6.368710E+3
6.023608E+2	6.372764E+3
6.026157E+2	6.377491E+3
6.028706E+2	6.381606E+3
6.031254E+2	6.386464E+3
6.033803E+2	6.389901E+3
6.036351E+2	6.394218E+3
6.038900E+2	6.397010E+3
6.041448E+2	6.401202E+3
6.043996E+2	6.405447E+3
6.046544E+2	6.408065E+3
6.049092E+2	6.411874E+3
6.051640E+2	6.416786E+3
6.054188E+2	6.421212E+3
6.056736E+2	6.425518E+3
6.059283E+2	6.429141E+3
6.061831E+2	6.432759E+3
6.064378E+2	6.435967E+3
6.066926E+2	6.440229E+3
6.069473E+2	6.445076E+3
6.072021E+2	6.449945E+3
6.074568E+2	6.451803E+3
6.077115E+2	6.454879E+3
6.079662E+2	6.459644E+3
6.082209E+2	6.464043E+3
6.084756E+2	6.469305E+3
6.087302E+2	6.474251E+3
6.089849E+2	6.478049E+3
6.092396E+2	6.480387E+3
6.094942E+2	6.483054E+3
6.097489E+2	6.485469E+3
6.100035E+2	6.488453E+3
6.102581E+2	6.490721E+3
6.105127E+2	6.493759E+3
6.107674E+2	6.497021E+3
6.110220E+2	6.499890E+3
6.112766E+2	6.502606E+3
6.115311E+2	6.505300E+3
6.117857E+2	6.508027E+3
6.120403E+2	6.510180E+3
6.122948E+2	6.514234E+3
6.125494E+2	6.515726E+3
6.128039E+2	6.515666E+3
6.130585E+2	6.516967E+3
6.133130E+2	6.518874E+3
6.135675E+2	6.520611E+3
6.138220E+2	6.523322E+3
6.140765E+2	6.525704E+3
6.143310E+2	6.527770E+3
6.145855E+2	6.529726E+3
6.148400E+2	6.532387E+3
6.150945E+2	6.534447E+3
6.153489E+2	6.537196E+3
6.156034E+2	6.537431E+3
6.158578E+2	6.539447E+3
6.161123E+2	6.540868E+3
6.163667E+2	6.543229E+3
6.166211E+2	6.544234E+3
6.168755E+2	6.546240E+3
6.171299E+2	6.547480E+3
6.173843E+2	6.547677E+3
6.176387E+2	6.547120E+3
6.178931E+2	6.547557E+3
6.181474E+2	6.548327E+3
6.184018E+2	6.549688E+3
6.186561E+2	6.551262E+3
6.189105E+2	6.552518E+3
6.191648E+2	6.553289E+3
6.194191E+2	6.554426E+3
6.196735E+2	6.555628E+3
6.199278E+2	6.556436E+3
6.201821E+2	6.558622E+3
6.204364E+2	6.560901E+3
6.206907E+2	6.560846E+3
6.209449E+2	6.561387E+3
6.211992E+2	6.563502E+3
6.214535E+2	6.565923E+3
6.217077E+2	6.567486E+3
6.219619E+2	6.569344E+3
6.222162E+2	6.570835E+3
6.224704E+2	6.572732E+3
6.227246E+2	6.574387E+3
6.229788E+2	6.577404E+3
6.232330E+2	6.581141E+3
6.234872E+2	6.584387E+3
6.237414E+2	6.587338E+3
6.239956E+2	6.588251E+3
6.242498E+2	6.589967E+3
6.245039E+2	6.593267E+3
6.247581E+2	6.597742E+3
6.250122E+2	6.599742E+3
6.252663E+2	6.602491E+3
6.255205E+2	6.605732E+3
6.257746E+2	6.609283E+3
6.260287E+2	6.611814E+3
6.262828E+2	6.614278E+3
6.265369E+2	6.618633E+3
6.267910E+2	6.623934E+3
6.270450E+2	6.627786E+3
6.272991E+2	6.632311E+3
6.275532E+2	6.638349E+3
6.278072E+2	6.641486E+3
6.280613E+2	6.645704E+3
6.283153E+2	6.650841E+3
6.285693E+2	6.656196E+3
6.288233E+2	6.659234E+3
6.290773E+2	6.662267E+3
6.293313E+2	6.665065E+3
6.295853E+2	6.669928E+3
6.298393E+2	6.673092E+3
6.300933E+2	6.675458E+3
6.303472E+2	6.678141E+3
6.306012E+2	6.681087E+3
6.308551E+2	6.684081E+3
6.311091E+2	6.688497E+3
6.313630E+2	6.692868E+3
6.316169E+2	6.695688E+3
6.318709E+2	6.698540E+3
6.321248E+2	6.702191E+3
6.323787E+2	6.705617E+3
6.326326E+2	6.707693E+3
6.328864E+2	6.710819E+3
6.331403E+2	6.715671E+3
6.333942E+2	6.719076E+3
6.336480E+2	6.723180E+3
6.339019E+2	6.726174E+3
6.341557E+2	6.728420E+3
6.344095E+2	6.731868E+3
6.346634E+2	6.735759E+3
6.349172E+2	6.739109E+3
6.351710E+2	6.741721E+3
6.354248E+2	6.745076E+3
6.356786E+2	6.749054E+3
6.359324E+2	6.752480E+3
6.361861E+2	6.755950E+3
6.364399E+2	6.759016E+3
6.366936E+2	6.760453E+3
6.369474E+2	6.763759E+3
6.372011E+2	6.765797E+3
6.374549E+2	6.768786E+3
6.377086E+2	6.771529E+3
6.379623E+2	6.773191E+3
6.382160E+2	6.774879E+3
6.384697E+2	6.776092E+3
6.387234E+2	6.778721E+3
6.389771E+2	6.781344E+3
6.392307E+2	6.783393E+3
6.394844E+2	6.786770E+3
6.397380E+2	6.788491E+3
6.399917E+2	6.790191E+3
6.402453E+2	6.791475E+3
6.404990E+2	6.793611E+3
6.407526E+2	6.795693E+3
6.410062E+2	6.796021E+3
6.412598E+2	6.796999E+3
6.415134E+2	6.797999E+3
6.417670E+2	6.799038E+3
6.420206E+2	6.798753E+3
6.422741E+2	6.799518E+3
6.425277E+2	6.800453E+3
6.427812E+2	6.801562E+3
6.430348E+2	6.800901E+3
6.432883E+2	6.802846E+3
6.435418E+2	6.802857E+3
6.437954E+2	6.804212E+3
6.440489E+2	6.805344E+3
6.443024E+2	6.806540E+3
6.445559E+2	6.808879E+3
6.448094E+2	6.810748E+3
6.450628E+2	6.810846E+3
6.453163E+2	6.813573E+3
6.455698E+2	6.816480E+3
6.458232E+2	6.818027E+3
6.460767E+2	6.818365E+3
6.463301E+2	6.820256E+3
6.465835E+2	6.822158E+3
6.468369E+2	6.822404E+3
6.470903E+2	6.824376E+3
6.473437E+2	6.826016E+3
6.475971E+2	6.827715E+3
6.478505E+2	6.829546E+3
6.481039E+2	6.832939E+3
6.483573E+2	6.834803E+3
6.486106E+2	6.835191E+3
6.488640E+2	6.835606E+3
6.491173E+2	6.836710E+3
6.493706E+2	6.837371E+3
6.496240E+2	6.839458E+3
6.498773E+2	6.842207E+3
6.501306E+2	6.843857E+3
6.503839E+2	6.847169E+3
6.506372E+2	6.850699E+3
6.508905E+2	6.854245E+3
6.511437E+2	6.855579E+3
6.513970E+2	6.858038E+3
6.516503E+2	6.859868E+3
6.519035E+2	6.861890E+3
6.521567E+2	6.864447E+3
6.524100E+2	6.865497E+3
6.526632E+2	6.867289E+3
6.529164E+2	6.868726E+3
6.531696E+2	6.871305E+3
6.534228E+2	6.874163E+3
6.536760E+2	6.875491E+3
6.539292E+2	6.877114E+3
6.541824E+2	6.878732E+3
6.544355E+2	6.880535E+3
6.546887E+2	6.882852E+3
6.549418E+2	6.883939E+3
6.551950E+2	6.886606E+3
6.554481E+2	6.888502E+3
6.557012E+2	6.891682E+3
6.559543E+2	6.894961E+3
6.562074E+2	6.896786E+3
6.564605E+2	6.900885E+3
6.567136E+2	6.904923E+3
6.569667E+2	6.908218E+3
6.572198E+2	6.911333E+3
6.574728E+2	6.914835E+3
6.577259E+2	6.916398E+3
6.579789E+2	6.919835E+3
6.582319E+2	6.922502E+3
6.584850E+2	6.927010E+3
6.587380E+2	6.930202E+3
6.589910E+2	6.934382E+3
6.592440E+2	6.937792E+3
6.594970E+2	6.939961E+3
6.597500E+2	6.944415E+3
6.600030E+2	6.947797E+3
6.602559E+2	6.951529E+3
6.605089E+2	6.955562E+3
6.607618E+2	6.957546E+3
6.610148E+2	6.961742E+3
6.612677E+2	6.964387E+3
6.615206E+2	6.969606E+3
6.617736E+2	6.973469E+3
6.620265E+2	6.975568E+3
6.622794E+2	6.978879E+3
6.625323E+2	6.982764E+3
6.627851E+2	6.986010E+3
6.630380E+2	6.990251E+3
6.632909E+2	6.994147E+3
6.635437E+2	6.998136E+3
6.637966E+2	7.001928E+3
6.640494E+2	7.006393E+3
6.643023E+2	7.012409E+3
6.645551E+2	7.016513E+3
6.648079E+2	7.021983E+3
6.650607E+2	7.026600E+3
6.653135E+2	7.030518E+3
6.655663E+2	7.035152E+3
6.658191E+2	7.038453E+3
6.660718E+2	7.043207E+3
6.663246E+2	7.047923E+3
6.665774E+2	7.054278E+3
6.668301E+2	7.056251E+3
6.670828E+2	7.063360E+3
6.673356E+2	7.069262E+3
6.675883E+2	7.075136E+3
6.678410E+2	7.081753E+3
6.680937E+2	7.087081E+3
6.683464E+2	7.092365E+3
6.685991E+2	7.096125E+3
6.688518E+2	7.100633E+3
6.691044E+2	7.105939E+3
6.693571E+2	7.112087E+3
6.696098E+2	7.117721E+3
6.698624E+2	7.121994E+3
6.701150E+2	7.127180E+3
6.703677E+2	7.134595E+3
6.706203E+2	7.140420E+3
6.708729E+2	7.146185E+3
6.711255E+2	7.151191E+3
6.713781E+2	7.158065E+3
6.716307E+2	7.164934E+3
6.718832E+2	7.170223E+3
6.721358E+2	7.174147E+3
6.723884E+2	7.180977E+3
6.726409E+2	7.186753E+3
6.728935E+2	7.191382E+3
6.731460E+2	7.196737E+3
6.733985E+2	7.201497E+3
6.736510E+2	7.205191E+3
6.739035E+2	7.207300E+3
6.741560E+2	7.210327E+3
6.744085E+2	7.214327E+3
6.746610E+2	7.218857E+3
6.749135E+2	7.223759E+3
6.751660E+2	7.227732E+3
6.754184E+2	7.232087E+3
6.756709E+2	7.236617E+3
6.759233E+2	7.241300E+3
6.761757E+2	7.246382E+3
6.764282E+2	7.251671E+3
6.766806E+2	7.257906E+3
6.769330E+2	7.263305E+3
6.771854E+2	7.267611E+3
6.774378E+2	7.272355E+3
6.776901E+2	7.278409E+3
6.779425E+2	7.281939E+3
6.781949E+2	7.285906E+3
6.784472E+2	7.290650E+3
6.786996E+2	7.295065E+3
6.789519E+2	7.300398E+3
6.792042E+2	7.304885E+3
6.794566E+2	7.309196E+3
6.797089E+2	7.313092E+3
6.799612E+2	7.317573E+3
6.802135E+2	7.322152E+3
6.804657E+2	7.326600E+3
6.807180E+2	7.330049E+3
6.809703E+2	7.334070E+3
6.812226E+2	7.338524E+3
6.814748E+2	7.341639E+3
6.817270E+2	7.345163E+3
6.819793E+2	7.347294E+3
6.822315E+2	7.353147E+3
6.824837E+2	7.356562E+3
6.827359E+2	7.360715E+3
6.829881E+2	7.364885E+3
6.832403E+2	7.368371E+3
6.834925E+2	7.373212E+3
6.837447E+2	7.376562E+3
6.839968E+2	7.380846E+3
6.842490E+2	7.384666E+3
6.845011E+2	7.388923E+3
6.847533E+2	7.391677E+3
6.850054E+2	7.394896E+3
6.852575E+2	7.398759E+3
6.855097E+2	7.401207E+3
6.857618E+2	7.403365E+3
6.860139E+2	7.406447E+3
6.862659E+2	7.410688E+3
6.865180E+2	7.413661E+3
6.867701E+2	7.413999E+3
6.870222E+2	7.416983E+3
6.872742E+2	7.420387E+3
6.875263E+2	7.424906E+3
6.877783E+2	7.427617E+3
6.880303E+2	7.430360E+3
6.882823E+2	7.434928E+3
6.885343E+2	7.439781E+3
6.887864E+2	7.444240E+3
6.890383E+2	7.449409E+3
6.892903E+2	7.454912E+3
6.895423E+2	7.459065E+3
6.897943E+2	7.463983E+3
6.900462E+2	7.467431E+3
6.902982E+2	7.472737E+3
6.905501E+2	7.477409E+3
6.908021E+2	7.481879E+3
6.910540E+2	7.486098E+3
6.913059E+2	7.490103E+3
6.915578E+2	7.494491E+3
6.918097E+2	7.498278E+3
6.920616E+2	7.503415E+3
6.923135E+2	7.507874E+3
6.925654E+2	7.512447E+3
6.928172E+2	7.519120E+3
6.930691E+2	7.523059E+3
6.933209E+2	7.528371E+3
6.935728E+2	7.534415E+3
6.938246E+2	7.539431E+3
6.940764E+2	7.544923E+3
6.943282E+2	7.548852E+3
6.945800E+2	7.553109E+3
6.948318E+2	7.558305E+3
6.950836E+2	7.561808E+3
6.953354E+2	7.565666E+3
6.955872E+2	7.568803E+3
6.958389E+2	7.571967E+3
6.960907E+2	7.576032E+3
6.963424E+2	7.577923E+3
6.965942E+2	7.579191E+3
6.968459E+2	7.581016E+3
6.970976E+2	7.582879E+3
6.973493E+2	7.584721E+3
6.976010E+2	7.586125E+3
6.978527E+2	7.589207E+3
6.981044E+2	7.592447E+3
6.983561E+2	7.596480E+3
6.986077E+2	7.599141E+3
6.988594E+2	7.602109E+3
6.991110E+2	7.605223E+3
6.993627E+2	7.609070E+3
6.996143E+2	7.612283E+3
6.998659E+2	7.614081E+3
7.001175E+2	7.617458E+3
7.003692E+2	7.619480E+3
7.006207E+2	7.621180E+3
7.008723E+2	7.622540E+3
7.011239E+2	7.623562E+3
7.013755E+2	7.624617E+3
7.016271E+2	7.624316E+3
7.018786E+2	7.626628E+3
7.021302E+2	7.628600E+3
7.023817E+2	7.629917E+3
7.026332E+2	7.631120E+3
7.028847E+2	7.631688E+3
7.031362E+2	7.632114E+3
7.033878E+2	7.633076E+3
7.036392E+2	7.633032E+3
7.038907E+2	7.632988E+3
7.041422E+2	7.633420E+3
7.043937E+2	7.634398E+3
7.046451E+2	7.636294E+3
7.048966E+2	7.640469E+3
7.051480E+2	7.643874E+3
7.053995E+2	7.647141E+3
7.056509E+2	7.649671E+3
7.059023E+2	7.652355E+3
7.061537E+2	7.655524E+3
7.064051E+2	7.655568E+3
7.066565E+2	7.655136E+3
7.069079E+2	7.655294E+3
7.071593E+2	7.654251E+3
7.074106E+2	7.651240E+3
7.076620E+2	7.647420E+3
7.079133E+2	7.644092E+3
7.081647E+2	7.640223E+3
7.084160E+2	7.638693E+3
7.086673E+2	7.637715E+3
7.089186E+2	7.635130E+3
7.091699E+2	7.632732E+3
7.094212E+2	7.630141E+3
7.096725E+2	7.627289E+3
7.099238E+2	7.626278E+3
7.101751E+2	7.624502E+3
7.104263E+2	7.622961E+3
7.106776E+2	7.619956E+3
7.109288E+2	7.617076E+3
7.111800E+2	7.614655E+3
7.114313E+2	7.613158E+3
7.116825E+2	7.613704E+3
7.119337E+2	7.614901E+3
7.121849E+2	7.614639E+3
7.124361E+2	7.613628E+3
7.126873E+2	7.613338E+3
7.129384E+2	7.612770E+3
7.131896E+2	7.609961E+3
7.134408E+2	7.605109E+3
7.136919E+2	7.599169E+3
7.139430E+2	7.593120E+3
7.141942E+2	7.589316E+3
7.144453E+2	7.586715E+3
7.146964E+2	7.584245E+3
7.149475E+2	7.583677E+3
7.151986E+2	7.586568E+3
7.154497E+2	7.588049E+3
7.157008E+2	7.588535E+3
7.159518E+2	7.590639E+3
7.162029E+2	7.593480E+3
7.164540E+2	7.597169E+3
7.167050E+2	7.599404E+3
7.169560E+2	7.602682E+3
7.172071E+2	7.603551E+3
7.174581E+2	7.605764E+3
7.177091E+2	7.606174E+3
7.179601E+2	7.606376E+3
7.182111E+2	7.606644E+3
7.184621E+2	7.605513E+3
7.187130E+2	7.604906E+3
7.189640E+2	7.604988E+3
7.192150E+2	7.602322E+3
7.194659E+2	7.599491E+3
7.197169E+2	7.594967E+3
7.199678E+2	7.591600E+3
7.202187E+2	7.585715E+3
7.204696E+2	7.577786E+3
7.207205E+2	7.571267E+3
7.209714E+2	7.564223E+3
7.212223E+2	7.557644E+3
7.214732E+2	7.549693E+3
7.217241E+2	7.546163E+3
7.219749E+2	7.542764E+3
7.222258E+2	7.537775E+3
7.224766E+2	7.534027E+3
7.227274E+2	7.532202E+3
7.229783E+2	7.530174E+3
7.232291E+2	7.530059E+3
7.234799E+2	7.527824E+3
7.237307E+2	7.526010E+3
7.239815E+2	7.523387E+3
7.242323E+2	7.521759E+3
7.244830E+2	7.521322E+3
7.247338E+2	7.520529E+3
7.249846E+2	7.520289E+3
7.252353E+2	7.519049E+3
7.254861E+2	7.516486E+3
7.257368E+2	7.513792E+3
7.259875E+2	7.512027E+3
7.262382E+2	7.510819E+3
7.264889E+2	7.508240E+3
7.267396E+2	7.506305E+3
7.269903E+2	7.504415E+3
7.272410E+2	7.503223E+3
7.274917E+2	7.503896E+3
7.277423E+2	7.504742E+3
7.279930E+2	7.505661E+3
7.282436E+2	7.507781E+3
7.284942E+2	7.509830E+3
7.287449E+2	7.514879E+3
7.289955E+2	7.520600E+3
7.292461E+2	7.527289E+3
7.294967E+2	7.533852E+3
7.297473E+2	7.539906E+3
7.299979E+2	7.543393E+3
7.302484E+2	7.544742E+3
7.304990E+2	7.541622E+3
7.307496E+2	7.537759E+3
7.310001E+2	7.536021E+3
7.312507E+2	7.533956E+3
7.315012E+2	7.531611E+3
7.317517E+2	7.527579E+3
7.320022E+2	7.526606E+3
7.322527E+2	7.523666E+3
7.325032E+2	7.521081E+3
7.327537E+2	7.520349E+3
7.330042E+2	7.521158E+3
7.332547E+2	7.523174E+3
7.335051E+2	7.525289E+3
7.337556E+2	7.528508E+3
7.340060E+2	7.531376E+3
7.342564E+2	7.536169E+3
7.345069E+2	7.543655E+3
7.347573E+2	7.554568E+3
7.350077E+2	7.570852E+3
7.352581E+2	7.585546E+3
7.355085E+2	7.602229E+3
7.357589E+2	7.619262E+3
7.360092E+2	7.635868E+3
7.362596E+2	7.655136E+3
7.365100E+2	7.672824E+3
7.367603E+2	7.688027E+3
7.370106E+2	7.699415E+3
7.372610E+2	7.710699E+3
7.375113E+2	7.723311E+3
7.377616E+2	7.734879E+3
7.380119E+2	7.745682E+3
7.382622E+2	7.755803E+3
7.385125E+2	7.765704E+3
7.387628E+2	7.779092E+3
7.390130E+2	7.791742E+3
7.392633E+2	7.807595E+3
7.395135E+2	7.823518E+3
7.397638E+2	7.838666E+3
7.400140E+2	7.856010E+3
7.402642E+2	7.876841E+3
7.405144E+2	7.901098E+3
7.407647E+2	7.927732E+3
7.410149E+2	7.955753E+3
7.412650E+2	7.986032E+3
7.415152E+2	8.020283E+3
7.417654E+2	8.063644E+3
7.420156E+2	8.114628E+3
7.422657E+2	8.177497E+3
7.425159E+2	8.259300E+3
7.427660E+2	8.363409E+3
7.430161E+2	8.488218E+3
7.432662E+2	8.621311E+3
7.435164E+2	8.753431E+3
7.437665E+2	8.885371E+3
7.440165E+2	9.016212E+3
7.442666E+2	9.146803E+3
7.445167E+2	9.277387E+3
7.447668E+2	9.405950E+3
7.450168E+2	9.534901E+3
7.452669E+2	9.653120E+3
7.455169E+2	9.737218E+3
7.457669E+2	9.804650E+3
7.460170E+2	9.870076E+3
7.462670E+2	9.936917E+3
7.465170E+2	9.998764E+3
7.467670E+2	1.005920E+4
7.470170E+2	1.013010E+4
7.472670E+2	1.022138E+4
7.475169E+2	1.034211E+4
7.477669E+2	1.045942E+4
7.480168E+2	1.054652E+4
7.482668E+2	1.061458E+4
7.485167E+2	1.068337E+4
7.487666E+2	1.076369E+4
7.490166E+2	1.085353E+4
7.492665E+2	1.093635E+4
7.495164E+2	1.100921E+4
7.497663E+2	1.107572E+4
7.500161E+2	1.113744E+4
7.502660E+2	1.119060E+4
7.505159E+2	1.123675E+4
7.507657E+2	1.127257E+4
7.510156E+2	1.130396E+4
7.512654E+2	1.133108E+4
7.515152E+2	1.135703E+4
7.517651E+2	1.138411E+4
7.520149E+2	1.141148E+4
7.522647E+2	1.144179E+4
7.525145E+2	1.147493E+4
7.527643E+2	1.151165E+4
7.530140E+2	1.155258E+4
7.532638E+2	1.159760E+4
7.535136E+2	1.164826E+4
7.537633E+2	1.170303E+4
7.540131E+2	1.176326E+4
7.542628E+2	1.182970E+4
7.545125E+2	1.189215E+4
7.547622E+2	1.194719E+4
7.550119E+2	1.199299E+4
7.552616E+2	1.203173E+4
7.555113E+2	1.206738E+4
7.557610E+2	1.209975E+4
7.560107E+2	1.212815E+4
7.562603E+2	1.215491E+4
7.565100E+2	1.217511E+4
7.567596E+2	1.218872E+4
7.570093E+2	1.219198E+4
7.572589E+2	1.218394E+4
7.575085E+2	1.216139E+4
7.577581E+2	1.211953E+4
7.580077E+2	1.205401E+4
7.582573E+2	1.196858E+4
7.585069E+2	1.187319E+4
7.587565E+2	1.177813E+4
7.590060E+2	1.168004E+4
7.592556E+2	1.158511E+4
7.595051E+2	1.149047E+4
7.597547E+2	1.139564E+4
7.600042E+2	1.129832E+4
7.602537E+2	1.119743E+4
7.605032E+2	1.110669E+4
7.607527E+2	1.105011E+4
7.610022E+2	1.101259E+4
7.612517E+2	1.097905E+4
7.615012E+2	1.094598E+4
7.617507E+2	1.092190E+4
7.620001E+2	1.090332E+4
7.622496E+2	1.087337E+4
7.624990E+2	1.082076E+4
7.627485E+2	1.073938E+4
7.629979E+2	1.066173E+4
7.632473E+2	1.061637E+4
7.634967E+2	1.059204E+4
7.637461E+2	1.056316E+4
7.639955E+2	1.051981E+4
7.642449E+2	1.046247E+4
7.644942E+2	1.040714E+4
7.647436E+2	1.035919E+4
7.649930E+2	1.031357E+4
7.652423E+2	1.027053E+4
7.654916E+2	1.023244E+4
7.657410E+2	1.020385E+4
7.659903E+2	1.018565E+4
7.662396E+2	1.017273E+4
7.664889E+2	1.016553E+4
7.667382E+2	1.015349E+4
7.669875E+2	1.014249E+4
7.672367E+2	1.013313E+4
7.674860E+2	1.012020E+4
7.677353E+2	1.010329E+4
7.679845E+2	1.008127E+4
7.682337E+2	1.005656E+4
7.684830E+2	1.002850E+4
7.687322E+2	1.000142E+4
7.689814E+2	9.977486E+3
7.692306E+2	9.947535E+3
7.694798E+2	9.912202E+3
7.697290E+2	9.877693E+3
7.699782E+2	9.855688E+3
7.702273E+2	9.844917E+3
7.704765E+2	9.842240E+3
7.707256E+2	9.840879E+3
7.709748E+2	9.841283E+3
7.712239E+2	9.848447E+3
7.714730E+2	9.857262E+3
7.717222E+2	9.870863E+3
7.719713E+2	9.884726E+3
7.722204E+2	9.900398E+3
7.724694E+2	9.918600E+3
7.727185E+2	9.938819E+3
7.729676E+2	9.958999E+3
7.732167E+2	9.975666E+3
7.734657E+2	9.987650E+3
7.737147E+2	9.995447E+3
7.739638E+2	9.999666E+3
7.742128E+2	1.000465E+4
7.744618E+2	1.000559E+4
7.747108E+2	1.000491E+4
7.749598E+2	1.000281E+4
7.752088E+2	1.000130E+4
7.754578E+2	1.000445E+4
7.757068E+2	1.000799E+4
7.759557E+2	1.001149E+4
7.762047E+2	1.001298E+4
7.764536E+2	1.001213E+4
7.767026E+2	1.000544E+4
7.769515E+2	9.994387E+3
7.772004E+2	9.979032E+3
7.774493E+2	9.966868E+3
7.776982E+2	9.952054E+3
7.779471E+2	9.938770E+3
7.781960E+2	9.922212E+3
7.784449E+2	9.901803E+3
7.786938E+2	9.881278E+3
7.789426E+2	9.867518E+3
7.791915E+2	9.858693E+3
7.794403E+2	9.861606E+3
7.796891E+2	9.870874E+3
7.799380E+2	9.881901E+3
7.801868E+2	9.897103E+3
7.804356E+2	9.908846E+3
7.806844E+2	9.919742E+3
7.809332E+2	9.927682E+3
7.811819E+2	9.936917E+3
7.814307E+2	9.948529E+3
7.816795E+2	9.959262E+3
7.819282E+2	9.971917E+3
7.821770E+2	9.982715E+3
7.824257E+2	9.993879E+3
7.826744E+2	1.000566E+4
7.829231E+2	1.001595E+4
7.831718E+2	1.002582E+4
7.834205E+2	1.003084E+4
7.836692E+2	1.003143E+4
7.839179E+2	1.002644E+4
7.841666E+2	1.001319E+4
7.844152E+2	9.997453E+3
7.846639E+2	9.982212E+3
7.849125E+2	9.965808E+3
7.851612E+2	9.945027E+3
7.854098E+2	9.918327E+3
7.856584E+2	9.886999E+3
7.859070E+2	9.853540E+3
7.861556E+2	9.818059E+3
7.864042E+2	9.780294E+3
7.866528E+2	9.740573E+3
7.869014E+2	9.700923E+3
7.871499E+2	9.663748E+3
7.873985E+2	9.627426E+3
7.876470E+2	9.590524E+3
7.878956E+2	9.552021E+3
7.881441E+2	9.513803E+3
7.883926E+2	9.478180E+3
7.886411E+2	9.447486E+3
7.888896E+2	9.424382E+3
7.891381E+2	9.406365E+3
7.893866E+2	9.392289E+3
7.896351E+2	9.378568E+3
7.898835E+2	9.366650E+3
7.901320E+2	9.355846E+3
7.903804E+2	9.348010E+3
7.906289E+2	9.338595E+3
7.908773E+2	9.331289E+3
7.911257E+2	9.322644E+3
7.913742E+2	9.312945E+3
7.916226E+2	9.303458E+3
7.918709E+2	9.295202E+3
7.921193E+2	9.285382E+3
7.923677E+2	9.274650E+3
7.926161E+2	9.260956E+3
7.928644E+2	9.250655E+3
7.931128E+2	9.236994E+3
7.933611E+2	9.224956E+3
7.936095E+2	9.210469E+3
7.938578E+2	9.192191E+3
7.941061E+2	9.169218E+3
7.943544E+2	9.143294E+3
7.946027E+2	9.110098E+3
7.948510E+2	9.074032E+3
7.950993E+2	9.036054E+3
7.953475E+2	8.997759E+3
7.955958E+2	8.961136E+3
7.958440E+2	8.923043E+3
7.960923E+2	8.887163E+3
7.963405E+2	8.847917E+3
7.965887E+2	8.806191E+3
7.968370E+2	8.765579E+3
7.970852E+2	8.728049E+3
7.973334E+2	8.693158E+3
7.975816E+2	8.661524E+3
7.978297E+2	8.632240E+3
7.980779E+2	8.605240E+3
7.983261E+2	8.578786E+3
7.985742E+2	8.558797E+3
7.988224E+2	8.544114E+3
7.990705E+2	8.532803E+3
7.993186E+2	8.522579E+3
7.995668E+2	8.512988E+3
7.998149E+2	8.501185E+3
8.000630E+2	8.491819E+3
8.003111E+2	8.478999E+3
8.005591E+2	8.466283E+3
8.008072E+2	8.451759E+3
8.010553E+2	8.434147E+3
8.013033E+2	8.415803E+3
8.015514E+2	8.394573E+3
8.017994E+2	8.375579E+3
8.020474E+2	8.358518E+3
8.022955E+2	8.343016E+3
8.025435E+2	8.328300E+3
8.027915E+2	8.313355E+3
8.030395E+2	8.302059E+3
8.032874E+2	8.290016E+3
8.035354E+2	8.279305E+3
8.037834E+2	8.266540E+3
8.040313E+2	8.251518E+3
8.042793E+2	8.234917E+3
8.045272E+2	8.218617E+3
8.047752E+2	8.206879E+3
8.050231E+2	8.198633E+3
8.052710E+2	8.196141E+3
8.055189E+2	8.196163E+3
8.057668E+2	8.198994E+3
8.060147E+2	8.203130E+3
8.062625E+2	8.206109E+3
8.065104E+2	8.207896E+3
8.067583E+2	8.208573E+3
8.070061E+2	8.211688E+3
8.072540E+2	8.216917E+3
8.075018E+2	8.228289E+3
8.077496E+2	8.245568E+3
8.079974E+2	8.268524E+3
8.082452E+2	8.299573E+3
8.084930E+2	8.329256E+3
8.087408E+2	8.361770E+3
8.089886E+2	8.392502E+3
8.092364E+2	8.420863E+3
8.094841E+2	8.449103E+3
8.097319E+2	8.481202E+3
8.099796E+2	8.518546E+3
8.102273E+2	8.559868E+3
8.104751E+2	8.602945E+3
8.107228E+2	8.645715E+3
8.109705E+2	8.689087E+3
8.112182E+2	8.726661E+3
8.114659E+2	8.761415E+3
8.117135E+2	8.789764E+3
8.119612E+2	8.812158E+3
8.122089E+2	8.827841E+3
8.124565E+2	8.837404E+3
8.127042E+2	8.840016E+3
8.129518E+2	8.839218E+3
8.131994E+2	8.835120E+3
8.134470E+2	8.828409E+3
8.136946E+2	8.817415E+3
8.139422E+2	8.802939E+3
8.141898E+2	8.785360E+3
8.144374E+2	8.768803E+3
8.146850E+2	8.751792E+3
8.149325E+2	8.733803E+3
8.151801E+2	8.711491E+3
8.154276E+2	8.687956E+3
8.156752E+2	8.662742E+3
8.159227E+2	8.641081E+3
8.161702E+2	8.624327E+3
8.164177E+2	8.608469E+3
8.166652E+2	8.593447E+3
8.169127E+2	8.579229E+3
8.171602E+2	8.562535E+3
8.174077E+2	8.545622E+3
8.176551E+2	8.531721E+3
8.179026E+2	8.522393E+3
8.181500E+2	8.513043E+3
8.183975E+2	8.509611E+3
8.186449E+2	8.504726E+3
8.188923E+2	8.499639E+3
8.191397E+2	8.492977E+3
8.193871E+2	8.480497E+3
8.196345E+2	8.461333E+3
8.198819E+2	8.432797E+3
8.201293E+2	8.397710E+3
8.203766E+2	8.353458E+3
8.206240E+2	8.305480E+3
8.208713E+2	8.254256E+3
8.211187E+2	8.200742E+3
8.213660E+2	8.149158E+3
8.216133E+2	8.098956E+3
8.218606E+2	8.049830E+3
8.221079E+2	7.997885E+3
8.223552E+2	7.942715E+3
8.226025E+2	7.880327E+3
8.228498E+2	7.812289E+3
8.230970E+2	7.737786E+3
8.233443E+2	7.655814E+3
8.235915E+2	7.576059E+3
8.238388E+2	7.495398E+3
8.240860E+2	7.417546E+3
8.243332E+2	7.341141E+3
8.245804E+2	7.265207E+3
8.248276E+2	7.185661E+3
8.250748E+2	7.100901E+3
8.253220E+2	7.012240E+3
8.255692E+2	6.921606E+3
8.258163E+2	6.829819E+3
8.260635E+2	6.738786E+3
8.263106E+2	6.650398E+3
8.265578E+2	6.563688E+3
8.268049E+2	6.483977E+3
8.270520E+2	6.408070E+3
8.272991E+2	6.336589E+3
8.275462E+2	6.269087E+3
8.277933E+2	6.205005E+3
8.280404E+2	6.144994E+3
8.282875E+2	6.087212E+3
8.285345E+2	6.033639E+3
8.287816E+2	5.981059E+3
8.290287E+2	5.929289E+3
8.292757E+2	5.877999E+3
8.295227E+2	5.823950E+3
8.297697E+2	5.769344E+3
8.300168E+2	5.715322E+3
8.302638E+2	5.665338E+3
8.305107E+2	5.619710E+3
8.307577E+2	5.577628E+3
8.310047E+2	5.535726E+3
8.312517E+2	5.491928E+3
8.314986E+2	5.447846E+3
8.317456E+2	5.404808E+3
8.319925E+2	5.360721E+3
8.322394E+2	5.316945E+3
8.324864E+2	5.272568E+3
8.327333E+2	5.224021E+3
8.329802E+2	5.169928E+3
8.332271E+2	5.115191E+3
8.334740E+2	5.052961E+3
8.337208E+2	4.992027E+3
8.339677E+2	4.931874E+3
8.342146E+2	4.871294E+3
8.344614E+2	4.815797E+3
8.347082E+2	4.765349E+3
8.349551E+2	4.719737E+3
8.352019E+2	4.675715E+3
8.354487E+2	4.635447E+3
8.356955E+2	4.595338E+3
8.359423E+2	4.553868E+3
8.361891E+2	4.513016E+3
8.364359E+2	4.471764E+3
8.366826E+2	4.433633E+3
8.369294E+2	4.395972E+3
8.371761E+2	4.360595E+3
8.374229E+2	4.326218E+3
8.376696E+2	4.295398E+3
8.379163E+2	4.265644E+3
8.381630E+2	4.236130E+3
8.384097E+2	4.208824E+3
8.386564E+2	4.182480E+3
8.389031E+2	4.155977E+3
8.391498E+2	4.129311E+3
8.393965E+2	4.104633E+3
8.396431E+2	4.080622E+3
8.398898E+2	4.057152E+3
8.401364E+2	4.035032E+3
8.403830E+2	4.014114E+3
8.406297E+2	3.991557E+3
8.408763E+2	3.970447E+3
8.411229E+2	3.949152E+3
8.413695E+2	3.928639E+3
8.416161E+2	3.910273E+3
8.418626E+2	3.892863E+3
8.421092E+2	3.875508E+3
8.423558E+2	3.859130E+3
8.426023E+2	3.842661E+3
8.428489E+2	3.826786E+3
8.430954E+2	3.809529E+3
8.433419E+2	3.794573E+3
8.435884E+2	3.778562E+3
8.438349E+2	3.763420E+3
8.440814E+2	3.747983E+3
8.443279E+2	3.732043E+3
8.445744E+2	3.716109E+3
8.448208E+2	3.700497E+3
8.450673E+2	3.685928E+3
8.453138E+2	3.670447E+3
8.455602E+2	3.653393E+3
8.458066E+2	3.637710E+3
8.460530E+2	3.620464E+3
8.462995E+2	3.604125E+3
8.465459E+2	3.587371E+3
8.467923E+2	3.569721E+3
8.470386E+2	3.551540E+3
8.472850E+2	3.533032E+3
8.475314E+2	3.513174E+3
8.477777E+2	3.493223E+3
8.480241E+2	3.474748E+3
8.482704E+2	3.454338E+3
8.485168E+2	3.435928E+3
8.487631E+2	3.417688E+3
8.490094E+2	3.399212E+3
8.492557E+2	3.383420E+3
8.495020E+2	3.368589E+3
8.497483E+2	3.353322E+3
8.499946E+2	3.337934E+3
8.502408E+2	3.324120E+3
8.504871E+2	3.310087E+3
8.507333E+2	3.295874E+3
8.509796E+2	3.282546E+3
8.512258E+2	3.269819E+3
8.514720E+2	3.258524E+3
8.517182E+2	3.245775E+3
8.519644E+2	3.234070E+3
8.522106E+2	3.220967E+3
8.524568E+2	3.209759E+3
8.527030E+2	3.197191E+3
8.529492E+2	3.183529E+3
8.531953E+2	3.170294E+3
8.534415E+2	3.157540E+3
8.536876E+2	3.144316E+3
8.539337E+2	3.131491E+3
8.541799E+2	3.118863E+3
8.544260E+2	3.106333E+3
8.546721E+2	3.094021E+3
8.549182E+2	3.081038E+3
8.551643E+2	3.067715E+3
8.554103E+2	3.053961E+3
8.556564E+2	3.040885E+3
8.559024E+2	3.028158E+3
8.561485E+2	3.015059E+3
8.563945E+2	3.002742E+3
8.566406E+2	2.990923E+3
8.568866E+2	2.977934E+3
8.571326E+2	2.964486E+3
8.573786E+2	2.949196E+3
8.576246E+2	2.934977E+3
8.578706E+2	2.920961E+3
8.581166E+2	2.908524E+3
8.583625E+2	2.895426E+3
8.586085E+2	2.882229E+3
8.588544E+2	2.867819E+3
8.591004E+2	2.855125E+3
8.593463E+2	2.842677E+3
8.595922E+2	2.831589E+3
8.598381E+2	2.819726E+3
8.600840E+2	2.807661E+3
8.603299E+2	2.797633E+3
8.605758E+2	2.788442E+3
8.608217E+2	2.778049E+3
8.610675E+2	2.769912E+3
8.613134E+2	2.761464E+3
8.615592E+2	2.753896E+3
8.618051E+2	2.745393E+3
8.620509E+2	2.736611E+3
8.622967E+2	2.727961E+3
8.625425E+2	2.719464E+3
8.627883E+2	2.710764E+3
8.630341E+2	2.701415E+3
8.632799E+2	2.692764E+3
8.635257E+2	2.684185E+3
8.637715E+2	2.674103E+3
8.640172E+2	2.663885E+3
8.642630E+2	2.653185E+3
8.645087E+2	2.641737E+3
8.647544E+2	2.630147E+3
8.650001E+2	2.619365E+3
8.652459E+2	2.607426E+3
8.654916E+2	2.596715E+3
8.657372E+2	2.586294E+3
8.659829E+2	2.576508E+3
8.662286E+2	2.566316E+3
8.664743E+2	2.556218E+3
8.667199E+2	2.546742E+3
8.669656E+2	2.536464E+3
8.672112E+2	2.527338E+3
8.674568E+2	2.517644E+3
8.677024E+2	2.507458E+3
8.679481E+2	2.498283E+3
8.681937E+2	2.488256E+3
8.684392E+2	2.477360E+3
8.686848E+2	2.466682E+3
8.689304E+2	2.455835E+3
8.691760E+2	2.444928E+3
8.694215E+2	2.434251E+3
8.696671E+2	2.422508E+3
8.699126E+2	2.412070E+3
8.701581E+2	2.401699E+3
8.704036E+2	2.391442E+3
8.706491E+2	2.381409E+3
8.708946E+2	2.370715E+3
8.711401E+2	2.361382E+3
8.713856E+2	2.352502E+3
8.716311E+2	2.342557E+3
8.718766E+2	2.333158E+3
8.721220E+2	2.324278E+3
8.723674E+2	2.315901E+3
8.726129E+2	2.307502E+3
8.728583E+2	2.299551E+3
8.731037E+2	2.290699E+3
8.733491E+2	2.281874E+3
8.735945E+2	2.272759E+3
8.738399E+2	2.265065E+3
8.740853E+2	2.257557E+3
8.743307E+2	2.250278E+3
8.745760E+2	2.241185E+3
8.748214E+2	2.233458E+3
8.750667E+2	2.226387E+3
8.753121E+2	2.216764E+3
8.755574E+2	2.207158E+3
8.758027E+2	2.198010E+3
8.760480E+2	2.188278E+3
8.762933E+2	2.178098E+3
8.765386E+2	2.168076E+3
8.767839E+2	2.158671E+3
8.770291E+2	2.149365E+3
8.772744E+2	2.140830E+3
8.775196E+2	2.131710E+3
8.777649E+2	2.122764E+3
8.780101E+2	2.114267E+3
8.782553E+2	2.105130E+3
8.785006E+2	2.095606E+3
8.787458E+2	2.087218E+3
8.789910E+2	2.079737E+3
8.792361E+2	2.073087E+3
8.794813E+2	2.066174E+3
8.797265E+2	2.059087E+3
8.799717E+2	2.051906E+3
8.802168E+2	2.045273E+3
8.804619E+2	2.037327E+3
8.807071E+2	2.029360E+3
8.809522E+2	2.021365E+3
8.811973E+2	2.012863E+3
8.814424E+2	2.005426E+3
8.816875E+2	1.998677E+3
8.819326E+2	1.992130E+3
8.821777E+2	1.984677E+3
8.824227E+2	1.976994E+3
8.826678E+2	1.970524E+3
8.829128E+2	1.963486E+3
8.831579E+2	1.956814E+3
8.834029E+2	1.950983E+3
8.836479E+2	1.945355E+3
8.838929E+2	1.940491E+3
8.841379E+2	1.935786E+3
8.843829E+2	1.930032E+3
8.846279E+2	1.925950E+3
8.848729E+2	1.921032E+3
8.851179E+2	1.916382E+3
8.853628E+2	1.910387E+3
8.856078E+2	1.904715E+3
8.858527E+2	1.899436E+3
8.860976E+2	1.894087E+3
8.863425E+2	1.887803E+3
8.865875E+2	1.882305E+3
8.868324E+2	1.875896E+3
8.870772E+2	1.869983E+3
8.873221E+2	1.865136E+3
8.875670E+2	1.859267E+3
8.878119E+2	1.853710E+3
8.880567E+2	1.848283E+3
8.883016E+2	1.842480E+3
8.885464E+2	1.837120E+3
8.887912E+2	1.831316E+3
8.890360E+2	1.824737E+3
8.892809E+2	1.817846E+3
8.895257E+2	1.810923E+3
8.897704E+2	1.804311E+3
8.900152E+2	1.797191E+3
8.902600E+2	1.790923E+3
8.905048E+2	1.785196E+3
8.907495E+2	1.779005E+3
8.909943E+2	1.772748E+3
8.912390E+2	1.766294E+3
8.914837E+2	1.759393E+3
8.917284E+2	1.753010E+3
8.919731E+2	1.746464E+3
8.922178E+2	1.738508E+3
8.924625E+2	1.731956E+3
8.927072E+2	1.725283E+3
8.929519E+2	1.718038E+3
8.931965E+2	1.711797E+3
8.934412E+2	1.706158E+3
8.936858E+2	1.700972E+3
8.939305E+2	1.695010E+3
8.941751E+2	1.688595E+3
8.944197E+2	1.682426E+3
8.946643E+2	1.675896E+3
8.949089E+2	1.669824E+3
8.951535E+2	1.663819E+3
8.953981E+2	1.657885E+3
8.956426E+2	1.652502E+3
8.958872E+2	1.646688E+3
8.961317E+2	1.641546E+3
8.963763E+2	1.636043E+3
8.966208E+2	1.629589E+3
8.968653E+2	1.623600E+3
8.971098E+2	1.618147E+3
8.973543E+2	1.612994E+3
8.975988E+2	1.607792E+3
8.978433E+2	1.602333E+3
8.980878E+2	1.596409E+3
8.983323E+2	1.591229E+3
8.985767E+2	1.585130E+3
8.988212E+2	1.578824E+3
8.990656E+2	1.572639E+3
8.993100E+2	1.566846E+3
8.995545E+2	1.560223E+3
8.997989E+2	1.553032E+3
9.000433E+2	1.545404E+3
9.002877E+2	1.538764E+3
9.005320E+2	1.532781E+3
9.007764E+2	1.526923E+3
9.010208E+2	1.520420E+3
9.012651E+2	1.514376E+3
9.015095E+2	1.508365E+3
9.017538E+2	1.502447E+3
9.019981E+2	1.496355E+3
9.022425E+2	1.490054E+3
9.024868E+2	1.484382E+3
9.027311E+2	1.477868E+3
9.029754E+2	1.471535E+3
9.032196E+2	1.465130E+3
9.034639E+2	1.458999E+3
9.037082E+2	1.452169E+3
9.039524E+2	1.446382E+3
9.041967E+2	1.440273E+3
9.044409E+2	1.435420E+3
9.046851E+2	1.430365E+3
9.049293E+2	1.425917E+3
9.051736E+2	1.420256E+3
9.054177E+2	1.414710E+3
9.056619E+2	1.409546E+3
9.059061E+2	1.404169E+3
9.061503E+2	1.398994E+3
9.063944E+2	1.393606E+3
9.066386E+2	1.387606E+3
9.068827E+2	1.382141E+3
9.071269E+2	1.377906E+3
9.073710E+2	1.372185E+3
9.076151E+2	1.366600E+3
9.078592E+2	1.361710E+3
9.081033E+2	1.356191E+3
9.083474E+2	1.350994E+3
9.085915E+2	1.344480E+3
9.088355E+2	1.338557E+3
9.090796E+2	1.332977E+3
9.093236E+2	1.327814E+3
9.095677E+2	1.322589E+3
9.098117E+2	1.316732E+3
9.100557E+2	1.311360E+3
9.102997E+2	1.305540E+3
9.105437E+2	1.299584E+3
9.107877E+2	1.294808E+3
9.110317E+2	1.289830E+3
9.112757E+2	1.283879E+3
9.115197E+2	1.278546E+3
9.117636E+2	1.273218E+3
9.120076E+2	1.267874E+3
9.122515E+2	1.261835E+3
9.124954E+2	1.255824E+3
9.127393E+2	1.251147E+3
9.129832E+2	1.247212E+3
9.132271E+2	1.241322E+3
9.134710E+2	1.236792E+3
9.137149E+2	1.231682E+3
9.139588E+2	1.226704E+3
9.142026E+2	1.221283E+3
9.144465E+2	1.215502E+3
9.146903E+2	1.210393E+3
9.149342E+2	1.205027E+3
9.151780E+2	1.200114E+3
9.154218E+2	1.195808E+3
9.156656E+2	1.190508E+3
9.159094E+2	1.185841E+3
9.161532E+2	1.181136E+3
9.163970E+2	1.175934E+3
9.166408E+2	1.170781E+3
9.168845E+2	1.166212E+3
9.171283E+2	1.160748E+3
9.173720E+2	1.155398E+3
9.176157E+2	1.150857E+3
9.178595E+2	1.145513E+3
9.181032E+2	1.140327E+3
9.183469E+2	1.134223E+3
9.185906E+2	1.129513E+3
9.188343E+2	1.123677E+3
9.190779E+2	1.118644E+3
9.193216E+2	1.112863E+3
9.195653E+2	1.106999E+3
9.198089E+2	1.100420E+3
9.200525E+2	1.094797E+3
9.202962E+2	1.089579E+3
9.205398E+2	1.083666E+3
9.207834E+2	1.077994E+3
9.210270E+2	1.072775E+3
9.212706E+2	1.068196E+3
9.215142E+2	1.063710E+3
9.217577E+2	1.058070E+3
9.220013E+2	1.052415E+3
9.222449E+2	1.046737E+3
9.224884E+2	1.042049E+3
9.227319E+2	1.036453E+3
9.229755E+2	1.030956E+3
9.232190E+2	1.024797E+3
9.234625E+2	1.019786E+3
9.237060E+2	1.014202E+3
9.239495E+2	1.009180E+3
9.241930E+2	1.002999E+3
9.244364E+2	9.976879E+2
9.246799E+2	9.923928E+2
9.249233E+2	9.864146E+2
9.251668E+2	9.813327E+2
9.254102E+2	9.755458E+2
9.256536E+2	9.694857E+2
9.258971E+2	9.634747E+2
9.261405E+2	9.586769E+2
9.263839E+2	9.533764E+2
9.266272E+2	9.476277E+2
9.268706E+2	9.422234E+2
9.271140E+2	9.368026E+2
9.273573E+2	9.308682E+2
9.276007E+2	9.243654E+2
9.278440E+2	9.177370E+2
9.280874E+2	9.116824E+2
9.283307E+2	9.043491E+2
9.285740E+2	8.977370E+2
9.288173E+2	8.907698E+2
9.290606E+2	8.841414E+2
9.293039E+2	8.777370E+2
9.295471E+2	8.710321E+2
9.297904E+2	8.652015E+2
9.300337E+2	8.577425E+2
9.302769E+2	8.494966E+2
9.305201E+2	8.420540E+2
9.307634E+2	8.343436E+2
9.310066E+2	8.263709E+2
9.312498E+2	8.189228E+2
9.314930E+2	8.112015E+2
9.317362E+2	8.027971E+2
9.319794E+2	7.946715E+2
9.322225E+2	7.868682E+2
9.324657E+2	7.784092E+2
9.327088E+2	7.700321E+2
9.329520E+2	7.618081E+2
9.331951E+2	7.548627E+2
9.334382E+2	7.469010E+2
9.336814E+2	7.389829E+2
9.339245E+2	7.304802E+2
9.341676E+2	7.224747E+2
9.344106E+2	7.149174E+2
9.346537E+2	7.072452E+2
9.348968E+2	6.999338E+2
9.351398E+2	6.918846E+2
9.353829E+2	6.843108E+2
9.356259E+2	6.764583E+2
9.358690E+2	6.691633E+2
9.361120E+2	6.608627E+2
9.363550E+2	6.532179E+2
9.365980E+2	6.460321E+2
9.368410E+2	6.385403E+2
9.370840E+2	6.320813E+2
9.373269E+2	6.239447E+2
9.375699E+2	6.166059E+2
9.378129E+2	6.095294E+2
9.380558E+2	6.026277E+2
9.382987E+2	5.951414E+2
9.385417E+2	5.888081E+2
9.387846E+2	5.807206E+2
9.390275E+2	5.745075E+2
9.392704E+2	5.681032E+2
9.395133E+2	5.620157E+2
9.397562E+2	5.558299E+2
9.399990E+2	5.494256E+2
9.402419E+2	5.433709E+2
9.404847E+2	5.372288E+2
9.407276E+2	5.317316E+2
9.409704E+2	5.252671E+2
9.412132E+2	5.188354E+2
9.414560E+2	5.138627E+2
9.416988E+2	5.076223E+2
9.419416E+2	5.021195E+2
9.421844E+2	4.968026E+2
9.424272E+2	4.915731E+2
9.426700E+2	4.862070E+2
9.429127E+2	4.814474E+2
9.431555E+2	4.774146E+2
9.433982E+2	4.733600E+2
9.436409E+2	4.690212E+2
9.438837E+2	4.651250E+2
9.441264E+2	4.614420E+2
9.443691E+2	4.578518E+2
9.446118E+2	4.543600E+2
9.448544E+2	4.521633E+2
9.450971E+2	4.497042E+2
9.453398E+2	4.474583E+2
9.455824E+2	4.449283E+2
9.458251E+2	4.433491E+2
9.460677E+2	4.417971E+2
9.463103E+2	4.403818E+2
9.465530E+2	4.386441E+2
9.467956E+2	4.372944E+2
9.470382E+2	4.354966E+2
9.472807E+2	4.345840E+2
9.475233E+2	4.335512E+2
9.477659E+2	4.324201E+2
9.480084E+2	4.312288E+2
9.482510E+2	4.307152E+2
9.484935E+2	4.313436E+2
9.487361E+2	4.315239E+2
9.489786E+2	4.323108E+2
9.492211E+2	4.316059E+2
9.494636E+2	4.311414E+2
9.497061E+2	4.303108E+2
9.499486E+2	4.295239E+2
9.501911E+2	4.298900E+2
9.504335E+2	4.298135E+2
9.506760E+2	4.292835E+2
9.509184E+2	4.291523E+2
9.511609E+2	4.286933E+2
9.514033E+2	4.290321E+2
9.516457E+2	4.291523E+2
9.518881E+2	4.292616E+2
9.521305E+2	4.296441E+2
9.523729E+2	4.310649E+2
9.526153E+2	4.318463E+2
9.528576E+2	4.316277E+2
9.531000E+2	4.321906E+2
9.533424E+2	4.321305E+2
9.535847E+2	4.324474E+2
9.538270E+2	4.322452E+2
9.540694E+2	4.319501E+2
9.543117E+2	4.313163E+2
9.545540E+2	4.312507E+2
9.547963E+2	4.313764E+2
9.550386E+2	4.314747E+2
9.552808E+2	4.316004E+2
9.555231E+2	4.314802E+2
9.557654E+2	4.309338E+2
9.560076E+2	4.312616E+2
9.562498E+2	4.305512E+2
9.564921E+2	4.310813E+2
9.567343E+2	4.310758E+2
9.569765E+2	4.311523E+2
9.572187E+2	4.310212E+2
9.574609E+2	4.305403E+2
9.577031E+2	4.301578E+2
9.579452E+2	4.299010E+2
9.581874E+2	4.295348E+2
9.584296E+2	4.296277E+2
9.586717E+2	4.295567E+2
9.589138E+2	4.288409E+2
9.591560E+2	4.282288E+2
9.593981E+2	4.275130E+2
9.596402E+2	4.267261E+2
9.598823E+2	4.260868E+2
9.601244E+2	4.248026E+2
9.603664E+2	4.245403E+2
9.606085E+2	4.230485E+2
9.608506E+2	4.217589E+2
9.610926E+2	4.204638E+2
9.613347E+2	4.200704E+2
9.615767E+2	4.187480E+2
9.618187E+2	4.185348E+2
9.620607E+2	4.167589E+2
9.623027E+2	4.160430E+2
9.625447E+2	4.152234E+2
9.627867E+2	4.139611E+2
9.630287E+2	4.123982E+2
9.632706E+2	4.096059E+2
9.635126E+2	4.081086E+2
9.637545E+2	4.061250E+2
9.639965E+2	4.055786E+2
9.642384E+2	4.044092E+2
9.644803E+2	4.031032E+2
9.647222E+2	4.019338E+2
9.649641E+2	4.001141E+2
9.652060E+2	3.992944E+2
9.654479E+2	3.982070E+2
9.656897E+2	3.966059E+2
9.659316E+2	3.950321E+2
9.661734E+2	3.932616E+2
9.664153E+2	3.918135E+2
9.666571E+2	3.901414E+2
9.668989E+2	3.897698E+2
9.671408E+2	3.879993E+2
9.673826E+2	3.863491E+2
9.676243E+2	3.857589E+2
9.678661E+2	3.843381E+2
9.681079E+2	3.828299E+2
9.683497E+2	3.812671E+2
9.685914E+2	3.799392E+2
9.688332E+2	3.784529E+2
9.690749E+2	3.774256E+2
9.693166E+2	3.758463E+2
9.695583E+2	3.741851E+2
9.698001E+2	3.723928E+2
9.700417E+2	3.703600E+2
9.702834E+2	3.680594E+2
9.705251E+2	3.663600E+2
9.707668E+2	3.647425E+2
9.710084E+2	3.629228E+2
9.712501E+2	3.611195E+2
9.714917E+2	3.595840E+2
9.717334E+2	3.582944E+2
9.719750E+2	3.571742E+2
9.722166E+2	3.561469E+2
9.724582E+2	3.548736E+2
9.726998E+2	3.526769E+2
9.729414E+2	3.509119E+2
9.731830E+2	3.485731E+2
9.734245E+2	3.465567E+2
9.736661E+2	3.447644E+2
9.739076E+2	3.435786E+2
9.741492E+2	3.413272E+2
9.743907E+2	3.393436E+2
9.746322E+2	3.376113E+2
9.748737E+2	3.361195E+2
9.751152E+2	3.349392E+2
9.753567E+2	3.333873E+2
9.755982E+2	3.315895E+2
9.758396E+2	3.297152E+2
9.760811E+2	3.270922E+2
9.763226E+2	3.259611E+2
9.765640E+2	3.238081E+2
9.768054E+2	3.218190E+2
9.770468E+2	3.194365E+2
9.772883E+2	3.180540E+2
9.775297E+2	3.164857E+2
9.777711E+2	3.150157E+2
9.780124E+2	3.137425E+2
9.782538E+2	3.117370E+2
9.784952E+2	3.095895E+2
9.787365E+2	3.069283E+2
9.789779E+2	3.051578E+2
9.792192E+2	3.038354E+2
9.794605E+2	3.022835E+2
9.797019E+2	3.007698E+2
9.799432E+2	2.983272E+2
9.801845E+2	2.962234E+2
9.804257E+2	2.950922E+2
9.806670E+2	2.939720E+2
9.809083E+2	2.920922E+2
9.811496E+2	2.913381E+2
9.813908E+2	2.892124E+2
9.816320E+2	2.863709E+2
9.818733E+2	2.841578E+2
9.821145E+2	2.822343E+2
9.823557E+2	2.801195E+2
9.825969E+2	2.784583E+2
9.828381E+2	2.772616E+2
9.830793E+2	2.763654E+2
9.833205E+2	2.742234E+2
9.835616E+2	2.726769E+2
9.838028E+2	2.706168E+2
9.840439E+2	2.692562E+2
9.842851E+2	2.672726E+2
9.845262E+2	2.653381E+2
9.847673E+2	2.642288E+2
9.850084E+2	2.630594E+2
9.852495E+2	2.622999E+2
9.854906E+2	2.606223E+2
9.857317E+2	2.592562E+2
9.859727E+2	2.574966E+2
9.862138E+2	2.560758E+2
9.864549E+2	2.545075E+2
9.866959E+2	2.521633E+2
9.869369E+2	2.508245E+2
9.871779E+2	2.491523E+2
9.874190E+2	2.480048E+2
9.876600E+2	2.468026E+2
9.879010E+2	2.461797E+2
9.881419E+2	2.448627E+2
9.883829E+2	2.444802E+2
9.886239E+2	2.425403E+2
9.888648E+2	2.416988E+2
9.891058E+2	2.411305E+2
9.893467E+2	2.401960E+2
9.895876E+2	2.391906E+2
9.898285E+2	2.375731E+2
9.900695E+2	2.362726E+2
9.903104E+2	2.352070E+2
9.905512E+2	2.342999E+2
9.907921E+2	2.336988E+2
9.910330E+2	2.326879E+2
9.912738E+2	2.316551E+2
9.915147E+2	2.316059E+2
9.917555E+2	2.314092E+2
9.919964E+2	2.306113E+2
9.922372E+2	2.294310E+2
9.924780E+2	2.287261E+2
9.927188E+2	2.278518E+2
9.929596E+2	2.275840E+2
9.932004E+2	2.262999E+2
9.934411E+2	2.251305E+2
9.936819E+2	2.238846E+2
9.939227E+2	2.225786E+2
9.941634E+2	2.222944E+2
9.944041E+2	2.215185E+2
9.946449E+2	2.211032E+2
9.948856E+2	2.202671E+2
9.951263E+2	2.189829E+2
9.953670E+2	2.180103E+2
9.956077E+2	2.176879E+2
9.958483E+2	2.165950E+2
9.960890E+2	2.159338E+2
9.963297E+2	2.148736E+2
9.965703E+2	2.133709E+2
9.968109E+2	2.126715E+2
9.970516E+2	2.117152E+2
9.972922E+2	2.107917E+2
9.975328E+2	2.096332E+2
9.977734E+2	2.083436E+2
9.980140E+2	2.071906E+2
9.982546E+2	2.061851E+2
9.984951E+2	2.057917E+2
9.987357E+2	2.041469E+2
9.989763E+2	2.039556E+2
9.992168E+2	2.032671E+2
9.994573E+2	2.021960E+2
9.996978E+2	2.010540E+2
9.999384E+2	1.994037E+2
1.000179E+3	1.978573E+2
1.000419E+3	1.966824E+2
1.000660E+3	1.959665E+2
1.000900E+3	1.949338E+2
1.001141E+3	1.938135E+2
1.001381E+3	1.937042E+2
1.001622E+3	1.923272E+2
1.001862E+3	1.915075E+2
1.002103E+3	1.907534E+2
1.002343E+3	1.893436E+2
1.002583E+3	1.882889E+2
1.002824E+3	1.870594E+2
1.003064E+3	1.853818E+2
1.003305E+3	1.845676E+2
1.003545E+3	1.834092E+2
1.003785E+3	1.816551E+2
1.004026E+3	1.805075E+2
1.004266E+3	1.795676E+2
1.004506E+3	1.782726E+2
1.004747E+3	1.774037E+2
1.004987E+3	1.755622E+2
1.005227E+3	1.742780E+2
1.005468E+3	1.726660E+2
1.005708E+3	1.709338E+2
1.005948E+3	1.695021E+2
1.006188E+3	1.678627E+2
1.006429E+3	1.666332E+2
1.006669E+3	1.652999E+2
1.006909E+3	1.645567E+2
1.007149E+3	1.630103E+2
1.007390E+3	1.624693E+2
1.007630E+3	1.606059E+2
1.007870E+3	1.593764E+2
1.008110E+3	1.584474E+2
1.008350E+3	1.581305E+2
1.008590E+3	1.576551E+2
1.008831E+3	1.560922E+2
1.009071E+3	1.546769E+2
1.009311E+3	1.535294E+2
1.009551E+3	1.521250E+2
1.009791E+3	1.509228E+2
1.010031E+3	1.495185E+2
1.010271E+3	1.481742E+2
1.010511E+3	1.463928E+2
1.010752E+3	1.456879E+2
1.010992E+3	1.450376E+2
1.011232E+3	1.447589E+2
1.011472E+3	1.430868E+2
1.011712E+3	1.417316E+2
1.011952E+3	1.403327E+2
1.012192E+3	1.389228E+2
1.012432E+3	1.374146E+2
1.012672E+3	1.362999E+2
1.012912E+3	1.359447E+2
1.013152E+3	1.345567E+2
1.013392E+3	1.334474E+2
1.013632E+3	1.317753E+2
1.013872E+3	1.309829E+2
1.014112E+3	1.300594E+2
1.014352E+3	1.295130E+2
1.014591E+3	1.292124E+2
1.014831E+3	1.286824E+2
1.015071E+3	1.279884E+2
1.015311E+3	1.266769E+2
1.015551E+3	1.254365E+2
1.015791E+3	1.243709E+2
1.016031E+3	1.236113E+2
1.016271E+3	1.230485E+2
1.016511E+3	1.218682E+2
1.016750E+3	1.211141E+2
1.016990E+3	1.200321E+2
1.017230E+3	1.189283E+2
1.017470E+3	1.182780E+2
1.017710E+3	1.174966E+2
1.017949E+3	1.168463E+2
1.018189E+3	1.162616E+2
1.018429E+3	1.153491E+2
1.018669E+3	1.145185E+2
1.018908E+3	1.134310E+2
1.019148E+3	1.125075E+2
1.019388E+3	1.110540E+2
1.019628E+3	1.111086E+2
1.019867E+3	1.104693E+2
1.020107E+3	1.101523E+2
1.020347E+3	1.093381E+2
1.020586E+3	1.082070E+2
1.020826E+3	1.076277E+2
1.021066E+3	1.064146E+2
1.021305E+3	1.053545E+2
1.021545E+3	1.051523E+2
1.021785E+3	1.043217E+2
1.022024E+3	1.036004E+2
1.022264E+3	1.030868E+2
1.022504E+3	1.027807E+2
1.022743E+3	1.024638E+2
1.022983E+3	1.017698E+2
1.023222E+3	1.003545E+2
1.023462E+3	9.931080E+1
1.023702E+3	9.836545E+1
1.023941E+3	9.751299E+1
1.024181E+3	9.762774E+1
1.024420E+3	9.655124E+1
1.024660E+3	9.609222E+1
1.024899E+3	9.514687E+1
1.025139E+3	9.437638E+1
1.025378E+3	9.283539E+1
1.025618E+3	9.201572E+1
1.025857E+3	9.079714E+1
1.026097E+3	8.980261E+1
1.026336E+3	8.914140E+1
1.026575E+3	8.855670E+1
1.026815E+3	8.775343E+1
1.027054E+3	8.726709E+1
1.027294E+3	8.718512E+1
1.027533E+3	8.587364E+1
1.027773E+3	8.524523E+1
1.028012E+3	8.511955E+1
1.028251E+3	8.480807E+1
1.028491E+3	8.423976E+1
1.028730E+3	8.352392E+1
1.028969E+3	8.248567E+1
1.029209E+3	8.123430E+1
1.029448E+3	8.082993E+1
1.029687E+3	8.072064E+1
1.029927E+3	8.013594E+1
1.030166E+3	7.968785E+1
1.030405E+3	7.888457E+1
1.030645E+3	7.690097E+1
1.030884E+3	7.555124E+1
1.031123E+3	7.478075E+1
1.031362E+3	7.420151E+1
1.031602E+3	7.440370E+1
1.031841E+3	7.344195E+1
1.032080E+3	7.275343E+1
1.032319E+3	7.174796E+1
1.032558E+3	7.113047E+1
1.032798E+3	7.030534E+1
1.033037E+3	7.004851E+1
1.033276E+3	6.899933E+1
1.033515E+3	6.852938E+1
1.033754E+3	6.767692E+1
1.033993E+3	6.772064E+1
1.034233E+3	6.681900E+1
1.034472E+3	6.590643E+1
1.034711E+3	6.552392E+1
1.034950E+3	6.525069E+1
1.035189E+3	6.476982E+1
1.035428E+3	6.375343E+1
1.035667E+3	6.290643E+1
1.035906E+3	6.258403E+1
1.036145E+3	6.208129E+1
1.036384E+3	6.172064E+1
1.036623E+3	6.100479E+1
1.036862E+3	6.079168E+1
1.037101E+3	6.021244E+1
1.037340E+3	5.947474E+1
1.037579E+3	5.843102E+1
1.037818E+3	5.802119E+1
1.038057E+3	5.726709E+1
1.038296E+3	5.709769E+1
1.038535E+3	5.709769E+1
1.038774E+3	5.617966E+1
1.039013E+3	5.574796E+1
1.039252E+3	5.478075E+1
1.039491E+3	5.460042E+1
1.039730E+3	5.417966E+1
1.039969E+3	5.492282E+1
1.040208E+3	5.376435E+1
1.040447E+3	5.331627E+1
1.040685E+3	5.368239E+1
1.040924E+3	5.366599E+1
1.041163E+3	5.307583E+1
1.041402E+3	5.232173E+1
1.041641E+3	5.204304E+1
1.041880E+3	5.154578E+1
1.042118E+3	5.106490E+1
1.042357E+3	5.046381E+1
1.042596E+3	4.999386E+1
1.042835E+3	4.929441E+1
1.043074E+3	4.829441E+1
1.043312E+3	4.755670E+1
1.043551E+3	4.722884E+1
1.043790E+3	4.786272E+1
1.044029E+3	4.757856E+1
1.044267E+3	4.639277E+1
1.044506E+3	4.592829E+1
1.044745E+3	4.570425E+1
1.044983E+3	4.583539E+1
1.045222E+3	4.635452E+1
1.045461E+3	4.661135E+1
1.045699E+3	4.622337E+1
1.045938E+3	4.540916E+1
1.046177E+3	4.375343E+1
1.046415E+3	4.322884E+1
1.046654E+3	4.232173E+1
1.046893E+3	4.218512E+1
1.047131E+3	4.194468E+1
1.047370E+3	4.200479E+1
1.047608E+3	4.152392E+1
1.047847E+3	4.149660E+1
1.048086E+3	4.072610E+1
1.048324E+3	4.114140E+1
1.048563E+3	4.068785E+1
1.048801E+3	4.036545E+1
1.049040E+3	4.027802E+1
1.049278E+3	3.956763E+1
1.049517E+3	3.928894E+1
1.049755E+3	3.952392E+1
1.049994E+3	3.961135E+1
1.050232E+3	3.942556E+1
1.050471E+3	3.863321E+1
1.050709E+3	3.727255E+1
1.050948E+3	3.699386E+1
1.051186E+3	3.698293E+1
1.051424E+3	3.636545E+1
1.051663E+3	3.586272E+1
1.051901E+3	3.513594E+1
1.052140E+3	3.486272E+1
1.052378E+3	3.513594E+1
1.052616E+3	3.490643E+1
1.052855E+3	3.479714E+1
1.053093E+3	3.429441E+1
1.053332E+3	3.379714E+1
1.053570E+3	3.401026E+1
1.053808E+3	3.434905E+1
1.054047E+3	3.417419E+1
1.054285E+3	3.435998E+1
1.054523E+3	3.339823E+1
1.054761E+3	3.370971E+1
1.055000E+3	3.337091E+1
1.055238E+3	3.274250E+1
1.055476E+3	3.175889E+1
1.055715E+3	3.172610E+1
1.055953E+3	3.179168E+1
1.056191E+3	3.135452E+1
1.056429E+3	3.116326E+1
1.056667E+3	3.122884E+1
1.056906E+3	3.145834E+1
1.057144E+3	3.113047E+1
1.057382E+3	3.067692E+1
1.057620E+3	3.107583E+1
1.057858E+3	3.111955E+1
1.058097E+3	3.097201E+1
1.058335E+3	2.959496E+1
1.058573E+3	2.935452E+1
1.058811E+3	2.950752E+1
1.059049E+3	3.058949E+1
1.059287E+3	3.018512E+1
1.059525E+3	2.952392E+1
1.059763E+3	2.876435E+1
1.060001E+3	2.833266E+1
1.060239E+3	2.821244E+1
1.060478E+3	2.782993E+1
1.060716E+3	2.811955E+1
1.060954E+3	2.828894E+1
1.061192E+3	2.909769E+1
1.061430E+3	2.863321E+1
1.061668E+3	2.770971E+1
1.061906E+3	2.727802E+1
1.062144E+3	2.697747E+1
1.062382E+3	2.657856E+1
1.062620E+3	2.668785E+1
1.062858E+3	2.554031E+1
1.063096E+3	2.489550E+1
1.063333E+3	2.462774E+1
1.063571E+3	2.423976E+1
1.063809E+3	2.400479E+1
1.064047E+3	2.356763E+1
1.064285E+3	2.349113E+1
1.064523E+3	2.319058E+1
1.064761E+3	2.334359E+1
1.064999E+3	2.333266E+1
1.065237E+3	2.353485E+1
1.065474E+3	2.381900E+1
1.065712E+3	2.280807E+1
1.065950E+3	2.217419E+1
1.066188E+3	2.204851E+1
1.066426E+3	2.261681E+1
1.066664E+3	2.209222E+1
1.066901E+3	2.142009E+1
1.067139E+3	2.167146E+1
1.067377E+3	2.162774E+1
1.067615E+3	2.123976E+1
1.067852E+3	2.113047E+1
1.068090E+3	2.021244E+1
1.068328E+3	1.942009E+1
1.068566E+3	1.885725E+1
1.068803E+3	1.798840E+1
1.069041E+3	1.746381E+1
1.069279E+3	1.732720E+1
1.069516E+3	1.725616E+1
1.069754E+3	1.695015E+1
1.069992E+3	1.688457E+1
1.070229E+3	1.654031E+1
1.070467E+3	1.666599E+1
1.070705E+3	1.693922E+1
1.070942E+3	1.657310E+1
1.071180E+3	1.580807E+1
1.071418E+3	1.490643E+1
1.071655E+3	1.477528E+1
1.071893E+3	1.446381E+1
1.072130E+3	1.393375E+1
1.072368E+3	1.382993E+1
1.072605E+3	1.348567E+1
1.072843E+3	1.387911E+1
1.073081E+3	1.334359E+1
1.073318E+3	1.328348E+1
1.073556E+3	1.217419E+1
1.073793E+3	1.179168E+1
1.074031E+3	1.178621E+1
1.074268E+3	1.148020E+1
1.074506E+3	1.170425E+1
1.074743E+3	1.191190E+1
1.074981E+3	1.166599E+1
1.075218E+3	1.244195E+1
1.075455E+3	1.240370E+1
1.075693E+3	1.149113E+1
1.075930E+3	1.135998E+1
1.076168E+3	1.130534E+1
1.076405E+3	1.146381E+1
1.076642E+3	1.157856E+1
1.076880E+3	1.176982E+1
1.077117E+3	1.129987E+1
1.077355E+3	1.188457E+1
1.077592E+3	1.273157E+1
1.077829E+3	1.258949E+1
1.078067E+3	1.317419E+1
1.078304E+3	1.332720E+1
1.078541E+3	1.403758E+1
1.078779E+3	1.409222E+1
1.079016E+3	1.448020E+1
1.079253E+3	1.475343E+1
1.079490E+3	1.434905E+1
1.079728E+3	1.426162E+1
1.079965E+3	1.332173E+1
1.080202E+3	1.331080E+1
1.080439E+3	1.323976E+1
1.080677E+3	1.357856E+1
1.080914E+3	1.348020E+1
1.081151E+3	1.362774E+1
1.081388E+3	1.384086E+1
1.081625E+3	1.402665E+1
1.081863E+3	1.323430E+1
1.082100E+3	1.335998E+1
1.082337E+3	1.270425E+1
1.082574E+3	1.335452E+1
1.082811E+3	1.404851E+1
1.083048E+3	1.395015E+1
1.083285E+3	1.331627E+1
1.083522E+3	1.333813E+1
1.083760E+3	1.329987E+1
1.083997E+3	1.334905E+1
1.084234E+3	1.355670E+1
1.084471E+3	1.382446E+1
1.084708E+3	1.409222E+1
1.084945E+3	1.408676E+1
1.085182E+3	1.376982E+1
1.085419E+3	1.427802E+1
1.085656E+3	1.509769E+1
1.085893E+3	1.575889E+1
1.086130E+3	1.597201E+1
1.086367E+3	1.673703E+1
1.086604E+3	1.730534E+1
1.086841E+3	1.758949E+1
1.087078E+3	1.720698E+1
1.087315E+3	1.720698E+1
1.087552E+3	1.735452E+1
1.087789E+3	1.724523E+1
1.088026E+3	1.661135E+1
1.088262E+3	1.649660E+1
1.088499E+3	1.692829E+1
1.088736E+3	1.723430E+1
1.088973E+3	1.652938E+1
1.089210E+3	1.644741E+1
1.089447E+3	1.638731E+1
1.089684E+3	1.559496E+1
1.089921E+3	1.545288E+1
1.090157E+3	1.633813E+1
1.090394E+3	1.625069E+1
1.090631E+3	1.691190E+1
1.090868E+3	1.667692E+1
1.091105E+3	1.648020E+1
1.091341E+3	1.662228E+1
1.091578E+3	1.682993E+1
1.091815E+3	1.620698E+1
1.092052E+3	1.607037E+1
1.092288E+3	1.619058E+1
1.092525E+3	1.580807E+1
1.092762E+3	1.514687E+1
1.092999E+3	1.446927E+1
1.093235E+3	1.437638E+1
1.093472E+3	1.367692E+1
1.093709E+3	1.316326E+1
1.093945E+3	1.344195E+1
1.094182E+3	1.326162E+1
1.094419E+3	1.327255E+1
1.094655E+3	1.275343E+1
1.094892E+3	1.315780E+1
1.095128E+3	1.293375E+1
1.095365E+3	1.285179E+1
1.095602E+3	1.286272E+1
1.095838E+3	1.251845E+1
1.096075E+3	1.189550E+1
1.096311E+3	1.234905E+1
1.096548E+3	1.184632E+1
1.096784E+3	1.203758E+1
1.097021E+3	1.226162E+1
1.097258E+3	1.175343E+1
1.097494E+3	1.157856E+1
1.097731E+3	1.249660E+1
1.097967E+3	1.240370E+1
1.098204E+3	1.220151E+1
1.098440E+3	1.198840E+1
1.098677E+3	1.210315E+1
1.098913E+3	1.199933E+1
1.099149E+3	1.196654E+1
1.099386E+3	1.182446E+1
1.099622E+3	1.182446E+1
1.099859E+3	1.091736E+1
1.100095E+3	1.022884E+1
1.100332E+3	1.027802E+1
1.100568E+3	1.013594E+1
1.100804E+3	9.840858E+0
1.101041E+3	9.125011E+0
1.101277E+3	8.687852E+0
1.101513E+3	9.064901E+0
1.101750E+3	9.305338E+0
1.101986E+3	1.003211E+1
1.102222E+3	1.024523E+1
1.102459E+3	1.099386E+1
1.102695E+3	1.158403E+1
1.102931E+3	1.103758E+1
1.103168E+3	1.121791E+1
1.103404E+3	1.174250E+1
1.103640E+3	1.166053E+1
1.103876E+3	1.233266E+1
1.104113E+3	1.276982E+1
1.104349E+3	1.283539E+1
1.104585E+3	1.273157E+1
1.104821E+3	1.278075E+1
1.105057E+3	1.234905E+1
1.105294E+3	1.218512E+1
1.105530E+3	1.245834E+1
1.105766E+3	1.229441E+1
1.106002E+3	1.228894E+1
1.106238E+3	1.261681E+1
1.106474E+3	1.256763E+1
1.106711E+3	1.226162E+1
1.106947E+3	1.179714E+1
1.107183E+3	1.177528E+1
1.107419E+3	1.144195E+1
1.107655E+3	1.074250E+1
1.107891E+3	1.146381E+1
1.108127E+3	8.010256E+0
1.108363E+3	3.435897E-1
1.108599E+3	1.134359E+1
1.108835E+3	4.034359E+1
1.109071E+3	5.667692E+1
1.109307E+3	3.501026E+1
1.109543E+3	2.401026E+1
1.109779E+3	3.201026E+1
1.110015E+3	8.343590E+0
1.110251E+3	1.001026E+1
1.110487E+3	2.134359E+1
1.110723E+3	1.367692E+1
1.110959E+3	3.167692E+1
1.111195E+3	3.834359E+1
1.111431E+3	1.934359E+1
1.111667E+3	3.367692E+1
1.111903E+3	-7.989744E+0
1.112139E+3	-4.989744E+0
1.112375E+3	1.134359E+1
1.112611E+3	2.234359E+1
1.112847E+3	2.034359E+1
1.113082E+3	3.010256E+0
1.113318E+3	1.234359E+1
1.113554E+3	2.234359E+1
1.113790E+3	-4.656410E+0
1.114026E+3	-1.532308E+1
1.114262E+3	-1.965641E+1
1.114497E+3	-8.989744E+0
1.114733E+3	-1.098974E+1
1.114969E+3	3.401026E+1
