1.951292E+2	0.000000E+0
1.953960E+2	0.000000E+0
1.956629E+2	0.000000E+0
1.959298E+2	0.000000E+0
1.961966E+2	0.000000E+0
1.964635E+2	0.000000E+0
1.967303E+2	0.000000E+0
1.969972E+2	0.000000E+0
1.972640E+2	0.000000E+0
1.975308E+2	0.000000E+0
1.977977E+2	0.000000E+0
1.980645E+2	0.000000E+0
1.983313E+2	0.000000E+0
1.985981E+2	0.000000E+0
1.988649E+2	0.000000E+0
1.991316E+2	0.000000E+0
1.993984E+2	0.000000E+0
1.996652E+2	0.000000E+0
1.999320E+2	0.000000E+0
2.001987E+2	0.000000E+0
2.004655E+2	0.000000E+0
2.007322E+2	0.000000E+0
2.009989E+2	0.000000E+0
2.012657E+2	0.000000E+0
2.015324E+2	0.000000E+0
2.017991E+2	0.000000E+0
2.020658E+2	0.000000E+0
2.023325E+2	0.000000E+0
2.025992E+2	0.000000E+0
2.028659E+2	0.000000E+0
2.031326E+2	0.000000E+0
2.033992E+2	0.000000E+0
2.036659E+2	0.000000E+0
2.039325E+2	0.000000E+0
2.041992E+2	0.000000E+0
2.044658E+2	0.000000E+0
2.047325E+2	0.000000E+0
2.049991E+2	0.000000E+0
2.052657E+2	0.000000E+0
2.055323E+2	0.000000E+0
2.057989E+2	0.000000E+0
2.060655E+2	0.000000E+0
2.063321E+2	0.000000E+0
2.065987E+2	0.000000E+0
2.068653E+2	0.000000E+0
2.071319E+2	0.000000E+0
2.073984E+2	0.000000E+0
2.076650E+2	0.000000E+0
2.079315E+2	0.000000E+0
2.081981E+2	0.000000E+0
2.084646E+2	0.000000E+0
2.087311E+2	0.000000E+0
2.089977E+2	0.000000E+0
2.092642E+2	0.000000E+0
2.095307E+2	0.000000E+0
2.097972E+2	0.000000E+0
2.100637E+2	0.000000E+0
2.103302E+2	0.000000E+0
2.105966E+2	0.000000E+0
2.108631E+2	0.000000E+0
2.111296E+2	0.000000E+0
2.113960E+2	0.000000E+0
2.116625E+2	0.000000E+0
2.119289E+2	0.000000E+0
2.121954E+2	0.000000E+0
2.124618E+2	0.000000E+0
2.127282E+2	0.000000E+0
2.129946E+2	0.000000E+0
2.132610E+2	0.000000E+0
2.135274E+2	0.000000E+0
2.137938E+2	0.000000E+0
2.140602E+2	0.000000E+0
2.143266E+2	0.000000E+0
2.145930E+2	0.000000E+0
2.148593E+2	0.000000E+0
2.151257E+2	0.000000E+0
2.153920E+2	0.000000E+0
2.156584E+2	0.000000E+0
2.159247E+2	0.000000E+0
2.161910E+2	0.000000E+0
2.164574E+2	0.000000E+0
2.167237E+2	0.000000E+0
2.169900E+2	0.000000E+0
2.172563E+2	0.000000E+0
2.175226E+2	0.000000E+0
2.177889E+2	0.000000E+0
2.180551E+2	0.000000E+0
2.183214E+2	0.000000E+0
2.185877E+2	0.000000E+0
2.188539E+2	0.000000E+0
2.191202E+2	0.000000E+0
2.193864E+2	0.000000E+0
2.196527E+2	0.000000E+0
2.199189E+2	0.000000E+0
2.201851E+2	0.000000E+0
2.204513E+2	0.000000E+0
2.207175E+2	0.000000E+0
2.209837E+2	0.000000E+0
2.212499E+2	0.000000E+0
2.215161E+2	0.000000E+0
2.217823E+2	0.000000E+0
2.220485E+2	0.000000E+0
2.223146E+2	0.000000E+0
2.225808E+2	0.000000E+0
2.228469E+2	0.000000E+0
2.231131E+2	0.000000E+0
2.233792E+2	0.000000E+0
2.236453E+2	0.000000E+0
2.239115E+2	0.000000E+0
2.241776E+2	0.000000E+0
2.244437E+2	0.000000E+0
2.247098E+2	0.000000E+0
2.249759E+2	0.000000E+0
2.252420E+2	0.000000E+0
2.255080E+2	0.000000E+0
2.257741E+2	0.000000E+0
2.260402E+2	0.000000E+0
2.263062E+2	0.000000E+0
2.265723E+2	0.000000E+0
2.268383E+2	0.000000E+0
2.271044E+2	0.000000E+0
2.273704E+2	0.000000E+0
2.276364E+2	0.000000E+0
2.279024E+2	0.000000E+0
2.281684E+2	0.000000E+0
2.284344E+2	0.000000E+0
2.287004E+2	0.000000E+0
2.289664E+2	0.000000E+0
2.292324E+2	0.000000E+0
2.294984E+2	0.000000E+0
2.297643E+2	0.000000E+0
2.300303E+2	0.000000E+0
2.302962E+2	0.000000E+0
2.305622E+2	0.000000E+0
2.308281E+2	0.000000E+0
2.310940E+2	0.000000E+0
2.313599E+2	0.000000E+0
2.316259E+2	0.000000E+0
2.318918E+2	0.000000E+0
2.321577E+2	0.000000E+0
2.324236E+2	0.000000E+0
2.326894E+2	0.000000E+0
2.329553E+2	0.000000E+0
2.332212E+2	0.000000E+0
2.334871E+2	0.000000E+0
2.337529E+2	0.000000E+0
2.340188E+2	0.000000E+0
2.342846E+2	0.000000E+0
2.345504E+2	0.000000E+0
2.348163E+2	0.000000E+0
2.350821E+2	0.000000E+0
2.353479E+2	0.000000E+0
2.356137E+2	0.000000E+0
2.358795E+2	0.000000E+0
2.361453E+2	0.000000E+0
2.364111E+2	0.000000E+0
2.366769E+2	0.000000E+0
2.369426E+2	0.000000E+0
2.372084E+2	0.000000E+0
2.374741E+2	0.000000E+0
2.377399E+2	0.000000E+0
2.380056E+2	0.000000E+0
2.382714E+2	0.000000E+0
2.385371E+2	0.000000E+0
2.388028E+2	0.000000E+0
2.390685E+2	0.000000E+0
2.393342E+2	0.000000E+0
2.395999E+2	0.000000E+0
2.398656E+2	0.000000E+0
2.401313E+2	0.000000E+0
2.403970E+2	0.000000E+0
2.406626E+2	0.000000E+0
2.409283E+2	0.000000E+0
2.411940E+2	0.000000E+0
2.414596E+2	0.000000E+0
2.417252E+2	0.000000E+0
2.419909E+2	0.000000E+0
2.422565E+2	0.000000E+0
2.425221E+2	0.000000E+0
2.427877E+2	0.000000E+0
2.430533E+2	0.000000E+0
2.433189E+2	0.000000E+0
2.435845E+2	0.000000E+0
2.438501E+2	0.000000E+0
2.441157E+2	0.000000E+0
2.443812E+2	0.000000E+0
2.446468E+2	0.000000E+0
2.449124E+2	0.000000E+0
2.451779E+2	0.000000E+0
2.454434E+2	0.000000E+0
2.457090E+2	0.000000E+0
2.459745E+2	0.000000E+0
2.462400E+2	0.000000E+0
2.465055E+2	0.000000E+0
2.467710E+2	0.000000E+0
2.470365E+2	0.000000E+0
2.473020E+2	0.000000E+0
2.475675E+2	0.000000E+0
2.478330E+2	0.000000E+0
2.480984E+2	0.000000E+0
2.483639E+2	0.000000E+0
2.486294E+2	0.000000E+0
2.488948E+2	0.000000E+0
2.491602E+2	0.000000E+0
2.494257E+2	0.000000E+0
2.496911E+2	0.000000E+0
2.499565E+2	0.000000E+0
2.502219E+2	1.611355E+1
2.504873E+2	1.583486E+1
2.507527E+2	1.517366E+1
2.510181E+2	1.508076E+1
2.512835E+2	1.556710E+1
2.515489E+2	1.551246E+1
2.518142E+2	1.556164E+1
2.520796E+2	1.623377E+1
2.523449E+2	1.694961E+1
2.526103E+2	1.666000E+1
2.528756E+2	1.632666E+1
2.531409E+2	1.566000E+1
2.534063E+2	1.582940E+1
2.536716E+2	1.727202E+1
2.539369E+2	1.719005E+1
2.542022E+2	1.780207E+1
2.544675E+2	1.716273E+1
2.547328E+2	1.753431E+1
2.549980E+2	1.796601E+1
2.552633E+2	1.728295E+1
2.555286E+2	1.698787E+1
2.557938E+2	1.690590E+1
2.560591E+2	1.797147E+1
2.563243E+2	1.850699E+1
2.565896E+2	1.859442E+1
2.568548E+2	1.929388E+1
2.571200E+2	1.935399E+1
2.573852E+2	1.938131E+1
2.576504E+2	1.961082E+1
2.579156E+2	1.961082E+1
2.581808E+2	1.978568E+1
2.584460E+2	1.950153E+1
2.587112E+2	1.960535E+1
2.589763E+2	1.935945E+1
2.592415E+2	1.907530E+1
2.595067E+2	1.943049E+1
2.597718E+2	1.927202E+1
2.600369E+2	1.981300E+1
2.603021E+2	1.994961E+1
2.605672E+2	2.048513E+1
2.608323E+2	2.105344E+1
2.610974E+2	2.065453E+1
2.613625E+2	2.028841E+1
2.616276E+2	2.028841E+1
2.618927E+2	2.045235E+1
2.621578E+2	2.014087E+1
2.624229E+2	1.990043E+1
2.626880E+2	2.081847E+1
2.629530E+2	2.127202E+1
2.632181E+2	2.077475E+1
2.634831E+2	2.018459E+1
2.637482E+2	2.053431E+1
2.640132E+2	2.129388E+1
2.642782E+2	2.141956E+1
2.645432E+2	2.068186E+1
2.648082E+2	2.123377E+1
2.650732E+2	2.102065E+1
2.653382E+2	2.051246E+1
2.656032E+2	2.010262E+1
2.658682E+2	2.033213E+1
2.661332E+2	2.057257E+1
2.663981E+2	2.024470E+1
2.666631E+2	2.029388E+1
2.669281E+2	2.081847E+1
2.671930E+2	2.053431E+1
2.674579E+2	1.995508E+1
2.677229E+2	2.047420E+1
2.679878E+2	2.027202E+1
2.682527E+2	1.963267E+1
2.685176E+2	1.832666E+1
2.687825E+2	1.804251E+1
2.690474E+2	1.823377E+1
2.693123E+2	1.773650E+1
2.695772E+2	1.745781E+1
2.698420E+2	1.672011E+1
2.701069E+2	1.663814E+1
2.703718E+2	1.658349E+1
2.706366E+2	1.685125E+1
2.709014E+2	1.663814E+1
2.711663E+2	1.637038E+1
2.714311E+2	1.661082E+1
2.716959E+2	1.658349E+1
2.719607E+2	1.635399E+1
2.722255E+2	1.591683E+1
2.724903E+2	1.546328E+1
2.727551E+2	1.563814E+1
2.730199E+2	1.544142E+1
2.732847E+2	1.532120E+1
2.735495E+2	1.541956E+1
2.738142E+2	1.522284E+1
2.740790E+2	1.600972E+1
2.743437E+2	1.596601E+1
2.746085E+2	1.580207E+1
2.748732E+2	1.561628E+1
2.751379E+2	1.555617E+1
2.754026E+2	1.598787E+1
2.756674E+2	1.534306E+1
2.759321E+2	1.529388E+1
2.761968E+2	1.434306E+1
2.764614E+2	1.408076E+1
2.767261E+2	1.390590E+1
2.769908E+2	1.330481E+1
2.772555E+2	1.326655E+1
2.775201E+2	1.323377E+1
2.777848E+2	1.350153E+1
2.780494E+2	1.356710E+1
2.783141E+2	1.392229E+1
2.785787E+2	1.438131E+1
2.788433E+2	1.374743E+1
2.791079E+2	1.323377E+1
2.793725E+2	1.288404E+1
2.796371E+2	1.287311E+1
2.799017E+2	1.210262E+1
2.801663E+2	1.116273E+1
2.804309E+2	1.083486E+1
2.806955E+2	1.108623E+1
2.809600E+2	1.072011E+1
2.812246E+2	1.134306E+1
2.814891E+2	1.136492E+1
2.817537E+2	1.173104E+1
2.820182E+2	1.147967E+1
2.822827E+2	1.126109E+1
2.825473E+2	1.122284E+1
2.828118E+2	1.079114E+1
2.830763E+2	1.032666E+1
2.833408E+2	9.676391E+0
2.836053E+2	9.933221E+0
2.838697E+2	9.528850E+0
2.841342E+2	8.938686E+0
2.843987E+2	8.780216E+0
2.846632E+2	9.381309E+0
2.849276E+2	9.971473E+0
2.851921E+2	1.040317E+1
2.854565E+2	1.066546E+1
2.857209E+2	1.070918E+1
2.859853E+2	1.042502E+1
2.862498E+2	1.006983E+1
2.865142E+2	9.769287E+0
2.867786E+2	1.017366E+1
2.870430E+2	9.676391E+0
2.873074E+2	9.168194E+0
2.875717E+2	8.884041E+0
2.878361E+2	9.026117E+0
2.881005E+2	9.293877E+0
2.883648E+2	9.179123E+0
2.886292E+2	9.053440E+0
2.888935E+2	9.463276E+0
2.891579E+2	9.359451E+0
2.894222E+2	9.610817E+0
2.896865E+2	1.000972E+1
2.899508E+2	1.017912E+1
2.902151E+2	9.430489E+0
2.904794E+2	9.299341E+0
2.907437E+2	9.982402E+0
2.910080E+2	1.021191E+1
2.912723E+2	1.079114E+1
2.915366E+2	1.110262E+1
2.918008E+2	1.166000E+1
2.920651E+2	1.189497E+1
2.923293E+2	1.243595E+1
2.925936E+2	1.253978E+1
2.928578E+2	1.238677E+1
2.931220E+2	1.196054E+1
2.933863E+2	1.140863E+1
2.936505E+2	1.187311E+1
2.939147E+2	1.198240E+1
2.941789E+2	1.140863E+1
2.944431E+2	1.127202E+1
2.947072E+2	1.153431E+1
2.949714E+2	1.121737E+1
2.952356E+2	1.134852E+1
2.954997E+2	1.187311E+1
2.957639E+2	1.192229E+1
2.960280E+2	1.258896E+1
2.962922E+2	1.298787E+1
2.965563E+2	1.281847E+1
2.968204E+2	1.230481E+1
2.970845E+2	1.172557E+1
2.973486E+2	1.099880E+1
2.976127E+2	1.104798E+1
2.978768E+2	1.097694E+1
2.981409E+2	1.106437E+1
2.984050E+2	1.047967E+1
2.986691E+2	1.098240E+1
2.989331E+2	1.137038E+1
2.991972E+2	1.159442E+1
2.994612E+2	1.211901E+1
2.997253E+2	1.200426E+1
2.999893E+2	1.253431E+1
3.002534E+2	1.317366E+1
3.005174E+2	1.312448E+1
3.007814E+2	1.291136E+1
3.010454E+2	1.300972E+1
3.013094E+2	1.241956E+1
3.015734E+2	1.269278E+1
3.018374E+2	1.281847E+1
3.021013E+2	1.295508E+1
3.023653E+2	1.333759E+1
3.026293E+2	1.286765E+1
3.028932E+2	1.271464E+1
3.031572E+2	1.321191E+1
3.034211E+2	1.350699E+1
3.036850E+2	1.393869E+1
3.039489E+2	1.419005E+1
3.042129E+2	1.433759E+1
3.044768E+2	1.477475E+1
3.047407E+2	1.477475E+1
3.050046E+2	1.446328E+1
3.052685E+2	1.469278E+1
3.055323E+2	1.492776E+1
3.057962E+2	1.440317E+1
3.060601E+2	1.464907E+1
3.063239E+2	1.456164E+1
3.065878E+2	1.512448E+1
3.068516E+2	1.499333E+1
3.071155E+2	1.495508E+1
3.073793E+2	1.469278E+1
3.076431E+2	1.402612E+1
3.079069E+2	1.374196E+1
3.081707E+2	1.431027E+1
3.084345E+2	1.463814E+1
3.086983E+2	1.476382E+1
3.089621E+2	1.500972E+1
3.092259E+2	1.522284E+1
3.094896E+2	1.587858E+1
3.097534E+2	1.540863E+1
3.100171E+2	1.530481E+1
3.102809E+2	1.523923E+1
3.105446E+2	1.564907E+1
3.108084E+2	1.561082E+1
3.110721E+2	1.605344E+1
3.113358E+2	1.619005E+1
3.115995E+2	1.629388E+1
3.118632E+2	1.594415E+1
3.121269E+2	1.622830E+1
3.123906E+2	1.614087E+1
3.126543E+2	1.627748E+1
3.129179E+2	1.617366E+1
3.131816E+2	1.659442E+1
3.134453E+2	1.674196E+1
3.137089E+2	1.668732E+1
3.139725E+2	1.661628E+1
3.142362E+2	1.631027E+1
3.144998E+2	1.643595E+1
3.147634E+2	1.617912E+1
3.150270E+2	1.634306E+1
3.152906E+2	1.649606E+1
3.155542E+2	1.718459E+1
3.158178E+2	1.757257E+1
3.160814E+2	1.703705E+1
3.163450E+2	1.696054E+1
3.166086E+2	1.762721E+1
3.168721E+2	1.798240E+1
3.171357E+2	1.745781E+1
3.173992E+2	1.764907E+1
3.176627E+2	1.755617E+1
3.179263E+2	1.769825E+1
3.181898E+2	1.786765E+1
3.184533E+2	1.793869E+1
3.187168E+2	1.903705E+1
3.189803E+2	1.876382E+1
3.192438E+2	1.855617E+1
3.195073E+2	1.916819E+1
3.197708E+2	1.973650E+1
3.200342E+2	1.976382E+1
3.202977E+2	2.010808E+1
3.205612E+2	2.022830E+1
3.208246E+2	2.107530E+1
3.210881E+2	2.153431E+1
3.213515E+2	2.215726E+1
3.216149E+2	2.211355E+1
3.218783E+2	2.219552E+1
3.221417E+2	2.235399E+1
3.224051E+2	2.236492E+1
3.226685E+2	2.184033E+1
3.229319E+2	2.168186E+1
3.231953E+2	2.166000E+1
3.234587E+2	2.131027E+1
3.237221E+2	2.129388E+1
3.239854E+2	2.199333E+1
3.242488E+2	2.172557E+1
3.245121E+2	2.076929E+1
3.247754E+2	2.039770E+1
3.250388E+2	2.062721E+1
3.253021E+2	2.121191E+1
3.255654E+2	2.125563E+1
3.258287E+2	2.209169E+1
3.260920E+2	2.194961E+1
3.263553E+2	2.250153E+1
3.266186E+2	2.208076E+1
3.268819E+2	2.234306E+1
3.271451E+2	2.266546E+1
3.274084E+2	2.281300E+1
3.276717E+2	2.327748E+1
3.279349E+2	2.424470E+1
3.281981E+2	2.376382E+1
3.284614E+2	2.411355E+1
3.287246E+2	2.476382E+1
3.289878E+2	2.553978E+1
3.292510E+2	2.577475E+1
3.295142E+2	2.695508E+1
3.297774E+2	2.758896E+1
3.300406E+2	2.820098E+1
3.303038E+2	2.849606E+1
3.305670E+2	2.905344E+1
3.308301E+2	2.981300E+1
3.310933E+2	3.037038E+1
3.313564E+2	3.029934E+1
3.316196E+2	3.004798E+1
3.318827E+2	3.019552E+1
3.321458E+2	3.061628E+1
3.324089E+2	3.134306E+1
3.326721E+2	3.174743E+1
3.329352E+2	3.204798E+1
3.331983E+2	3.232666E+1
3.334614E+2	3.332120E+1
3.337244E+2	3.391136E+1
3.339875E+2	3.426109E+1
3.342506E+2	3.452339E+1
3.345136E+2	3.522830E+1
3.347767E+2	3.493869E+1
3.350397E+2	3.494961E+1
3.353028E+2	3.570371E+1
3.355658E+2	3.563814E+1
3.358288E+2	3.587311E+1
3.360918E+2	3.592776E+1
3.363548E+2	3.619005E+1
3.366178E+2	3.603705E+1
3.368808E+2	3.617366E+1
3.371438E+2	3.604798E+1
3.374068E+2	3.556710E+1
3.376698E+2	3.584033E+1
3.379327E+2	3.681847E+1
3.381957E+2	3.693322E+1
3.384586E+2	3.735399E+1
3.387216E+2	3.839770E+1
3.389845E+2	3.879661E+1
3.392474E+2	3.940317E+1
3.395103E+2	4.023923E+1
3.397733E+2	4.097694E+1
3.400362E+2	4.105890E+1
3.402990E+2	4.117912E+1
3.405619E+2	4.286218E+1
3.408248E+2	4.346874E+1
3.410877E+2	4.369278E+1
3.413506E+2	4.432120E+1
3.416134E+2	4.451246E+1
3.418763E+2	4.461082E+1
3.421391E+2	4.531027E+1
3.424019E+2	4.585125E+1
3.426648E+2	4.682393E+1
3.429276E+2	4.788951E+1
3.431904E+2	4.903158E+1
3.434532E+2	4.981300E+1
3.437160E+2	5.049606E+1
3.439788E+2	5.088951E+1
3.442416E+2	5.169278E+1
3.445043E+2	5.244688E+1
3.447671E+2	5.286218E+1
3.450299E+2	5.340863E+1
3.452926E+2	5.400426E+1
3.455554E+2	5.391683E+1
3.458181E+2	5.439770E+1
3.460808E+2	5.464907E+1
3.463436E+2	5.669278E+1
3.466063E+2	5.726109E+1
3.468690E+2	5.717912E+1
3.471317E+2	5.720098E+1
3.473944E+2	5.856164E+1
3.476570E+2	5.985672E+1
3.479197E+2	6.079114E+1
3.481824E+2	6.141956E+1
3.484451E+2	6.190590E+1
3.487077E+2	6.245781E+1
3.489704E+2	6.323923E+1
3.492330E+2	6.447967E+1
3.494956E+2	6.550153E+1
3.497582E+2	6.653431E+1
3.500209E+2	6.709716E+1
3.502835E+2	6.834306E+1
3.505461E+2	6.933759E+1
3.508087E+2	7.070371E+1
3.510713E+2	7.220098E+1
3.513338E+2	7.287858E+1
3.515964E+2	7.384579E+1
3.518590E+2	7.417366E+1
3.521215E+2	7.516273E+1
3.523841E+2	7.541956E+1
3.526466E+2	7.675289E+1
3.529091E+2	7.814634E+1
3.531717E+2	7.927202E+1
3.534342E+2	8.174196E+1
3.536967E+2	8.327748E+1
3.539592E+2	8.379661E+1
3.542217E+2	8.470371E+1
3.544842E+2	8.588404E+1
3.547467E+2	8.625016E+1
3.550091E+2	8.792229E+1
3.552716E+2	8.970371E+1
3.555341E+2	9.151792E+1
3.557965E+2	9.261628E+1
3.560590E+2	9.465453E+1
3.563214E+2	9.710808E+1
3.565838E+2	9.768732E+1
3.568462E+2	9.951246E+1
3.571086E+2	1.013704E+2
3.573711E+2	1.027748E+2
3.576335E+2	1.049059E+2
3.578958E+2	1.062884E+2
3.581582E+2	1.074469E+2
3.584206E+2	1.081682E+2
3.586830E+2	1.097256E+2
3.589453E+2	1.102174E+2
3.592077E+2	1.110644E+2
3.594700E+2	1.126217E+2
3.597324E+2	1.140862E+2
3.599947E+2	1.154687E+2
3.602570E+2	1.177966E+2
3.605193E+2	1.188622E+2
3.607816E+2	1.207256E+2
3.610439E+2	1.233868E+2
3.613062E+2	1.255070E+2
3.615685E+2	1.267420E+2
3.618308E+2	1.285070E+2
3.620930E+2	1.306928E+2
3.623553E+2	1.318294E+2
3.626176E+2	1.338021E+2
3.628798E+2	1.362556E+2
3.631420E+2	1.381245E+2
3.634043E+2	1.398349E+2
3.636665E+2	1.419387E+2
3.639287E+2	1.437092E+2
3.641909E+2	1.457365E+2
3.644531E+2	1.476491E+2
3.647153E+2	1.491299E+2
3.649775E+2	1.505780E+2
3.652397E+2	1.532502E+2
3.655018E+2	1.543485E+2
3.657640E+2	1.560698E+2
3.660262E+2	1.584578E+2
3.662883E+2	1.600862E+2
3.665505E+2	1.617911E+2
3.668126E+2	1.631026E+2
3.670747E+2	1.648349E+2
3.673368E+2	1.664687E+2
3.675989E+2	1.682228E+2
3.678610E+2	1.709168E+2
3.681231E+2	1.735288E+2
3.683852E+2	1.767638E+2
3.686473E+2	1.791245E+2
3.689094E+2	1.809660E+2
3.691714E+2	1.827584E+2
3.694335E+2	1.841737E+2
3.696955E+2	1.861081E+2
3.699576E+2	1.888622E+2
3.702196E+2	1.910152E+2
3.704816E+2	1.939004E+2
3.707437E+2	1.964687E+2
3.710057E+2	1.989879E+2
3.712677E+2	2.010480E+2
3.715297E+2	2.024961E+2
3.717917E+2	2.049004E+2
3.720536E+2	2.066108E+2
3.723156E+2	2.084250E+2
3.725776E+2	2.116928E+2
3.728395E+2	2.146491E+2
3.731015E+2	2.165944E+2
3.733634E+2	2.189551E+2
3.736254E+2	2.207748E+2
3.738873E+2	2.230698E+2
3.741492E+2	2.260480E+2
3.744111E+2	2.292010E+2
3.746730E+2	2.318185E+2
3.749349E+2	2.350097E+2
3.751968E+2	2.375125E+2
3.754587E+2	2.398567E+2
3.757206E+2	2.422829E+2
3.759824E+2	2.450316E+2
3.762443E+2	2.469551E+2
3.765061E+2	2.501791E+2
3.767680E+2	2.530043E+2
3.770298E+2	2.549933E+2
3.772916E+2	2.573485E+2
3.775535E+2	2.604196E+2
3.778153E+2	2.632447E+2
3.780771E+2	2.659660E+2
3.783389E+2	2.689660E+2
3.786007E+2	2.716054E+2
3.788624E+2	2.739387E+2
3.791242E+2	2.770862E+2
3.793860E+2	2.801354E+2
3.796477E+2	2.828239E+2
3.799095E+2	2.858950E+2
3.801712E+2	2.892283E+2
3.804330E+2	2.927529E+2
3.806947E+2	2.967638E+2
3.809564E+2	3.006819E+2
3.812181E+2	3.031299E+2
3.814798E+2	3.062010E+2
3.817415E+2	3.100753E+2
3.820032E+2	3.139059E+2
3.822649E+2	3.167748E+2
3.825266E+2	3.198567E+2
3.827883E+2	3.237748E+2
3.830499E+2	3.270808E+2
3.833116E+2	3.303048E+2
3.835732E+2	3.342174E+2
3.838348E+2	3.378130E+2
3.840965E+2	3.409223E+2
3.843581E+2	3.441354E+2
3.846197E+2	3.476491E+2
3.848813E+2	3.514305E+2
3.851429E+2	3.552720E+2
3.854045E+2	3.585835E+2
3.856661E+2	3.620316E+2
3.859277E+2	3.658567E+2
3.861892E+2	3.695671E+2
3.864508E+2	3.727146E+2
3.867124E+2	3.763595E+2
3.869739E+2	3.794633E+2
3.872354E+2	3.839879E+2
3.874970E+2	3.886272E+2
3.877585E+2	3.927911E+2
3.880200E+2	3.968786E+2
3.882815E+2	4.011190E+2
3.885430E+2	4.047911E+2
3.888045E+2	4.079660E+2
3.890660E+2	4.119551E+2
3.893275E+2	4.155179E+2
3.895889E+2	4.205125E+2
3.898504E+2	4.243376E+2
3.901118E+2	4.284523E+2
3.903733E+2	4.330097E+2
3.906347E+2	4.365890E+2
3.908962E+2	4.401901E+2
3.911576E+2	4.447310E+2
3.914190E+2	4.490972E+2
3.916804E+2	4.529715E+2
3.919418E+2	4.570207E+2
3.922032E+2	4.612228E+2
3.924646E+2	4.648403E+2
3.927260E+2	4.686764E+2
3.929873E+2	4.720698E+2
3.932487E+2	4.758676E+2
3.935100E+2	4.798239E+2
3.937714E+2	4.839059E+2
3.940327E+2	4.882010E+2
3.942941E+2	4.918513E+2
3.945554E+2	4.965125E+2
3.948167E+2	5.010917E+2
3.950780E+2	5.058567E+2
3.953393E+2	5.099114E+2
3.956006E+2	5.139769E+2
3.958619E+2	5.180534E+2
3.961232E+2	5.219332E+2
3.963844E+2	5.259660E+2
3.966457E+2	5.298349E+2
3.969069E+2	5.339715E+2
3.971682E+2	5.381354E+2
3.974294E+2	5.429933E+2
3.976907E+2	5.469442E+2
3.979519E+2	5.506709E+2
3.982131E+2	5.556545E+2
3.984743E+2	5.604141E+2
3.987355E+2	5.646054E+2
3.989967E+2	5.692502E+2
3.992579E+2	5.738185E+2
3.995191E+2	5.778622E+2
3.997802E+2	5.817638E+2
4.000414E+2	5.863922E+2
4.003025E+2	5.912119E+2
4.005637E+2	5.951518E+2
4.008248E+2	5.995835E+2
4.010860E+2	6.050316E+2
4.013471E+2	6.103103E+2
4.016082E+2	6.152064E+2
4.018693E+2	6.197966E+2
4.021304E+2	6.252611E+2
4.023915E+2	6.309059E+2
4.026526E+2	6.362338E+2
4.029137E+2	6.410917E+2
4.031747E+2	6.457092E+2
4.034358E+2	6.506928E+2
4.036968E+2	6.557911E+2
4.039579E+2	6.607638E+2
4.042189E+2	6.657857E+2
4.044800E+2	6.711901E+2
4.047410E+2	6.765780E+2
4.050020E+2	6.825671E+2
4.052630E+2	6.877256E+2
4.055240E+2	6.927256E+2
4.057850E+2	6.984906E+2
4.060460E+2	7.040698E+2
4.063070E+2	7.090043E+2
4.065679E+2	7.143922E+2
4.068289E+2	7.195507E+2
4.070898E+2	7.244305E+2
4.073508E+2	7.290152E+2
4.076117E+2	7.343103E+2
4.078727E+2	7.394851E+2
4.081336E+2	7.452666E+2
4.083945E+2	7.507256E+2
4.086554E+2	7.561901E+2
4.089163E+2	7.623431E+2
4.091772E+2	7.683922E+2
4.094381E+2	7.743922E+2
4.096990E+2	7.807474E+2
4.099598E+2	7.868458E+2
4.102207E+2	7.928239E+2
4.104815E+2	7.985288E+2
4.107424E+2	8.040370E+2
4.110032E+2	8.090862E+2
4.112640E+2	8.142064E+2
4.115249E+2	8.200808E+2
4.117857E+2	8.266272E+2
4.120465E+2	8.325999E+2
4.123073E+2	8.378130E+2
4.125681E+2	8.443649E+2
4.128289E+2	8.499824E+2
4.130896E+2	8.565398E+2
4.133504E+2	8.621518E+2
4.136112E+2	8.678294E+2
4.138719E+2	8.741791E+2
4.141327E+2	8.801026E+2
4.143934E+2	8.858567E+2
4.146541E+2	8.923376E+2
4.149149E+2	8.981627E+2
4.151756E+2	9.046545E+2
4.154363E+2	9.110589E+2
4.156970E+2	9.172338E+2
4.159577E+2	9.240972E+2
4.162184E+2	9.299879E+2
4.164790E+2	9.368021E+2
4.167397E+2	9.426108E+2
4.170004E+2	9.476108E+2
4.172610E+2	9.529605E+2
4.175217E+2	9.591518E+2
4.177823E+2	9.650534E+2
4.180429E+2	9.711901E+2
4.183035E+2	9.769824E+2
4.185642E+2	9.831135E+2
4.188248E+2	9.894851E+2
4.190854E+2	9.954633E+2
4.193459E+2	1.001381E+3
4.196065E+2	1.008299E+3
4.198671E+2	1.014119E+3
4.201277E+2	1.019376E+3
4.203882E+2	1.024726E+3
4.206488E+2	1.030485E+3
4.209093E+2	1.035633E+3
4.211699E+2	1.041966E+3
4.214304E+2	1.047704E+3
4.216909E+2	1.054174E+3
4.219514E+2	1.059868E+3
4.222119E+2	1.065709E+3
4.224724E+2	1.072502E+3
4.227329E+2	1.078573E+3
4.229934E+2	1.084693E+3
4.232539E+2	1.092288E+3
4.235143E+2	1.099704E+3
4.237748E+2	1.105720E+3
4.240352E+2	1.112277E+3
4.242957E+2	1.119168E+3
4.245561E+2	1.126900E+3
4.248166E+2	1.134141E+3
4.250770E+2	1.140933E+3
4.253374E+2	1.148201E+3
4.255978E+2	1.155409E+3
4.258582E+2	1.162758E+3
4.261186E+2	1.169616E+3
4.263790E+2	1.176917E+3
4.266393E+2	1.184425E+3
4.268997E+2	1.192223E+3
4.271600E+2	1.200808E+3
4.274204E+2	1.207851E+3
4.276807E+2	1.214168E+3
4.279411E+2	1.221097E+3
4.282014E+2	1.228720E+3
4.284617E+2	1.235086E+3
4.287220E+2	1.243250E+3
4.289823E+2	1.250829E+3
4.292426E+2	1.258786E+3
4.295029E+2	1.266316E+3
4.297632E+2	1.274021E+3
4.300235E+2	1.281660E+3
4.302837E+2	1.289655E+3
4.305440E+2	1.297381E+3
4.308042E+2	1.305955E+3
4.310645E+2	1.314070E+3
4.313247E+2	1.322469E+3
4.315849E+2	1.329835E+3
4.318451E+2	1.337332E+3
4.321054E+2	1.345032E+3
4.323656E+2	1.352709E+3
4.326258E+2	1.360731E+3
4.328859E+2	1.367900E+3
4.331461E+2	1.375933E+3
4.334063E+2	1.383447E+3
4.336665E+2	1.391032E+3
4.339266E+2	1.398398E+3
4.341868E+2	1.405294E+3
4.344469E+2	1.412338E+3
4.347070E+2	1.419824E+3
4.349671E+2	1.427146E+3
4.352273E+2	1.435228E+3
4.354874E+2	1.441835E+3
4.357475E+2	1.449791E+3
4.360076E+2	1.457081E+3
4.362677E+2	1.465720E+3
4.365277E+2	1.473993E+3
4.367878E+2	1.482573E+3
4.370479E+2	1.490234E+3
4.373079E+2	1.498594E+3
4.375680E+2	1.506791E+3
4.378280E+2	1.515376E+3
4.380880E+2	1.523463E+3
4.383480E+2	1.531124E+3
4.386081E+2	1.539890E+3
4.388681E+2	1.548917E+3
4.391281E+2	1.555573E+3
4.393881E+2	1.562305E+3
4.396480E+2	1.570578E+3
4.399080E+2	1.578321E+3
4.401680E+2	1.585797E+3
4.404279E+2	1.592829E+3
4.406879E+2	1.600141E+3
4.409478E+2	1.607818E+3
4.412078E+2	1.614911E+3
4.414677E+2	1.621398E+3
4.417276E+2	1.627059E+3
4.419875E+2	1.634928E+3
4.422474E+2	1.641556E+3
4.425073E+2	1.648999E+3
4.427672E+2	1.656611E+3
4.430271E+2	1.663518E+3
4.432870E+2	1.670665E+3
4.435469E+2	1.677988E+3
4.438067E+2	1.685523E+3
4.440666E+2	1.692693E+3
4.443264E+2	1.699376E+3
4.445862E+2	1.704660E+3
4.448461E+2	1.711267E+3
4.451059E+2	1.718048E+3
4.453657E+2	1.725267E+3
4.456255E+2	1.731359E+3
4.458853E+2	1.738414E+3
4.461451E+2	1.744829E+3
4.464049E+2	1.751474E+3
4.466646E+2	1.757119E+3
4.469244E+2	1.764185E+3
4.471842E+2	1.770272E+3
4.474439E+2	1.778185E+3
4.477036E+2	1.785884E+3
4.479634E+2	1.792573E+3
4.482231E+2	1.799507E+3
4.484828E+2	1.806961E+3
4.487425E+2	1.815540E+3
4.490022E+2	1.823097E+3
4.492619E+2	1.829846E+3
4.495216E+2	1.835813E+3
4.497813E+2	1.842726E+3
4.500410E+2	1.850704E+3
4.503006E+2	1.858818E+3
4.505603E+2	1.867130E+3
4.508199E+2	1.874911E+3
4.510796E+2	1.881594E+3
4.513392E+2	1.889600E+3
4.515988E+2	1.896917E+3
4.518584E+2	1.905704E+3
4.521180E+2	1.912851E+3
4.523776E+2	1.920463E+3
4.526372E+2	1.926939E+3
4.528968E+2	1.934556E+3
4.531564E+2	1.941911E+3
4.534160E+2	1.949463E+3
4.536755E+2	1.957545E+3
4.539351E+2	1.967043E+3
4.541946E+2	1.974911E+3
4.544541E+2	1.982818E+3
4.547137E+2	1.989988E+3
4.549732E+2	1.999387E+3
4.552327E+2	2.007999E+3
4.554922E+2	2.016212E+3
4.557517E+2	2.024824E+3
4.560112E+2	2.034840E+3
4.562707E+2	2.044119E+3
4.565302E+2	2.052797E+3
4.567896E+2	2.063299E+3
4.570491E+2	2.073370E+3
4.573085E+2	2.082496E+3
4.575680E+2	2.093081E+3
4.578274E+2	2.102228E+3
4.580868E+2	2.112436E+3
4.583463E+2	2.122376E+3
4.586057E+2	2.131152E+3
4.588651E+2	2.141359E+3
4.591245E+2	2.151223E+3
4.593838E+2	2.161988E+3
4.596432E+2	2.172988E+3
4.599026E+2	2.184660E+3
4.601620E+2	2.196343E+3
4.604213E+2	2.209070E+3
4.606807E+2	2.219829E+3
4.609400E+2	2.231829E+3
4.611993E+2	2.243644E+3
4.614587E+2	2.256037E+3
4.617180E+2	2.269217E+3
4.619773E+2	2.281824E+3
4.622366E+2	2.294491E+3
4.624959E+2	2.309474E+3
4.627552E+2	2.321764E+3
4.630144E+2	2.334715E+3
4.632737E+2	2.348573E+3
4.635330E+2	2.360534E+3
4.637922E+2	2.375212E+3
4.640515E+2	2.389758E+3
4.643107E+2	2.403004E+3
4.645699E+2	2.416206E+3
4.648292E+2	2.430556E+3
4.650884E+2	2.446103E+3
4.653476E+2	2.462982E+3
4.656068E+2	2.479392E+3
4.658660E+2	2.495403E+3
4.661251E+2	2.511616E+3
4.663843E+2	2.526070E+3
4.666435E+2	2.542064E+3
4.669026E+2	2.560092E+3
4.671618E+2	2.577015E+3
4.674209E+2	2.594715E+3
4.676801E+2	2.612420E+3
4.679392E+2	2.629982E+3
4.681983E+2	2.648114E+3
4.684574E+2	2.666933E+3
4.687165E+2	2.686157E+3
4.689756E+2	2.704338E+3
4.692347E+2	2.722961E+3
4.694938E+2	2.741529E+3
4.697529E+2	2.759179E+3
4.700119E+2	2.779846E+3
4.702710E+2	2.799655E+3
4.705300E+2	2.821829E+3
4.707891E+2	2.841977E+3
4.710481E+2	2.863895E+3
4.713071E+2	2.886704E+3
4.715661E+2	2.909043E+3
4.718252E+2	2.930764E+3
4.720842E+2	2.953616E+3
4.723431E+2	2.976458E+3
4.726021E+2	2.998633E+3
4.728611E+2	3.020862E+3
4.731201E+2	3.046272E+3
4.733790E+2	3.071474E+3
4.736380E+2	3.096146E+3
4.738969E+2	3.121081E+3
4.741559E+2	3.145474E+3
4.744148E+2	3.170299E+3
4.746737E+2	3.195824E+3
4.749326E+2	3.221999E+3
4.751915E+2	3.246600E+3
4.754504E+2	3.271933E+3
4.757093E+2	3.298780E+3
4.759682E+2	3.325146E+3
4.762271E+2	3.351720E+3
4.764859E+2	3.379146E+3
4.767448E+2	3.406267E+3
4.770037E+2	3.433332E+3
4.772625E+2	3.460425E+3
4.775213E+2	3.485971E+3
4.777802E+2	3.514004E+3
4.780390E+2	3.540463E+3
4.782978E+2	3.566327E+3
4.785566E+2	3.594797E+3
4.788154E+2	3.624452E+3
4.790742E+2	3.651693E+3
4.793329E+2	3.679682E+3
4.795917E+2	3.708032E+3
4.798505E+2	3.734676E+3
4.801092E+2	3.763097E+3
4.803680E+2	3.791671E+3
4.806267E+2	3.819791E+3
4.808854E+2	3.848310E+3
4.811442E+2	3.875644E+3
4.814029E+2	3.903403E+3
4.816616E+2	3.931534E+3
4.819203E+2	3.958491E+3
4.821790E+2	3.987403E+3
4.824377E+2	4.015851E+3
4.826963E+2	4.042496E+3
4.829550E+2	4.069135E+3
4.832137E+2	4.097999E+3
4.834723E+2	4.125124E+3
4.837310E+2	4.152961E+3
4.839896E+2	4.180021E+3
4.842482E+2	4.207966E+3
4.845068E+2	4.234458E+3
4.847655E+2	4.261928E+3
4.850241E+2	4.288922E+3
4.852827E+2	4.314108E+3
4.855412E+2	4.340332E+3
4.857998E+2	4.365447E+3
4.860584E+2	4.390660E+3
4.863170E+2	4.414206E+3
4.865755E+2	4.440108E+3
4.868341E+2	4.463327E+3
4.870926E+2	4.486174E+3
4.873511E+2	4.509698E+3
4.876097E+2	4.533879E+3
4.878682E+2	4.556966E+3
4.881267E+2	4.580961E+3
4.883852E+2	4.604157E+3
4.886437E+2	4.627562E+3
4.889022E+2	4.648086E+3
4.891606E+2	4.668365E+3
4.894191E+2	4.689491E+3
4.896776E+2	4.711043E+3
4.899360E+2	4.733507E+3
4.901945E+2	4.754217E+3
4.904529E+2	4.774037E+3
4.907113E+2	4.793179E+3
4.909697E+2	4.814704E+3
4.912282E+2	4.834791E+3
4.914866E+2	4.853447E+3
4.917450E+2	4.872693E+3
4.920034E+2	4.891190E+3
4.922617E+2	4.908890E+3
4.925201E+2	4.926146E+3
4.927785E+2	4.943797E+3
4.930368E+2	4.961409E+3
4.932952E+2	4.979600E+3
4.935535E+2	4.996092E+3
4.938118E+2	5.013365E+3
4.940702E+2	5.030611E+3
4.943285E+2	5.046900E+3
4.945868E+2	5.061179E+3
4.948451E+2	5.076660E+3
4.951034E+2	5.092813E+3
4.953617E+2	5.106780E+3
4.956200E+2	5.121846E+3
4.958782E+2	5.137430E+3
4.961365E+2	5.153944E+3
4.963947E+2	5.167971E+3
4.966530E+2	5.180387E+3
4.969112E+2	5.194425E+3
4.971694E+2	5.207272E+3
4.974277E+2	5.218862E+3
4.976859E+2	5.232441E+3
4.979441E+2	5.246370E+3
4.982023E+2	5.259185E+3
4.984605E+2	5.272267E+3
4.987187E+2	5.285201E+3
4.989768E+2	5.295480E+3
4.992350E+2	5.306726E+3
4.994931E+2	5.317709E+3
4.997513E+2	5.328731E+3
5.000094E+2	5.340589E+3
5.002676E+2	5.351829E+3
5.005257E+2	5.361665E+3
5.007838E+2	5.371900E+3
5.010419E+2	5.383059E+3
5.013000E+2	5.393993E+3
5.015581E+2	5.405261E+3
5.018162E+2	5.416971E+3
5.020743E+2	5.427310E+3
5.023323E+2	5.437638E+3
5.025904E+2	5.447922E+3
5.028485E+2	5.457840E+3
5.031065E+2	5.466846E+3
5.033645E+2	5.476124E+3
5.036226E+2	5.484944E+3
5.038806E+2	5.493103E+3
5.041386E+2	5.500939E+3
5.043966E+2	5.509578E+3
5.046546E+2	5.518185E+3
5.049126E+2	5.527420E+3
5.051706E+2	5.537665E+3
5.054285E+2	5.545447E+3
5.056865E+2	5.552594E+3
5.059445E+2	5.561758E+3
5.062024E+2	5.570168E+3
5.064604E+2	5.578993E+3
5.067183E+2	5.585971E+3
5.069762E+2	5.594731E+3
5.072341E+2	5.601387E+3
5.074920E+2	5.609523E+3
5.077499E+2	5.616993E+3
5.080078E+2	5.625999E+3
5.082657E+2	5.632736E+3
5.085236E+2	5.640502E+3
5.087815E+2	5.648736E+3
5.090393E+2	5.655835E+3
5.092972E+2	5.663687E+3
5.095550E+2	5.670671E+3
5.098129E+2	5.677622E+3
5.100707E+2	5.683917E+3
5.103285E+2	5.691660E+3
5.105863E+2	5.698283E+3
5.108441E+2	5.704441E+3
5.111019E+2	5.712267E+3
5.113597E+2	5.718551E+3
5.116175E+2	5.724463E+3
5.118753E+2	5.729567E+3
5.121330E+2	5.736075E+3
5.123908E+2	5.743534E+3
5.126485E+2	5.750512E+3
5.129063E+2	5.756862E+3
5.131640E+2	5.765174E+3
5.134217E+2	5.771474E+3
5.136794E+2	5.777420E+3
5.139371E+2	5.782955E+3
5.141948E+2	5.790032E+3
5.144525E+2	5.796201E+3
5.147102E+2	5.803321E+3
5.149679E+2	5.810529E+3
5.152256E+2	5.817638E+3
5.154832E+2	5.824349E+3
5.157409E+2	5.830217E+3
5.159985E+2	5.836769E+3
5.162562E+2	5.844436E+3
5.165138E+2	5.850988E+3
5.167714E+2	5.858245E+3
5.170290E+2	5.864704E+3
5.172866E+2	5.869769E+3
5.175442E+2	5.874665E+3
5.178018E+2	5.880507E+3
5.180594E+2	5.885070E+3
5.183170E+2	5.890327E+3
5.185745E+2	5.896512E+3
5.188321E+2	5.901261E+3
5.190896E+2	5.904857E+3
5.193472E+2	5.909638E+3
5.196047E+2	5.914349E+3
5.198622E+2	5.919671E+3
5.201197E+2	5.923687E+3
5.203772E+2	5.928201E+3
5.206347E+2	5.934021E+3
5.208922E+2	5.936103E+3
5.211497E+2	5.940769E+3
5.214072E+2	5.944999E+3
5.216646E+2	5.948982E+3
5.219221E+2	5.953578E+3
5.221795E+2	5.958152E+3
5.224370E+2	5.962332E+3
5.226944E+2	5.964922E+3
5.229519E+2	5.969332E+3
5.232093E+2	5.972015E+3
5.234667E+2	5.976092E+3
5.237241E+2	5.978851E+3
5.239815E+2	5.983458E+3
5.242389E+2	5.985627E+3
5.244962E+2	5.987037E+3
5.247536E+2	5.990900E+3
5.250110E+2	5.993250E+3
5.252683E+2	5.996900E+3
5.255257E+2	5.998824E+3
5.257830E+2	6.002141E+3
5.260403E+2	6.005430E+3
5.262977E+2	6.007993E+3
5.265550E+2	6.012026E+3
5.268123E+2	6.014769E+3
5.270696E+2	6.019715E+3
5.273269E+2	6.022835E+3
5.275841E+2	6.025376E+3
5.278414E+2	6.028321E+3
5.280987E+2	6.029971E+3
5.283559E+2	6.031900E+3
5.286132E+2	6.034075E+3
5.288704E+2	6.035769E+3
5.291276E+2	6.037567E+3
5.293849E+2	6.038600E+3
5.296421E+2	6.040551E+3
5.298993E+2	6.041179E+3
5.301565E+2	6.042791E+3
5.304137E+2	6.043961E+3
5.306709E+2	6.044884E+3
5.309280E+2	6.046398E+3
5.311852E+2	6.047775E+3
5.314424E+2	6.047655E+3
5.316995E+2	6.049075E+3
5.319567E+2	6.048633E+3
5.322138E+2	6.048950E+3
5.324709E+2	6.049567E+3
5.327280E+2	6.050649E+3
5.329852E+2	6.052124E+3
5.332423E+2	6.054108E+3
5.334994E+2	6.055425E+3
5.337564E+2	6.056660E+3
5.340135E+2	6.058950E+3
5.342706E+2	6.061370E+3
5.345276E+2	6.064338E+3
5.347847E+2	6.067720E+3
5.350417E+2	6.068900E+3
5.352988E+2	6.070327E+3
5.355558E+2	6.071283E+3
5.358128E+2	6.072573E+3
5.360698E+2	6.075163E+3
5.363269E+2	6.076354E+3
5.365839E+2	6.080179E+3
5.368408E+2	6.082185E+3
5.370978E+2	6.083971E+3
5.373548E+2	6.086884E+3
5.376118E+2	6.090441E+3
5.378687E+2	6.092665E+3
5.381257E+2	6.096370E+3
5.383826E+2	6.099780E+3
5.386395E+2	6.102982E+3
5.388965E+2	6.106545E+3
5.391534E+2	6.108141E+3
5.394103E+2	6.110890E+3
5.396672E+2	6.114928E+3
5.399241E+2	6.119370E+3
5.401810E+2	6.123228E+3
5.404378E+2	6.125294E+3
5.406947E+2	6.127032E+3
5.409516E+2	6.130288E+3
5.412084E+2	6.134808E+3
5.414653E+2	6.138491E+3
5.417221E+2	6.141769E+3
5.419789E+2	6.146283E+3
5.422357E+2	6.147267E+3
5.424925E+2	6.149059E+3
5.427493E+2	6.150797E+3
5.430061E+2	6.153556E+3
5.432629E+2	6.156747E+3
5.435197E+2	6.160245E+3
5.437765E+2	6.164316E+3
5.440332E+2	6.167676E+3
5.442900E+2	6.170961E+3
5.445467E+2	6.174288E+3
5.448035E+2	6.179157E+3
5.450602E+2	6.182900E+3
5.453169E+2	6.186135E+3
5.455736E+2	6.188676E+3
5.458303E+2	6.191534E+3
5.460870E+2	6.194053E+3
5.463437E+2	6.197305E+3
5.466004E+2	6.198343E+3
5.468571E+2	6.199693E+3
5.471137E+2	6.202294E+3
5.473704E+2	6.204436E+3
5.476270E+2	6.208769E+3
5.478837E+2	6.211747E+3
5.481403E+2	6.213835E+3
5.483969E+2	6.215321E+3
5.486535E+2	6.217114E+3
5.489101E+2	6.218081E+3
5.491667E+2	6.219512E+3
5.494233E+2	6.221196E+3
5.496799E+2	6.223370E+3
5.499365E+2	6.224720E+3
5.501931E+2	6.226529E+3
5.504496E+2	6.227911E+3
5.507062E+2	6.231469E+3
5.509627E+2	6.233502E+3
5.512192E+2	6.237441E+3
5.514758E+2	6.240114E+3
5.517323E+2	6.242010E+3
5.519888E+2	6.243108E+3
5.522453E+2	6.244294E+3
5.525018E+2	6.244933E+3
5.527583E+2	6.246190E+3
5.530147E+2	6.247512E+3
5.532712E+2	6.246081E+3
5.535277E+2	6.247944E+3
5.537841E+2	6.248633E+3
5.540406E+2	6.248523E+3
5.542970E+2	6.248523E+3
5.545534E+2	6.248818E+3
5.548098E+2	6.249736E+3
5.550663E+2	6.250420E+3
5.553227E+2	6.251190E+3
5.555791E+2	6.251327E+3
5.558354E+2	6.252261E+3
5.560918E+2	6.253605E+3
5.563482E+2	6.256999E+3
5.566046E+2	6.257939E+3
5.568609E+2	6.257480E+3
5.571173E+2	6.256206E+3
5.573736E+2	6.256075E+3
5.576299E+2	6.255605E+3
5.578862E+2	6.257010E+3
5.581426E+2	6.257316E+3
5.583989E+2	6.257343E+3
5.586552E+2	6.258359E+3
5.589114E+2	6.257999E+3
5.591677E+2	6.258064E+3
5.594240E+2	6.258736E+3
5.596803E+2	6.259316E+3
5.599365E+2	6.260857E+3
5.601928E+2	6.262469E+3
5.604490E+2	6.261310E+3
5.607052E+2	6.260753E+3
5.609614E+2	6.260944E+3
5.612177E+2	6.262529E+3
5.614739E+2	6.263305E+3
5.617301E+2	6.263939E+3
5.619863E+2	6.264272E+3
5.622424E+2	6.266124E+3
5.624986E+2	6.266562E+3
5.627548E+2	6.267239E+3
5.630109E+2	6.267906E+3
5.632671E+2	6.268124E+3
5.635232E+2	6.268665E+3
5.637794E+2	6.269993E+3
5.640355E+2	6.272135E+3
5.642916E+2	6.273163E+3
5.645477E+2	6.274879E+3
5.648038E+2	6.276075E+3
5.650599E+2	6.277092E+3
5.653160E+2	6.277021E+3
5.655721E+2	6.277392E+3
5.658281E+2	6.278944E+3
5.660842E+2	6.280196E+3
5.663402E+2	6.280436E+3
5.665963E+2	6.281032E+3
5.668523E+2	6.281163E+3
5.671083E+2	6.282370E+3
5.673644E+2	6.283726E+3
5.676204E+2	6.283818E+3
5.678764E+2	6.283933E+3
5.681324E+2	6.286376E+3
5.683883E+2	6.287135E+3
5.686443E+2	6.287409E+3
5.689003E+2	6.289644E+3
5.691562E+2	6.289534E+3
5.694122E+2	6.288922E+3
5.696681E+2	6.289578E+3
5.699241E+2	6.289299E+3
5.701800E+2	6.289764E+3
5.704359E+2	6.290387E+3
5.706918E+2	6.291687E+3
5.709477E+2	6.290605E+3
5.712036E+2	6.290217E+3
5.714595E+2	6.290512E+3
5.717154E+2	6.290873E+3
5.719713E+2	6.289851E+3
5.722271E+2	6.288808E+3
5.724830E+2	6.290310E+3
5.727388E+2	6.292480E+3
5.729947E+2	6.292862E+3
5.732505E+2	6.293310E+3
5.735063E+2	6.294283E+3
5.737621E+2	6.296611E+3
5.740179E+2	6.297562E+3
5.742737E+2	6.297704E+3
5.745295E+2	6.298430E+3
5.747853E+2	6.297769E+3
5.750411E+2	6.297939E+3
5.752968E+2	6.298053E+3
5.755526E+2	6.297288E+3
5.758083E+2	6.295704E+3
5.760641E+2	6.296343E+3
5.763198E+2	6.297425E+3
5.765755E+2	6.298026E+3
5.768312E+2	6.298447E+3
5.770869E+2	6.299879E+3
5.773426E+2	6.300327E+3
5.775983E+2	6.299655E+3
5.778540E+2	6.298594E+3
5.781097E+2	6.300545E+3
5.783653E+2	6.301502E+3
5.786210E+2	6.302463E+3
5.788766E+2	6.302103E+3
5.791323E+2	6.302736E+3
5.793879E+2	6.303403E+3
5.796435E+2	6.301731E+3
5.798991E+2	6.301676E+3
5.801547E+2	6.301359E+3
5.804103E+2	6.302605E+3
5.806659E+2	6.303223E+3
5.809215E+2	6.304474E+3
5.811771E+2	6.304950E+3
5.814327E+2	6.304529E+3
5.816882E+2	6.303212E+3
5.819438E+2	6.302146E+3
5.821993E+2	6.302846E+3
5.824548E+2	6.301868E+3
5.827104E+2	6.302130E+3
5.829659E+2	6.301502E+3
5.832214E+2	6.300523E+3
5.834769E+2	6.301288E+3
5.837324E+2	6.300212E+3
5.839878E+2	6.300616E+3
5.842433E+2	6.300392E+3
5.844988E+2	6.300032E+3
5.847542E+2	6.299731E+3
5.850097E+2	6.299917E+3
5.852651E+2	6.299731E+3
5.855206E+2	6.301152E+3
5.857760E+2	6.300879E+3
5.860314E+2	6.300884E+3
5.862868E+2	6.299299E+3
5.865422E+2	6.299523E+3
5.867976E+2	6.301272E+3
5.870530E+2	6.301529E+3
5.873084E+2	6.300644E+3
5.875637E+2	6.299747E+3
5.878191E+2	6.300387E+3
5.880744E+2	6.299922E+3
5.883298E+2	6.299447E+3
5.885851E+2	6.298092E+3
5.888404E+2	6.298114E+3
5.890958E+2	6.298256E+3
5.893511E+2	6.296627E+3
5.896064E+2	6.296316E+3
5.898617E+2	6.295234E+3
5.901169E+2	6.294917E+3
5.903722E+2	6.295288E+3
5.906275E+2	6.295502E+3
5.908827E+2	6.295365E+3
5.911380E+2	6.295108E+3
5.913932E+2	6.294742E+3
5.916485E+2	6.294797E+3
5.919037E+2	6.295758E+3
5.921589E+2	6.295562E+3
5.924141E+2	6.294496E+3
5.926693E+2	6.293616E+3
5.929245E+2	6.294026E+3
5.931797E+2	6.295239E+3
5.934349E+2	6.295988E+3
5.936900E+2	6.296430E+3
5.939452E+2	6.298135E+3
5.942004E+2	6.298638E+3
5.944555E+2	6.300370E+3
5.947106E+2	6.302359E+3
5.949658E+2	6.302758E+3
5.952209E+2	6.305321E+3
5.954760E+2	6.307070E+3
5.957311E+2	6.308392E+3
5.959862E+2	6.308977E+3
5.962413E+2	6.310846E+3
5.964963E+2	6.311507E+3
5.967514E+2	6.313250E+3
5.970065E+2	6.315359E+3
5.972615E+2	6.318441E+3
5.975166E+2	6.320939E+3
5.977716E+2	6.323540E+3
5.980266E+2	6.326769E+3
5.982816E+2	6.328261E+3
5.985367E+2	6.330491E+3
5.987917E+2	6.335583E+3
5.990467E+2	6.337818E+3
5.993016E+2	6.340305E+3
5.995566E+2	6.343414E+3
5.998116E+2	6.346365E+3
6.000665E+2	6.350086E+3
6.003215E+2	6.353398E+3
6.005764E+2	6.357900E+3
6.008314E+2	6.362447E+3
6.010863E+2	6.365698E+3
6.013412E+2	6.369818E+3
6.015961E+2	6.373376E+3
6.018510E+2	6.378441E+3
6.021059E+2	6.383032E+3
6.023608E+2	6.386458E+3
6.026157E+2	6.390420E+3
6.028706E+2	6.395786E+3
6.031254E+2	6.400638E+3
6.033803E+2	6.404392E+3
6.036351E+2	6.407999E+3
6.038900E+2	6.411316E+3
6.041448E+2	6.415245E+3
6.043996E+2	6.419021E+3
6.046544E+2	6.421441E+3
6.049092E+2	6.424961E+3
6.051640E+2	6.429573E+3
6.054188E+2	6.434130E+3
6.056736E+2	6.439267E+3
6.059283E+2	6.443463E+3
6.061831E+2	6.447458E+3
6.064378E+2	6.452124E+3
6.066926E+2	6.457135E+3
6.069473E+2	6.462070E+3
6.072021E+2	6.466201E+3
6.074568E+2	6.468655E+3
6.077115E+2	6.472294E+3
6.079662E+2	6.476818E+3
6.082209E+2	6.481726E+3
6.084756E+2	6.485917E+3
6.087302E+2	6.490715E+3
6.089849E+2	6.495480E+3
6.092396E+2	6.497775E+3
6.094942E+2	6.500709E+3
6.097489E+2	6.504097E+3
6.100035E+2	6.506999E+3
6.102581E+2	6.508709E+3
6.105127E+2	6.511354E+3
6.107674E+2	6.513988E+3
6.110220E+2	6.517698E+3
6.112766E+2	6.521277E+3
6.115311E+2	6.524201E+3
6.117857E+2	6.526458E+3
6.120403E+2	6.529086E+3
6.122948E+2	6.531119E+3
6.125494E+2	6.532277E+3
6.128039E+2	6.533873E+3
6.130585E+2	6.536234E+3
6.133130E+2	6.537928E+3
6.135675E+2	6.539370E+3
6.138220E+2	6.542179E+3
6.140765E+2	6.544157E+3
6.143310E+2	6.545021E+3
6.145855E+2	6.546747E+3
6.148400E+2	6.549436E+3
6.150945E+2	6.552010E+3
6.153489E+2	6.554786E+3
6.156034E+2	6.554736E+3
6.158578E+2	6.557168E+3
6.161123E+2	6.558206E+3
6.163667E+2	6.559775E+3
6.166211E+2	6.561540E+3
6.168755E+2	6.563529E+3
6.171299E+2	6.566917E+3
6.173843E+2	6.568387E+3
6.176387E+2	6.569015E+3
6.178931E+2	6.569933E+3
6.181474E+2	6.571441E+3
6.184018E+2	6.572518E+3
6.186561E+2	6.573693E+3
6.189105E+2	6.574988E+3
6.191648E+2	6.576299E+3
6.194191E+2	6.577900E+3
6.196735E+2	6.580589E+3
6.199278E+2	6.582556E+3
6.201821E+2	6.585660E+3
6.204364E+2	6.588168E+3
6.206907E+2	6.588835E+3
6.209449E+2	6.590485E+3
6.211992E+2	6.592851E+3
6.214535E+2	6.594966E+3
6.217077E+2	6.597726E+3
6.219619E+2	6.599463E+3
6.222162E+2	6.601217E+3
6.224704E+2	6.602840E+3
6.227246E+2	6.605611E+3
6.229788E+2	6.609458E+3
6.232330E+2	6.613567E+3
6.234872E+2	6.617053E+3
6.237414E+2	6.618971E+3
6.239956E+2	6.620605E+3
6.242498E+2	6.622638E+3
6.245039E+2	6.624622E+3
6.247581E+2	6.629627E+3
6.250122E+2	6.632414E+3
6.252663E+2	6.636168E+3
6.255205E+2	6.639540E+3
6.257746E+2	6.643228E+3
6.260287E+2	6.646895E+3
6.262828E+2	6.649966E+3
6.265369E+2	6.653420E+3
6.267910E+2	6.656840E+3
6.270450E+2	6.660540E+3
6.272991E+2	6.665381E+3
6.275532E+2	6.671048E+3
6.278072E+2	6.674103E+3
6.280613E+2	6.678977E+3
6.283153E+2	6.683179E+3
6.285693E+2	6.688890E+3
6.288233E+2	6.692693E+3
6.290773E+2	6.697687E+3
6.293313E+2	6.700764E+3
6.295853E+2	6.706436E+3
6.298393E+2	6.710261E+3
6.300933E+2	6.712753E+3
6.303472E+2	6.716409E+3
6.306012E+2	6.718961E+3
6.308551E+2	6.721873E+3
6.311091E+2	6.726053E+3
6.313630E+2	6.729223E+3
6.316169E+2	6.732698E+3
6.318709E+2	6.735327E+3
6.321248E+2	6.737299E+3
6.323787E+2	6.739966E+3
6.326326E+2	6.740518E+3
6.328864E+2	6.743906E+3
6.331403E+2	6.748671E+3
6.333942E+2	6.751950E+3
6.336480E+2	6.756086E+3
6.339019E+2	6.759185E+3
6.341557E+2	6.762687E+3
6.344095E+2	6.766655E+3
6.346634E+2	6.769354E+3
6.349172E+2	6.771955E+3
6.351710E+2	6.773660E+3
6.354248E+2	6.777119E+3
6.356786E+2	6.779873E+3
6.359324E+2	6.782321E+3
6.361861E+2	6.785769E+3
6.364399E+2	6.788840E+3
6.366936E+2	6.789726E+3
6.369474E+2	6.793944E+3
6.372011E+2	6.794966E+3
6.374549E+2	6.797288E+3
6.377086E+2	6.798873E+3
6.379623E+2	6.800097E+3
6.382160E+2	6.801398E+3
6.384697E+2	6.802239E+3
6.387234E+2	6.802977E+3
6.389771E+2	6.804190E+3
6.392307E+2	6.805879E+3
6.394844E+2	6.807709E+3
6.397380E+2	6.809704E+3
6.399917E+2	6.812583E+3
6.402453E+2	6.813594E+3
6.404990E+2	6.814764E+3
6.407526E+2	6.815294E+3
6.410062E+2	6.816786E+3
6.412598E+2	6.818436E+3
6.415134E+2	6.819277E+3
6.417670E+2	6.821381E+3
6.420206E+2	6.821633E+3
6.422741E+2	6.822026E+3
6.425277E+2	6.823097E+3
6.427812E+2	6.823551E+3
6.430348E+2	6.822840E+3
6.432883E+2	6.825605E+3
6.435418E+2	6.825430E+3
6.437954E+2	6.826228E+3
6.440489E+2	6.826545E+3
6.443024E+2	6.826988E+3
6.445559E+2	6.826933E+3
6.448094E+2	6.828583E+3
6.450628E+2	6.827551E+3
6.453163E+2	6.829769E+3
6.455698E+2	6.832589E+3
6.458232E+2	6.834119E+3
6.460767E+2	6.835594E+3
6.463301E+2	6.837507E+3
6.465835E+2	6.839168E+3
6.468369E+2	6.841048E+3
6.470903E+2	6.843430E+3
6.473437E+2	6.844900E+3
6.475971E+2	6.847583E+3
6.478505E+2	6.848797E+3
6.481039E+2	6.851441E+3
6.483573E+2	6.852507E+3
6.486106E+2	6.852589E+3
6.488640E+2	6.853791E+3
6.491173E+2	6.854157E+3
6.493706E+2	6.855354E+3
6.496240E+2	6.856857E+3
6.498773E+2	6.858966E+3
6.501306E+2	6.860512E+3
6.503839E+2	6.863753E+3
6.506372E+2	6.867589E+3
6.508905E+2	6.869447E+3
6.511437E+2	6.871600E+3
6.513970E+2	6.874354E+3
6.516503E+2	6.875704E+3
6.519035E+2	6.877567E+3
6.521567E+2	6.880217E+3
6.524100E+2	6.880846E+3
6.526632E+2	6.882879E+3
6.529164E+2	6.885086E+3
6.531696E+2	6.887288E+3
6.534228E+2	6.890217E+3
6.536760E+2	6.891523E+3
6.539292E+2	6.893075E+3
6.541824E+2	6.896458E+3
6.544355E+2	6.900168E+3
6.546887E+2	6.903551E+3
6.549418E+2	6.907392E+3
6.551950E+2	6.909802E+3
6.554481E+2	6.911119E+3
6.557012E+2	6.913753E+3
6.559543E+2	6.916534E+3
6.562074E+2	6.919092E+3
6.564605E+2	6.921671E+3
6.567136E+2	6.925982E+3
6.569667E+2	6.929206E+3
6.572198E+2	6.931857E+3
6.574728E+2	6.934600E+3
6.577259E+2	6.937430E+3
6.579789E+2	6.940152E+3
6.582319E+2	6.942119E+3
6.584850E+2	6.946108E+3
6.587380E+2	6.948988E+3
6.589910E+2	6.953704E+3
6.592440E+2	6.957726E+3
6.594970E+2	6.959343E+3
6.597500E+2	6.964299E+3
6.600030E+2	6.968338E+3
6.602559E+2	6.972562E+3
6.605089E+2	6.977294E+3
6.607618E+2	6.979583E+3
6.610148E+2	6.984294E+3
6.612677E+2	6.986726E+3
6.615206E+2	6.991518E+3
6.617736E+2	6.995217E+3
6.620265E+2	6.998228E+3
6.622794E+2	7.001441E+3
6.625323E+2	7.005387E+3
6.627851E+2	7.009103E+3
6.630380E+2	7.013638E+3
6.632909E+2	7.018999E+3
6.635437E+2	7.024059E+3
6.637966E+2	7.028277E+3
6.640494E+2	7.033430E+3
6.643023E+2	7.039032E+3
6.645551E+2	7.044594E+3
6.648079E+2	7.049971E+3
6.650607E+2	7.053955E+3
6.653135E+2	7.057764E+3
6.655663E+2	7.063507E+3
6.658191E+2	7.066775E+3
6.660718E+2	7.070523E+3
6.663246E+2	7.075420E+3
6.665774E+2	7.081824E+3
6.668301E+2	7.085032E+3
6.670828E+2	7.091862E+3
6.673356E+2	7.097343E+3
6.675883E+2	7.102682E+3
6.678410E+2	7.108365E+3
6.680937E+2	7.113420E+3
6.683464E+2	7.117687E+3
6.685991E+2	7.123021E+3
6.688518E+2	7.128294E+3
6.691044E+2	7.133687E+3
6.693571E+2	7.139283E+3
6.696098E+2	7.143933E+3
6.698624E+2	7.146971E+3
6.701150E+2	7.151420E+3
6.703677E+2	7.157201E+3
6.706203E+2	7.163053E+3
6.708729E+2	7.169611E+3
6.711255E+2	7.175103E+3
6.713781E+2	7.182196E+3
6.716307E+2	7.188146E+3
6.718832E+2	7.194523E+3
6.721358E+2	7.198414E+3
6.723884E+2	7.204392E+3
6.726409E+2	7.209726E+3
6.728935E+2	7.214682E+3
6.731460E+2	7.219491E+3
6.733985E+2	7.224660E+3
6.736510E+2	7.230037E+3
6.739035E+2	7.233267E+3
6.741560E+2	7.236758E+3
6.744085E+2	7.239977E+3
6.746610E+2	7.244206E+3
6.749135E+2	7.249026E+3
6.751660E+2	7.253589E+3
6.754184E+2	7.257556E+3
6.756709E+2	7.261491E+3
6.759233E+2	7.265769E+3
6.761757E+2	7.271387E+3
6.764282E+2	7.275835E+3
6.766806E+2	7.282037E+3
6.769330E+2	7.287911E+3
6.771854E+2	7.293135E+3
6.774378E+2	7.299135E+3
6.776901E+2	7.304414E+3
6.779425E+2	7.307206E+3
6.781949E+2	7.311742E+3
6.784472E+2	7.316447E+3
6.786996E+2	7.320070E+3
6.789519E+2	7.325354E+3
6.792042E+2	7.329638E+3
6.794566E+2	7.332387E+3
6.797089E+2	7.337026E+3
6.799612E+2	7.341403E+3
6.802135E+2	7.345201E+3
6.804657E+2	7.350010E+3
6.807180E+2	7.354092E+3
6.809703E+2	7.359403E+3
6.812226E+2	7.365108E+3
6.814748E+2	7.369294E+3
6.817270E+2	7.374430E+3
6.819793E+2	7.376939E+3
6.822315E+2	7.382600E+3
6.824837E+2	7.385294E+3
6.827359E+2	7.389447E+3
6.829881E+2	7.394086E+3
6.832403E+2	7.397387E+3
6.834925E+2	7.402086E+3
6.837447E+2	7.406004E+3
6.839968E+2	7.409753E+3
6.842490E+2	7.412868E+3
6.845011E+2	7.417288E+3
6.847533E+2	7.420441E+3
6.850054E+2	7.423715E+3
6.852575E+2	7.426627E+3
6.855097E+2	7.430562E+3
6.857618E+2	7.432512E+3
6.860139E+2	7.435682E+3
6.862659E+2	7.438928E+3
6.865180E+2	7.442452E+3
6.867701E+2	7.443786E+3
6.870222E+2	7.447332E+3
6.872742E+2	7.450179E+3
6.875263E+2	7.453742E+3
6.877783E+2	7.457097E+3
6.880303E+2	7.460518E+3
6.882823E+2	7.464638E+3
6.885343E+2	7.470387E+3
6.887864E+2	7.474955E+3
6.890383E+2	7.479813E+3
6.892903E+2	7.484321E+3
6.895423E+2	7.488452E+3
6.897943E+2	7.492545E+3
6.900462E+2	7.495015E+3
6.902982E+2	7.499911E+3
6.905501E+2	7.503086E+3
6.908021E+2	7.508299E+3
6.910540E+2	7.513092E+3
6.913059E+2	7.517671E+3
6.915578E+2	7.521922E+3
6.918097E+2	7.526862E+3
6.920616E+2	7.532993E+3
6.923135E+2	7.536698E+3
6.925654E+2	7.540545E+3
6.928172E+2	7.544048E+3
6.930691E+2	7.547966E+3
6.933209E+2	7.552458E+3
6.935728E+2	7.558616E+3
6.938246E+2	7.562857E+3
6.940764E+2	7.567944E+3
6.943282E+2	7.571846E+3
6.945800E+2	7.576261E+3
6.948318E+2	7.582037E+3
6.950836E+2	7.584004E+3
6.953354E+2	7.586529E+3
6.955872E+2	7.589594E+3
6.958389E+2	7.592993E+3
6.960907E+2	7.596534E+3
6.963424E+2	7.596890E+3
6.965942E+2	7.597223E+3
6.968459E+2	7.599119E+3
6.970976E+2	7.600567E+3
6.973493E+2	7.601813E+3
6.976010E+2	7.604480E+3
6.978527E+2	7.608862E+3
6.981044E+2	7.612720E+3
6.983561E+2	7.616441E+3
6.986077E+2	7.620081E+3
6.988594E+2	7.622256E+3
6.991110E+2	7.626272E+3
6.993627E+2	7.630124E+3
6.996143E+2	7.634529E+3
6.998659E+2	7.636387E+3
7.001175E+2	7.638633E+3
7.003692E+2	7.640168E+3
7.006207E+2	7.642092E+3
7.008723E+2	7.641392E+3
7.011239E+2	7.641540E+3
7.013755E+2	7.642491E+3
7.016271E+2	7.642485E+3
7.018786E+2	7.643458E+3
7.021302E+2	7.645103E+3
7.023817E+2	7.645447E+3
7.026332E+2	7.645135E+3
7.028847E+2	7.645124E+3
7.031362E+2	7.645267E+3
7.033878E+2	7.647004E+3
7.036392E+2	7.647676E+3
7.038907E+2	7.646611E+3
7.041422E+2	7.646911E+3
7.043937E+2	7.647780E+3
7.046451E+2	7.650398E+3
7.048966E+2	7.653977E+3
7.051480E+2	7.658425E+3
7.053995E+2	7.662223E+3
7.056509E+2	7.664797E+3
7.059023E+2	7.667086E+3
7.061537E+2	7.668146E+3
7.064051E+2	7.668343E+3
7.066565E+2	7.668436E+3
7.069079E+2	7.669332E+3
7.071593E+2	7.667644E+3
7.074106E+2	7.664064E+3
7.076620E+2	7.660430E+3
7.079133E+2	7.656769E+3
7.081647E+2	7.655906E+3
7.084160E+2	7.654758E+3
7.086673E+2	7.654463E+3
7.089186E+2	7.651430E+3
7.091699E+2	7.649261E+3
7.094212E+2	7.647174E+3
7.096725E+2	7.644720E+3
7.099238E+2	7.643354E+3
7.101751E+2	7.641217E+3
7.104263E+2	7.641026E+3
7.106776E+2	7.639502E+3
7.109288E+2	7.637387E+3
7.111800E+2	7.635430E+3
7.114313E+2	7.634786E+3
7.116825E+2	7.635163E+3
7.119337E+2	7.636600E+3
7.121849E+2	7.635922E+3
7.124361E+2	7.633890E+3
7.126873E+2	7.633857E+3
7.129384E+2	7.631736E+3
7.131896E+2	7.628458E+3
7.134408E+2	7.623381E+3
7.136919E+2	7.617698E+3
7.139430E+2	7.611884E+3
7.141942E+2	7.609780E+3
7.144453E+2	7.606578E+3
7.146964E+2	7.604562E+3
7.149475E+2	7.603747E+3
7.151986E+2	7.606168E+3
7.154497E+2	7.608387E+3
7.157008E+2	7.610064E+3
7.159518E+2	7.613338E+3
7.162029E+2	7.616605E+3
7.164540E+2	7.622376E+3
7.167050E+2	7.624704E+3
7.169560E+2	7.628452E+3
7.172071E+2	7.629414E+3
7.174581E+2	7.631381E+3
7.177091E+2	7.633272E+3
7.179601E+2	7.635135E+3
7.182111E+2	7.636021E+3
7.184621E+2	7.635911E+3
7.187130E+2	7.634234E+3
7.189640E+2	7.633846E+3
7.192150E+2	7.631583E+3
7.194659E+2	7.628764E+3
7.197169E+2	7.624851E+3
7.199678E+2	7.621786E+3
7.202187E+2	7.616015E+3
7.204696E+2	7.608622E+3
7.207205E+2	7.602452E+3
7.209714E+2	7.597365E+3
7.212223E+2	7.591573E+3
7.214732E+2	7.586053E+3
7.217241E+2	7.582808E+3
7.219749E+2	7.578491E+3
7.222258E+2	7.571731E+3
7.224766E+2	7.567605E+3
7.227274E+2	7.565223E+3
7.229783E+2	7.564114E+3
7.232291E+2	7.563638E+3
7.234799E+2	7.560835E+3
7.237307E+2	7.558993E+3
7.239815E+2	7.556152E+3
7.242323E+2	7.555124E+3
7.244830E+2	7.554512E+3
7.247338E+2	7.554168E+3
7.249846E+2	7.553562E+3
7.252353E+2	7.552556E+3
7.254861E+2	7.551272E+3
7.257368E+2	7.548441E+3
7.259875E+2	7.546086E+3
7.262382E+2	7.544321E+3
7.264889E+2	7.541452E+3
7.267396E+2	7.539190E+3
7.269903E+2	7.537578E+3
7.272410E+2	7.536267E+3
7.274917E+2	7.537731E+3
7.277423E+2	7.538687E+3
7.279930E+2	7.540436E+3
7.282436E+2	7.543376E+3
7.284942E+2	7.545665E+3
7.287449E+2	7.552534E+3
7.289955E+2	7.559387E+3
7.292461E+2	7.566742E+3
7.294967E+2	7.573174E+3
7.297473E+2	7.579824E+3
7.299979E+2	7.583037E+3
7.302484E+2	7.583862E+3
7.304990E+2	7.581993E+3
7.307496E+2	7.579857E+3
7.310001E+2	7.578540E+3
7.312507E+2	7.577288E+3
7.315012E+2	7.576627E+3
7.317517E+2	7.572228E+3
7.320022E+2	7.571709E+3
7.322527E+2	7.569010E+3
7.325032E+2	7.568135E+3
7.327537E+2	7.567993E+3
7.330042E+2	7.568660E+3
7.332547E+2	7.571381E+3
7.335051E+2	7.574698E+3
7.337556E+2	7.578430E+3
7.340060E+2	7.582409E+3
7.342564E+2	7.588261E+3
7.345069E+2	7.596709E+3
7.347573E+2	7.609064E+3
7.350077E+2	7.625502E+3
7.352581E+2	7.640414E+3
7.355085E+2	7.657567E+3
7.357589E+2	7.675228E+3
7.360092E+2	7.692010E+3
7.362596E+2	7.711573E+3
7.365100E+2	7.731458E+3
7.367603E+2	7.746420E+3
7.370106E+2	7.758010E+3
7.372610E+2	7.770758E+3
7.375113E+2	7.785890E+3
7.377616E+2	7.798212E+3
7.380119E+2	7.808922E+3
7.382622E+2	7.818573E+3
7.385125E+2	7.830081E+3
7.387628E+2	7.843365E+3
7.390130E+2	7.857053E+3
7.392633E+2	7.874010E+3
7.395135E+2	7.889288E+3
7.397638E+2	7.904895E+3
7.400140E+2	7.922671E+3
7.402642E+2	7.944108E+3
7.405144E+2	7.968589E+3
7.407647E+2	7.994977E+3
7.410149E+2	8.023245E+3
7.412650E+2	8.054157E+3
7.415152E+2	8.090206E+3
7.417654E+2	8.135829E+3
7.420156E+2	8.188764E+3
7.422657E+2	8.254332E+3
7.425159E+2	8.338846E+3
7.427660E+2	8.444589E+3
7.430161E+2	8.572277E+3
7.432662E+2	8.703944E+3
7.435164E+2	8.834873E+3
7.437665E+2	8.966474E+3
7.440165E+2	9.094971E+3
7.442666E+2	9.223797E+3
7.445167E+2	9.352993E+3
7.447668E+2	9.480665E+3
7.450168E+2	9.608223E+3
7.452669E+2	9.729993E+3
7.455169E+2	9.816971E+3
7.457669E+2	9.885037E+3
7.460170E+2	9.951086E+3
7.462670E+2	1.001925E+4
7.465170E+2	1.008102E+4
7.467670E+2	1.014111E+4
7.470170E+2	1.021334E+4
7.472670E+2	1.030648E+4
7.475169E+2	1.043023E+4
7.477669E+2	1.055032E+4
7.480168E+2	1.063982E+4
7.482668E+2	1.070781E+4
7.485167E+2	1.077737E+4
7.487666E+2	1.085805E+4
7.490166E+2	1.094894E+4
7.492665E+2	1.103119E+4
7.495164E+2	1.110496E+4
7.497663E+2	1.117105E+4
7.500161E+2	1.123377E+4
7.502660E+2	1.128921E+4
7.505159E+2	1.133647E+4
7.507657E+2	1.137374E+4
7.510156E+2	1.140543E+4
7.512654E+2	1.143447E+4
7.515152E+2	1.146015E+4
7.517651E+2	1.148653E+4
7.520149E+2	1.151444E+4
7.522647E+2	1.154496E+4
7.525145E+2	1.157823E+4
7.527643E+2	1.161388E+4
7.530140E+2	1.165620E+4
7.532638E+2	1.170229E+4
7.535136E+2	1.175279E+4
7.537633E+2	1.180789E+4
7.540131E+2	1.187053E+4
7.542628E+2	1.193783E+4
7.545125E+2	1.200117E+4
7.547622E+2	1.205736E+4
7.550119E+2	1.210395E+4
7.552616E+2	1.214261E+4
7.555113E+2	1.217910E+4
7.557610E+2	1.221178E+4
7.560107E+2	1.224084E+4
7.562603E+2	1.226818E+4
7.565100E+2	1.228755E+4
7.567596E+2	1.230026E+4
7.570093E+2	1.230143E+4
7.572589E+2	1.229268E+4
7.575085E+2	1.226838E+4
7.577581E+2	1.222458E+4
7.580077E+2	1.215812E+4
7.582573E+2	1.207109E+4
7.585069E+2	1.197837E+4
7.587565E+2	1.188488E+4
7.590060E+2	1.178842E+4
7.592556E+2	1.169486E+4
7.595051E+2	1.160259E+4
7.597547E+2	1.150889E+4
7.600042E+2	1.141243E+4
7.602537E+2	1.131220E+4
7.605032E+2	1.121761E+4
7.607527E+2	1.115875E+4
7.610022E+2	1.111974E+4
7.612517E+2	1.108582E+4
7.615012E+2	1.105193E+4
7.617507E+2	1.102844E+4
7.620001E+2	1.100929E+4
7.622496E+2	1.097848E+4
7.624990E+2	1.092321E+4
7.627485E+2	1.083841E+4
7.629979E+2	1.075728E+4
7.632473E+2	1.070904E+4
7.634967E+2	1.068523E+4
7.637461E+2	1.065573E+4
7.639955E+2	1.061126E+4
7.642449E+2	1.055183E+4
7.644942E+2	1.049669E+4
7.647436E+2	1.044767E+4
7.649930E+2	1.040202E+4
7.652423E+2	1.035748E+4
7.654916E+2	1.031826E+4
7.657410E+2	1.028796E+4
7.659903E+2	1.026824E+4
7.662396E+2	1.025439E+4
7.664889E+2	1.024402E+4
7.667382E+2	1.023152E+4
7.669875E+2	1.021997E+4
7.672367E+2	1.020971E+4
7.674860E+2	1.019727E+4
7.677353E+2	1.017888E+4
7.679845E+2	1.015632E+4
7.682337E+2	1.012883E+4
7.684830E+2	1.010019E+4
7.687322E+2	1.007330E+4
7.689814E+2	1.004886E+4
7.692306E+2	1.001785E+4
7.694798E+2	9.981010E+3
7.697290E+2	9.945698E+3
7.699782E+2	9.922890E+3
7.702273E+2	9.912157E+3
7.704765E+2	9.909534E+3
7.707256E+2	9.907321E+3
7.709748E+2	9.908583E+3
7.712239E+2	9.915540E+3
7.714730E+2	9.924507E+3
7.717222E+2	9.938256E+3
7.719713E+2	9.952939E+3
7.722204E+2	9.969048E+3
7.724694E+2	9.987420E+3
7.727185E+2	1.000784E+4
7.729676E+2	1.002704E+4
7.732167E+2	1.004249E+4
7.734657E+2	1.005355E+4
7.737147E+2	1.006000E+4
7.739638E+2	1.006422E+4
7.742128E+2	1.006805E+4
7.744618E+2	1.006698E+4
7.747108E+2	1.006450E+4
7.749598E+2	1.006221E+4
7.752088E+2	1.006103E+4
7.754578E+2	1.006378E+4
7.757068E+2	1.006764E+4
7.759557E+2	1.007034E+4
7.762047E+2	1.007124E+4
7.764536E+2	1.006885E+4
7.767026E+2	1.006127E+4
7.769515E+2	1.004838E+4
7.772004E+2	1.003356E+4
7.774493E+2	1.002189E+4
7.776982E+2	1.000743E+4
7.779471E+2	9.993037E+3
7.781960E+2	9.976633E+3
7.784449E+2	9.954966E+3
7.786938E+2	9.933299E+3
7.789426E+2	9.918206E+3
7.791915E+2	9.910693E+3
7.794403E+2	9.913179E+3
7.796891E+2	9.922354E+3
7.799380E+2	9.933223E+3
7.801868E+2	9.947425E+3
7.804356E+2	9.959283E+3
7.806844E+2	9.967977E+3
7.809332E+2	9.975387E+3
7.811819E+2	9.984813E+3
7.814307E+2	9.996059E+3
7.816795E+2	1.000781E+4
7.819282E+2	1.001934E+4
7.821770E+2	1.002958E+4
7.824257E+2	1.003966E+4
7.826744E+2	1.004922E+4
7.829231E+2	1.005968E+4
7.831718E+2	1.006975E+4
7.834205E+2	1.007646E+4
7.836692E+2	1.007842E+4
7.839179E+2	1.007293E+4
7.841666E+2	1.005968E+4
7.844152E+2	1.004294E+4
7.846639E+2	1.002757E+4
7.849125E+2	1.001170E+4
7.851612E+2	9.989846E+3
7.854098E+2	9.962157E+3
7.856584E+2	9.930272E+3
7.859070E+2	9.896157E+3
7.861556E+2	9.859436E+3
7.864042E+2	9.820715E+3
7.866528E+2	9.778797E+3
7.869014E+2	9.739387E+3
7.871499E+2	9.700387E+3
7.873985E+2	9.663911E+3
7.876470E+2	9.625146E+3
7.878956E+2	9.586146E+3
7.881441E+2	9.546982E+3
7.883926E+2	9.511775E+3
7.886411E+2	9.481206E+3
7.888896E+2	9.456332E+3
7.891381E+2	9.436458E+3
7.893866E+2	9.422010E+3
7.896351E+2	9.408922E+3
7.898835E+2	9.396655E+3
7.901320E+2	9.385327E+3
7.903804E+2	9.376644E+3
7.906289E+2	9.367430E+3
7.908773E+2	9.359846E+3
7.911257E+2	9.352212E+3
7.913742E+2	9.342633E+3
7.916226E+2	9.333070E+3
7.918709E+2	9.324250E+3
7.921193E+2	9.314862E+3
7.923677E+2	9.302742E+3
7.926161E+2	9.287966E+3
7.928644E+2	9.276933E+3
7.931128E+2	9.263933E+3
7.933611E+2	9.251928E+3
7.936095E+2	9.238655E+3
7.938578E+2	9.220545E+3
7.941061E+2	9.196895E+3
7.943544E+2	9.169922E+3
7.946027E+2	9.138474E+3
7.948510E+2	9.101704E+3
7.950993E+2	9.063288E+3
7.953475E+2	9.026343E+3
7.955958E+2	8.988633E+3
7.958440E+2	8.950064E+3
7.960923E+2	8.914021E+3
7.963405E+2	8.873502E+3
7.965887E+2	8.830966E+3
7.968370E+2	8.791070E+3
7.970852E+2	8.754704E+3
7.973334E+2	8.719463E+3
7.975816E+2	8.687502E+3
7.978297E+2	8.658720E+3
7.980779E+2	8.632212E+3
7.983261E+2	8.606605E+3
7.985742E+2	8.585633E+3
7.988224E+2	8.569824E+3
7.990705E+2	8.558665E+3
7.993186E+2	8.548032E+3
7.995668E+2	8.538196E+3
7.998149E+2	8.526370E+3
8.000630E+2	8.516114E+3
8.003111E+2	8.503704E+3
8.005591E+2	8.490638E+3
8.008072E+2	8.476294E+3
8.010553E+2	8.458338E+3
8.013033E+2	8.438944E+3
8.015514E+2	8.417715E+3
8.017994E+2	8.400201E+3
8.020474E+2	8.382611E+3
8.022955E+2	8.366813E+3
8.025435E+2	8.351600E+3
8.027915E+2	8.336562E+3
8.030395E+2	8.324720E+3
8.032874E+2	8.314343E+3
8.035354E+2	8.303731E+3
8.037834E+2	8.290201E+3
8.040313E+2	8.277130E+3
8.042793E+2	8.262338E+3
8.045272E+2	8.246600E+3
8.047752E+2	8.235786E+3
8.050231E+2	8.227070E+3
8.052710E+2	8.225141E+3
8.055189E+2	8.224736E+3
8.057668E+2	8.226523E+3
8.060147E+2	8.228999E+3
8.062625E+2	8.230021E+3
8.065104E+2	8.231627E+3
8.067583E+2	8.232064E+3
8.070061E+2	8.234868E+3
8.072540E+2	8.239485E+3
8.075018E+2	8.250321E+3
8.077496E+2	8.267676E+3
8.079974E+2	8.290764E+3
8.082452E+2	8.321228E+3
8.084930E+2	8.350726E+3
8.087408E+2	8.382693E+3
8.089886E+2	8.412780E+3
8.092364E+2	8.441988E+3
8.094841E+2	8.470638E+3
8.097319E+2	8.502403E+3
8.099796E+2	8.539562E+3
8.102273E+2	8.581480E+3
8.104751E+2	8.623212E+3
8.107228E+2	8.666797E+3
8.109705E+2	8.710534E+3
8.112182E+2	8.748988E+3
8.114659E+2	8.783928E+3
8.117135E+2	8.812824E+3
8.119612E+2	8.833589E+3
8.122089E+2	8.848064E+3
8.124565E+2	8.857993E+3
8.127042E+2	8.861250E+3
8.129518E+2	8.860174E+3
8.131994E+2	8.855032E+3
8.134470E+2	8.847190E+3
8.136946E+2	8.836720E+3
8.139422E+2	8.822409E+3
8.141898E+2	8.805480E+3
8.144374E+2	8.788769E+3
8.146850E+2	8.772130E+3
8.149325E+2	8.754261E+3
8.151801E+2	8.731097E+3
8.154276E+2	8.706168E+3
8.156752E+2	8.681616E+3
8.159227E+2	8.659518E+3
8.161702E+2	8.642179E+3
8.164177E+2	8.627283E+3
8.166652E+2	8.612359E+3
8.169127E+2	8.597638E+3
8.171602E+2	8.580818E+3
8.174077E+2	8.563928E+3
8.176551E+2	8.549338E+3
8.179026E+2	8.540130E+3
8.181500E+2	8.530939E+3
8.183975E+2	8.525906E+3
8.186449E+2	8.520971E+3
8.188923E+2	8.516234E+3
8.191397E+2	8.507310E+3
8.193871E+2	8.493715E+3
8.196345E+2	8.474157E+3
8.198819E+2	8.444327E+3
8.201293E+2	8.409988E+3
8.203766E+2	8.365168E+3
8.206240E+2	8.318354E+3
8.208713E+2	8.268163E+3
8.211187E+2	8.216179E+3
8.213660E+2	8.166141E+3
8.216133E+2	8.116288E+3
8.218606E+2	8.067573E+3
8.221079E+2	8.015365E+3
8.223552E+2	7.960234E+3
8.226025E+2	7.898086E+3
8.228498E+2	7.829015E+3
8.230970E+2	7.753512E+3
8.233443E+2	7.671726E+3
8.235915E+2	7.590911E+3
8.238388E+2	7.509196E+3
8.240860E+2	7.430261E+3
8.243332E+2	7.352786E+3
8.245804E+2	7.274895E+3
8.248276E+2	7.193075E+3
8.250748E+2	7.107704E+3
8.253220E+2	7.017698E+3
8.255692E+2	6.926015E+3
8.258163E+2	6.832633E+3
8.260635E+2	6.740594E+3
8.263106E+2	6.650573E+3
8.265578E+2	6.564119E+3
8.268049E+2	6.483791E+3
8.270520E+2	6.408403E+3
8.272991E+2	6.336736E+3
8.275462E+2	6.268327E+3
8.277933E+2	6.204611E+3
8.280404E+2	6.145168E+3
8.282875E+2	6.088124E+3
8.285345E+2	6.033862E+3
8.287816E+2	5.980829E+3
8.290287E+2	5.928037E+3
8.292757E+2	5.874971E+3
8.295227E+2	5.820376E+3
8.297697E+2	5.765130E+3
8.300168E+2	5.710818E+3
8.302638E+2	5.661141E+3
8.305107E+2	5.616742E+3
8.307577E+2	5.574152E+3
8.310047E+2	5.531857E+3
8.312517E+2	5.489114E+3
8.314986E+2	5.445529E+3
8.317456E+2	5.402299E+3
8.319925E+2	5.358157E+3
8.322394E+2	5.315310E+3
8.324864E+2	5.271097E+3
8.327333E+2	5.223862E+3
8.329802E+2	5.170343E+3
8.332271E+2	5.114961E+3
8.334740E+2	5.053092E+3
8.337208E+2	4.991857E+3
8.339677E+2	4.931485E+3
8.342146E+2	4.872709E+3
8.344614E+2	4.817709E+3
8.347082E+2	4.767234E+3
8.349551E+2	4.722480E+3
8.352019E+2	4.678567E+3
8.354487E+2	4.638409E+3
8.356955E+2	4.597327E+3
8.359423E+2	4.555523E+3
8.361891E+2	4.513840E+3
8.364359E+2	4.472239E+3
8.366826E+2	4.433840E+3
8.369294E+2	4.396157E+3
8.371761E+2	4.361327E+3
8.374229E+2	4.326835E+3
8.376696E+2	4.296797E+3
8.379163E+2	4.266906E+3
8.381630E+2	4.238365E+3
8.384097E+2	4.211053E+3
8.386564E+2	4.184638E+3
8.389031E+2	4.159463E+3
8.391498E+2	4.133720E+3
8.393965E+2	4.109196E+3
8.396431E+2	4.085310E+3
8.398898E+2	4.062294E+3
8.401364E+2	4.039758E+3
8.403830E+2	4.019409E+3
8.406297E+2	3.997890E+3
8.408763E+2	3.977327E+3
8.411229E+2	3.957201E+3
8.413695E+2	3.937644E+3
8.416161E+2	3.919370E+3
8.418626E+2	3.902753E+3
8.421092E+2	3.886032E+3
8.423558E+2	3.869638E+3
8.426023E+2	3.853250E+3
8.428489E+2	3.837168E+3
8.430954E+2	3.819769E+3
8.433419E+2	3.803660E+3
8.435884E+2	3.787676E+3
8.438349E+2	3.771294E+3
8.440814E+2	3.755950E+3
8.443279E+2	3.740660E+3
8.445744E+2	3.725420E+3
8.448208E+2	3.709993E+3
8.450673E+2	3.694523E+3
8.453138E+2	3.678480E+3
8.455602E+2	3.661420E+3
8.458066E+2	3.645698E+3
8.460530E+2	3.628327E+3
8.462995E+2	3.612064E+3
8.465459E+2	3.594441E+3
8.467923E+2	3.577272E+3
8.470386E+2	3.559070E+3
8.472850E+2	3.539747E+3
8.475314E+2	3.520376E+3
8.477777E+2	3.500310E+3
8.480241E+2	3.481119E+3
8.482704E+2	3.461600E+3
8.485168E+2	3.443922E+3
8.487631E+2	3.426349E+3
8.490094E+2	3.408179E+3
8.492557E+2	3.391452E+3
8.495020E+2	3.375573E+3
8.497483E+2	3.360267E+3
8.499946E+2	3.345053E+3
8.502408E+2	3.330496E+3
8.504871E+2	3.315829E+3
8.507333E+2	3.301190E+3
8.509796E+2	3.287966E+3
8.512258E+2	3.275387E+3
8.514720E+2	3.263316E+3
8.517182E+2	3.250119E+3
8.519644E+2	3.238463E+3
8.522106E+2	3.225447E+3
8.524568E+2	3.214206E+3
8.527030E+2	3.200693E+3
8.529492E+2	3.188086E+3
8.531953E+2	3.175758E+3
8.534415E+2	3.163305E+3
8.536876E+2	3.150644E+3
8.539337E+2	3.137917E+3
8.541799E+2	3.126026E+3
8.544260E+2	3.114217E+3
8.546721E+2	3.103086E+3
8.549182E+2	3.090944E+3
8.551643E+2	3.078873E+3
8.554103E+2	3.064764E+3
8.556564E+2	3.052485E+3
8.559024E+2	3.039933E+3
8.561485E+2	3.026709E+3
8.563945E+2	3.014310E+3
8.566406E+2	3.002327E+3
8.568866E+2	2.988857E+3
8.571326E+2	2.975135E+3
8.573786E+2	2.961064E+3
8.576246E+2	2.947217E+3
8.578706E+2	2.933179E+3
8.581166E+2	2.920283E+3
8.583625E+2	2.907381E+3
8.586085E+2	2.894420E+3
8.588544E+2	2.880545E+3
8.591004E+2	2.867097E+3
8.593463E+2	2.854961E+3
8.595922E+2	2.842906E+3
8.598381E+2	2.830327E+3
8.600840E+2	2.818381E+3
8.603299E+2	2.808436E+3
8.605758E+2	2.798665E+3
8.608217E+2	2.788381E+3
8.610675E+2	2.779551E+3
8.613134E+2	2.769802E+3
8.615592E+2	2.761649E+3
8.618051E+2	2.752245E+3
8.620509E+2	2.742879E+3
8.622967E+2	2.733971E+3
8.625425E+2	2.724966E+3
8.627883E+2	2.715190E+3
8.630341E+2	2.705130E+3
8.632799E+2	2.695786E+3
8.635257E+2	2.686709E+3
8.637715E+2	2.675518E+3
8.640172E+2	2.665092E+3
8.642630E+2	2.654627E+3
8.645087E+2	2.643305E+3
8.647544E+2	2.631917E+3
8.650001E+2	2.619747E+3
8.652459E+2	2.607491E+3
8.654916E+2	2.596709E+3
8.657372E+2	2.586196E+3
8.659829E+2	2.575857E+3
8.662286E+2	2.566059E+3
8.664743E+2	2.556321E+3
8.667199E+2	2.546649E+3
8.669656E+2	2.535420E+3
8.672112E+2	2.526163E+3
8.674568E+2	2.516578E+3
8.677024E+2	2.506726E+3
8.679481E+2	2.496726E+3
8.681937E+2	2.485851E+3
8.684392E+2	2.474665E+3
8.686848E+2	2.463704E+3
8.689304E+2	2.452884E+3
8.691760E+2	2.441868E+3
8.694215E+2	2.430392E+3
8.696671E+2	2.418392E+3
8.699126E+2	2.407447E+3
8.701581E+2	2.396988E+3
8.704036E+2	2.386573E+3
8.706491E+2	2.375736E+3
8.708946E+2	2.364911E+3
8.711401E+2	2.355021E+3
8.713856E+2	2.346124E+3
8.716311E+2	2.335747E+3
8.718766E+2	2.325933E+3
8.721220E+2	2.316403E+3
8.723674E+2	2.307387E+3
8.726129E+2	2.299196E+3
8.728583E+2	2.290769E+3
8.731037E+2	2.281387E+3
8.733491E+2	2.272152E+3
8.735945E+2	2.263070E+3
8.738399E+2	2.256010E+3
8.740853E+2	2.248665E+3
8.743307E+2	2.240655E+3
8.745760E+2	2.231824E+3
8.748214E+2	2.224217E+3
8.750667E+2	2.217010E+3
8.753121E+2	2.207321E+3
8.755574E+2	2.197928E+3
8.758027E+2	2.188299E+3
8.760480E+2	2.179605E+3
8.762933E+2	2.170103E+3
8.765386E+2	2.160452E+3
8.767839E+2	2.150775E+3
8.770291E+2	2.141201E+3
8.772744E+2	2.132032E+3
8.775196E+2	2.122884E+3
8.777649E+2	2.113835E+3
8.780101E+2	2.105589E+3
8.782553E+2	2.096332E+3
8.785006E+2	2.086583E+3
8.787458E+2	2.078086E+3
8.789910E+2	2.070223E+3
8.792361E+2	2.063163E+3
8.794813E+2	2.056239E+3
8.797265E+2	2.048359E+3
8.799717E+2	2.041944E+3
8.802168E+2	2.035485E+3
8.804619E+2	2.027502E+3
8.807071E+2	2.019627E+3
8.809522E+2	2.011971E+3
8.811973E+2	2.003447E+3
8.814424E+2	1.995671E+3
8.816875E+2	1.989064E+3
8.819326E+2	1.983179E+3
8.821777E+2	1.975999E+3
8.824227E+2	1.968507E+3
8.826678E+2	1.962605E+3
8.829128E+2	1.956092E+3
8.831579E+2	1.949961E+3
8.834029E+2	1.944376E+3
8.836479E+2	1.938370E+3
8.838929E+2	1.932933E+3
8.841379E+2	1.927676E+3
8.843829E+2	1.922338E+3
8.846279E+2	1.917277E+3
8.848729E+2	1.912043E+3
8.851179E+2	1.906808E+3
8.853628E+2	1.901261E+3
8.856078E+2	1.896075E+3
8.858527E+2	1.890589E+3
8.860976E+2	1.885338E+3
8.863425E+2	1.879048E+3
8.865875E+2	1.874179E+3
8.868324E+2	1.868146E+3
8.870772E+2	1.862458E+3
8.873221E+2	1.857365E+3
8.875670E+2	1.851250E+3
8.878119E+2	1.845879E+3
8.880567E+2	1.841097E+3
8.883016E+2	1.835403E+3
8.885464E+2	1.829966E+3
8.887912E+2	1.823824E+3
8.890360E+2	1.817070E+3
8.892809E+2	1.810103E+3
8.895257E+2	1.803523E+3
8.897704E+2	1.796808E+3
8.900152E+2	1.789540E+3
8.902600E+2	1.783359E+3
8.905048E+2	1.777704E+3
8.907495E+2	1.771764E+3
8.909943E+2	1.765228E+3
8.912390E+2	1.758387E+3
8.914837E+2	1.751420E+3
8.917284E+2	1.745190E+3
8.919731E+2	1.739103E+3
8.922178E+2	1.732032E+3
8.924625E+2	1.725638E+3
8.927072E+2	1.719327E+3
8.929519E+2	1.712376E+3
8.931965E+2	1.706037E+3
8.934412E+2	1.700332E+3
8.936858E+2	1.694747E+3
8.939305E+2	1.689146E+3
8.941751E+2	1.682551E+3
8.944197E+2	1.676261E+3
8.946643E+2	1.670261E+3
8.949089E+2	1.663966E+3
8.951535E+2	1.657846E+3
8.953981E+2	1.651414E+3
8.956426E+2	1.645589E+3
8.958872E+2	1.639562E+3
8.961317E+2	1.634026E+3
8.963763E+2	1.628365E+3
8.966208E+2	1.622562E+3
8.968653E+2	1.616463E+3
8.971098E+2	1.610512E+3
8.973543E+2	1.605376E+3
8.975988E+2	1.599480E+3
8.978433E+2	1.593775E+3
8.980878E+2	1.587163E+3
8.983323E+2	1.581797E+3
8.985767E+2	1.576321E+3
8.988212E+2	1.570130E+3
8.990656E+2	1.564496E+3
8.993100E+2	1.558999E+3
8.995545E+2	1.552911E+3
8.997989E+2	1.546223E+3
9.000433E+2	1.539021E+3
9.002877E+2	1.531939E+3
9.005320E+2	1.526015E+3
9.007764E+2	1.520583E+3
9.010208E+2	1.514267E+3
9.012651E+2	1.508234E+3
9.015095E+2	1.502283E+3
9.017538E+2	1.496398E+3
9.019981E+2	1.490758E+3
9.022425E+2	1.484977E+3
9.024868E+2	1.479682E+3
9.027311E+2	1.473769E+3
9.029754E+2	1.467496E+3
9.032196E+2	1.461879E+3
9.034639E+2	1.455693E+3
9.037082E+2	1.449676E+3
9.039524E+2	1.444081E+3
9.041967E+2	1.438512E+3
9.044409E+2	1.433458E+3
9.046851E+2	1.428786E+3
9.049293E+2	1.424053E+3
9.051736E+2	1.417715E+3
9.054177E+2	1.411562E+3
9.056619E+2	1.406141E+3
9.059061E+2	1.400305E+3
9.061503E+2	1.395135E+3
9.063944E+2	1.389846E+3
9.066386E+2	1.383988E+3
9.068827E+2	1.378365E+3
9.071269E+2	1.373359E+3
9.073710E+2	1.367485E+3
9.076151E+2	1.362250E+3
9.078592E+2	1.357447E+3
9.081033E+2	1.352376E+3
9.083474E+2	1.347420E+3
9.085915E+2	1.341403E+3
9.088355E+2	1.335458E+3
9.090796E+2	1.330092E+3
9.093236E+2	1.324507E+3
9.095677E+2	1.319043E+3
9.098117E+2	1.313223E+3
9.100557E+2	1.308174E+3
9.102997E+2	1.303288E+3
9.105437E+2	1.297780E+3
9.107877E+2	1.293075E+3
9.110317E+2	1.288332E+3
9.112757E+2	1.282851E+3
9.115197E+2	1.277649E+3
9.117636E+2	1.272245E+3
9.120076E+2	1.267043E+3
9.122515E+2	1.260939E+3
9.124954E+2	1.255452E+3
9.127393E+2	1.250824E+3
9.129832E+2	1.247037E+3
9.132271E+2	1.241370E+3
9.134710E+2	1.236649E+3
9.137149E+2	1.231392E+3
9.139588E+2	1.226250E+3
9.142026E+2	1.220808E+3
9.144465E+2	1.215185E+3
9.146903E+2	1.209928E+3
9.149342E+2	1.204928E+3
9.151780E+2	1.200321E+3
9.154218E+2	1.195742E+3
9.156656E+2	1.190507E+3
9.159094E+2	1.185933E+3
9.161532E+2	1.180540E+3
9.163970E+2	1.174818E+3
9.166408E+2	1.169890E+3
9.168845E+2	1.165048E+3
9.171283E+2	1.159256E+3
9.173720E+2	1.153491E+3
9.176157E+2	1.148540E+3
9.178595E+2	1.143114E+3
9.181032E+2	1.137414E+3
9.183469E+2	1.131288E+3
9.185906E+2	1.125802E+3
9.188343E+2	1.119769E+3
9.190779E+2	1.114157E+3
9.193216E+2	1.107906E+3
9.195653E+2	1.101829E+3
9.198089E+2	1.095911E+3
9.200525E+2	1.091152E+3
9.202962E+2	1.086152E+3
9.205398E+2	1.080332E+3
9.207834E+2	1.075053E+3
9.210270E+2	1.070048E+3
9.212706E+2	1.065583E+3
9.215142E+2	1.061075E+3
9.217577E+2	1.055857E+3
9.220013E+2	1.050447E+3
9.222449E+2	1.044277E+3
9.224884E+2	1.039124E+3
9.227319E+2	1.033808E+3
9.229755E+2	1.028299E+3
9.232190E+2	1.022004E+3
9.234625E+2	1.017004E+3
9.237060E+2	1.011447E+3
9.239495E+2	1.005928E+3
9.241930E+2	9.996327E+2
9.244364E+2	9.940589E+2
9.246799E+2	9.886108E+2
9.249233E+2	9.824414E+2
9.251668E+2	9.769059E+2
9.254102E+2	9.710425E+2
9.256536E+2	9.651354E+2
9.258971E+2	9.595070E+2
9.261405E+2	9.544797E+2
9.263839E+2	9.488185E+2
9.266272E+2	9.429496E+2
9.268706E+2	9.376545E+2
9.271140E+2	9.324578E+2
9.273573E+2	9.262829E+2
9.276007E+2	9.199059E+2
9.278440E+2	9.131190E+2
9.280874E+2	9.067802E+2
9.283307E+2	8.998895E+2
9.285740E+2	8.932884E+2
9.288173E+2	8.860425E+2
9.290606E+2	8.791682E+2
9.293039E+2	8.728239E+2
9.295471E+2	8.661190E+2
9.297904E+2	8.598130E+2
9.300337E+2	8.521901E+2
9.302769E+2	8.440097E+2
9.305201E+2	8.363704E+2
9.307634E+2	8.286381E+2
9.310066E+2	8.213758E+2
9.312498E+2	8.139605E+2
9.314930E+2	8.062720E+2
9.317362E+2	7.977256E+2
9.319794E+2	7.895616E+2
9.322225E+2	7.819059E+2
9.324657E+2	7.733157E+2
9.327088E+2	7.651245E+2
9.329520E+2	7.570917E+2
9.331951E+2	7.503813E+2
9.334382E+2	7.428513E+2
9.336814E+2	7.353485E+2
9.339245E+2	7.275671E+2
9.341676E+2	7.199442E+2
9.344106E+2	7.124906E+2
9.346537E+2	7.043048E+2
9.348968E+2	6.968021E+2
9.351398E+2	6.890589E+2
9.353829E+2	6.812939E+2
9.356259E+2	6.736545E+2
9.358690E+2	6.659660E+2
9.361120E+2	6.576108E+2
9.363550E+2	6.499551E+2
9.365980E+2	6.427911E+2
9.368410E+2	6.356381E+2
9.370840E+2	6.295726E+2
9.373269E+2	6.217310E+2
9.375699E+2	6.141081E+2
9.378129E+2	6.068731E+2
9.380558E+2	5.999769E+2
9.382987E+2	5.921846E+2
9.385417E+2	5.856545E+2
9.387846E+2	5.782611E+2
9.390275E+2	5.727911E+2
9.392704E+2	5.668622E+2
9.395133E+2	5.614196E+2
9.397562E+2	5.557037E+2
9.399990E+2	5.495999E+2
9.402419E+2	5.437201E+2
9.404847E+2	5.375944E+2
9.407276E+2	5.318294E+2
9.409704E+2	5.254196E+2
9.412132E+2	5.190698E+2
9.414560E+2	5.143376E+2
9.416988E+2	5.084250E+2
9.419416E+2	5.030370E+2
9.421844E+2	4.978349E+2
9.424272E+2	4.924250E+2
9.426700E+2	4.874523E+2
9.429127E+2	4.829660E+2
9.431555E+2	4.786709E+2
9.433982E+2	4.744360E+2
9.436409E+2	4.702993E+2
9.438837E+2	4.665944E+2
9.441264E+2	4.629715E+2
9.443691E+2	4.594032E+2
9.446118E+2	4.560207E+2
9.448544E+2	4.535780E+2
9.450971E+2	4.510753E+2
9.453398E+2	4.488294E+2
9.455824E+2	4.464360E+2
9.458251E+2	4.446327E+2
9.460677E+2	4.433103E+2
9.463103E+2	4.418676E+2
9.465530E+2	4.401354E+2
9.467956E+2	4.386054E+2
9.470382E+2	4.368731E+2
9.472807E+2	4.359879E+2
9.475233E+2	4.347638E+2
9.477659E+2	4.341026E+2
9.480084E+2	4.326327E+2
9.482510E+2	4.318895E+2
9.484935E+2	4.324633E+2
9.487361E+2	4.323431E+2
9.489786E+2	4.331846E+2
9.492211E+2	4.327256E+2
9.494636E+2	4.326217E+2
9.497061E+2	4.315234E+2
9.499486E+2	4.312392E+2
9.501911E+2	4.320043E+2
9.504335E+2	4.315671E+2
9.506760E+2	4.314523E+2
9.509184E+2	4.312829E+2
9.511609E+2	4.310152E+2
9.514033E+2	4.308185E+2
9.516457E+2	4.304305E+2
9.518881E+2	4.303048E+2
9.521305E+2	4.303321E+2
9.523729E+2	4.314797E+2
9.526153E+2	4.321955E+2
9.528576E+2	4.321573E+2
9.531000E+2	4.328895E+2
9.533424E+2	4.330917E+2
9.535847E+2	4.332283E+2
9.538270E+2	4.330261E+2
9.540694E+2	4.331354E+2
9.543117E+2	4.325234E+2
9.545540E+2	4.323103E+2
9.547963E+2	4.323540E+2
9.550386E+2	4.328075E+2
9.552808E+2	4.331190E+2
9.555231E+2	4.328622E+2
9.557654E+2	4.323922E+2
9.560076E+2	4.324906E+2
9.562498E+2	4.313540E+2
9.564921E+2	4.313922E+2
9.567343E+2	4.310972E+2
9.569765E+2	4.313922E+2
9.572187E+2	4.312611E+2
9.574609E+2	4.309879E+2
9.577031E+2	4.304141E+2
9.579452E+2	4.301081E+2
9.581874E+2	4.301354E+2
9.584296E+2	4.299223E+2
9.586717E+2	4.296108E+2
9.589138E+2	4.287857E+2
9.591560E+2	4.285179E+2
9.593981E+2	4.275398E+2
9.596402E+2	4.267474E+2
9.598823E+2	4.261354E+2
9.601244E+2	4.251682E+2
9.603664E+2	4.248458E+2
9.606085E+2	4.234851E+2
9.608506E+2	4.217966E+2
9.610926E+2	4.200316E+2
9.613347E+2	4.196982E+2
9.615767E+2	4.185234E+2
9.618187E+2	4.182228E+2
9.620607E+2	4.167310E+2
9.623027E+2	4.162884E+2
9.625447E+2	4.152064E+2
9.627867E+2	4.141682E+2
9.630287E+2	4.125125E+2
9.632706E+2	4.100370E+2
9.635126E+2	4.084141E+2
9.637545E+2	4.063267E+2
9.639965E+2	4.056163E+2
9.642384E+2	4.044360E+2
9.644803E+2	4.036163E+2
9.647222E+2	4.021901E+2
9.649641E+2	4.003267E+2
9.652060E+2	3.995234E+2
9.654479E+2	3.985234E+2
9.656897E+2	3.971955E+2
9.659316E+2	3.955398E+2
9.661734E+2	3.938239E+2
9.664153E+2	3.927748E+2
9.666571E+2	3.914086E+2
9.668989E+2	3.915452E+2
9.671408E+2	3.900808E+2
9.673826E+2	3.884906E+2
9.676243E+2	3.875944E+2
9.678661E+2	3.864742E+2
9.681079E+2	3.852392E+2
9.683497E+2	3.839387E+2
9.685914E+2	3.826819E+2
9.688332E+2	3.809278E+2
9.690749E+2	3.792939E+2
9.693166E+2	3.776545E+2
9.695583E+2	3.756873E+2
9.698001E+2	3.737146E+2
9.700417E+2	3.714797E+2
9.702834E+2	3.692010E+2
9.705251E+2	3.676764E+2
9.707668E+2	3.659715E+2
9.710084E+2	3.640480E+2
9.712501E+2	3.620097E+2
9.714917E+2	3.604196E+2
9.717334E+2	3.589332E+2
9.719750E+2	3.575671E+2
9.722166E+2	3.565562E+2
9.724582E+2	3.554032E+2
9.726998E+2	3.532174E+2
9.729414E+2	3.511518E+2
9.731830E+2	3.487584E+2
9.734245E+2	3.469660E+2
9.736661E+2	3.451299E+2
9.739076E+2	3.436873E+2
9.741492E+2	3.416217E+2
9.743907E+2	3.396709E+2
9.746322E+2	3.377201E+2
9.748737E+2	3.359605E+2
9.751152E+2	3.344360E+2
9.753567E+2	3.326327E+2
9.755982E+2	3.310644E+2
9.758396E+2	3.293267E+2
9.760811E+2	3.271846E+2
9.763226E+2	3.263376E+2
9.765640E+2	3.245562E+2
9.768054E+2	3.225835E+2
9.770468E+2	3.197365E+2
9.772883E+2	3.181682E+2
9.775297E+2	3.166545E+2
9.777711E+2	3.153813E+2
9.780124E+2	3.137474E+2
9.782538E+2	3.119059E+2
9.784952E+2	3.099059E+2
9.787365E+2	3.072556E+2
9.789779E+2	3.057638E+2
9.792192E+2	3.040808E+2
9.794605E+2	3.021682E+2
9.797019E+2	3.008622E+2
9.799432E+2	2.983649E+2
9.801845E+2	2.960425E+2
9.804257E+2	2.949059E+2
9.806670E+2	2.935671E+2
9.809083E+2	2.920152E+2
9.811496E+2	2.908458E+2
9.813908E+2	2.886655E+2
9.816320E+2	2.855999E+2
9.818733E+2	2.832993E+2
9.821145E+2	2.813048E+2
9.823557E+2	2.795562E+2
9.825969E+2	2.776600E+2
9.828381E+2	2.758185E+2
9.830793E+2	2.747365E+2
9.833205E+2	2.724851E+2
9.835616E+2	2.706545E+2
9.838028E+2	2.686764E+2
9.840439E+2	2.673048E+2
9.842851E+2	2.657037E+2
9.845262E+2	2.638185E+2
9.847673E+2	2.624523E+2
9.850084E+2	2.614961E+2
9.852495E+2	2.607584E+2
9.854906E+2	2.595562E+2
9.857317E+2	2.587256E+2
9.859727E+2	2.576928E+2
9.862138E+2	2.560862E+2
9.864549E+2	2.546163E+2
9.866959E+2	2.523868E+2
9.869369E+2	2.507201E+2
9.871779E+2	2.490808E+2
9.874190E+2	2.479059E+2
9.876600E+2	2.471463E+2
9.879010E+2	2.471518E+2
9.881419E+2	2.460589E+2
9.883829E+2	2.457092E+2
9.886239E+2	2.434414E+2
9.888648E+2	2.427638E+2
9.891058E+2	2.423376E+2
9.893467E+2	2.417092E+2
9.895876E+2	2.406327E+2
9.898285E+2	2.388950E+2
9.900695E+2	2.378349E+2
9.903104E+2	2.365070E+2
9.905512E+2	2.360644E+2
9.907921E+2	2.351354E+2
9.910330E+2	2.339715E+2
9.912738E+2	2.327146E+2
9.915147E+2	2.325507E+2
9.917555E+2	2.323376E+2
9.919964E+2	2.317092E+2
9.922372E+2	2.305890E+2
9.924780E+2	2.294032E+2
9.927188E+2	2.285015E+2
9.929596E+2	2.282502E+2
9.932004E+2	2.268021E+2
9.934411E+2	2.255234E+2
9.936819E+2	2.237748E+2
9.939227E+2	2.227802E+2
9.941634E+2	2.227420E+2
9.944041E+2	2.219660E+2
9.946449E+2	2.215507E+2
9.948856E+2	2.207748E+2
9.951263E+2	2.190808E+2
9.953670E+2	2.181135E+2
9.956077E+2	2.176272E+2
9.958483E+2	2.164360E+2
9.960890E+2	2.156819E+2
9.963297E+2	2.149114E+2
9.965703E+2	2.135999E+2
9.968109E+2	2.129496E+2
9.970516E+2	2.116709E+2
9.972922E+2	2.104032E+2
9.975328E+2	2.093103E+2
9.977734E+2	2.077146E+2
9.980140E+2	2.065835E+2
9.982546E+2	2.056600E+2
9.984951E+2	2.056491E+2
9.987357E+2	2.040698E+2
9.989763E+2	2.038294E+2
9.992168E+2	2.029551E+2
9.994573E+2	2.018950E+2
9.996978E+2	2.007748E+2
9.999384E+2	1.989442E+2
1.000179E+3	1.971901E+2
1.000419E+3	1.958567E+2
1.000660E+3	1.947693E+2
1.000900E+3	1.941955E+2
1.001141E+3	1.930043E+2
1.001381E+3	1.926491E+2
1.001622E+3	1.910261E+2
1.001862E+3	1.902174E+2
1.002103E+3	1.894414E+2
1.002343E+3	1.880043E+2
1.002583E+3	1.867638E+2
1.002824E+3	1.851299E+2
1.003064E+3	1.835890E+2
1.003305E+3	1.830917E+2
1.003545E+3	1.816655E+2
1.003785E+3	1.797693E+2
1.004026E+3	1.782993E+2
1.004266E+3	1.775234E+2
1.004506E+3	1.765179E+2
1.004747E+3	1.758075E+2
1.004987E+3	1.743485E+2
1.005227E+3	1.727256E+2
1.005468E+3	1.711354E+2
1.005708E+3	1.694687E+2
1.005948E+3	1.680862E+2
1.006188E+3	1.665890E+2
1.006429E+3	1.656928E+2
1.006669E+3	1.642720E+2
1.006909E+3	1.634851E+2
1.007149E+3	1.623103E+2
1.007390E+3	1.619168E+2
1.007630E+3	1.599605E+2
1.007870E+3	1.589059E+2
1.008110E+3	1.578950E+2
1.008350E+3	1.577365E+2
1.008590E+3	1.568731E+2
1.008831E+3	1.553267E+2
1.009071E+3	1.535726E+2
1.009311E+3	1.523540E+2
1.009551E+3	1.510862E+2
1.009791E+3	1.502228E+2
1.010031E+3	1.491682E+2
1.010271E+3	1.478403E+2
1.010511E+3	1.464469E+2
1.010752E+3	1.463376E+2
1.010992E+3	1.456217E+2
1.011232E+3	1.449551E+2
1.011472E+3	1.433212E+2
1.011712E+3	1.421081E+2
1.011952E+3	1.414687E+2
1.012192E+3	1.401682E+2
1.012432E+3	1.390589E+2
1.012672E+3	1.378349E+2
1.012912E+3	1.374032E+2
1.013152E+3	1.357857E+2
1.013392E+3	1.348622E+2
1.013632E+3	1.331245E+2
1.013872E+3	1.324414E+2
1.014112E+3	1.314687E+2
1.014352E+3	1.306709E+2
1.014591E+3	1.304906E+2
1.014831E+3	1.299223E+2
1.015071E+3	1.293267E+2
1.015311E+3	1.279387E+2
1.015551E+3	1.265726E+2
1.015791E+3	1.254797E+2
1.016031E+3	1.251135E+2
1.016271E+3	1.248567E+2
1.016511E+3	1.234797E+2
1.016750E+3	1.225125E+2
1.016990E+3	1.213485E+2
1.017230E+3	1.202174E+2
1.017470E+3	1.197201E+2
1.017710E+3	1.191026E+2
1.017949E+3	1.182939E+2
1.018189E+3	1.178622E+2
1.018429E+3	1.169824E+2
1.018669E+3	1.164633E+2
1.018908E+3	1.153376E+2
1.019148E+3	1.144961E+2
1.019388E+3	1.131955E+2
1.019628E+3	1.132775E+2
1.019867E+3	1.128130E+2
1.020107E+3	1.123758E+2
1.020347E+3	1.114742E+2
1.020586E+3	1.101135E+2
1.020826E+3	1.092993E+2
1.021066E+3	1.078458E+2
1.021305E+3	1.071135E+2
1.021545E+3	1.064851E+2
1.021785E+3	1.053267E+2
1.022024E+3	1.042884E+2
1.022264E+3	1.041190E+2
1.022504E+3	1.037802E+2
1.022743E+3	1.036327E+2
1.022983E+3	1.029278E+2
1.023222E+3	1.018840E+2
1.023462E+3	1.008458E+2
1.023702E+3	9.969278E+1
1.023941E+3	9.881300E+1
1.024181E+3	9.866000E+1
1.024420E+3	9.787311E+1
1.024660E+3	9.738131E+1
1.024899E+3	9.628295E+1
1.025139E+3	9.563267E+1
1.025378E+3	9.370371E+1
1.025618E+3	9.258349E+1
1.025857E+3	9.165453E+1
1.026097E+3	9.068186E+1
1.026336E+3	9.035945E+1
1.026575E+3	8.969278E+1
1.026815E+3	8.893869E+1
1.027054E+3	8.838131E+1
1.027294E+3	8.827202E+1
1.027533E+3	8.711355E+1
1.027773E+3	8.665453E+1
1.028012E+3	8.599333E+1
1.028251E+3	8.546874E+1
1.028491E+3	8.509716E+1
1.028730E+3	8.478568E+1
1.028969E+3	8.404798E+1
1.029209E+3	8.306983E+1
1.029448E+3	8.279661E+1
1.029687E+3	8.272557E+1
1.029927E+3	8.227202E+1
1.030166E+3	8.204251E+1
1.030405E+3	8.149060E+1
1.030645E+3	7.960535E+1
1.030884E+3	7.826109E+1
1.031123E+3	7.758349E+1
1.031362E+3	7.685125E+1
1.031602E+3	7.673104E+1
1.031841E+3	7.585125E+1
1.032080E+3	7.543049E+1
1.032319E+3	7.444142E+1
1.032558E+3	7.357257E+1
1.032798E+3	7.270371E+1
1.033037E+3	7.286218E+1
1.033276E+3	7.178022E+1
1.033515E+3	7.111355E+1
1.033754E+3	7.027202E+1
1.033993E+3	7.006437E+1
1.034233E+3	6.902612E+1
1.034472E+3	6.808623E+1
1.034711E+3	6.770371E+1
1.034950E+3	6.750153E+1
1.035189E+3	6.701519E+1
1.035428E+3	6.597694E+1
1.035667E+3	6.514087E+1
1.035906E+3	6.453978E+1
1.036145E+3	6.432120E+1
1.036384E+3	6.423377E+1
1.036623E+3	6.361082E+1
1.036862E+3	6.305890E+1
1.037101E+3	6.234306E+1
1.037340E+3	6.119005E+1
1.037579E+3	6.017366E+1
1.037818E+3	5.962175E+1
1.038057E+3	5.899333E+1
1.038296E+3	5.914634E+1
1.038535E+3	5.896054E+1
1.038774E+3	5.821737E+1
1.039013E+3	5.734852E+1
1.039252E+3	5.605890E+1
1.039491E+3	5.587311E+1
1.039730E+3	5.544142E+1
1.039969E+3	5.587858E+1
1.040208E+3	5.498240E+1
1.040447E+3	5.447420E+1
1.040685E+3	5.446328E+1
1.040924E+3	5.408076E+1
1.041163E+3	5.339224E+1
1.041402E+3	5.255071E+1
1.041641E+3	5.212448E+1
1.041880E+3	5.155617E+1
1.042118E+3	5.112994E+1
1.042357E+3	5.035945E+1
1.042596E+3	5.012994E+1
1.042835E+3	4.957257E+1
1.043074E+3	4.854524E+1
1.043312E+3	4.774743E+1
1.043551E+3	4.732120E+1
1.043790E+3	4.797694E+1
1.044029E+3	4.770918E+1
1.044267E+3	4.629388E+1
1.044506E+3	4.574743E+1
1.044745E+3	4.514634E+1
1.044983E+3	4.509716E+1
1.045222E+3	4.537038E+1
1.045461E+3	4.553431E+1
1.045699E+3	4.497147E+1
1.045938E+3	4.447967E+1
1.046177E+3	4.300426E+1
1.046415E+3	4.227202E+1
1.046654E+3	4.110262E+1
1.046893E+3	4.091683E+1
1.047131E+3	4.096601E+1
1.047370E+3	4.101519E+1
1.047608E+3	4.015726E+1
1.047847E+3	4.009716E+1
1.048086E+3	3.961082E+1
1.048324E+3	3.994961E+1
1.048563E+3	3.965453E+1
1.048801E+3	3.929388E+1
1.049040E+3	3.873104E+1
1.049278E+3	3.796601E+1
1.049517E+3	3.757803E+1
1.049755E+3	3.796601E+1
1.049994E+3	3.809169E+1
1.050232E+3	3.825563E+1
1.050471E+3	3.736492E+1
1.050709E+3	3.608076E+1
1.050948E+3	3.586765E+1
1.051186E+3	3.595508E+1
1.051424E+3	3.540863E+1
1.051663E+3	3.512994E+1
1.051901E+3	3.445781E+1
1.052140E+3	3.410262E+1
1.052378E+3	3.441410E+1
1.052616E+3	3.422830E+1
1.052855E+3	3.403158E+1
1.053093E+3	3.389497E+1
1.053332E+3	3.341956E+1
1.053570E+3	3.389497E+1
1.053808E+3	3.433759E+1
1.054047E+3	3.415726E+1
1.054285E+3	3.408623E+1
1.054523E+3	3.310808E+1
1.054761E+3	3.337584E+1
1.055000E+3	3.339224E+1
1.055238E+3	3.322830E+1
1.055476E+3	3.237584E+1
1.055715E+3	3.206983E+1
1.055953E+3	3.202065E+1
1.056191E+3	3.169825E+1
1.056429E+3	3.166000E+1
1.056667E+3	3.156164E+1
1.056906E+3	3.175289E+1
1.057144E+3	3.116273E+1
1.057382E+3	3.073650E+1
1.057620E+3	3.080754E+1
1.057858E+3	3.064360E+1
1.058097E+3	3.039224E+1
1.058335E+3	2.885125E+1
1.058573E+3	2.810808E+1
1.058811E+3	2.841410E+1
1.059049E+3	2.935399E+1
1.059287E+3	2.902612E+1
1.059525E+3	2.825563E+1
1.059763E+3	2.720645E+1
1.060001E+3	2.666546E+1
1.060239E+3	2.664360E+1
1.060478E+3	2.632120E+1
1.060716E+3	2.664360E+1
1.060954E+3	2.683486E+1
1.061192E+3	2.743049E+1
1.061430E+3	2.682393E+1
1.061668E+3	2.575289E+1
1.061906E+3	2.510262E+1
1.062144E+3	2.485125E+1
1.062382E+3	2.461082E+1
1.062620E+3	2.459442E+1
1.062858E+3	2.337038E+1
1.063096E+3	2.262721E+1
1.063333E+3	2.235399E+1
1.063571E+3	2.214634E+1
1.063809E+3	2.207530E+1
1.064047E+3	2.165453E+1
1.064285E+3	2.140317E+1
1.064523E+3	2.099333E+1
1.064761E+3	2.091136E+1
1.064999E+3	2.115180E+1
1.065237E+3	2.117912E+1
1.065474E+3	2.126109E+1
1.065712E+3	2.044688E+1
1.065950E+3	1.964907E+1
1.066188E+3	1.963814E+1
1.066426E+3	2.011901E+1
1.066664E+3	1.987858E+1
1.066901E+3	1.910808E+1
1.067139E+3	1.948513E+1
1.067377E+3	1.938131E+1
1.067615E+3	1.900426E+1
1.067852E+3	1.875289E+1
1.068090E+3	1.755071E+1
1.068328E+3	1.691683E+1
1.068566E+3	1.678022E+1
1.068803E+3	1.612994E+1
1.069041E+3	1.589497E+1
1.069279E+3	1.570371E+1
1.069516E+3	1.531027E+1
1.069754E+3	1.461628E+1
1.069992E+3	1.424470E+1
1.070229E+3	1.412448E+1
1.070467E+3	1.441410E+1
1.070705E+3	1.449606E+1
1.070942E+3	1.434306E+1
1.071180E+3	1.362175E+1
1.071418E+3	1.293322E+1
1.071655E+3	1.310262E+1
1.071893E+3	1.299880E+1
1.072130E+3	1.270918E+1
1.072368E+3	1.264907E+1
1.072605E+3	1.254524E+1
1.072843E+3	1.287858E+1
1.073081E+3	1.275289E+1
1.073318E+3	1.284033E+1
1.073556E+3	1.203705E+1
1.073793E+3	1.185125E+1
1.074031E+3	1.195508E+1
1.074268E+3	1.201519E+1
1.074506E+3	1.255617E+1
1.074743E+3	1.292776E+1
1.074981E+3	1.269278E+1
1.075218E+3	1.316273E+1
1.075455E+3	1.331573E+1
1.075693E+3	1.279661E+1
1.075930E+3	1.269278E+1
1.076168E+3	1.289497E+1
1.076405E+3	1.311355E+1
1.076642E+3	1.311355E+1
1.076880E+3	1.332120E+1
1.077117E+3	1.288951E+1
1.077355E+3	1.352885E+1
1.077592E+3	1.438131E+1
1.077829E+3	1.433759E+1
1.078067E+3	1.498240E+1
1.078304E+3	1.500972E+1
1.078541E+3	1.566546E+1
1.078779E+3	1.589497E+1
1.079016E+3	1.623377E+1
1.079253E+3	1.649060E+1
1.079490E+3	1.617366E+1
1.079728E+3	1.636492E+1
1.079965E+3	1.541410E+1
1.080202E+3	1.521191E+1
1.080439E+3	1.549606E+1
1.080677E+3	1.551792E+1
1.080914E+3	1.544142E+1
1.081151E+3	1.588404E+1
1.081388E+3	1.614634E+1
1.081625E+3	1.600426E+1
1.081863E+3	1.526655E+1
1.082100E+3	1.514087E+1
1.082337E+3	1.469278E+1
1.082574E+3	1.515726E+1
1.082811E+3	1.559989E+1
1.083048E+3	1.515726E+1
1.083285E+3	1.440863E+1
1.083522E+3	1.447967E+1
1.083760E+3	1.457803E+1
1.083997E+3	1.481847E+1
1.084234E+3	1.527202E+1
1.084471E+3	1.586765E+1
1.084708E+3	1.603705E+1
1.084945E+3	1.589497E+1
1.085182E+3	1.551792E+1
1.085419E+3	1.560535E+1
1.085656E+3	1.623923E+1
1.085893E+3	1.663267E+1
1.086130E+3	1.690043E+1
1.086367E+3	1.759442E+1
1.086604E+3	1.790043E+1
1.086841E+3	1.819552E+1
1.087078E+3	1.750153E+1
1.087315E+3	1.722830E+1
1.087552E+3	1.723923E+1
1.087789E+3	1.694961E+1
1.088026E+3	1.619552E+1
1.088262E+3	1.576382E+1
1.088499E+3	1.606437E+1
1.088736E+3	1.642502E+1
1.088973E+3	1.565453E+1
1.089210E+3	1.565453E+1
1.089447E+3	1.559989E+1
1.089684E+3	1.510262E+1
1.089921E+3	1.470918E+1
1.090157E+3	1.530481E+1
1.090394E+3	1.516819E+1
1.090631E+3	1.553431E+1
1.090868E+3	1.534852E+1
1.091105E+3	1.524470E+1
1.091341E+3	1.523377E+1
1.091578E+3	1.532120E+1
1.091815E+3	1.478568E+1
1.092052E+3	1.450153E+1
1.092288E+3	1.465453E+1
1.092525E+3	1.426655E+1
1.092762E+3	1.375836E+1
1.092999E+3	1.316819E+1
1.093235E+3	1.278568E+1
1.093472E+3	1.226655E+1
1.093709E+3	1.170371E+1
1.093945E+3	1.176382E+1
1.094182E+3	1.164907E+1
1.094419E+3	1.178022E+1
1.094655E+3	1.163267E+1
1.094892E+3	1.153978E+1
1.095128E+3	1.156710E+1
1.095365E+3	1.161082E+1
1.095602E+3	1.124470E+1
1.095838E+3	1.095508E+1
1.096075E+3	1.044688E+1
1.096311E+3	1.084033E+1
1.096548E+3	1.049060E+1
1.096784E+3	1.067093E+1
1.097021E+3	1.115726E+1
1.097258E+3	1.100426E+1
1.097494E+3	1.100426E+1
1.097731E+3	1.186218E+1
1.097967E+3	1.170918E+1
1.098204E+3	1.151792E+1
1.098440E+3	1.111901E+1
1.098677E+3	1.140863E+1
1.098913E+3	1.113541E+1
1.099149E+3	1.096054E+1
1.099386E+3	1.078568E+1
1.099622E+3	1.107530E+1
1.099859E+3	1.041956E+1
1.100095E+3	9.758358E+0
1.100332E+3	9.818467E+0
1.100568E+3	9.561637E+0
1.100804E+3	9.075298E+0
1.101041E+3	8.506992E+0
1.101277E+3	8.523385E+0
1.101513E+3	9.091691E+0
1.101750E+3	9.627210E+0
1.101986E+3	1.040863E+1
1.102222E+3	1.084579E+1
1.102459E+3	1.172011E+1
1.102695E+3	1.254524E+1
1.102931E+3	1.210262E+1
1.103168E+3	1.202065E+1
1.103404E+3	1.248513E+1
1.103640E+3	1.219005E+1
1.103876E+3	1.274743E+1
1.104113E+3	1.346328E+1
1.104349E+3	1.334852E+1
1.104585E+3	1.338677E+1
1.104821E+3	1.318459E+1
1.105057E+3	1.273650E+1
1.105294E+3	1.267093E+1
1.105530E+3	1.279661E+1
1.105766E+3	1.252339E+1
1.106002E+3	1.273650E+1
1.106238E+3	1.327748E+1
1.106474E+3	1.337584E+1
1.106711E+3	1.329388E+1
1.106947E+3	1.295508E+1
1.107183E+3	1.288404E+1
1.107419E+3	1.237584E+1
1.107655E+3	1.176929E+1
1.107891E+3	1.233213E+1
1.108127E+3	1.157265E+0
1.108363E+3	2.282393E+1
1.108599E+3	1.715726E+1
1.108835E+3	4.549060E+1
1.109071E+3	5.282393E+1
1.109307E+3	4.649060E+1
1.109543E+3	3.449060E+1
1.109779E+3	3.815726E+1
1.110015E+3	8.157265E+0
1.110251E+3	6.823932E+0
1.110487E+3	2.482393E+1
1.110723E+3	9.490598E+0
1.110959E+3	2.582393E+1
1.111195E+3	5.349060E+1
1.111431E+3	2.490598E+0
1.111667E+3	3.582393E+1
1.111903E+3	-1.917607E+1
1.112139E+3	-1.384274E+1
1.112375E+3	1.149060E+1
1.112611E+3	1.315726E+1
1.112847E+3	1.882393E+1
1.113082E+3	1.182393E+1
1.113318E+3	2.749060E+1
1.113554E+3	2.849060E+1
1.113790E+3	7.490598E+0
1.114026E+3	-1.017607E+1
1.114262E+3	-1.850940E+1
1.114497E+3	-1.417607E+1
1.114733E+3	-1.750940E+1
1.114969E+3	2.649060E+1
