1.951292E+2	0.000000E+0
1.953960E+2	0.000000E+0
1.956629E+2	0.000000E+0
1.959298E+2	0.000000E+0
1.961966E+2	0.000000E+0
1.964635E+2	0.000000E+0
1.967303E+2	0.000000E+0
1.969972E+2	0.000000E+0
1.972640E+2	0.000000E+0
1.975308E+2	0.000000E+0
1.977977E+2	0.000000E+0
1.980645E+2	0.000000E+0
1.983313E+2	0.000000E+0
1.985981E+2	0.000000E+0
1.988649E+2	0.000000E+0
1.991316E+2	0.000000E+0
1.993984E+2	0.000000E+0
1.996652E+2	0.000000E+0
1.999320E+2	0.000000E+0
2.001987E+2	0.000000E+0
2.004655E+2	0.000000E+0
2.007322E+2	0.000000E+0
2.009989E+2	0.000000E+0
2.012657E+2	0.000000E+0
2.015324E+2	0.000000E+0
2.017991E+2	0.000000E+0
2.020658E+2	0.000000E+0
2.023325E+2	0.000000E+0
2.025992E+2	0.000000E+0
2.028659E+2	0.000000E+0
2.031326E+2	0.000000E+0
2.033992E+2	0.000000E+0
2.036659E+2	0.000000E+0
2.039325E+2	0.000000E+0
2.041992E+2	0.000000E+0
2.044658E+2	0.000000E+0
2.047325E+2	0.000000E+0
2.049991E+2	0.000000E+0
2.052657E+2	0.000000E+0
2.055323E+2	0.000000E+0
2.057989E+2	0.000000E+0
2.060655E+2	0.000000E+0
2.063321E+2	0.000000E+0
2.065987E+2	0.000000E+0
2.068653E+2	0.000000E+0
2.071319E+2	0.000000E+0
2.073984E+2	0.000000E+0
2.076650E+2	0.000000E+0
2.079315E+2	0.000000E+0
2.081981E+2	0.000000E+0
2.084646E+2	0.000000E+0
2.087311E+2	0.000000E+0
2.089977E+2	0.000000E+0
2.092642E+2	0.000000E+0
2.095307E+2	0.000000E+0
2.097972E+2	0.000000E+0
2.100637E+2	0.000000E+0
2.103302E+2	0.000000E+0
2.105966E+2	0.000000E+0
2.108631E+2	0.000000E+0
2.111296E+2	0.000000E+0
2.113960E+2	0.000000E+0
2.116625E+2	0.000000E+0
2.119289E+2	0.000000E+0
2.121954E+2	0.000000E+0
2.124618E+2	0.000000E+0
2.127282E+2	0.000000E+0
2.129946E+2	0.000000E+0
2.132610E+2	0.000000E+0
2.135274E+2	0.000000E+0
2.137938E+2	0.000000E+0
2.140602E+2	0.000000E+0
2.143266E+2	0.000000E+0
2.145930E+2	0.000000E+0
2.148593E+2	0.000000E+0
2.151257E+2	0.000000E+0
2.153920E+2	0.000000E+0
2.156584E+2	0.000000E+0
2.159247E+2	0.000000E+0
2.161910E+2	0.000000E+0
2.164574E+2	0.000000E+0
2.167237E+2	0.000000E+0
2.169900E+2	0.000000E+0
2.172563E+2	0.000000E+0
2.175226E+2	0.000000E+0
2.177889E+2	0.000000E+0
2.180551E+2	0.000000E+0
2.183214E+2	0.000000E+0
2.185877E+2	0.000000E+0
2.188539E+2	0.000000E+0
2.191202E+2	0.000000E+0
2.193864E+2	0.000000E+0
2.196527E+2	0.000000E+0
2.199189E+2	0.000000E+0
2.201851E+2	0.000000E+0
2.204513E+2	0.000000E+0
2.207175E+2	0.000000E+0
2.209837E+2	0.000000E+0
2.212499E+2	0.000000E+0
2.215161E+2	0.000000E+0
2.217823E+2	0.000000E+0
2.220485E+2	0.000000E+0
2.223146E+2	0.000000E+0
2.225808E+2	0.000000E+0
2.228469E+2	0.000000E+0
2.231131E+2	0.000000E+0
2.233792E+2	0.000000E+0
2.236453E+2	0.000000E+0
2.239115E+2	0.000000E+0
2.241776E+2	0.000000E+0
2.244437E+2	0.000000E+0
2.247098E+2	0.000000E+0
2.249759E+2	0.000000E+0
2.252420E+2	0.000000E+0
2.255080E+2	0.000000E+0
2.257741E+2	0.000000E+0
2.260402E+2	0.000000E+0
2.263062E+2	0.000000E+0
2.265723E+2	0.000000E+0
2.268383E+2	0.000000E+0
2.271044E+2	0.000000E+0
2.273704E+2	0.000000E+0
2.276364E+2	0.000000E+0
2.279024E+2	0.000000E+0
2.281684E+2	0.000000E+0
2.284344E+2	0.000000E+0
2.287004E+2	0.000000E+0
2.289664E+2	0.000000E+0
2.292324E+2	0.000000E+0
2.294984E+2	0.000000E+0
2.297643E+2	0.000000E+0
2.300303E+2	0.000000E+0
2.302962E+2	0.000000E+0
2.305622E+2	0.000000E+0
2.308281E+2	0.000000E+0
2.310940E+2	0.000000E+0
2.313599E+2	0.000000E+0
2.316259E+2	0.000000E+0
2.318918E+2	0.000000E+0
2.321577E+2	0.000000E+0
2.324236E+2	0.000000E+0
2.326894E+2	0.000000E+0
2.329553E+2	0.000000E+0
2.332212E+2	0.000000E+0
2.334871E+2	0.000000E+0
2.337529E+2	0.000000E+0
2.340188E+2	0.000000E+0
2.342846E+2	0.000000E+0
2.345504E+2	0.000000E+0
2.348163E+2	0.000000E+0
2.350821E+2	0.000000E+0
2.353479E+2	0.000000E+0
2.356137E+2	0.000000E+0
2.358795E+2	0.000000E+0
2.361453E+2	0.000000E+0
2.364111E+2	0.000000E+0
2.366769E+2	0.000000E+0
2.369426E+2	0.000000E+0
2.372084E+2	0.000000E+0
2.374741E+2	0.000000E+0
2.377399E+2	0.000000E+0
2.380056E+2	0.000000E+0
2.382714E+2	0.000000E+0
2.385371E+2	0.000000E+0
2.388028E+2	0.000000E+0
2.390685E+2	0.000000E+0
2.393342E+2	0.000000E+0
2.395999E+2	0.000000E+0
2.398656E+2	0.000000E+0
2.401313E+2	0.000000E+0
2.403970E+2	0.000000E+0
2.406626E+2	0.000000E+0
2.409283E+2	0.000000E+0
2.411940E+2	0.000000E+0
2.414596E+2	0.000000E+0
2.417252E+2	0.000000E+0
2.419909E+2	0.000000E+0
2.422565E+2	0.000000E+0
2.425221E+2	0.000000E+0
2.427877E+2	0.000000E+0
2.430533E+2	0.000000E+0
2.433189E+2	0.000000E+0
2.435845E+2	0.000000E+0
2.438501E+2	0.000000E+0
2.441157E+2	0.000000E+0
2.443812E+2	0.000000E+0
2.446468E+2	0.000000E+0
2.449124E+2	0.000000E+0
2.451779E+2	0.000000E+0
2.454434E+2	0.000000E+0
2.457090E+2	0.000000E+0
2.459745E+2	0.000000E+0
2.462400E+2	0.000000E+0
2.465055E+2	0.000000E+0
2.467710E+2	0.000000E+0
2.470365E+2	0.000000E+0
2.473020E+2	0.000000E+0
2.475675E+2	0.000000E+0
2.478330E+2	0.000000E+0
2.480984E+2	0.000000E+0
2.483639E+2	0.000000E+0
2.486294E+2	0.000000E+0
2.488948E+2	0.000000E+0
2.491602E+2	0.000000E+0
2.494257E+2	0.000000E+0
2.496911E+2	0.000000E+0
2.499565E+2	0.000000E+0
2.502219E+2	1.656486E+1
2.504873E+2	1.636814E+1
2.507527E+2	1.551021E+1
2.510181E+2	1.543918E+1
2.512835E+2	1.577797E+1
2.515489E+2	1.578890E+1
2.518142E+2	1.581623E+1
2.520796E+2	1.619874E+1
2.523449E+2	1.669054E+1
2.526103E+2	1.632442E+1
2.528756E+2	1.567961E+1
2.531409E+2	1.512224E+1
2.534063E+2	1.508398E+1
2.536716E+2	1.635174E+1
2.539369E+2	1.637907E+1
2.542022E+2	1.698016E+1
2.544675E+2	1.654847E+1
2.547328E+2	1.683808E+1
2.549980E+2	1.722060E+1
2.552633E+2	1.673972E+1
2.555286E+2	1.641732E+1
2.557938E+2	1.647743E+1
2.560591E+2	1.754300E+1
2.563243E+2	1.814409E+1
2.565896E+2	1.805120E+1
2.568548E+2	1.875065E+1
2.571200E+2	1.898016E+1
2.573852E+2	1.900202E+1
2.576504E+2	1.941732E+1
2.579156E+2	1.957032E+1
2.581808E+2	1.980530E+1
2.584460E+2	1.990366E+1
2.587112E+2	1.983808E+1
2.589763E+2	1.946103E+1
2.592415E+2	1.925885E+1
2.595067E+2	1.947743E+1
2.597718E+2	1.954847E+1
2.600369E+2	1.999655E+1
2.603021E+2	2.014956E+1
2.605672E+2	2.038453E+1
2.608323E+2	2.066322E+1
2.610974E+2	2.013317E+1
2.613625E+2	1.964136E+1
2.616276E+2	1.943371E+1
2.618927E+2	1.943918E+1
2.621578E+2	1.916595E+1
2.624229E+2	1.904573E+1
2.626880E+2	2.005120E+1
2.629530E+2	2.122060E+1
2.632181E+2	2.087633E+1
2.634831E+2	2.052114E+1
2.637482E+2	2.064136E+1
2.640132E+2	2.163043E+1
2.642782E+2	2.155939E+1
2.645432E+2	2.106759E+1
2.648082E+2	2.147743E+1
2.650732E+2	2.105666E+1
2.653382E+2	2.060858E+1
2.656032E+2	1.990366E+1
2.658682E+2	2.026978E+1
2.661332E+2	2.062497E+1
2.663981E+2	2.060311E+1
2.666631E+2	2.070694E+1
2.669281E+2	2.113863E+1
2.671930E+2	2.081623E+1
2.674579E+2	1.998562E+1
2.677229E+2	2.055939E+1
2.679878E+2	2.061950E+1
2.682527E+2	2.011677E+1
2.685176E+2	1.888726E+1
2.687825E+2	1.884355E+1
2.690474E+2	1.926431E+1
2.693123E+2	1.880530E+1
2.695772E+2	1.854847E+1
2.698420E+2	1.777797E+1
2.701069E+2	1.731896E+1
2.703718E+2	1.716049E+1
2.706366E+2	1.724245E+1
2.709014E+2	1.684901E+1
2.711663E+2	1.632989E+1
2.714311E+2	1.635721E+1
2.716959E+2	1.645557E+1
2.719607E+2	1.628071E+1
2.722255E+2	1.557032E+1
2.724903E+2	1.495284E+1
2.727551E+2	1.529710E+1
2.730199E+2	1.531896E+1
2.732847E+2	1.549382E+1
2.735495E+2	1.523699E+1
2.738142E+2	1.470694E+1
2.740790E+2	1.529164E+1
2.743437E+2	1.508398E+1
2.746085E+2	1.495284E+1
2.748732E+2	1.511677E+1
2.751379E+2	1.492005E+1
2.754026E+2	1.519327E+1
2.756674E+2	1.459218E+1
2.759321E+2	1.478344E+1
2.761968E+2	1.392005E+1
2.764614E+2	1.374519E+1
2.767261E+2	1.376704E+1
2.769908E+2	1.366322E+1
2.772555E+2	1.363590E+1
2.775201E+2	1.355939E+1
2.777848E+2	1.388180E+1
2.780494E+2	1.418235E+1
2.783141E+2	1.430256E+1
2.785787E+2	1.461950E+1
2.788433E+2	1.389273E+1
2.791079E+2	1.292005E+1
2.793725E+2	1.223699E+1
2.796371E+2	1.226978E+1
2.799017E+2	1.169601E+1
2.801663E+2	1.074519E+1
2.804309E+2	1.028617E+1
2.806955E+2	1.029710E+1
2.809600E+2	9.799832E+0
2.812246E+2	1.042825E+1
2.814891E+2	1.051021E+1
2.817537E+2	1.102388E+1
2.820182E+2	1.085448E+1
2.822827E+2	1.045011E+1
2.825473E+2	1.049382E+1
2.828118E+2	9.909121E+0
2.830763E+2	9.439176E+0
2.833408E+2	8.969231E+0
2.836053E+2	9.346280E+0
2.838697E+2	8.783438E+0
2.841342E+2	8.258848E+0
2.843987E+2	8.450105E+0
2.846632E+2	9.324422E+0
2.849276E+2	9.903657E+0
2.851921E+2	1.006759E+1
2.854565E+2	1.039000E+1
2.857209E+2	1.028071E+1
2.859853E+2	9.980160E+0
2.862498E+2	1.007852E+1
2.865142E+2	9.608575E+0
2.867786E+2	1.005666E+1
2.870430E+2	1.007306E+1
2.873074E+2	1.000202E+1
2.875717E+2	9.827154E+0
2.878361E+2	9.799832E+0
2.881005E+2	9.805296E+0
2.883648E+2	9.619504E+0
2.886292E+2	9.324422E+0
2.888935E+2	9.794367E+0
2.891579E+2	9.646826E+0
2.894222E+2	9.696007E+0
2.896865E+2	1.022060E+1
2.899508E+2	1.067961E+1
2.902151E+2	1.039000E+1
2.904794E+2	1.032989E+1
2.907437E+2	1.090366E+1
2.910080E+2	1.088726E+1
2.912723E+2	1.145557E+1
2.915366E+2	1.151568E+1
2.918008E+2	1.210038E+1
2.920651E+2	1.194737E+1
2.923293E+2	1.225885E+1
2.925936E+2	1.223699E+1
2.928578E+2	1.196377E+1
2.931220E+2	1.130256E+1
2.933863E+2	1.084901E+1
2.936505E+2	1.108398E+1
2.939147E+2	1.117688E+1
2.941789E+2	1.072333E+1
2.944431E+2	1.105666E+1
2.947072E+2	1.147743E+1
2.949714E+2	1.147196E+1
2.952356E+2	1.163043E+1
2.954997E+2	1.225338E+1
2.957639E+2	1.245557E+1
2.960280E+2	1.312770E+1
2.962922E+2	1.332442E+1
2.965563E+2	1.326978E+1
2.968204E+2	1.266322E+1
2.970845E+2	1.210038E+1
2.973486E+2	1.128617E+1
2.976127E+2	1.117142E+1
2.978768E+2	1.121513E+1
2.981409E+2	1.136814E+1
2.984050E+2	1.097470E+1
2.986691E+2	1.111131E+1
2.989331E+2	1.160858E+1
2.991972E+2	1.200202E+1
2.994612E+2	1.220420E+1
2.997253E+2	1.189819E+1
2.999893E+2	1.216595E+1
3.002534E+2	1.264136E+1
3.005174E+2	1.243918E+1
3.007814E+2	1.200748E+1
3.010454E+2	1.180530E+1
3.013094E+2	1.173426E+1
3.015734E+2	1.204573E+1
3.018374E+2	1.259218E+1
3.021013E+2	1.300748E+1
3.023653E+2	1.329164E+1
3.026293E+2	1.315502E+1
3.028932E+2	1.329710E+1
3.031572E+2	1.367961E+1
3.034211E+2	1.395830E+1
3.036850E+2	1.446650E+1
3.039489E+2	1.470694E+1
3.042129E+2	1.505666E+1
3.044768E+2	1.546650E+1
3.047407E+2	1.567961E+1
3.050046E+2	1.516049E+1
3.052685E+2	1.512224E+1
3.055323E+2	1.529710E+1
3.057962E+2	1.492551E+1
3.060601E+2	1.508945E+1
3.063239E+2	1.475612E+1
3.065878E+2	1.506213E+1
3.068516E+2	1.478890E+1
3.071155E+2	1.488726E+1
3.073793E+2	1.488726E+1
3.076431E+2	1.469601E+1
3.079069E+2	1.447196E+1
3.081707E+2	1.508398E+1
3.084345E+2	1.571786E+1
3.086983E+2	1.577797E+1
3.089621E+2	1.608398E+1
3.092259E+2	1.632989E+1
3.094896E+2	1.680530E+1
3.097534E+2	1.670147E+1
3.100171E+2	1.672333E+1
3.102809E+2	1.629164E+1
3.105446E+2	1.640092E+1
3.108084E+2	1.644464E+1
3.110721E+2	1.705666E+1
3.113358E+2	1.728617E+1
3.115995E+2	1.723153E+1
3.118632E+2	1.675612E+1
3.121269E+2	1.667415E+1
3.123906E+2	1.635174E+1
3.126543E+2	1.653754E+1
3.129179E+2	1.662497E+1
3.131816E+2	1.716595E+1
3.134453E+2	1.742825E+1
3.137089E+2	1.746103E+1
3.139725E+2	1.759218E+1
3.142362E+2	1.758125E+1
3.144998E+2	1.754300E+1
3.147634E+2	1.736814E+1
3.150270E+2	1.759218E+1
3.152906E+2	1.761950E+1
3.155542E+2	1.855939E+1
3.158178E+2	1.914956E+1
3.160814E+2	1.910584E+1
3.163450E+2	1.908398E+1
3.166086E+2	1.967961E+1
3.168721E+2	2.005120E+1
3.171357E+2	1.977797E+1
3.173992E+2	1.968508E+1
3.176627E+2	1.950475E+1
3.179263E+2	1.965776E+1
3.181898E+2	1.979437E+1
3.184533E+2	1.967961E+1
3.187168E+2	2.054300E+1
3.189803E+2	2.002388E+1
3.192438E+2	1.955939E+1
3.195073E+2	1.985994E+1
3.197708E+2	2.059765E+1
3.200342E+2	2.084355E+1
3.202977E+2	2.118235E+1
3.205612E+2	2.126978E+1
3.208246E+2	2.195830E+1
3.210881E+2	2.253754E+1
3.213515E+2	2.310038E+1
3.216149E+2	2.295830E+1
3.218783E+2	2.298016E+1
3.221417E+2	2.321513E+1
3.224051E+2	2.323699E+1
3.226685E+2	2.259765E+1
3.229319E+2	2.241185E+1
3.231953E+2	2.234628E+1
3.234587E+2	2.181623E+1
3.237221E+2	2.152114E+1
3.239854E+2	2.221513E+1
3.242488E+2	2.207306E+1
3.245121E+2	2.101295E+1
3.247754E+2	2.069601E+1
3.250388E+2	2.085994E+1
3.253021E+2	2.152661E+1
3.255654E+2	2.174519E+1
3.258287E+2	2.259218E+1
3.260920E+2	2.246103E+1
3.263553E+2	2.309491E+1
3.266186E+2	2.252661E+1
3.268819E+2	2.245557E+1
3.271451E+2	2.236267E+1
3.274084E+2	2.237360E+1
3.276717E+2	2.299109E+1
3.279349E+2	2.385448E+1
3.281981E+2	2.371786E+1
3.284614E+2	2.443918E+1
3.287246E+2	2.508398E+1
3.289878E+2	2.585994E+1
3.292510E+2	2.582169E+1
3.295142E+2	2.691459E+1
3.297774E+2	2.745011E+1
3.300406E+2	2.778344E+1
3.303038E+2	2.802388E+1
3.305670E+2	2.899109E+1
3.308301E+2	2.963590E+1
3.310933E+2	3.008398E+1
3.313564E+2	3.000202E+1
3.316196E+2	2.962497E+1
3.318827E+2	2.978344E+1
3.321458E+2	3.034082E+1
3.324089E+2	3.118235E+1
3.326721E+2	3.139000E+1
3.329352E+2	3.154300E+1
3.331983E+2	3.176158E+1
3.334614E+2	3.291459E+1
3.337244E+2	3.350475E+1
3.339875E+2	3.354300E+1
3.342506E+2	3.345557E+1
3.345136E+2	3.435721E+1
3.347767E+2	3.396377E+1
3.350397E+2	3.415502E+1
3.353028E+2	3.495830E+1
3.355658E+2	3.506213E+1
3.358288E+2	3.514409E+1
3.360918E+2	3.504027E+1
3.363548E+2	3.512770E+1
3.366178E+2	3.525885E+1
3.368808E+2	3.553754E+1
3.371438E+2	3.545011E+1
3.374068E+2	3.510584E+1
3.376698E+2	3.570147E+1
3.379327E+2	3.649929E+1
3.381957E+2	3.640639E+1
3.384586E+2	3.660858E+1
3.387216E+2	3.807306E+1
3.389845E+2	3.864136E+1
3.392474E+2	3.927524E+1
3.395103E+2	4.016595E+1
3.397733E+2	4.108398E+1
3.400362E+2	4.095830E+1
3.402990E+2	4.093644E+1
3.405619E+2	4.251568E+1
3.408248E+2	4.340639E+1
3.410877E+2	4.374519E+1
3.413506E+2	4.423699E+1
3.416134E+2	4.450475E+1
3.418763E+2	4.452661E+1
3.421391E+2	4.535721E+1
3.424019E+2	4.588180E+1
3.426648E+2	4.692551E+1
3.429276E+2	4.800202E+1
3.431904E+2	4.914956E+1
3.434532E+2	5.007852E+1
3.437160E+2	5.045011E+1
3.439788E+2	5.092005E+1
3.442416E+2	5.177797E+1
3.445043E+2	5.268508E+1
3.447671E+2	5.287633E+1
3.450299E+2	5.349382E+1
3.452926E+2	5.448836E+1
3.455554E+2	5.471240E+1
3.458181E+2	5.549382E+1
3.460808E+2	5.553207E+1
3.463436E+2	5.733535E+1
3.466063E+2	5.757032E+1
3.468690E+2	5.778344E+1
3.471317E+2	5.795284E+1
3.473944E+2	5.940639E+1
3.476570E+2	6.064136E+1
3.479197E+2	6.157032E+1
3.481824E+2	6.200202E+1
3.484451E+2	6.254300E+1
3.487077E+2	6.336814E+1
3.489704E+2	6.395830E+1
3.492330E+2	6.510584E+1
3.494956E+2	6.583808E+1
3.497582E+2	6.687633E+1
3.500209E+2	6.759218E+1
3.502835E+2	6.902934E+1
3.505461E+2	6.987087E+1
3.508087E+2	7.146103E+1
3.510713E+2	7.257579E+1
3.513338E+2	7.319327E+1
3.515964E+2	7.430256E+1
3.518590E+2	7.452114E+1
3.521215E+2	7.562497E+1
3.523841E+2	7.616049E+1
3.526466E+2	7.748836E+1
3.529091E+2	7.881076E+1
3.531717E+2	7.985448E+1
3.534342E+2	8.236267E+1
3.536967E+2	8.361404E+1
3.539592E+2	8.452114E+1
3.542217E+2	8.572879E+1
3.544842E+2	8.746650E+1
3.547467E+2	8.804573E+1
3.550091E+2	8.957579E+1
3.552716E+2	9.107306E+1
3.555341E+2	9.295830E+1
3.557965E+2	9.388726E+1
3.560590E+2	9.616595E+1
3.563214E+2	9.868508E+1
3.565838E+2	9.950475E+1
3.568462E+2	1.008326E+2
3.571086E+2	1.023190E+2
3.573711E+2	1.039583E+2
3.576335E+2	1.060348E+2
3.578958E+2	1.073517E+2
3.581582E+2	1.085758E+2
3.584206E+2	1.097015E+2
3.586830E+2	1.114610E+2
3.589453E+2	1.122370E+2
3.592077E+2	1.129692E+2
3.594700E+2	1.144446E+2
3.597324E+2	1.161605E+2
3.599947E+2	1.173900E+2
3.602570E+2	1.196414E+2
3.605193E+2	1.207998E+2
3.607816E+2	1.228490E+2
3.610439E+2	1.254610E+2
3.613062E+2	1.274282E+2
3.615685E+2	1.285485E+2
3.618308E+2	1.299474E+2
3.620930E+2	1.323026E+2
3.623553E+2	1.331441E+2
3.626176E+2	1.353736E+2
3.628798E+2	1.379474E+2
3.631420E+2	1.397288E+2
3.634043E+2	1.414064E+2
3.636665E+2	1.437288E+2
3.639287E+2	1.455922E+2
3.641909E+2	1.475649E+2
3.644531E+2	1.494884E+2
3.647153E+2	1.511058E+2
3.649775E+2	1.529310E+2
3.652397E+2	1.555157E+2
3.655018E+2	1.567343E+2
3.657640E+2	1.585485E+2
3.660262E+2	1.607015E+2
3.662883E+2	1.625485E+2
3.665505E+2	1.643080E+2
3.668126E+2	1.654774E+2
3.670747E+2	1.673299E+2
3.673368E+2	1.689638E+2
3.675989E+2	1.706960E+2
3.678610E+2	1.732151E+2
3.681231E+2	1.753572E+2
3.683852E+2	1.782151E+2
3.686473E+2	1.806086E+2
3.689094E+2	1.824556E+2
3.691714E+2	1.843244E+2
3.694335E+2	1.854064E+2
3.696955E+2	1.871823E+2
3.699576E+2	1.897343E+2
3.702196E+2	1.919037E+2
3.704816E+2	1.943791E+2
3.707437E+2	1.966578E+2
3.710057E+2	1.987889E+2
3.712677E+2	2.009364E+2
3.715297E+2	2.023299E+2
3.717917E+2	2.048381E+2
3.720536E+2	2.064173E+2
3.723156E+2	2.082807E+2
3.725776E+2	2.115485E+2
3.728395E+2	2.144938E+2
3.731015E+2	2.167015E+2
3.733634E+2	2.189911E+2
3.736254E+2	2.207834E+2
3.738873E+2	2.232643E+2
3.741492E+2	2.261933E+2
3.744111E+2	2.293080E+2
3.746730E+2	2.319255E+2
3.749349E+2	2.354829E+2
3.751968E+2	2.382151E+2
3.754587E+2	2.403681E+2
3.757206E+2	2.425758E+2
3.759824E+2	2.452479E+2
3.762443E+2	2.473408E+2
3.765061E+2	2.501933E+2
3.767680E+2	2.529364E+2
3.770298E+2	2.544938E+2
3.772916E+2	2.569255E+2
3.775535E+2	2.596250E+2
3.778153E+2	2.621222E+2
3.780771E+2	2.647069E+2
3.783389E+2	2.676796E+2
3.786007E+2	2.701441E+2
3.788624E+2	2.724556E+2
3.791242E+2	2.757780E+2
3.793860E+2	2.788053E+2
3.796477E+2	2.813026E+2
3.799095E+2	2.841933E+2
3.801712E+2	2.874884E+2
3.804330E+2	2.909364E+2
3.806947E+2	2.945375E+2
3.809564E+2	2.985485E+2
3.812181E+2	3.012097E+2
3.814798E+2	3.043627E+2
3.817415E+2	3.079310E+2
3.820032E+2	3.114829E+2
3.822649E+2	3.139037E+2
3.825266E+2	3.167124E+2
3.827883E+2	3.203791E+2
3.830499E+2	3.238381E+2
3.833116E+2	3.269310E+2
3.835732E+2	3.308162E+2
3.838348E+2	3.344446E+2
3.840965E+2	3.376578E+2
3.843581E+2	3.412588E+2
3.846197E+2	3.447725E+2
3.848813E+2	3.485539E+2
3.851429E+2	3.520512E+2
3.854045E+2	3.554774E+2
3.856661E+2	3.591550E+2
3.859277E+2	3.626414E+2
3.861892E+2	3.662261E+2
3.864508E+2	3.693900E+2
3.867124E+2	3.726632E+2
3.869739E+2	3.760621E+2
3.872354E+2	3.803244E+2
3.874970E+2	3.850894E+2
3.877585E+2	3.895321E+2
3.880200E+2	3.932916E+2
3.882815E+2	3.973845E+2
3.885430E+2	4.004610E+2
3.888045E+2	4.037616E+2
3.890660E+2	4.076578E+2
3.893275E+2	4.108763E+2
3.895889E+2	4.156195E+2
3.898504E+2	4.192534E+2
3.901118E+2	4.230184E+2
3.903733E+2	4.271823E+2
3.906347E+2	4.303354E+2
3.908962E+2	4.336195E+2
3.911576E+2	4.379364E+2
3.914190E+2	4.424610E+2
3.916804E+2	4.467725E+2
3.919418E+2	4.508053E+2
3.922032E+2	4.544993E+2
3.924646E+2	4.580075E+2
3.927260E+2	4.614282E+2
3.929873E+2	4.650184E+2
3.932487E+2	4.684173E+2
3.935100E+2	4.723517E+2
3.937714E+2	4.769911E+2
3.940327E+2	4.812315E+2
3.942941E+2	4.851769E+2
3.945554E+2	4.896851E+2
3.948167E+2	4.937069E+2
3.950780E+2	4.983900E+2
3.953393E+2	5.025922E+2
3.956006E+2	5.069310E+2
3.958619E+2	5.111605E+2
3.961232E+2	5.149911E+2
3.963844E+2	5.187015E+2
3.966457E+2	5.227015E+2
3.969069E+2	5.266851E+2
3.971682E+2	5.311168E+2
3.974294E+2	5.358927E+2
3.976907E+2	5.401441E+2
3.979519E+2	5.440239E+2
3.982131E+2	5.491987E+2
3.984743E+2	5.542370E+2
3.987355E+2	5.587124E+2
3.989967E+2	5.630184E+2
3.992579E+2	5.675266E+2
3.995191E+2	5.715703E+2
3.997802E+2	5.757069E+2
4.000414E+2	5.805047E+2
4.003025E+2	5.848927E+2
4.005637E+2	5.890676E+2
4.008248E+2	5.935375E+2
4.010860E+2	5.990949E+2
4.013471E+2	6.043408E+2
4.016082E+2	6.088709E+2
4.018693E+2	6.134446E+2
4.021304E+2	6.185758E+2
4.023915E+2	6.240293E+2
4.026526E+2	6.296632E+2
4.029137E+2	6.348162E+2
4.031747E+2	6.392588E+2
4.034358E+2	6.439419E+2
4.036968E+2	6.487124E+2
4.039579E+2	6.540293E+2
4.042189E+2	6.590840E+2
4.044800E+2	6.643791E+2
4.047410E+2	6.696905E+2
4.050020E+2	6.758435E+2
4.052630E+2	6.812588E+2
4.055240E+2	6.859419E+2
4.057850E+2	6.914282E+2
4.060460E+2	6.968545E+2
4.063070E+2	7.014938E+2
4.065679E+2	7.071058E+2
4.068289E+2	7.119364E+2
4.070898E+2	7.166304E+2
4.073508E+2	7.214337E+2
4.076117E+2	7.262261E+2
4.078727E+2	7.315594E+2
4.081336E+2	7.375266E+2
4.083945E+2	7.430949E+2
4.086554E+2	7.489146E+2
4.089163E+2	7.550348E+2
4.091772E+2	7.612534E+2
4.094381E+2	7.673517E+2
4.096990E+2	7.734446E+2
4.099598E+2	7.795266E+2
4.102207E+2	7.854446E+2
4.104815E+2	7.913080E+2
4.107424E+2	7.970293E+2
4.110032E+2	8.021496E+2
4.112640E+2	8.073517E+2
4.115249E+2	8.125485E+2
4.117857E+2	8.186687E+2
4.120465E+2	8.246304E+2
4.123073E+2	8.303408E+2
4.125681E+2	8.369037E+2
4.128289E+2	8.425703E+2
4.130896E+2	8.486632E+2
4.133504E+2	8.541605E+2
4.136112E+2	8.594501E+2
4.138719E+2	8.654774E+2
4.141327E+2	8.712479E+2
4.143934E+2	8.768599E+2
4.146541E+2	8.831769E+2
4.149149E+2	8.890894E+2
4.151756E+2	8.955976E+2
4.154363E+2	9.015976E+2
4.156970E+2	9.077288E+2
4.159577E+2	9.144556E+2
4.162184E+2	9.203080E+2
4.164790E+2	9.263791E+2
4.167397E+2	9.320457E+2
4.170004E+2	9.372643E+2
4.172610E+2	9.429692E+2
4.175217E+2	9.494993E+2
4.177823E+2	9.555102E+2
4.180429E+2	9.619201E+2
4.183035E+2	9.675594E+2
4.185642E+2	9.734119E+2
4.188248E+2	9.792370E+2
4.190854E+2	9.854337E+2
4.193459E+2	9.915703E+2
4.196065E+2	9.986578E+2
4.198671E+2	1.004499E+3
4.201277E+2	1.009685E+3
4.203882E+2	1.015499E+3
4.206488E+2	1.021439E+3
4.209093E+2	1.026401E+3
4.211699E+2	1.032603E+3
4.214304E+2	1.038800E+3
4.216909E+2	1.045144E+3
4.219514E+2	1.051095E+3
4.222119E+2	1.057592E+3
4.224724E+2	1.064412E+3
4.227329E+2	1.071002E+3
4.229934E+2	1.077756E+3
4.232539E+2	1.084986E+3
4.235143E+2	1.092652E+3
4.237748E+2	1.098712E+3
4.240352E+2	1.105352E+3
4.242957E+2	1.112171E+3
4.245561E+2	1.119477E+3
4.248166E+2	1.126073E+3
4.250770E+2	1.132898E+3
4.253374E+2	1.140046E+3
4.255978E+2	1.146926E+3
4.258582E+2	1.153915E+3
4.261186E+2	1.160794E+3
4.263790E+2	1.167778E+3
4.266393E+2	1.175565E+3
4.268997E+2	1.182570E+3
4.271600E+2	1.190029E+3
4.274204E+2	1.197598E+3
4.276807E+2	1.204297E+3
4.279411E+2	1.211232E+3
4.282014E+2	1.218488E+3
4.284617E+2	1.224871E+3
4.287220E+2	1.233024E+3
4.289823E+2	1.240696E+3
4.292426E+2	1.248669E+3
4.295029E+2	1.256543E+3
4.297632E+2	1.264707E+3
4.300235E+2	1.272445E+3
4.302837E+2	1.280177E+3
4.305440E+2	1.287751E+3
4.308042E+2	1.295920E+3
4.310645E+2	1.303964E+3
4.313247E+2	1.312357E+3
4.315849E+2	1.319477E+3
4.318451E+2	1.326893E+3
4.321054E+2	1.335210E+3
4.323656E+2	1.342783E+3
4.326258E+2	1.350833E+3
4.328859E+2	1.357942E+3
4.331461E+2	1.365783E+3
4.334063E+2	1.373570E+3
4.336665E+2	1.381423E+3
4.339266E+2	1.388450E+3
4.341868E+2	1.395494E+3
4.344469E+2	1.402723E+3
4.347070E+2	1.410035E+3
4.349671E+2	1.417253E+3
4.352273E+2	1.424811E+3
4.354874E+2	1.431466E+3
4.357475E+2	1.439232E+3
4.360076E+2	1.446740E+3
4.362677E+2	1.454833E+3
4.365277E+2	1.462647E+3
4.367878E+2	1.471040E+3
4.370479E+2	1.478445E+3
4.373079E+2	1.486395E+3
4.375680E+2	1.494860E+3
4.378280E+2	1.502876E+3
4.380880E+2	1.510958E+3
4.383480E+2	1.518669E+3
4.386081E+2	1.526997E+3
4.388681E+2	1.535669E+3
4.391281E+2	1.542625E+3
4.393881E+2	1.549527E+3
4.396480E+2	1.557701E+3
4.399080E+2	1.565303E+3
4.401680E+2	1.572669E+3
4.404279E+2	1.579822E+3
4.406879E+2	1.587773E+3
4.409478E+2	1.595423E+3
4.412078E+2	1.602166E+3
4.414677E+2	1.608712E+3
4.417276E+2	1.614576E+3
4.419875E+2	1.622488E+3
4.422474E+2	1.629182E+3
4.425073E+2	1.636018E+3
4.427672E+2	1.643598E+3
4.430271E+2	1.651232E+3
4.432870E+2	1.657876E+3
4.435469E+2	1.664587E+3
4.438067E+2	1.671838E+3
4.440666E+2	1.678838E+3
4.443264E+2	1.685887E+3
4.445862E+2	1.691548E+3
4.448461E+2	1.697942E+3
4.451059E+2	1.704472E+3
4.453657E+2	1.711614E+3
4.456255E+2	1.717805E+3
4.458853E+2	1.724882E+3
4.461451E+2	1.732013E+3
4.464049E+2	1.738942E+3
4.466646E+2	1.745237E+3
4.469244E+2	1.752401E+3
4.471842E+2	1.758204E+3
4.474439E+2	1.765876E+3
4.477036E+2	1.773434E+3
4.479634E+2	1.779876E+3
4.482231E+2	1.787330E+3
4.484828E+2	1.794554E+3
4.487425E+2	1.803128E+3
4.490022E+2	1.810663E+3
4.492619E+2	1.817259E+3
4.495216E+2	1.823707E+3
4.497813E+2	1.830428E+3
4.500410E+2	1.838106E+3
4.503006E+2	1.845767E+3
4.505603E+2	1.854609E+3
4.508199E+2	1.862685E+3
4.510796E+2	1.869800E+3
4.513392E+2	1.876904E+3
4.515988E+2	1.884253E+3
4.518584E+2	1.893062E+3
4.521180E+2	1.900816E+3
4.523776E+2	1.908603E+3
4.526372E+2	1.915532E+3
4.528968E+2	1.923368E+3
4.531564E+2	1.931210E+3
4.534160E+2	1.938783E+3
4.536755E+2	1.947592E+3
4.539351E+2	1.956833E+3
4.541946E+2	1.964352E+3
4.544541E+2	1.971904E+3
4.547137E+2	1.979051E+3
4.549732E+2	1.987800E+3
4.552327E+2	1.995865E+3
4.554922E+2	2.004237E+3
4.557517E+2	2.012313E+3
4.560112E+2	2.021822E+3
4.562707E+2	2.031024E+3
4.565302E+2	2.039385E+3
4.567896E+2	2.049439E+3
4.570491E+2	2.059783E+3
4.573085E+2	2.068751E+3
4.575680E+2	2.079439E+3
4.578274E+2	2.088319E+3
4.580868E+2	2.098259E+3
4.583463E+2	2.108669E+3
4.586057E+2	2.117898E+3
4.588651E+2	2.128521E+3
4.591245E+2	2.139095E+3
4.593838E+2	2.150745E+3
4.596432E+2	2.161942E+3
4.599026E+2	2.173357E+3
4.601620E+2	2.184538E+3
4.604213E+2	2.196882E+3
4.606807E+2	2.208057E+3
4.609400E+2	2.220723E+3
4.611993E+2	2.232669E+3
4.614587E+2	2.244740E+3
4.617180E+2	2.257986E+3
4.619773E+2	2.270548E+3
4.622366E+2	2.282964E+3
4.624959E+2	2.297292E+3
4.627552E+2	2.309346E+3
4.630144E+2	2.322904E+3
4.632737E+2	2.336363E+3
4.635330E+2	2.348434E+3
4.637922E+2	2.362368E+3
4.640515E+2	2.376477E+3
4.643107E+2	2.389926E+3
4.645699E+2	2.403128E+3
4.648292E+2	2.417756E+3
4.650884E+2	2.432980E+3
4.653476E+2	2.448636E+3
4.656068E+2	2.465144E+3
4.658660E+2	2.481253E+3
4.661251E+2	2.497576E+3
4.663843E+2	2.512013E+3
4.666435E+2	2.528532E+3
4.669026E+2	2.546975E+3
4.671618E+2	2.564160E+3
4.674209E+2	2.581958E+3
4.676801E+2	2.599718E+3
4.679392E+2	2.616958E+3
4.681983E+2	2.634614E+3
4.684574E+2	2.653898E+3
4.687165E+2	2.673603E+3
4.689756E+2	2.692160E+3
4.692347E+2	2.711253E+3
4.694938E+2	2.730177E+3
4.697529E+2	2.747734E+3
4.700119E+2	2.768505E+3
4.702710E+2	2.788789E+3
4.705300E+2	2.810603E+3
4.707891E+2	2.830838E+3
4.710481E+2	2.852936E+3
4.713071E+2	2.875652E+3
4.715661E+2	2.898253E+3
4.718252E+2	2.920335E+3
4.720842E+2	2.943811E+3
4.723431E+2	2.967920E+3
4.726021E+2	2.990712E+3
4.728611E+2	3.013762E+3
4.731201E+2	3.040035E+3
4.733790E+2	3.065073E+3
4.736380E+2	3.089335E+3
4.738969E+2	3.115089E+3
4.741559E+2	3.139630E+3
4.744148E+2	3.165002E+3
4.746737E+2	3.191089E+3
4.749326E+2	3.217865E+3
4.751915E+2	3.242357E+3
4.754504E+2	3.268292E+3
4.757093E+2	3.296002E+3
4.759682E+2	3.323248E+3
4.762271E+2	3.350330E+3
4.764859E+2	3.377609E+3
4.767448E+2	3.404898E+3
4.770037E+2	3.431964E+3
4.772625E+2	3.459603E+3
4.775213E+2	3.485898E+3
4.777802E+2	3.513155E+3
4.780390E+2	3.540412E+3
4.782978E+2	3.567062E+3
4.785566E+2	3.595565E+3
4.788154E+2	3.624565E+3
4.790742E+2	3.652106E+3
4.793329E+2	3.679827E+3
4.795917E+2	3.708783E+3
4.798505E+2	3.736210E+3
4.801092E+2	3.764685E+3
4.803680E+2	3.792658E+3
4.806267E+2	3.819669E+3
4.808854E+2	3.847046E+3
4.811442E+2	3.874865E+3
4.814029E+2	3.902527E+3
4.816616E+2	3.931100E+3
4.819203E+2	3.958969E+3
4.821790E+2	3.988210E+3
4.824377E+2	4.016363E+3
4.826963E+2	4.042641E+3
4.829550E+2	4.070084E+3
4.832137E+2	4.098401E+3
4.834723E+2	4.125046E+3
4.837310E+2	4.152499E+3
4.839896E+2	4.179882E+3
4.842482E+2	4.206592E+3
4.845068E+2	4.232636E+3
4.847655E+2	4.259773E+3
4.850241E+2	4.286106E+3
4.852827E+2	4.310991E+3
4.855412E+2	4.338150E+3
4.857998E+2	4.363374E+3
4.860584E+2	4.389144E+3
4.863170E+2	4.412947E+3
4.865755E+2	4.439827E+3
4.868341E+2	4.464089E+3
4.870926E+2	4.487412E+3
4.873511E+2	4.511242E+3
4.876097E+2	4.534838E+3
4.878682E+2	4.558051E+3
4.881267E+2	4.581150E+3
4.883852E+2	4.604630E+3
4.886437E+2	4.627450E+3
4.889022E+2	4.648002E+3
4.891606E+2	4.669193E+3
4.894191E+2	4.692024E+3
4.896776E+2	4.713248E+3
4.899360E+2	4.735477E+3
4.901945E+2	4.756865E+3
4.904529E+2	4.775997E+3
4.907113E+2	4.794237E+3
4.909697E+2	4.815620E+3
4.912282E+2	4.835871E+3
4.914866E+2	4.854242E+3
4.917450E+2	4.872248E+3
4.920034E+2	4.890335E+3
4.922617E+2	4.907926E+3
4.925201E+2	4.925374E+3
4.927785E+2	4.943816E+3
4.930368E+2	4.961876E+3
4.932952E+2	4.979975E+3
4.935535E+2	4.998040E+3
4.938118E+2	5.015286E+3
4.940702E+2	5.032527E+3
4.943285E+2	5.049745E+3
4.945868E+2	5.065357E+3
4.948451E+2	5.082171E+3
4.951034E+2	5.099532E+3
4.953617E+2	5.114816E+3
4.956200E+2	5.129860E+3
4.958782E+2	5.146166E+3
4.961365E+2	5.163598E+3
4.963947E+2	5.178718E+3
4.966530E+2	5.192729E+3
4.969112E+2	5.207488E+3
4.971694E+2	5.220822E+3
4.974277E+2	5.233778E+3
4.976859E+2	5.247368E+3
4.979441E+2	5.260417E+3
4.982023E+2	5.272472E+3
4.984605E+2	5.285182E+3
4.987187E+2	5.297712E+3
4.989768E+2	5.308193E+3
4.992350E+2	5.320647E+3
4.994931E+2	5.332242E+3
4.997513E+2	5.343609E+3
5.000094E+2	5.356117E+3
5.002676E+2	5.367576E+3
5.005257E+2	5.377554E+3
5.007838E+2	5.387762E+3
5.010419E+2	5.399532E+3
5.013000E+2	5.409991E+3
5.015581E+2	5.420641E+3
5.018162E+2	5.431718E+3
5.020743E+2	5.442609E+3
5.023323E+2	5.452849E+3
5.025904E+2	5.462838E+3
5.028485E+2	5.473461E+3
5.031065E+2	5.483641E+3
5.033645E+2	5.493674E+3
5.036226E+2	5.503040E+3
5.038806E+2	5.512182E+3
5.041386E+2	5.520089E+3
5.043966E+2	5.529379E+3
5.046546E+2	5.537827E+3
5.049126E+2	5.546838E+3
5.051706E+2	5.556816E+3
5.054285E+2	5.565636E+3
5.056865E+2	5.573210E+3
5.059445E+2	5.581559E+3
5.062024E+2	5.590822E+3
5.064604E+2	5.600466E+3
5.067183E+2	5.606915E+3
5.069762E+2	5.615428E+3
5.072341E+2	5.622838E+3
5.074920E+2	5.631767E+3
5.077499E+2	5.639357E+3
5.080078E+2	5.648942E+3
5.082657E+2	5.655401E+3
5.085236E+2	5.662035E+3
5.087815E+2	5.669854E+3
5.090393E+2	5.676150E+3
5.092972E+2	5.682538E+3
5.095550E+2	5.690253E+3
5.098129E+2	5.697221E+3
5.100707E+2	5.703363E+3
5.103285E+2	5.710701E+3
5.105863E+2	5.716652E+3
5.108441E+2	5.723215E+3
5.111019E+2	5.729740E+3
5.113597E+2	5.735570E+3
5.116175E+2	5.741150E+3
5.118753E+2	5.745871E+3
5.121330E+2	5.752259E+3
5.123908E+2	5.760390E+3
5.126485E+2	5.767953E+3
5.129063E+2	5.775854E+3
5.131640E+2	5.784319E+3
5.134217E+2	5.790986E+3
5.136794E+2	5.797751E+3
5.139371E+2	5.804548E+3
5.141948E+2	5.812898E+3
5.144525E+2	5.819953E+3
5.147102E+2	5.827510E+3
5.149679E+2	5.835385E+3
5.152256E+2	5.843089E+3
5.154832E+2	5.850663E+3
5.157409E+2	5.857538E+3
5.159985E+2	5.864936E+3
5.162562E+2	5.872581E+3
5.165138E+2	5.880286E+3
5.167714E+2	5.886685E+3
5.170290E+2	5.893936E+3
5.172866E+2	5.900636E+3
5.175442E+2	5.906783E+3
5.178018E+2	5.912548E+3
5.180594E+2	5.917341E+3
5.183170E+2	5.923324E+3
5.185745E+2	5.929139E+3
5.188321E+2	5.934516E+3
5.190896E+2	5.940193E+3
5.193472E+2	5.945275E+3
5.196047E+2	5.949980E+3
5.198622E+2	5.955554E+3
5.201197E+2	5.960488E+3
5.203772E+2	5.966188E+3
5.206347E+2	5.972423E+3
5.208922E+2	5.974740E+3
5.211497E+2	5.979297E+3
5.214072E+2	5.984986E+3
5.216646E+2	5.991166E+3
5.219221E+2	5.996155E+3
5.221795E+2	6.001849E+3
5.224370E+2	6.007281E+3
5.226944E+2	6.009696E+3
5.229519E+2	6.014745E+3
5.232093E+2	6.018958E+3
5.234667E+2	6.024133E+3
5.237241E+2	6.027909E+3
5.239815E+2	6.032833E+3
5.242389E+2	6.036609E+3
5.244962E+2	6.038357E+3
5.247536E+2	6.042756E+3
5.250110E+2	6.046729E+3
5.252683E+2	6.050204E+3
5.255257E+2	6.053210E+3
5.257830E+2	6.057286E+3
5.260403E+2	6.060264E+3
5.262977E+2	6.063816E+3
5.265550E+2	6.067160E+3
5.268123E+2	6.069226E+3
5.270696E+2	6.074177E+3
5.273269E+2	6.078516E+3
5.275841E+2	6.082117E+3
5.278414E+2	6.085691E+3
5.280987E+2	6.087046E+3
5.283559E+2	6.088434E+3
5.286132E+2	6.090505E+3
5.288704E+2	6.091035E+3
5.291276E+2	6.093647E+3
5.293849E+2	6.095144E+3
5.296421E+2	6.096882E+3
5.298993E+2	6.097248E+3
5.301565E+2	6.099330E+3
5.304137E+2	6.101144E+3
5.306709E+2	6.101456E+3
5.309280E+2	6.103488E+3
5.311852E+2	6.104106E+3
5.314424E+2	6.103423E+3
5.316995E+2	6.104887E+3
5.319567E+2	6.104849E+3
5.322138E+2	6.105275E+3
5.324709E+2	6.106160E+3
5.327280E+2	6.106581E+3
5.329852E+2	6.107701E+3
5.332423E+2	6.108680E+3
5.334994E+2	6.109991E+3
5.337564E+2	6.110975E+3
5.340135E+2	6.112341E+3
5.342706E+2	6.113805E+3
5.345276E+2	6.115696E+3
5.347847E+2	6.117319E+3
5.350417E+2	6.117915E+3
5.352988E+2	6.119002E+3
5.355558E+2	6.120363E+3
5.358128E+2	6.121609E+3
5.360698E+2	6.122324E+3
5.363269E+2	6.123630E+3
5.365839E+2	6.126609E+3
5.368408E+2	6.127723E+3
5.370978E+2	6.128199E+3
5.373548E+2	6.128745E+3
5.376118E+2	6.130953E+3
5.378687E+2	6.132150E+3
5.381257E+2	6.135532E+3
5.383826E+2	6.138100E+3
5.386395E+2	6.139931E+3
5.388965E+2	6.142527E+3
5.391534E+2	6.143783E+3
5.394103E+2	6.146210E+3
5.396672E+2	6.150330E+3
5.399241E+2	6.154024E+3
5.401810E+2	6.158177E+3
5.404378E+2	6.160849E+3
5.406947E+2	6.162368E+3
5.409516E+2	6.165297E+3
5.412084E+2	6.169035E+3
5.414653E+2	6.171532E+3
5.417221E+2	6.174876E+3
5.419789E+2	6.177128E+3
5.422357E+2	6.177592E+3
5.424925E+2	6.180696E+3
5.427493E+2	6.182893E+3
5.430061E+2	6.184505E+3
5.432629E+2	6.187401E+3
5.435197E+2	6.190767E+3
5.437765E+2	6.194297E+3
5.440332E+2	6.197920E+3
5.442900E+2	6.201035E+3
5.445467E+2	6.205559E+3
5.448035E+2	6.209177E+3
5.450602E+2	6.213046E+3
5.453169E+2	6.215532E+3
5.455736E+2	6.218756E+3
5.458303E+2	6.221630E+3
5.460870E+2	6.223931E+3
5.463437E+2	6.226297E+3
5.466004E+2	6.227800E+3
5.468571E+2	6.230592E+3
5.471137E+2	6.234335E+3
5.473704E+2	6.236160E+3
5.476270E+2	6.241625E+3
5.478837E+2	6.244155E+3
5.481403E+2	6.246412E+3
5.483969E+2	6.248417E+3
5.486535E+2	6.250789E+3
5.489101E+2	6.253412E+3
5.491667E+2	6.255576E+3
5.494233E+2	6.257292E+3
5.496799E+2	6.260390E+3
5.499365E+2	6.262685E+3
5.501931E+2	6.265062E+3
5.504496E+2	6.267833E+3
5.507062E+2	6.272570E+3
5.509627E+2	6.275510E+3
5.512192E+2	6.278712E+3
5.514758E+2	6.281160E+3
5.517323E+2	6.283483E+3
5.519888E+2	6.284215E+3
5.522453E+2	6.285062E+3
5.525018E+2	6.287046E+3
5.527583E+2	6.288778E+3
5.530147E+2	6.290723E+3
5.532712E+2	6.290576E+3
5.535277E+2	6.291805E+3
5.537841E+2	6.292461E+3
5.540406E+2	6.292685E+3
5.542970E+2	6.292450E+3
5.545534E+2	6.292805E+3
5.548098E+2	6.293472E+3
5.550663E+2	6.293412E+3
5.553227E+2	6.293177E+3
5.555791E+2	6.293390E+3
5.558354E+2	6.294647E+3
5.560918E+2	6.294871E+3
5.563482E+2	6.297652E+3
5.566046E+2	6.297800E+3
5.568609E+2	6.298264E+3
5.571173E+2	6.298587E+3
5.573736E+2	6.299461E+3
5.576299E+2	6.301510E+3
5.578862E+2	6.303740E+3
5.581426E+2	6.304221E+3
5.583989E+2	6.304630E+3
5.586552E+2	6.305461E+3
5.589114E+2	6.304499E+3
5.591677E+2	6.303466E+3
5.594240E+2	6.303636E+3
5.596803E+2	6.303532E+3
5.599365E+2	6.304029E+3
5.601928E+2	6.303494E+3
5.604490E+2	6.302401E+3
5.607052E+2	6.302570E+3
5.609614E+2	6.304226E+3
5.612177E+2	6.304827E+3
5.614739E+2	6.304379E+3
5.617301E+2	6.304374E+3
5.619863E+2	6.304406E+3
5.622424E+2	6.304729E+3
5.624986E+2	6.303898E+3
5.627548E+2	6.303652E+3
5.630109E+2	6.302701E+3
5.632671E+2	6.301035E+3
5.635232E+2	6.300860E+3
5.637794E+2	6.302117E+3
5.640355E+2	6.302428E+3
5.642916E+2	6.301887E+3
5.645477E+2	6.302106E+3
5.648038E+2	6.302745E+3
5.650599E+2	6.303871E+3
5.653160E+2	6.303313E+3
5.655721E+2	6.303171E+3
5.658281E+2	6.303155E+3
5.660842E+2	6.303024E+3
5.663402E+2	6.302073E+3
5.665963E+2	6.302079E+3
5.668523E+2	6.302253E+3
5.671083E+2	6.302428E+3
5.673644E+2	6.304898E+3
5.676204E+2	6.305412E+3
5.678764E+2	6.306363E+3
5.681324E+2	6.307920E+3
5.683883E+2	6.308259E+3
5.686443E+2	6.308210E+3
5.689003E+2	6.309275E+3
5.691562E+2	6.309357E+3
5.694122E+2	6.309352E+3
5.696681E+2	6.311079E+3
5.699241E+2	6.311385E+3
5.701800E+2	6.311264E+3
5.704359E+2	6.311680E+3
5.706918E+2	6.312554E+3
5.709477E+2	6.312177E+3
5.712036E+2	6.310472E+3
5.714595E+2	6.310357E+3
5.717154E+2	6.311390E+3
5.719713E+2	6.310270E+3
5.722271E+2	6.310412E+3
5.724830E+2	6.311155E+3
5.727388E+2	6.312297E+3
5.729947E+2	6.311483E+3
5.732505E+2	6.311160E+3
5.735063E+2	6.311909E+3
5.737621E+2	6.314319E+3
5.740179E+2	6.315827E+3
5.742737E+2	6.317374E+3
5.745295E+2	6.318685E+3
5.747853E+2	6.319297E+3
5.750411E+2	6.319395E+3
5.752968E+2	6.319035E+3
5.755526E+2	6.318160E+3
5.758083E+2	6.316701E+3
5.760641E+2	6.317013E+3
5.763198E+2	6.317554E+3
5.765755E+2	6.317319E+3
5.768312E+2	6.317740E+3
5.770869E+2	6.318303E+3
5.773426E+2	6.318745E+3
5.775983E+2	6.318805E+3
5.778540E+2	6.318204E+3
5.781097E+2	6.319554E+3
5.783653E+2	6.319740E+3
5.786210E+2	6.321663E+3
5.788766E+2	6.321800E+3
5.791323E+2	6.322893E+3
5.793879E+2	6.324084E+3
5.796435E+2	6.324712E+3
5.798991E+2	6.325756E+3
5.801547E+2	6.326286E+3
5.804103E+2	6.327472E+3
5.806659E+2	6.328406E+3
5.809215E+2	6.329636E+3
5.811771E+2	6.330390E+3
5.814327E+2	6.331357E+3
5.816882E+2	6.330581E+3
5.819438E+2	6.329871E+3
5.821993E+2	6.330046E+3
5.824548E+2	6.329051E+3
5.827104E+2	6.329417E+3
5.829659E+2	6.328133E+3
5.832214E+2	6.326652E+3
5.834769E+2	6.325986E+3
5.837324E+2	6.324488E+3
5.839878E+2	6.324445E+3
5.842433E+2	6.323991E+3
5.844988E+2	6.323270E+3
5.847542E+2	6.322909E+3
5.850097E+2	6.321576E+3
5.852651E+2	6.320701E+3
5.855206E+2	6.321073E+3
5.857760E+2	6.319980E+3
5.860314E+2	6.319068E+3
5.862868E+2	6.317210E+3
5.865422E+2	6.317259E+3
5.867976E+2	6.319609E+3
5.870530E+2	6.319051E+3
5.873084E+2	6.318576E+3
5.875637E+2	6.318587E+3
5.878191E+2	6.318691E+3
5.880744E+2	6.317499E+3
5.883298E+2	6.316887E+3
5.885851E+2	6.316040E+3
5.888404E+2	6.315024E+3
5.890958E+2	6.314833E+3
5.893511E+2	6.312166E+3
5.896064E+2	6.310783E+3
5.898617E+2	6.309106E+3
5.901169E+2	6.308751E+3
5.903722E+2	6.309002E+3
5.906275E+2	6.310368E+3
5.908827E+2	6.311177E+3
5.911380E+2	6.311729E+3
5.913932E+2	6.313259E+3
5.916485E+2	6.313652E+3
5.919037E+2	6.315210E+3
5.921589E+2	6.315510E+3
5.924141E+2	6.315281E+3
5.926693E+2	6.316079E+3
5.929245E+2	6.316488E+3
5.931797E+2	6.317232E+3
5.934349E+2	6.318669E+3
5.936900E+2	6.320013E+3
5.939452E+2	6.321521E+3
5.942004E+2	6.321865E+3
5.944555E+2	6.323374E+3
5.947106E+2	6.325188E+3
5.949658E+2	6.325434E+3
5.952209E+2	6.327423E+3
5.954760E+2	6.328576E+3
5.957311E+2	6.328909E+3
5.959862E+2	6.329543E+3
5.962413E+2	6.330330E+3
5.964963E+2	6.329745E+3
5.967514E+2	6.330226E+3
5.970065E+2	6.331089E+3
5.972615E+2	6.333368E+3
5.975166E+2	6.334816E+3
5.977716E+2	6.336385E+3
5.980266E+2	6.339106E+3
5.982816E+2	6.340592E+3
5.985367E+2	6.342674E+3
5.987917E+2	6.346100E+3
5.990467E+2	6.348926E+3
5.993016E+2	6.351505E+3
5.995566E+2	6.354712E+3
5.998116E+2	6.357827E+3
6.000665E+2	6.361357E+3
6.003215E+2	6.364221E+3
6.005764E+2	6.369144E+3
6.008314E+2	6.373177E+3
6.010863E+2	6.377013E+3
6.013412E+2	6.380057E+3
6.015961E+2	6.384155E+3
6.018510E+2	6.389898E+3
6.021059E+2	6.393450E+3
6.023608E+2	6.396712E+3
6.026157E+2	6.401040E+3
6.028706E+2	6.406193E+3
6.031254E+2	6.410674E+3
6.033803E+2	6.413636E+3
6.036351E+2	6.416466E+3
6.038900E+2	6.419029E+3
6.041448E+2	6.422505E+3
6.043996E+2	6.426237E+3
6.046544E+2	6.428849E+3
6.049092E+2	6.432445E+3
6.051640E+2	6.436587E+3
6.054188E+2	6.440406E+3
6.056736E+2	6.444193E+3
6.059283E+2	6.447188E+3
6.061831E+2	6.450007E+3
6.064378E+2	6.453199E+3
6.066926E+2	6.456800E+3
6.069473E+2	6.460275E+3
6.072021E+2	6.464068E+3
6.074568E+2	6.464767E+3
6.077115E+2	6.467368E+3
6.079662E+2	6.470483E+3
6.082209E+2	6.473947E+3
6.084756E+2	6.477319E+3
6.087302E+2	6.482472E+3
6.089849E+2	6.485587E+3
6.092396E+2	6.487499E+3
6.094942E+2	6.490538E+3
6.097489E+2	6.493762E+3
6.100035E+2	6.496335E+3
6.102581E+2	6.498079E+3
6.105127E+2	6.500139E+3
6.107674E+2	6.501625E+3
6.110220E+2	6.504226E+3
6.112766E+2	6.507128E+3
6.115311E+2	6.510395E+3
6.117857E+2	6.512789E+3
6.120403E+2	6.515789E+3
6.122948E+2	6.518986E+3
6.125494E+2	6.520412E+3
6.128039E+2	6.521805E+3
6.130585E+2	6.524352E+3
6.133130E+2	6.527007E+3
6.135675E+2	6.528816E+3
6.138220E+2	6.531527E+3
6.140765E+2	6.534007E+3
6.143310E+2	6.537368E+3
6.145855E+2	6.540472E+3
6.148400E+2	6.544975E+3
6.150945E+2	6.548264E+3
6.153489E+2	6.552193E+3
6.156034E+2	6.553663E+3
6.158578E+2	6.556286E+3
6.161123E+2	6.557374E+3
6.163667E+2	6.559286E+3
6.166211E+2	6.560521E+3
6.168755E+2	6.563898E+3
6.171299E+2	6.566958E+3
6.173843E+2	6.568313E+3
6.176387E+2	6.569013E+3
6.178931E+2	6.569330E+3
6.181474E+2	6.570018E+3
6.184018E+2	6.570259E+3
6.186561E+2	6.571040E+3
6.189105E+2	6.572581E+3
6.191648E+2	6.574898E+3
6.194191E+2	6.577095E+3
6.196735E+2	6.580035E+3
6.199278E+2	6.582707E+3
6.201821E+2	6.586538E+3
6.204364E+2	6.589854E+3
6.206907E+2	6.591838E+3
6.209449E+2	6.594472E+3
6.211992E+2	6.598313E+3
6.214535E+2	6.601794E+3
6.217077E+2	6.605281E+3
6.219619E+2	6.607669E+3
6.222162E+2	6.609942E+3
6.224704E+2	6.611740E+3
6.227246E+2	6.614734E+3
6.229788E+2	6.619822E+3
6.232330E+2	6.624510E+3
6.234872E+2	6.627516E+3
6.237414E+2	6.629434E+3
6.239956E+2	6.631417E+3
6.242498E+2	6.633281E+3
6.245039E+2	6.636630E+3
6.247581E+2	6.641073E+3
6.250122E+2	6.644024E+3
6.252663E+2	6.647210E+3
6.255205E+2	6.651385E+3
6.257746E+2	6.655986E+3
6.260287E+2	6.659346E+3
6.262828E+2	6.662707E+3
6.265369E+2	6.667117E+3
6.267910E+2	6.670860E+3
6.270450E+2	6.672854E+3
6.272991E+2	6.676975E+3
6.275532E+2	6.682909E+3
6.278072E+2	6.685013E+3
6.280613E+2	6.689029E+3
6.283153E+2	6.693395E+3
6.285693E+2	6.697822E+3
6.288233E+2	6.701352E+3
6.290773E+2	6.705472E+3
6.293313E+2	6.708002E+3
6.295853E+2	6.712466E+3
6.298393E+2	6.715559E+3
6.300933E+2	6.717046E+3
6.303472E+2	6.718466E+3
6.306012E+2	6.720150E+3
6.308551E+2	6.721374E+3
6.311091E+2	6.724303E+3
6.313630E+2	6.727313E+3
6.316169E+2	6.730264E+3
6.318709E+2	6.732527E+3
6.321248E+2	6.735783E+3
6.323787E+2	6.738264E+3
6.326326E+2	6.739707E+3
6.328864E+2	6.742494E+3
6.331403E+2	6.747844E+3
6.333942E+2	6.752335E+3
6.336480E+2	6.756581E+3
6.339019E+2	6.759926E+3
6.341557E+2	6.763953E+3
6.344095E+2	6.767609E+3
6.346634E+2	6.770904E+3
6.349172E+2	6.773095E+3
6.351710E+2	6.775341E+3
6.354248E+2	6.778745E+3
6.356786E+2	6.781647E+3
6.359324E+2	6.784887E+3
6.361861E+2	6.788374E+3
6.364399E+2	6.791237E+3
6.366936E+2	6.793111E+3
6.369474E+2	6.797745E+3
6.372011E+2	6.800177E+3
6.374549E+2	6.803374E+3
6.377086E+2	6.806046E+3
6.379623E+2	6.808559E+3
6.382160E+2	6.810057E+3
6.384697E+2	6.810062E+3
6.387234E+2	6.811685E+3
6.389771E+2	6.814390E+3
6.392307E+2	6.817024E+3
6.394844E+2	6.819958E+3
6.397380E+2	6.821953E+3
6.399917E+2	6.824013E+3
6.402453E+2	6.825658E+3
6.404990E+2	6.826281E+3
6.407526E+2	6.827658E+3
6.410062E+2	6.827860E+3
6.412598E+2	6.828849E+3
6.415134E+2	6.830434E+3
6.417670E+2	6.832286E+3
6.420206E+2	6.832915E+3
6.422741E+2	6.834630E+3
6.425277E+2	6.836576E+3
6.427812E+2	6.838155E+3
6.430348E+2	6.837210E+3
6.432883E+2	6.840598E+3
6.435418E+2	6.841089E+3
6.437954E+2	6.842089E+3
6.440489E+2	6.844527E+3
6.443024E+2	6.845002E+3
6.445559E+2	6.845674E+3
6.448094E+2	6.847412E+3
6.450628E+2	6.846712E+3
6.453163E+2	6.848417E+3
6.455698E+2	6.851324E+3
6.458232E+2	6.853155E+3
6.460767E+2	6.855062E+3
6.463301E+2	6.857570E+3
6.465835E+2	6.860248E+3
6.468369E+2	6.862554E+3
6.470903E+2	6.865068E+3
6.473437E+2	6.867587E+3
6.475971E+2	6.870144E+3
6.478505E+2	6.872723E+3
6.481039E+2	6.875718E+3
6.483573E+2	6.878232E+3
6.486106E+2	6.878986E+3
6.488640E+2	6.879997E+3
6.491173E+2	6.880674E+3
6.493706E+2	6.881313E+3
6.496240E+2	6.881521E+3
6.498773E+2	6.883352E+3
6.501306E+2	6.883609E+3
6.503839E+2	6.885100E+3
6.506372E+2	6.886947E+3
6.508905E+2	6.887308E+3
6.511437E+2	6.886838E+3
6.513970E+2	6.887292E+3
6.516503E+2	6.886297E+3
6.519035E+2	6.886259E+3
6.521567E+2	6.886193E+3
6.524100E+2	6.885221E+3
6.526632E+2	6.885947E+3
6.529164E+2	6.888122E+3
6.531696E+2	6.890554E+3
6.534228E+2	6.891876E+3
6.536760E+2	6.892773E+3
6.539292E+2	6.894833E+3
6.541824E+2	6.896374E+3
6.544355E+2	6.897865E+3
6.546887E+2	6.900997E+3
6.549418E+2	6.903417E+3
6.551950E+2	6.905592E+3
6.554481E+2	6.907406E+3
6.557012E+2	6.910603E+3
6.559543E+2	6.914035E+3
6.562074E+2	6.916117E+3
6.564605E+2	6.919630E+3
6.567136E+2	6.923909E+3
6.569667E+2	6.926609E+3
6.572198E+2	6.929991E+3
6.574728E+2	6.932931E+3
6.577259E+2	6.934762E+3
6.579789E+2	6.938100E+3
6.582319E+2	6.940833E+3
6.584850E+2	6.946007E+3
6.587380E+2	6.949805E+3
6.589910E+2	6.954871E+3
6.592440E+2	6.958854E+3
6.594970E+2	6.960166E+3
6.597500E+2	6.964559E+3
6.600030E+2	6.968117E+3
6.602559E+2	6.972171E+3
6.605089E+2	6.976417E+3
6.607618E+2	6.978630E+3
6.610148E+2	6.982133E+3
6.612677E+2	6.983521E+3
6.615206E+2	6.987958E+3
6.617736E+2	6.991297E+3
6.620265E+2	6.992898E+3
6.622794E+2	6.994969E+3
6.625323E+2	6.997516E+3
6.627851E+2	6.999565E+3
6.630380E+2	7.002898E+3
6.632909E+2	7.006964E+3
6.635437E+2	7.010406E+3
6.637966E+2	7.012876E+3
6.640494E+2	7.016893E+3
6.643023E+2	7.022969E+3
6.645551E+2	7.028570E+3
6.648079E+2	7.034297E+3
6.650607E+2	7.039762E+3
6.653135E+2	7.044778E+3
6.655663E+2	7.051434E+3
6.658191E+2	7.056991E+3
6.660718E+2	7.063155E+3
6.663246E+2	7.069423E+3
6.665774E+2	7.077374E+3
6.668301E+2	7.082221E+3
6.670828E+2	7.090854E+3
6.673356E+2	7.097527E+3
6.675883E+2	7.104029E+3
6.678410E+2	7.109330E+3
6.680937E+2	7.113871E+3
6.683464E+2	7.117428E+3
6.685991E+2	7.120844E+3
6.688518E+2	7.125920E+3
6.691044E+2	7.130756E+3
6.693571E+2	7.135630E+3
6.696098E+2	7.140461E+3
6.698624E+2	7.144915E+3
6.701150E+2	7.149696E+3
6.703677E+2	7.156854E+3
6.706203E+2	7.163286E+3
6.708729E+2	7.168592E+3
6.711255E+2	7.172800E+3
6.713781E+2	7.179330E+3
6.716307E+2	7.184969E+3
6.718832E+2	7.190199E+3
6.721358E+2	7.192811E+3
6.723884E+2	7.198100E+3
6.726409E+2	7.202057E+3
6.728935E+2	7.204936E+3
6.731460E+2	7.208565E+3
6.733985E+2	7.211581E+3
6.736510E+2	7.214150E+3
6.739035E+2	7.215335E+3
6.741560E+2	7.217188E+3
6.744085E+2	7.218975E+3
6.746610E+2	7.222417E+3
6.749135E+2	7.225882E+3
6.751660E+2	7.229587E+3
6.754184E+2	7.233079E+3
6.756709E+2	7.236215E+3
6.759233E+2	7.239822E+3
6.761757E+2	7.244614E+3
6.764282E+2	7.249428E+3
6.766806E+2	7.256417E+3
6.769330E+2	7.261221E+3
6.771854E+2	7.265357E+3
6.774378E+2	7.270794E+3
6.776901E+2	7.276275E+3
6.779425E+2	7.279997E+3
6.781949E+2	7.285663E+3
6.784472E+2	7.290390E+3
6.786996E+2	7.293647E+3
6.789519E+2	7.298270E+3
6.792042E+2	7.302986E+3
6.794566E+2	7.306029E+3
6.797089E+2	7.308483E+3
6.799612E+2	7.312445E+3
6.802135E+2	7.316232E+3
6.804657E+2	7.319822E+3
6.807180E+2	7.323106E+3
6.809703E+2	7.326876E+3
6.812226E+2	7.330915E+3
6.814748E+2	7.333084E+3
6.817270E+2	7.336854E+3
6.819793E+2	7.337548E+3
6.822315E+2	7.341275E+3
6.824837E+2	7.343324E+3
6.827359E+2	7.345936E+3
6.829881E+2	7.349592E+3
6.832403E+2	7.352980E+3
6.834925E+2	7.357860E+3
6.837447E+2	7.362417E+3
6.839968E+2	7.367445E+3
6.842490E+2	7.370975E+3
6.845011E+2	7.375559E+3
6.847533E+2	7.378614E+3
6.850054E+2	7.382084E+3
6.852575E+2	7.385237E+3
6.855097E+2	7.387658E+3
6.857618E+2	7.389357E+3
6.860139E+2	7.391352E+3
6.862659E+2	7.394346E+3
6.865180E+2	7.397669E+3
6.867701E+2	7.398221E+3
6.870222E+2	7.401308E+3
6.872742E+2	7.404696E+3
6.875263E+2	7.409013E+3
6.877783E+2	7.412379E+3
6.880303E+2	7.416669E+3
6.882823E+2	7.422620E+3
6.885343E+2	7.429412E+3
6.887864E+2	7.435510E+3
6.890383E+2	7.441603E+3
6.892903E+2	7.447751E+3
6.895423E+2	7.453324E+3
6.897943E+2	7.460543E+3
6.900462E+2	7.464166E+3
6.902982E+2	7.469707E+3
6.905501E+2	7.473374E+3
6.908021E+2	7.478603E+3
6.910540E+2	7.483844E+3
6.913059E+2	7.489095E+3
6.915578E+2	7.492527E+3
6.918097E+2	7.495767E+3
6.920616E+2	7.499685E+3
6.923135E+2	7.503051E+3
6.925654E+2	7.506264E+3
6.928172E+2	7.510303E+3
6.930691E+2	7.512991E+3
6.933209E+2	7.516740E+3
6.935728E+2	7.520805E+3
6.938246E+2	7.525024E+3
6.940764E+2	7.529865E+3
6.943282E+2	7.534565E+3
6.945800E+2	7.538926E+3
6.948318E+2	7.544652E+3
6.950836E+2	7.548450E+3
6.953354E+2	7.551089E+3
6.955872E+2	7.553849E+3
6.958389E+2	7.557630E+3
6.960907E+2	7.561226E+3
6.963424E+2	7.562592E+3
6.965942E+2	7.563756E+3
6.968459E+2	7.565991E+3
6.970976E+2	7.567144E+3
6.973493E+2	7.569887E+3
6.976010E+2	7.573057E+3
6.978527E+2	7.576516E+3
6.981044E+2	7.580428E+3
6.983561E+2	7.583751E+3
6.986077E+2	7.586723E+3
6.988594E+2	7.588401E+3
6.991110E+2	7.590395E+3
6.993627E+2	7.592062E+3
6.996143E+2	7.595018E+3
6.998659E+2	7.594303E+3
7.001175E+2	7.595931E+3
7.003692E+2	7.596991E+3
7.006207E+2	7.598002E+3
7.008723E+2	7.597926E+3
7.011239E+2	7.596882E+3
7.013755E+2	7.597018E+3
7.016271E+2	7.597477E+3
7.018786E+2	7.598379E+3
7.021302E+2	7.599521E+3
7.023817E+2	7.599729E+3
7.026332E+2	7.599352E+3
7.028847E+2	7.598445E+3
7.031362E+2	7.598822E+3
7.033878E+2	7.599330E+3
7.036392E+2	7.599182E+3
7.038907E+2	7.596669E+3
7.041422E+2	7.594811E+3
7.043937E+2	7.595199E+3
7.046451E+2	7.595691E+3
7.048966E+2	7.597013E+3
7.051480E+2	7.598319E+3
7.053995E+2	7.600871E+3
7.056509E+2	7.602953E+3
7.059023E+2	7.605904E+3
7.061537E+2	7.607729E+3
7.064051E+2	7.607991E+3
7.066565E+2	7.608106E+3
7.069079E+2	7.608871E+3
7.071593E+2	7.608833E+3
7.074106E+2	7.607111E+3
7.076620E+2	7.604510E+3
7.079133E+2	7.602680E+3
7.081647E+2	7.601395E+3
7.084160E+2	7.600816E+3
7.086673E+2	7.601117E+3
7.089186E+2	7.599680E+3
7.091699E+2	7.597751E+3
7.094212E+2	7.595128E+3
7.096725E+2	7.592363E+3
7.099238E+2	7.590592E+3
7.101751E+2	7.587592E+3
7.104263E+2	7.585428E+3
7.106776E+2	7.582341E+3
7.109288E+2	7.579122E+3
7.111800E+2	7.575975E+3
7.114313E+2	7.574308E+3
7.116825E+2	7.573685E+3
7.119337E+2	7.574904E+3
7.121849E+2	7.574385E+3
7.124361E+2	7.572472E+3
7.126873E+2	7.571510E+3
7.129384E+2	7.569581E+3
7.131896E+2	7.566483E+3
7.134408E+2	7.562652E+3
7.136919E+2	7.557046E+3
7.139430E+2	7.552548E+3
7.141942E+2	7.549794E+3
7.144453E+2	7.546882E+3
7.146964E+2	7.544991E+3
7.149475E+2	7.544641E+3
7.151986E+2	7.548991E+3
7.154497E+2	7.551335E+3
7.157008E+2	7.551794E+3
7.159518E+2	7.554701E+3
7.162029E+2	7.557516E+3
7.164540E+2	7.562210E+3
7.167050E+2	7.564800E+3
7.169560E+2	7.568581E+3
7.172071E+2	7.570494E+3
7.174581E+2	7.573401E+3
7.177091E+2	7.575636E+3
7.179601E+2	7.576969E+3
7.182111E+2	7.578554E+3
7.184621E+2	7.578385E+3
7.187130E+2	7.577849E+3
7.189640E+2	7.577849E+3
7.192150E+2	7.576516E+3
7.194659E+2	7.576007E+3
7.197169E+2	7.572658E+3
7.199678E+2	7.571166E+3
7.202187E+2	7.566652E+3
7.204696E+2	7.560232E+3
7.207205E+2	7.554155E+3
7.209714E+2	7.548947E+3
7.212223E+2	7.543089E+3
7.214732E+2	7.536494E+3
7.217241E+2	7.532909E+3
7.219749E+2	7.528341E+3
7.222258E+2	7.523401E+3
7.224766E+2	7.519674E+3
7.227274E+2	7.517357E+3
7.229783E+2	7.514762E+3
7.232291E+2	7.513565E+3
7.234799E+2	7.510986E+3
7.237307E+2	7.509084E+3
7.239815E+2	7.507182E+3
7.242323E+2	7.505428E+3
7.244830E+2	7.503609E+3
7.247338E+2	7.503964E+3
7.249846E+2	7.503740E+3
7.252353E+2	7.502991E+3
7.254861E+2	7.502193E+3
7.257368E+2	7.500308E+3
7.259875E+2	7.498969E+3
7.262382E+2	7.497625E+3
7.264889E+2	7.494521E+3
7.267396E+2	7.492297E+3
7.269903E+2	7.490319E+3
7.272410E+2	7.488210E+3
7.274917E+2	7.488357E+3
7.277423E+2	7.489805E+3
7.279930E+2	7.491106E+3
7.282436E+2	7.492390E+3
7.284942E+2	7.494100E+3
7.287449E+2	7.498046E+3
7.289955E+2	7.504133E+3
7.292461E+2	7.510275E+3
7.294967E+2	7.516565E+3
7.297473E+2	7.523434E+3
7.299979E+2	7.527450E+3
7.302484E+2	7.528751E+3
7.304990E+2	7.525264E+3
7.307496E+2	7.521379E+3
7.310001E+2	7.520297E+3
7.312507E+2	7.517723E+3
7.315012E+2	7.515439E+3
7.317517E+2	7.511893E+3
7.320022E+2	7.510324E+3
7.322527E+2	7.507237E+3
7.325032E+2	7.504745E+3
7.327537E+2	7.504499E+3
7.330042E+2	7.506013E+3
7.332547E+2	7.508106E+3
7.335051E+2	7.509510E+3
7.337556E+2	7.510860E+3
7.340060E+2	7.513089E+3
7.342564E+2	7.517062E+3
7.345069E+2	7.523887E+3
7.347573E+2	7.533368E+3
7.350077E+2	7.548166E+3
7.352581E+2	7.561368E+3
7.355085E+2	7.576499E+3
7.357589E+2	7.592095E+3
7.360092E+2	7.607882E+3
7.362596E+2	7.626248E+3
7.365100E+2	7.645013E+3
7.367603E+2	7.659805E+3
7.370106E+2	7.671964E+3
7.372610E+2	7.684297E+3
7.375113E+2	7.698144E+3
7.377616E+2	7.710024E+3
7.380119E+2	7.720647E+3
7.382622E+2	7.730887E+3
7.385125E+2	7.740860E+3
7.387628E+2	7.753696E+3
7.390130E+2	7.766685E+3
7.392633E+2	7.781352E+3
7.395135E+2	7.796395E+3
7.397638E+2	7.811510E+3
7.400140E+2	7.827811E+3
7.402642E+2	7.847073E+3
7.405144E+2	7.869543E+3
7.407647E+2	7.893756E+3
7.410149E+2	7.919204E+3
7.412650E+2	7.948346E+3
7.415152E+2	7.982275E+3
7.417654E+2	8.026062E+3
7.420156E+2	8.076915E+3
7.422657E+2	8.141237E+3
7.425159E+2	8.222100E+3
7.427660E+2	8.324308E+3
7.430161E+2	8.448346E+3
7.432662E+2	8.581565E+3
7.435164E+2	8.714652E+3
7.437665E+2	8.847625E+3
7.440165E+2	8.979073E+3
7.442666E+2	9.109822E+3
7.445167E+2	9.240232E+3
7.447668E+2	9.369199E+3
7.450168E+2	9.497789E+3
7.452669E+2	9.614663E+3
7.455169E+2	9.697051E+3
7.457669E+2	9.764472E+3
7.460170E+2	9.831018E+3
7.462670E+2	9.897527E+3
7.465170E+2	9.959155E+3
7.467670E+2	1.001991E+4
7.470170E+2	1.009036E+4
7.472670E+2	1.018086E+4
7.475169E+2	1.030020E+4
7.477669E+2	1.041655E+4
7.480168E+2	1.050244E+4
7.482668E+2	1.056942E+4
7.485167E+2	1.063865E+4
7.487666E+2	1.071980E+4
7.490166E+2	1.081038E+4
7.492665E+2	1.089295E+4
7.495164E+2	1.096637E+4
7.497663E+2	1.103283E+4
7.500161E+2	1.109625E+4
7.502660E+2	1.115050E+4
7.505159E+2	1.119623E+4
7.507657E+2	1.123349E+4
7.510156E+2	1.126548E+4
7.512654E+2	1.129341E+4
7.515152E+2	1.131977E+4
7.517651E+2	1.134533E+4
7.520149E+2	1.137403E+4
7.522647E+2	1.140302E+4
7.525145E+2	1.143601E+4
7.527643E+2	1.147026E+4
7.530140E+2	1.150913E+4
7.532638E+2	1.155214E+4
7.535136E+2	1.160069E+4
7.537633E+2	1.165405E+4
7.540131E+2	1.171312E+4
7.542628E+2	1.178007E+4
7.545125E+2	1.184169E+4
7.547622E+2	1.189554E+4
7.550119E+2	1.194333E+4
7.552616E+2	1.198183E+4
7.555113E+2	1.201790E+4
7.557610E+2	1.205190E+4
7.560107E+2	1.208120E+4
7.562603E+2	1.210885E+4
7.565100E+2	1.212771E+4
7.567596E+2	1.213909E+4
7.570093E+2	1.214013E+4
7.572589E+2	1.213105E+4
7.575085E+2	1.210653E+4
7.577581E+2	1.206535E+4
7.580077E+2	1.200108E+4
7.582573E+2	1.191713E+4
7.585069E+2	1.182181E+4
7.587565E+2	1.172540E+4
7.590060E+2	1.162587E+4
7.592556E+2	1.153032E+4
7.595051E+2	1.143501E+4
7.597547E+2	1.134009E+4
7.600042E+2	1.124171E+4
7.602537E+2	1.113854E+4
7.605032E+2	1.104756E+4
7.607527E+2	1.099232E+4
7.610022E+2	1.095554E+4
7.612517E+2	1.092253E+4
7.615012E+2	1.089031E+4
7.617507E+2	1.086594E+4
7.620001E+2	1.084581E+4
7.622496E+2	1.081422E+4
7.624990E+2	1.076166E+4
7.627485E+2	1.067883E+4
7.629979E+2	1.060003E+4
7.632473E+2	1.055413E+4
7.634967E+2	1.052799E+4
7.637461E+2	1.049715E+4
7.639955E+2	1.045268E+4
7.642449E+2	1.039414E+4
7.644942E+2	1.033844E+4
7.647436E+2	1.028998E+4
7.649930E+2	1.024434E+4
7.652423E+2	1.019981E+4
7.654916E+2	1.016136E+4
7.657410E+2	1.013201E+4
7.659903E+2	1.011184E+4
7.662396E+2	1.009827E+4
7.664889E+2	1.008965E+4
7.667382E+2	1.007567E+4
7.669875E+2	1.006243E+4
7.672367E+2	1.005005E+4
7.674860E+2	1.003543E+4
7.677353E+2	1.001564E+4
7.679845E+2	9.992696E+3
7.682337E+2	9.966647E+3
7.684830E+2	9.938412E+3
7.687322E+2	9.911587E+3
7.689814E+2	9.888024E+3
7.692306E+2	9.857663E+3
7.694798E+2	9.819324E+3
7.697290E+2	9.783882E+3
7.699782E+2	9.760904E+3
7.702273E+2	9.746773E+3
7.704765E+2	9.742324E+3
7.707256E+2	9.740335E+3
7.709748E+2	9.740073E+3
7.712239E+2	9.747242E+3
7.714730E+2	9.756357E+3
7.717222E+2	9.771215E+3
7.719713E+2	9.788461E+3
7.722204E+2	9.804991E+3
7.724694E+2	9.823997E+3
7.727185E+2	9.844718E+3
7.729676E+2	9.865204E+3
7.732167E+2	9.882385E+3
7.734657E+2	9.893794E+3
7.737147E+2	9.900745E+3
7.739638E+2	9.905395E+3
7.742128E+2	9.910854E+3
7.744618E+2	9.910838E+3
7.747108E+2	9.909346E+3
7.749598E+2	9.904969E+3
7.752088E+2	9.902991E+3
7.754578E+2	9.906876E+3
7.757068E+2	9.909871E+3
7.759557E+2	9.912559E+3
7.762047E+2	9.913860E+3
7.764536E+2	9.911106E+3
7.767026E+2	9.904920E+3
7.769515E+2	9.895139E+3
7.772004E+2	9.882516E+3
7.774493E+2	9.872696E+3
7.776982E+2	9.858685E+3
7.779471E+2	9.846936E+3
7.781960E+2	9.832270E+3
7.784449E+2	9.812040E+3
7.786938E+2	9.792237E+3
7.789426E+2	9.777876E+3
7.791915E+2	9.769264E+3
7.794403E+2	9.772068E+3
7.796891E+2	9.781368E+3
7.799380E+2	9.792494E+3
7.801868E+2	9.806729E+3
7.804356E+2	9.817734E+3
7.806844E+2	9.826630E+3
7.809332E+2	9.835057E+3
7.811819E+2	9.845625E+3
7.814307E+2	9.856319E+3
7.816795E+2	9.868018E+3
7.819282E+2	9.881926E+3
7.821770E+2	9.894680E+3
7.824257E+2	9.906253E+3
7.826744E+2	9.919636E+3
7.829231E+2	9.931975E+3
7.831718E+2	9.943691E+3
7.834205E+2	9.951854E+3
7.836692E+2	9.954789E+3
7.839179E+2	9.951106E+3
7.841666E+2	9.939439E+3
7.844152E+2	9.924729E+3
7.846639E+2	9.910641E+3
7.849125E+2	9.895680E+3
7.851612E+2	9.875264E+3
7.854098E+2	9.849882E+3
7.856584E+2	9.819663E+3
7.859070E+2	9.787406E+3
7.861556E+2	9.751958E+3
7.864042E+2	9.715111E+3
7.866528E+2	9.676035E+3
7.869014E+2	9.636505E+3
7.871499E+2	9.599609E+3
7.873985E+2	9.565412E+3
7.876470E+2	9.530029E+3
7.878956E+2	9.493084E+3
7.881441E+2	9.454374E+3
7.883926E+2	9.418783E+3
7.886411E+2	9.388122E+3
7.888896E+2	9.365652E+3
7.891381E+2	9.348128E+3
7.893866E+2	9.333958E+3
7.896351E+2	9.320308E+3
7.898835E+2	9.308849E+3
7.901320E+2	9.300341E+3
7.903804E+2	9.293701E+3
7.906289E+2	9.285150E+3
7.908773E+2	9.278680E+3
7.911257E+2	9.270166E+3
7.913742E+2	9.260871E+3
7.916226E+2	9.252598E+3
7.918709E+2	9.243630E+3
7.921193E+2	9.234270E+3
7.923677E+2	9.223335E+3
7.926161E+2	9.210341E+3
7.928644E+2	9.200969E+3
7.931128E+2	9.186762E+3
7.933611E+2	9.174330E+3
7.936095E+2	9.161095E+3
7.938578E+2	9.143691E+3
7.941061E+2	9.122281E+3
7.943544E+2	9.097024E+3
7.946027E+2	9.065975E+3
7.948510E+2	9.030581E+3
7.950993E+2	8.993051E+3
7.953475E+2	8.957264E+3
7.955958E+2	8.922789E+3
7.958440E+2	8.886926E+3
7.960923E+2	8.851915E+3
7.963405E+2	8.814270E+3
7.965887E+2	8.774838E+3
7.968370E+2	8.736122E+3
7.970852E+2	8.699581E+3
7.973334E+2	8.666510E+3
7.975816E+2	8.636816E+3
7.978297E+2	8.609762E+3
7.980779E+2	8.584576E+3
7.983261E+2	8.559876E+3
7.985742E+2	8.540838E+3
7.988224E+2	8.527849E+3
7.990705E+2	8.517587E+3
7.993186E+2	8.509395E+3
7.995668E+2	8.501953E+3
7.998149E+2	8.491040E+3
8.000630E+2	8.482385E+3
8.003111E+2	8.470909E+3
8.005591E+2	8.459330E+3
8.008072E+2	8.446155E+3
8.010553E+2	8.428510E+3
8.013033E+2	8.410095E+3
8.015514E+2	8.387827E+3
8.017994E+2	8.369259E+3
8.020474E+2	8.352926E+3
8.022955E+2	8.336035E+3
8.025435E+2	8.320494E+3
8.027915E+2	8.305221E+3
8.030395E+2	8.293084E+3
8.032874E+2	8.282472E+3
8.035354E+2	8.273800E+3
8.037834E+2	8.262018E+3
8.040313E+2	8.247969E+3
8.042793E+2	8.231926E+3
8.045272E+2	8.217057E+3
8.047752E+2	8.206548E+3
8.050231E+2	8.200576E+3
8.052710E+2	8.199073E+3
8.055189E+2	8.200040E+3
8.057668E+2	8.203778E+3
8.060147E+2	8.208876E+3
8.062625E+2	8.212057E+3
8.065104E+2	8.213876E+3
8.067583E+2	8.213324E+3
8.070061E+2	8.217144E+3
8.072540E+2	8.223002E+3
8.075018E+2	8.233800E+3
8.077496E+2	8.251062E+3
8.079974E+2	8.274445E+3
8.082452E+2	8.307253E+3
8.084930E+2	8.337854E+3
8.087408E+2	8.371051E+3
8.089886E+2	8.401674E+3
8.092364E+2	8.432002E+3
8.094841E+2	8.461477E+3
8.097319E+2	8.494160E+3
8.099796E+2	8.532543E+3
8.102273E+2	8.575313E+3
8.104751E+2	8.618193E+3
8.107228E+2	8.661374E+3
8.109705E+2	8.703308E+3
8.112182E+2	8.740543E+3
8.114659E+2	8.773313E+3
8.117135E+2	8.801363E+3
8.119612E+2	8.821822E+3
8.122089E+2	8.836210E+3
8.124565E+2	8.843882E+3
8.127042E+2	8.844423E+3
8.129518E+2	8.841188E+3
8.131994E+2	8.834805E+3
8.134470E+2	8.826368E+3
8.136946E+2	8.814893E+3
8.139422E+2	8.799128E+3
8.141898E+2	8.781166E+3
8.144374E+2	8.762745E+3
8.146850E+2	8.744565E+3
8.149325E+2	8.727281E+3
8.151801E+2	8.704516E+3
8.154276E+2	8.681505E+3
8.156752E+2	8.656680E+3
8.159227E+2	8.635275E+3
8.161702E+2	8.618707E+3
8.164177E+2	8.604341E+3
8.166652E+2	8.590062E+3
8.169127E+2	8.575412E+3
8.171602E+2	8.558756E+3
8.174077E+2	8.542253E+3
8.176551E+2	8.527696E+3
8.179026E+2	8.517876E+3
8.181500E+2	8.509155E+3
8.183975E+2	8.503466E+3
8.186449E+2	8.497242E+3
8.188923E+2	8.492040E+3
8.191397E+2	8.483472E+3
8.193871E+2	8.470456E+3
8.196345E+2	8.449707E+3
8.198819E+2	8.420084E+3
8.201293E+2	8.383133E+3
8.203766E+2	8.337663E+3
8.206240E+2	8.288789E+3
8.208713E+2	8.236346E+3
8.211187E+2	8.181915E+3
8.213660E+2	8.129936E+3
8.216133E+2	8.079385E+3
8.218606E+2	8.030095E+3
8.221079E+2	7.976652E+3
8.223552E+2	7.920259E+3
8.226025E+2	7.857854E+3
8.228498E+2	7.789516E+3
8.230970E+2	7.714494E+3
8.233443E+2	7.632685E+3
8.235915E+2	7.552177E+3
8.238388E+2	7.470909E+3
8.240860E+2	7.393111E+3
8.243332E+2	7.315352E+3
8.245804E+2	7.238264E+3
8.248276E+2	7.156773E+3
8.250748E+2	7.070614E+3
8.253220E+2	6.980029E+3
8.255692E+2	6.887800E+3
8.258163E+2	6.794718E+3
8.260635E+2	6.704346E+3
8.263106E+2	6.615390E+3
8.265578E+2	6.529046E+3
8.268049E+2	6.448712E+3
8.270520E+2	6.372789E+3
8.272991E+2	6.301221E+3
8.275462E+2	6.233953E+3
8.277933E+2	6.171160E+3
8.280404E+2	6.111609E+3
8.282875E+2	6.054603E+3
8.285345E+2	6.000794E+3
8.287816E+2	5.946783E+3
8.290287E+2	5.893904E+3
8.292757E+2	5.841144E+3
8.295227E+2	5.786051E+3
8.297697E+2	5.730936E+3
8.300168E+2	5.676401E+3
8.302638E+2	5.626958E+3
8.305107E+2	5.581926E+3
8.307577E+2	5.539773E+3
8.310047E+2	5.497887E+3
8.312517E+2	5.454013E+3
8.314986E+2	5.409680E+3
8.317456E+2	5.367144E+3
8.319925E+2	5.323363E+3
8.322394E+2	5.280614E+3
8.324864E+2	5.237035E+3
8.327333E+2	5.189926E+3
8.329802E+2	5.136849E+3
8.332271E+2	5.081712E+3
8.334740E+2	5.021281E+3
8.337208E+2	4.960625E+3
8.339677E+2	4.899936E+3
8.342146E+2	4.840849E+3
8.344614E+2	4.785762E+3
8.347082E+2	4.736538E+3
8.349551E+2	4.691499E+3
8.352019E+2	4.647199E+3
8.354487E+2	4.606707E+3
8.356955E+2	4.565849E+3
8.359423E+2	4.524270E+3
8.361891E+2	4.484057E+3
8.364359E+2	4.444778E+3
8.366826E+2	4.406822E+3
8.369294E+2	4.370139E+3
8.371761E+2	4.334827E+3
8.374229E+2	4.301232E+3
8.376696E+2	4.270565E+3
8.379163E+2	4.240297E+3
8.381630E+2	4.211341E+3
8.384097E+2	4.183620E+3
8.386564E+2	4.157483E+3
8.389031E+2	4.131494E+3
8.391498E+2	4.105352E+3
8.393965E+2	4.080942E+3
8.396431E+2	4.057319E+3
8.398898E+2	4.034723E+3
8.401364E+2	4.012718E+3
8.403830E+2	3.992592E+3
8.406297E+2	3.971106E+3
8.408763E+2	3.950171E+3
8.411229E+2	3.929778E+3
8.413695E+2	3.911100E+3
8.416161E+2	3.893723E+3
8.418626E+2	3.876794E+3
8.421092E+2	3.860833E+3
8.423558E+2	3.844811E+3
8.426023E+2	3.828876E+3
8.428489E+2	3.812871E+3
8.430954E+2	3.796652E+3
8.433419E+2	3.781980E+3
8.435884E+2	3.767035E+3
8.438349E+2	3.752630E+3
8.440814E+2	3.738303E+3
8.443279E+2	3.724242E+3
8.445744E+2	3.709275E+3
8.448208E+2	3.694751E+3
8.450673E+2	3.680144E+3
8.453138E+2	3.665128E+3
8.455602E+2	3.647975E+3
8.458066E+2	3.632177E+3
8.460530E+2	3.614778E+3
8.462995E+2	3.598707E+3
8.465459E+2	3.581663E+3
8.467923E+2	3.563428E+3
8.470386E+2	3.545609E+3
8.472850E+2	3.526576E+3
8.475314E+2	3.506445E+3
8.477777E+2	3.487117E+3
8.480241E+2	3.467969E+3
8.482704E+2	3.448532E+3
8.485168E+2	3.430559E+3
8.487631E+2	3.412658E+3
8.490094E+2	3.395079E+3
8.492557E+2	3.379084E+3
8.495020E+2	3.363822E+3
8.497483E+2	3.349488E+3
8.499946E+2	3.335379E+3
8.502408E+2	3.322374E+3
8.504871E+2	3.308756E+3
8.507333E+2	3.295215E+3
8.509796E+2	3.282598E+3
8.512258E+2	3.269997E+3
8.514720E+2	3.257707E+3
8.517182E+2	3.245193E+3
8.519644E+2	3.233636E+3
8.522106E+2	3.221920E+3
8.524568E+2	3.210439E+3
8.527030E+2	3.197712E+3
8.529492E+2	3.184456E+3
8.531953E+2	3.171155E+3
8.534415E+2	3.158773E+3
8.536876E+2	3.146024E+3
8.539337E+2	3.132658E+3
8.541799E+2	3.119614E+3
8.544260E+2	3.106565E+3
8.546721E+2	3.094368E+3
8.549182E+2	3.081292E+3
8.551643E+2	3.067997E+3
8.554103E+2	3.053620E+3
8.556564E+2	3.040707E+3
8.559024E+2	3.027762E+3
8.561485E+2	3.013947E+3
8.563945E+2	3.000641E+3
8.566406E+2	2.987488E+3
8.568866E+2	2.974035E+3
8.571326E+2	2.959576E+3
8.573786E+2	2.945079E+3
8.576246E+2	2.930614E+3
8.578706E+2	2.916625E+3
8.581166E+2	2.902783E+3
8.583625E+2	2.889253E+3
8.586085E+2	2.875762E+3
8.588544E+2	2.860898E+3
8.591004E+2	2.847691E+3
8.593463E+2	2.834800E+3
8.595922E+2	2.823696E+3
8.598381E+2	2.810958E+3
8.600840E+2	2.799182E+3
8.603299E+2	2.788915E+3
8.605758E+2	2.779554E+3
8.608217E+2	2.769598E+3
8.610675E+2	2.761658E+3
8.613134E+2	2.753445E+3
8.615592E+2	2.745620E+3
8.618051E+2	2.737767E+3
8.620509E+2	2.729264E+3
8.622967E+2	2.720887E+3
8.625425E+2	2.712958E+3
8.627883E+2	2.703171E+3
8.630341E+2	2.693663E+3
8.632799E+2	2.684494E+3
8.635257E+2	2.676062E+3
8.637715E+2	2.665898E+3
8.640172E+2	2.654685E+3
8.642630E+2	2.644007E+3
8.645087E+2	2.633106E+3
8.647544E+2	2.620488E+3
8.650001E+2	2.608997E+3
8.652459E+2	2.597417E+3
8.654916E+2	2.586680E+3
8.657372E+2	2.576160E+3
8.659829E+2	2.566319E+3
8.662286E+2	2.556363E+3
8.664743E+2	2.546592E+3
8.667199E+2	2.536701E+3
8.669656E+2	2.525915E+3
8.672112E+2	2.516286E+3
8.674568E+2	2.506756E+3
8.677024E+2	2.496565E+3
8.679481E+2	2.486406E+3
8.681937E+2	2.475936E+3
8.684392E+2	2.464073E+3
8.686848E+2	2.452548E+3
8.689304E+2	2.441767E+3
8.691760E+2	2.431188E+3
8.694215E+2	2.420046E+3
8.696671E+2	2.407609E+3
8.699126E+2	2.397144E+3
8.701581E+2	2.386800E+3
8.704036E+2	2.376177E+3
8.706491E+2	2.365789E+3
8.708946E+2	2.354953E+3
8.711401E+2	2.345040E+3
8.713856E+2	2.335958E+3
8.716311E+2	2.326543E+3
8.718766E+2	2.317013E+3
8.721220E+2	2.307882E+3
8.723674E+2	2.299352E+3
8.726129E+2	2.291434E+3
8.728583E+2	2.283844E+3
8.731037E+2	2.275527E+3
8.733491E+2	2.266303E+3
8.735945E+2	2.257570E+3
8.738399E+2	2.250592E+3
8.740853E+2	2.242510E+3
8.743307E+2	2.235073E+3
8.745760E+2	2.226051E+3
8.748214E+2	2.218324E+3
8.750667E+2	2.210592E+3
8.753121E+2	2.200920E+3
8.755574E+2	2.191324E+3
8.758027E+2	2.181964E+3
8.760480E+2	2.172532E+3
8.762933E+2	2.162002E+3
8.765386E+2	2.152434E+3
8.767839E+2	2.142854E+3
8.770291E+2	2.132898E+3
8.772744E+2	2.123849E+3
8.775196E+2	2.114144E+3
8.777649E+2	2.105144E+3
8.780101E+2	2.096494E+3
8.782553E+2	2.087232E+3
8.785006E+2	2.077330E+3
8.787458E+2	2.068701E+3
8.789910E+2	2.061494E+3
8.792361E+2	2.054734E+3
8.794813E+2	2.048270E+3
8.797265E+2	2.041723E+3
8.799717E+2	2.034636E+3
8.802168E+2	2.027712E+3
8.804619E+2	2.020024E+3
8.807071E+2	2.012390E+3
8.809522E+2	2.004953E+3
8.811973E+2	1.996756E+3
8.814424E+2	1.989122E+3
8.816875E+2	1.982035E+3
8.819326E+2	1.976139E+3
8.821777E+2	1.968794E+3
8.824227E+2	1.960931E+3
8.826678E+2	1.954909E+3
8.829128E+2	1.948614E+3
8.831579E+2	1.942811E+3
8.834029E+2	1.937811E+3
8.836479E+2	1.932472E+3
8.838929E+2	1.927204E+3
8.841379E+2	1.922199E+3
8.843829E+2	1.916762E+3
8.846279E+2	1.912100E+3
8.848729E+2	1.907374E+3
8.851179E+2	1.902980E+3
8.853628E+2	1.897499E+3
8.856078E+2	1.892204E+3
8.858527E+2	1.887641E+3
8.860976E+2	1.883188E+3
8.863425E+2	1.877510E+3
8.865875E+2	1.872554E+3
8.868324E+2	1.866964E+3
8.870772E+2	1.862221E+3
8.873221E+2	1.856920E+3
8.875670E+2	1.851242E+3
8.878119E+2	1.845712E+3
8.880567E+2	1.840592E+3
8.883016E+2	1.835324E+3
8.885464E+2	1.829789E+3
8.887912E+2	1.824057E+3
8.890360E+2	1.818516E+3
8.892809E+2	1.812253E+3
8.895257E+2	1.805964E+3
8.897704E+2	1.800084E+3
8.900152E+2	1.794073E+3
8.902600E+2	1.788040E+3
8.905048E+2	1.782259E+3
8.907495E+2	1.775920E+3
8.909943E+2	1.769379E+3
8.912390E+2	1.763587E+3
8.914837E+2	1.756789E+3
8.917284E+2	1.750253E+3
8.919731E+2	1.743876E+3
8.922178E+2	1.736128E+3
8.924625E+2	1.729691E+3
8.927072E+2	1.723089E+3
8.929519E+2	1.715942E+3
8.931965E+2	1.709171E+3
8.934412E+2	1.703024E+3
8.936858E+2	1.697308E+3
8.939305E+2	1.691171E+3
8.941751E+2	1.684324E+3
8.944197E+2	1.677390E+3
8.946643E+2	1.670335E+3
8.949089E+2	1.664199E+3
8.951535E+2	1.657800E+3
8.953981E+2	1.651297E+3
8.956426E+2	1.645630E+3
8.958872E+2	1.640111E+3
8.961317E+2	1.635144E+3
8.963763E+2	1.629953E+3
8.966208E+2	1.624232E+3
8.968653E+2	1.617871E+3
8.971098E+2	1.612232E+3
8.973543E+2	1.607068E+3
8.975988E+2	1.601696E+3
8.978433E+2	1.596445E+3
8.980878E+2	1.590089E+3
8.983323E+2	1.584767E+3
8.985767E+2	1.579406E+3
8.988212E+2	1.573543E+3
8.990656E+2	1.568242E+3
8.993100E+2	1.563286E+3
8.995545E+2	1.557696E+3
8.997989E+2	1.550636E+3
9.000433E+2	1.543352E+3
9.002877E+2	1.536751E+3
9.005320E+2	1.530860E+3
9.007764E+2	1.525417E+3
9.010208E+2	1.519303E+3
9.012651E+2	1.513057E+3
9.015095E+2	1.506783E+3
9.017538E+2	1.500800E+3
9.019981E+2	1.494587E+3
9.022425E+2	1.489182E+3
9.024868E+2	1.483313E+3
9.027311E+2	1.476876E+3
9.029754E+2	1.470647E+3
9.032196E+2	1.464909E+3
9.034639E+2	1.459303E+3
9.037082E+2	1.452543E+3
9.039524E+2	1.446150E+3
9.041967E+2	1.439450E+3
9.044409E+2	1.434128E+3
9.046851E+2	1.428975E+3
9.049293E+2	1.423641E+3
9.051736E+2	1.417783E+3
9.054177E+2	1.412155E+3
9.056619E+2	1.406598E+3
9.059061E+2	1.400854E+3
9.061503E+2	1.395188E+3
9.063944E+2	1.389816E+3
9.066386E+2	1.384122E+3
9.068827E+2	1.379035E+3
9.071269E+2	1.374587E+3
9.073710E+2	1.368641E+3
9.076151E+2	1.363199E+3
9.078592E+2	1.358242E+3
9.081033E+2	1.353128E+3
9.083474E+2	1.348007E+3
9.085915E+2	1.342046E+3
9.088355E+2	1.336035E+3
9.090796E+2	1.330630E+3
9.093236E+2	1.325297E+3
9.095677E+2	1.320046E+3
9.098117E+2	1.313958E+3
9.100557E+2	1.308532E+3
9.102997E+2	1.303155E+3
9.105437E+2	1.297346E+3
9.107877E+2	1.291811E+3
9.110317E+2	1.286483E+3
9.112757E+2	1.280477E+3
9.115197E+2	1.275171E+3
9.117636E+2	1.269920E+3
9.120076E+2	1.264712E+3
9.122515E+2	1.258204E+3
9.124954E+2	1.251975E+3
9.127393E+2	1.247226E+3
9.129832E+2	1.243089E+3
9.132271E+2	1.237620E+3
9.134710E+2	1.232789E+3
9.137149E+2	1.227352E+3
9.139588E+2	1.221609E+3
9.142026E+2	1.215696E+3
9.144465E+2	1.209893E+3
9.146903E+2	1.204696E+3
9.149342E+2	1.199527E+3
9.151780E+2	1.194712E+3
9.154218E+2	1.190073E+3
9.156656E+2	1.183893E+3
9.159094E+2	1.178767E+3
9.161532E+2	1.173805E+3
9.163970E+2	1.168565E+3
9.166408E+2	1.163226E+3
9.168845E+2	1.158122E+3
9.171283E+2	1.152051E+3
9.173720E+2	1.146647E+3
9.176157E+2	1.142100E+3
9.178595E+2	1.136319E+3
9.181032E+2	1.130488E+3
9.183469E+2	1.124133E+3
9.185906E+2	1.119177E+3
9.188343E+2	1.113319E+3
9.190779E+2	1.108237E+3
9.193216E+2	1.102313E+3
9.195653E+2	1.095997E+3
9.198089E+2	1.089865E+3
9.200525E+2	1.084598E+3
9.202962E+2	1.079395E+3
9.205398E+2	1.073570E+3
9.207834E+2	1.068221E+3
9.210270E+2	1.062783E+3
9.212706E+2	1.057734E+3
9.215142E+2	1.052428E+3
9.217577E+2	1.046833E+3
9.220013E+2	1.040887E+3
9.222449E+2	1.034969E+3
9.224884E+2	1.029920E+3
9.227319E+2	1.024423E+3
9.229755E+2	1.019002E+3
9.232190E+2	1.013428E+3
9.234625E+2	1.008221E+3
9.237060E+2	1.003363E+3
9.239495E+2	9.982097E+2
9.241930E+2	9.919419E+2
9.244364E+2	9.860676E+2
9.246799E+2	9.806741E+2
9.249233E+2	9.747944E+2
9.251668E+2	9.694009E+2
9.254102E+2	9.637616E+2
9.256536E+2	9.580512E+2
9.258971E+2	9.523026E+2
9.261405E+2	9.470129E+2
9.263839E+2	9.416086E+2
9.266272E+2	9.359037E+2
9.268706E+2	9.301277E+2
9.271140E+2	9.250129E+2
9.273573E+2	9.191714E+2
9.276007E+2	9.129310E+2
9.278440E+2	9.062261E+2
9.280874E+2	8.999692E+2
9.283307E+2	8.928654E+2
9.285740E+2	8.861496E+2
9.288173E+2	8.794392E+2
9.290606E+2	8.727725E+2
9.293039E+2	8.665430E+2
9.295471E+2	8.599747E+2
9.297904E+2	8.540075E+2
9.300337E+2	8.463845E+2
9.302769E+2	8.385485E+2
9.305201E+2	8.314884E+2
9.307634E+2	8.239201E+2
9.310066E+2	8.160020E+2
9.312498E+2	8.081878E+2
9.314930E+2	8.004009E+2
9.317362E+2	7.921660E+2
9.319794E+2	7.838818E+2
9.322225E+2	7.762916E+2
9.324657E+2	7.677179E+2
9.327088E+2	7.598763E+2
9.329520E+2	7.518490E+2
9.331951E+2	7.442862E+2
9.334382E+2	7.364665E+2
9.336814E+2	7.287507E+2
9.339245E+2	7.206468E+2
9.341676E+2	7.127397E+2
9.344106E+2	7.056195E+2
9.346537E+2	6.979419E+2
9.348968E+2	6.907124E+2
9.351398E+2	6.829091E+2
9.353829E+2	6.756304E+2
9.356259E+2	6.676905E+2
9.358690E+2	6.603955E+2
9.361120E+2	6.521769E+2
9.363550E+2	6.450512E+2
9.365980E+2	6.377616E+2
9.368410E+2	6.306632E+2
9.370840E+2	6.246414E+2
9.373269E+2	6.169474E+2
9.375699E+2	6.096031E+2
9.378129E+2	6.023463E+2
9.380558E+2	5.954392E+2
9.382987E+2	5.878927E+2
9.385417E+2	5.810403E+2
9.387846E+2	5.731004E+2
9.390275E+2	5.675102E+2
9.392704E+2	5.617616E+2
9.395133E+2	5.562042E+2
9.397562E+2	5.502151E+2
9.399990E+2	5.439091E+2
9.402419E+2	5.376468E+2
9.404847E+2	5.316195E+2
9.407276E+2	5.258599E+2
9.409704E+2	5.199255E+2
9.412132E+2	5.137944E+2
9.414560E+2	5.090840E+2
9.416988E+2	5.035922E+2
9.419416E+2	4.985047E+2
9.421844E+2	4.931714E+2
9.424272E+2	4.876905E+2
9.426700E+2	4.826960E+2
9.429127E+2	4.781550E+2
9.431555E+2	4.740184E+2
9.433982E+2	4.701660E+2
9.436409E+2	4.658435E+2
9.438837E+2	4.623900E+2
9.441264E+2	4.588053E+2
9.443691E+2	4.553572E+2
9.446118E+2	4.517124E+2
9.448544E+2	4.497889E+2
9.450971E+2	4.473190E+2
9.453398E+2	4.451168E+2
9.455824E+2	4.427780E+2
9.458251E+2	4.413627E+2
9.460677E+2	4.403572E+2
9.463103E+2	4.391113E+2
9.465530E+2	4.375430E+2
9.467956E+2	4.363791E+2
9.470382E+2	4.346304E+2
9.472807E+2	4.336796E+2
9.475233E+2	4.324173E+2
9.477659E+2	4.314884E+2
9.480084E+2	4.305539E+2
9.482510E+2	4.301332E+2
9.484935E+2	4.307507E+2
9.487361E+2	4.308435E+2
9.489786E+2	4.314556E+2
9.492211E+2	4.308490E+2
9.494636E+2	4.304829E+2
9.497061E+2	4.293463E+2
9.499486E+2	4.286632E+2
9.501911E+2	4.291550E+2
9.504335E+2	4.289911E+2
9.506760E+2	4.283572E+2
9.509184E+2	4.282643E+2
9.511609E+2	4.282588E+2
9.514033E+2	4.286414E+2
9.516457E+2	4.286851E+2
9.518881E+2	4.286031E+2
9.521305E+2	4.289856E+2
9.523729E+2	4.303026E+2
9.526153E+2	4.311113E+2
9.528576E+2	4.307616E+2
9.531000E+2	4.313572E+2
9.533424E+2	4.316304E+2
9.535847E+2	4.322643E+2
9.538270E+2	4.321496E+2
9.540694E+2	4.321933E+2
9.543117E+2	4.316687E+2
9.545540E+2	4.318545E+2
9.547963E+2	4.322315E+2
9.550386E+2	4.326414E+2
9.552808E+2	4.327670E+2
9.555231E+2	4.325594E+2
9.557654E+2	4.319528E+2
9.560076E+2	4.319966E+2
9.562498E+2	4.308490E+2
9.564921E+2	4.310129E+2
9.567343E+2	4.308490E+2
9.569765E+2	4.308818E+2
9.572187E+2	4.307561E+2
9.574609E+2	4.301714E+2
9.577031E+2	4.292807E+2
9.579452E+2	4.286632E+2
9.581874E+2	4.283517E+2
9.584296E+2	4.283955E+2
9.586717E+2	4.276960E+2
9.589138E+2	4.267616E+2
9.591560E+2	4.264228E+2
9.593981E+2	4.258326E+2
9.596402E+2	4.251550E+2
9.598823E+2	4.246250E+2
9.601244E+2	4.233135E+2
9.603664E+2	4.228982E+2
9.606085E+2	4.212698E+2
9.608506E+2	4.196632E+2
9.610926E+2	4.182698E+2
9.613347E+2	4.177179E+2
9.615767E+2	4.162698E+2
9.618187E+2	4.159146E+2
9.620607E+2	4.147069E+2
9.623027E+2	4.139856E+2
9.625447E+2	4.131605E+2
9.627867E+2	4.118381E+2
9.630287E+2	4.103627E+2
9.632706E+2	4.080348E+2
9.635126E+2	4.065813E+2
9.637545E+2	4.048873E+2
9.639965E+2	4.044829E+2
9.642384E+2	4.034446E+2
9.644803E+2	4.024556E+2
9.647222E+2	4.016632E+2
9.649641E+2	3.997452E+2
9.652060E+2	3.986851E+2
9.654479E+2	3.979255E+2
9.656897E+2	3.962862E+2
9.659316E+2	3.944720E+2
9.661734E+2	3.923408E+2
9.664153E+2	3.908818E+2
9.666571E+2	3.894665E+2
9.668989E+2	3.888272E+2
9.671408E+2	3.874064E+2
9.673826E+2	3.860075E+2
9.676243E+2	3.854720E+2
9.678661E+2	3.841386E+2
9.681079E+2	3.828272E+2
9.683497E+2	3.811605E+2
9.685914E+2	3.798873E+2
9.688332E+2	3.780512E+2
9.690749E+2	3.768545E+2
9.693166E+2	3.748545E+2
9.695583E+2	3.728654E+2
9.698001E+2	3.709474E+2
9.700417E+2	3.689310E+2
9.702834E+2	3.668927E+2
9.705251E+2	3.652370E+2
9.707668E+2	3.635976E+2
9.710084E+2	3.621660E+2
9.712501E+2	3.602042E+2
9.714917E+2	3.586632E+2
9.717334E+2	3.577998E+2
9.719750E+2	3.563463E+2
9.722166E+2	3.555594E+2
9.724582E+2	3.544009E+2
9.726998E+2	3.524720E+2
9.729414E+2	3.505266E+2
9.731830E+2	3.482534E+2
9.734245E+2	3.466304E+2
9.736661E+2	3.447889E+2
9.739076E+2	3.436796E+2
9.741492E+2	3.412807E+2
9.743907E+2	3.391878E+2
9.746322E+2	3.371714E+2
9.748737E+2	3.356359E+2
9.751152E+2	3.340348E+2
9.753567E+2	3.325102E+2
9.755982E+2	3.309037E+2
9.758396E+2	3.289037E+2
9.760811E+2	3.263408E+2
9.763226E+2	3.257015E+2
9.765640E+2	3.237233E+2
9.768054E+2	3.215703E+2
9.770468E+2	3.190621E+2
9.772883E+2	3.175703E+2
9.775297E+2	3.162698E+2
9.777711E+2	3.146851E+2
9.780124E+2	3.131823E+2
9.782538E+2	3.113955E+2
9.784952E+2	3.091277E+2
9.787365E+2	3.063408E+2
9.789779E+2	3.042807E+2
9.792192E+2	3.028217E+2
9.794605E+2	3.009474E+2
9.797019E+2	2.996687E+2
9.799432E+2	2.977944E+2
9.801845E+2	2.957670E+2
9.804257E+2	2.948818E+2
9.806670E+2	2.935922E+2
9.809083E+2	2.920676E+2
9.811496E+2	2.913408E+2
9.813908E+2	2.891550E+2
9.816320E+2	2.864884E+2
9.818733E+2	2.837288E+2
9.821145E+2	2.817889E+2
9.823557E+2	2.799528E+2
9.825969E+2	2.781769E+2
9.828381E+2	2.763572E+2
9.830793E+2	2.753900E+2
9.833205E+2	2.730731E+2
9.835616E+2	2.717179E+2
9.838028E+2	2.694392E+2
9.840439E+2	2.681496E+2
9.842851E+2	2.667124E+2
9.845262E+2	2.646687E+2
9.847673E+2	2.631441E+2
9.850084E+2	2.618381E+2
9.852495E+2	2.610621E+2
9.854906E+2	2.594993E+2
9.857317E+2	2.578545E+2
9.859727E+2	2.563190E+2
9.862138E+2	2.547780E+2
9.864549E+2	2.528490E+2
9.866959E+2	2.507616E+2
9.869369E+2	2.488873E+2
9.871779E+2	2.468545E+2
9.874190E+2	2.454829E+2
9.876600E+2	2.446031E+2
9.879010E+2	2.441168E+2
9.881419E+2	2.429201E+2
9.883829E+2	2.425321E+2
9.886239E+2	2.399255E+2
9.888648E+2	2.390894E+2
9.891058E+2	2.386304E+2
9.893467E+2	2.377069E+2
9.895876E+2	2.366687E+2
9.898285E+2	2.352752E+2
9.900695E+2	2.343681E+2
9.903104E+2	2.331496E+2
9.905512E+2	2.326304E+2
9.907921E+2	2.321058E+2
9.910330E+2	2.309528E+2
9.912738E+2	2.299037E+2
9.915147E+2	2.296523E+2
9.917555E+2	2.294938E+2
9.919964E+2	2.286687E+2
9.922372E+2	2.273900E+2
9.924780E+2	2.263244E+2
9.927188E+2	2.251933E+2
9.929596E+2	2.247124E+2
9.932004E+2	2.236851E+2
9.934411E+2	2.222971E+2
9.936819E+2	2.214392E+2
9.939227E+2	2.204993E+2
9.941634E+2	2.201441E+2
9.944041E+2	2.193627E+2
9.946449E+2	2.188490E+2
9.948856E+2	2.178763E+2
9.951263E+2	2.162206E+2
9.953670E+2	2.152425E+2
9.956077E+2	2.150403E+2
9.958483E+2	2.139037E+2
9.960890E+2	2.132479E+2
9.963297E+2	2.123517E+2
9.965703E+2	2.113681E+2
9.968109E+2	2.105649E+2
9.970516E+2	2.091113E+2
9.972922E+2	2.081386E+2
9.975328E+2	2.070020E+2
9.977734E+2	2.052916E+2
9.980140E+2	2.040403E+2
9.982546E+2	2.029638E+2
9.984951E+2	2.027397E+2
9.987357E+2	2.014064E+2
9.989763E+2	2.009747E+2
9.992168E+2	2.003627E+2
9.994573E+2	1.994884E+2
9.996978E+2	1.982261E+2
9.999384E+2	1.964501E+2
1.000179E+3	1.946578E+2
1.000419E+3	1.935594E+2
1.000660E+3	1.928108E+2
1.000900E+3	1.919692E+2
1.001141E+3	1.908545E+2
1.001381E+3	1.905813E+2
1.001622E+3	1.893299E+2
1.001862E+3	1.888982E+2
1.002103E+3	1.880403E+2
1.002343E+3	1.866741E+2
1.002583E+3	1.854610E+2
1.002824E+3	1.839419E+2
1.003064E+3	1.825813E+2
1.003305E+3	1.821113E+2
1.003545E+3	1.809037E+2
1.003785E+3	1.789310E+2
1.004026E+3	1.776304E+2
1.004266E+3	1.766523E+2
1.004506E+3	1.755649E+2
1.004747E+3	1.745539E+2
1.004987E+3	1.730457E+2
1.005227E+3	1.713463E+2
1.005468E+3	1.697179E+2
1.005708E+3	1.679091E+2
1.005948E+3	1.662807E+2
1.006188E+3	1.647561E+2
1.006429E+3	1.635976E+2
1.006669E+3	1.622425E+2
1.006909E+3	1.615976E+2
1.007149E+3	1.605539E+2
1.007390E+3	1.599966E+2
1.007630E+3	1.580075E+2
1.007870E+3	1.566414E+2
1.008110E+3	1.558490E+2
1.008350E+3	1.554446E+2
1.008590E+3	1.544884E+2
1.008831E+3	1.527069E+2
1.009071E+3	1.510785E+2
1.009311E+3	1.495375E+2
1.009551E+3	1.482370E+2
1.009791E+3	1.470348E+2
1.010031E+3	1.456960E+2
1.010271E+3	1.441987E+2
1.010511E+3	1.426304E+2
1.010752E+3	1.421058E+2
1.010992E+3	1.413900E+2
1.011232E+3	1.409419E+2
1.011472E+3	1.395539E+2
1.011712E+3	1.382916E+2
1.011952E+3	1.373080E+2
1.012192E+3	1.360239E+2
1.012432E+3	1.348982E+2
1.012672E+3	1.336523E+2
1.012912E+3	1.332097E+2
1.013152E+3	1.319146E+2
1.013392E+3	1.307944E+2
1.013632E+3	1.289747E+2
1.013872E+3	1.281987E+2
1.014112E+3	1.274119E+2
1.014352E+3	1.269638E+2
1.014591E+3	1.268818E+2
1.014831E+3	1.266031E+2
1.015071E+3	1.262151E+2
1.015311E+3	1.248599E+2
1.015551E+3	1.235047E+2
1.015791E+3	1.225976E+2
1.016031E+3	1.218982E+2
1.016271E+3	1.214665E+2
1.016511E+3	1.203681E+2
1.016750E+3	1.199419E+2
1.016990E+3	1.189856E+2
1.017230E+3	1.178490E+2
1.017470E+3	1.172315E+2
1.017710E+3	1.166086E+2
1.017949E+3	1.158490E+2
1.018189E+3	1.152916E+2
1.018429E+3	1.144282E+2
1.018669E+3	1.138709E+2
1.018908E+3	1.126086E+2
1.019148E+3	1.112534E+2
1.019388E+3	1.099364E+2
1.019628E+3	1.097834E+2
1.019867E+3	1.094173E+2
1.020107E+3	1.089091E+2
1.020347E+3	1.080239E+2
1.020586E+3	1.071113E+2
1.020826E+3	1.065703E+2
1.021066E+3	1.051933E+2
1.021305E+3	1.044774E+2
1.021545E+3	1.038763E+2
1.021785E+3	1.026578E+2
1.022024E+3	1.017889E+2
1.022264E+3	1.016796E+2
1.022504E+3	1.013408E+2
1.022743E+3	1.009638E+2
1.022983E+3	1.001441E+2
1.023222E+3	9.900748E+1
1.023462E+3	9.839546E+1
1.023702E+3	9.747196E+1
1.023941E+3	9.713863E+1
1.024181E+3	9.723699E+1
1.024420E+3	9.665776E+1
1.024660E+3	9.625885E+1
1.024899E+3	9.507306E+1
1.025139E+3	9.418781E+1
1.025378E+3	9.252114E+1
1.025618E+3	9.182715E+1
1.025857E+3	9.073972E+1
1.026097E+3	8.949929E+1
1.026336E+3	8.901841E+1
1.026575E+3	8.855939E+1
1.026815E+3	8.785448E+1
1.027054E+3	8.743918E+1
1.027294E+3	8.741732E+1
1.027533E+3	8.614409E+1
1.027773E+3	8.581623E+1
1.028012E+3	8.581076E+1
1.028251E+3	8.541732E+1
1.028491E+3	8.516049E+1
1.028730E+3	8.440092E+1
1.028969E+3	8.364683E+1
1.029209E+3	8.243918E+1
1.029448E+3	8.208945E+1
1.029687E+3	8.174519E+1
1.029927E+3	8.121513E+1
1.030166E+3	8.067961E+1
1.030405E+3	7.997470E+1
1.030645E+3	7.823153E+1
1.030884E+3	7.690366E+1
1.031123E+3	7.607306E+1
1.031362E+3	7.499109E+1
1.031602E+3	7.485994E+1
1.031841E+3	7.410584E+1
1.032080E+3	7.360858E+1
1.032319E+3	7.239546E+1
1.032558E+3	7.148836E+1
1.032798E+3	7.073426E+1
1.033037E+3	7.085994E+1
1.033276E+3	6.985994E+1
1.033515E+3	6.961950E+1
1.033754E+3	6.924792E+1
1.033993E+3	6.898016E+1
1.034233E+3	6.808945E+1
1.034472E+3	6.700202E+1
1.034711E+3	6.676158E+1
1.034950E+3	6.640639E+1
1.035189E+3	6.564683E+1
1.035428E+3	6.439546E+1
1.035667E+3	6.361950E+1
1.035906E+3	6.289819E+1
1.036145E+3	6.254847E+1
1.036384E+3	6.237360E+1
1.036623E+3	6.168508E+1
1.036862E+3	6.107306E+1
1.037101E+3	6.042278E+1
1.037340E+3	5.934628E+1
1.037579E+3	5.830256E+1
1.037818E+3	5.786541E+1
1.038057E+3	5.696923E+1
1.038296E+3	5.696923E+1
1.038535E+3	5.673972E+1
1.038774E+3	5.590912E+1
1.039013E+3	5.516595E+1
1.039252E+3	5.402934E+1
1.039491E+3	5.403480E+1
1.039730E+3	5.383262E+1
1.039969E+3	5.433535E+1
1.040208E+3	5.305120E+1
1.040447E+3	5.240092E+1
1.040685E+3	5.300748E+1
1.040924E+3	5.280530E+1
1.041163E+3	5.197470E+1
1.041402E+3	5.126978E+1
1.041641E+3	5.092005E+1
1.041880E+3	5.014956E+1
1.042118E+3	4.981623E+1
1.042357E+3	4.888726E+1
1.042596E+3	4.817688E+1
1.042835E+3	4.749929E+1
1.043074E+3	4.617142E+1
1.043312E+3	4.540639E+1
1.043551E+3	4.464683E+1
1.043790E+3	4.535174E+1
1.044029E+3	4.506213E+1
1.044267E+3	4.386541E+1
1.044506E+3	4.352661E+1
1.044745E+3	4.313317E+1
1.044983E+3	4.329710E+1
1.045222E+3	4.355939E+1
1.045461E+3	4.380530E+1
1.045699E+3	4.335174E+1
1.045938E+3	4.306759E+1
1.046177E+3	4.145557E+1
1.046415E+3	4.088180E+1
1.046654E+3	3.975612E+1
1.046893E+3	3.958672E+1
1.047131E+3	3.978344E+1
1.047370E+3	3.990366E+1
1.047608E+3	3.917142E+1
1.047847E+3	3.908398E+1
1.048086E+3	3.836814E+1
1.048324E+3	3.861950E+1
1.048563E+3	3.837907E+1
1.048801E+3	3.801841E+1
1.049040E+3	3.755939E+1
1.049278E+3	3.666322E+1
1.049517E+3	3.635721E+1
1.049755E+3	3.669054E+1
1.049994E+3	3.674519E+1
1.050232E+3	3.710038E+1
1.050471E+3	3.640092E+1
1.050709E+3	3.529164E+1
1.050948E+3	3.506759E+1
1.051186E+3	3.524245E+1
1.051424E+3	3.465229E+1
1.051663E+3	3.430256E+1
1.051901E+3	3.383808E+1
1.052140E+3	3.348289E+1
1.052378E+3	3.379437E+1
1.052616E+3	3.366868E+1
1.052855E+3	3.329164E+1
1.053093E+3	3.278344E+1
1.053332E+3	3.205666E+1
1.053570E+3	3.230256E+1
1.053808E+3	3.267415E+1
1.054047E+3	3.235174E+1
1.054285E+3	3.234628E+1
1.054523E+3	3.159218E+1
1.054761E+3	3.174519E+1
1.055000E+3	3.154300E+1
1.055238E+3	3.061404E+1
1.055476E+3	3.008398E+1
1.055715E+3	2.992005E+1
1.055953E+3	2.982715E+1
1.056191E+3	2.923699E+1
1.056429E+3	2.943371E+1
1.056667E+3	2.924792E+1
1.056906E+3	2.950475E+1
1.057144E+3	2.912770E+1
1.057382E+3	2.892551E+1
1.057620E+3	2.937907E+1
1.057858E+3	2.922606E+1
1.058097E+3	2.929710E+1
1.058335E+3	2.782169E+1
1.058573E+3	2.727524E+1
1.058811E+3	2.757579E+1
1.059049E+3	2.845011E+1
1.059287E+3	2.818235E+1
1.059525E+3	2.728071E+1
1.059763E+3	2.646650E+1
1.060001E+3	2.603480E+1
1.060239E+3	2.593644E+1
1.060478E+3	2.532989E+1
1.060716E+3	2.599109E+1
1.060954E+3	2.634082E+1
1.061192E+3	2.713317E+1
1.061430E+3	2.666868E+1
1.061668E+3	2.542825E+1
1.061906E+3	2.460311E+1
1.062144E+3	2.397470E+1
1.062382E+3	2.315502E+1
1.062620E+3	2.310584E+1
1.062858E+3	2.197470E+1
1.063096E+3	2.131896E+1
1.063333E+3	2.113317E+1
1.063571E+3	2.098562E+1
1.063809E+3	2.110038E+1
1.064047E+3	2.074519E+1
1.064285E+3	2.060311E+1
1.064523E+3	2.039000E+1
1.064761E+3	2.023153E+1
1.064999E+3	2.046103E+1
1.065237E+3	2.059218E+1
1.065474E+3	2.045557E+1
1.065712E+3	1.955939E+1
1.065950E+3	1.912224E+1
1.066188E+3	1.902388E+1
1.066426E+3	1.939000E+1
1.066664E+3	1.910584E+1
1.066901E+3	1.836267E+1
1.067139E+3	1.837360E+1
1.067377E+3	1.844464E+1
1.067615E+3	1.811677E+1
1.067852E+3	1.807852E+1
1.068090E+3	1.705120E+1
1.068328E+3	1.634628E+1
1.068566E+3	1.604027E+1
1.068803E+3	1.536267E+1
1.069041E+3	1.511131E+1
1.069279E+3	1.501295E+1
1.069516E+3	1.481076E+1
1.069754E+3	1.463590E+1
1.069992E+3	1.437360E+1
1.070229E+3	1.424245E+1
1.070467E+3	1.446650E+1
1.070705E+3	1.478890E+1
1.070942E+3	1.428071E+1
1.071180E+3	1.374519E+1
1.071418E+3	1.284901E+1
1.071655E+3	1.285994E+1
1.071893E+3	1.262497E+1
1.072130E+3	1.231896E+1
1.072368E+3	1.252114E+1
1.072605E+3	1.213317E+1
1.072843E+3	1.227524E+1
1.073081E+3	1.227524E+1
1.073318E+3	1.218235E+1
1.073556E+3	1.141732E+1
1.073793E+3	1.123153E+1
1.074031E+3	1.140092E+1
1.074268E+3	1.129710E+1
1.074506E+3	1.167415E+1
1.074743E+3	1.205120E+1
1.074981E+3	1.199655E+1
1.075218E+3	1.230256E+1
1.075455E+3	1.213317E+1
1.075693E+3	1.130803E+1
1.075930E+3	1.101295E+1
1.076168E+3	1.103480E+1
1.076405E+3	1.122060E+1
1.076642E+3	1.177251E+1
1.076880E+3	1.248836E+1
1.077117E+3	1.234628E+1
1.077355E+3	1.279437E+1
1.077592E+3	1.348289E+1
1.077829E+3	1.347196E+1
1.078067E+3	1.404573E+1
1.078304E+3	1.406213E+1
1.078541E+3	1.499655E+1
1.078779E+3	1.522606E+1
1.079016E+3	1.566868E+1
1.079253E+3	1.570147E+1
1.079490E+3	1.522606E+1
1.079728E+3	1.532442E+1
1.079965E+3	1.473426E+1
1.080202E+3	1.441185E+1
1.080439E+3	1.449929E+1
1.080677E+3	1.467415E+1
1.080914E+3	1.465229E+1
1.081151E+3	1.513863E+1
1.081388E+3	1.528071E+1
1.081625E+3	1.560311E+1
1.081863E+3	1.475065E+1
1.082100E+3	1.463590E+1
1.082337E+3	1.406213E+1
1.082574E+3	1.459765E+1
1.082811E+3	1.504573E+1
1.083048E+3	1.472879E+1
1.083285E+3	1.389273E+1
1.083522E+3	1.366868E+1
1.083760E+3	1.401841E+1
1.083997E+3	1.417688E+1
1.084234E+3	1.432442E+1
1.084471E+3	1.436814E+1
1.084708E+3	1.463043E+1
1.084945E+3	1.458125E+1
1.085182E+3	1.421513E+1
1.085419E+3	1.477797E+1
1.085656E+3	1.547743E+1
1.085893E+3	1.596377E+1
1.086130E+3	1.619874E+1
1.086367E+3	1.673426E+1
1.086604E+3	1.692551E+1
1.086841E+3	1.708398E+1
1.087078E+3	1.681623E+1
1.087315E+3	1.707306E+1
1.087552E+3	1.675612E+1
1.087789E+3	1.647743E+1
1.088026E+3	1.556486E+1
1.088262E+3	1.530803E+1
1.088499E+3	1.570694E+1
1.088736E+3	1.619327E+1
1.088973E+3	1.554300E+1
1.089210E+3	1.544464E+1
1.089447E+3	1.547743E+1
1.089684E+3	1.491459E+1
1.089921E+3	1.459765E+1
1.090157E+3	1.541732E+1
1.090394E+3	1.563590E+1
1.090631E+3	1.620420E+1
1.090868E+3	1.608945E+1
1.091105E+3	1.578890E+1
1.091341E+3	1.582715E+1
1.091578E+3	1.564683E+1
1.091815E+3	1.519874E+1
1.092052E+3	1.498016E+1
1.092288E+3	1.510038E+1
1.092525E+3	1.469054E+1
1.092762E+3	1.418781E+1
1.092999E+3	1.341732E+1
1.093235E+3	1.305120E+1
1.093472E+3	1.217142E+1
1.093709E+3	1.154300E+1
1.093945E+3	1.158672E+1
1.094182E+3	1.128071E+1
1.094419E+3	1.139000E+1
1.094655E+3	1.117142E+1
1.094892E+3	1.126431E+1
1.095128E+3	1.140639E+1
1.095365E+3	1.145557E+1
1.095602E+3	1.123699E+1
1.095838E+3	1.095284E+1
1.096075E+3	1.053207E+1
1.096311E+3	1.110038E+1
1.096548E+3	1.076704E+1
1.096784E+3	1.097470E+1
1.097021E+3	1.148836E+1
1.097258E+3	1.124792E+1
1.097494E+3	1.119874E+1
1.097731E+3	1.216049E+1
1.097967E+3	1.200748E+1
1.098204E+3	1.175065E+1
1.098440E+3	1.157032E+1
1.098677E+3	1.181076E+1
1.098913E+3	1.192551E+1
1.099149E+3	1.181623E+1
1.099386E+3	1.166868E+1
1.099622E+3	1.176158E+1
1.099859E+3	1.088726E+1
1.100095E+3	9.963766E+0
1.100332E+3	1.016595E+1
1.100568E+3	1.003480E+1
1.100804E+3	9.756116E+0
1.101041E+3	9.269777E+0
1.101277E+3	8.854477E+0
1.101513E+3	9.182346E+0
1.101750E+3	9.264313E+0
1.101986E+3	1.023153E+1
1.102222E+3	1.051021E+1
1.102459E+3	1.139000E+1
1.102695E+3	1.212770E+1
1.102931E+3	1.151568E+1
1.103168E+3	1.157032E+1
1.103404E+3	1.190912E+1
1.103640E+3	1.172879E+1
1.103876E+3	1.221513E+1
1.104113E+3	1.277251E+1
1.104349E+3	1.294191E+1
1.104585E+3	1.299109E+1
1.104821E+3	1.273972E+1
1.105057E+3	1.257032E+1
1.105294E+3	1.264683E+1
1.105530E+3	1.283808E+1
1.105766E+3	1.263590E+1
1.106002E+3	1.306213E+1
1.106238E+3	1.343918E+1
1.106474E+3	1.369601E+1
1.106711E+3	1.343918E+1
1.106947E+3	1.325338E+1
1.107183E+3	1.304573E+1
1.107419E+3	1.257032E+1
1.107655E+3	1.207306E+1
1.107891E+3	1.281623E+1
1.108127E+3	4.969231E+0
1.108363E+3	-1.030769E+0
1.108599E+3	1.430256E+1
1.108835E+3	3.396923E+1
1.109071E+3	6.063590E+1
1.109307E+3	3.163590E+1
1.109543E+3	2.996923E+1
1.109779E+3	3.863590E+1
1.110015E+3	8.969231E+0
1.110251E+3	1.596923E+1
1.110487E+3	2.230256E+1
1.110723E+3	1.230256E+1
1.110959E+3	3.196923E+1
1.111195E+3	4.596923E+1
1.111431E+3	1.663590E+1
1.111667E+3	3.763590E+1
1.111903E+3	-1.269744E+1
1.112139E+3	1.969231E+0
1.112375E+3	1.230256E+1
1.112611E+3	2.130256E+1
1.112847E+3	2.363590E+1
1.113082E+3	1.663590E+1
1.113318E+3	1.963590E+1
1.113554E+3	2.996923E+1
1.113790E+3	1.635897E+0
1.114026E+3	-7.697436E+0
1.114262E+3	-2.436410E+1
1.114497E+3	-1.236410E+1
1.114733E+3	-1.103077E+1
1.114969E+3	2.530256E+1
